
# before rand glnL: -70134.439732 alnL: -1235.946911
# ninter: 99
# ncoal: 99
# nhits: 99
# true lbda: 0.001667
# true mu: 0.109285
# true rad: 41.382314
# true sigsq: 0.671548
# true neigh. size: 18.300778
# fst-based estimate of neighborhood size: -nan
# nucleotide diversity: 0.000000
# length of a generation: 69954.8 time units
# clock rate: 1 subst. per time unit
# after rand glnL: -70134.439732 alnL: -1235.946911
# ninter: 99
# ncoal: 99
# nhits: 99
# start lbda: 0.001667
# start mu: 0.109285
# start rad: 11.173703
sample	lnP	alnL	glnL	tlnL	lbda	clock	mu	neigh	sigsq	sigsqobs	rad	rhoe	nInt	nCoal	nHit	rootTime	rootLon	rootLat	tstv	alpha	MeanBr	accLbda	accMu	accRad	accInDelDisk	accInDelHit	accScaleTime	accSPR	accSPRlocal	accPath	accIndelDiskSerial	accIndelHitSerial	accLdskGivenDisk	accDiskGivenLdsk	accDiskAndLdsk	accLdskMulti	accDiskMulti	accMoveDiskUD	accAddRemoveJump	accLdskTipToRoot	tuneLbda	tuneRad	tuneMu	tuneIndelDisk	tuneIndelHit	tuneLdskGivenDisk	tuneIndelDiskSerial	tuneIndelHitSerial	c0	c1	rootc0	rootc1	rootldsk0	rootldsk1	
  1000	-52432.8	-1235.95	-5656.87	-1577.77	0.00357617	1	0.155587	12.8545	0.0986614	0.00988314	19.3815	10.3681	242	99	111	-59972.5	34.5792f	19.2532	4	1	1	0	0	0	0	0	0	0	0	0.990909	0.81982	0.234234	0.403846	0.547009	0	0	0	1	0.141667	0.216216	1	1	1	1	1	2.25	5.0625	2.25	39.7511	30.0797	57.3601	4.76708	34.5792	19.2532	
  2000	-54751.1	-1235.95	-7975.2	-2383.93	0.00559855	1	0.178213	11.2225	0.167682	0.0103243	19.1234	5.32593	395	99	125	-59972.5	75.5976f	26.1657	4	1	1	0	0	0	0	0	0	0	0	0.954545	0.932773	0.25	0.504854	0.69697	0	0	0	1	0.142857	0.322581	1	1	1	1	1	7.59375	437.894	2.25	14.42	24.409	57.3601	4.76708	75.5976	26.1657	
  3000	-56936.4	-1235.95	-10160.4	-3069.36	0.00908979	1	0.17774	11.2524	0.320504	0.0199939	19.9329	2.79384	537	99	143	-59972.5	39.0185f	2.24543	4	1	1	0	0	0	0	0	0	0	0	0.954545	0.92381	0.27619	0.576923	0.773585	0	0	0	1	0.186916	0.192857	1	1	1	1	1	11.3906	85222.7	5.0625	14.42	24.409	57.3601	4.76708	39.0185	2.24543	
  4000	-58828	-1235.95	-12052	-3654.39	0.0113168	1	0.170442	11.7342	0.382644	0.0148282	19.9329	2.44033	664	99	153	-59972.5	56.5283f	8.37979	4	1	1	0	0	0	0	0	0	0	0	0.918182	0.893939	0.348485	0.504348	0.84375	0	0	0	1	0.164179	0.276316	1	1	1	1	1	17.0859	8.39666e+07	38.4434	14.42	24.409	57.3601	4.76708	56.5283	8.37979	
  5000	-60532.1	-1235.95	-13756.1	-4178.12	0.0120436	1	0.168218	11.8894	0.401903	0.0194941	19.9329	2.35411	782	99	164	-59972.5	41.1622f	2.43498	4	1	1	0	0	0	0	0	0	0	0	0.945455	0.96129	0.25	0.559633	0.789809	0	0	0	1	0.0769231	0.130719	1	1	1	1	1	38.4434	3.67685e+10	437.894	14.42	24.409	57.3601	4.76708	41.1622	2.43498	
  6000	-61810	-1235.95	-15034.1	-4505.14	0.0120436	1	0.200634	9.9684	0.479352	0.00886184	19.9329	1.65486	856	99	190	-59972.5	51.8593f	17.5417	4	1	1	0	0.217822	0	0	0	0	0	0	0.927273	0.952663	0.218935	0.564356	0.741176	0	0.118812	0.108911	1	0.122093	0.263158	1	1	0.666667	1	1	86.4976	7.15586e+12	437.894	14.42	24.409	57.3601	4.76708	51.8593	17.5417	
  7000	-63570.6	-1235.95	-16794.7	-5048.9	0.0162482	1	0.188387	10.6164	0.60723	0.0142437	19.9329	1.39128	989	99	187	-59972.5	75.4966f	17.6501	4	1	1	0.19802	0.217822	0.039604	0	0	0	0	0	0.918182	0.923858	0.25	0.561404	0.813131	0	0.118812	0.108911	1	0.110553	0.166667	0.666667	0.666667	0.666667	1	1	291.929	7.05039e+15	11222.7	14.42	24.409	57.3601	4.76708	75.4966	17.6501	
  8000	-65329.3	-1235.95	-18553.3	-5608.22	0.0176551	1	0.16709	11.9696	0.585216	0.0249277	19.9329	1.62762	1127	99	180	-59972.5	85.0129f	8.12709	4	1	1	0.19802	0.217822	0.039604	0	0	0	0	0	0.9	0.954955	0.279279	0.576271	0.81982	0	0.118812	0.108911	1	0.117117	0.263736	0.666667	0.666667	0.666667	1	1	656.841	1e+20	4.91437e+06	14.42	24.409	57.3601	4.76708	85.0129	8.12709	
  9000	-68532.3	-1235.95	-21756.3	-6448.02	0.0209332	1	0.162148	12.3344	0.658507	0.0267544	19.8221	1.49055	1343	99	207	-59972.5	84.3903f	5.08969	4	1	1	0.19802	0.217822	0.039604	0	0	0	0	0	0.927273	0.97037	0.333333	0.638889	0.858268	0	0.118812	0.108911	1	0.103704	0.292079	0.666667	0.666667	0.666667	1	1	1477.89	1e+20	1.43465e+09	14.42	24.409	57.3601	4.76708	84.3903	5.08969	
 10000	-70669.6	-1235.95	-23893.6	-6963.48	0.0237747	1	0.177013	11.2986	0.816455	0.0103619	19.8221	1.10124	1481	99	242	-59972.5	50.5693f	14.8158	4	1	1	0.19802	0.217822	0.039604	0	0	0	0	0	0.936364	0.972789	0.22973	0.475	0.871622	0	0.118812	0.108911	1	0.168919	0.280992	0.666667	0.666667	0.666667	1	1	4987.89	1e+20	5.51527e+10	14.42	24.409	57.3601	4.76708	50.5693	14.8158	
 11000	-72559.7	-1235.95	-25783.8	-7497.08	0.0282046	1	0.181496	11.0195	0.993113	0.0139807	19.8221	0.882988	1627	99	245	-59972.5	88.7285f	62.0601	4	1	1	0.19802	0.217822	0.039604	0	0	0	0	0	0.918182	0.957317	0.239264	0.576271	0.829268	0	0.108911	0.108911	1	0.157576	0.152893	0.666667	0.666667	0.666667	1	1	4987.89	1e+20	5.51527e+10	14.42	24.409	57.3601	4.76708	88.7285	62.0601	
 12000	-74067.2	-1235.95	-27291.3	-7861.19	0.0281003	1	0.194451	10.2854	0.941724	0.00745537	19.2441	0.869133	1729	99	263	-59972.5	67.3458f	25.907	4	1	1	0.19802	0.29703	0.039604	0	0	0	0	0	0.909091	0.924855	0.203488	0.552846	0.872832	0	0.108911	0.108911	1	0.109827	0.112971	0.666667	0.666667	0.666667	1	1	4987.89	1e+20	5.51527e+10	3.28088	57.3009	57.3601	4.76708	67.3458	25.907	
 13000	-75401	-1235.95	-28625.1	-8224.44	0.0293094	1	0.188519	10.609	0.952277	0.00207726	19.2441	0.886548	1832	99	261	-59972.5	65.0182f	48.2566	4	1	1	0.19802	0.29703	0.039604	0.0792079	0	0	0	0	0.954545	0.945055	0.232044	0.526786	0.825137	9.90099e-09	0.108911	0.108911	1	0.168478	0.153257	0.666667	0.666667	0.666667	1	1	4987.89	1e+20	5.51527e+10	3.28088	57.3009	65.0953	43.0255	65.0182	48.2566	
 14000	-77012.5	-1235.95	-30236.5	-8614.34	0.0332872	1	0.201451	9.92799	1.15571	0.000901939	19.2441	0.683602	1945	99	281	-59972.5	44.5802f	41.8958	4	1	1	0.158416	0.29703	0.029703	0.0792079	0	0	0	0	0.918182	0.938462	0.241026	0.473684	0.841026	9.90099e-09	0.108911	9.90099e-09	1	0.153846	0.186567	0.666667	0.666667	0.666667	1	1	4987.89	1e+20	5.51527e+10	3.28088	57.3009	52.5936	59.1314	44.5802	41.8958	
 15000	-77370.6	-1235.95	-30594.7	-8729.97	0.0331313	1	0.183976	10.871	1.17971	0.000224261	19.8103	0.733304	1979	99	274	-59972.5	51.4388f	52.4661	4	1	1	0.158416	0.29703	0.029703	0.0792079	0	0	0	0	0.918182	0.955	0.212121	0.545455	0.855	9.90099e-09	0.108911	9.90099e-09	1	0.151515	0.172662	0.666667	0.666667	0.666667	1	1	4987.89	1e+20	5.51527e+10	3.28088	57.3009	52.5936	59.1314	51.4388	52.4661	
 16000	-79420.8	-1235.95	-32644.9	-9151.82	0.0333281	1	0.192992	10.3631	1.24487	0.00166223	19.8103	0.662455	2103	99	316	-59972.5	36.4134f	50.6635	4	1	1	0.158416	0.29703	0.029703	0.0792079	0	0	0	0	0.918182	0.923445	0.246446	0.492063	0.842857	9.90099e-09	0.108911	9.90099e-09	1	0.146919	0.177778	0.666667	0.666667	0.666667	1	1	4987.89	1e+20	5.51527e+10	3.28088	57.3009	52.5936	59.1314	36.4134	50.6635	
 17000	-80628.7	-1235.95	-33852.7	-9435.86	0.0358933	1	0.219641	9.10578	1.41148	0.00576594	19.4283	0.513374	2189	99	337	-59972.5	73.9994f	59.4174	4	1	1	0.158416	0.29703	0.029703	0.0792079	0	0	0	0	0.918182	0.940367	0.173516	0.522727	0.869159	9.90099e-09	0.0990099	9.90099e-09	1	0.0958904	0.151786	0.666667	0.666667	0.666667	1	1	4987.89	1e+20	5.51527e+10	15.7814	88.0867	52.5936	59.1314	73.9994	59.4174	
 18000	-82526.2	-1235.95	-35750.2	-9878.03	0.0368335	1	0.209434	9.54955	1.36501	0.0029066	19.3713	0.556722	2323	99	349	-59972.5	57.8458f	33.4542	4	1	1	0.158416	0.29703	0.029703	0.0792079	0	0	0	0	0.872727	0.943723	0.253219	0.524272	0.828326	9.90099e-09	0.0990099	9.90099e-09	1	0.124464	0.186246	0.666667	0.666667	0.666667	1	1	4987.89	1e+20	5.51527e+10	15.7814	88.0867	52.5936	59.1314	57.8458	33.4542	
 19000	-82198.1	-1235.95	-35422.1	-9884.63	0.0368335	1	0.199597	10.0202	1.30089	0.00995168	19.3713	0.612951	2325	99	319	-59972.5	45.7267f	83.8594	4	1	1	0.158416	0.168317	0.029703	0.0792079	0	0	0	0	0.954545	0.978632	0.234043	0.532258	0.855319	9.90099e-09	0.0990099	9.90099e-09	1	0.141026	0.137931	0.666667	0.666667	0.666667	1	1	4987.89	1e+20	5.51527e+10	15.7814	88.0867	52.5936	59.1314	45.7267	83.8594	
 20000	-82989.5	-1235.95	-36213.6	-10031.4	0.0385893	1	0.191673	10.4345	1.44604	0.0112202	19.8603	0.574221	2371	99	334	-59972.5	80.5574f	30.1428	4	1	1	0.158416	0.168317	0.049505	0.0792079	0	0	0	0	0.918182	0.95339	0.21097	0.535433	0.886076	9.90099e-09	0.0990099	9.90099e-09	1	0.164557	0.160494	0.666667	0.666667	0.666667	1	1	4987.89	1e+20	5.51527e+10	9.1424	52.4801	90.4495	41.3533	80.5574	30.1428	
 21000	-83612.8	-1235.95	-36836.8	-10196.3	0.0390361	1	0.188098	10.6328	1.42486	0.0120715	19.8234	0.593833	2422	99	331	-59972.5	71.9459f	19.1004	4	1	1	0.0891089	0.168317	0.049505	0.0792079	0	0	0	0	0.9	0.933884	0.297521	0.533981	0.81893	9.90099e-09	0.0990099	9.90099e-09	1	0.14876	0.129909	0.666667	0.666667	0.666667	1	1	4987.89	1e+20	5.51527e+10	9.1424	52.4801	90.4495	41.3533	71.9459	19.1004	
 22000	-85082.4	-1235.95	-38306.5	-10590.3	0.0415971	1	0.166855	11.9865	1.33258	0.00375957	19.7706	0.715796	2546	99	327	-59972.5	64.8792f	35.3789	4	1	1	0.0891089	0.168317	0.049505	0.0792079	0	0	0	0	0.936364	0.960938	0.291339	0.592	0.814961	9.90099e-09	0.0990099	9.90099e-09	1	0.148438	0.148515	0.666667	0.666667	0.666667	1	1	4987.89	1e+20	5.51527e+10	9.1424	52.4801	90.4495	41.3533	64.8792	35.3789	
 23000	-82895.3	-1235.95	-36119.4	-10095.2	0.0397141	1	0.178938	11.177	1.33505	0.000507473	19.6635	0.66622	2391	99	305	-59972.5	45.1392f	54.3986	4	1	1	0.0891089	0.168317	0.049505	0.0792079	0	0	0	0	0.872727	0.945378	0.238494	0.56	0.903766	9.90099e-09	0.0990099	9.90099e-09	1	0.15	0.182432	0.666667	0.666667	0.666667	1	1	4987.89	1e+20	5.51527e+10	9.1424	52.4801	90.4495	41.3533	45.1392	54.3986	
 24000	-85190.5	-1235.95	-38414.6	-10605.8	0.0418827	1	0.182946	10.9322	1.43949	0.00963592	19.6635	0.60435	2551	99	331	-59972.5	83.3348f	45.4756	4	1	1	0.0891089	0.168317	0.049505	0.0792079	0	0	0	0	0.918182	0.956693	0.234375	0.492537	0.830709	9.90099e-09	0.108911	9.90099e-09	1	0.136719	0.161994	0.666667	0.666667	0.666667	1	1	4987.89	1e+20	5.51527e+10	9.1424	52.4801	90.4495	41.3533	83.3348	45.4756	
 25000	-84295.6	-1235.95	-37519.7	-10437.7	0.0418827	1	0.179742	11.1271	1.41427	0.00880359	19.6635	0.626092	2498	99	310	-59972.5	21.0469f	64.2175	4	1	1	0.0891089	0.168317	0.049505	9.90099e-09	0	0	0	0	0.927273	0.951613	0.264228	0.568	0.834677	9.90099e-09	0.108911	9.90099e-09	1	0.12	0.153595	0.666667	0.666667	0.666667	1	1	4987.89	1e+20	5.51527e+10	9.1424	52.4801	75.3382	61.0563	21.0469	64.2175	
 26000	-84332.4	-1235.95	-37556.5	-10437.7	0.0418827	1	0.192469	10.3913	1.58667	0.00255993	19.8939	0.521162	2498	99	313	-59972.5	32.9438f	48.0998	4	1	1	0.0891089	0.207921	0.029703	9.90099e-09	0	0	0	0	0.9	0.952	0.288	0.473282	0.88	0.009901	0.108911	9.90099e-09	1	0.14	0.13738	0.666667	0.666667	0.666667	1	1	4987.89	1e+20	5.51527e+10	9.1424	52.4801	75.3382	61.0563	32.9438	48.0998	
 27000	-85455.2	-1235.95	-38679.3	-10609	0.0418827	1	0.189374	10.5611	1.59202	0.0171561	19.9915	0.527901	2552	99	353	-59972.5	69.9382f	90.2854	4	1	1	0.0990099	0.207921	0.029703	9.90099e-09	0	0	0	0	0.927273	0.952756	0.258824	0.519608	0.838583	0.009901	0.108911	9.90099e-09	1	0.109804	0.167614	0.666667	0.666667	0.666667	1	1	4987.89	1e+20	5.51527e+10	9.1424	52.4801	75.3382	61.0563	69.9382	90.2854	
 28000	-85301.8	-1235.95	-38525.9	-10625.4	0.0438256	1	0.163646	12.2215	1.43956	0.0171561	19.9915	0.675595	2557	99	328	-59972.5	69.9382f	90.2854	4	1	1	0.0990099	0.207921	0.029703	9.90099e-09	0	0	0	0	0.954545	0.957198	0.36965	0.584615	0.859375	0.009901	0.108911	9.90099e-09	1	0.160156	0.136905	0.666667	0.666667	0.666667	1	1	4987.89	1e+20	5.51527e+10	9.1424	52.4801	75.3382	61.0563	69.9382	90.2854	
 29000	-87263.4	-1235.95	-40487.4	-11068.2	0.0430034	1	0.202073	9.89744	1.74423	0.000543762	19.9915	0.451552	2698	99	354	-59972.5	48.7509f	56.6363	4	1	1	0.0990099	0.207921	0.029703	9.90099e-09	0	0	0	0	0.963636	0.9375	0.241758	0.482759	0.847015	0.009901	0.108911	9.90099e-09	1	0.140741	0.177966	0.666667	0.666667	0.666667	1	1	4987.89	1e+20	5.51527e+10	9.1424	52.4801	75.3382	61.0563	48.7509	56.6363	
 30000	-87678.7	-1235.95	-40902.7	-11139.8	0.0454457	1	0.202503	9.87642	1.84722	0.000623902	19.9915	0.425472	2722	99	364	-59972.5	42.3352f	49.0738	4	1	1	0.0990099	0.207921	0.029703	9.90099e-09	0	0	0	0	0.890909	0.963235	0.279412	0.509091	0.834559	0.009901	0.158416	9.90099e-09	1	0.128205	0.182336	0.666667	0.666667	0.666667	1	1	4987.89	1e+20	5.51527e+10	48.2635	96.7965	75.3382	61.0563	42.3352	49.0738	
 31000	-88528.1	-1235.95	-41752.1	-11394	0.0450877	1	0.180504	11.0801	1.63358	0.00460337	19.9915	0.539749	2804	99	346	-59972.5	69.8793f	38.2145	4	1	1	0.0990099	0.207921	0.029703	9.90099e-09	0	0	0	0	0.890909	0.957447	0.241135	0.527778	0.879433	0.009901	0.158416	9.90099e-09	1	0.141844	0.127027	0.666667	0.666667	0.666667	1	1	4987.89	1e+20	5.51527e+10	21.8025	91.9792	75.3382	61.0563	69.8793	38.2145	
 32000	-90013.3	-1235.95	-43237.3	-11711.9	0.0487037	1	0.178635	11.196	1.74632	0.0193555	19.9915	0.510186	2909	99	363	-59972.5	43.6412f	97.4103	4	1	1	0.0990099	0.207921	0.019802	9.90099e-09	0	0	0	0	0.881818	0.947552	0.295533	0.509434	0.84965	0.009901	0.158416	9.90099e-09	1	0.109966	0.14876	0.666667	0.666667	0.666667	1	1	4987.89	1e+20	5.51527e+10	21.8025	91.9792	75.3382	61.0563	43.6412	97.4103	
 33000	-90352.5	-1235.95	-43576.6	-11766.6	0.0480667	1	0.171882	11.6359	1.65833	0.0193555	19.9915	0.558367	2927	99	373	-59972.5	43.6412f	97.4103	4	1	1	0.108911	0.178218	0.019802	9.90099e-09	0	0	0	0	0.909091	0.958904	0.300341	0.596491	0.880546	0.009901	0.158416	9.90099e-09	1	0.129693	0.117962	0.666667	0.666667	0.666667	1	1	4987.89	1e+20	5.51527e+10	21.8025	91.9792	75.3382	61.0563	43.6412	97.4103	
 34000	-92681.5	-1235.95	-45905.6	-12337.6	0.0530366	1	0.182299	10.971	1.94068	0.00979717	19.9915	0.449865	3118	99	377	-59972.5	67.053f	79.1856	4	1	1	0.108911	0.178218	0.019802	9.90099e-09	0	0	0	0	0.927273	0.974359	0.268371	0.540541	0.86859	0.009901	0.158416	9.90099e-09	1	0.125	0.160763	0.666667	0.666667	0.666667	1	1	4987.89	1e+20	5.51527e+10	21.8025	91.9792	75.3382	61.0563	67.053	79.1856	
 35000	-94238.1	-1235.95	-47462.2	-12622.5	0.0530175	1	0.202268	9.88789	1.89043	0.0168653	19.3531	0.416229	3215	99	414	-59972.5	79.436f	83.4553	4	1	1	0.108911	0.178218	0.019802	9.90099e-09	0	0	0	0	0.9	0.957055	0.253086	0.5	0.865031	0.009901	0.158416	9.90099e-09	1	0.145963	0.147343	0.666667	0.666667	0.666667	1	1	4987.89	1e+20	5.51527e+10	21.8025	91.9792	84.9999	63.4221	79.436	83.4553	
 36000	-95100.4	-1235.95	-48324.5	-12746.9	0.0524487	1	0.222001	9.00896	2.05261	0.00155798	19.3531	0.349268	3257	99	445	-59972.5	36.883f	49.0154	4	1	1	0.108911	0.178218	0.019802	9.90099e-09	0	0	0	0	0.881818	0.959877	0.307692	0.503546	0.828221	0.009901	0.158416	9.90099e-09	1	0.150307	0.203863	0.666667	0.666667	0.666667	1	1	4987.89	1e+20	5.51527e+10	11.718	55.6924	50.3215	47.5649	36.883	49.0154	
 37000	-94419.7	-1235.95	-47643.8	-12751.5	0.0531398	1	0.191169	10.4619	1.79082	0.00767023	19.3531	0.464889	3259	99	380	-59972.5	71.4564f	28.9143	4	1	1	0.108911	0.178218	0.019802	9.90099e-09	0	0	0	0	0.890909	0.944954	0.259939	0.557377	0.876923	0.009901	0.158416	9.90099e-09	1	0.0797546	0.181579	0.666667	0.666667	0.666667	1	1	4987.89	1e+20	5.51527e+10	35.753	87.1842	50.3215	47.5649	71.4564	28.9143	
 38000	-94000.4	-1235.95	-47224.4	-12587.2	0.0531398	1	0.202527	9.87524	2.1459	0.0115425	19.9583	0.366208	3203	99	405	-59972.5	14.6849f	61.1578	4	1	1	0.108911	0.178218	0.019802	9.90099e-09	0	0	0	0	0.881818	0.95	0.29375	0.54918	0.869159	0.009901	0.158416	9.90099e-09	1	0.187898	0.126238	0.666667	0.666667	0.666667	1	1	4987.89	1e+20	5.51527e+10	35.753	87.1842	50.3215	47.5649	14.6849	61.1578	
 39000	-97641.2	-1235.95	-50865.3	-13383.4	0.0560081	1	0.187043	10.6928	1.85497	0.0115425	19.3747	0.458715	3478	99	431	-59972.5	14.6849f	61.1578	4	1	1	0.0693069	0.178218	0.039604	9.90099e-09	0	0	0	0	0.927273	0.95977	0.267442	0.527559	0.847701	0.009901	0.158416	9.90099e-09	1	0.12069	0.174713	0.666667	0.666667	0.666667	1	1	4987.89	1e+20	5.51527e+10	35.753	87.1842	43.0404	61.2258	14.6849	61.1578	
 40000	-97793.7	-1235.95	-51017.7	-13435.3	0.0560081	1	0.209835	9.53131	2.18228	0.00227918	19.6062	0.347562	3496	99	427	-59972.5	60.4776f	61.7961	4	1	1	0.0693069	0.237624	0.039604	9.90099e-09	0	0	0	0	0.972727	0.9375	0.210826	0.5	0.848571	0.009901	0.158416	9.90099e-09	1	0.151429	0.177986	0.666667	0.666667	0.666667	1	1	4987.89	1e+20	5.51527e+10	35.753	87.1842	43.0404	61.2258	60.4776	61.7961	
 41000	-95362.9	-1235.95	-48587	-12864.3	0.0556239	1	0.19576	10.2166	2.02194	0.00615848	19.6062	0.402093	3298	99	422	-59972.5	26.6155f	63.2398	4	1	1	0.0693069	0.237624	0.039604	9.90099e-09	0	0	0	0	0.945455	0.936556	0.277108	0.465116	0.857576	0.009901	0.158416	9.90099e-09	1	0.151515	0.138756	0.666667	0.666667	0.666667	1	1	4987.89	1e+20	5.51527e+10	35.753	87.1842	43.0404	61.2258	26.6155	63.2398	
 42000	-96311.6	-1235.95	-49535.7	-13087.2	0.0552047	1	0.210401	9.50567	2.15678	0.00110085	19.6062	0.350725	3375	99	425	-59972.5	39.1706f	49.6753	4	1	1	0.0693069	0.237624	0.039604	9.90099e-09	0	0	0	0	0.890909	0.958457	0.278932	0.578947	0.863501	0.009901	0.158416	9.90099e-09	1	0.121302	0.130233	0.666667	0.666667	0.666667	1	1	4987.89	1e+20	5.51527e+10	35.753	87.1842	43.0404	61.2258	39.1706	49.6753	
 43000	-96740.5	-1235.95	-49964.6	-13150.9	0.0552047	1	0.214914	9.30604	2.20305	0.00963735	19.6062	0.336148	3397	99	439	-59972.5	18.8675f	63.1203	4	1	1	0.0693069	0.237624	0.039604	9.90099e-09	0	0	0	0	0.909091	0.946903	0.222874	0.580882	0.855457	0.009901	0.158416	9.90099e-09	1	0.141176	0.192053	0.666667	0.666667	0.666667	1	1	4987.89	1e+20	5.51527e+10	35.753	87.1842	42.7871	73.2601	18.8675	63.1203	
 44000	-98732.4	-1235.95	-51956.4	-13514	0.0567983	1	0.214914	9.30604	2.26664	0.00867614	19.6062	0.326717	3524	99	481	-59972.5	55.0078f	81.3887	4	1	1	0.0693069	0.237624	0.039604	9.90099e-09	0	0	0	0	0.936364	0.934286	0.252841	0.448276	0.842857	0.009901	0.0693069	9.90099e-09	1	0.1875	0.181416	0.666667	0.666667	0.666667	1	1	4987.89	1e+20	5.51527e+10	35.753	87.1842	42.7871	73.2601	55.0078	81.3887	
 45000	-98273.9	-1235.95	-51498	-13497.9	0.0587149	1	0.190794	10.4825	2.09269	0.0167003	19.6357	0.398612	3519	99	442	-59972.5	63.6829f	92.183	4	1	1	0.049505	0.237624	0.039604	9.90099e-09	0	0	0	0	0.863636	0.938028	0.250712	0.50365	0.864789	0.009901	0.0693069	9.90099e-09	1	0.144886	0.156322	0.666667	0.666667	0.666667	1	1	4987.89	1e+20	5.51527e+10	35.753	87.1842	42.7871	73.2601	63.6829	92.183	
 46000	-100446	-1235.95	-53669.8	-13914.8	0.06369	1	0.209068	9.56625	2.48744	0.00774845	19.6357	0.306041	3666	99	479	-59972.5	67.9537f	25.6254	4	1	1	0.049505	0.148515	0.029703	9.90099e-09	0	0	0	0	0.918182	0.918699	0.287671	0.537879	0.890411	0.009901	0.0693069	9.90099e-09	1	0.13624	0.1606	0.666667	0.666667	0.666667	1	1	4987.89	1e+20	5.51527e+10	35.753	87.1842	42.7871	73.2601	67.9537	25.6254	
 47000	-101672	-1235.95	-54896.2	-14195.4	0.0631115	1	0.192852	10.3707	2.36681	0.00467284	19.8338	0.348685	3768	99	474	-59972.5	43.0202f	72.0875	4	1	1	0.049505	0.148515	0.029703	9.90099e-09	0	0	0	0	0.881818	0.962963	0.233422	0.503448	0.863158	0.009901	0.0693069	9.90099e-09	1	0.137566	0.191358	0.666667	0.666667	0.666667	1	1	4987.89	1e+20	5.51527e+10	35.753	87.1842	42.7871	73.2601	43.0202	72.0875	
 48000	-103993	-1235.95	-57216.6	-14717.4	0.0688797	1	0.178191	11.2239	2.39434	0.000368844	19.8495	0.373033	3957	99	478	-59972.5	49.4586f	44.6537	4	1	1	0.049505	0.148515	0.029703	9.90099e-09	0	0	0	0	0.890909	0.951531	0.241117	0.506579	0.869898	0.009901	0.0693069	9.90099e-09	1	0.135204	0.181053	0.666667	0.666667	0.666667	1	1	4987.89	1e+20	5.51527e+10	35.753	87.1842	43.5728	72.7867	49.4586	44.6537	
 49000	-105333	-1235.95	-58557.3	-15118.7	0.068059	1	0.168319	11.8822	2.23474	0.0210117	19.8495	0.423116	4107	99	432	-59972.5	18.5581f	88.8285	4	1	1	0.049505	0.148515	0.029703	9.90099e-09	0	0	0	0	0.927273	0.965854	0.243309	0.523438	0.873786	0.009901	0.138614	9.90099e-09	1	0.111922	0.148235	0.666667	0.666667	0.666667	1	1	4987.89	1e+20	5.51527e+10	35.753	87.1842	34.8485	69.648	18.5581	88.8285	
 50000	-106334	-1235.95	-59557.8	-15196.7	0.068059	1	0.202796	9.86213	2.60047	0.000288844	19.6777	0.301793	4136	99	497	-59972.5	54.0066f	50.2054	4	1	1	0.049505	0.148515	0.029703	9.90099e-09	0	0	0	0	0.9	0.944444	0.229469	0.539216	0.850242	9.90099e-09	0.138614	9.90099e-09	1	0.135266	0.151093	0.666667	0.666667	0.666667	1	1	4987.89	1e+20	5.51527e+10	39.516	89.6376	34.8485	69.648	54.0066	50.2054	
 51000	-106597	-1235.95	-59820.9	-15316.6	0.0703646	1	0.172398	11.6011	2.28556	0.000763543	19.6777	0.40392	4181	99	475	-59972.5	41.4153f	48.2088	4	1	1	0.049505	0.148515	0.029703	9.90099e-09	0	0	0	0	0.881818	0.956938	0.26253	0.543478	0.897375	9.90099e-09	0.138614	9.90099e-09	1	0.0835322	0.149888	0.666667	0.666667	0.666667	1	1	4987.89	1e+20	5.51527e+10	62.5161	83.6587	34.8485	69.648	41.4153	48.2088	
 52000	-105700	-1235.95	-58923.7	-15158.9	0.0692032	1	0.166901	11.9832	2.17616	0.0199559	19.6777	0.438199	4122	99	451	-59972.5	22.571f	90.1963	4	1	1	0.118812	0.148515	0.029703	9.90099e-09	0	0	0	0	0.890909	0.946341	0.279126	0.524476	0.912833	9.90099e-09	0.138614	9.90099e-09	1	0.128329	0.159817	0.666667	0.666667	0.666667	1	1	4987.89	1e+20	5.51527e+10	62.5161	83.6587	34.8485	69.648	22.571	90.1963	
 53000	-107150	-1235.95	-60373.6	-15402	0.0692032	1	0.195556	10.2273	2.3531	0.0147593	19.2867	0.345868	4213	99	491	-59972.5	20.7639f	79.9047	4	1	1	0.118812	0.227723	0.049505	9.90099e-09	0	0	0	0	0.927273	0.947867	0.248244	0.543624	0.842723	9.90099e-09	0.138614	9.90099e-09	1	0.113744	0.156313	0.666667	0.666667	0.666667	1	1	4987.89	1e+20	5.51527e+10	62.5161	83.6587	34.8485	69.648	20.7639	79.9047	
 54000	-106996	-1235.95	-60220.5	-15329.9	0.0703523	1	0.199172	10.0416	2.60306	0.0147593	19.6084	0.306978	4186	99	501	-59972.5	20.7639f	79.9047	4	1	1	0.118812	0.227723	0.049505	9.90099e-09	0	0	0	0	0.854545	0.947619	0.236277	0.435065	0.885442	9.90099e-09	0.138614	9.90099e-09	1	0.136038	0.157685	0.666667	0.666667	0.666667	1	1	4987.89	1e+20	5.51527e+10	55.0786	84.2909	18.207	70.3994	20.7639	79.9047	
 55000	-108184	-1235.95	-61408.2	-15589.7	0.0720974	1	0.179958	11.1137	2.41028	0.0324754	19.6084	0.366929	4284	99	505	-59972.5	11.2333f	98.6476	4	1	1	0.118812	0.227723	0.049505	9.90099e-09	0	0	0	0	0.909091	0.960465	0.236111	0.609524	0.855478	9.90099e-09	0.138614	9.90099e-09	1	0.114219	0.180198	0.666667	0.666667	0.666667	1	1	4987.89	1e+20	5.51527e+10	55.0786	84.2909	21.6396	97.165	11.2333	98.6476	
 56000	-107939	-1235.95	-61163.5	-15529.2	0.0720974	1	0.177034	11.2973	2.37113	0.0281308	19.6084	0.379148	4261	99	505	-59972.5	5.56154f	87.1378	4	1	1	0.118812	0.227723	0.049505	9.90099e-09	0	0	0	0	0.872727	0.956019	0.231308	0.523364	0.836028	9.90099e-09	0.0693069	9.90099e-09	1	0.135831	0.184158	0.666667	0.666667	0.666667	1	1	4987.89	1e+20	5.51527e+10	55.0786	84.2909	21.6396	97.165	5.56154	87.1378	
 57000	-108040	-1235.95	-61263.7	-15610.7	0.0720974	1	0.187931	10.6422	2.41492	0.016416	19.4063	0.350686	4292	99	482	-59972.5	20.8312f	83.1019	4	1	1	0.118812	0.227723	0.049505	9.90099e-09	0	0	0	0	0.854545	0.96028	0.229508	0.495146	0.869464	9.90099e-09	0.0693069	9.90099e-09	1	0.133489	0.170996	0.666667	0.666667	0.666667	1	1	4987.89	1e+20	5.51527e+10	55.0786	84.2909	21.6396	97.165	20.8312	83.1019	
 58000	-109586	-1235.95	-62809.9	-15813.2	0.0720974	1	0.203764	9.81529	2.85876	0.0145972	19.8372	0.273222	4369	99	542	-59972.5	16.6956f	74.9651	4	1	1	0.029703	0.227723	0.049505	9.90099e-09	0	0	0	0	0.945455	0.933941	0.273138	0.618182	0.851351	9.90099e-09	0.0693069	9.90099e-09	1	0.134091	0.156364	0.666667	0.666667	0.666667	1	1	4987.89	1e+20	5.51527e+10	55.0786	84.2909	21.6396	97.165	16.6956	74.9651	
 59000	-110665	-1235.95	-63889.4	-16073.8	0.0741332	1	0.201078	9.94641	2.90074	0.0179843	19.8372	0.272865	4469	99	534	-59972.5	26.4028f	89.674	4	1	1	0.029703	0.19802	0.0693069	9.90099e-09	0	0	0	0	0.927273	0.948315	0.256125	0.513761	0.847191	9.90099e-09	0.0693069	9.90099e-09	1	0.131991	0.173752	0.666667	0.666667	0.666667	1	1	4987.89	1e+20	5.51527e+10	55.0786	84.2909	21.6396	97.165	26.4028	89.674	
 60000	-111566	-1235.95	-64789.8	-16242.2	0.0749453	1	0.198109	10.0955	2.7063	0.00607394	19.5155	0.296852	4534	99	546	-59972.5	29.8581f	67.4337	4	1	1	0.029703	0.19802	0.0693069	9.90099e-09	0	0	0	0	0.890909	0.949227	0.26652	0.573913	0.84106	9.90099e-09	0.0693069	9.90099e-09	1	0.15859	0.147005	0.666667	0.666667	0.666667	1	1	4987.89	1e+20	5.51527e+10	9.87304	42.475	21.6396	97.165	29.8581	67.4337	
 61000	-113399	-1235.95	-66622.7	-16815.3	0.0785988	1	0.165743	12.0669	2.37453	0.0115609	19.5155	0.404398	4758	99	470	-59972.5	40.4014f	85.5849	4	1	1	0.029703	0.19802	0.0693069	9.90099e-09	0	0	0	0	0.836364	0.953975	0.255814	0.616438	0.87395	9.90099e-09	0.0693069	9.90099e-09	1	0.120507	0.200431	0.666667	0.666667	0.666667	1	1	4987.89	1e+20	5.51527e+10	9.87304	42.475	35.3668	66.9265	40.4014	85.5849	
 62000	-114078	-1235.95	-67301.8	-16838.1	0.0785988	1	0.177327	11.2786	2.5405	0.00733345	19.5155	0.353285	4767	99	520	-59972.5	30.6626f	72.0197	4	1	1	0.029703	0.19802	0.0693069	9.90099e-09	0	0	0	0	0.927273	0.960334	0.243697	0.504762	0.870021	9.90099e-09	0.0990099	9.90099e-09	1	0.11691	0.144531	0.666667	0.666667	0.666667	1	1	4987.89	1e+20	5.51527e+10	9.87304	42.475	35.3668	66.9265	30.6626	72.0197	
 63000	-114846	-1235.95	-68069.6	-16972.4	0.0817007	1	0.188087	10.6334	2.80098	0.0128165	19.5155	0.302101	4820	99	536	-59972.5	25.0996f	79.9149	4	1	1	0.029703	0.19802	0.0693069	9.90099e-09	0	0	0	0	0.836364	0.956701	0.205394	0.518868	0.865424	9.90099e-09	0.0990099	9.90099e-09	1	0.118012	0.156716	0.666667	0.666667	0.666667	1	1	4987.89	1e+20	5.51527e+10	9.87304	42.475	35.3668	66.9265	25.0996	79.9149	
 64000	-115500	-1235.95	-68724.4	-17082.6	0.0817007	1	0.191981	10.4177	2.87659	0.010978	19.5455	0.288194	4864	99	553	-59972.5	19.5006f	69.2235	4	1	1	0.029703	0.19802	0.0693069	9.90099e-09	0	0	0	0	0.863636	0.958678	0.222222	0.495575	0.891393	9.90099e-09	0.0990099	9.90099e-09	1	0.109053	0.162963	0.666667	0.666667	0.666667	1	1	4987.89	1e+20	5.51527e+10	9.87304	42.475	35.3668	66.9265	19.5006	69.2235	
 65000	-118101	-1235.95	-71324.7	-17522.7	0.085887	1	0.193898	10.3147	3.25101	0.00758878	19.853	0.252481	5040	99	593	-59972.5	21.0533f	57.6949	4	1	1	0.0891089	0.19802	0.049505	9.90099e-09	0	0	0	0	0.918182	0.954455	0.244048	0.5	0.861386	9.90099e-09	0.0990099	9.90099e-09	1	0.150794	0.157244	0.666667	0.666667	0.666667	1	1	4987.89	1e+20	5.51527e+10	3.16121	66.7206	35.3668	66.9265	21.0533	57.6949	
 66000	-119588	-1235.95	-72811.8	-17851.6	0.085887	1	0.189822	10.5362	3.18268	0.00435362	19.853	0.263439	5174	99	586	-59972.5	34.7429f	66.4214	4	1	1	0.0891089	0.148515	0.049505	9.90099e-09	0	0	0	0	0.890909	0.942085	0.261122	0.59322	0.907514	9.90099e-09	0.0990099	9.90099e-09	1	0.135135	0.138796	0.666667	0.666667	0.666667	1	1	4987.89	1e+20	5.51527e+10	3.16121	66.7206	35.3668	66.9265	34.7429	66.4214	
 67000	-120365	-1235.95	-73589.1	-17959.2	0.0870615	1	0.189822	10.5362	3.22621	0.0257376	19.853	0.259885	5218	99	616	-59972.5	23.3734f	98.4701	4	1	1	0.0891089	0.148515	0.049505	9.90099e-09	0	0	0	0	0.845455	0.938343	0.263056	0.546218	0.875969	9.90099e-09	0.0990099	9.90099e-09	1	0.109195	0.151667	0.666667	0.666667	0.666667	1	1	4987.89	1e+20	5.51527e+10	3.16121	66.7206	35.3668	66.9265	23.3734	98.4701	
 68000	-120878	-1235.95	-74101.7	-18083.7	0.0870615	1	0.179053	11.1698	3.04318	0.0155588	19.853	0.292086	5269	99	598	-59972.5	32.1937f	89.0085	4	1	1	0.0891089	0.148515	0.049505	9.90099e-09	0	0	0	0	0.854545	0.952562	0.285441	0.486239	0.861804	9.90099e-09	0.0990099	9.90099e-09	1	0.155598	0.165552	0.666667	0.666667	0.666667	1	1	4987.89	1e+20	5.51527e+10	3.16121	66.7206	27.6633	83.8029	32.1937	89.0085	
 69000	-122036	-1235.95	-75259.9	-18364.5	0.088997	1	0.179835	11.1213	2.97587	0.0274264	19.6128	0.297394	5385	99	585	-59972.5	7.68398f	88.4429	4	1	1	0.0891089	0.148515	0.049505	9.90099e-09	0	0	0	0	0.872727	0.953789	0.250923	0.45	0.851852	9.90099e-09	0.0693069	9.90099e-09	1	0.153989	0.164966	0.666667	0.666667	0.666667	1	1	4987.89	1e+20	5.51527e+10	44.5858	99.6876	27.6633	83.8029	7.68398	88.4429	
 70000	-121673	-1235.95	-74897.4	-18220.2	0.0904326	1	0.184678	10.8297	2.93208	0.00122945	19.3333	0.293921	5325	99	620	-59972.5	52.9778f	60.7884	4	1	1	0.0594059	0.148515	0.049505	9.90099e-09	0	0	0	0	0.872727	0.960452	0.230337	0.391667	0.906191	9.90099e-09	0.0693069	9.90099e-09	1	0.13936	0.135987	0.666667	0.666667	0.666667	1	1	4987.89	1e+20	5.51527e+10	44.5858	99.6876	27.6633	83.8029	52.9778	60.7884	
 71000	-125067	-1235.95	-78291	-18897.9	0.0904326	1	0.193802	10.3198	3.07695	0.00122945	19.3333	0.266896	5607	99	630	-59972.5	52.9778f	60.7884	4	1	1	0.0594059	0.148515	0.049505	9.90099e-09	0	0	0	0	0.9	0.953237	0.26025	0.590164	0.885714	9.90099e-09	0.0693069	9.90099e-09	1	0.133929	0.158756	0.666667	0.666667	0.666667	1	1	4987.89	1e+20	5.51527e+10	44.5858	99.6876	27.6633	83.8029	52.9778	60.7884	
 72000	-125104	-1235.95	-78328.4	-18958.8	0.0940991	1	0.189157	10.5732	3.12495	0.0021303	19.3333	0.269249	5634	99	599	-59972.5	35.5416f	44.1026	4	1	1	0.0594059	0.148515	0.029703	9.90099e-09	0	0	0	0	0.918182	0.95922	0.213781	0.572581	0.850352	9.90099e-09	0.0693069	9.90099e-09	1	0.141343	0.154839	0.666667	0.666667	0.666667	1	1	4987.89	1e+20	5.51527e+10	22.6574	14.45	27.6633	83.8029	35.5416	44.1026	
 73000	-125919	-1235.95	-79143.3	-19024.9	0.0945974	1	0.203687	9.81896	3.38282	0.0218603	19.3333	0.230981	5662	99	652	-59972.5	17.0681f	88.9084	4	1	1	0.0594059	0.128713	0.029703	9.90099e-09	0	0	0	0	0.936364	0.961131	0.204586	0.550388	0.858657	9.90099e-09	0.0693069	9.90099e-09	1	0.151943	0.158462	0.666667	0.666667	0.666667	1	1	4987.89	1e+20	5.51527e+10	22.6574	14.45	53.7761	96.1193	17.0681	88.9084	
 74000	-127828	-1235.95	-81052	-19414	0.0945974	1	0.195514	10.2295	3.27391	0.0210181	19.3732	0.248643	5827	99	646	-59972.5	62.9914f	98.1014	4	1	1	0.0594059	0.128713	0.029703	9.90099e-09	0	0	0	0	0.890909	0.972509	0.234589	0.496	0.89673	9.90099e-09	0.0693069	9.90099e-09	1	0.12693	0.166937	0.666667	0.666667	0.666667	1	1	4987.89	1e+20	5.51527e+10	22.6574	14.45	53.7761	96.1193	62.9914	98.1014	
 75000	-128006	-1235.95	-81230.3	-19523	0.0956528	1	0.177348	11.2772	3.00286	0.00694595	19.3732	0.298853	5874	99	604	-59972.5	29.6629f	69.9932	4	1	1	0.0594059	0.128713	0.029703	9.90099e-09	0	0	0	0	0.872727	0.964103	0.250853	0.56	0.85034	9.90099e-09	0.0693069	9.90099e-09	1	0.153061	0.160862	0.666667	0.666667	0.666667	1	1	4987.89	1e+20	5.51527e+10	21.53	63.8668	53.7761	96.1193	29.6629	69.9932	
 76000	-128522	-1235.95	-81746.1	-19571.3	0.100293	1	0.179352	11.1513	3.1841	0.00958653	19.3732	0.278693	5895	99	631	-59972.5	44.6657f	83.0609	4	1	1	0.039604	0.128713	0.029703	9.90099e-09	0	0	0	0	0.9	0.960884	0.269165	0.424	0.889267	9.90099e-09	0.118812	9.90099e-09	1	0.117148	0.175523	0.666667	0.666667	0.666667	1	1	4987.89	1e+20	5.51527e+10	18.1311	34.8448	53.7761	96.1193	44.6657	83.0609	
 77000	-129811	-1235.95	-83035.4	-19950.7	0.10051	1	0.174429	11.466	3.1034	0.00156885	19.3732	0.294011	6060	99	577	-59972.5	39.3122f	57.5069	4	1	1	0.039604	0.128713	0.029703	9.90099e-09	0	0	0	0	0.927273	0.9701	0.251656	0.59292	0.888889	9.90099e-09	0.118812	9.90099e-09	1	0.121911	0.142114	0.666667	0.666667	0.666667	1	1	4987.89	1e+20	5.51527e+10	18.1311	34.8448	63.4607	75.4629	39.3122	57.5069	
 78000	-129817	-1235.95	-83040.6	-19925.4	0.10051	1	0.160651	12.4493	2.60406	0.0186883	18.9273	0.380439	6049	99	586	-59972.5	4.51422f	62.7184	4	1	1	0.039604	0.128713	0.019802	9.90099e-09	0	0	0	0	0.963636	0.966942	0.249587	0.512821	0.879339	9.90099e-09	0.118812	9.90099e-09	1	0.12562	0.136519	0.666667	0.666667	0.666667	1	1	4987.89	1e+20	5.51527e+10	14.9583	44.7422	48.9264	78.5018	4.51422	62.7184	
 79000	-129603	-1235.95	-82827.1	-19833.5	0.10051	1	0.168879	11.8428	3.21667	0.00214893	19.7062	0.292979	6009	99	609	-59972.5	46.8212f	65.0137	4	1	1	0.039604	0.178218	0.019802	9.90099e-09	0	0	0	0	0.909091	0.961921	0.251656	0.495935	0.883527	9.90099e-09	0.118812	9.90099e-09	1	0.123128	0.165846	0.666667	0.666667	0.666667	1	1	4987.89	1e+20	5.51527e+10	70.0458	17.1178	48.9264	78.5018	46.8212	65.0137	
 80000	-132294	-1235.95	-85518	-20311.4	0.10051	1	0.171191	11.6829	3.12954	0.0059106	19.505	0.29707	6217	99	641	-59972.5	23.5819f	49.412	4	1	1	0.039604	0.178218	0.019802	9.90099e-09	0	0	0	0	0.881818	0.947115	0.238854	0.492188	0.859873	9.90099e-09	0.118812	9.90099e-09	1	0.116242	0.173355	0.666667	0.666667	0.666667	1	1	4987.89	1e+20	5.51527e+10	70.0458	17.1178	48.9264	78.5018	23.5819	49.412	
 81000	-129806	-1235.95	-83030.2	-20045	0.100304	1	0.151524	13.1992	2.76433	0.0059106	19.505	0.37997	6101	99	530	-59972.5	23.5819f	49.412	4	1	1	0.039604	0.178218	0.019802	9.90099e-09	0	0	0	0	0.881818	0.958814	0.259442	0.535714	0.905629	9.90099e-09	0.118812	9.90099e-09	1	0.106383	0.164151	0.666667	0.666667	0.666667	1	1	4987.89	1e+20	5.51527e+10	70.0458	17.1178	48.9264	78.5018	23.5819	49.412	
 82000	-128977	-1235.95	-82200.7	-19863.4	0.100298	1	0.149339	13.3923	2.87209	0.0237934	19.7642	0.371064	6022	99	538	-59972.5	79.1058f	94.3354	4	1	1	0.0594059	0.178218	0.019802	9.90099e-09	0	0	0	0	0.927273	0.965058	0.26412	0.477064	0.898671	9.90099e-09	0.118812	9.90099e-09	1	0.106136	0.119626	0.666667	0.666667	0.666667	1	1	4987.89	1e+20	5.51527e+10	70.0458	17.1178	45.9154	78.7304	79.1058	94.3354	
 83000	-128160	-1235.95	-81384.2	-19521.6	0.0988308	1	0.184592	10.8347	3.49169	0.0157394	19.7552	0.246929	5874	99	619	-59972.5	33.6374f	89.8995	4	1	1	0.0594059	0.178218	0.019802	9.90099e-09	0	0	0	0	0.954545	0.956155	0.261017	0.463415	0.88455	9.90099e-09	0.0693069	9.90099e-09	1	0.136054	0.142384	0.666667	0.666667	0.666667	1	1	4987.89	1e+20	5.51527e+10	70.0458	17.1178	45.9154	78.7304	33.6374	89.8995	
 84000	-127986	-1235.95	-81210.1	-19533	0.0985131	1	0.184592	10.8347	3.40283	0.00351141	19.6441	0.253378	5879	99	601	-59972.5	50.648f	69.8937	4	1	1	0.0594059	0.178218	0.0693069	9.90099e-09	0	0	0	0	0.881818	0.971332	0.228279	0.504	0.848837	9.90099e-09	0.0693069	9.90099e-09	1	0.112436	0.137631	0.666667	0.666667	0.666667	1	1	4987.89	1e+20	5.51527e+10	70.0458	17.1178	45.9154	78.7304	50.648	69.8937	
 85000	-129060	-1235.95	-82283.8	-19642	0.0985131	1	0.178897	11.1796	3.36311	0.0120147	19.7405	0.26453	5926	99	652	-59972.5	53.0265f	87.415	4	1	1	0.0594059	0.178218	0.0693069	9.90099e-09	0	0	0	0	0.854545	0.945946	0.26936	0.488722	0.896959	9.90099e-09	0.0693069	9.90099e-09	1	0.107926	0.178354	0.666667	0.666667	0.666667	1	1	4987.89	1e+20	5.51527e+10	70.0458	17.1178	59.8246	74.1413	53.0265	87.415	
 86000	-128371	-1235.95	-81595.3	-19639.7	0.0985131	1	0.171347	11.6722	3.01476	0.0106235	19.4164	0.308099	5925	99	587	-59972.5	81.1801f	66.4534	4	1	1	0.0594059	0.138614	0.0693069	9.90099e-09	0	0	0	0	0.927273	0.962775	0.222222	0.5	0.909402	9.90099e-09	0.0693069	9.90099e-09	1	0.111111	0.139803	0.666667	0.666667	0.666667	1	1	4987.89	1e+20	5.51527e+10	70.0458	17.1178	59.8246	74.1413	81.1801	66.4534	
 87000	-126793	-1235.95	-80016.6	-19445	0.0985131	1	0.152705	13.0971	2.68677	0.0190679	19.4164	0.387914	5841	99	535	-59972.5	97.4076f	53.0356	4	1	1	0.0594059	0.138614	0.0693069	9.90099e-09	0	0	0	0	0.863636	0.965753	0.229452	0.481818	0.890971	9.90099e-09	0.0693069	9.90099e-09	1	0.136752	0.181308	0.666667	0.666667	0.666667	1	1	4987.89	1e+20	5.51527e+10	70.0458	17.1178	84.9857	57.142	97.4076	53.0356	
 88000	-128178	-1235.95	-81402.3	-19662.8	0.0985131	1	0.161178	12.4087	2.91609	0.000854325	19.5523	0.338622	5935	99	556	-59972.5	46.81f	41.1175	4	1	1	0.029703	0.138614	0.0693069	9.90099e-09	0	0	0	0	0.918182	0.959732	0.249158	0.508475	0.882155	9.90099e-09	0.0693069	9.90099e-09	1	0.146465	0.1529	0.666667	0.666667	0.666667	1	1	4987.89	1e+20	5.51527e+10	28.3488	90.8279	59.2369	39.0459	46.81	41.1175	
 89000	-128407	-1235.95	-81631.3	-19723.2	0.0983108	1	0.158717	12.6011	2.86566	0.00605715	19.5523	0.349923	5961	99	554	-59972.5	26.0511f	37.92	4	1	1	0.029703	0.138614	0.0594059	9.90099e-09	0	0	0	0	0.881818	0.961345	0.226131	0.482759	0.882747	9.90099e-09	0.138614	9.90099e-09	1	0.097479	0.177281	0.666667	0.666667	0.666667	1	1	4987.89	1e+20	5.51527e+10	28.3488	90.8279	59.2369	39.0459	26.0511	37.92	
 90000	-130716	-1235.95	-83939.6	-19994.6	0.100129	1	0.178209	11.2228	3.16802	0.00859686	19.3876	0.281905	6079	99	638	-59972.5	43.3256f	18.6571	4	1	1	0.029703	0.138614	0.0594059	9.90099e-09	0	0	0	0	0.827273	0.963934	0.267652	0.55814	0.883224	9.90099e-09	0.138614	9.90099e-09	1	0.131579	0.161442	0.666667	0.666667	0.666667	1	1	4987.89	1e+20	5.51527e+10	28.3488	90.8279	59.2369	39.0459	43.3256	18.6571	
 91000	-130317	-1235.95	-83541.4	-19976.2	0.100129	1	0.158584	12.6116	2.96528	0.0105105	19.634	0.33845	6071	99	610	-59972.5	84.2843f	42.1153	4	1	1	0.029703	0.138614	0.0594059	9.90099e-09	0	0	0	0	0.9	0.965347	0.262376	0.548387	0.91133	0.009901	0.138614	9.90099e-09	1	0.118421	0.162379	0.666667	0.666667	0.666667	1	1	4987.89	1e+20	5.51527e+10	28.3488	90.8279	59.2369	39.0459	84.2843	42.1153	
 92000	-128049	-1235.95	-81272.8	-19555	0.100129	1	0.167147	11.9655	3.21157	0.0105105	19.768	0.296485	5888	99	587	-59972.5	84.2843f	42.1153	4	1	1	0.029703	0.128713	0.0594059	9.90099e-09	0	0	0	0	0.890909	0.952542	0.251689	0.521008	0.904924	0.009901	0.138614	9.90099e-09	1	0.117148	0.174873	0.666667	0.666667	0.666667	1	1	4987.89	1e+20	5.51527e+10	74.0926	82.4689	59.2369	39.0459	84.2843	42.1153	
 93000	-130032	-1235.95	-83255.9	-19847.6	0.0993186	1	0.16944	11.8036	3.2293	0.0142656	19.768	0.290868	6015	99	637	-59972.5	69.3157f	13.542	4	1	1	0.029703	0.128713	0.0594059	9.90099e-09	0	0	0	0	0.9	0.960067	0.264559	0.484375	0.878536	0.009901	0.138614	9.90099e-09	1	0.121464	0.136578	0.666667	0.666667	0.666667	1	1	4987.89	1e+20	5.51527e+10	74.0926	82.4689	59.2369	39.0459	69.3157	13.542	
 94000	-128285	-1235.95	-81509.3	-19645.9	0.096546	1	0.158238	12.6392	2.93161	0.000747051	19.768	0.343085	5927	99	572	-59972.5	51.1194f	41.4109	4	1	1	0.049505	0.128713	0.0594059	9.90099e-09	0	0	0	0	0.827273	0.952862	0.239057	0.516949	0.912458	0.009901	0.138614	9.90099e-09	1	0.117845	0.181356	0.666667	0.666667	0.666667	1	1	4987.89	1e+20	5.51527e+10	74.0926	82.4689	59.2369	39.0459	51.1194	41.4109	
 95000	-127014	-1235.95	-80237.9	-19250.8	0.096546	1	0.160751	12.4416	3.06633	0.00216091	19.9127	0.322885	5758	99	629	-59972.5	64.5857f	54.8522	4	1	1	0.049505	0.128713	0.0594059	9.90099e-09	0	0	0	0	0.927273	0.961672	0.263158	0.491935	0.868881	0.009901	0.108911	9.90099e-09	1	0.151042	0.163551	0.666667	0.666667	0.666667	1	1	4987.89	1e+20	5.51527e+10	74.0926	82.4689	48.2434	57.2199	64.5857	54.8522	
 96000	-125266	-1235.95	-78490.4	-19098.8	0.096546	1	0.155196	12.8869	2.97175	0.00797525	19.9318	0.345085	5693	99	544	-59972.5	78.7332f	60.13	4	1	1	0.049505	0.128713	0.0594059	9.90099e-09	0	0	0	0	0.845455	0.952548	0.274165	0.566372	0.882456	0.009901	0.108911	9.90099e-09	1	0.121265	0.15704	0.666667	0.666667	0.666667	1	1	4987.89	1e+20	5.51527e+10	74.0926	82.4689	48.2434	57.2199	78.7332	60.13	
 97000	-126403	-1235.95	-79627.2	-19271.9	0.0967302	1	0.155196	12.8869	2.97742	0.016424	19.9318	0.344428	5767	99	568	-59972.5	57.1219f	93.4046	4	1	1	0.049505	0.128713	0.0594059	9.90099e-09	0	0	0	0	0.9	0.958549	0.280277	0.555556	0.886792	0.009901	0.108911	9.90099e-09	1	0.0943396	0.148342	0.666667	0.666667	0.666667	1	1	4987.89	1e+20	5.51527e+10	74.0926	82.4689	48.2434	57.2199	57.1219	93.4046	
 98000	-126956	-1235.95	-80180	-19393.5	0.0962595	1	0.163153	12.2584	3.11484	0.000779111	19.9318	0.313176	5819	99	569	-59972.5	44.5709f	42.8952	4	1	1	0.049505	0.188119	0.0594059	9.90099e-09	0	0	0	0	0.890909	0.95189	0.251712	0.543103	0.896907	0.009901	0.108911	9.90099e-09	1	0.121993	0.157143	0.666667	0.666667	0.666667	1	1	4987.89	1e+20	5.51527e+10	74.0926	82.4689	48.2434	57.2199	44.5709	42.8952	
 99000	-129087	-1235.95	-82310.9	-19715.9	0.0991843	1	0.164125	12.1858	3.0931	0.00100369	19.7193	0.313509	5958	99	614	-59972.5	43.3224f	57.5622	4	1	1	0.049505	0.188119	0.0594059	9.90099e-09	0	0	0	0	0.881818	0.969799	0.251256	0.496	0.870805	0.009901	0.108911	9.90099e-09	1	0.0956376	0.159609	0.666667	0.666667	0.666667	1	1	4987.89	1e+20	5.51527e+10	74.0926	82.4689	57.1593	55.6513	43.3224	57.5622	
100000	-127658	-1235.95	-80882	-19498.1	0.0974894	1	0.169505	11.7991	3.1399	0.00595749	19.7193	0.299035	5864	99	588	-59972.5	26.8788f	36.8422	4	1	1	0.0594059	0.188119	0.0594059	9.90099e-09	0	0	0	0	0.9	0.972603	0.228279	0.491803	0.889267	0.009901	0.108911	9.90099e-09	1	0.0971039	0.173693	0.666667	0.666667	0.666667	1	1	4987.89	1e+20	5.51527e+10	74.0926	82.4689	57.1593	55.6513	26.8788	36.8422	
101000	-127179	-1235.95	-80402.8	-19346.8	0.0974894	1	0.153669	13.015	2.9735	0.0021447	19.9356	0.348311	5799	99	605	-59972.5	34.474f	51.4311	4	1	1	0.0594059	0.188119	0.0594059	9.90099e-09	0	0	0	0	0.9	0.965458	0.294118	0.487805	0.87069	0.009901	0.118812	9.90099e-09	1	0.114187	0.180488	0.666667	0.666667	0.666667	1	1	4987.89	1e+20	5.51527e+10	74.0926	82.4689	57.1593	55.6513	34.474	51.4311	
102000	-127606	-1235.95	-80829.7	-19461.1	0.096695	1	0.164886	12.1296	3.16456	0.000258566	19.9356	0.305015	5848	99	588	-59972.5	46.2506f	49.1472	4	1	1	0.0594059	0.188119	0.0594059	9.90099e-09	0	0	0	0	0.881818	0.957118	0.254733	0.516129	0.877586	0.009901	0.118812	9.90099e-09	1	0.124786	0.157191	0.666667	0.666667	0.666667	1	1	4987.89	1e+20	5.51527e+10	74.0926	82.4689	61.3555	78.4832	46.2506	49.1472	
103000	-131869	-1235.95	-85093.3	-20292.9	0.102518	1	0.162214	12.3294	3.17365	0.00996745	19.7408	0.309153	6210	99	604	-59972.5	66.3727f	79.9143	4	1	1	0.0594059	0.188119	0.039604	9.90099e-09	0	0	0	0	0.872727	0.967897	0.256822	0.54918	0.906902	0.009901	0.118812	9.90099e-09	1	0.109325	0.171384	0.666667	0.666667	0.666667	1	1	4987.89	1e+20	5.51527e+10	74.0926	82.4689	61.3555	78.4832	66.3727	79.9143	
104000	-133552	-1235.95	-86776.5	-20488.8	0.102518	1	0.171921	11.6332	3.36357	0.00708922	19.7408	0.275227	6296	99	664	-59972.5	52.9419f	78.5115	4	1	1	0.0594059	0.108911	0.039604	9.90099e-09	0	0	0	0	0.881818	0.950558	0.270998	0.609023	0.887302	9.90099e-09	0.118812	9.90099e-09	1	0.122807	0.164902	0.666667	0.666667	0.666667	1	1	4987.89	1e+20	5.51527e+10	91.5252	59.4875	61.3555	78.4832	52.9419	78.5115	
105000	-131128	-1235.95	-84352.5	-20038.6	0.0998274	1	0.167181	11.9631	3.18499	0.00308224	19.7408	0.298899	6098	99	646	-59972.5	37.004f	63.4751	4	1	1	0.0594059	0.108911	0.039604	9.90099e-09	0	0	0	0	0.845455	0.964111	0.248366	0.432836	0.858086	9.90099e-09	0.118812	9.90099e-09	1	0.12623	0.169231	0.666667	0.666667	0.666667	1	1	4987.89	1e+20	5.51527e+10	79.8065	80.8525	45.991	47.1857	37.004	63.4751	
106000	-130176	-1235.95	-83399.8	-19778.2	0.100136	1	0.169978	11.7662	3.24829	0.00423175	19.7408	0.288252	5985	99	680	-59972.5	59.1805f	29.7261	4	1	1	0.0594059	0.108911	0.039604	9.90099e-09	0	0	0	0	0.845455	0.956594	0.312709	0.5	0.858097	9.90099e-09	0.118812	9.90099e-09	1	0.136895	0.166412	0.666667	0.666667	0.666667	1	1	4987.89	1e+20	5.51527e+10	79.8065	80.8525	45.991	47.1857	59.1805	29.7261	
107000	-129748	-1235.95	-82972.1	-19769.1	0.0991144	1	0.179495	11.1424	3.49043	0.00959626	19.8779	0.254032	5981	99	647	-59972.5	16.3609f	53.0351	4	1	1	0.0693069	0.108911	0.039604	9.90099e-09	0	0	0	0	0.936364	0.961794	0.222408	0.526316	0.864238	9.90099e-09	0.0792079	9.90099e-09	1	0.133556	0.13943	0.666667	0.666667	0.666667	1	1	4987.89	1e+20	5.51527e+10	79.8065	80.8525	14.4378	48.6489	16.3609	53.0351	
108000	-132057	-1235.95	-85280.8	-20134.6	0.1004	1	0.192603	10.384	3.36813	0.015737	19.295	0.245339	6140	99	703	-59972.5	13.2966f	72.8829	4	1	1	0.0693069	0.108911	0.039604	9.90099e-09	0	0	0	0	0.927273	0.951299	0.253659	0.482993	0.871545	9.90099e-09	0.0792079	9.90099e-09	1	0.128455	0.155462	0.666667	0.666667	0.666667	1	1	4987.89	1e+20	5.51527e+10	79.8065	80.8525	14.4378	48.6489	13.2966	72.8829	
109000	-132375	-1235.95	-85599.4	-20210.5	0.1004	1	0.18595	10.7556	3.25179	0.000989967	19.295	0.26321	6173	99	688	-59972.5	42.2958f	43.1922	4	1	1	0.0693069	0.188119	0.039604	9.90099e-09	0	0	0	0	0.918182	0.964228	0.253247	0.466667	0.892857	9.90099e-09	0.0792079	9.90099e-09	1	0.142857	0.162444	0.666667	0.666667	0.666667	1	1	4987.89	1e+20	5.51527e+10	79.8065	80.8525	14.4378	48.6489	42.2958	43.1922	
110000	-131834	-1235.95	-85058.5	-20267.7	0.103985	1	0.15488	12.9132	3.15132	0.0203822	19.8646	0.326085	6199	99	612	-59972.5	2.25628f	37.1768	4	1	1	0.0693069	0.188119	0.029703	9.90099e-09	0	0	0	0	0.9	0.959936	0.242812	0.546875	0.886581	9.90099e-09	0.0792079	9.90099e-09	1	0.127419	0.147619	0.666667	0.666667	0.666667	1	1	4987.89	1e+20	5.51527e+10	79.8065	80.8525	14.4378	48.6489	2.25628	37.1768	
111000	-135607	-1235.95	-88830.7	-20793	0.105459	1	0.187132	10.6877	3.8615	0.00979297	19.8646	0.220251	6432	99	717	-59972.5	22.5304f	29.5806	4	1	1	0.0693069	0.188119	0.029703	9.90099e-09	0	0	0	0	0.909091	0.956386	0.265941	0.48951	0.865415	9.90099e-09	0.0792079	9.90099e-09	1	0.139969	0.174338	0.666667	0.666667	0.666667	1	1	4987.89	1e+20	5.51527e+10	79.8065	80.8525	14.4378	48.6489	22.5304	29.5806	
112000	-134559	-1235.95	-87783.2	-20727.8	0.105459	1	0.180743	11.0654	3.7386	0.0159564	19.8764	0.235532	6403	99	647	-59972.5	33.0236f	9.65939	4	1	1	0.0693069	0.188119	0.029703	9.90099e-09	0	0	0	0	0.9	0.979814	0.238022	0.515385	0.885626	9.90099e-09	0.0792079	9.90099e-09	1	0.113885	0.173107	0.666667	0.666667	0.666667	1	1	4987.89	1e+20	5.51527e+10	79.8065	80.8525	14.4378	48.6489	33.0236	9.65939	
113000	-132701	-1235.95	-85924.9	-20273.3	0.101466	1	0.18853	10.6084	3.70215	0.0159564	19.8101	0.228026	6201	99	688	-59972.5	33.0236f	9.65939	4	1	1	0.0693069	0.188119	0.029703	9.90099e-09	0	0	0	0	0.845455	0.949675	0.268174	0.481203	0.874396	9.90099e-09	0.0891089	9.90099e-09	1	0.156704	0.125378	0.666667	0.666667	0.666667	1	1	4987.89	1e+20	5.51527e+10	79.8065	80.8525	14.4378	48.6489	33.0236	9.65939	
114000	-131229	-1235.95	-84452.6	-20035.3	0.101466	1	0.18909	10.577	3.1577	0.0159564	19.0236	0.266552	6097	99	664	-59972.5	33.0236f	9.65939	4	1	1	0.0693069	0.188119	0.029703	9.90099e-09	0	0	0	0	0.854545	0.962295	0.234811	0.571429	0.860427	9.90099e-09	0.0891089	9.90099e-09	1	0.101639	0.150298	0.666667	0.666667	0.666667	1	1	4987.89	1e+20	5.51527e+10	79.8065	80.8525	14.4378	48.6489	33.0236	9.65939	
115000	-132225	-1235.95	-85449.2	-20218.3	0.101466	1	0.18909	10.577	3.12268	0.0107323	18.9707	0.269541	6177	99	678	-59972.5	36.4516f	16.8051	4	1	1	0.0693069	0.188119	0.049505	9.90099e-09	0	0	0	0	0.890909	0.934084	0.2304	0.458647	0.856913	9.90099e-09	0.0891089	9.90099e-09	1	0.139159	0.201183	0.666667	0.666667	0.666667	1	1	4987.89	1e+20	5.51527e+10	79.8065	80.8525	40.5039	22.3998	36.4516	16.8051	
116000	-129715	-1235.95	-82938.7	-19757.8	0.100732	1	0.187416	10.6715	3.05128	0.0134231	18.9376	0.278312	5976	99	657	-59972.5	39.0991f	11.3902	4	1	1	0.0693069	0.178218	0.049505	0.009901	0	0	0	0	0.881818	0.948505	0.255426	0.530303	0.861897	9.90099e-09	0.0891089	9.90099e-09	1	0.122074	0.152568	0.666667	0.666667	0.666667	1	1	4987.89	1e+20	5.51527e+10	76.6235	36.5174	40.5039	22.3998	39.0991	11.3902	
117000	-131995	-1235.95	-85219.1	-20085.5	0.102183	1	0.189917	10.5309	3.13656	0.0147654	18.9376	0.267179	6119	99	718	-59972.5	53.4599f	8.09271	4	1	1	0.0693069	0.178218	0.049505	0.009901	0	0	0	0	0.890909	0.953871	0.239804	0.450382	0.8646	9.90099e-09	0.0891089	9.90099e-09	1	0.112745	0.178273	0.666667	0.666667	0.666667	1	1	4987.89	1e+20	5.51527e+10	76.6235	36.5174	40.5039	22.3998	53.4599	8.09271	
118000	-130694	-1235.95	-83918.1	-19891	0.100366	1	0.196168	10.1953	3.47755	0.0100483	19.3625	0.233302	6034	99	689	-59972.5	24.5589f	26.4294	4	1	1	0.0693069	0.178218	0.049505	0.009901	0	0	0	0	0.890909	0.955075	0.227197	0.469697	0.884106	9.90099e-09	0.0891089	9.90099e-09	1	0.135762	0.165457	0.666667	0.666667	0.666667	1	1	4987.89	1e+20	5.51527e+10	80.2381	42.9287	40.5039	22.3998	24.5589	26.4294	
119000	-134232	-1235.95	-87456.2	-20624.3	0.105493	1	0.175893	11.3706	3.67965	0.00800991	19.9311	0.245904	6357	99	662	-59972.5	19.3884f	46.0923	4	1	1	0.049505	0.178218	0.049505	0.009901	0	0	0	0	0.936364	0.962264	0.244898	0.503546	0.874214	9.90099e-09	0.0891089	9.90099e-09	1	0.128931	0.139222	0.666667	0.666667	0.666667	1	1	4987.89	1e+20	5.51527e+10	80.2381	42.9287	40.5039	22.3998	19.3884	46.0923	
120000	-134473	-1235.95	-87696.7	-20727.7	0.105493	1	0.150867	13.2567	3.1561	0.0160824	19.9311	0.334253	6403	99	630	-59972.5	11.4492f	28.9586	4	1	1	0.049505	0.178218	0.049505	0.009901	0	0	0	0	0.9	0.962559	0.269891	0.535433	0.889063	9.90099e-09	0.0891089	9.90099e-09	1	0.113885	0.173016	0.666667	0.666667	0.666667	1	1	4987.89	1e+20	5.51527e+10	80.2381	42.9287	35.5449	18.9765	11.4492	28.9586	
121000	-134191	-1235.95	-87414.6	-20803.3	0.10751	1	0.148133	13.5013	3.17047	0.00498929	19.9505	0.338878	6437	99	575	-59972.5	55.1982f	26.3059	4	1	1	0.049505	0.178218	0.049505	0.009901	0	0	0	0	0.909091	0.945652	0.253894	0.54386	0.88383	9.90099e-09	0.108911	9.90099e-09	1	0.115265	0.155635	0.666667	0.666667	0.666667	1	1	4987.89	1e+20	5.51527e+10	80.2381	42.9287	35.5449	18.9765	55.1982	26.3059	
122000	-135518	-1235.95	-88742.4	-20928.2	0.107439	1	0.15162	13.1909	3.16928	0.0144477	19.8362	0.33121	6493	99	635	-59972.5	34.7834f	11.244	4	1	1	0.049505	0.227723	0.0594059	0.009901	0	0	0	0	0.9	0.962963	0.273846	0.574803	0.864615	9.90099e-09	0.108911	9.90099e-09	1	0.118462	0.140575	0.666667	0.666667	0.666667	1	1	4987.89	1e+20	5.51527e+10	80.2381	42.9287	35.5449	18.9765	34.7834	11.244	
123000	-134255	-1235.95	-87479.5	-20678.3	0.107439	1	0.170641	11.7205	3.56688	0.0162641	19.8362	0.261485	6381	99	637	-59972.5	33.7021f	8.92747	4	1	1	0.049505	0.227723	0.0594059	0.009901	0	0	0	0	0.881818	0.962382	0.317111	0.488722	0.88125	9.90099e-09	0.108911	9.90099e-09	1	0.141066	0.152276	0.666667	0.666667	0.666667	1	1	4987.89	1e+20	5.51527e+10	80.2381	42.9287	35.5449	18.9765	33.7021	8.92747	
124000	-134473	-1235.95	-87696.9	-20769.8	0.107439	1	0.155371	12.8724	3.24769	0.0217031	19.8362	0.31541	6422	99	616	-59972.5	19.4531f	9.06923	4	1	1	0.049505	0.227723	0.0594059	0.009901	0	0	0	0	0.927273	0.975155	0.280757	0.556452	0.884375	9.90099e-09	0.108911	9.90099e-09	1	0.122862	0.154221	0.666667	0.666667	0.666667	1	1	4987.89	1e+20	5.51527e+10	80.2381	42.9287	35.5449	18.9765	19.4531	9.06923	
125000	-138525	-1235.95	-91748.9	-21316.9	0.110802	1	0.172964	11.5631	3.7286	0.00258544	19.8362	0.246785	6669	99	726	-59972.5	53.4704f	33.089	4	1	1	0.039604	0.227723	0.0594059	0.009901	0	0	0	0	0.881818	0.949329	0.28849	0.433566	0.878195	9.90099e-09	0.108911	9.90099e-09	1	0.119225	0.161765	0.666667	0.666667	0.666667	1	1	4987.89	1e+20	5.51527e+10	59.4436	98.9787	35.5449	18.9765	53.4704	33.089	
126000	-139808	-1235.95	-93031.6	-21604.4	0.108903	1	0.185878	10.7597	3.80933	0.0119047	19.6717	0.224772	6798	99	714	-59972.5	14.4183f	37.435	4	1	1	0.039604	0.227723	0.0594059	0.009901	0	0	0	0	0.890909	0.964602	0.262925	0.520548	0.879412	9.90099e-09	0.108911	9.90099e-09	1	0.146018	0.179272	0.666667	0.666667	0.666667	1	1	4987.89	1e+20	5.51527e+10	59.4436	98.9787	35.5449	18.9765	14.4183	37.435	
127000	-139390	-1235.95	-92614.4	-21531.4	0.115693	1	0.175906	11.3697	3.93094	0.00114165	19.8004	0.230166	6766	99	702	-59972.5	48.4285f	38.9793	4	1	1	0.039604	0.227723	0.0594059	0.009901	0	0	0	0	0.890909	0.949704	0.259259	0.427536	0.88724	9.90099e-09	0.108911	9.90099e-09	1	0.121662	0.138528	0.666667	0.666667	0.666667	1	1	4987.89	1e+20	5.51527e+10	59.4436	98.9787	44.933	41.0294	48.4285	38.9793	
128000	-139948	-1235.95	-93172.5	-21712.3	0.115165	1	0.166764	11.993	3.70964	0.00525951	19.8004	0.257268	6850	99	665	-59972.5	64.8539f	69.54	4	1	1	0.039604	0.227723	0.039604	0.009901	0	0	0	0	0.818182	0.96793	0.24344	0.455882	0.883552	9.90099e-09	0.178218	9.90099e-09	1	0.132653	0.159701	0.666667	0.666667	0.666667	1	1	4987.89	1e+20	5.51527e+10	59.4436	98.9787	47.6308	34.5572	64.8539	69.54	
129000	-141512	-1235.95	-94736.3	-21908.9	0.115165	1	0.163179	12.2564	3.6299	0.00678413	19.8004	0.268696	6941	99	720	-59972.5	52.3066f	21.7013	4	1	1	0.039604	0.237624	0.039604	9.90099e-09	0	0	0	0	0.9	0.966954	0.277299	0.550388	0.888889	9.90099e-09	0.178218	9.90099e-09	1	0.132374	0.155624	0.666667	0.666667	0.666667	1	1	4987.89	1e+20	5.51527e+10	59.4436	98.9787	47.6308	34.5572	52.3066	21.7013	
130000	-140282	-1235.95	-93506.1	-21945.7	0.115165	1	0.145438	13.7515	3.23525	0.00726524	19.8004	0.338247	6958	99	582	-59972.5	69.0347f	27.7486	4	1	1	0.0792079	0.237624	0.039604	9.90099e-09	0	0	0	0	0.854545	0.972543	0.235465	0.403226	0.900289	9.90099e-09	0.178218	9.90099e-09	1	0.102601	0.14404	0.666667	0.666667	0.666667	1	1	4987.89	1e+20	5.51527e+10	59.4436	98.9787	40.3367	43.2065	69.0347	27.7486	
131000	-141325	-1235.95	-94549.5	-22058.1	0.115165	1	0.148746	13.4458	3.30882	0.000247543	19.8004	0.323373	7010	99	619	-59972.5	49.6936f	46.3178	4	1	1	0.0792079	0.237624	0.039604	9.90099e-09	0	0	0	0	0.9	0.95122	0.252874	0.467742	0.891273	9.90099e-09	0.178218	9.90099e-09	1	0.10271	0.17609	0.666667	0.666667	0.666667	1	1	4987.89	1e+20	5.51527e+10	77.993	11.5342	40.3367	43.2065	49.6936	46.3178	
132000	-141175	-1235.95	-94398.8	-22073.2	0.115165	1	0.142526	14.0326	3.17046	0.00279157	19.8004	0.352212	7017	99	600	-59972.5	32.1149f	51.2185	4	1	1	0.0792079	0.237624	0.039604	9.90099e-09	0	0	0	0	0.818182	0.96733	0.251064	0.592308	0.879213	9.90099e-09	0.178218	9.90099e-09	1	0.0795455	0.176198	0.666667	0.666667	0.666667	1	1	4987.89	1e+20	5.51527e+10	77.4388	70.5712	40.3367	43.2065	32.1149	51.2185	
133000	-141299	-1235.95	-94522.6	-21987	0.117903	1	0.138734	14.4161	3.28148	0.020979	19.9888	0.349598	6977	99	657	-59972.5	16.4193f	12.6724	4	1	1	0.0792079	0.237624	0.039604	9.90099e-09	0	0	0	0	0.872727	0.971388	0.259312	0.556452	0.920904	9.90099e-09	0.178218	9.90099e-09	1	0.103152	0.17611	0.666667	0.666667	0.666667	1	1	4987.89	1e+20	5.51527e+10	77.4388	70.5712	40.3367	43.2065	16.4193	12.6724	
134000	-142714	-1235.95	-95938.2	-22354.7	0.117903	1	0.136045	14.7011	3.21787	0.020979	19.9888	0.363555	7149	99	606	-59972.5	16.4193f	12.6724	4	1	1	0.0792079	0.158416	0.019802	9.90099e-09	0	0	0	0	0.854545	0.966387	0.265912	0.52381	0.906162	9.90099e-09	0.178218	9.90099e-09	1	0.113287	0.175896	0.666667	0.666667	0.666667	1	1	4987.89	1e+20	5.51527e+10	77.4388	70.5712	40.3367	43.2065	16.4193	12.6724	
135000	-142388	-1235.95	-95612	-22232.9	0.117903	1	0.145868	13.7111	3.45022	0.0174137	19.9888	0.316238	7092	99	631	-59972.5	5.55956f	60.1765	4	1	1	0.0792079	0.158416	0.019802	9.90099e-09	0	0	0	0	0.909091	0.951909	0.235127	0.578125	0.893768	9.90099e-09	0.0594059	9.90099e-09	1	0.131728	0.173502	0.666667	0.666667	0.666667	1	1	4987.89	1e+20	5.51527e+10	48.5332	89.4983	40.3367	43.2065	5.55956	60.1765	
136000	-141223	-1235.95	-94446.8	-22016.6	0.11715	1	0.145868	13.7111	3.42817	0.0041489	19.9888	0.318272	6991	99	633	-59972.5	34.5224f	34.1788	4	1	1	0.019802	0.158416	0.019802	9.90099e-09	0	0	0	0	0.845455	0.964183	0.265805	0.548872	0.902579	9.90099e-09	0.0594059	9.90099e-09	1	0.0957143	0.161392	0.666667	0.666667	0.666667	1	1	4987.89	1e+20	5.51527e+10	48.5332	89.4983	47.1397	43.743	34.5224	34.1788	
137000	-142464	-1235.95	-95688.1	-22207.4	0.11715	1	0.146255	13.6747	3.42687	0.0071347	19.9737	0.31755	7080	99	654	-59972.5	55.1494f	21.3453	4	1	1	0.019802	0.158416	0.019802	9.90099e-09	0	0	0	0	0.927273	0.961702	0.247875	0.525926	0.892351	0.009901	0.0594059	9.90099e-09	1	0.127479	0.151376	0.666667	0.666667	0.666667	1	1	4987.89	1e+20	5.51527e+10	48.5332	89.4983	47.1397	43.743	55.1494	21.3453	
138000	-141859	-1235.95	-95083.5	-22061.6	0.11715	1	0.158906	12.5861	3.72327	0.00198986	19.9737	0.269002	7012	99	670	-59972.5	55.3817f	63.6327	4	1	1	0.019802	0.158416	0.019802	9.90099e-09	0	0	0	0	0.854545	0.96719	0.261056	0.522388	0.905983	0.009901	0.0594059	9.90099e-09	1	0.141026	0.152857	0.666667	0.666667	0.666667	1	1	4987.89	1e+20	5.51527e+10	48.5332	89.4983	43.226	64.2896	55.3817	63.6327	
139000	-141640	-1235.95	-94864	-22070.2	0.11715	1	0.158282	12.6357	3.70866	0.00916419	19.9737	0.271126	7016	99	648	-59972.5	53.7986f	82.4706	4	1	1	0.019802	0.158416	0.019802	9.90099e-09	0	0	0	0	0.863636	0.95422	0.257511	0.462121	0.891273	0.009901	0.0594059	9.90099e-09	1	0.121602	0.168155	0.666667	0.666667	0.666667	1	1	4987.89	1e+20	5.51527e+10	48.5332	89.4983	43.226	64.2896	53.7986	82.4706	
140000	-143680	-1235.95	-96904.1	-22364	0.11715	1	0.156481	12.7811	3.66647	0.00479963	19.9737	0.277403	7153	99	688	-59972.5	66.5906f	66.5144	4	1	1	0.019802	0.178218	0.019802	9.90099e-09	0	0	0	0	0.890909	0.959554	0.26014	0.470588	0.893056	0.009901	0.0594059	9.90099e-09	1	0.146444	0.161145	0.666667	0.666667	0.666667	1	1	4987.89	1e+20	5.51527e+10	48.5332	89.4983	64.1701	67.3989	66.5906	66.5144	
141000	-142406	-1235.95	-95630.2	-22136.6	0.117399	1	0.152725	13.0954	3.58606	0.0153969	19.9737	0.290597	7047	99	683	-59972.5	69.0309f	88.0568	4	1	1	0.019802	0.178218	0.009901	9.90099e-09	0	0	0	0	0.881818	0.966102	0.253901	0.593985	0.879774	0.009901	0.0594059	9.90099e-09	1	0.141243	0.178886	0.666667	0.666667	0.666667	1	1	4987.89	1e+20	5.51527e+10	70.5834	77.0787	64.1701	67.3989	69.0309	88.0568	
142000	-142357	-1235.95	-95581.1	-22153.8	0.117399	1	0.164784	12.1371	3.46986	0.0155617	19.4371	0.278351	7055	99	670	-59972.5	52.0352f	92.7622	4	1	1	0.019802	0.178218	0.009901	9.90099e-09	0	0	0	0	0.845455	0.944444	0.266382	0.511111	0.878917	0.009901	0.118812	9.90099e-09	1	0.121813	0.192771	0.666667	0.666667	0.666667	1	1	4987.89	1e+20	5.51527e+10	70.5834	77.0787	64.1701	67.3989	52.0352	92.7622	
143000	-142799	-1235.95	-96023.2	-22196.6	0.117399	1	0.17145	11.6652	3.62579	0.00467042	19.458	0.256024	7075	99	696	-59972.5	71.8623f	42.1114	4	1	1	0.009901	0.178218	0.009901	9.90099e-09	0	0	0	0	0.863636	0.968927	0.247175	0.531915	0.898305	0.009901	0.118812	9.90099e-09	1	0.118644	0.151515	0.666667	0.666667	0.666667	1	1	4987.89	1e+20	5.51527e+10	70.5834	77.0787	64.1701	67.3989	71.8623	42.1114	
144000	-144489	-1235.95	-97713.4	-22416.8	0.117787	1	0.171511	11.6611	3.81887	0.00693659	19.694	0.242993	7178	99	741	-59972.5	78.3987f	50.8198	4	1	1	0.009901	0.178218	0.009901	9.90099e-09	0	0	0	0	0.909091	0.952974	0.267705	0.462069	0.881188	0.009901	0.118812	9.90099e-09	1	0.122563	0.144399	0.666667	0.666667	0.666667	1	1	4987.89	1e+20	5.51527e+10	70.5834	77.0787	64.1701	67.3989	78.3987	50.8198	
145000	-141608	-1235.95	-94832	-22151.6	0.117787	1	0.1624	12.3152	3.61601	0.015795	19.694	0.271021	7054	99	612	-59972.5	78.1431f	82.6487	4	1	1	0.009901	0.178218	0.009901	9.90099e-09	0	0	0	0	0.918182	0.958865	0.216407	0.549618	0.890935	0.009901	0.118812	9.90099e-09	1	0.133144	0.154545	0.666667	0.666667	0.666667	1	1	4987.89	1e+20	5.51527e+10	74.5023	85.5123	64.1701	67.3989	78.1431	82.6487	
146000	-141628	-1235.95	-94852.2	-22133.3	0.119454	1	0.145639	13.7326	3.28872	0.0185566	19.694	0.332288	7045	99	616	-59972.5	94.1099f	65.679	4	1	1	0.009901	0.207921	0.009901	9.90099e-09	0	0	0	0	0.9	0.960284	0.247175	0.495798	0.920567	0.009901	0.118812	9.90099e-09	1	0.123404	0.157627	0.666667	0.666667	0.666667	1	1	4987.89	1e+20	5.51527e+10	74.5023	85.5123	64.1701	67.3989	94.1099	65.679	
147000	-143247	-1235.95	-96470.9	-22337.4	0.11846	1	0.152691	13.0984	3.41925	0.0151609	19.694	0.304843	7141	99	666	-59972.5	70.5463f	86.8794	4	1	1	0.009901	0.207921	0.009901	9.90099e-09	0	0	0	0	0.836364	0.959384	0.266106	0.492308	0.903361	0.009901	0.118812	9.90099e-09	1	0.113287	0.180982	0.666667	0.666667	0.666667	1	1	4987.89	1e+20	5.51527e+10	74.5023	85.5123	64.1701	67.3989	70.5463	86.8794	
148000	-144877	-1235.95	-98100.7	-22698.5	0.119513	1	0.141266	14.1577	3.19153	0.00888425	19.694	0.353008	7311	99	643	-59972.5	71.8428f	73.5981	4	1	1	0.009901	0.207921	0.029703	9.90099e-09	0	0	0	0	0.872727	0.959016	0.240109	0.585938	0.890261	0.009901	0.168317	9.90099e-09	1	0.102881	0.180464	0.666667	0.666667	0.666667	1	1	4987.89	1e+20	5.51527e+10	50.4044	85.5773	61.4689	89.2268	71.8428	73.5981	
149000	-144192	-1235.95	-97415.9	-22496.6	0.120913	1	0.153951	12.9912	3.51885	0.0192715	19.694	0.29379	7216	99	676	-59972.5	15.0811f	82.7308	4	1	1	0.0891089	0.207921	0.029703	9.90099e-09	0	0	0	0	0.845455	0.961165	0.214681	0.558824	0.887812	0.009901	0.168317	9.90099e-09	1	0.117729	0.169867	0.666667	0.666667	0.666667	1	1	4987.89	1e+20	5.51527e+10	50.4044	85.5773	61.4689	89.2268	15.0811	82.7308	
150000	-145583	-1235.95	-98807.2	-22760.7	0.120913	1	0.153923	12.9935	3.51822	0.00148344	19.694	0.293896	7341	99	671	-59972.5	54.5144f	61.6042	4	1	1	0.0891089	0.207921	0.029703	9.90099e-09	0	0	0	0	0.863636	0.966171	0.252374	0.507353	0.903924	0.009901	0.168317	9.90099e-09	1	0.108254	0.157504	0.666667	0.666667	0.666667	1	1	4987.89	1e+20	5.51527e+10	50.4044	85.5773	78.9576	68.7097	54.5144	61.6042	
151000	-149359	-1235.95	-102583	-23433.9	0.128978	1	0.171484	11.6629	3.80038	0.0131796	19.2296	0.244213	7665	99	683	-59972.5	83.2649f	70.9942	4	1	1	0.0891089	0.207921	0.029703	9.90099e-09	0	0	0	0	0.863636	0.963446	0.249351	0.518797	0.886719	0.009901	0.168317	9.90099e-09	1	0.0925684	0.173977	0.666667	0.666667	0.666667	1	1	4987.89	1e+20	5.51527e+10	9.77167	60.9341	78.9576	68.7097	83.2649	70.9942	
152000	-152875	-1235.95	-106099	-23881.1	0.132057	1	0.164536	12.1554	3.73346	0.00397439	19.2296	0.259088	7884	99	772	-59972.5	53.4436f	70.9468	4	1	1	0.0891089	0.217822	0.029703	9.90099e-09	0	0	0	0	0.890909	0.962025	0.246193	0.487179	0.901266	0.009901	0.168317	9.90099e-09	1	0.122785	0.163424	0.666667	0.666667	0.666667	1	1	4987.89	1e+20	5.51527e+10	9.77167	60.9341	78.9576	68.7097	53.4436	70.9468	
153000	-152512	-1235.95	-105736	-23842.7	0.132057	1	0.1683	11.8836	3.81885	0.0172884	19.2296	0.24763	7865	99	762	-59972.5	84.7272f	78.8253	4	1	1	0.0891089	0.217822	0.029703	9.90099e-09	0	0	0	0	0.845455	0.951715	0.264295	0.535948	0.8831	0.009901	0.168317	9.90099e-09	1	0.129606	0.182055	0.666667	0.666667	0.666667	1	1	4987.89	1e+20	5.51527e+10	9.77167	60.9341	50.5863	53.01	84.7272	78.8253	
154000	-153011	-1235.95	-106235	-23933.8	0.132057	1	0.174928	11.4333	3.91542	0.00509811	19.164	0.232371	7910	99	770	-59972.5	46.3083f	25.7041	4	1	1	0.0891089	0.217822	0.029703	9.90099e-09	0	0	0	0	0.854545	0.960957	0.226415	0.506329	0.880202	0.009901	0.168317	9.90099e-09	1	0.123426	0.162338	0.666667	0.666667	0.666667	1	1	4987.89	1e+20	5.51527e+10	9.77167	60.9341	50.5863	53.01	46.3083	25.7041	
155000	-154879	-1235.95	-108103	-24123.7	0.134071	1	0.180462	11.0827	4.10087	0.00189226	19.164	0.21506	8004	99	834	-59972.5	49.2575f	35.3528	4	1	1	0.049505	0.217822	0.029703	9.90099e-09	0	0	0	0	0.890909	0.947955	0.25495	0.547059	0.883519	0.009901	0.0792079	9.90099e-09	1	0.111111	0.180117	0.666667	0.666667	0.666667	1	1	4987.89	1e+20	5.51527e+10	6.42444	81.2207	50.5863	53.01	49.2575	35.3528	
156000	-153964	-1235.95	-107188	-24025.2	0.134071	1	0.164943	12.1254	3.65284	0.00189226	19.0409	0.264153	7955	99	800	-59972.5	49.2575f	35.3528	4	1	1	0.049505	0.217822	0.029703	9.90099e-09	0	0	0	0	0.954545	0.948557	0.251889	0.556962	0.881612	0.009901	0.0792079	9.90099e-09	1	0.110831	0.15	0.666667	0.666667	0.666667	1	1	4987.89	1e+20	5.51527e+10	16.0081	54.8535	50.5863	53.01	49.2575	35.3528	
157000	-152678	-1235.95	-105902	-23744.8	0.130069	1	0.190213	10.5145	4.08674	0.00447324	19.0409	0.20474	7817	99	826	-59972.5	52.4477f	72.4535	4	1	1	0.049505	0.217822	0.029703	9.90099e-09	0	0	0	0	0.854545	0.956633	0.258929	0.462025	0.861893	0.009901	0.0792079	9.90099e-09	1	0.129936	0.172705	0.666667	0.666667	0.666667	1	1	4987.89	1e+20	5.51527e+10	51.3654	93.4889	67.7364	66.1422	52.4477	72.4535	
158000	-153777	-1235.95	-107001	-24026.3	0.130069	1	0.173315	11.5397	3.72369	0.00248754	19.0409	0.246609	7955	99	785	-59972.5	66.4269f	52.4597	4	1	1	0.049505	0.217822	0.029703	9.90099e-09	0	0	0	0	0.9	0.954488	0.232704	0.503268	0.886792	0.009901	0.0792079	9.90099e-09	1	0.114322	0.182272	0.666667	0.666667	0.666667	1	1	4987.89	1e+20	5.51527e+10	51.3654	93.4889	67.7364	66.1422	66.4269	52.4597	
159000	-151779	-1235.95	-105003	-23661.2	0.130069	1	0.175855	11.373	4.1942	0.0230084	19.5446	0.215783	7776	99	785	-59972.5	94.8844f	76.583	4	1	1	0.049505	0.19802	0.029703	9.90099e-09	0	0	0	0	0.918182	0.963964	0.259974	0.454545	0.886866	0.009901	0.0792079	9.90099e-09	1	0.124679	0.150318	0.666667	0.666667	0.666667	1	1	4987.89	1e+20	5.51527e+10	51.3654	93.4889	67.7364	66.1422	94.8844	76.583	
160000	-150123	-1235.95	-103347	-23450.4	0.132296	1	0.166813	11.9894	4.04156	0.0132781	19.5385	0.23607	7671	99	752	-59972.5	53.0286f	89.3786	4	1	1	0.049505	0.19802	0.029703	9.90099e-09	0	0	0	0	0.890909	0.95201	0.255541	0.52	0.891645	0.009901	0.0792079	9.90099e-09	1	0.109661	0.175749	0.666667	0.666667	0.666667	1	1	4987.89	1e+20	5.51527e+10	51.3654	93.4889	61.3032	67.228	53.0286	89.3786	
161000	-151646	-1235.95	-104870	-23650.6	0.132296	1	0.165507	12.0841	4.00991	0.0111245	19.5385	0.239811	7770	99	783	-59972.5	63.667f	83.3813	4	1	1	0.049505	0.19802	0.049505	9.90099e-09	0	0	0	0	0.909091	0.952503	0.282413	0.522293	0.886158	0.009901	0.0990099	9.90099e-09	1	0.132903	0.162404	0.666667	0.666667	0.666667	1	1	4987.89	1e+20	5.51527e+10	75.1632	75.4657	61.3032	67.228	63.667	83.3813	
162000	-149181	-1235.95	-102405	-23323.1	0.128684	1	0.155416	12.8687	3.66263	0.0240244	19.5385	0.279596	7611	99	723	-59972.5	77.9226f	95.395	4	1	1	0.019802	0.19802	0.049505	9.90099e-09	0	0	0	0	0.881818	0.961892	0.252618	0.562044	0.900531	0.009901	0.0990099	9.90099e-09	1	0.11811	0.165975	0.666667	0.666667	0.666667	1	1	4987.89	1e+20	5.51527e+10	74.2754	89.9877	61.3032	67.228	77.9226	95.395	
163000	-151036	-1235.95	-104260	-23694.4	0.128407	1	0.155665	12.8481	3.66062	0.019824	19.5385	0.279302	7792	99	699	-59972.5	72.3319f	92.8972	4	1	1	0.019802	0.19802	0.049505	9.90099e-09	0	0	0	0	0.845455	0.966837	0.227735	0.542857	0.885897	0.009901	0.0990099	9.90099e-09	1	0.100765	0.173104	0.666667	0.666667	0.666667	1	1	4987.89	1e+20	5.51527e+10	74.2754	89.9877	61.3032	67.228	72.3319	92.8972	
164000	-150175	-1235.95	-103399	-23415.2	0.128407	1	0.17144	11.6659	4.35918	0.0184308	19.9239	0.212963	7656	99	760	-59972.5	80.1583f	85.5391	4	1	1	0.019802	0.19802	0.049505	9.90099e-09	0	0	0	0	0.872727	0.964889	0.26178	0.55102	0.856021	0.009901	0.0990099	9.90099e-09	1	0.101563	0.150068	0.666667	0.666667	0.666667	1	1	4987.89	1e+20	5.51527e+10	74.2754	89.9877	61.3032	67.228	80.1583	85.5391	
165000	-150732	-1235.95	-103956	-23554.7	0.125842	1	0.159494	12.5396	3.66816	0.00235312	19.5284	0.272036	7723	99	744	-59972.5	57.257f	35.3123	4	1	1	0.019802	0.19802	0.049505	9.90099e-09	0	0	0	0	0.881818	0.963824	0.278497	0.581081	0.894194	0.009901	0.0990099	9.90099e-09	1	0.109961	0.177215	0.666667	0.666667	0.666667	1	1	4987.89	1e+20	5.51527e+10	74.2754	89.9877	61.3032	67.228	57.257	35.3123	
166000	-149991	-1235.95	-103215	-23475	0.129193	1	0.165468	12.0869	3.90688	0.00093537	19.5284	0.246193	7685	99	719	-59972.5	50.6515f	59.5189	4	1	1	0.019802	0.148515	0.049505	9.90099e-09	0	0	0	0	0.854545	0.953368	0.25	0.544218	0.870757	0.009901	0.0990099	9.90099e-09	1	0.126138	0.172462	0.666667	0.666667	0.666667	1	1	4987.89	1e+20	5.51527e+10	74.2754	89.9877	61.3032	67.228	50.6515	59.5189	
167000	-151859	-1235.95	-105083	-23800.4	0.129193	1	0.159862	12.5108	4.07402	0.000297535	19.9048	0.244371	7844	99	718	-59972.5	45.606f	49.9927	4	1	1	0.019802	0.148515	0.029703	9.90099e-09	0	0	0	0	0.854545	0.963151	0.282609	0.486301	0.889454	0.009901	0.0990099	9.90099e-09	1	0.122762	0.156749	0.666667	0.666667	0.666667	1	1	4987.89	1e+20	5.51527e+10	74.2754	89.9877	61.3032	67.228	45.606	49.9927	
168000	-152084	-1235.95	-105308	-23828.6	0.129763	1	0.151875	13.1688	3.73394	0.00364066	19.7052	0.280652	7858	99	728	-59972.5	67.419f	60.3733	4	1	1	0.049505	0.148515	0.029703	9.90099e-09	0	0	0	0	0.909091	0.968354	0.258228	0.503497	0.881679	0.009901	0.0990099	9.90099e-09	1	0.127226	0.186813	0.666667	0.666667	0.666667	1	1	4987.89	1e+20	5.51527e+10	74.2754	89.9877	76.9612	59.3364	67.419	60.3733	
169000	-151675	-1235.95	-104899	-23646.9	0.129763	1	0.161704	12.3682	4.18039	0.0112789	19.9541	0.235441	7769	99	771	-59972.5	76.9253f	74.3859	4	1	1	0.049505	0.148515	0.029703	9.90099e-09	0	0	0	0	0.818182	0.956186	0.252252	0.610063	0.882732	0.009901	0.0990099	9.90099e-09	1	0.128535	0.148477	0.666667	0.666667	0.666667	1	1	4987.89	1e+20	5.51527e+10	74.2754	89.9877	67.6454	78.9126	76.9253	74.3859	
170000	-152036	-1235.95	-105260	-23767.9	0.132303	1	0.161704	12.3682	4.2622	0.00906758	19.9541	0.230922	7828	99	755	-59972.5	58.6153f	81.3396	4	1	1	0.049505	0.148515	0.029703	9.90099e-09	0	0	0	0	0.890909	0.971831	0.226343	0.590909	0.897567	0.009901	0.0990099	9.90099e-09	1	0.120051	0.162821	0.666667	0.666667	0.666667	1	1	4987.89	1e+20	5.51527e+10	74.2754	89.9877	67.6454	78.9126	58.6153	81.3396	
171000	-151142	-1235.95	-104366	-23649	0.128875	1	0.161011	12.4215	4.13396	0.00439679	19.9541	0.239109	7770	99	727	-59972.5	56.0817f	71.5275	4	1	1	0.049505	0.148515	0.029703	9.90099e-09	0	0	0	0	0.872727	0.971795	0.277992	0.533784	0.898089	0.009901	0.0990099	9.90099e-09	1	0.142308	0.16485	0.666667	0.666667	0.666667	1	1	4987.89	1e+20	5.51527e+10	74.2754	89.9877	59.2258	90.9986	56.0817	71.5275	
172000	-150868	-1235.95	-104092	-23647	0.128875	1	0.144073	13.8818	3.71263	0.00625348	19.9724	0.297546	7769	99	702	-59972.5	51.3114f	76.8444	4	1	1	0.049505	0.168317	0.029703	9.90099e-09	0	0	0	0	0.936364	0.956466	0.273427	0.457746	0.912484	0.009901	0.0990099	9.90099e-09	1	0.139565	0.177746	0.666667	0.666667	0.666667	1	1	4987.89	1e+20	5.51527e+10	74.2754	89.9877	53.7989	90.7906	51.3114	76.8444	
173000	-148797	-1235.95	-102021	-23237.8	0.127109	1	0.148233	13.4923	3.76749	0.0105883	19.9724	0.284986	7570	99	719	-59972.5	68.4264f	79.9556	4	1	1	0.049505	0.168317	0.039604	9.90099e-09	0	0	0	0	0.872727	0.964238	0.279101	0.561644	0.887417	0.009901	0.0594059	9.90099e-09	1	0.116556	0.158554	0.666667	0.666667	0.666667	1	1	4987.89	1e+20	5.51527e+10	23.0361	71.5615	46.5397	65.1836	68.4264	79.9556	
174000	-147672	-1235.95	-100896	-23235.7	0.127109	1	0.151435	13.207	3.57018	0.000819922	19.6006	0.294378	7569	99	626	-59972.5	53.7799f	57.919	4	1	1	0.049505	0.168317	0.039604	9.90099e-09	0	0	0	0	0.845455	0.961741	0.257256	0.55814	0.896962	0.009901	0.0594059	9.90099e-09	1	0.0897098	0.143548	0.666667	0.666667	0.666667	1	1	4987.89	1e+20	5.51527e+10	27.058	77.6783	46.5397	65.1836	53.7799	57.919	
175000	-151249	-1235.95	-104473	-23643.7	0.127503	1	0.152413	13.1222	3.60439	0.00241747	19.6006	0.289712	7767	99	746	-59972.5	36.9071f	60.0305	4	1	1	0.049505	0.168317	0.039604	9.90099e-09	0	0	0	0	0.836364	0.949612	0.266839	0.478571	0.884115	0.009901	0.0594059	9.90099e-09	1	0.119171	0.182065	0.666667	0.666667	0.666667	1	1	4987.89	1e+20	5.51527e+10	27.058	77.6783	46.5397	65.1836	36.9071	60.0305	
176000	-150525	-1235.95	-103749	-23584	0.127503	1	0.157051	12.7347	3.81215	0.00170542	19.7288	0.265833	7738	99	705	-59972.5	51.1499f	63.4351	4	1	1	0.049505	0.168317	0.039604	9.90099e-09	0	0	0	0	0.827273	0.949677	0.238034	0.506944	0.874189	0.009901	0.0594059	9.90099e-09	1	0.122581	0.175036	0.666667	0.666667	0.666667	1	1	4987.89	1e+20	5.51527e+10	27.058	77.6783	32.4303	47.6946	51.1499	63.4351	
177000	-150778	-1235.95	-104002	-23726.6	0.129403	1	0.13885	14.404	3.01881	0.0123766	19.122	0.379698	7808	99	662	-59972.5	21.001f	24.6487	4	1	1	0.049505	0.168317	0.039604	9.90099e-09	0	0	0	0	0.9	0.965251	0.252903	0.529412	0.889318	0.009901	0.0594059	9.90099e-09	1	0.103713	0.169518	0.666667	0.666667	0.666667	1	1	4987.89	1e+20	5.51527e+10	27.058	77.6783	15.3782	33.6894	21.001	24.6487	
178000	-151517	-1235.95	-104741	-23853	0.129973	1	0.13805	14.4875	3.01464	0.0155375	19.122	0.382428	7870	99	672	-59972.5	38.3832f	8.41278	4	1	1	0.049505	0.168317	0.039604	9.90099e-09	0	0	0	0	0.845455	0.968153	0.239186	0.580153	0.905852	0.009901	0.0594059	9.90099e-09	1	0.110828	0.163885	0.666667	0.666667	0.666667	1	1	4987.89	1e+20	5.51527e+10	27.058	77.6783	9.06619	2.2998	38.3832	8.41278	
179000	-151705	-1235.95	-104929	-23899.3	0.131884	1	0.140457	14.2393	3.47858	0.00924577	19.6614	0.325744	7893	99	655	-59972.5	57.1413f	17.5852	4	1	1	0.049505	0.168317	0.039604	9.90099e-09	0	0	0	0	0.881818	0.967089	0.260759	0.523438	0.902532	0.009901	0.0594059	9.90099e-09	1	0.102922	0.163359	0.666667	0.666667	0.666667	1	1	4987.89	1e+20	5.51527e+10	27.058	77.6783	47.744	8.60941	57.1413	17.5852	
180000	-152436	-1235.95	-105660	-24029	0.131884	1	0.142099	14.0747	3.51924	0.00779778	19.6614	0.31826	7957	99	656	-59972.5	59.2629f	21.0096	4	1	1	0.049505	0.168317	0.039604	9.90099e-09	0	0	0	0	0.881818	0.973518	0.264151	0.5	0.889734	0.009901	0.128713	9.90099e-09	1	0.116834	0.147103	0.666667	0.666667	0.666667	1	1	4987.89	1e+20	5.51527e+10	36.1629	79.5491	47.744	8.60941	59.2629	21.0096	
181000	-150927	-1235.95	-104152	-23796	0.131985	1	0.138793	14.4099	3.44	0.0103513	19.6614	0.333345	7842	99	632	-59972.5	70.0408f	21.2227	4	1	1	0.0891089	0.168317	0.039604	9.90099e-09	0	0	0	0	0.872727	0.955357	0.267516	0.538462	0.892994	0.009901	0.128713	9.90099e-09	1	0.104459	0.174528	0.666667	0.666667	0.666667	1	1	4987.89	1e+20	5.51527e+10	36.1629	79.5491	47.744	8.60941	70.0408	21.2227	
182000	-154868	-1235.95	-108092	-24369.1	0.131985	1	0.136094	14.6957	3.3731	0.0110296	19.6614	0.346698	8125	99	704	-59972.5	58.3255f	14.685	4	1	1	0.0891089	0.168317	0.039604	9.90099e-09	0	0	0	0	0.918182	0.97284	0.260123	0.542254	0.906748	0.009901	0.128713	9.90099e-09	1	0.119311	0.170732	0.666667	0.666667	0.666667	1	1	4987.89	1e+20	5.51527e+10	50.6938	81.7892	47.744	8.60941	58.3255	14.685	
183000	-152293	-1235.95	-105517	-24000.6	0.131985	1	0.137929	14.5002	3.41858	0.00801044	19.6614	0.337536	7943	99	654	-59972.5	58.617f	20.3707	4	1	1	0.0891089	0.168317	0.039604	9.90099e-09	0	0	0	0	0.9	0.968672	0.23625	0.477273	0.892768	0.009901	0.128713	9.90099e-09	1	0.11125	0.165436	0.666667	0.666667	0.666667	1	1	4987.89	1e+20	5.51527e+10	18.6446	59.2037	47.744	8.60941	58.617	20.3707	
184000	-154053	-1235.95	-107277	-24227.4	0.131985	1	0.141687	14.1156	3.47354	0.00125357	19.6077	0.323382	8055	99	698	-59972.5	61.3258f	48.4646	4	1	1	0.0891089	0.168317	0.039604	9.90099e-09	0	0	0	0	0.927273	0.961395	0.275776	0.522059	0.913858	0.009901	0.128713	9.90099e-09	1	0.120797	0.164244	0.666667	0.666667	0.666667	1	1	4987.89	1e+20	5.51527e+10	18.6446	59.2037	40.3326	5.0208	61.3258	48.4646	
185000	-152532	-1235.95	-105756	-23980.3	0.131985	1	0.154171	12.9726	3.73999	0.0109584	19.5561	0.276024	7933	99	695	-59972.5	55.3465f	14.2195	4	1	1	0.0891089	0.138614	0.039604	9.90099e-09	0	0	0	0	0.854545	0.962025	0.22335	0.453901	0.875318	0.009901	0.128713	9.90099e-09	1	0.151399	0.166428	0.666667	0.666667	0.666667	1	1	4987.89	1e+20	5.51527e+10	18.6446	59.2037	36.5519	36.8457	55.3465	14.2195	
186000	-154417	-1235.95	-107641	-24300.5	0.13562	1	0.14631	13.6696	3.64704	0.0215407	19.5561	0.298267	8092	99	699	-59972.5	18.7235f	9.86733	4	1	1	0.019802	0.138614	0.039604	9.90099e-09	0	0	0	0	0.909091	0.960396	0.257108	0.492647	0.891358	0.009901	0.138614	9.90099e-09	1	0.0990099	0.167382	0.666667	0.666667	0.666667	1	1	4987.89	1e+20	5.51527e+10	11.6695	63.9526	36.5519	36.8457	18.7235	9.86733	
187000	-155966	-1235.95	-109190	-24568.2	0.13562	1	0.14631	13.6696	3.64704	0.0018913	19.5561	0.298267	8226	99	705	-59972.5	47.4964f	64.0897	4	1	1	0.019802	0.138614	0.029703	9.90099e-09	0	0	0	0	0.927273	0.97697	0.253641	0.507246	0.891041	0.009901	0.138614	9.90099e-09	1	0.113939	0.156028	0.666667	0.666667	0.666667	1	1	4987.89	1e+20	5.51527e+10	11.6695	63.9526	36.5519	36.8457	47.4964	64.0897	
188000	-153488	-1235.95	-106712	-24216.6	0.13562	1	0.146214	13.6785	3.6061	0.00699177	19.5042	0.30185	8050	99	660	-59972.5	26.3463f	33.4574	4	1	1	0.019802	0.138614	0.029703	9.90099e-09	0	0	0	0	0.909091	0.957921	0.238566	0.423358	0.898515	0.009901	0.138614	9.90099e-09	1	0.0965347	0.157576	0.666667	0.666667	0.666667	1	1	4987.89	1e+20	5.51527e+10	14.1355	71.3496	9.0743	51.5547	26.3463	33.4574	
189000	-156210	-1235.95	-109434	-24590.6	0.135125	1	0.143308	13.9559	3.46466	0.0113988	19.425	0.320545	8237	99	712	-59972.5	30.4827f	81.0196	4	1	1	0.019802	0.138614	0.029703	9.90099e-09	0	0	0	0	0.854545	0.968408	0.246341	0.525926	0.905455	0.009901	0.138614	9.90099e-09	1	0.104369	0.154494	0.666667	0.666667	0.666667	1	1	4987.89	1e+20	5.51527e+10	14.1355	71.3496	9.0743	51.5547	30.4827	81.0196	
190000	-155013	-1235.95	-108237	-24436.5	0.135125	1	0.145946	13.7037	3.65958	0.0104244	19.603	0.297987	8160	99	687	-59972.5	15.8236f	58.3824	4	1	1	0.019802	0.138614	0.029703	9.90099e-09	0	0	0	0	0.881818	0.964461	0.255528	0.572464	0.897185	0.009901	0.138614	9.90099e-09	1	0.105392	0.174672	0.666667	0.666667	0.666667	1	1	4987.89	1e+20	5.51527e+10	36.9811	76.0859	9.0743	51.5547	15.8236	58.3824	
191000	-153848	-1235.95	-107072	-24212.3	0.135125	1	0.148048	13.5092	3.71228	0.0243267	19.603	0.289586	8048	99	689	-59972.5	24.8677f	2.11755	4	1	1	0.019802	0.138614	0.029703	9.90099e-09	0	0	0	0	0.863636	0.962779	0.249689	0.543478	0.888476	0.009901	0.039604	9.90099e-09	1	0.105459	0.184325	0.666667	0.666667	0.666667	1	1	4987.89	1e+20	5.51527e+10	36.9811	76.0859	9.0743	51.5547	24.8677	2.11755	
192000	-155273	-1235.95	-108497	-24455.9	0.133501	1	0.138136	14.4785	3.42153	0.0113362	19.6022	0.336738	8169	99	691	-59972.5	13.7951f	56.1793	4	1	1	0.029703	0.168317	0.029703	9.90099e-09	0	0	0	0	0.818182	0.948466	0.261993	0.478261	0.887393	0.009901	0.039604	9.90099e-09	1	0.0979192	0.165205	0.666667	0.666667	0.666667	1	1	4987.89	1e+20	5.51527e+10	36.9811	76.0859	9.0743	51.5547	13.7951	56.1793	
193000	-152170	-1235.95	-105394	-24010.8	0.133501	1	0.124945	16.007	2.98217	0.00758586	19.4214	0.427138	7948	99	641	-59972.5	22.5533f	61.8962	4	1	1	0.029703	0.168317	0.049505	9.90099e-09	0	0	0	0	0.845455	0.951005	0.255025	0.58871	0.908291	0.009901	0.039604	9.90099e-09	1	0.0904523	0.163265	0.666667	0.666667	0.666667	1	1	4987.89	1e+20	5.51527e+10	36.9811	76.0859	9.0743	51.5547	22.5533	61.8962	
194000	-156840	-1235.95	-110064	-24721.1	0.140466	1	0.129757	15.4135	3.55054	0.0139749	19.8425	0.345458	8303	99	694	-59972.5	16.5139f	73.1774	4	1	1	0.029703	0.168317	0.049505	9.90099e-09	0	0	0	0	0.954545	0.965102	0.269555	0.559441	0.894103	0.009901	0.039604	9.90099e-09	1	0.0950662	0.17337	0.666667	0.666667	0.666667	1	1	4987.89	1e+20	5.51527e+10	36.9811	76.0859	9.0743	51.5547	16.5139	73.1774	
195000	-157849	-1235.95	-111073	-24866.6	0.136376	1	0.143514	13.9359	3.81264	0.00256851	19.8425	0.29087	8376	99	712	-59972.5	33.1202f	46.6668	4	1	1	0.029703	0.168317	0.049505	9.90099e-09	0	0	0	0	0.9	0.958184	0.237187	0.506757	0.892601	0.009901	0.039604	9.90099e-09	1	0.100478	0.154494	0.666667	0.666667	0.666667	1	1	4987.89	1e+20	5.51527e+10	36.9811	76.0859	9.0743	51.5547	33.1202	46.6668	
196000	-155735	-1235.95	-108959	-24522.8	0.134779	1	0.144576	13.8335	3.79589	0.00444031	19.8425	0.290008	8203	99	700	-59972.5	33.3848f	34.2195	4	1	1	0.029703	0.168317	0.049505	9.90099e-09	0	0	0	0	0.909091	0.968331	0.239951	0.552448	0.908313	0.009901	0.039604	9.90099e-09	1	0.0986602	0.162625	0.666667	0.666667	0.666667	1	1	4987.89	1e+20	5.51527e+10	36.9811	76.0859	57.2865	42.803	33.3848	34.2195	
197000	-155629	-1235.95	-108853	-24384	0.132928	1	0.157898	12.6664	4.0887	0.0166824	19.8425	0.246524	8133	99	764	-59972.5	29.4707f	10.2274	4	1	1	0.029703	0.168317	0.019802	9.90099e-09	0	0	0	0	0.881818	0.966993	0.26862	0.584416	0.898657	0.009901	0.108911	9.90099e-09	1	0.130807	0.144547	0.666667	0.666667	0.666667	1	1	4987.89	1e+20	5.51527e+10	36.9811	76.0859	57.2865	42.803	29.4707	10.2274	
198000	-152958	-1235.95	-106182	-24000.6	0.133104	1	0.148719	13.4482	3.4653	0.00377676	19.3194	0.308826	7943	99	726	-59972.5	64.7991f	35.2253	4	1	1	0.029703	0.168317	0.019802	9.90099e-09	0	0	0	0	0.927273	0.968553	0.23212	0.6	0.89335	0.009901	0.108911	9.90099e-09	1	0.0840652	0.18595	0.666667	0.666667	0.666667	1	1	4987.89	1e+20	5.51527e+10	23.4124	96.8172	95.6272	41.9248	64.7991	35.2253	
199000	-152518	-1235.95	-105742	-24059.2	0.132296	1	0.146238	13.6763	3.38681	0.00518983	19.3194	0.321343	7972	99	647	-59972.5	50.6602f	25.2295	4	1	1	0.0792079	0.227723	0.019802	9.90099e-09	0	0	0	0	0.890909	0.958122	0.263158	0.462687	0.913534	0.009901	0.108911	9.90099e-09	1	0.110276	0.165354	0.666667	0.666667	0.666667	1	1	4987.89	1e+20	5.51527e+10	23.4124	96.8172	95.6272	41.9248	50.6602	25.2295	
200000	-153077	-1235.95	-106301	-24057.2	0.132296	1	0.153425	13.0357	3.55326	0.0104217	19.3194	0.291942	7971	99	701	-59972.5	84.7028f	54.2499	4	1	1	0.0792079	0.227723	0.019802	9.90099e-09	0	0	0	0	0.918182	0.967419	0.25188	0.550336	0.89599	0.009901	0.108911	9.90099e-09	1	0.0901126	0.1703	0.666667	0.666667	0.666667	1	1	4987.89	1e+20	5.51527e+10	23.4124	96.8172	95.4289	39.5823	84.7028	54.2499	
201000	-155359	-1235.95	-108583	-24366.4	0.132506	1	0.153425	13.0357	4.04358	0.0104217	19.946	0.256541	8124	99	754	-59972.5	84.7028f	54.2499	4	1	1	0.0792079	0.227723	0.019802	9.90099e-09	0	0	0	0	0.881818	0.955446	0.226601	0.572368	0.899015	0.009901	0.108911	9.90099e-09	1	0.107011	0.19146	0.666667	0.666667	0.666667	1	1	4987.89	1e+20	5.51527e+10	7.79453	61.8714	95.4289	39.5823	84.7028	54.2499	
202000	-158255	-1235.95	-111479	-24884.1	0.140695	1	0.149535	13.3748	4.18464	0.0237411	19.946	0.254342	8386	99	747	-59972.5	99.3534f	69.3634	4	1	1	0.0792079	0.227723	0.019802	9.90099e-09	0	0	0	0	0.809091	0.966627	0.2497	0.454545	0.893029	0.009901	0.108911	