
# before rand glnL: -31508.341400 alnL: -1341.910626
# ninter: 99
# ncoal: 99
# nhits: 99
# true lbda: 0.003513
# true mu: 0.301060
# true rad: 82.859173
# true sigsq: 62.652734
# true neigh. size: 6.643199
# fst-based estimate of neighborhood size: -nan
# nucleotide diversity: 0.000000
# length of a generation: 23981.6 time units
# clock rate: 1 subst. per time unit
# after rand glnL: -31508.341400 alnL: -1341.910626
# ninter: 99
# ncoal: 99
# nhits: 99
# start lbda: 0.003513
# start mu: 0.301060
# start rad: 7.921131
sample	lnP	alnL	glnL	tlnL	lbda	clock	mu	neigh	sigsq	sigsqobs	rad	rhoe	nInt	nCoal	nHit	rootTime	rootLon	rootLat	tstv	alpha	MeanBr	accLbda	accMu	accRad	accInDelDisk	accInDelHit	accScaleTime	accSPR	accSPRlocal	accPath	accIndelDiskSerial	accIndelHitSerial	accLdskGivenDisk	accDiskGivenLdsk	accDiskAndLdsk	accLdskMulti	accDiskMulti	accMoveDiskUD	accAddRemoveJump	accLdskTipToRoot	tuneLbda	tuneRad	tuneMu	tuneIndelDisk	tuneIndelHit	tuneLdskGivenDisk	tuneIndelDiskSerial	tuneIndelHitSerial	c0	c1	rootc0	rootc1	rootldsk0	rootldsk1	
  1000	-52707.2	-1341.91	-5825.25	-1444.73	0.00791029	1	0.127467	15.6903	0.197516	0.0547938	19.8701	6.3215	252	99	127	-28463.3	99.7439f	53.8487	4	1	1	0	0	0	0	0	0	0	0	0.945455	0.70339	0.243697	0.398148	0.608333	0	0	0	1	0.17094	0.212598	1	1	1	1	1	1.5	7.59375	1.5	35.3431	64.0297	89.6074	73.2191	99.7439	53.8487	
  2000	-55157	-1341.91	-8275.09	-2166.23	0.0136586	1	0.141919	14.0925	0.379718	0.0295604	19.8701	2.95336	414	99	150	-28463.3	67.11f	79.5811	4	1	1	0	0	0	0	0	0	0	0	0.863636	0.880952	0.31746	0.443478	0.677686	0	0	0	1	0.18254	0.243421	1	1	1	1	1	3.375	656.841	7.59375	35.3431	64.0297	82.3294	57.6212	67.11	79.5811	
  3000	-57704.5	-1341.91	-10822.6	-2904.8	0.0184474	1	0.134762	14.841	0.486983	0.0507292	19.8701	2.42515	596	99	161	-28463.3	97.6591f	49.3926	4	1	1	0	0	0	0	0	0	0	0	0.9	0.917355	0.371901	0.504348	0.769231	0	0	0	1	0.2	0.236025	1	1	1	1	1	7.59375	191751	57.665	35.3431	64.0297	82.3294	57.6212	97.6591	49.3926	
  4000	-59346.6	-1341.91	-12464.6	-3340.08	0.0219463	1	0.125145	15.9814	0.538007	0.0313485	19.8701	2.36384	711	99	172	-28463.3	69.0363f	79.9728	4	1	1	0	0	0	0	0	0	0	0	0.9	0.923077	0.286713	0.5	0.769784	0	0	0	1	0.167832	0.234286	1	1	1	1	1	17.0859	1.88925e+08	3325.26	40.8049	67.4089	82.3294	57.6212	69.0363	79.9728	
  5000	-60899.1	-1341.91	-14017.2	-3656.41	0.0246988	1	0.140171	14.2683	0.678182	0.022751	19.8701	1.67423	798	99	213	-28463.3	76.7354f	56.9009	4	1	1	0	0	0	0	0	0	0	0	0.890909	0.90566	0.245283	0.548077	0.75974	0	0	0	1	0.150327	0.266355	1	1	1	1	1	86.4976	1.63415e+10	56815.1	97.9762	42.2023	77.4264	55.9116	76.7354	56.9009	
  6000	-61398.1	-1341.91	-14516.2	-3800.2	0.0281589	1	0.146877	13.6169	0.810179	0.0169094	19.8701	1.33748	840	99	211	-28463.3	65.8279f	64.7829	4	1	1	0	0	0	0	0	0	0	0	0.836364	0.899408	0.307692	0.553398	0.735294	0	0	0.039604	1	0.188235	0.170616	1	1	1	1	1	194.62	5.43398e+13	3.73185e+07	97.9762	42.2023	77.4264	55.9116	65.8279	64.7829	
  7000	-62087.6	-1341.91	-15205.7	-3947.91	0.0291135	1	0.167273	11.9565	0.964747	0.0125121	19.926	0.986239	882	99	224	-28463.3	64.6001f	54.6651	4	1	1	0	0.247525	0.009901	0	0	0	0	0	0.881818	0.932203	0.288136	0.462264	0.732955	0	0.168317	0.039604	1	0.213483	0.191964	1	0.666667	1.5	1	1	656.841	1.58634e+16	2.15197e+09	97.9762	42.2023	77.4264	55.9116	64.6001	54.6651	
  8000	-63387.8	-1341.91	-16505.9	-4217.37	0.0343126	1	0.151245	13.2236	1.02808	0.00732514	19.926	1.02356	961	99	248	-28463.3	45.0274f	51.849	4	1	1	0.207921	0.247525	0.009901	0	0	0	0	0	0.818182	0.916667	0.229947	0.555556	0.735135	0	0.168317	0.039604	1	0.145833	0.209205	0.666667	0.666667	1.5	1	1	3325.26	5.27498e+19	3.67685e+10	97.9762	42.2023	77.4264	55.9116	45.0274	51.849	
  9000	-64381.9	-1341.91	-17500	-4501.76	0.0361293	1	0.145083	13.7852	1.02784	0.0139649	19.8751	1.06729	1046	99	243	-28463.3	32.4412f	61.9164	4	1	1	0.207921	0.247525	0.009901	0	0	0	0	0	0.836364	0.933333	0.257143	0.536	0.784314	0	0.168317	0.039604	1	0.147059	0.18107	0.666667	0.666667	1.5	1	1	7481.83	1e+20	3.62265e+13	32.899	27.9812	44.584	66.8599	32.4412	61.9164	
 10000	-64561.7	-1341.91	-17679.8	-4551.18	0.0367109	1	0.143527	13.9347	1.03807	0.0164907	19.8986	1.06822	1061	99	243	-28463.3	63.3372f	66.6207	4	1	1	0.207921	0.247525	0.009901	0	0	0	0	0	0.881818	0.908257	0.317757	0.556604	0.715596	0	0.168317	0.039604	1	0.17757	0.214286	0.666667	0.666667	1.5	1	1	25251.2	1e+20	8.03084e+16	16.4379	23.0869	44.584	66.8599	63.3372	66.6207	
 11000	-66483.4	-1341.91	-19601.5	-5081.84	0.0439382	1	0.138569	14.4333	1.19952	0.0327219	19.8986	0.957519	1226	99	233	-28463.3	37.5959f	86.2716	4	1	1	0.207921	0.247525	0.009901	0	0	0	0	0	0.790909	0.894309	0.276423	0.41129	0.801653	0	0.168317	0.039604	1	0.097561	0.209205	0.666667	0.666667	1.5	1	1	25251.2	1e+20	8.03084e+16	16.4379	23.0869	44.584	66.8599	37.5959	86.2716	
 12000	-68025.1	-1341.91	-21143.2	-5364.7	0.0471247	1	0.131379	15.2231	1.21976	0.0148051	19.8986	0.993161	1317	99	264	-28463.3	59.4489f	66.8989	4	1	1	0.207921	0.247525	0.039604	0.049505	0	0	0	0	0.772727	0.931818	0.242424	0.514563	0.816794	0	0.168317	0.039604	1	0.151515	0.223022	0.666667	0.666667	1.5	1	1	25251.2	1e+20	8.03084e+16	16.4379	23.0869	44.584	66.8599	59.4489	66.8989	
 13000	-69383.8	-1341.91	-22501.9	-5677.51	0.0486933	1	0.124324	16.087	1.18723	0.0126778	19.8758	1.07828	1420	99	276	-28463.3	40.6492f	65.7987	4	1	1	0.207921	0.247525	0.039604	0.049505	0	0	0	0	0.827273	0.957746	0.208333	0.504505	0.851064	0	0.158416	0.019802	1	0.125874	0.194853	0.666667	0.666667	1.5	1	1	25251.2	1e+20	8.03084e+16	40.1398	16.2634	44.584	66.8599	40.6492	65.7987	
 14000	-71091.8	-1341.91	-24209.9	-6084.5	0.0539082	1	0.134486	14.8714	1.42181	0.0659346	19.8758	0.832339	1558	99	274	-28463.3	6.24936f	9.18955	4	1	1	0.207921	0.138614	0.039604	0.049505	0	0	0	0	0.809091	0.935897	0.224359	0.464286	0.75	0	0.158416	0.019802	1	0.24026	0.185455	0.666667	0.666667	1.5	1	1	25251.2	1e+20	8.03084e+16	40.1398	16.2634	32.869	49.8352	6.24936	9.18955	
 15000	-71463.7	-1341.91	-24581.8	-6119.41	0.0561998	1	0.142032	14.0813	1.56543	0.0204952	19.8758	0.715813	1570	99	295	-28463.3	68.652f	67.6049	4	1	1	0.138614	0.138614	0.039604	0.049505	0	0	0	0	0.809091	0.942308	0.305732	0.46281	0.826923	9.90099e-09	0.158416	0.019802	1	0.128205	0.204545	0.666667	0.666667	1.5	1	1	25251.2	1e+20	8.03084e+16	40.1398	16.2634	32.869	49.8352	68.652	67.6049	
 16000	-73263.8	-1341.91	-26381.9	-6441.42	0.056506	1	0.131501	15.209	1.45726	0.025033	19.8758	0.830528	1682	99	335	-28463.3	24.9385f	27.1461	4	1	1	0.138614	0.138614	0.039604	0.049505	0	0	0	0	0.827273	0.911243	0.278107	0.5	0.769231	9.90099e-09	0.158416	0.019802	1	0.260355	0.176119	0.666667	0.666667	1.5	1	1	25251.2	1e+20	8.03084e+16	9.26054	14.4039	32.869	49.8352	24.9385	27.1461	
 17000	-75582.3	-1341.91	-28700.3	-6932.21	0.0634319	1	0.131501	15.209	1.62652	0.0186669	19.8473	0.7441	1859	99	348	-28463.3	22.7285f	54.9153	4	1	1	0.138614	0.138614	0.039604	0.049505	0	0	0	0	0.809091	0.945652	0.302703	0.515385	0.801105	9.90099e-09	0.158416	0.019802	1	0.205405	0.176301	0.666667	0.666667	1.5	1	1	25251.2	1e+20	8.03084e+16	9.26054	14.4039	32.869	49.8352	22.7285	54.9153	
 18000	-76339.2	-1341.91	-29457.3	-7157.76	0.0654203	1	0.12192	16.4041	1.55643	0.0312293	19.851	0.838717	1942	99	326	-28463.3	23.9501f	77.8309	4	1	1	0.138614	0.138614	0.019802	0.049505	0	0	0	0	0.827273	0.908163	0.287179	0.539216	0.846154	9.90099e-09	0.158416	0.019802	1	0.153846	0.176647	0.666667	0.666667	1.5	1	1	25251.2	1e+20	8.03084e+16	9.26054	14.4039	25.2103	80.9394	23.9501	77.8309	
 19000	-76038.5	-1341.91	-29156.6	-7089.05	0.0684855	1	0.12192	16.4041	1.62935	0.0733024	19.851	0.801178	1917	99	328	-28463.3	7.13409f	95.4459	4	1	1	0.138614	0.138614	0.019802	0.049505	0	0	0	0	0.845455	0.927083	0.212435	0.598039	0.803109	9.90099e-09	0.0990099	0.009901	1	0.139896	0.185629	0.666667	0.666667	1.5	1	1	25251.2	1e+20	8.03084e+16	9.26054	14.4039	25.2103	80.9394	7.13409	95.4459	
 20000	-77242	-1341.91	-30360.1	-7316.68	0.068874	1	0.12192	16.4041	1.63859	0.0337425	19.851	0.796659	2002	99	344	-28463.3	14.9398f	70.3559	4	1	1	0.138614	0.138614	0.019802	0.049505	0	0	0	0	0.827273	0.954082	0.238806	0.445545	0.824121	9.90099e-09	0.0990099	0.009901	1	0.144279	0.205696	0.666667	0.666667	1.5	1	1	25251.2	1e+20	8.03084e+16	9.26054	14.4039	27.3161	75.9652	14.9398	70.3559	
 21000	-77671.4	-1341.91	-30789.5	-7448.53	0.0730667	1	0.12192	16.4041	1.73834	0.0215998	19.851	0.750945	2052	99	330	-28463.3	46.0739f	78.1532	4	1	1	0.148515	0.138614	0.019802	0.049505	0	0	0	0	0.763636	0.9375	0.256039	0.544554	0.839806	9.90099e-09	0.0990099	0.009901	1	0.144928	0.196429	0.666667	0.666667	1.5	1	1	25251.2	1e+20	8.03084e+16	9.26054	14.4039	27.3161	75.9652	46.0739	78.1532	
 22000	-79176	-1341.91	-32294.1	-7678.78	0.0730667	1	0.140081	14.2775	1.99728	0.0127625	19.851	0.568857	2140	99	371	-28463.3	42.0651f	32.4377	4	1	1	0.148515	0.039604	0.019802	0.049505	0	0	0	0	0.8	0.911215	0.283721	0.469565	0.827907	9.90099e-09	0.0990099	0.009901	1	0.130233	0.20155	0.666667	0.666667	1.5	1	1	25251.2	1e+20	8.03084e+16	9.26054	14.4039	41.0525	53.3884	42.0651	32.4377	
 23000	-80403.2	-1341.91	-33521.3	-7914.07	0.0780098	1	0.123286	16.2225	1.87673	0.00890155	19.851	0.687869	2232	99	383	-28463.3	37.6588f	49.6271	4	1	1	0.148515	0.039604	0.019802	0.049505	0	0	0	0	0.781818	0.927928	0.242152	0.504425	0.815315	9.90099e-09	0.0990099	0.009901	1	0.171171	0.16622	0.666667	0.666667	1.5	1	1	25251.2	1e+20	8.03084e+16	11.6585	7.86476	41.0525	53.3884	37.6588	49.6271	
 24000	-81408.1	-1341.91	-34526.2	-8114.48	0.0791939	1	0.123286	16.2225	1.90521	0.00844556	19.851	0.677585	2311	99	388	-28463.3	44.2378f	41.4373	4	1	1	0.148515	0.039604	0.019802	9.90099e-09	0	0	0	0	0.809091	0.914163	0.24569	0.581197	0.832618	9.90099e-09	0.0990099	0.009901	1	0.133047	0.219144	0.666667	0.666667	1.5	1	1	25251.2	1e+20	8.03084e+16	11.6585	7.86476	41.0525	53.3884	44.2378	41.4373	
 25000	-81428.9	-1341.91	-34547	-8131.88	0.0796856	1	0.12941	15.4548	2.02027	0.0521055	19.8707	0.608756	2318	99	383	-28463.3	59.1999f	98.7908	4	1	1	0.148515	0.039604	0.019802	9.90099e-09	0	0	0	0	0.763636	0.961207	0.237069	0.478632	0.818966	9.90099e-09	0.0990099	0.009901	1	0.107759	0.202632	0.666667	0.666667	1.5	1	1	25251.2	1e+20	8.03084e+16	11.6585	7.86476	41.0525	53.3884	59.1999	98.7908	
 26000	-81636.2	-1341.91	-34754.3	-8114.17	0.0796856	1	0.133761	14.9521	2.0882	0.0122641	19.8707	0.569797	2311	99	409	-28463.3	44.0418f	66.2091	4	1	1	0.148515	0.039604	0.019802	9.90099e-09	0	0	0	0	0.827273	0.978166	0.229437	0.588235	0.86087	9.90099e-09	0.0990099	9.90099e-09	1	0.203463	0.164589	0.666667	0.666667	1.5	1	1	25251.2	1e+20	8.03084e+16	11.6585	7.86476	41.0525	53.3884	44.0418	66.2091	
 27000	-81998.5	-1341.91	-35116.6	-8310.8	0.0837865	1	0.12553	15.9325	2.08297	0.00736937	19.9246	0.608682	2390	99	359	-28463.3	45.3843f	46.2919	4	1	1	0.148515	0.0693069	0.019802	9.90099e-09	0	0	0	0	0.818182	0.938017	0.225	0.525862	0.834025	9.90099e-09	0.0990099	9.90099e-09	1	0.145228	0.215259	0.666667	0.666667	1.5	1	1	25251.2	1e+20	8.03084e+16	11.6585	7.86476	41.0525	53.3884	45.3843	46.2919	
 28000	-82969.1	-1341.91	-36087.2	-8431.03	0.0889879	1	0.13151	15.208	2.31767	0.0101166	19.9246	0.522168	2438	99	394	-28463.3	37.3944f	41.4799	4	1	1	0.148515	0.0693069	0.019802	9.90099e-09	0	0	0	0	0.827273	0.910569	0.237705	0.525862	0.831276	9.90099e-09	0.0990099	9.90099e-09	1	0.164609	0.19086	0.666667	0.666667	1.5	1	1	25251.2	1e+20	8.03084e+16	11.6585	7.86476	41.0525	53.3884	37.3944	41.4799	
 29000	-84463.4	-1341.91	-37581.5	-8738.28	0.0889879	1	0.117548	17.0143	2.08	0.0260392	19.9447	0.650941	2565	99	393	-28463.3	80.5637f	51.9958	4	1	1	0.0792079	0.0693069	0.019802	9.90099e-09	0	0	0	0	0.745455	0.941176	0.246094	0.470588	0.866667	9.90099e-09	0.0990099	9.90099e-09	1	0.140078	0.189873	0.666667	0.666667	1.5	1	1	25251.2	1e+20	8.03084e+16	23.4969	26.4223	41.0525	53.3884	80.5637	51.9958	
 30000	-85057	-1341.91	-38175.1	-8896.71	0.0904115	1	0.107426	18.6175	1.91817	0.0074974	19.9107	0.772368	2631	99	376	-28463.3	43.0335f	50.092	4	1	1	0.0792079	0.0693069	0.019802	9.90099e-09	0	0	0	0	0.809091	0.926641	0.166023	0.5	0.849421	9.90099e-09	0.0990099	9.90099e-09	1	0.159091	0.198953	0.666667	0.666667	1.5	1	1	25251.2	1e+20	8.03084e+16	37.5519	24.6716	73.9689	75.8144	43.0335	50.092	
 31000	-85465.2	-1341.91	-38583.3	-8932.76	0.0904115	1	0.107426	18.6175	1.91817	0.0192367	19.9107	0.772368	2646	99	399	-28463.3	63.5767f	70.516	4	1	1	0.0792079	0.0693069	0.0594059	9.90099e-09	0	0	0	0	0.745455	0.958491	0.237736	0.590164	0.822642	9.90099e-09	0.108911	9.90099e-09	1	0.132075	0.209068	0.666667	0.666667	1.5	1	1	25251.2	1e+20	8.03084e+16	37.5519	24.6716	73.9689	75.8144	63.5767	70.516	
 32000	-84961.1	-1341.91	-38079.2	-8848.96	0.0936949	1	0.100741	19.8529	1.86414	0.009434	19.9107	0.847492	2611	99	383	-28463.3	49.8914f	60.8316	4	1	1	0.0792079	0.0693069	0.0594059	9.90099e-09	0	0	0	0	0.772727	0.965517	0.260536	0.47541	0.847328	9.90099e-09	0.108911	9.90099e-09	1	0.137405	0.185379	0.666667	0.666667	1.5	1	1	25251.2	1e+20	8.03084e+16	37.5519	24.6716	73.9689	75.8144	49.8914	60.8316	
 33000	-86488.2	-1341.91	-39606.3	-9186.5	0.0983485	1	0.0998254	20.035	1.93894	0.0212506	19.9107	0.822271	2754	99	376	-28463.3	49.6647f	77.798	4	1	1	0.0792079	0.0990099	0.0594059	9.90099e-09	0	0	0	0	0.836364	0.967273	0.271739	0.535088	0.820513	9.90099e-09	0.108911	9.90099e-09	1	0.137681	0.196809	0.666667	0.666667	1.5	1	1	25251.2	1e+20	8.03084e+16	37.5519	24.6716	73.9689	75.8144	49.6647	77.798	
 34000	-87817	-1341.91	-40935.1	-9406.39	0.100049	1	0.0990597	20.1898	1.95733	0.0180053	19.9107	0.820841	2849	99	397	-28463.3	37.2737f	26.8748	4	1	1	0.0792079	0.0990099	0.0594059	9.90099e-09	0	0	0	0	0.681818	0.944056	0.250871	0.541667	0.866667	9.90099e-09	0.108911	9.90099e-09	1	0.126316	0.211886	0.666667	0.666667	1.5	1	1	25251.2	1e+20	8.03084e+16	37.5519	24.6716	35.499	60.2041	37.2737	26.8748	
 35000	-87270.7	-1341.91	-40388.8	-9300.28	0.0994442	1	0.109686	18.2338	2.18243	0.0331684	19.9756	0.664857	2803	99	393	-28463.3	36.7514f	86.3726	4	1	1	0.0792079	0.0990099	0.0594059	9.90099e-09	0	0	0	0	0.845455	0.939286	0.207143	0.516949	0.892857	9.90099e-09	0.108911	9.90099e-09	1	0.135714	0.174603	0.666667	0.666667	1.5	1	1	25251.2	1e+20	8.03084e+16	25.5521	21.8961	35.499	60.2041	36.7514	86.3726	
 36000	-89234.3	-1341.91	-42352.3	-9603.21	0.102046	1	0.109686	18.2338	2.23581	0.0205972	19.9673	0.648982	2935	99	431	-28463.3	49.7168f	77.1302	4	1	1	0.108911	0.0990099	0.0594059	9.90099e-09	0	0	0	0	0.7	0.955326	0.262069	0.544	0.84589	9.90099e-09	0.108911	9.90099e-09	1	0.154639	0.194514	0.666667	0.666667	1.5	1	1	25251.2	1e+20	8.03084e+16	25.5521	21.8961	35.499	60.2041	49.7168	77.1302	
 37000	-89247.2	-1341.91	-42365.3	-9582.67	0.102046	1	0.10835	18.4587	2.20858	0.00713795	19.9673	0.665088	2926	99	439	-28463.3	46.7053f	50.7188	4	1	1	0.108911	0.0990099	0.019802	9.90099e-09	0	0	0	0	0.809091	0.945578	0.234694	0.557252	0.85274	9.90099e-09	0.0792079	9.90099e-09	1	0.197279	0.224444	0.666667	0.666667	1.5	1	1	25251.2	1e+20	8.03084e+16	25.5521	21.8961	35.499	60.2041	46.7053	50.7188	
 38000	-89413.8	-1341.91	-42531.9	-9580.85	0.104739	1	0.116205	17.2109	2.4312	0.0126237	19.9673	0.563344	2925	99	457	-28463.3	52.1979f	66.6663	4	1	1	0.108911	0.0990099	0.019802	9.90099e-09	0	0	0	0	0.718182	0.945392	0.284247	0.507692	0.808219	0.009901	0.0792079	9.90099e-09	1	0.119454	0.206278	0.666667	0.666667	1.5	1	1	25251.2	1e+20	8.03084e+16	25.5521	21.8961	35.499	60.2041	52.1979	66.6663	
 39000	-91599.4	-1341.91	-44717.5	-10020.8	0.104739	1	0.116205	17.2109	2.35039	0.0168289	19.7993	0.582713	3120	99	451	-28463.3	30.2485f	65.1442	4	1	1	0.108911	0.0990099	0.019802	9.90099e-09	0	0	0	0	0.763636	0.958199	0.270096	0.568493	0.847896	0.009901	0.0792079	9.90099e-09	1	0.160772	0.219616	0.666667	0.666667	1.5	1	1	25251.2	1e+20	8.03084e+16	51.4812	10.2842	35.499	60.2041	30.2485	65.1442	
 40000	-90915.9	-1341.91	-44034	-9933.51	0.107348	1	0.116383	17.1847	2.14729	0.0343076	19.2309	0.636857	3082	99	436	-28463.3	17.7763f	74.9023	4	1	1	0.108911	0.0990099	0.019802	9.90099e-09	0	0	0	0	0.818182	0.954545	0.213592	0.559701	0.822951	0.009901	0.0792079	9.90099e-09	1	0.132686	0.185012	0.666667	0.666667	1.5	1	1	25251.2	1e+20	8.03084e+16	51.4812	10.2842	35.499	60.2041	17.7763	74.9023	
 41000	-93506.4	-1341.91	-46624.4	-10423.9	0.114095	1	0.105103	19.0289	2.14982	0.0183269	19.4347	0.704375	3306	99	435	-28463.3	61.1139f	27.9487	4	1	1	0.108911	0.0990099	0.019802	9.90099e-09	0	0	0	0	0.727273	0.957704	0.247734	0.558824	0.888218	0.009901	0.0792079	9.90099e-09	1	0.126888	0.206897	0.666667	0.666667	1.5	1	1	25251.2	1e+20	8.03084e+16	51.4812	10.2842	35.499	60.2041	61.1139	27.9487	
 42000	-93208.7	-1341.91	-46326.8	-10302.4	0.114095	1	0.109761	18.2214	2.39929	0.0178241	19.7601	0.60435	3250	99	461	-28463.3	38.1027f	72.1974	4	1	1	0.0693069	0.0990099	0.019802	9.90099e-09	0	0	0	0	0.790909	0.935583	0.257669	0.473684	0.874233	0.009901	0.138614	9.90099e-09	1	0.150307	0.201735	0.666667	0.666667	1.5	1	1	25251.2	1e+20	8.03084e+16	51.4812	10.2842	33.9916	63.1547	38.1027	72.1974	
 43000	-94257	-1341.91	-47375.1	-10530.7	0.11721	1	0.100744	19.8524	2.2623	0.040664	19.7601	0.698318	3356	99	448	-28463.3	16.2907f	79.7543	4	1	1	0.0693069	0.0990099	0.019802	9.90099e-09	0	0	0	0	0.772727	0.95858	0.238095	0.514706	0.845238	0.009901	0.138614	9.90099e-09	1	0.139881	0.194196	0.666667	0.666667	1.5	1	1	25251.2	1e+20	8.03084e+16	51.4812	10.2842	33.9916	63.1547	16.2907	79.7543	
 44000	-97297	-1341.91	-50415	-10994.8	0.12286	1	0.100744	19.8524	2.35181	0.0458801	19.7193	0.67174	3576	99	491	-28463.3	48.4704f	96.4523	4	1	1	0.0693069	0.0990099	0.019802	9.90099e-09	0	0	0	0	0.754545	0.957746	0.285714	0.592593	0.885154	0.009901	0.138614	9.90099e-09	1	0.156425	0.20852	0.666667	0.666667	1.5	1	1	25251.2	1e+20	8.03084e+16	67.3963	12.395	32.5206	90.0926	48.4704	96.4523	
 45000	-96015.1	-1341.91	-49133.2	-10799.8	0.121938	1	0.111732	17.8999	2.58878	0.00759263	19.7193	0.550234	3483	99	473	-28463.3	46.4372f	44.2889	4	1	1	0.0693069	0.0891089	0.019802	9.90099e-09	0	0	0	0	0.772727	0.939828	0.303725	0.492958	0.868195	0.009901	0.138614	9.90099e-09	1	0.152299	0.18239	0.666667	0.666667	1.5	1	1	25251.2	1e+20	8.03084e+16	67.3963	12.395	21.5527	53.1376	46.4372	44.2889	
 46000	-96926.7	-1341.91	-50044.8	-10974.4	0.128612	1	0.113126	17.6794	2.76451	0.0145891	19.7193	0.50891	3566	99	472	-28463.3	27.3344f	52.1967	4	1	1	0.0693069	0.0891089	0.019802	9.90099e-09	0	0	0	0	0.772727	0.929972	0.210674	0.60274	0.871148	0.009901	0.138614	9.90099e-09	1	0.142857	0.184805	0.666667	0.666667	1.5	1	1	25251.2	1e+20	8.03084e+16	27.638	13.0902	21.5527	53.1376	27.3344	52.1967	
 47000	-97572.3	-1341.91	-50690.4	-11142.6	0.128612	1	0.0995469	20.091	2.43267	0.0355004	19.7193	0.657216	3648	99	446	-28463.3	16.4378f	24.3097	4	1	1	0.0693069	0.0891089	0.019802	0.019802	0	0	0	0	0.727273	0.950685	0.246575	0.492537	0.882192	0.009901	0.138614	9.90099e-09	1	0.135359	0.184685	0.666667	0.666667	1.5	1	1	25251.2	1e+20	8.03084e+16	67.3963	12.395	21.5527	53.1376	16.4378	24.3097	
 48000	-100106	-1341.91	-53224.6	-11475.4	0.130074	1	0.105253	19.0019	2.60134	0.0281145	19.7193	0.581285	3811	99	509	-28463.3	44.8482f	14.9955	4	1	1	0.0693069	0.0891089	0.009901	0.019802	0	0	0	0	0.781818	0.952632	0.253264	0.5	0.885117	0.009901	0.118812	9.90099e-09	1	0.125654	0.214145	0.666667	0.666667	1.5	1	1	25251.2	1e+20	8.03084e+16	67.3963	12.395	21.5527	53.1376	44.8482	14.9955	
 49000	-101847	-1341.91	-54965.3	-11679.6	0.137137	1	0.114907	17.4054	2.99416	0.0218931	19.7193	0.462592	3914	99	558	-28463.3	24.3085f	66.4983	4	1	1	0.0594059	0.0891089	0.009901	0.019802	0	0	0	0	0.7	0.933673	0.227621	0.54717	0.885204	0.009901	0.118812	9.90099e-09	1	0.137755	0.186813	0.666667	0.666667	1.5	1	1	25251.2	1e+20	8.03084e+16	14.6089	17.1275	12.3273	13.6171	24.3085	66.4983	
 50000	-101663	-1341.91	-54781.3	-11786.4	0.138541	1	0.0996944	20.0613	2.62436	0.00842072	19.7193	0.608312	3968	99	489	-28463.3	54.5005f	55.0462	4	1	1	0.0594059	0.0891089	0.009901	0.019802	0	0	0	0	0.754545	0.946835	0.233503	0.586207	0.858228	0.009901	0.118812	9.90099e-09	1	0.159494	0.208163	0.666667	0.666667	1.5	1	1	25251.2	1e+20	8.03084e+16	14.6089	17.1275	41.5337	24.785	54.5005	55.0462	
 51000	-102074	-1341.91	-55192.5	-11851.3	0.139956	1	0.0996944	20.0613	2.76522	0.0421123	19.928	0.577323	4001	99	488	-28463.3	62.8668f	7.42583	4	1	1	0.0594059	0.0891089	0.009901	0.019802	0	0	0	0	0.736364	0.965087	0.259352	0.564626	0.88	9.90099e-09	0.118812	9.90099e-09	1	0.117207	0.166333	0.666667	0.666667	1.5	1	1	25251.2	1e+20	8.03084e+16	14.6089	17.1275	41.5337	24.785	62.8668	7.42583	
 52000	-104087	-1341.91	-57204.9	-12062	0.142519	1	0.100242	19.9516	2.83134	0.0235291	19.928	0.560759	4109	99	556	-28463.3	31.0115f	23.9011	4	1	1	0.0594059	0.0891089	0.009901	0.019802	0	0	0	0	0.690909	0.927007	0.298544	0.54386	0.86165	9.90099e-09	0.118812	9.90099e-09	1	0.150852	0.225577	0.666667	0.666667	1.5	1	1	25251.2	1e+20	8.03084e+16	20.6951	77.5323	41.5337	24.785	31.0115	23.9011	
 53000	-102960	-1341.91	-56078.4	-11880.9	0.142519	1	0.100242	19.9516	2.81965	0.024296	19.9074	0.563084	4016	99	550	-28463.3	17.3029f	42.5018	4	1	1	0.0594059	0.0891089	0.029703	0.019802	0	0	0	0	0.827273	0.965517	0.276284	0.616822	0.870647	9.90099e-09	0.118812	9.90099e-09	1	0.129353	0.214286	0.666667	0.666667	1.5	1	1	25251.2	1e+20	8.03084e+16	41.2679	87.6794	41.5337	24.785	17.3029	42.5018	
 54000	-100073	-1341.91	-53191.4	-11439.7	0.132985	1	0.0995676	20.0868	2.61333	0.0280978	19.9074	0.611656	3794	99	514	-28463.3	66.5629f	20.4035	4	1	1	0.0792079	0.0891089	0.029703	0.019802	0	0	0	0	0.7	0.950262	0.263158	0.471698	0.83812	9.90099e-09	0.0990099	9.90099e-09	1	0.160526	0.204239	0.666667	0.666667	1.5	1	1	25251.2	1e+20	8.03084e+16	11.2128	17.8434	41.5337	24.785	66.5629	20.4035	
 55000	-98341.7	-1341.91	-51459.8	-11261.5	0.12887	1	0.0995676	20.0868	2.53246	0.0288029	19.9074	0.63119	3706	99	452	-28463.3	41.7518f	14.8331	4	1	1	0.0792079	0.0891089	0.029703	0.019802	0	0	0	0	0.654545	0.96496	0.256065	0.48227	0.843243	9.90099e-09	0.0990099	9.90099e-09	1	0.142473	0.216216	0.666667	0.666667	1.5	1	1	25251.2	1e+20	8.03084e+16	11.2128	17.8434	48.1131	31.8919	41.7518	14.8331	
 56000	-97948.2	-1341.91	-51066.2	-11148.9	0.129361	1	0.0995676	20.0868	2.51956	0.014235	19.8632	0.63442	3651	99	471	-28463.3	67.4379f	54.1353	4	1	1	0.0792079	0.0891089	0.029703	0.019802	0	0	0	0	0.8	0.926829	0.219512	0.492958	0.860215	9.90099e-09	0.0990099	9.90099e-09	1	0.138587	0.217204	0.666667	0.666667	1.5	1	1	25251.2	1e+20	8.03084e+16	11.2128	17.8434	48.1131	31.8919	67.4379	54.1353	
 57000	-99150.9	-1341.91	-52269	-11359.5	0.129361	1	0.0944464	21.176	2.38997	0.00719144	19.8632	0.705086	3754	99	472	-28463.3	48.0101f	47.0532	4	1	1	0.0792079	0.0891089	0.029703	9.90099e-09	0	0	0	0	0.718182	0.93617	0.298667	0.546099	0.890957	9.90099e-09	0.0990099	9.90099e-09	1	0.138298	0.175214	0.666667	0.666667	1.5	1	1	25251.2	1e+20	8.03084e+16	1.27603	63.9651	48.1131	31.8919	48.0101	47.0532	
 58000	-99404.2	-1341.91	-52522.2	-11350.7	0.132049	1	0.105401	18.9751	2.72934	0.041141	19.8755	0.553244	3750	99	504	-28463.3	46.4162f	93.4706	4	1	1	0.0792079	0.0693069	0.029703	9.90099e-09	0	0	0	0	0.709091	0.962567	0.228723	0.49505	0.875	9.90099e-09	0.0990099	9.90099e-09	1	0.144	0.219149	0.666667	0.666667	1.5	1	1	25251.2	1e+20	8.03084e+16	1.27603	63.9651	48.1131	31.8919	46.4162	93.4706	
 59000	-100798	-1341.91	-53916.3	-11592.6	0.133712	1	0.10965	18.2399	2.79086	0.0199955	19.7282	0.520085	3870	99	505	-28463.3	40.0752f	23.4873	4	1	1	0.0792079	0.0693069	0.039604	9.90099e-09	0	0	0	0	0.681818	0.96144	0.240409	0.552381	0.875	9.90099e-09	0.0990099	9.90099e-09	1	0.146835	0.169173	0.666667	0.666667	1.5	1	1	25251.2	1e+20	8.03084e+16	29.3024	7.55441	48.1131	31.8919	40.0752	23.4873	
 60000	-101335	-1341.91	-54452.9	-11667.7	0.132941	1	0.11175	17.8971	2.8279	0.0232909	19.7282	0.503627	3907	99	514	-28463.3	60.6095f	21.9206	4	1	1	0.049505	0.0693069	0.039604	9.90099e-09	0	0	0	0	0.763636	0.951282	0.237852	0.496689	0.861538	9.90099e-09	0.118812	9.90099e-09	1	0.166667	0.195777	0.666667	0.666667	1.5	1	1	25251.2	1e+20	8.03084e+16	29.3024	7.55441	48.1131	31.8919	60.6095	21.9206	
 61000	-99873.3	-1341.91	-52991.4	-11389.2	0.132941	1	0.105101	19.0292	2.74319	0.0116918	19.8813	0.552021	3769	99	521	-28463.3	44.2086f	65.2453	4	1	1	0.049505	0.0693069	0.039604	9.90099e-09	0	0	0	0	0.745455	0.937008	0.297368	0.480769	0.830239	9.90099e-09	0.118812	9.90099e-09	1	0.165354	0.203846	0.666667	0.666667	1.5	1	1	25251.2	1e+20	8.03084e+16	29.3024	7.55441	48.1131	31.8919	44.2086	65.2453	
 62000	-100460	-1341.91	-53578.1	-11527.5	0.131148	1	0.104134	19.206	2.30927	0.0185789	19.1526	0.66184	3837	99	512	-28463.3	53.3695f	24.4994	4	1	1	0.049505	0.0693069	0.039604	9.90099e-09	0	0	0	0	0.809091	0.953125	0.221354	0.549669	0.848958	9.90099e-09	0.118812	9.90099e-09	1	0.169271	0.160396	0.666667	0.666667	1.5	1	1	25251.2	1e+20	8.03084e+16	29.3024	7.55441	48.1131	31.8919	53.3695	24.4994	
 63000	-99967.2	-1341.91	-53085.3	-11515.3	0.131148	1	0.106524	18.7752	2.36226	0.0275928	19.1526	0.63248	3831	99	475	-28463.3	64.0219f	19.3879	4	1	1	0.049505	0.0693069	0.039604	9.90099e-09	0	0	0	0	0.736364	0.950777	0.197403	0.56338	0.838542	0.009901	0.118812	9.90099e-09	1	0.104167	0.192719	0.666667	0.666667	1.5	1	1	25251.2	1e+20	8.03084e+16	29.3024	7.55441	48.9326	39.4507	64.0219	19.3879	
 64000	-99178.6	-1341.91	-52296.7	-11397.5	0.134007	1	0.106524	18.7752	2.41375	0.015608	19.1526	0.618987	3773	99	465	-28463.3	27.7114f	40.4774	4	1	1	0.049505	0.0693069	0.039604	9.90099e-09	0	0	0	0	0.763636	0.960422	0.248691	0.517483	0.845953	0.009901	0.118812	9.90099e-09	1	0.167979	0.180828	0.666667	0.666667	1.5	1	1	25251.2	1e+20	8.03084e+16	29.3024	7.55441	48.9326	39.4507	27.7114	40.4774	
 65000	-98293.5	-1341.91	-51411.6	-11176.4	0.125844	1	0.108252	18.4754	2.68463	0.0146226	19.8999	0.547648	3664	99	491	-28463.3	53.106f	69.4872	4	1	1	0.049505	0.0693069	0.0693069	9.90099e-09	0	0	0	0	0.8	0.958791	0.243902	0.597315	0.858311	0.009901	0.118812	9.90099e-09	1	0.153846	0.21118	0.666667	0.666667	1.5	1	1	25251.2	1e+20	8.03084e+16	29.3024	7.55441	29.3596	47.7673	53.106	69.4872	
 66000	-97742.5	-1341.91	-50860.5	-11066.5	0.125844	1	0.104466	19.145	2.63973	0.0380429	19.9934	0.577145	3611	99	497	-28463.3	32.4585f	10.3973	4	1	1	0.049505	0.108911	0.0693069	9.90099e-09	0	0	0	0	0.727273	0.92011	0.172222	0.496599	0.870166	0.009901	0.0792079	9.90099e-09	1	0.11326	0.178571	0.666667	0.666667	1.5	1	1	25251.2	1e+20	8.03084e+16	29.3024	7.55441	29.3596	47.7673	32.4585	10.3973	
 67000	-97885	-1341.91	-51003.1	-11138.5	0.128387	1	0.106791	18.7282	2.51848	0.0178236	19.5532	0.591765	3646	99	475	-28463.3	23.9752f	42.9301	4	1	1	0.049505	0.108911	0.0693069	9.90099e-09	0	0	0	0	0.763636	0.964187	0.249315	0.503546	0.850829	0.009901	0.0792079	9.90099e-09	1	0.150685	0.199115	0.666667	0.666667	1.5	1	1	25251.2	1e+20	8.03084e+16	29.3024	7.55441	29.3596	47.7673	23.9752	42.9301	
 68000	-98919.7	-1341.91	-52037.7	-11324.4	0.131916	1	0.092578	21.6034	2.283	0.0273324	19.6391	0.75302	3737	99	473	-28463.3	17.7101f	33.7795	4	1	1	0.049505	0.108911	0.0693069	9.90099e-09	0	0	0	0	0.754545	0.941176	0.250667	0.509934	0.868984	0.009901	0.0792079	9.90099e-09	1	0.139037	0.217565	0.666667	0.666667	1.5	1	1	25251.2	1e+20	8.03084e+16	29.3024	7.55441	29.3596	47.7673	17.7101	33.7795	
 69000	-99095.6	-1341.91	-52213.7	-11320.3	0.131916	1	0.105675	18.926	2.60597	0.0221987	19.6391	0.577934	3735	99	491	-28463.3	29.2093f	72.1348	4	1	1	0.049505	0.108911	0.0693069	9.90099e-09	0	0	0	0	0.772727	0.954545	0.285333	0.538462	0.86631	0.009901	0.0792079	9.90099e-09	1	0.147059	0.215886	0.666667	0.666667	1.5	1	1	25251.2	1e+20	8.03084e+16	29.3024	7.55441	29.3596	47.7673	29.2093	72.1348	
 70000	-100896	-1341.91	-54014	-11576.5	0.133615	1	0.105675	18.926	2.63954	0.0109113	19.6391	0.570584	3862	99	524	-28463.3	35.049f	42.0749	4	1	1	0.049505	0.108911	0.0693069	9.90099e-09	0	0	0	0	0.745455	0.938144	0.226804	0.528846	0.839793	0.009901	0.0792079	9.90099e-09	1	0.154639	0.200758	0.666667	0.666667	1.5	1	1	25251.2	1e+20	8.03084e+16	29.3024	7.55441	29.3596	47.7673	35.049	42.0749	
 71000	-99534.6	-1341.91	-52652.7	-11421.5	0.133615	1	0.105675	18.926	2.63954	0.0196113	19.6391	0.570584	3785	99	482	-28463.3	27.5715f	32.0574	4	1	1	0.049505	0.0693069	0.049505	9.90099e-09	0	0	0	0	0.727273	0.944737	0.230769	0.529801	0.835106	0.009901	0.0792079	9.90099e-09	1	0.115789	0.178499	0.666667	0.666667	1.5	1	1	25251.2	1e+20	8.03084e+16	29.3024	7.55441	29.81	53.4701	27.5715	32.0574	
 72000	-100018	-1341.91	-53136.5	-11459.8	0.133615	1	0.105141	19.022	2.62621	0.0387329	19.6391	0.576392	3804	99	500	-28463.3	5.68844f	54.6257	4	1	1	0.049505	0.0693069	0.049505	9.90099e-09	0	0	0	0	0.7	0.937173	0.267717	0.529412	0.895013	0.009901	0.0792079	9.90099e-09	1	0.13089	0.216963	0.666667	0.666667	1.5	1	1	25251.2	1e+20	8.03084e+16	18.2769	21.2892	29.81	53.4701	5.68844	54.6257	
 73000	-99844.1	-1341.91	-52962.2	-11451.8	0.132955	1	0.115235	17.3558	2.81588	0.0475427	19.5559	0.490479	3800	99	495	-28463.3	15.7379f	13.7732	4	1	1	0.049505	0.0693069	0.049505	9.90099e-09	0	0	0	0	0.8	0.965969	0.244737	0.593103	0.831579	0.009901	0.0693069	9.90099e-09	1	0.173684	0.178862	0.666667	0.666667	1.5	1	1	25251.2	1e+20	8.03084e+16	18.2769	21.2892	11.5065	22.844	15.7379	13.7732	
 74000	-99138.5	-1341.91	-52256.5	-11292	0.135197	1	0.103435	19.3357	2.57017	0.0188592	19.5559	0.598673	3720	99	515	-28463.3	48.9962f	23.6061	4	1	1	0.049505	0.0693069	0.049505	9.90099e-09	0	0	0	0	0.663636	0.935829	0.237968	0.568627	0.867374	0.009901	0.0693069	9.90099e-09	1	0.144385	0.193858	0.666667	0.666667	1.5	1	1	25251.2	1e+20	8.03084e+16	18.2769	21.2892	8.44419	15.2864	48.9962	23.6061	
 75000	-99938.8	-1341.91	-53056.8	-11498.1	0.135197	1	0.110403	18.1154	2.44973	0.0334366	19.0103	0.588462	3823	99	481	-28463.3	11.3154f	36.5195	4	1	1	0.049505	0.0693069	0.049505	9.90099e-09	0	0	0	0	0.763636	0.953368	0.219638	0.580952	0.859788	0.019802	0.0693069	9.90099e-09	1	0.137306	0.21	0.666667	0.666667	1.5	1	1	25251.2	1e+20	8.03084e+16	18.2769	21.2892	39.6234	22.2318	11.3154	36.5195	
 76000	-101852	-1341.91	-54970.4	-11790.3	0.139681	1	0.109095	18.3327	2.50097	0.0186824	19.0103	0.58332	3970	99	507	-28463.3	34.6891f	27.3814	4	1	1	0.049505	0.0693069	0.049505	9.90099e-09	0	0	0	0	0.718182	0.937028	0.253769	0.514851	0.846734	0.019802	0.0693069	9.90099e-09	1	0.151134	0.159449	0.666667	0.666667	1.5	1	1	25251.2	1e+20	8.03084e+16	18.2769	21.2892	39.6234	22.2318	34.6891	27.3814	
 77000	-102660	-1341.91	-55778.5	-11859.7	0.138239	1	0.109095	18.3327	2.66527	0.045363	19.3653	0.547362	4005	99	540	-28463.3	22.9086f	9.98765	4	1	1	0.049505	0.128713	0.029703	9.90099e-09	0	0	0	0	0.672727	0.919395	0.24812	0.568627	0.845387	0.019802	0.0693069	9.90099e-09	1	0.150376	0.172888	0.666667	0.666667	1.5	1	1	25251.2	1e+20	8.03084e+16	18.2769	21.2892	39.6234	22.2318	22.9086	9.98765	
 78000	-103545	-1341.91	-56662.6	-12033.6	0.147042	1	0.102774	19.4602	2.35294	0.0491742	18.7616	0.658153	4094	99	534	-28463.3	21.7085f	8.06215	4	1	1	0.0693069	0.128713	0.029703	9.90099e-09	0	0	0	0	0.8	0.946341	0.212195	0.509615	0.865854	0.019802	0.0693069	9.90099e-09	1	0.15122	0.180812	0.666667	0.666667	1.5	1	1	25251.2	1e+20	8.03084e+16	18.2769	21.2892	39.6234	22.2318	21.7085	8.06215	
 79000	-105210	-1341.91	-58328.5	-12288.6	0.147042	1	0.110699	18.067	2.53437	0.0206956	18.7616	0.567292	4227	99	547	-28463.3	29.7315f	28.3096	4	1	1	0.0693069	0.128713	0.029703	9.90099e-09	0	0	0	0	0.754545	0.941038	0.199052	0.447368	0.846336	0.019802	0.118812	9.90099e-09	1	0.13948	0.184258	0.666667	0.666667	1.5	1	1	25251.2	1e+20	8.03084e+16	18.2769	21.2892	39.6234	22.2318	29.7315	28.3096	
 80000	-104436	-1341.91	-57554.4	-12200.4	0.146676	1	0.109715	18.229	2.57089	0.0458918	18.8826	0.564249	4181	99	526	-28463.3	40.7112f	3.00556	4	1	1	0.0693069	0.128713	0.029703	9.90099e-09	0	0	0	0	0.781818	0.954436	0.23913	0.442308	0.860911	0.019802	0.118812	9.90099e-09	1	0.128878	0.175197	0.666667	0.666667	1.5	1	1	25251.2	1e+20	8.03084e+16	37.0813	2.58663	39.6234	22.2318	40.7112	3.00556	
 81000	-104337	-1341.91	-57454.7	-12150.5	0.146676	1	0.114242	17.5067	2.57149	0.0137803	18.6938	0.541763	4155	99	545	-28463.3	38.9718f	32.0661	4	1	1	0.0693069	0.128713	0.029703	9.90099e-09	0	0	0	0	0.781818	0.934783	0.20241	0.495413	0.913253	0.019802	0.118812	9.90099e-09	1	0.154589	0.181644	0.666667	0.666667	1.5	1	1	25251.2	1e+20	8.03084e+16	37.0813	2.58663	39.6234	22.2318	38.9718	32.0661	
 82000	-105110	-1341.91	-58227.9	-12271.4	0.14673	1	0.116281	17.1997	2.41678	0.0144817	18.3231	0.566336	4218	99	551	-28463.3	27.8993f	54.3809	4	1	1	0.0693069	0.128713	0.029703	9.90099e-09	0	0	0	0	0.827273	0.938242	0.21327	0.509615	0.876485	0.019802	0.118812	9.90099e-09	1	0.11639	0.185118	0.666667	0.666667	1.5	1	1	25251.2	1e+20	8.03084e+16	37.0813	2.58663	39.6234	22.2318	27.8993	54.3809	
 83000	-104266	-1341.91	-57384.1	-12104.5	0.14673	1	0.12762	15.6716	2.65244	0.0392671	18.3231	0.470173	4131	99	563	-28463.3	43.6377f	6.86948	4	1	1	0.0693069	0.128713	0.0990099	9.90099e-09	0	0	0	0	0.709091	0.946602	0.244604	0.478261	0.834532	0.019802	0.118812	9.90099e-09	1	0.144928	0.160142	0.666667	0.666667	1.5	1	1	25251.2	1e+20	8.03084e+16	37.0813	2.58663	39.6234	22.2318	43.6377	6.86948	
 84000	-104507	-1341.91	-57624.9	-12183.5	0.144798	1	0.1261	15.8604	2.58634	0.0205925	18.3231	0.487998	4172	99	548	-28463.3	28.9633f	29.1351	4	1	1	0.0594059	0.128713	0.0990099	9.90099e-09	0	0	0	0	0.718182	0.947619	0.251196	0.5	0.848193	0.019802	0.118812	9.90099e-09	1	0.126794	0.138544	0.666667	0.666667	1.5	1	1	25251.2	1e+20	8.03084e+16	37.0813	2.58663	39.6234	22.2318	28.9633	29.1351	
 85000	-106785	-1341.91	-59903	-12512.8	0.147168	1	0.1261	15.8604	2.567	0.0104331	18.2147	0.491675	4344	99	580	-28463.3	37.2423f	40.6003	4	1	1	0.0594059	0.108911	0.0990099	9.90099e-09	0	0	0	0	0.818182	0.958237	0.225581	0.565217	0.833724	0.019802	0.118812	9.90099e-09	1	0.149883	0.147425	0.666667	0.666667	1.5	1	1	25251.2	1e+20	8.03084e+16	37.0813	2.58663	39.6234	22.2318	37.2423	40.6003	
 86000	-109249	-1341.91	-62366.7	-12889	0.157881	1	0.121079	16.5181	2.58109	0.0179626	18.105	0.50927	4548	99	589	-28463.3	48.7104f	24.6007	4	1	1	0.0594059	0.108911	0.0990099	9.90099e-09	0	0	0	0	0.727273	0.948889	0.229399	0.452174	0.850446	0.019802	0.118812	9.90099e-09	1	0.140312	0.169779	0.666667	0.666667	1.5	1	1	25251.2	1e+20	8.03084e+16	37.0813	2.58663	39.6234	22.2318	48.7104	24.6007	
 87000	-108763	-1341.91	-61881.4	-12826.3	0.15742	1	0.111071	18.0065	2.36083	0.0333515	18.105	0.606954	4514	99	585	-28463.3	20.5552f	22.0441	4	1	1	0.0594059	0.108911	0.0990099	9.90099e-09	0	0	0	0	0.745455	0.947137	0.238411	0.452174	0.865044	0.019802	0.118812	9.90099e-09	1	0.11674	0.181197	0.666667	0.666667	1.5	1	1	25251.2	1e+20	8.03084e+16	37.0813	2.58663	39.6234	22.2318	20.5552	22.0441	
 88000	-107239	-1341.91	-60357.2	-12665.5	0.15742	1	0.11451	17.4657	2.43393	0.0364435	18.105	0.571043	4427	99	536	-28463.3	53.9658f	9.05106	4	1	1	0.0594059	0.108911	0.0990099	9.90099e-09	0	0	0	0	0.890909	0.952381	0.232506	0.528846	0.873303	9.90099e-09	0.118812	9.90099e-09	1	0.119639	0.181308	0.666667	0.666667	1.5	1	1	25251.2	1e+20	8.03084e+16	37.0813	2.58663	39.6234	22.2318	53.9658	9.05106	
 89000	-108812	-1341.91	-61929.8	-12944.4	0.157918	1	0.11451	17.4657	2.32496	0.0496662	17.8847	0.597807	4578	99	528	-28463.3	52.6824f	0.473647	4	1	1	0.0594059	0.108911	0.0990099	9.90099e-09	0	0	0	0	0.772727	0.954348	0.198257	0.543689	0.888646	9.90099e-09	0.118812	9.90099e-09	1	0.0917031	0.157692	0.666667	0.666667	1.5	1	1	25251.2	1e+20	8.03084e+16	37.0813	2.58663	39.6234	22.2318	52.6824	0.473647	
 90000	-110545	-1341.91	-63663.3	-13183.1	0.163966	1	0.11583	17.2666	2.44184	0.0281086	17.8847	0.562704	4710	99	552	-28463.3	29.5701f	20.0764	4	1	1	0.0792079	0.108911	0.029703	9.90099e-09	0	0	0	0	0.8	0.944798	0.241453	0.513043	0.876068	9.90099e-09	0.118812	9.90099e-09	1	0.128205	0.164602	0.666667	0.666667	1.5	1	1	25251.2	1e+20	8.03084e+16	37.0813	2.58663	39.6234	22.2318	29.5701	20.0764	
 91000	-111127	-1341.91	-64245.1	-13276.3	0.168608	1	0.11583	17.2666	2.4498	0.0299702	17.7748	0.560877	4762	99	557	-28463.3	60.1692f	15.5533	4	1	1	0.0792079	0.049505	0.029703	9.90099e-09	0	0	0	0	0.7	0.949686	0.207547	0.526786	0.861925	9.90099e-09	0.138614	9.90099e-09	1	0.127883	0.166954	0.666667	0.666667	1.5	1	1	25251.2	1e+20	8.03084e+16	37.0813	2.58663	39.6234	22.2318	60.1692	15.5533	
 92000	-110728	-1341.91	-63846.4	-13222.8	0.168121	1	0.11583	17.2666	2.3182	0.0182634	17.5438	0.592716	4732	99	548	-28463.3	51.0354f	24.4491	4	1	1	0.0792079	0.049505	0.029703	9.90099e-09	0	0	0	0	0.709091	0.951374	0.252632	0.544643	0.882105	9.90099e-09	0.138614	9.90099e-09	1	0.0989474	0.157509	0.666667	0.666667	1.5	1	1	25251.2	1e+20	8.03084e+16	37.0813	2.58663	39.6234	22.2318	51.0354	24.4491	
 93000	-111981	-1341.91	-65098.8	-13361.8	0.168121	1	0.114246	17.5061	2.2865	0.0144697	17.5438	0.609268	4810	99	583	-28463.3	42.095f	29.7811	4	1	1	0.0792079	0.049505	0.029703	9.90099e-09	0	0	0	0	0.709091	0.954545	0.23444	0.533898	0.839175	9.90099e-09	0.138614	9.90099e-09	1	0.108108	0.146218	0.666667	0.666667	1.5	1	1	25251.2	1e+20	8.03084e+16	37.0813	2.58663	39.6234	22.2318	42.095	29.7811	
 94000	-111609	-1341.91	-64727.3	-13403.1	0.164613	1	0.107174	18.6612	2.0165	0.0126853	17.3663	0.736429	4832	99	525	-28463.3	57.1555f	34.2535	4	1	1	0.0792079	0.049505	0.029703	9.90099e-09	0	0	0	0	0.654545	0.968944	0.15735	0.637255	0.84265	9.90099e-09	0.138614	9.90099e-09	1	0.10124	0.146667	0.666667	0.666667	1.5	1	1	25251.2	1e+20	8.03084e+16	37.0813	2.58663	39.6234	22.2318	57.1555	34.2535	
 95000	-112207	-1341.91	-65325.6	-13376	0.168931	1	0.118598	16.8637	2.55293	0.0274916	17.8448	0.525659	4818	99	595	-28463.3	20.0969f	29.6379	4	1	1	0.0792079	0.049505	0.029703	9.90099e-09	0	0	0	0	0.781818	0.95842	0.207039	0.608696	0.843096	9.90099e-09	0.138614	9.90099e-09	1	0.141962	0.15683	0.666667	0.666667	1.5	1	1	25251.2	1e+20	8.03084e+16	37.0813	2.58663	41.7721	29.0133	20.0969	29.6379	
 96000	-113003	-1341.91	-66121.1	-13450.7	0.168931	1	0.113492	17.6224	2.44301	0.0188795	17.8448	0.574025	4860	99	616	-28463.3	46.8844f	23.5737	4	1	1	0.0792079	0.049505	0.029703	9.90099e-09	0	0	0	0	0.8	0.952282	0.215768	0.521368	0.866944	9.90099e-09	0.138614	9.90099e-09	1	0.116183	0.177994	0.666667	0.666667	1.5	1	1	25251.2	1e+20	8.03084e+16	37.0813	2.58663	41.7721	29.0133	46.8844	23.5737	
 97000	-113759	-1341.91	-66877.3	-13596.4	0.173246	1	0.116768	17.128	2.79758	0.0255459	18.2136	0.487207	4943	99	603	-28463.3	15.5511f	46.3569	4	1	1	0.0594059	0.049505	0.0891089	9.90099e-09	0	0	0	0	0.727273	0.9375	0.208502	0.455285	0.892929	9.90099e-09	0.0792079	9.90099e-09	1	0.131313	0.171901	0.666667	0.666667	1.5	1	1	25251.2	1e+20	8.03084e+16	2.91484	95.743	27.9966	35.4355	15.5511	46.3569	
 98000	-114030	-1341.91	-67148.4	-13584.5	0.175342	1	0.111923	17.8695	2.71393	0.0103227	18.2136	0.523965	4936	99	635	-28463.3	37.9531f	40.1468	4	1	1	0.0594059	0.0990099	0.0891089	9.90099e-09	0	0	0	0	0.718182	0.943548	0.204453	0.492188	0.861167	9.90099e-09	0.0792079	9.90099e-09	1	0.143145	0.164038	0.666667	0.666667	1.5	1	1	25251.2	1e+20	8.03084e+16	37.0813	2.58663	27.9966	35.4355	37.9531	40.1468	
 99000	-114479	-1341.91	-67597.1	-13734.2	0.175342	1	0.114252	17.5052	2.52942	0.0140822	17.8039	0.550727	5022	99	591	-28463.3	34.4498f	64.2786	4	1	1	0.0594059	0.0990099	0.0891089	9.90099e-09	0	0	0	0	0.772727	0.95825	0.205534	0.565574	0.861386	9.90099e-09	0.0792079	9.90099e-09	1	0.115308	0.159935	0.666667	0.666667	1.5	1	1	25251.2	1e+20	8.03084e+16	37.0813	2.58663	27.9966	35.4355	34.4498	64.2786	
100000	-115470	-1341.91	-68588.1	-13816	0.175342	1	0.11602	17.2384	2.56823	0.03575	17.8033	0.534139	5069	99	637	-28463.3	50.41f	9.15499	4	1	1	0.0594059	0.0990099	0.0891089	9.90099e-09	0	0	0	0	0.681818	0.956863	0.19604	0.463415	0.835294	9.90099e-09	0.0792079	9.90099e-09	1	0.110454	0.180301	0.666667	0.666667	1.5	1	1	25251.2	1e+20	8.03084e+16	37.0813	2.58663	23.7854	22.1749	50.41	9.15499	
101000	-114528	-1341.91	-67646.5	-13589.7	0.175342	1	0.111429	17.9486	3.04251	0.00866989	18.7622	0.46945	4939	99	667	-28463.3	52.9094f	57.4694	4	1	1	0.0594059	0.0990099	0.0891089	9.90099e-09	0	0	0	0	0.690909	0.955823	0.218876	0.544715	0.86558	9.90099e-09	0.0792079	9.90099e-09	1	0.137652	0.17619	0.666667	0.666667	1.5	1	1	25251.2	1e+20	8.03084e+16	37.1667	18.1305	27.2357	27.0196	52.9094	57.4694	
102000	-114264	-1341.91	-67381.9	-13694.2	0.175077	1	0.103476	19.3282	2.75879	0.052546	18.6578	0.557523	4999	99	587	-28463.3	22.1603f	5.53863	4	1	1	0.0594059	0.0990099	0.0891089	9.90099e-09	0	0	0	0	0.681818	0.958416	0.203593	0.5	0.874251	9.90099e-09	0.0792079	9.90099e-09	1	0.151093	0.188648	0.666667	0.666667	1.5	1	1	25251.2	1e+20	8.03084e+16	37.1667	18.1305	27.2357	27.0196	22.1603	5.53863	
103000	-114865	-1341.91	-67983.4	-13772.3	0.177876	1	0.0929909	21.5075	2.75249	0.0122225	19.0761	0.621804	5044	99	594	-28463.3	59.5938f	37.0734	4	1	1	0.029703	0.0693069	0.0792079	9.90099e-09	0	0	0	0	0.727273	0.94	0.256461	0.491379	0.899598	9.90099e-09	0.118812	9.90099e-09	1	0.12326	0.184932	0.666667	0.666667	1.5	1	1	25251.2	1e+20	8.03084e+16	37.1667	18.1305	27.2357	27.0196	59.5938	37.0734	
104000	-113083	-1341.91	-66201.4	-13604.8	0.177876	1	0.0929909	21.5075	2.81439	0.00853589	19.1825	0.608129	4947	99	531	-28463.3	52.1418f	57.4445	4	1	1	0.029703	0.0693069	0.0792079	9.90099e-09	0	0	0	0	0.736364	0.961616	0.226908	0.491071	0.878244	9.90099e-09	0.118812	9.90099e-09	1	0.141414	0.205505	0.666667	0.666667	1.5	1	1	25251.2	1e+20	8.03084e+16	37.1667	18.1305	27.2357	27.0196	52.1418	57.4445	
105000	-114615	-1341.91	-67732.7	-13787.8	0.177876	1	0.0940516	21.2649	2.84649	0.0342794	19.1825	0.594489	5053	99	560	-28463.3	8.55057f	46.9999	4	1	1	0.029703	0.0693069	0.0792079	9.90099e-09	0	0	0	0	0.763636	0.972387	0.250988	0.520661	0.895464	9.90099e-09	0.118812	9.90099e-09	1	0.112648	0.188235	0.666667	0.666667	1.5	1	1	25251.2	1e+20	8.03084e+16	37.1667	18.1305	27.2357	27.0196	8.55057	46.9999	
106000	-115234	-1341.91	-68352.5	-13843	0.177876	1	0.0924355	21.6367	3.00464	0.0113107	19.528	0.573046	5085	99	584	-28463.3	53.2784f	34.9556	4	1	1	0.029703	0.0693069	0.0792079	9.90099e-09	0	0	0	0	0.727273	0.952663	0.201961	0.658537	0.887574	9.90099e-09	0.118812	9.90099e-09	1	0.125737	0.167213	0.666667	0.666667	1.5	1	1	25251.2	1e+20	8.03084e+16	85.1947	37.3324	27.2357	27.0196	53.2784	34.9556	
107000	-114930	-1341.91	-68048.6	-13894.8	0.177876	1	0.0915893	21.8366	2.8775	0.0164901	19.3625	0.603894	5115	99	524	-28463.3	32.8739f	67.1257	4	1	1	0.029703	0.0693069	0.0792079	9.90099e-09	0	0	0	0	0.754545	0.953033	0.270428	0.527132	0.864971	9.90099e-09	0.118812	9.90099e-09	1	0.11546	0.198095	0.666667	0.666667	1.5	1	1	25251.2	1e+20	8.03084e+16	37.1667	18.1305	27.2357	27.0196	32.8739	67.1257	
108000	-116214	-1341.91	-69331.9	-13999.2	0.183654	1	0.0926385	21.5893	2.98251	0.0219508	19.3261	0.576032	5176	99	582	-28463.3	26.7691f	29.3882	4	1	1	0.029703	0.0693069	0.0792079	9.90099e-09	0	0	0	0	0.763636	0.959144	0.242718	0.482759	0.871845	9.90099e-09	0.118812	9.90099e-09	1	0.133205	0.176976	0.666667	0.666667	1.5	1	1	25251.2	1e+20	8.03084e+16	37.1667	18.1305	27.2357	27.0196	26.7691	29.3882	
109000	-116688	-1341.91	-69806.4	-14125.4	0.181065	1	0.0883412	22.6395	2.52115	0.0187064	18.8191	0.714591	5250	99	556	-28463.3	38.1044f	25.6521	4	1	1	0.049505	0.0693069	0.0792079	9.90099e-09	0	0	0	0	0.818182	0.965714	0.249049	0.5	0.889734	9.90099e-09	0.118812	9.90099e-09	1	0.112167	0.194991	0.666667	0.666667	1.5	1	1	25251.2	1e+20	8.03084e+16	37.1667	18.1305	27.2357	27.0196	38.1044	25.6521	
110000	-115873	-1341.91	-68990.7	-14053.7	0.181065	1	0.0883412	22.6395	2.50605	0.0208635	18.7908	0.718896	5208	99	529	-28463.3	36.0139f	24.0706	4	1	1	0.049505	0.0891089	0.0792079	9.90099e-09	0	0	0	0	0.709091	0.952107	0.24952	0.457944	0.877629	9.90099e-09	0.118812	9.90099e-09	1	0.104962	0.181308	0.666667	0.666667	1.5	1	1	25251.2	1e+20	8.03084e+16	37.1667	18.1305	27.2357	27.0196	36.0139	24.0706	
111000	-115749	-1341.91	-68867.6	-13920	0.184414	1	0.0933239	21.4307	2.66302	0.0206848	18.7324	0.640401	5129	99	597	-28463.3	26.0899f	32.0882	4	1	1	0.049505	0.0891089	0.0792079	9.90099e-09	0	0	0	0	0.736364	0.933071	0.240234	0.546296	0.900391	9.90099e-09	0.118812	9.90099e-09	1	0.117188	0.185121	0.666667	0.666667	1.5	1	1	25251.2	1e+20	8.03084e+16	37.1667	18.1305	27.2357	27.0196	26.0899	32.0882	
112000	-116586	-1341.91	-69703.8	-14047.7	0.186711	1	0.0933239	21.4307	2.91488	0.0128268	19.1013	0.585069	5204	99	595	-28463.3	34.2686f	37.5016	4	1	1	0.049505	0.0891089	0.0792079	9.90099e-09	0	0	0	0	0.845455	0.959615	0.262548	0.586207	0.872587	9.90099e-09	0.118812	9.90099e-09	1	0.131274	0.196639	0.666667	0.666667	1.5	1	1	25251.2	1e+20	8.03084e+16	37.1667	18.1305	56.3649	18.8276	34.2686	37.5016	
113000	-118233	-1341.91	-71351	-14276	0.186711	1	0.0946366	21.1335	2.95588	0.0431625	19.1013	0.568951	5340	99	604	-28463.3	72.6538f	11.5613	4	1	1	0.049505	0.0891089	0.0792079	9.90099e-09	0	0	0	0	0.690909	0.953096	0.252809	0.533333	0.883895	9.90099e-09	0.118812	9.90099e-09	1	0.121723	0.213087	0.666667	0.666667	1.5	1	1	25251.2	1e+20	8.03084e+16	37.1667	18.1305	56.3649	18.8276	72.6538	11.5613	
114000	-119050	-1341.91	-72167.9	-14348.5	0.192498	1	0.0982525	20.3557	3.48393	0.00977297	19.5669	0.464951	5383	99	629	-28463.3	50.7276f	37.4507	4	1	1	0.0594059	0.0891089	0.0792079	9.90099e-09	0	0	0	0	0.745455	0.955556	0.224074	0.507813	0.879406	9.90099e-09	0.118812	9.90099e-09	1	0.144444	0.190174	0.666667	0.666667	1.5	1	1	25251.2	1e+20	8.03084e+16	78.8014	15.4712	56.3649	18.8276	50.7276	37.4507	
115000	-120572	-1341.91	-73690.2	-14597.1	0.193354	1	0.0977193	20.4668	3.48043	0.0188307	19.5669	0.467958	5534	99	621	-28463.3	50.6179f	23.7628	4	1	1	0.0594059	0.0891089	0.0792079	9.90099e-09	0	0	0	0	0.663636	0.958409	0.259928	0.512	0.88587	9.90099e-09	0.118812	9.90099e-09	1	0.133816	0.197368	0.666667	0.666667	1.5	1	1	25251.2	1e+20	8.03084e+16	37.1667	18.1305	56.3649	18.8276	50.6179	23.7628	
116000	-120250	-1341.91	-73368.6	-14587.3	0.193354	1	0.0813611	24.5818	2.89604	0.0481217	19.5639	0.675458	5528	99	596	-28463.3	87.3675f	21.6873	4	1	1	0.0594059	0.0693069	0.0792079	9.90099e-09	0	0	0	0	0.681818	0.954463	0.255009	0.487395	0.874317	9.90099e-09	0.138614	9.90099e-09	1	0.115732	0.225524	0.666667	0.666667	1.5	1	1	25251.2	1e+20	8.03084e+16	31.9378	16.8099	56.3649	18.8276	87.3675	21.6873	
117000	-122643	-1341.91	-75761.3	-14918.2	0.203586	1	0.0863683	23.1567	3.27192	0.0278726	19.6166	0.563201	5732	99	612	-28463.3	67.2087f	21.0552	4	1	1	0.0594059	0.0693069	0.0792079	9.90099e-09	0	0	0	0	0.672727	0.933682	0.233857	0.443548	0.878049	9.90099e-09	0.138614	9.90099e-09	1	0.149826	0.195513	0.666667	0.666667	1.5	1	1	25251.2	1e+20	8.03084e+16	49.9724	3.35736	56.3649	18.8276	67.2087	21.0552	
118000	-123663	-1341.91	-76780.9	-15021.6	0.203586	1	0.0863683	23.1567	3.27192	0.0249945	19.6166	0.563201	5797	99	631	-28463.3	73.6203f	30.6636	4	1	1	0.0594059	0.0693069	0.0792079	9.90099e-09	0	0	0	0	0.718182	0.957118	0.237113	0.484127	0.874786	9.90099e-09	0.138614	9.90099e-09	1	0.110345	0.194444	0.666667	0.666667	1.5	1	1	25251.2	1e+20	8.03084e+16	49.9724	3.35736	56.3649	18.8276	73.6203	30.6636	
119000	-123578	-1341.91	-76696.2	-15037.9	0.19875	1	0.0863683	23.1567	3.1942	0.0462208	19.6166	0.576904	5806	99	619	-28463.3	51.5658f	2.41573	4	1	1	0.0594059	0.0693069	0.0792079	9.90099e-09	0	0	0	0	0.7	0.960481	0.240137	0.553846	0.893836	9.90099e-09	0.138614	9.90099e-09	1	0.121784	0.193861	0.666667	0.666667	1.5	1	1	25251.2	1e+20	8.03084e+16	49.9724	3.35736	56.3649	18.8276	51.5658	2.41573	
120000	-121991	-1341.91	-75109.5	-14873.1	0.19875	1	0.0863683	23.1567	3.1942	0.0253292	19.6166	0.576904	5704	99	579	-28463.3	20.8977f	31.7514	4	1	1	0.0594059	0.0693069	0.0792079	9.90099e-09	0	0	0	0	0.690909	0.942609	0.215035	0.528926	0.883929	9.90099e-09	0.138614	9.90099e-09	1	0.138354	0.182274	0.666667	0.666667	1.5	1	1	25251.2	1e+20	8.03084e+16	49.9724	3.35736	56.3649	18.8276	20.8977	31.7514	
121000	-122749	-1341.91	-75866.7	-14934.5	0.19875	1	0.0863683	23.1567	3.1942	0.0202357	19.6166	0.576904	5742	99	613	-28463.3	58.0125f	24.0785	4	1	1	0.0693069	0.0693069	0.019802	9.90099e-09	0	0	0	0	0.727273	0.968696	0.260035	0.504274	0.907986	9.90099e-09	0.138614	9.90099e-09	1	0.113043	0.191919	0.666667	0.666667	1.5	1	1	25251.2	1e+20	8.03084e+16	49.9724	3.35736	44.5283	32.0336	58.0125	24.0785	
122000	-121929	-1341.91	-75047.3	-14850.8	0.202489	1	0.0863683	23.1567	3.25429	0.0443808	19.6166	0.566251	5690	99	589	-28463.3	38.6479f	4.31098	4	1	1	0.0693069	0.0693069	0.019802	9.90099e-09	0	0	0	0	0.709091	0.962963	0.235501	0.478992	0.907018	9.90099e-09	0.138614	9.90099e-09	1	0.102293	0.20654	0.666667	0.666667	1.5	1	1	25251.2	1e+20	8.03084e+16	49.9724	3.35736	44.5283	32.0336	38.6479	4.31098	
123000	-123435	-1341.91	-76553.1	-15064.8	0.202489	1	0.0863683	23.1567	3.25429	0.00974419	19.6166	0.566251	5824	99	590	-28463.3	54.2801f	59.9237	4	1	1	0.0693069	0.029703	0.019802	9.90099e-09	0	0	0	0	0.790909	0.952055	0.222985	0.491935	0.905822	9.90099e-09	0.138614	9.90099e-09	1	0.120069	0.203333	0.666667	0.666667	1.5	1	1	25251.2	1e+20	8.03084e+16	49.9724	3.35736	31.1054	37.7136	54.2801	59.9237	
124000	-122610	-1341.91	-75728	-14804	0.201299	1	0.0954905	20.9445	3.57686	0.0275693	19.6166	0.46597	5661	99	674	-28463.3	41.1314f	15.9802	4	1	1	0.0693069	0.029703	0.019802	9.90099e-09	0	0	0	0	0.718182	0.960993	0.234266	0.552239	0.867491	9.90099e-09	0.138614	9.90099e-09	1	0.128521	0.175074	0.666667	0.666667	1.5	1	1	25251.2	1e+20	8.03084e+16	52.5584	7.88925	31.1054	37.7136	41.1314	15.9802	
125000	-122554	-1341.91	-75672.2	-14840.9	0.201299	1	0.092648	21.5871	3.47039	0.0135286	19.6166	0.495001	5684	99	650	-28463.3	34.2029f	36.0007	4	1	1	0.0693069	0.029703	0.019802	9.90099e-09	0	0	0	0	0.690909	0.950877	0.240773	0.529412	0.869947	9.90099e-09	0.138614	9.90099e-09	1	0.128295	0.180597	0.666667	0.666667	1.5	1	1	25251.2	1e+20	8.03084e+16	52.5584	7.88925	31.1054	37.7136	34.2029	36.0007	
126000	-122740	-1341.91	-75858.4	-14892.3	0.20206	1	0.092648	21.5871	3.48352	0.0188064	19.6166	0.493135	5716	99	634	-28463.3	48.038f	23.6382	4	1	1	0.0693069	0.029703	0.019802	9.90099e-09	0	0	0	0	0.627273	0.965096	0.237347	0.460938	0.859155	0.019802	0.138614	9.90099e-09	1	0.0993031	0.211538	0.666667	0.666667	1.5	1	1	25251.2	1e+20	8.03084e+16	91.8603	87.467	31.1054	37.7136	48.038	23.6382	
127000	-123088	-1341.91	-76206.4	-15002.5	0.202809	1	0.0971216	20.5927	3.66525	0.0492066	19.6166	0.447096	5785	99	604	-28463.3	10.2924f	18.0069	4	1	1	0.0594059	0.029703	0.019802	9.90099e-09	0	0	0	0	0.736364	0.941681	0.236207	0.475806	0.885274	0.019802	0.108911	9.90099e-09	1	0.139655	0.149007	0.666667	0.666667	1.5	1	1	25251.2	1e+20	8.03084e+16	52.5584	7.88925	31.1054	37.7136	10.2924	18.0069	
128000	-123810	-1341.91	-76928.4	-15027.3	0.200271	1	0.0914571	21.8682	3.40828	0.0202164	19.6166	0.510584	5800	99	646	-28463.3	43.1564f	22.5276	4	1	1	0.0594059	0.0792079	9.90099e-09	9.90099e-09	0	0	0	0	0.754545	0.951807	0.273666	0.547445	0.889845	0.019802	0.108911	9.90099e-09	1	0.134251	0.171806	0.666667	0.666667	1.5	1	1	25251.2	1e+20	8.03084e+16	52.5584	7.88925	31.1054	37.7136	43.1564	22.5276	
129000	-122954	-1341.91	-76072.1	-14935.4	0.201338	1	0.0914571	21.8682	3.42645	0.0109221	19.6166	0.507877	5743	99	624	-28463.3	33.0742f	50.4101	4	1	1	0.0594059	0.0792079	9.90099e-09	9.90099e-09	0	0	0	0	0.763636	0.954545	0.230769	0.475806	0.890845	0.019802	0.108911	9.90099e-09	1	0.138112	0.176282	0.666667	0.666667	1.5	1	1	25251.2	1e+20	8.03084e+16	69.4645	96.7287	31.1054	37.7136	33.0742	50.4101	
130000	-123933	-1341.91	-77051.5	-15030.9	0.199467	1	0.0938547	21.3095	3.38763	0.0199645	19.48	0.500574	5802	99	658	-28463.3	74.4618f	44.6691	4	1	1	0.0594059	0.0792079	9.90099e-09	9.90099e-09	0	0	0	0	0.736364	0.956747	0.234483	0.410448	0.872154	0.019802	0.108911	9.90099e-09	1	0.122203	0.201878	0.666667	0.666667	1.5	1	1	25251.2	1e+20	8.03084e+16	11.7824	12.1261	31.1054	37.7136	74.4618	44.6691	
131000	-123515	-1341.91	-76633.2	-14942	0.20318	1	0.0938547	21.3095	3.45069	0.0228797	19.48	0.491425	5747	99	670	-28463.3	29.9535f	25.3846	4	1	1	0.0594059	0.0792079	9.90099e-09	9.90099e-09	0	0	0	0	0.709091	0.953206	0.247387	0.469231	0.890435	0.019802	0.108911	9.90099e-09	1	0.125436	0.180597	0.666667	0.666667	1.5	1	1	25251.2	1e+20	8.03084e+16	53.2981	6.9867	30.0326	23.6034	29.9535	25.3846	
132000	-123853	-1341.91	-76971.4	-15008.9	0.20318	1	0.0938547	21.3095	3.45069	0.0353483	19.48	0.491425	5789	99	661	-28463.3	26.5406f	15.4637	4	1	1	0.0594059	0.0792079	9.90099e-09	9.90099e-09	0	0	0	0	0.709091	0.94148	0.22069	0.522059	0.884283	0.019802	0.108911	9.90099e-09	1	0.15544	0.209023	0.666667	0.666667	1.5	1	1	25251.2	1e+20	8.03084e+16	53.2981	6.9867	30.0326	23.6034	26.5406	15.4637	
133000	-120805	-1341.91	-73922.6	-14660.1	0.199308	1	0.0850537	23.5146	3.29197	0.0184245	19.827	0.568422	5572	99	598	-28463.3	72.7507f	54.3218	4	1	1	0.0792079	0.0792079	9.90099e-09	9.90099e-09	0	0	0	0	0.709091	0.955437	0.277281	0.5	0.880071	0.019802	0.108911	9.90099e-09	1	0.134409	0.192053	0.666667	0.666667	1.5	1	1	25251.2	1e+20	8.03084e+16	53.2981	6.9867	30.0326	23.6034	72.7507	54.3218	
134000	-122718	-1341.91	-75835.8	-14967.6	0.200765	1	0.0850537	23.5146	3.31604	0.0189129	19.827	0.564297	5763	99	590	-28463.3	58.3761f	25.7663	4	1	1	0.0792079	0.039604	9.90099e-09	9.90099e-09	0	0	0	0	0.736364	0.962003	0.233857	0.464912	0.863874	0.019802	0.108911	9.90099e-09	1	0.137871	0.210351	0.666667	0.666667	1.5	1	1	25251.2	1e+20	8.03084e+16	53.2981	6.9867	30.0326	23.6034	58.3761	25.7663	
135000	-125903	-1341.91	-79021.3	-15364.8	0.209184	1	0.0939452	21.289	3.8163	0.0206338	19.827	0.443918	6015	99	626	-28463.3	48.1528f	21.6984	4	1	1	0.0792079	0.039604	0.019802	9.90099e-09	0	0	0	0	0.6	0.953566	0.238806	0.460938	0.868988	0.019802	0.0792079	9.90099e-09	1	0.119403	0.189793	0.666667	0.666667	1.5	1	1	25251.2	1e+20	8.03084e+16	53.2981	6.9867	31.5506	24.5507	48.1528	21.6984	
136000	-126406	-1341.91	-79524.4	-15369.5	0.209184	1	0.0953628	20.9725	3.87389	0.0336091	19.827	0.430818	6018	99	667	-28463.3	18.899f	23.5127	4	1	1	0.0792079	0.039604	0.019802	9.90099e-09	0	0	0	0	0.718182	0.951987	0.243781	0.507576	0.864013	0.019802	0.0792079	9.90099e-09	1	0.155887	0.206897	0.666667	0.666667	1.5	1	1	25251.2	1e+20	8.03084e+16	63.7237	55.1362	31.5506	24.5507	18.899	23.5127	
137000	-124166	-1341.91	-77283.7	-15022.7	0.207572	1	0.0985401	20.2963	3.97209	0.0272828	19.827	0.406619	5797	99	677	-28463.3	65.1327f	20.3145	4	1	1	0.0792079	0.039604	0.019802	9.90099e-09	0	0	0	0	0.663636	0.944828	0.238422	0.614286	0.87931	0.009901	0.0792079	9.90099e-09	1	0.148276	0.228951	0.666667	0.666667	1.5	1	1	25251.2	1e+20	8.03084e+16	53.2981	6.9867	31.5506	24.5507	65.1327	20.3145	
138000	-124797	-1341.91	-77915.5	-15121.7	0.207572	1	0.0985332	20.2977	3.62378	0.0320836	19.3776	0.445735	5860	99	677	-28463.3	18.7947f	25.3687	4	1	1	0.049505	0.039604	0.019802	9.90099e-09	0	0	0	0	0.690909	0.951724	0.242268	0.485294	0.877163	0.009901	0.0792079	9.90099e-09	1	0.117547	0.205793	0.666667	0.666667	1.5	1	1	25251.2	1e+20	8.03084e+16	53.2981	6.9867	31.5506	24.5507	18.7947	25.3687	
139000	-123667	-1341.91	-76785.1	-14972.9	0.205645	1	0.0985332	20.2977	3.57374	0.0266719	19.3554	0.451976	5766	99	672	-28463.3	15.492f	41.1013	4	1	1	0.049505	0.039604	0.019802	9.90099e-09	0	0	0	0	0.745455	0.960345	0.20104	0.553957	0.868284	0.009901	0.0792079	9.90099e-09	1	0.145581	0.16289	0.666667	0.666667	1.5	1	1	25251.2	1e+20	8.03084e+16	53.2981	6.9867	34.5689	30.0233	15.492	41.1013	
140000	-124445	-1341.91	-77563.6	-15129.6	0.207687	1	0.0922177	21.6878	3.3779	0.0173393	19.3554	0.510927	5865	99	648	-28463.3	30.3952f	32.7303	4	1	1	0.049505	0.039604	0.019802	9.90099e-09	0	0	0	0	0.709091	0.947458	0.228669	0.552	0.868825	0.009901	0.0792079	9.90099e-09	1	0.107325	0.183673	0.666667	0.666667	1.5	1	1	25251.2	1e+20	8.03084e+16	53.2981	6.9867	34.5689	30.0233	30.3952	32.7303	
141000	-127104	-1341.91	-80222.2	-15428.1	0.213806	1	0.0922177	21.6878	3.47742	0.0114778	19.3554	0.496305	6056	99	688	-28463.3	55.5019f	35.6518	4	1	1	0.049505	0.0693069	0.019802	9.90099e-09	0	0	0	0	0.7	0.948845	0.259136	0.5	0.873754	0.009901	0.0792079	9.90099e-09	1	0.150165	0.211731	0.666667	0.666667	1.5	1	1	25251.2	1e+20	8.03084e+16	53.2981	6.9867	34.5689	30.0233	55.5019	35.6518	
142000	-127897	-1341.91	-81015.3	-15556.2	0.213806	1	0.0922177	21.6878	3.47742	0.0144307	19.3554	0.496305	6139	99	686	-28463.3	65.6575f	39.482	4	1	1	0.049505	0.0693069	0.019802	9.90099e-09	0	0	0	0	0.809091	0.960912	0.244663	0.445255	0.879282	0.009901	0.118812	9.90099e-09	1	0.130293	0.22576	0.666667	0.666667	1.5	1	1	25251.2	1e+20	8.03084e+16	53.2981	6.9867	34.5689	30.0233	65.6575	39.482	
143000	-126876	-1341.91	-79993.7	-15396.7	0.218441	1	0.100925	19.8167	3.33121	0.0744571	18.6215	0.473392	6034	99	697	-28463.3	2.3797f	7.38661	4	1	1	0.049505	0.0693069	0.019802	9.90099e-09	0	0	0	0	0.7	0.952066	0.238095	0.446809	0.90625	0.009901	0.118812	9.90099e-09	1	0.101806	0.206897	0.666667	0.666667	1.5	1	1	25251.2	1e+20	8.03084e+16	53.2981	6.9867	34.5689	30.0233	2.3797	7.38661	
144000	-129885	-1341.91	-83002.8	-15732.9	0.218441	1	0.0994662	20.1073	3.91644	0.0158291	19.4611	0.408557	6255	99	747	-28463.3	52.7397f	27.7086	4	1	1	0.039604	0.0693069	0.019802	9.90099e-09	0	0	0	0	0.709091	0.9552	0.2384	0.454545	0.8592	0.009901	0.118812	9.90099e-09	1	0.1248	0.200531	0.666667	0.666667	1.5	1	1	25251.2	1e+20	8.03084e+16	51.6789	10.714	73.2911	29.988	52.7397	27.7086	
145000	-129334	-1341.91	-82451.8	-15714.6	0.218441	1	0.0855848	23.3686	3.40462	0.0101001	19.5111	0.546204	6243	99	711	-28463.3	47.844f	36.3714	4	1	1	0.039604	0.0693069	0.019802	9.90099e-09	0	0	0	0	0.727273	0.963259	0.2368	0.547297	0.870048	0.009901	0.118812	9.90099e-09	1	0.1232	0.183333	0.666667	0.666667	1.5	1	1	25251.2	1e+20	8.03084e+16	51.6789	10.714	73.2911	29.988	47.844	36.3714	
146000	-128369	-1341.91	-81487	-15643.1	0.218477	1	0.0938692	21.3062	3.32618	0.0114338	18.954	0.509742	6196	99	676	-28463.3	63.4474f	51.2042	4	1	1	0.039604	0.0693069	0.019802	9.90099e-09	0	0	0	0	0.754545	0.963023	0.232745	0.591241	0.877221	0.009901	0.118812	9.90099e-09	1	0.117363	0.192364	0.666667	0.666667	1.5	1	1	25251.2	1e+20	8.03084e+16	51.6789	10.714	73.2911	29.988	63.4474	51.2042	
147000	-128978	-1341.91	-82095.9	-15704	0.218477	1	0.0938692	21.3062	3.41896	0.0143613	19.0848	0.49591	6236	99	685	-28463.3	68.1277f	48.2562	4	1	1	0.039604	0.0693069	0.0594059	9.90099e-09	0	0	0	0	0.672727	0.963141	0.252818	0.572464	0.858293	0.009901	0.118812	9.90099e-09	1	0.117363	0.197623	0.666667	0.666667	1.5	1	1	25251.2	1e+20	8.03084e+16	51.6789	10.714	68.817	57.7021	68.1277	48.2562	
148000	-130883	-1341.91	-84001.4	-15969.1	0.222721	1	0.0920733	21.7218	3.41868	0.035271	19.0848	0.505624	6412	99	680	-28463.3	66.375f	84.9597	4	1	1	0.039604	0.0693069	0.0594059	9.90099e-09	0	0	0	0	0.763636	0.959565	0.272586	0.548611	0.88162	0.009901	0.118812	9.90099e-09	1	0.138629	0.196605	0.666667	0.666667	1.5	1	1	25251.2	1e+20	8.03084e+16	9.27864	37.7216	68.817	57.7021	66.375	84.9597	
149000	-128776	-1341.91	-81893.9	-15725.8	0.222721	1	0.0866923	23.0701	3.1785	0.0200098	19.0247	0.577586	6250	99	659	-28463.3	74.9077f	48.1937	4	1	1	0.039604	0.0693069	0.0594059	9.90099e-09	0	0	0	0	0.8	0.958466	0.22488	0.474074	0.868045	0.019802	0.118812	9.90099e-09	1	0.129393	0.186466	0.666667	0.666667	1.5	1	1	25251.2	1e+20	8.03084e+16	51.6789	10.714	68.817	57.7021	74.9077	48.1937	
150000	-128267	-1341.91	-81384.7	-15690.9	0.221854	1	0.0914113	21.8791	2.74995	0.0453097	18.1243	0.633135	6227	99	641	-28463.3	48.4595f	96.1056	4	1	1	0.039604	0.0693069	0.0594059	9.90099e-09	0	0	0	0	0.727273	0.963141	0.238019	0.574627	0.886943	0.019802	0.118812	9.90099e-09	1	0.0987261	0.154532	0.666667	0.666667	1.5	1	1	25251.2	1e+20	8.03084e+16	51.6789	10.714	68.817	57.7021	48.4595	96.1056	
151000	-129217	-1341.91	-82334.7	-15889.7	0.221854	1	0.0874737	22.864	2.63149	0.0123536	18.1243	0.691418	6359	99	601	-28463.3	61.9905f	59.4051	4	1	1	0.019802	0.0693069	0.0594059	9.90099e-09	0	0	0	0	0.690909	0.965463	0.250779	0.521008	0.896875	0.019802	0.118812	9.90099e-09	1	0.110063	0.185121	0.666667	0.666667	1.5	1	1	25251.2	1e+20	8.03084e+16	51.6789	10.714	68.817	57.7021	61.9905	59.4051	
152000	-129066	-1341.91	-82184.4	-15855	0.221854	1	0.0874737	22.864	2.63149	0.0136068	18.1243	0.691418	6336	99	607	-28463.3	37.7794f	65.9059	4	1	1	0.019802	0.049505	0.0594059	9.90099e-09	0	0	0	0	0.672727	0.955975	0.212934	0.571429	0.886435	0.019802	0.118812	9.90099e-09	1	0.0962145	0.175159	0.666667	0.666667	1.5	1	1	25251.2	1e+20	8.03084e+16	51.6789	10.714	68.817	57.7021	37.7794	65.9059	
153000	-133222	-1341.91	-86340.1	-16338.5	0.231167	1	0.0997151	20.0571	2.99246	0.0459627	17.928	0.533372	6663	99	666	-28463.3	92.335f	64.6651	4	1	1	0.019802	0.049505	0.019802	9.90099e-09	0	0	0	0	0.663636	0.952024	0.209023	0.550388	0.895052	0.019802	0.118812	9.90099e-09	1	0.095952	0.154351	0.666667	0.666667	1.5	1	1	25251.2	1e+20	8.03084e+16	93.1024	1.53565	68.817	57.7021	92.335	64.6651	
154000	-132326	-1341.91	-85443.8	-16243.7	0.234461	1	0.098385	20.3283	2.99461	0.0268269	17.928	0.540195	6598	99	651	-28463.3	66.176f	77.5103	4	1	1	0.019802	0.049505	0.019802	0.009901	0	0	0	0	0.718182	0.957511	0.228442	0.462687	0.878419	0.019802	0.108911	9.90099e-09	1	0.128983	0.167939	0.666667	0.666667	1.5	1	1	25251.2	1e+20	8.03084e+16	51.6789	10.714	42.9526	41.2058	66.176	77.5103	
155000	-133301	-1341.91	-86419.5	-16390.2	0.234461	1	0.0985557	20.2931	3.21151	0.012294	18.2363	0.502839	6699	99	641	-28463.3	32.8339f	40.9884	4	1	1	0.019802	0.049505	0.019802	0.009901	0	0	0	0	0.781818	0.95082	0.2287	0.438462	0.897015	0.019802	0.108911	9.90099e-09	1	0.104478	0.166927	0.666667	0.666667	1.5	1	1	25251.2	1e+20	8.03084e+16	51.6789	10.714	42.9526	41.2058	32.8339	40.9884	
156000	-133096	-1341.91	-86214.4	-16326.5	0.235536	1	0.0883974	22.6251	2.8937	0.0371125	18.2363	0.622195	6655	99	654	-28463.3	29.5233f	12.3901	4	1	1	0.019802	0.049505	0.019802	0.009901	0	0	0	0	0.8	0.95764	0.231579	0.476923	0.91047	0.019802	0.108911	9.90099e-09	1	0.114977	0.191358	0.666667	0.666667	1.5	1	1	25251.2	1e+20	8.03084e+16	42.85	6.10292	41.2774	62.3141	29.5233	12.3901	
157000	-133003	-1341.91	-86121.2	-16305.6	0.237473	1	0.0883974	22.6251	2.9175	0.0246371	18.2363	0.61712	6640	99	663	-28463.3	52.5115f	80.7205	4	1	1	0.049505	0.049505	0.019802	0.009901	0	0	0	0	0.754545	0.957831	0.220721	0.556391	0.885886	0.019802	0.108911	9.90099e-09	1	0.129323	0.180282	0.666667	0.666667	1.5	1	1	25251.2	1e+20	8.03084e+16	42.85	6.10292	41.2774	62.3141	52.5115	80.7205	
158000	-133981	-1341.91	-87099.2	-16471	0.235923	1	0.0861834	23.2063	2.68664	0.0151305	18.0074	0.687363	6755	99	641	-28463.3	32.0082f	63.8832	4	1	1	0.049505	0.108911	0.019802	0.009901	0	0	0	0	0.718182	0.962798	0.215976	0.543307	0.894659	0.019802	0.108911	9.90099e-09	1	0.100443	0.170047	0.666667	0.666667	1.5	1	1	25251.2	1e+20	8.03084e+16	42.85	6.10292	41.2774	62.3141	32.0082	63.8832	
159000	-131442	-1341.91	-84560.5	-16212.5	0.235923	1	0.0838188	23.861	2.61293	0.0222339	18.0074	0.726692	6576	99	585	-28463.3	32.8613f	74.7335	4	1	1	0.049505	0.108911	0.029703	0.009901	0	0	0	0	0.7	0.975684	0.218513	0.548387	0.896657	0.019802	0.108911	9.90099e-09	1	0.104863	0.180887	0.666667	0.666667	1.5	1	1	25251.2	1e+20	8.03084e+16	80.8994	23.0083	41.2774	62.3141	32.8613	74.7335	
160000	-135486	-1341.91	-88604.2	-16670.1	0.234548	1	0.0800901	24.9719	2.69556	0.020372	18.3826	0.737211	6892	99	639	-28463.3	23.9022f	63.0399	4	1	1	0.049505	0.108911	0.029703	0.009901	0	0	0	0	0.690909	0.975398	0.223201	0.491525	0.896104	0.019802	0.108911	9.90099e-09	1	0.0721501	0.194053	0.666667	0.666667	1.5	1	1	25251.2	1e+20	8.03084e+16	42.85	6.10292	41.2774	62.3141	23.9022	63.0399	
161000	-133929	-1341.91	-87046.8	-16410.5	0.234592	1	0.0808204	24.7462	3.31758	0.0429873	19.3172	0.593577	6713	99	664	-28463.3	68.3971f	89.7142	4	1	1	0.049505	0.108911	0.029703	0.009901	0	0	0	0	0.718182	0.959701	0.259314	0.485075	0.896861	0.019802	0.108911	9.90099e-09	1	0.149254	0.164634	0.666667	0.666667	1.5	1	1	25251.2	1e+20	8.03084e+16	48.035	9.22707	70.1979	73.8964	68.3971	89.7142	
162000	-133912	-1341.91	-87029.6	-16372.7	0.230189	1	0.0856685	23.3458	3.82473	0.0767304	19.8208	0.485734	6686	99	686	-28463.3	90.8346f	95.4418	4	1	1	0.049505	0.108911	0.029703	0.009901	0	0	0	0	0.736364	0.960902	0.237668	0.5	0.892377	0.019802	0.108911	9.90099e-09	1	0.107623	0.190684	0.666667	0.666667	1.5	1	1	25251.2	1e+20	8.03084e+16	48.035	9.22707	70.1979	73.8964	90.8346	95.4418	
163000	-133112	-1341.91	-86230	-16205.2	0.230189	1	0.0864154	23.144	3.85808	0.0322254	19.8208	0.477373	6572	99	725	-28463.3	72.8952f	77.7843	4	1	1	0.0792079	0.108911	0.029703	0.009901	0	0	0	0	0.754545	0.940819	0.238965	0.520548	0.881818	0.019802	0.108911	9.90099e-09	1	0.0884146	0.202759	0.666667	0.666667	1.5	1	1	25251.2	1e+20	8.03084e+16	32.0243	2.50568	70.1979	73.8964	72.8952	77.7843	
164000	-133388	-1341.91	-86506.3	-16327.2	0.230189	1	0.0835203	23.9463	3.38328	0.00866566	19.3447	0.563235	6655	99	669	-28463.3	49.86f	40.2127	4	1	1	0.0792079	0.108911	0.029703	0.009901	0	0	0	0	0.736364	0.96391	0.230885	0.528571	0.912519	0.019802	0.108911	9.90099e-09	1	0.130435	0.187411	0.666667	0.666667	1.5	1	1	25251.2	1e+20	8.03084e+16	32.0243	2.50568	57.7928	30.3338	49.86	40.2127	
165000	-134235	-1341.91	-87353.5	-16436.6	0.238316	1	0.0790345	25.3054	3.31461	0.0469875	19.3447	0.607535	6731	99	675	-28463.3	79.7444f	14.0823	4	1	1	0.0792079	0.0891089	0.029703	9.90099e-09	0	0	0	0	0.709091	0.958457	0.236256	0.543478	0.888559	0.009901	0.108911	9.90099e-09	1	0.123512	0.176296	0.666667	0.666667	1.5	1	1	25251.2	1e+20	8.03084e+16	32.0243	2.50568	57.7928	30.3338	79.7444	14.0823	
166000	-134213	-1341.91	-87331.3	-16413.6	0.238316	1	0.0843648	23.7066	3.81154	0.0405946	19.7081	0.494947	6715	99	688	-28463.3	35.6338f	7.52466	4	1	1	0.0792079	0.0891089	0.0693069	9.90099e-09	0	0	0	0	0.8	0.952239	0.235469	0.597015	0.868852	0.009901	0.049505	9.90099e-09	1	0.130952	0.201166	0.666667	0.666667	1.5	1	1	25251.2	1e+20	8.03084e+16	32.0243	2.50568	57.7928	30.3338	35.6338	7.52466	
167000	-132180	-1341.91	-85297.6	-16145.9	0.233284	1	0.0823298	24.2925	3.64105	0.0308763	19.7081	0.530928	6531	99	681	-28463.3	35.317f	14.8537	4	1	1	0.0792079	0.0891089	0.0693069	9.90099e-09	0	0	0	0	0.7	0.96347	0.240854	0.474453	0.874433	0.009901	0.049505	9.90099e-09	1	0.13872	0.215339	0.666667	0.666667	1.5	1	1	25251.2	1e+20	8.03084e+16	32.0243	2.50568	57.7928	30.3338	35.317	14.8537	
168000	-133350	-1341.91	-86468.2	-16285.6	0.233284	1	0.0880636	22.7109	3.89463	0.00838527	19.7081	0.464042	6627	99	695	-28463.3	53.7886f	43.2884	4	1	1	0.0792079	0.0891089	0.0693069	9.90099e-09	0	0	0	0	0.709091	0.954751	0.278614	0.482517	0.893455	0.009901	0.049505	9.90099e-09	1	0.116139	0.165266	0.666667	0.666667	1.5	1	1	25251.2	1e+20	8.03084e+16	32.0243	2.50568	57.7928	30.3338	53.7886	43.2884	
169000	-133611	-1341.91	-86729.3	-16294.4	0.233284	1	0.0784995	25.4779	3.47166	0.0175466	19.7081	0.584004	6633	99	710	-28463.3	44.9585f	25.2331	4	1	1	0.0792079	0.0891089	0.0693069	9.90099e-09	0	0	0	0	0.654545	0.962349	0.251135	0.555556	0.900602	0.009901	0.049505	9.90099e-09	1	0.146084	0.221127	0.666667	0.666667	1.5	1	1	25251.2	1e+20	8.03084e+16	32.0243	2.50568	57.7928	30.3338	44.9585	25.2331	
170000	-133470	-1341.91	-86588.3	-16354.4	0.231744	1	0.0833652	23.9908	3.66251	0.0484207	19.7081	0.521263	6674	99	660	-28463.3	96.313f	48.4779	4	1	1	0.0792079	0.0891089	0.0693069	9.90099e-09	0	0	0	0	0.663636	0.953383	0.272864	0.466165	0.89759	0.009901	0.049505	9.90099e-09	1	0.118797	0.225758	0.666667	0.666667	1.5	1	1	25251.2	1e+20	8.03084e+16	32.0243	2.50568	57.785	51.0826	96.313	48.4779	
171000	-134952	-1341.91	-88070.3	-16476.9	0.23571	1	0.0833652	23.9908	3.78196	0.0439945	19.7827	0.504799	6759	99	707	-28463.3	92.3523f	60.3036	4	1	1	0.0693069	0.0891089	0.0693069	9.90099e-09	0	0	0	0	0.681818	0.964497	0.218612	0.553191	0.895988	0.009901	0.118812	9.90099e-09	1	0.116864	0.19943	0.666667	0.666667	1.5	1	1	25251.2	1e+20	8.03084e+16	32.0243	2.50568	40.1689	50.8072	92.3523	60.3036	
172000	-132836	-1341.91	-85954.5	-16358.2	0.239268	1	0.076881	26.0142	3.22554	0.0094876	19.3274	0.641798	6676	99	608	-28463.3	37.985f	43.1473	4	1	1	0.0693069	0.0990099	0.029703	9.90099e-09	0	0	0	0	0.781818	0.949329	0.234421	0.569231	0.909091	0.009901	0.118812	9.90099e-09	1	0.106287	0.174917	0.666667	0.666667	1.5	1	1	25251.2	1e+20	8.03084e+16	32.0243	2.50568	40.1689	50.8072	37.985	43.1473	
173000	-135113	-1341.91	-88230.6	-16615.6	0.239268	1	0.0812616	24.6119	3.40933	0.04695	19.3274	0.574468	6856	99	639	-28463.3	22.6571f	9.01492	4	1	1	0.0693069	0.0990099	0.029703	9.90099e-09	0	0	0	0	0.636364	0.972182	0.247059	0.466667	0.885007	0.009901	0.118812	9.90099e-09	1	0.125364	0.211111	0.666667	0.666667	1.5	1	1	25251.2	1e+20	8.03084e+16	54.6942	86.2505	40.1689	50.8072	22.6571	9.01492	
174000	-134661	-1341.91	-87778.7	-16496.9	0.239268	1	0.0851882	23.4774	3.57407	0.0180297	19.3274	0.52273	6773	99	671	-28463.3	29.1279f	32.9245	4	1	1	0.0693069	0.0990099	0.029703	9.90099e-09	0	0	0	0	0.672727	0.96	0.234513	0.485075	0.881832	0.009901	0.118812	9.90099e-09	1	0.116691	0.167674	0.666667	0.666667	1.5	1	1	25251.2	1e+20	8.03084e+16	32.0243	2.50568	9.08101	29.8933	29.1279	32.9245	
175000	-135871	-1341.91	-88988.9	-16550.1	0.241356	1	0.0856024	23.3638	3.83853	0.0269894	19.6089	0.484361	6810	99	742	-28463.3	19.8167f	30.7859	4	1	1	0.019802	0.0990099	0.029703	9.90099e-09	0	0	0	0	0.645455	0.960469	0.255882	0.496552	0.860908	0.009901	0.118812	9.90099e-09	1	0.113235	0.202532	0.666667	0.666667	1.5	1	1	25251.2	1e+20	8.03084e+16	32.0243	2.50568	9.08101	29.8933	19.8167	30.7859	
176000	-136545	-1341.91	-89663.2	-16646.8	0.241096	1	0.0905358	22.0907	4.05537	0.0453772	19.6089	0.43348	6878	99	738	-28463.3	3.84163f	65.1445	4	1	1	0.019802	0.0990099	0.029703	9.90099e-09	0	0	0	0	0.827273	0.952174	0.244541	0.524138	0.889535	0.009901	0.118812	9.90099e-09	1	0.132267	0.213499	0.666667	0.666667	1.5	1	1	25251.2	1e+20	8.03084e+16	32.0243	2.50568	9.08101	29.8933	3.84163	65.1445	
177000	-136489	-1341.91	-89606.8	-16679.6	0.240354	1	0.0832358	24.0281	3.69024	0.0410277	19.5736	0.51815	6901	99	710	-28463.3	10.2885f	26.5803	4	1	1	0.019802	0.0990099	0.029703	9.90099e-09	0	0	0	0	0.745455	0.950509	0.239478	0.535211	0.884058	0.009901	0.0792079	9.90099e-09	1	0.105644	0.192475	0.666667	0.666667	1.5	1	1	25251.2	1e+20	8.03084e+16	58.9296	7.3433	9.08101	29.8933	10.2885	26.5803	
178000	-136817	-1341.91	-89935.1	-16722.4	0.240354	1	0.0808888	24.7253	3.58618	0.016823	19.5736	0.548655	6931	99	711	-28463.3	58.6542f	70.3616	4	1	1	0.019802	0.158416	0.039604	9.90099e-09	0	0	0	0	0.718182	0.955007	0.276901	0.521127	0.888244	9.90099e-09	0.0792079	9.90099e-09	1	0.12931	0.210454	0.666667	0.666667	1.5	1	1	25251.2	1e+20	8.03084e+16	80.1832	28.1431	45.921	79.5508	58.6542	70.3616	
179000	-133032	-1341.91	-86150.6	-16288.8	0.235009	1	0.0814821	24.5453	3.53215	0.00788762	19.5736	0.552993	6629	99	669	-28463.3	54.5162f	50.2365	4	1	1	0.019802	0.158416	0.039604	9.90099e-09	0	0	0	0	0.727273	0.962349	0.241327	0.537313	0.880845	9.90099e-09	0.0792079	9.90099e-09	1	0.0965309	0.194099	0.666667	0.666667	1.5	1	1	25251.2	1e+20	8.03084e+16	80.1832	28.1431	45.921	79.5508	54.5162	50.2365	
180000	-132484	-1341.91	-85601.6	-16251.1	0.235009	1	0.0814821	24.5453	3.53215	0.0640136	19.5736	0.552993	6603	99	647	-28463.3	75.7159f	99.0848	4	1	1	0.019802	0.158416	0.039604	9.90099e-09	0	0	0	0	0.6	0.951662	0.245852	0.553846	0.900901	9.90099e-09	0.0792079	9.90099e-09	1	0.0996979	0.217988	0.666667	0.666667	1.5	1	1	25251.2	1e+20	8.03084e+16	32.0243	2.50568	88.6827	98.5177	75.7159	99.0848	
181000	-132150	-1341.91	-85267.8	-16152.5	0.231027	1	0.0814821	24.5453	3.36382	0.0640136	19.4189	0.580665	6536	99	677	-28463.3	75.7159f	99.0848	4	1	1	0.019802	0.158416	0.039604	9.90099e-09	0	0	0	0	0.609091	0.97561	0.25	0.541353	0.886878	9.90099e-09	0.0792079	9.90099e-09	1	0.120664	0.182891	0.666667	0.666667	1.5	1	1	25251.2	1e+20	8.03084e+16	32.0243	2.50568	88.6827	98.5177	75.7159	99.0848	
182000	-132770	-1341.91	-85887.9	-16265.7	0.224866	1	0.0829533	24.1099	3.33323	0.0282524	19.4189	0.575601	6611	99	665	-28463.3	59.5513f	82.1307	4	1	1	0.0792079	0.158416	0.039604	9.90099e-09	0	0	0	0	0.727273	0.960546	0.250755	0.588652	0.870091	9.90099e-09	0.0792079	9.90099e-09	1	0.129909	0.207092	0.666667	0.666667	1.5	1	1	25251.2	1e+20	8.03084e+16	32.0243	2.50568	90.3289	78.0521	59.5513	82.1307	
183000	-129686	-1341.91	-82804.2	-15772.2	0.219607	1	0.0889533	22.4837	3.59609	0.043127	19.5638	0.49754	6281	99	708	-28463.3	82.5682f	78.5137	4	1	1	0.0792079	0.158416	0.039604	9.90099e-09	0	0	0	0	0.636364	0.945946	0.270701	0.506944	0.862559	9.90099e-09	0.0792079	9.90099e-09	1	0.116057	0.192931	0.666667	0.666667	1.5	1	1	25251.2	1e+20	8.03084e+16	32.0243	2.50568	90.3289	78.0521	82.5682	78.5137	
184000	-129469	-1341.91	-82586.7	-15757	0.219607	1	0.089556	22.3324	3.62045	0.0170795	19.5638	0.490866	6271	99	694	-28463.3	67.6244f	62.7456	4	1	1	0.0792079	0.049505	0.029703	9.90099e-09	0	0	0	0	0.645455	0.9568	0.227707	0.524823	0.886943	9.90099e-09	0.148515	9.90099e-09	1	0.12	0.19943	0.666667	0.666667	1.5	1	1	25251.2	1e+20	8.03084e+16	32.0243	2.50568	90.3289	78.0521	67.6244	62.7456	
185000	-127546	-1341.91	-80664.2	-15535.7	0.219607	1	0.0869191	23.0099	3.51385	0.00971895	19.5638	0.5211	6125	99	666	-28463.3	41.4975f	38.9858	4	1	1	0.0792079	0.049505	0.029703	9.90099e-09	0	0	0	0	0.736364	0.956169	0.245528	0.503546	0.882258	9.90099e-09	0.148515	9.90099e-09	1	0.113636	0.200295	0.666667	0.666667	1.5	1	1	25251.2	1e+20	8.03084e+16	32.0243	2.50568	23.3758	55.1541	41.4975	38.9858	
186000	-129445	-1341.91	-82563	-15858	0.217867	1	0.0881041	22.7004	3.25005	0.0311319	19.159	0.55582	6337	99	635	-28463.3	67.7243f	80.6475	4	1	1	0.0792079	0.049505	0.029703	9.90099e-09	0	0	0	0	0.636364	0.962145	0.239748	0.587786	0.888013	9.90099e-09	0.148515	9.90099e-09	1	0.126183	0.18417	0.666667	0.666667	1.5	1	1	25251.2	1e+20	8.03084e+16	63.108	24.8266	23.3758	55.1541	67.7243	80.6475	
187000	-128171	-1341.91	-81289.6	-15670.5	0.217867	1	0.0844374	23.6862	3.42268	0.029428	19.6159	0.550705	6214	99	636	-28463.3	16.2323f	32.9073	4	1	1	0.029703	0.049505	0.029703	9.90099e-09	0	0	0	0	0.663636	0.9504	0.256	0.5	0.910112	9.90099e-09	0.148515	9.90099e-09	1	0.12	0.18283	0.666667	0.666667	1.5	1	1	25251.2	1e+20	8.03084e+16	77.9312	5.03893	15.9351	48.3537	16.2323	32.9073	
188000	-129441	-1341.91	-82559.1	-15775.2	0.220853	1	0.0844374	23.6862	3.46959	0.0399845	19.6159	0.543259	6283	99	674	-28463.3	18.6676f	17.4802	4	1	1	0.029703	0.049505	0.029703	9.90099e-09	0	0	0	0	0.745455	0.933014	0.2608	0.617647	0.888357	9.90099e-09	0.148515	9.90099e-09	1	0.117647	0.192537	0.666667	0.666667	1.5	1	1	25251.2	1e+20	8.03084e+16	84.0886	26.1595	15.9351	48.3537	18.6676	17.4802	
189000	-129273	-1341.91	-82390.7	-15838.6	0.220853	1	0.0815602	24.5218	3.35137	0.00952516	19.6159	0.582265	6325	99	628	-28463.3	36.74f	53.4668	4	1	1	0.029703	0.049505	0.029703	9.90099e-09	0	0	0	0	0.690909	0.957006	0.251192	0.53125	0.895072	9.90099e-09	0.0594059	9.90099e-09	1	0.106013	0.206637	0.666667	0.666667	1.5	1	1	25251.2	1e+20	8.03084e+16	38.8881	9.03645	15.9351	48.3537	36.74	53.4668	
190000	-126976	-1341.91	-80093.7	-15562.9	0.219279	1	0.080911	24.7185	3.41227	0.00933306	19.7791	0.57646	6143	99	603	-28463.3	59.0879f	48.6156	4	1	1	0.029703	0.0792079	0.029703	9.90099e-09	0	0	0	0	0.709091	0.962662	0.22439	0.516667	0.909984	9.90099e-09	0.0594059	9.90099e-09	1	0.154472	0.21393	0.666667	0.666667	1.5	1	1	25251.2	1e+20	8.03084e+16	38.8881	9.03645	15.9351	48.3537	59.0879	48.6156	
191000	-125582	-1341.91	-78699.6	-15254.2	0.211609	1	0.0916841	21.814	3.73136	0.0257895	19.7791	0.465221	5944	99	663	-28463.3	42.5231f	17.269	4	1	1	0.029703	0.0792079	0.029703	9.90099e-09	0	0	0	0	0.690909	0.944631	0.243697	0.518248	0.886477	9.90099e-09	0.0594059	9.90099e-09	1	0.142857	0.190045	0.666667	0.666667	1.5	1	1	25251.2	1e+20	8.03084e+16	38.8881	9.03645	15.9351	48.3537	42.5231	17.269	
192000	-127646	-1341.91	-80764.5	-15491.8	0.211609	1	0.0901468	22.186	3.5396	0.0376636	19.6026	0.498788	6097	99	701	-28463.3	8.15014f	36.5373	4	1	1	0.0792079	0.0792079	0.029703	9.90099e-09	0	0	0	0	0.663636	0.939344	0.247947	0.503704	0.886885	9.90099e-09	0.0594059	9.90099e-09	1	0.13257	0.190616	0.666667	0.666667	1.5	1	1	25251.2	1e+20	8.03084e+16	0.330507	87.7795	15.9351	48.3537	8.15014	36.5373	
193000	-122061	-1341.91	-75178.7	-14759.9	0.198084	1	0.0956516	20.9092	3.43336	0.0175327	19.4869	0.484628	5634	99	652	-28463.3	34.9177f	28.7724	4	1	1	0.0792079	0.0792079	0.029703	9.90099e-09	0	0	0	0	0.763636	0.970018	0.281139	0.519084	0.858156	9.90099e-09	0.0594059	9.90099e-09	1	0.136525	0.184615	0.666667	0.666667	1.5	1	1	25251.2	1e+20	8.03084e+16	38.8881	9.03645	15.9351	48.3537	34.9177	28.7724	
194000	-122230	-1341.91	-75347.9	-14823	0.198552	1	0.0956516	20.9092	3.24064	0.0403605	19.1961	0.513448	5673	99	634	-28463.3	85.1871f	71.769	4	1	1	0.0792079	0.0792079	0.029703	9.90099e-09	0	0	0	0	0.681818	0.943463	0.264085	0.554688	0.882562	9.90099e-09	0.0594059	9.90099e-09	1	0.132509	0.18612	0.666667	0.666667	1.5	1	1	25251.2	1e+20	8.03084e+16	38.8881	9.03645	43.7972	63.5711	85.1871	71.769	
195000	-120723	-1341.91	-73840.9	-14601.6	0.198765	1	0.0941611	21.2402	3.24453	0.0404276	19.2723	0.520951	5536	99	631	-28463.3	89.0504f	63.5227	4	1	1	0.0792079	0.0792079	0.029703	9.90099e-09	0	0	0	0	0.745455	0.942029	0.226449	0.551181	0.876588	9.90099e-09	0.118812	9.90099e-09	1	0.0905797	0.170732	0.666667	0.666667	1.5	1	1	25251.2	1e+20	8.03084e+16	38.8881	9.03645	43.7972	63.5711	89.0504	63.5227	
196000	-122288	-1341.91	-75406.1	-14821.4	0.200353	1	0.104597	19.121	3.07304	0.0166187	18.4825	0.495144	5672	99	649	-28463.3	25.3606f	55.6495	4	1	1	0.0792079	0.0594059	0.029703	9.90099e-09	0	0	0	0	0.736364	0.954306	0.216549	0.556452	0.882042	9.90099e-09	0.118812	9.90099e-09	1	0.135563	0.144838	0.666667	0.666667	1.5	1	1	25251.2	1e+20	8.03084e+16	38.8881	9.03645	43.7972	63.5711	25.3606	55.6495	
197000	-122782	-1341.91	-75900.4	-14895.4	0.200353	1	0.103573	19.31	2.83649	0.00772174	18.1607	0.54174	5718	99	646	-28463.3	42.3644f	46.9514	4	1	1	0.0792079	0.0594059	0.0891089	9.90099e-09	0	0	0	0	0.690909	0.942105	0.218914	0.476563	0.882662	9.90099e-09	0.118812	9.90099e-09	1	0.119089	0.156051	0.666667	0.666667	1.5	1	1	25251.2	1e+20	8.03084e+16	14.1734	26.6839	43.7972	63.5711	42.3644	46.9514	
198000	-123391	-1341.91	-76509.2	-14961.3	0.200353	1	0.105203	19.0109	2.9199	0.0396348	18.2215	0.518112	5759	99	660	-28463.3	39.2329f	91.6436	4	1	1	0.0990099	0.0594059	0.0891089	9.90099e-09	0	0	0	0	0.763636	0.951304	0.258232	0.496296	0.887153	9.90099e-09	0.118812	9.90099e-09	1	0.102431	0.151515	0.666667	0.666667	1.5	1	1	25251.2	1e+20	8.03084e+16	14.1734	26.6839	69.789	96.2492	39.2329	91.6436	
199000	-122091	-1341.91	-75208.8	-14784.5	0.200353	1	0.102573	19.4983	2.84692	0.0197622	18.2215	0.545018	5649	99	649	-28463.3	59.3142f	73.7394	4	1	1	0.0990099	0.0594059	0.0891089	9.90099e-09	0	0	0	0	0.727273	0.934744	0.229277	0.535433	0.872792	9.90099e-09	0.118812	9.90099e-09	1	0.120354	0.176287	0.666667	0.666667	1.5	1	1	25251.2	1e+20	8.03084e+16	93.7405	82.7745	63.4914	83.9217	59.3142	73.7394	
200000	-121323	-1341.91	-74441.1	-14721.8	0.200353	1	0.102038	19.6005	3.12734	0.0413921	18.6789	0.49875	5610	99	617	-28463.3	58.0226f	92.4601	4	1	1	0.0990099	0.0594059	0.0891089	9.90099e-09	0	0	0	0	0.718182	0.944742	0.231317	0.554688	0.891652	9.90099e-09	0.118812	9.90099e-09	1	0.126335	0.178947	0.666667	0.666667	1.5	1	1	25251.2	1e+20	8.03084e+16	24.3596	17.2559	63.4914	83.9217	58.0226	92.4601	
201000	-121434	-1341.91	-74552.4	-14756.8	0.191049	1	0.0907238	22.0449	2.84331	0.0142549	19.008	0.616985	5630	99	607	-28463.3	50.4367f	69.4917	4	1	1	0.0990099	0.0594059	0.0891089	9.90099e-09	0	0	0	0	0.727273	0.964286	0.223404	0.587302	0.887125	9.90099e-09	0.148515	9.90099e-09	1	0.117857	0.147404	0.666667	0.666667	1.5	1	1	25251.2	1e+20	8.03084e+16	24.3596	17.2559	56.7413	80.2124	50.4367	69.4917	
202000	-120974	-1341.91	-74091.7	-14731	0.199165	1	0.0905164	22.0954	2.78925	0.0330686	18.732	0.630384	5616	99	578	-28463.3	62.043f	85.1935	4	1	1	0.0990099	0.0891089	0.0891089	9.90099e-09	0	0	0	0	0.745455	0.9627	0.249554	0.547826	0.894552	9.90099e-09	0.148515	9.90099e-09	1	0.103387	0.171378	0.666667	0.666667	1.5	1	1	25251.2	1e+20	8.03084e+16	7.50192	11.7155	61.3297	87.4514	62.043	85.1935	
203000	-123430	-1341.91	-76548.2	-14948.8	0.199165	1	0.0954196	20.9601	3.52774	0.027509	19.6047	0.472809	5751	99	663	-28463.3	54.0278f	82.989	4	1	1	0.0990099	0.0891089	0.0792079	9.90099e-09	0	0	0	0	0.772727	0.951134	0.225919	0.538462	0.867365	9.90099e-09	0.148515	9.90099e-09	1	0.129597	0.177979	0.666667	0.666667	1.5	1	1	25251.2	1e+20	8.03084e+16	7.50192	11.7155	58.4165	75.1526	54.0278	82.989	
204000	-123203	-1341.91	-76320.6	-14874.6	0.199165	1	0.0935686	21.3747	3.45931	0.0226806	19.6047	0.4917	5705	99	682	-28463.3	63.5358f	74.7727	4	1	1	0.049505	0.0891089	0.0792079	9.90099e-09	0	0	0	0	0.727273	0.961672	0.236934	0.572519	0.885017	9.90099e-09	0.148515	9.90099e-09	1	0.10453	0.208211	0.666667	0.666667	1.5	1	1	25251.2	1e+20	8.03084e+16	7.50192	11.7155	58.4165	75.1526	63.5358	74.7727	
205000	-122296	-1341.91	-75414.2	-14818.1	0.199165	1	0.0935686	21.3747	3.63317	0.0158791	19.8465	0.468171	5670	99	638	-28463.3	26.6946f	56.832	4	1	1	0.049505	0.0891089	0.0792079	9.90099e-09	0	0	0	0	0.718182	0.953982	0.228723	0.578125	0.873214	9.90099e-09	0.148515	9.90099e-09	1	0.135563	0.207792	0.666667	0.666667	1.5	1	1	25251.2	1e+20	8.03084e+16	7.50192	11.7155	53.4856	54.4296	26.6946	56.832	
206000	-122155	-1341.91	-75272.6	-14797.1	0.199165	1	0.089857	22.2576	3.32663	0.0133587	19.6114	0.532431	5657	99	632	-28463.3	60.842f	63.1493	4	1	1	0.049505	0.0891089	0.0792079	9.90099e-09	0	0	0	0	0.709091	0.957821	0.263986	0.539683	0.889667	9.90099e-09	0.148515	9.90099e-09	1	0.128295	0.188889	0.666667	0.666667	1.5	1	1	25251.2	1e+20	8.03084e+16	7.50192	11.7155	53.4856	54.4296	60.842	63.1493	