
# before rand glnL: -57276.410628 alnL: -1220.667484
# ninter: 99
# ncoal: 99
# nhits: 99
# true lbda: 0.001899
# true mu: 0.148732
# true rad: 74.150784
# true sigsq: 10.728501
# true neigh. size: 13.447000
# fst-based estimate of neighborhood size: -nan
# nucleotide diversity: 0.000000
# length of a generation: 27744 time units
# clock rate: 1 subst. per time unit
# after rand glnL: -57276.410628 alnL: -1220.667484
# ninter: 99
# ncoal: 99
# nhits: 99
# start lbda: 0.001899
# start mu: 0.148732
# start rad: 14.252547
sample	lnP	alnL	glnL	tlnL	lbda	clock	mu	neigh	sigsq	sigsqobs	rad	rhoe	nInt	nCoal	nHit	rootTime	rootLon	rootLat	tstv	alpha	MeanBr	accLbda	accMu	accRad	accInDelDisk	accInDelHit	accScaleTime	accSPR	accSPRlocal	accPath	accIndelDiskSerial	accIndelHitSerial	accLdskGivenDisk	accDiskGivenLdsk	accDiskAndLdsk	accLdskMulti	accDiskMulti	accMoveDiskUD	accAddRemoveJump	accLdskTipToRoot	tuneLbda	tuneRad	tuneMu	tuneIndelDisk	tuneIndelHit	tuneLdskGivenDisk	tuneIndelDiskSerial	tuneIndelHitSerial	c0	c1	rootc0	rootc1	rootldsk0	rootldsk1	
  1000	-52968.5	-1220.67	-6207.79	-1714.91	0.00529792	1	0.210535	9.49961	0.22042	0.0200415	19.9137	3.42961	274	99	121	-52667	5.34693f	39.8831	4	1	1	0	0	0	0	0	0	0	0	1	0.785047	0.233333	0.435185	0.475248	0	0	0	1	0.179245	0.375	1	1	1	1	1	2.25	17.0859	0.666667	89.3147	44.5497	28.2539	13.0266	5.34693	39.8831	
  2000	-54541	-1220.67	-7780.29	-2224.75	0.00678156	1	0.22037	9.07564	0.275988	0.0235794	19.5794	2.61684	374	99	139	-52667	1.27367f	60.2833	4	1	1	0	0	0	0	0	0	0	0	0.927273	0.855856	0.236364	0.514851	0.759615	0	0	0	1	0.116071	0.330986	1	1	1	1	1	5.0625	985.261	5.0625	89.3147	44.5497	2.91238	24.3641	1.27367	60.2833	
  3000	-56887.3	-1220.67	-10126.6	-2990.37	0.0101591	1	0.253755	7.88163	0.50247	0.0330376	19.8453	1.24823	535	99	150	-52667	6.83581f	10.1667	4	1	1	0	0	0	0	0	0	0	0	0.927273	0.913333	0.245283	0.542056	0.690789	0	0	0	1	0.187919	0.133333	1	1	1	1	1	11.3906	127834	5.0625	89.3147	44.5497	8.02867	18.8625	6.83581	10.1667	
  4000	-59608.1	-1220.67	-12847.4	-3790.23	0.0128319	1	0.240955	8.30031	0.602649	0.00559558	19.8453	1.09602	715	99	173	-52667	32.113f	34.2872	4	1	1	0	0	0	0	0	0	0	0	0.936364	0.928058	0.185714	0.543689	0.691729	0	0	0	1	0.185714	0.179191	1	1	1	1	1	38.4434	1.2595e+08	25.6289	89.3147	44.5497	8.02867	18.8625	32.113	34.2872	
  5000	-60163	-1220.67	-13402.3	-3907.5	0.0129	1	0.215789	9.26832	0.542572	0.0306319	19.8453	1.35936	742	99	189	-52667	5.1022f	15.5952	4	1	1	0	0	0	0	0	0	0	0	0.954545	0.940789	0.25	0.547009	0.796053	0	0	0	1	0.151316	0.297436	1	1	1	1	1	86.4976	3.67685e+10	656.841	95.2786	54.9023	8.02867	18.8625	5.1022	15.5952	
  6000	-62234.1	-1220.67	-15473.4	-4517.58	0.016891	1	0.23475	8.51972	0.763688	0.00115029	19.7862	0.887768	889	99	198	-52667	41.5361f	44.4865	4	1	1	0.178218	0	0.029703	0	0	0	0	0	0.954545	0.91573	0.325843	0.513043	0.769663	0	0	0	1	0.162921	0.37	0.666667	0.666667	1	1	1	291.929	8.15097e+13	25251.2	95.2786	54.9023	20.4207	40.684	41.5361	44.4865	
  7000	-65463.2	-1220.67	-18702.6	-5460.96	0.0203913	1	0.23069	8.66964	0.908384	0.0192401	19.7991	0.759489	1127	99	207	-52667	12.9531f	24.893	4	1	1	0.178218	0.148515	0.029703	0	0	0	0	0	0.927273	0.920354	0.283186	0.576577	0.823009	0	0.0792079	0	1	0.150442	0.167488	0.666667	0.666667	0.666667	1	1	985.261	6.09842e+17	3.27625e+06	95.2786	54.9023	20.4207	40.684	12.9531	24.893	
  8000	-66805.3	-1220.67	-20044.6	-5775.82	0.0227891	1	0.233043	8.58211	1.03998	0.0203114	19.8684	0.65669	1210	99	228	-52667	7.11376f	33.215	4	1	1	0.178218	0.148515	0.029703	0	0	0	0	0	0.936364	0.891667	0.225	0.435185	0.741667	0	0.0792079	0.0891089	1	0.133333	0.290323	0.666667	0.666667	0.666667	1	1	4987.89	1e+20	1.2595e+08	95.2786	54.9023	20.4207	40.684	7.11376	33.215	
  9000	-67418.5	-1220.67	-20657.8	-5953.02	0.0247287	1	0.217624	9.19017	1.05382	0.0229418	19.8684	0.693978	1257	99	229	-52667	3.15248f	35.6709	4	1	1	0.178218	0.148515	0.029703	0	0	0	0	0	0.945455	0.904762	0.206349	0.558559	0.825397	0	0.0792079	0.0891089	1	0.126984	0.144796	0.666667	0.666667	0.666667	1	1	25251.2	1e+20	1.43465e+09	95.2786	54.9023	20.4207	40.684	3.15248	35.6709	
 10000	-68076.9	-1220.67	-21316.2	-6115.81	0.0247287	1	0.207306	9.64756	1.00386	0.0193363	19.8684	0.764774	1301	99	237	-52667	6.84305f	37.4333	4	1	1	0.178218	0.148515	0.029703	0	0	0	0	0	0.9	0.931298	0.292308	0.4375	0.738462	0	0.0792079	0.0891089	1	0.176923	0.246637	0.666667	0.666667	0.666667	1	1	127834	1e+20	5.51527e+10	95.2786	54.9023	20.4207	40.684	6.84305	37.4333	
 11000	-68965.2	-1220.67	-22204.5	-6378.5	0.0247287	1	0.173673	11.5159	0.856892	0.0113793	19.9616	1.06945	1372	99	233	-52667	81.6494f	63.4177	4	1	1	0.178218	0.148515	0.029703	0.049505	0	0	0	0	0.918182	0.948529	0.224638	0.504673	0.797101	0	0.0792079	0.0891089	1	0.166667	0.107296	0.666667	0.666667	0.666667	1	1	127834	1e+20	5.51527e+10	95.2786	54.9023	51.4815	30.2986	81.6494	63.4177	
 12000	-71286.9	-1220.67	-24526.2	-6952.57	0.0279272	1	0.210751	9.48989	1.17433	0.00652645	19.9616	0.643076	1532	99	257	-52667	30.4966f	33.1411	4	1	1	0.0891089	0.148515	0.029703	0.049505	0	0	0	0	0.945455	0.927632	0.311688	0.563107	0.822368	0.009901	0.0792079	0.0891089	1	0.127517	0.146718	0.666667	0.666667	0.666667	1	1	127834	1e+20	5.51527e+10	95.2786	54.9023	40.0394	47.7645	30.4966	33.1411	
 13000	-72150.5	-1220.67	-25389.8	-7187.08	0.0308461	1	0.195333	10.2389	1.20218	0.00165158	19.9616	0.677761	1599	99	257	-52667	48.9318f	37.7957	4	1	1	0.0891089	0.148515	0.029703	0.049505	0	0	0	0	0.9	0.899371	0.31875	0.490741	0.792453	0.009901	0.0792079	0.0891089	1	0.2	0.126984	0.666667	0.666667	0.666667	1	1	127834	1e+20	5.51527e+10	95.2786	54.9023	40.0394	47.7645	48.9318	37.7957	
 14000	-72522.6	-1220.67	-25762	-7263.66	0.0310175	1	0.199279	10.0362	1.23328	0.00114335	19.9616	0.647585	1621	99	266	-52667	60.0161f	50.9198	4	1	1	0.0891089	0.29703	0.029703	0.049505	0	0	0	0	0.936364	0.91358	0.308642	0.490566	0.790123	0.009901	0.0792079	0.0891089	1	0.134969	0.162264	0.666667	0.666667	0.666667	1	1	127834	1e+20	5.51527e+10	95.2786	54.9023	40.0394	47.7645	60.0161	50.9198	
 15000	-73370.4	-1220.67	-26609.8	-7458.71	0.0306936	1	0.211724	9.44626	1.29661	0.00875216	19.9616	0.579748	1677	99	280	-52667	38.6626f	22.3676	4	1	1	0.0891089	0.29703	0.029703	0.049505	0	0	0	0	0.918182	0.958084	0.232143	0.553571	0.844311	0.009901	0.0792079	9.90099e-09	1	0.130952	0.137184	0.666667	0.666667	0.666667	1	1	127834	1e+20	5.51527e+10	95.2786	54.9023	40.0394	47.7645	38.6626	22.3676	
 16000	-73806.9	-1220.67	-27046.3	-7605.68	0.0319474	1	0.199432	10.0285	1.27123	0.00965287	19.9616	0.627772	1720	99	268	-52667	54.2042f	18.9406	4	1	1	0.0891089	0.29703	0.029703	0.049505	0	0	0	0	0.881818	0.905882	0.232143	0.627273	0.809249	0.009901	0.0792079	9.90099e-09	1	0.16568	0.152985	0.666667	0.666667	0.666667	1	1	127834	1e+20	5.51527e+10	95.2786	54.9023	40.0394	47.7645	54.2042	18.9406	
 17000	-75155.1	-1220.67	-28394.5	-7921.91	0.0333466	1	0.200265	9.98679	1.33244	0.00316349	19.9616	0.59644	1813	99	286	-52667	43.698f	33.6149	4	1	1	0.0891089	0.29703	0.029703	0.049505	0	0	0	0	0.909091	0.951087	0.307692	0.529915	0.831522	0.009901	0.0792079	9.90099e-09	1	0.131868	0.145907	0.666667	0.666667	0.666667	1	1	127834	1e+20	5.51527e+10	95.2786	54.9023	40.0394	47.7645	43.698	33.6149	
 18000	-75954.5	-1220.67	-29193.9	-8172.75	0.0349531	1	0.177901	11.2422	1.24067	0.00179544	19.9616	0.721085	1888	99	272	-52667	47.8138f	63.1732	4	1	1	0.0891089	0.29703	0.029703	0.049505	0	0	0	0	0.954545	0.942105	0.263158	0.590909	0.847368	0.009901	0.0792079	9.90099e-09	1	0.121053	0.154122	0.666667	0.666667	0.666667	1	1	127834	1e+20	5.51527e+10	25.3878	73.6753	26.2203	60.4251	47.8138	63.1732	
 19000	-78587.5	-1220.67	-31826.8	-8672.18	0.0384266	1	0.22186	9.01468	1.57394	0.00333946	19.5779	0.455777	2040	99	340	-52667	42.0575f	33.7517	4	1	1	0.138614	0.29703	9.90099e-09	0.049505	0	0	0	0	0.936364	0.940887	0.233831	0.597015	0.805	0.009901	0.0792079	9.90099e-09	1	0.133005	0.178571	0.666667	0.666667	0.666667	1	1	127834	1e+20	5.51527e+10	25.3878	73.6753	26.2203	60.4251	42.0575	33.7517	
 20000	-78064.2	-1220.67	-31303.5	-8587.59	0.0377497	1	0.21391	9.34972	1.4908	0.0160091	19.5779	0.499078	2014	99	321	-52667	9.26348f	54.3163	4	1	1	0.138614	0.29703	9.90099e-09	0.049505	0	0	0	0	0.890909	0.930693	0.256158	0.51145	0.807882	0.009901	0.0594059	9.90099e-09	1	0.143564	0.190031	0.666667	0.666667	0.666667	1	1	127834	1e+20	5.51527e+10	25.3878	73.6753	26.2203	60.4251	9.26348	54.3163	
 21000	-77773.8	-1220.67	-31013.1	-8548.3	0.0383497	1	0.228522	8.7519	1.61795	0.00798693	19.5779	0.430454	2002	99	309	-52667	22.4455f	58.5775	4	1	1	0.138614	0.29703	9.90099e-09	0.049505	0	0	0	0	0.945455	0.945545	0.27	0.523438	0.870647	0.009901	0.0594059	0.009901	1	0.165	0.196262	0.666667	0.666667	0.666667	1	1	127834	1e+20	5.51527e+10	25.3878	73.6753	26.2203	60.4251	22.4455	58.5775	
 22000	-79681.1	-1220.67	-32920.5	-8956.4	0.0381891	1	0.203693	9.81872	1.52026	0.0183511	19.8586	0.513957	2127	99	338	-52667	6.90226f	42.1492	4	1	1	0.138614	0.29703	9.90099e-09	0.049505	0	0	0	0	0.945455	0.934272	0.287736	0.460938	0.816901	0.009901	0.0594059	0.009901	1	0.197183	0.199367	0.666667	0.666667	0.666667	1	1	127834	1e+20	5.51527e+10	25.3878	73.6753	0.551686	55.8258	6.90226	42.1492	
 23000	-81326.2	-1220.67	-34565.5	-9414.36	0.0420607	1	0.191675	10.4343	1.3496	0.0152121	19.1046	0.61525	2272	99	324	-52667	11.4978f	60.7025	4	1	1	0.138614	0.29703	9.90099e-09	0.049505	0	0	0	0	0.936364	0.942478	0.23348	0.556391	0.872807	0.009901	0.0594059	0.009901	1	0.140969	0.197411	0.666667	0.666667	0.666667	1	1	127834	1e+20	5.51527e+10	25.3878	73.6753	7.52916	64.6381	11.4978	60.7025	
 24000	-81220.5	-1220.67	-34459.8	-9402.04	0.0418123	1	0.191675	10.4343	1.4828	0.0136763	19.5885	0.559979	2268	99	315	-52667	12.2297f	48.4906	4	1	1	0.138614	0.29703	0.049505	0.049505	0	0	0	0	0.854545	0.960699	0.303571	0.539683	0.863436	0.009901	0.0594059	0.009901	1	0.189427	0.148515	0.666667	0.666667	0.666667	1	1	127834	1e+20	5.51527e+10	25.3878	73.6753	7.52916	64.6381	12.2297	48.4906	
 25000	-82604	-1220.67	-35843.3	-9716.5	0.0449502	1	0.200016	9.99918	1.66346	0.00458895	19.5885	0.478346	2369	99	332	-52667	37.5487f	67.9397	4	1	1	0.108911	0.29703	0.049505	9.90099e-09	0	0	0	0	0.963636	0.925311	0.235294	0.519608	0.834025	9.90099e-09	0.0594059	0.009901	1	0.164557	0.152239	0.666667	0.666667	0.666667	1	1	127834	1e+20	5.51527e+10	23.2054	21.0239	35.9317	53.9306	37.5487	67.9397	
 26000	-83296.5	-1220.67	-36535.9	-9923.6	0.0468986	1	0.206936	9.66482	1.67494	0.00342026	19.2508	0.459182	2436	99	319	-52667	34.9818f	39.3147	4	1	1	0.108911	0.19802	0.049505	9.90099e-09	0	0	0	0	0.872727	0.922764	0.184426	0.531746	0.836066	9.90099e-09	0.148515	0.009901	1	0.114754	0.150943	0.666667	0.666667	0.666667	1	1	127834	1e+20	5.51527e+10	19.1576	21.9218	33.4225	55.7468	34.9818	39.3147	
 27000	-85098	-1220.67	-38337.3	-10240.9	0.0477986	1	0.2304	8.68056	1.90064	0.0019556	19.2508	0.363444	2540	99	366	-52667	40.9669f	39.8501	4	1	1	0.108911	0.19802	0.049505	9.90099e-09	0	0	0	0	0.927273	0.964706	0.259843	0.556604	0.888889	9.90099e-09	0.148515	0.009901	1	0.178571	0.176812	0.666667	0.666667	0.666667	1	1	127834	1e+20	5.51527e+10	19.1576	21.9218	33.4225	55.7468	40.9669	39.8501	
 28000	-87299.5	-1220.67	-40538.8	-10727.3	0.0504365	1	0.213565	9.36482	1.99755	0.00951566	19.5999	0.373072	2702	99	385	-52667	63.009f	21.7426	4	1	1	0.108911	0.19802	0.049505	9.90099e-09	0	0	0	0	0.927273	0.911765	0.281481	0.504202	0.819188	9.90099e-09	0.148515	9.90099e-09	1	0.129151	0.190104	0.666667	0.666667	0.666667	1	1	127834	1e+20	5.51527e+10	19.1576	21.9218	33.4225	55.7468	63.009	21.7426	
 29000	-87597	-1220.67	-40836.3	-10768.9	0.0506822	1	0.236266	8.46503	2.37712	0.013725	19.9364	0.283379	2716	99	397	-52667	55.067f	87.6871	4	1	1	0.108911	0.19802	0.029703	9.90099e-09	0	0	0	0	0.863636	0.944853	0.250936	0.57377	0.790262	9.90099e-09	0.148515	9.90099e-09	1	0.158088	0.150754	0.666667	0.666667	0.666667	1	1	127834	1e+20	5.51527e+10	19.1576	21.9218	33.4225	55.7468	55.067	87.6871	
 30000	-88196.1	-1220.67	-41435.4	-10804.7	0.0506822	1	0.231948	8.62263	1.95729	0.00923335	19.0787	0.35057	2728	99	441	-52667	80.7398f	52.2959	4	1	1	0.108911	0.19802	0.029703	9.90099e-09	0	0	0	0	0.881818	0.959559	0.298893	0.435484	0.809524	9.90099e-09	0.148515	9.90099e-09	1	0.106227	0.164384	0.666667	0.666667	0.666667	1	1	127834	1e+20	5.51527e+10	10.431	61.3568	70.2308	45.4159	80.7398	52.2959	
 31000	-87927.5	-1220.67	-41166.8	-10861.3	0.0506822	1	0.216177	9.25167	1.82421	0.00281893	19.0787	0.403586	2747	99	388	-52667	52.5405f	33.7556	4	1	1	0.0792079	0.19802	0.029703	9.90099e-09	0	0	0	0	0.890909	0.981618	0.25	0.6	0.883636	9.90099e-09	0.148515	9.90099e-09	1	0.112727	0.192405	0.666667	0.666667	0.666667	1	1	127834	1e+20	5.51527e+10	10.431	61.3568	70.2308	45.4159	52.5405	33.7556	
 32000	-87305.2	-1220.67	-40544.5	-10753.8	0.0521067	1	0.21735	9.20173	1.88566	0.00415611	19.0787	0.388326	2711	99	375	-52667	66.3869f	62.4358	4	1	1	0.0792079	0.168317	0.029703	9.90099e-09	0	0	0	0	0.9	0.956044	0.305147	0.577982	0.849265	9.90099e-09	0.148515	9.90099e-09	1	0.158088	0.164894	0.666667	0.666667	0.666667	1	1	127834	1e+20	5.51527e+10	10.431	61.3568	70.2308	45.4159	66.3869	62.4358	
 33000	-88458.6	-1220.67	-41697.9	-11002.4	0.0517937	1	0.211516	9.45555	1.97487	0.00415611	19.4615	0.381011	2795	99	388	-52667	66.3869f	62.4358	4	1	1	0.0792079	0.168317	0.029703	9.90099e-09	0	0	0	0	0.881818	0.946809	0.263345	0.46281	0.797872	9.90099e-09	0.0891089	9.90099e-09	1	0.120996	0.159494	0.666667	0.666667	0.666667	1	1	127834	1e+20	5.51527e+10	10.431	61.3568	70.2308	45.4159	66.3869	62.4358	
 34000	-89446.5	-1220.67	-42685.8	-11215	0.0543467	1	0.217802	9.18267	2.1338	0.00835054	19.4615	0.342457	2868	99	398	-52667	76.2211f	63.269	4	1	1	0.0792079	0.168317	0.029703	9.90099e-09	0	0	0	0	0.909091	0.947552	0.249123	0.52459	0.821678	9.90099e-09	0.0891089	9.90099e-09	1	0.149826	0.16624	0.666667	0.666667	0.666667	1	1	127834	1e+20	5.51527e+10	12.2652	39.0375	70.2308	45.4159	76.2211	63.269	
 35000	-88670.4	-1220.67	-41909.8	-11092.8	0.0562875	1	0.205197	9.74674	2.1771	0.00204134	19.6798	0.356264	2825	99	374	-52667	63.5833f	47.0607	4	1	1	0.0792079	0.168317	0.029703	0.009901	0	0	0	0	0.9	0.93662	0.176678	0.451613	0.840989	9.90099e-09	0.0891089	9.90099e-09	1	0.106007	0.148883	0.666667	0.666667	0.666667	1	1	127834	1e+20	5.51527e+10	12.2652	39.0375	70.2308	45.4159	63.5833	47.0607	
 36000	-91441.7	-1220.67	-44681	-11671.2	0.0562875	1	0.201631	9.9191	2.20156	0.00464569	19.8216	0.358536	3026	99	401	-52667	47.6394f	28.6576	4	1	1	0.0792079	0.168317	0.049505	0.009901	0	0	0	0	0.863636	0.930233	0.236842	0.48	0.820598	9.90099e-09	0.0891089	9.90099e-09	1	0.165017	0.123786	0.666667	0.666667	0.666667	1	1	127834	1e+20	5.51527e+10	12.2652	39.0375	70.2308	45.4159	47.6394	28.6576	
 37000	-94130.7	-1220.67	-47370	-12218.8	0.060437	1	0.207656	9.6313	2.2099	0.000220758	19.3477	0.346819	3220	99	439	-52667	52.1704f	49.6891	4	1	1	0.0792079	0.168317	0.049505	0.009901	0	0	0	0	0.936364	0.959627	0.199377	0.473282	0.823529	9.90099e-09	0.0891089	9.90099e-09	1	0.151703	0.17506	0.666667	0.666667	0.666667	1	1	127834	1e+20	5.51527e+10	8.85566	21.4171	70.2308	45.4159	52.1704	49.6891	
 38000	-93849.5	-1220.67	-47088.8	-12193.6	0.0615733	1	0.215236	9.29211	2.26921	0.0217551	19.2127	0.325859	3211	99	424	-52667	82.5392f	15.4837	4	1	1	0.108911	0.168317	0.049505	0.009901	0	0	0	0	0.863636	0.93808	0.25387	0.496183	0.846626	9.90099e-09	0.0891089	9.90099e-09	1	0.15528	0.162679	0.666667	0.666667	0.666667	1	1	127834	1e+20	5.51527e+10	8.85566	21.4171	70.2308	45.4159	82.5392	15.4837	
 39000	-93937.1	-1220.67	-47176.4	-12213.1	0.0609353	1	0.217399	9.19969	2.26826	0.0182156	19.2127	0.322753	3218	99	425	-52667	82.342f	21.1169	4	1	1	0.108911	0.217822	0.049505	0.009901	0	0	0	0	0.881818	0.928571	0.23676	0.52	0.819876	9.90099e-09	0.128713	9.90099e-09	1	0.139752	0.210162	0.666667	0.666667	0.666667	1	1	127834	1e+20	5.51527e+10	23.475	32.0235	70.2308	45.4159	82.342	21.1169	
 40000	-95102.7	-1220.67	-48342.1	-12427.7	0.0616783	1	0.21603	9.25797	2.09126	0.00693736	18.7991	0.352288	3295	99	447	-52667	76.4586f	47.4261	4	1	1	0.108911	0.217822	0.049505	0.009901	0	0	0	0	0.863636	0.960366	0.231707	0.532374	0.853659	9.90099e-09	0.128713	9.90099e-09	1	0.130303	0.181208	0.666667	0.666667	0.666667	1	1	127834	1e+20	5.51527e+10	23.475	32.0235	70.2308	45.4159	76.4586	47.4261	
 41000	-96226	-1220.67	-49465.3	-12568.9	0.0623619	1	0.251085	7.96542	2.25323	0.0187626	18.3956	0.281316	3346	99	494	-52667	93.5655f	43.0044	4	1	1	0.108911	0.217822	0.049505	0.009901	0	0	0	0	0.909091	0.946269	0.241791	0.583333	0.823881	9.90099e-09	0.128713	9.90099e-09	1	0.122388	0.182186	0.666667	0.666667	0.666667	1	1	127834	1e+20	5.51527e+10	13.0044	46.1752	70.2308	45.4159	93.5655	43.0044	
 42000	-94465.7	-1220.67	-47705	-12302.5	0.0623619	1	0.221055	9.04754	1.95689	0.00898897	18.333	0.367921	3250	99	438	-52667	80.347f	48.674	4	1	1	0.108911	0.217822	0.049505	0.009901	0	0	0	0	0.890909	0.948012	0.199387	0.518248	0.853211	9.90099e-09	0.128713	9.90099e-09	1	0.122324	0.189956	0.666667	0.666667	0.666667	1	1	127834	1e+20	5.51527e+10	13.0044	46.1752	70.2308	45.4159	80.347	48.674	
 43000	-95778.5	-1220.67	-49017.8	-12499.8	0.0619947	1	0.222103	9.00483	2.42915	0.00219814	19.3568	0.294993	3321	99	477	-52667	56.6927f	37.3039	4	1	1	0.108911	0.217822	0.0891089	0.009901	0	0	0	0	0.854545	0.942424	0.268882	0.48951	0.848485	9.90099e-09	0.128713	9.90099e-09	1	0.135952	0.180828	0.666667	0.666667	0.666667	1	1	127834	1e+20	5.51527e+10	13.0044	46.1752	70.2308	45.4159	56.6927	37.3039	
 44000	-97848.3	-1220.67	-51087.6	-13021	0.0644699	1	0.209586	9.54264	2.37005	0.0059999	19.3289	0.320406	3511	99	455	-52667	33.3302f	68.6751	4	1	1	0.0792079	0.217822	0.0891089	0.009901	0	0	0	0	0.881818	0.942529	0.295455	0.531915	0.852273	9.90099e-09	0.128713	9.90099e-09	1	0.130682	0.160521	0.666667	0.666667	0.666667	1	1	127834	1e+20	5.51527e+10	13.0044	46.1752	43.3514	46.3579	33.3302	68.6751	
 45000	-100755	-1220.67	-53994.4	-13605.5	0.0711244	1	0.20932	9.55473	2.61138	0.00857979	19.3289	0.291165	3730	99	481	-52667	21.3174f	41.9768	4	1	1	0.0792079	0.188119	0.0891089	9.90099e-09	0	0	0	0	0.890909	0.951351	0.233244	0.48951	0.855615	9.90099e-09	0.0990099	9.90099e-09	1	0.144385	0.157447	0.666667	0.666667	0.666667	1	1	127834	1e+20	5.51527e+10	13.0044	46.1752	43.3514	46.3579	21.3174	41.9768	
 46000	-103310	-1220.67	-56549.1	-14062.9	0.0726893	1	0.213792	9.35487	2.85618	0.00189969	19.5559	0.260641	3904	99	524	-52667	36.8102f	46.9774	4	1	1	0.0792079	0.188119	0.0891089	9.90099e-09	0	0	0	0	0.909091	0.923664	0.269036	0.542056	0.855297	9.90099e-09	0.0990099	9.90099e-09	1	0.127226	0.156309	0.666667	0.666667	0.666667	1	1	127834	1e+20	5.51527e+10	13.0044	46.1752	43.3514	46.3579	36.8102	46.9774	
 47000	-101517	-1220.67	-54756.4	-13688	0.0726893	1	0.212841	9.3967	2.99771	0.00450492	19.8159	0.249446	3761	99	508	-52667	71.2111f	48.5557	4	1	1	0.0792079	0.188119	0.0891089	9.90099e-09	0	0	0	0	0.927273	0.957447	0.297082	0.490741	0.846154	9.90099e-09	0.0990099	9.90099e-09	1	0.212202	0.15444	0.666667	0.666667	0.666667	1	1	127834	1e+20	5.51527e+10	13.0044	46.1752	43.3514	46.3579	71.2111	48.5557	
 48000	-103835	-1220.67	-57074.3	-14202.8	0.0739874	1	0.21562	9.27557	2.77198	0.00100181	19.2834	0.266282	3958	99	515	-52667	40.6475f	51.6503	4	1	1	0.0792079	0.188119	0.0792079	9.90099e-09	0	0	0	0	0.9	0.947236	0.287879	0.571429	0.883838	9.90099e-09	0.0990099	9.90099e-09	1	0.111111	0.145914	0.666667	0.666667	0.666667	1	1	127834	1e+20	5.51527e+10	13.0044	46.1752	66.5978	45.6382	40.6475	51.6503	
 49000	-104761	-1220.67	-57999.9	-14283.5	0.0739874	1	0.215169	9.29502	3.07805	0.014942	19.8053	0.240306	3989	99	560	-52667	70.8704f	16.837	4	1	1	0.0792079	0.188119	0.0792079	9.90099e-09	0	0	0	0	0.890909	0.957393	0.2775	0.504348	0.825	9.90099e-09	0.0990099	9.90099e-09	1	0.130326	0.162791	0.666667	0.666667	0.666667	1	1	127834	1e+20	5.51527e+10	13.0044	46.1752	66.5978	45.6382	70.8704	16.837	
 50000	-104600	-1220.67	-57839.2	-14414.6	0.0750811	1	0.188879	10.5888	2.79717	0.00503207	19.9044	0.301244	4040	99	489	-52667	70.5374f	40.9444	4	1	1	0.0792079	0.188119	0.0792079	9.90099e-09	0	0	0	0	0.881818	0.948148	0.262899	0.461538	0.847666	9.90099e-09	0.0990099	9.90099e-09	1	0.138272	0.169557	0.666667	0.666667	0.666667	1	1	127834	1e+20	5.51527e+10	13.0044	46.1752	66.5978	45.6382	70.5374	40.9444	
 51000	-104297	-1220.67	-57536.6	-14425	0.0750811	1	0.174119	11.4864	2.57859	0.00869412	19.9044	0.354481	4044	99	456	-52667	60.2328f	22.1222	4	1	1	0.0792079	0.188119	0.0792079	9.90099e-09	0	0	0	0	0.890909	0.950495	0.242574	0.565217	0.891358	9.90099e-09	0.0990099	9.90099e-09	1	0.150617	0.165618	0.666667	0.666667	0.666667	1	1	127834	1e+20	5.51527e+10	13.0044	46.1752	66.5978	45.6382	60.2328	22.1222	
 52000	-106769	-1220.67	-60008.7	-14890	0.0791859	1	0.201266	9.93708	2.90495	0.00548886	19.5154	0.272214	4227	99	486	-52667	68.9362f	36.1724	4	1	1	0.108911	0.178218	0.0792079	9.90099e-09	0	0	0	0	0.890909	0.952494	0.250591	0.578431	0.84434	0.009901	0.0891089	9.90099e-09	1	0.128266	0.137255	0.666667	0.666667	0.666667	1	1	127834	1e+20	5.51527e+10	52.0642	89.5413	50.7949	58.0304	68.9362	36.1724	
 53000	-105813	-1220.67	-59052.2	-14781.2	0.0785501	1	0.181779	11.0024	2.43653	0.0237891	19.1963	0.359339	4184	99	453	-52667	62.4277f	1.97053	4	1	1	0.108911	0.178218	0.0792079	9.90099e-09	0	0	0	0	0.809091	0.935407	0.214797	0.588652	0.832936	0.009901	0.0891089	9.90099e-09	1	0.119617	0.201245	0.666667	0.666667	0.666667	1	1	127834	1e+20	5.51527e+10	52.0642	89.5413	50.7949	58.0304	62.4277	1.97053	
 54000	-107288	-1220.67	-60527.8	-15030.5	0.0817541	1	0.203914	9.80804	2.84471	0.00094251	19.1963	0.274369	4283	99	478	-52667	52.0141f	59.03	4	1	1	0.108911	0.178218	0.049505	9.90099e-09	0	0	0	0	0.863636	0.945498	0.248244	0.517483	0.857809	0.009901	0.0891089	9.90099e-09	1	0.142518	0.181223	0.666667	0.666667	0.666667	1	1	127834	1e+20	5.51527e+10	52.0642	89.5413	50.7949	58.0304	52.0141	59.03	
 55000	-106771	-1220.67	-60010.2	-14869.4	0.0801128	1	0.183417	10.9041	2.63411	0.00716615	19.4344	0.329418	4219	99	500	-52667	63.5877f	73.7032	4	1	1	0.108911	0.178218	0.049505	9.90099e-09	0	0	0	0	0.890909	0.92654	0.25	0.475728	0.871194	0.009901	0.0891089	9.90099e-09	1	0.136891	0.169261	0.666667	0.666667	0.666667	1	1	127834	1e+20	5.51527e+10	52.0642	89.5413	50.7949	58.0304	63.5877	73.7032	
 56000	-108822	-1220.67	-62061.4	-15203.1	0.083026	1	0.192604	10.384	2.86664	0.0129313	19.4344	0.288259	4352	99	538	-52667	82.6646f	33.7823	4	1	1	0.108911	0.178218	0.049505	9.90099e-09	0	0	0	0	0.909091	0.938073	0.23341	0.530973	0.841743	0.009901	0.0891089	9.90099e-09	1	0.144495	0.173214	0.666667	0.666667	0.666667	1	1	127834	1e+20	5.51527e+10	52.0642	89.5413	50.7949	58.0304	82.6646	33.7823	
 57000	-109117	-1220.67	-62356.2	-15320.1	0.083026	1	0.175186	11.4164	2.6074	0.0105652	19.4344	0.348428	4399	99	515	-52667	38.0882f	81.1622	4	1	1	0.0891089	0.178218	0.049505	9.90099e-09	0	0	0	0	0.881818	0.945205	0.226757	0.542857	0.852273	0.009901	0.0891089	9.90099e-09	1	0.140909	0.163743	0.666667	0.666667	0.666667	1	1	127834	1e+20	5.51527e+10	52.0642	89.5413	50.7949	58.0304	38.0882	81.1622	
 58000	-109014	-1220.67	-62253.4	-15384.8	0.083026	1	0.172779	11.5755	2.6701	0.0105652	19.6179	0.344986	4425	99	479	-52667	38.0882f	81.1622	4	1	1	0.0891089	0.178218	0.049505	9.90099e-09	0	0	0	0	0.854545	0.961883	0.251716	0.527397	0.88914	0.009901	0.0891089	9.90099e-09	1	0.108597	0.175365	0.666667	0.666667	0.666667	1	1	127834	1e+20	5.51527e+10	52.0642	89.5413	50.7949	58.0304	38.0882	81.1622	
 59000	-108109	-1220.67	-61348	-15245.4	0.083026	1	0.156176	12.806	2.40202	0.00201205	19.5945	0.424257	4369	99	455	-52667	50.7309f	64.1619	4	1	1	0.0891089	0.188119	0.049505	9.90099e-09	0	0	0	0	0.9	0.947126	0.283753	0.573427	0.874142	0.009901	0.0792079	9.90099e-09	1	0.116705	0.172485	0.666667	0.666667	0.666667	1	1	127834	1e+20	5.51527e+10	52.0642	89.5413	50.7949	58.0304	50.7309	64.1619	
 60000	-108672	-1220.67	-61911.5	-15367.4	0.083026	1	0.173722	11.5126	2.6678	0.00795708	19.587	0.34341	4418	99	449	-52667	75.5588f	37.5109	4	1	1	0.0891089	0.188119	0.049505	9.90099e-09	0	0	0	0	0.927273	0.952809	0.229213	0.518519	0.882619	0.009901	0.0792079	9.90099e-09	1	0.15991	0.168161	0.666667	0.666667	0.666667	1	1	127834	1e+20	5.51527e+10	61.4858	90.1308	50.7949	58.0304	75.5588	37.5109	
 61000	-110340	-1220.67	-63579	-15576.1	0.0818977	1	0.16449	12.1588	2.49237	0.0126215	19.5883	0.388212	4501	99	515	-52667	32.3577f	81.9338	4	1	1	0.0891089	0.188119	0.049505	9.90099e-09	0	0	0	0	0.827273	0.964835	0.235033	0.52027	0.877778	0.009901	0.0792079	9.90099e-09	1	0.120879	0.138298	0.666667	0.666667	0.666667	1	1	127834	1e+20	5.51527e+10	47.5665	88.8517	29.9185	63.6071	32.3577	81.9338	
 62000	-114442	-1220.67	-67681.8	-16355.2	0.0917685	1	0.180121	11.1036	3.05815	0.0105903	19.5883	0.288933	4824	99	547	-52667	34.8212f	20.7563	4	1	1	0.0891089	0.188119	0.049505	9.90099e-09	0	0	0	0	0.818182	0.94572	0.289308	0.463636	0.867925	0.009901	0.0792079	9.90099e-09	1	0.155462	0.153565	0.666667	0.666667	0.666667	1	1	127834	1e+20	5.51527e+10	11.3976	67.5783	23.7471	55.4321	34.8212	20.7563	
 63000	-115415	-1220.67	-68654.5	-16367.2	0.0917685	1	0.20432	9.78857	3.38409	0.0218433	19.4673	0.23018	4829	99	632	-52667	6.43773f	30.4203	4	1	1	0.0891089	0.188119	0.049505	9.90099e-09	0	0	0	0	0.845455	0.943867	0.264033	0.495727	0.866944	9.90099e-09	0.0792079	9.90099e-09	1	0.155925	0.167219	0.666667	0.666667	0.666667	1	1	127834	1e+20	5.51527e+10	8.65466	37.433	23.7471	55.4321	6.43773	30.4203	
 64000	-116103	-1220.67	-69341.9	-16472.3	0.0917685	1	0.219765	9.10064	3.90609	0.00870184	19.8139	0.185404	4873	99	649	-52667	50.5985f	80.2253	4	1	1	0.029703	0.188119	0.049505	9.90099e-09	0	0	0	0	0.863636	0.952772	0.262834	0.535433	0.864476	9.90099e-09	0.0792079	9.90099e-09	1	0.14959	0.129485	0.666667	0.666667	0.666667	1	1	127834	1e+20	5.51527e+10	8.65466	37.433	23.7471	55.4321	50.5985	80.2253	
 65000	-115891	-1220.67	-69130.2	-16484.1	0.0921575	1	0.214567	9.32109	3.43518	0.0101502	19.2824	0.215927	4878	99	628	-52667	18.8101f	41.0744	4	1	1	0.029703	0.188119	0.049505	9.90099e-09	0	0	0	0	0.9	0.938398	0.281314	0.484375	0.845996	9.90099e-09	0.158416	9.90099e-09	1	0.14959	0.189935	0.666667	0.666667	0.666667	1	1	127834	1e+20	5.51527e+10	8.65466	37.433	23.7471	55.4321	18.8101	41.0744	
 66000	-115682	-1220.67	-68921.2	-16416	0.0940561	1	0.192248	10.4032	3.14126	0.0113525	19.2824	0.263545	4849	99	634	-52667	16.059f	55.9301	4	1	1	0.029703	0.188119	0.049505	9.90099e-09	0	0	0	0	0.881818	0.95082	0.276639	0.524194	0.875	9.90099e-09	0.158416	9.90099e-09	1	0.152577	0.167213	0.666667	0.666667	0.666667	1	1	127834	1e+20	5.51527e+10	8.65466	37.433	5.10785	53.0607	16.059	55.9301	
 67000	-116521	-1220.67	-69760.1	-16633.6	0.0943508	1	0.19154	10.4417	3.1395	0.0268726	19.2824	0.264667	4941	99	612	-52667	5.85881f	79.7907	4	1	1	0.029703	0.178218	0.049505	9.90099e-09	0	0	0	0	0.890909	0.945122	0.259109	0.491379	0.864372	9.90099e-09	0.158416	9.90099e-09	1	0.121951	0.15016	0.666667	0.666667	0.666667	1	1	127834	1e+20	5.51527e+10	8.65466	37.433	5.10785	53.0607	5.85881	79.7907	
 68000	-116538	-1220.67	-69777.5	-16791.7	0.0943508	1	0.175961	11.3662	3.24899	0.0077796	19.8653	0.278391	5008	99	543	-52667	27.2412f	67.2198	4	1	1	0.029703	0.178218	0.049505	9.90099e-09	0	0	0	0	0.909091	0.958084	0.221116	0.531532	0.864811	9.90099e-09	0.158416	9.90099e-09	1	0.129741	0.169145	0.666667	0.666667	0.666667	1	1	127834	1e+20	5.51527e+10	8.65466	37.433	5.10785	53.0607	27.2412	67.2198	
 69000	-117488	-1220.67	-70727	-16955.9	0.0958413	1	0.153839	13.0006	2.8854	0.00657	19.8653	0.358547	5078	99	545	-52667	25.5268f	41.3213	4	1	1	0.029703	0.178218	0.049505	9.90099e-09	0	0	0	0	0.845455	0.970356	0.249505	0.477477	0.832347	9.90099e-09	0.158416	9.90099e-09	1	0.150198	0.130973	0.666667	0.666667	0.666667	1	1	127834	1e+20	5.51527e+10	8.65466	37.433	5.10785	53.0607	25.5268	41.3213	
 70000	-118998	-1220.67	-72237.1	-17313.8	0.098782	1	0.1566	12.7714	3.0273	0.00910508	19.8653	0.335717	5232	99	525	-52667	40.074f	21.1924	4	1	1	0.0693069	0.178218	0.049505	9.90099e-09	0	0	0	0	0.863636	0.96381	0.258126	0.5	0.892925	9.90099e-09	0.118812	9.90099e-09	1	0.145038	0.180198	0.666667	0.666667	0.666667	1	1	127834	1e+20	5.51527e+10	48.5289	72.8221	23.7118	48.2667	40.074	21.1924	
 71000	-120705	-1220.67	-73944.2	-17549.9	0.098782	1	0.167488	11.9412	3.23779	0.0186897	19.8653	0.293487	5334	99	572	-52667	18.1618f	19.5448	4	1	1	0.0693069	0.178218	0.049505	9.90099e-09	0	0	0	0	0.9	0.960526	0.270677	0.464912	0.889098	9.90099e-09	0.118812	9.90099e-09	1	0.12782	0.174825	0.666667	0.666667	0.666667	1	1	127834	1e+20	5.51527e+10	48.5289	72.8221	23.7118	48.2667	18.1618	19.5448	
 72000	-122758	-1220.67	-75997.1	-18014.2	0.103833	1	0.147603	13.5498	2.99929	0.00874853	19.8653	0.359506	5539	99	546	-52667	35.7798f	23.7188	4	1	1	0.0693069	0.178218	0.049505	9.90099e-09	0	0	0	0	0.845455	0.951351	0.254973	0.627451	0.880866	9.90099e-09	0.118812	9.90099e-09	1	0.124774	0.14881	0.666667	0.666667	0.666667	1	1	127834	1e+20	5.51527e+10	31.2217	89.6358	43.3062	34.7857	35.7798	23.7188	
 73000	-122415	-1220.67	-75654.1	-17916.9	0.103576	1	0.160068	12.4947	2.9984	0.00213576	19.4773	0.331608	5496	99	560	-52667	47.4239f	64.4303	4	1	1	0.0693069	0.178218	0.029703	9.90099e-09	0	0	0	0	0.954545	0.969091	0.221818	0.54386	0.869091	9.90099e-09	0.118812	9.90099e-09	1	0.123636	0.161348	0.666667	0.666667	0.666667	1	1	127834	1e+20	5.51527e+10	31.2217	89.6358	43.3062	34.7857	47.4239	64.4303	
 74000	-122764	-1220.67	-76003.1	-17980.9	0.103003	1	0.170847	11.7064	3.1826	0.00673107	19.4773	0.292705	5524	99	562	-52667	24.6806f	42.8528	4	1	1	0.0693069	0.148515	0.029703	9.90099e-09	0	0	0	0	0.854545	0.972875	0.274864	0.560345	0.873418	9.90099e-09	0.118812	9.90099e-09	1	0.142857	0.168126	0.666667	0.666667	0.666667	1	1	127834	1e+20	5.51527e+10	33.8728	78.1792	43.3062	34.7857	24.6806	42.8528	
 75000	-124484	-1220.67	-77723.7	-18242.6	0.107202	1	0.169215	11.8193	3.22628	0.0156116	19.396	0.291528	5641	99	602	-52667	10.0618f	56.4893	4	1	1	0.0693069	0.148515	0.029703	9.90099e-09	0	0	0	0	0.790909	0.953819	0.270318	0.463415	0.877224	9.90099e-09	0.118812	9.90099e-09	1	0.113074	0.17292	0.666667	0.666667	0.666667	1	1	127834	1e+20	5.51527e+10	19.6189	93.4172	43.3062	34.7857	10.0618	56.4893	
 76000	-125643	-1220.67	-78882.3	-18423.9	0.106714	1	0.17078	11.711	3.59051	0.0102381	19.8986	0.259554	5722	99	622	-52667	27.4096f	26.7073	4	1	1	0.0990099	0.148515	0.029703	9.90099e-09	0	0	0	0	0.827273	0.958115	0.273519	0.44	0.873684	0.009901	0.118812	9.90099e-09	1	0.132635	0.162338	0.666667	0.666667	0.666667	1	1	127834	1e+20	5.51527e+10	19.6189	93.4172	15.1019	48.0399	27.4096	26.7073	
 77000	-127009	-1220.67	-80248.3	-18732.1	0.112028	1	0.167836	11.9164	3.43152	0.00502163	19.5216	0.276343	5862	99	598	-52667	31.981f	36.4785	4	1	1	0.0990099	0.148515	0.029703	9.90099e-09	0	0	0	0	0.854545	0.962393	0.231687	0.528455	0.88586	0.009901	0.049505	9.90099e-09	1	0.105622	0.168852	0.666667	0.666667	0.666667	1	1	127834	1e+20	5.51527e+10	19.6189	93.4172	15.1019	48.0399	31.981	36.4785	
 78000	-127617	-1220.67	-80856.8	-18795.6	0.111527	1	0.183351	10.908	3.30372	0.00441385	18.9357	0.262744	5891	99	624	-52667	30.1585f	57.8079	4	1	1	0.0990099	0.148515	0.029703	9.90099e-09	0	0	0	0	0.836364	0.933447	0.252542	0.540323	0.873524	0.009901	0.049505	9.90099e-09	1	0.105802	0.168317	0.666667	0.666667	0.666667	1	1	127834	1e+20	5.51527e+10	19.6189	93.4172	12.694	49.8033	30.1585	57.8079	
 79000	-128013	-1220.67	-81251.9	-18877.3	0.114405	1	0.186938	10.6987	3.41017	0.000338015	18.8736	0.249658	5928	99	625	-52667	52.7548f	47.1416	4	1	1	0.0990099	0.148515	0.0891089	9.90099e-09	0	0	0	0	0.845455	0.935043	0.232358	0.531746	0.878632	0.009901	0.049505	9.90099e-09	1	0.131624	0.18442	0.666667	0.666667	0.666667	1	1	127834	1e+20	5.51527e+10	19.6189	93.4172	12.694	49.8033	52.7548	47.1416	
 80000	-130945	-1220.67	-84184.5	-19358	0.118535	1	0.17177	11.6435	3.94831	0.0121831	19.8199	0.234673	6150	99	651	-52667	15.6723f	40.5892	4	1	1	0.0990099	0.148515	0.0891089	9.90099e-09	0	0	0	0	0.818182	0.973984	0.234043	0.530769	0.875205	0.009901	0.049505	9.90099e-09	1	0.134959	0.152819	0.666667	0.666667	0.666667	1	1	127834	1e+20	5.51527e+10	19.6189	93.4172	49.1656	2.93398	15.6723	40.5892	
 81000	-132811	-1220.67	-86050.5	-19627	0.120477	1	0.164326	12.1709	3.60876	0.0117306	19.5157	0.268384	6276	99	693	-52667	45.5842f	15.6253	4	1	1	0.0990099	0.148515	0.0891089	9.90099e-09	0	0	0	0	0.781818	0.956661	0.262739	0.564286	0.861022	0.009901	0.049505	9.90099e-09	1	0.136943	0.154401	0.666667	0.666667	0.666667	1	1	127834	1e+20	5.51527e+10	15.5222	88.6538	49.1656	2.93398	45.5842	15.6253	
 82000	-131359	-1220.67	-84598	-19477.7	0.114533	1	0.157828	12.672	3.29502	0.019789	19.5157	0.30604	6205	99	637	-52667	29.1566f	9.80586	4	1	1	0.0990099	0.237624	0.0891089	9.90099e-09	0	0	0	0	0.8	0.961661	0.266453	0.541985	0.885668	0.009901	0.049505	9.90099e-09	1	0.146067	0.133641	0.666667	0.666667	0.666667	1	1	127834	1e+20	5.51527e+10	25.9438	89.0063	49.1656	2.93398	29.1566	9.80586	
 83000	-134136	-1220.67	-87374.8	-19994.5	0.121757	1	0.157115	12.7295	3.50454	0.0040804	19.5402	0.289049	6450	99	633	-52667	57.1379f	31.2873	4	1	1	0.0990099	0.237624	0.0891089	9.90099e-09	0	0	0	0	0.845455	0.96124	0.25	0.544	0.903727	0.009901	0.049505	9.90099e-09	1	0.123839	0.165877	0.666667	0.666667	0.666667	1	1	127834	1e+20	5.51527e+10	25.9438	89.0063	49.1656	2.93398	57.1379	31.2873	
 84000	-135012	-1220.67	-88251.5	-20116.3	0.12229	1	0.157115	12.7295	3.51989	0.0040804	19.5402	0.287789	6508	99	654	-52667	57.1379f	31.2873	4	1	1	0.0990099	0.237624	0.0891089	9.90099e-09	0	0	0	0	0.836364	0.969231	0.257319	0.547619	0.893189	0.009901	0.108911	9.90099e-09	1	0.104615	0.181818	0.666667	0.666667	0.666667	1	1	127834	1e+20	5.51527e+10	25.9438	89.0063	67.4411	3.21384	57.1379	31.2873	
 85000	-136836	-1220.67	-90075.3	-20525	0.126756	1	0.15843	12.6239	3.67897	0.0221812	19.5402	0.273058	6705	99	616	-52667	74.9896f	9.14962	4	1	1	0.0990099	0.237624	0.039604	9.90099e-09	0	0	0	0	0.836364	0.952381	0.255952	0.539683	0.904762	0.009901	0.108911	9.90099e-09	1	0.145833	0.170927	0.666667	0.666667	0.666667	1	1	127834	1e+20	5.51527e+10	25.9438	89.0063	67.4411	3.21384	74.9896	9.14962	
 86000	-138687	-1220.67	-91925.9	-20662.7	0.128488	1	0.170695	11.7168	4.00457	0.0191867	19.5239	0.232833	6772	99	722	-52667	39.197f	6.79696	4	1	1	0.0990099	0.237624	0.039604	9.90099e-09	0	0	0	0	0.890909	0.957101	0.234513	0.5	0.882006	0.009901	0.108911	9.90099e-09	1	0.139053	0.162722	0.666667	0.666667	0.666667	1	1	127834	1e+20	5.51527e+10	25.9438	89.0063	67.4411	3.21384	39.197	6.79696	
 87000	-139606	-1220.67	-92845.1	-20790.8	0.132199	1	0.17574	11.3804	4.39656	0.0170783	19.6993	0.205986	6834	99	735	-52667	37.9818f	9.77047	4	1	1	0.0990099	0.237624	0.039604	9.90099e-09	0	0	0	0	0.836364	0.941945	0.249275	0.618421	0.882609	9.90099e-09	0.108911	9.90099e-09	1	0.134783	0.171429	0.666667	0.666667	0.666667	1	1	127834	1e+20	5.51527e+10	25.9438	89.0063	67.4411	3.21384	37.9818	9.77047	
 88000	-142143	-1220.67	-95382.3	-21169.1	0.132199	1	0.162827	12.283	4.0735	0.014407	19.6993	0.239954	7021	99	767	-52667	41.7723f	12.3914	4	1	1	0.0990099	0.168317	0.039604	9.90099e-09	0	0	0	0	0.881818	0.965714	0.256046	0.551948	0.886202	9.90099e-09	0.108911	9.90099e-09	1	0.122333	0.143826	0.666667	0.666667	0.666667	1	1	127834	1e+20	5.51527e+10	25.9438	89.0063	67.4411	3.21384	41.7723	12.3914	
 89000	-145029	-1220.67	-98268.2	-21804.6	0.138733	1	0.152722	13.0957	4.00955	0.0299194	19.6993	0.25991	7340	99	698	-52667	77.3261f	1.44814	4	1	1	0.0990099	0.168317	0.039604	9.90099e-09	0	0	0	0	0.9	0.951989	0.283765	0.503546	0.897959	9.90099e-09	0.108911	9.90099e-09	1	0.122449	0.174797	0.666667	0.666667	0.666667	1	1	127834	1e+20	5.51527e+10	25.9438	89.0063	67.4411	3.21384	77.3261	1.44814	
 90000	-144202	-1220.67	-97441.3	-21615	0.138714	1	0.155322	12.8764	4.07725	0.0114474	19.6993	0.251315	7244	99	729	-52667	66.723f	20.1663	4	1	1	0.0891089	0.168317	0.039604	9.90099e-09	0	0	0	0	0.818182	0.958391	0.258287	0.5	0.873103	9.90099e-09	0.108911	9.90099e-09	1	0.104828	0.159317	0.666667	0.666667	0.666667	1	1	127834	1e+20	5.51527e+10	25.9438	89.0063	67.4411	3.21384	66.723	20.1663	
 91000	-145137	-1220.67	-98376.6	-21777	0.138714	1	0.162699	12.2926	4.2709	0.0186168	19.6993	0.229042	7326	99	729	-52667	51.4355f	6.19866	4	1	1	0.0891089	0.168317	0.039604	9.90099e-09	0	0	0	0	0.845455	0.938525	0.237705	0.456522	0.892371	9.90099e-09	0.108911	9.90099e-09	1	0.095498	0.153515	0.666667	0.666667	0.666667	1	1	127834	1e+20	5.51527e+10	25.9438	89.0063	67.4411	3.21384	51.4355	6.19866	
 92000	-146126	-1220.67	-99365.2	-21946.9	0.138714	1	0.156001	12.8204	3.91851	0.0259709	19.4835	0.260358	7412	99	728	-52667	31.9182f	1.32331	4	1	1	0.0891089	0.168317	0.019802	9.90099e-09	0	0	0	0	0.881818	0.963758	0.261808	0.544118	0.880054	9.90099e-09	0.108911	9.90099e-09	1	0.128032	0.167647	0.666667	0.666667	0.666667	1	1	127834	1e+20	5.51527e+10	25.9438	89.0063	51.1308	20.367	31.9182	1.32331	
 93000	-144924	-1220.67	-98163.1	-21731.7	0.139441	1	0.161424	12.3897	4.07599	0.00256973	19.4835	0.24189	7303	99	726	-52667	56.2823f	35.6853	4	1	1	0.0891089	0.168317	0.019802	9.90099e-09	0	0	0	0	0.890909	0.951989	0.283951	0.541667	0.888738	9.90099e-09	0.108911	9.90099e-09	1	0.124658	0.177686	0.666667	0.666667	0.666667	1	1	127834	1e+20	5.51527e+10	25.9438	89.0063	51.1308	20.367	56.2823	35.6853	
 94000	-143554	-1220.67	-96793.5	-21638.7	0.138725	1	0.149126	13.4115	3.70104	0.0236793	19.4246	0.288365	7256	99	654	-52667	65.2022f	2.89843	4	1	1	0.0891089	0.168317	0.019802	9.90099e-09	0	0	0	0	0.836364	0.96	0.254121	0.530303	0.895028	9.90099e-09	0.108911	9.90099e-09	1	0.108815	0.181416	0.666667	0.666667	0.666667	1	1	127834	1e+20	5.51527e+10	25.9438	89.0063	51.1308	20.367	65.2022	2.89843	
 95000	-143487	-1220.67	-96726	-21597.1	0.136347	1	0.147138	13.5927	3.58909	0.0259663	19.4246	0.301378	7235	99	674	-52667	69.0672f	1.77421	4	1	1	0.0891089	0.0891089	0.019802	9.90099e-09	0	0	0	0	0.863636	0.973829	0.264463	0.609023	0.888424	9.90099e-09	0.108911	9.90099e-09	1	0.108815	0.147193	0.666667	0.666667	0.666667	1	1	127834	1e+20	5.51527e+10	25.9438	89.0063	51.1308	20.367	69.0672	1.77421	
 96000	-144214	-1220.67	-97453.5	-21790.4	0.136347	1	0.138565	14.4337	3.72301	0.00141296	19.8997	0.308513	7332	99	641	-52667	43.5529f	40.7336	4	1	1	0.039604	0.0891089	0.019802	9.90099e-09	0	0	0	0	0.827273	0.963064	0.247956	0.48	0.891817	9.90099e-09	0.108911	9.90099e-09	1	0.0980926	0.157303	0.666667	0.666667	0.666667	1	1	127834	1e+20	5.51527e+10	25.9438	89.0063	51.1308	20.367	43.5529	40.7336	
 97000	-142230	-1220.67	-95469.8	-21397.8	0.136347	1	0.150967	13.2479	3.8087	0.0118185	19.5889	0.276797	7135	99	660	-52667	40.3356f	16.5572	4	1	1	0.039604	0.0891089	0.019802	9.90099e-09	0	0	0	0	0.918182	0.955056	0.259104	0.431818	0.891854	9.90099e-09	0.108911	9.90099e-09	1	0.110644	0.152905	0.666667	0.666667	0.666667	1	1	127834	1e+20	5.51527e+10	25.9438	89.0063	51.1308	20.367	40.3356	16.5572	
 98000	-144192	-1220.67	-97431.3	-21734.6	0.136347	1	0.149351	13.3913	3.96997	0.0117047	19.8464	0.268426	7304	99	666	-52667	71.6128f	22.9773	4	1	1	0.039604	0.0891089	0.0693069	9.90099e-09	0	0	0	0	0.836364	0.963115	0.273352	0.522059	0.891484	9.90099e-09	0.108911	9.90099e-09	1	0.117647	0.137725	0.666667	0.666667	0.666667	1	1	127834	1e+20	5.51527e+10	25.9438	89.0063	51.1308	20.367	71.6128	22.9773	
 99000	-143960	-1220.67	-97199	-21618.9	0.136722	1	0.157787	12.6753	3.68164	0.0132915	19.1969	0.273974	7246	99	704	-52667	84.5777f	36.8279	4	1	1	0.039604	0.0891089	0.0693069	9.90099e-09	0	0	0	0	0.9	0.950954	0.216253	0.463087	0.877241	0.009901	0.108911	9.90099e-09	1	0.114483	0.153409	0.666667	0.666667	0.666667	1	1	127834	1e+20	5.51527e+10	25.9438	89.0063	51.1308	20.367	84.5777	36.8279	
100000	-142885	-1220.67	-96124.4	-21517.4	0.136722	1	0.156819	12.7536	3.65905	0.00603128	19.1969	0.277366	7195	99	658	-52667	30.4059f	34.8539	4	1	1	0.039604	0.0891089	0.0693069	9.90099e-09	0	0	0	0	0.854545	0.97249	0.249307	0.537313	0.888583	0.009901	0.108911	9.90099e-09	1	0.116667	0.188427	0.666667	0.666667	0.666667	1	1	127834	1e+20	5.51527e+10	31.0304	88.0835	51.1308	20.367	30.4059	34.8539	
101000	-145521	-1220.67	-98760.1	-21877.4	0.140199	1	0.15308	13.0651	3.66263	0.0195331	19.1969	0.283863	7377	99	714	-52667	63.3966f	7.15197	4	1	1	0.039604	0.138614	0.0693069	9.90099e-09	0	0	0	0	0.881818	0.964481	0.245924	0.511111	0.891484	0.009901	0.148515	9.90099e-09	1	0.112772	0.184874	0.666667	0.666667	0.666667	1	1	127834	1e+20	5.51527e+10	31.0304	88.0835	63.6165	24.9036	63.3966	7.15197	
102000	-144049	-1220.67	-97288.4	-21681.6	0.140995	1	0.15308	13.0651	3.84238	0.0338024	19.4007	0.270584	7277	99	674	-52667	96.3064f	12.972	4	1	1	0.019802	0.138614	0.0693069	9.90099e-09	0	0	0	0	0.854545	0.943836	0.221918	0.440299	0.885989	0.009901	0.148515	9.90099e-09	1	0.105479	0.164444	0.666667	0.666667	0.666667	1	1	127834	1e+20	5.51527e+10	31.0304	88.0835	63.6165	24.9036	96.3064	12.972	
103000	-148022	-1220.67	-101261	-22225.3	0.14436	1	0.151258	13.2224	4.18138	0.0245489	19.7577	0.251641	7555	99	757	-52667	95.2104f	27.5443	4	1	1	0.019802	0.138614	0.0693069	9.90099e-09	0	0	0	0	0.818182	0.968127	0.268164	0.551724	0.887268	0.009901	0.148515	9.90099e-09	1	0.116402	0.159841	0.666667	0.666667	0.666667	1	1	127834	1e+20	5.51527e+10	31.0304	88.0835	61.2963	65.2023	95.2104	27.5443	
104000	-148035	-1220.67	-101274	-22217.4	0.143659	1	0.153187	13.056	4.21411	0.0122787	19.7577	0.246543	7551	99	753	-52667	73.6775f	76.9099	4	1	1	0.019802	0.138614	0.049505	9.90099e-09	0	0	0	0	0.881818	0.960474	0.273448	0.546053	0.89432	0.009901	0.148515	9.90099e-09	1	0.0939153	0.130146	0.666667	0.666667	0.666667	1	1	127834	1e+20	5.51527e+10	31.0304	88.0835	61.2963	65.2023	73.6775	76.9099	
105000	-148914	-1220.67	-102154	-22503.7	0.147435	1	0.134053	14.9195	3.78468	0.0208744	19.7577	0.3137	7699	99	683	-52667	14.4614f	19.8479	4	1	1	0.019802	0.138614	0.049505	9.90099e-09	0	0	0	0	0.909091	0.958656	0.257772	0.588235	0.920779	0.009901	0.148515	9.90099e-09	1	0.115285	0.175695	0.666667	0.666667	0.666667	1	1	127834	1e+20	5.51527e+10	31.0304	88.0835	55.4979	25.4473	14.4614	19.8479	
106000	-150062	-1220.67	-103302	-22718.1	0.147435	1	0.132572	15.0862	3.78313	0.021757	19.8106	0.317335	7811	99	682	-52667	47.8123f	2.61384	4	1	1	0.019802	0.138614	0.049505	9.90099e-09	0	0	0	0	0.872727	0.972046	0.256997	0.460993	0.893536	0.009901	0.148515	9.90099e-09	1	0.124041	0.167674	0.666667	0.666667	0.666667	1	1	127834	1e+20	5.51527e+10	31.0304	88.0835	49.2284	31.3261	47.8123	2.61384	
107000	-147929	-1220.67	-101169	-22337.7	0.14549	1	0.131112	15.2541	3.77827	0.021757	19.9252	0.32128	7613	99	685	-52667	47.8123f	2.61384	4	1	1	0.0990099	0.138614	0.049505	9.90099e-09	0	0	0	0	0.9	0.963446	0.25557	0.485714	0.904824	0.009901	0.148515	9.90099e-09	1	0.104987	0.148844	0.666667	0.666667	0.666667	1	1	127834	1e+20	5.51527e+10	31.0304	88.0835	49.2284	31.3261	47.8123	2.61384	
108000	-151631	-1220.67	-104870	-22794.9	0.14703	1	0.164623	12.1489	4.46912	0.00882857	19.5785	0.216325	7851	99	782	-52667	29.5656f	27.9305	4	1	1	0.0990099	0.138614	0.049505	9.90099e-09	0	0	0	0	0.890909	0.948849	0.278626	0.573248	0.895674	0.009901	0.108911	9.90099e-09	1	0.131043	0.166023	0.666667	0.666667	0.666667	1	1	127834	1e+20	5.51527e+10	83.1757	84.5437	49.2284	31.3261	29.5656	27.9305	
109000	-150713	-1220.67	-103952	-22685.6	0.14703	1	0.159979	12.5017	4.40111	0.00727584	19.6436	0.226046	7794	99	749	-52667	40.3883f	24.603	4	1	1	0.0990099	0.138614	0.049505	9.90099e-09	0	0	0	0	0.854545	0.961832	0.241772	0.515924	0.892269	0.009901	0.108911	9.90099e-09	1	0.10641	0.158442	0.666667	0.666667	0.666667	1	1	127834	1e+20	5.51527e+10	83.1757	84.5437	49.2284	31.3261	40.3883	24.603	
110000	-152025	-1220.67	-105264	-22979.2	0.148493	1	0.149902	13.342	4.31079	0.0106252	19.8134	0.246295	7948	99	721	-52667	33.8833f	21.1918	4	1	1	0.0990099	0.138614	0.0594059	9.90099e-09	0	0	0	0	0.827273	0.973552	0.261965	0.410959	0.904282	0.009901	0.108911	9.90099e-09	1	0.120755	0.167785	0.666667	0.666667	0.666667	1	1	127834	1e+20	5.51527e+10	83.1757	84.5437	49.2284	31.3261	33.8833	21.1918	
111000	-151435	-1220.67	-104674	-22792.3	0.148493	1	0.152715	13.0963	4.48227	0.0137482	19.9148	0.232509	7850	99	764	-52667	77.9272f	24.8514	4	1	1	0.0990099	0.138614	0.0594059	9.90099e-09	0	0	0	0	0.872727	0.971939	0.251276	0.47651	0.904092	0.009901	0.108911	9.90099e-09	1	0.142494	0.154873	0.666667	0.666667	0.666667	1	1	127834	1e+20	5.51527e+10	83.1757	84.5437	49.2284	31.3261	77.9272	24.8514	
112000	-151601	-1220.67	-104840	-22964.4	0.148008	1	0.136518	14.6501	3.99378	0.00536221	19.9148	0.291909	7940	99	688	-52667	27.8291f	42.538	4	1	1	0.0990099	0.138614	0.0594059	9.90099e-09	0	0	0	0	0.872727	0.968553	0.266667	0.5	0.885535	9.90099e-09	0.108911	9.90099e-09	1	0.116981	0.146802	0.666667	0.666667	0.666667	1	1	127834	1e+20	5.51527e+10	31.0304	88.0835	49.2284	31.3261	27.8291	42.538	
113000	-153299	-1220.67	-106539	-23124.2	0.150337	1	0.146825	13.6217	4.43345	0.00399757	19.9948	0.2445	8025	99	756	-52667	69.6373f	46.5094	4	1	1	0.0693069	0.138614	0.0594059	9.90099e-09	0	0	0	0	0.854545	0.968789	0.21375	0.513699	0.897628	9.90099e-09	0.108911	9.90099e-09	1	0.10125	0.147897	0.666667	0.666667	0.666667	1	1	127834	1e+20	5.51527e+10	26.2518	84.4668	49.2284	31.3261	69.6373	46.5094	
114000	-154071	-1220.67	-107311	-23322.9	0.156492	1	0.136559	14.6457	4.2051	0.00399757	19.8924	0.277155	8131	99	716	-52667	69.6373f	46.5094	4	1	1	0.0693069	0.168317	0.0594059	9.90099e-09	0	0	0	0	0.836364	0.96802	0.252463	0.585034	0.876847	9.90099e-09	0.138614	9.90099e-09	1	0.115621	0.162634	0.666667	0.666667	0.666667	1	1	127834	1e+20	5.51527e+10	26.2518	84.4668	49.2284	31.3261	69.6373	46.5094	
115000	-153488	-1220.67	-106728	-23220.7	0.156258	1	0.143019	13.9842	4.39742	0.013871	19.8924	0.253063	8076	99	721	-52667	83.1121f	31.7938	4	1	1	0.0693069	0.168317	0.029703	9.90099e-09	0	0	0	0	0.890909	0.969174	0.252163	0.559211	0.903465	9.90099e-09	0.138614	9.90099e-09	1	0.12005	0.145357	0.666667	0.666667	0.666667	1	1	127834	1e+20	5.51527e+10	26.2518	84.4668	49.2284	31.3261	83.1121	31.7938	
116000	-152714	-1220.67	-105953	-23209.5	0.156258	1	0.135812	14.7262	4.05432	0.000570861	19.7461	0.289043	8070	99	656	-52667	43.6021f	51.8501	4	1	1	0.0693069	0.168317	0.029703	9.90099e-09	0	0	0	0	0.863636	0.955501	0.27599	0.477612	0.892327	9.90099e-09	0.138614	9.90099e-09	1	0.116337	0.152542	0.666667	0.666667	0.666667	1	1	127834	1e+20	5.51527e+10	26.2518	84.4668	49.2284	31.3261	43.6021	51.8501	
117000	-155689	-1220.67	-108928	-23501	0.156258	1	0.13607	14.6983	4.062	0.00953338	19.7461	0.287951	8227	99	764	-52667	77.2572f	65.6935	4	1	1	0.0693069	0.168317	0.029703	9.90099e-09	0	0	0	0	0.836364	0.969623	0.266423	0.532895	0.893902	9.90099e-09	0.138614	9.90099e-09	1	0.103406	0.18617	0.666667	0.666667	0.666667	1	1	127834	1e+20	5.51527e+10	30.2482	80.0458	49.2284	31.3261	77.2572	65.6935	
118000	-155630	-1220.67	-108869	-23603.1	0.156258	1	0.124019	16.1266	3.70226	0.0145874	19.7461	0.346629	8282	99	705	-52667	16.3179f	30.4941	4	1	1	0.0693069	0.168317	0.029703	9.90099e-09	0	0	0	0	0.890909	0.961306	0.258767	0.52518	0.881785	9.90099e-09	0.138614	9.90099e-09	1	0.112455	0.185816	0.666667	0.666667	0.666667	1	1	127834	1e+20	5.51527e+10	30.2482	80.0458	49.2284	31.3261	16.3179	30.4941	
119000	-161403	-1220.67	-114642	-24421.2	0.168806	1	0.129027	15.5007	4.16105	0.0113276	19.7461	0.296441	8730	99	771	-52667	30.8388f	21.7627	4	1	1	0.029703	0.168317	0.029703	9.90099e-09	0	0	0	0	0.872727	0.966895	0.264302	0.473333	0.905855	9.90099e-09	0.138614	9.90099e-09	1	0.0998852	0.143443	0.666667	0.666667	0.666667	1	1	127834	1e+20	5.51527e+10	16.7317	21.2332	49.2284	31.3261	30.8388	21.7627	
120000	-162204	-1220.67	-115443	-24472.8	0.168806	1	0.149759	13.3547	4.54044	0.00935366	19.4436	0.23406	8759	99	820	-52667	59.3339f	79.8946	4	1	1	0.029703	0.158416	0.029703	9.90099e-09	0	0	0	0	0.927273	0.954494	0.257991	0.521212	0.891923	9.90099e-09	0.0594059	9.90099e-09	1	0.142207	0.164034	0.666667	0.666667	0.666667	1	1	127834	1e+20	5.51527e+10	16.7317	21.2332	44.9959	68.0901	59.3339	79.8946	
121000	-162755	-1220.67	-115994	-24520.5	0.165535	1	0.156149	12.8083	4.64242	0.000272918	19.4436	0.219552	8786	99	843	-52667	53.2091f	50.0698	4	1	1	0.029703	0.158416	0.029703	9.90099e-09	0	0	0	0	0.8	0.970387	0.257403	0.583815	0.874429	9.90099e-09	0.0594059	9.90099e-09	1	0.123007	0.166857	0.666667	0.666667	0.666667	1	1	127834	1e+20	5.51527e+10	17.2847	88.9236	54.6973	55.6475	53.2091	50.0698	
122000	-164583	-1220.67	-117823	-24840.9	0.16913	1	0.139202	14.3676	4.22845	0.0160433	19.4436	0.270392	8966	99	828	-52667	49.765f	9.36263	4	1	1	0.029703	0.158416	0.029703	9.90099e-09	0	0	0	0	0.854545	0.96085	0.239955	0.454545	0.906145	9.90099e-09	0.0594059	9.90099e-09	1	0.105145	0.179952	0.666667	0.666667	0.666667	1	1	127834	1e+20	5.51527e+10	13.0503	74.2396	54.6973	55.6475	49.765	9.36263	
123000	-165509	-1220.67	-118748	-24953.9	0.171827	1	0.148935	13.4286	4.59626	0.00223371	19.4436	0.232497	9030	99	843	-52667	54.3693f	64.3094	4	1	1	0.029703	0.158416	0.019802	9.90099e-09	0	0	0	0	0.836364	0.961154	0.248337	0.520231	0.884187	9.90099e-09	0.0594059	9.90099e-09	1	0.125835	0.147714	0.666667	0.666667	0.666667	1	1	127834	1e+20	5.51527e+10	13.0503	74.2396	54.6973	55.6475	54.3693	64.3094	
124000	-167773	-1220.67	-121012	-25153.5	0.170904	1	0.165681	12.0714	5.08555	0.00789558	19.4436	0.18889	9143	99	942	-52667	77.3809f	42.566	4	1	1	0.029703	0.158416	0.019802	9.90099e-09	0	0	0	0	0.845455	0.949782	0.280874	0.517766	0.880874	9.90099e-09	0.0594059	9.90099e-09	1	0.139891	0.148421	0.666667	0.666667	0.666667	1	1	127834	1e+20	5.51527e+10	22.0626	94.1658	54.6973	55.6475	77.3809	42.566	
125000	-166457	-1220.67	-119697	-25234.8	0.170904	1	0.139968	14.289	4.29743	0.00278788	19.4449	0.264596	9189	99	777	-52667	61.8221f	61.8249	4	1	1	0.049505	0.19802	0.019802	9.90099e-09	0	0	0	0	0.863636	0.963084	0.238043	0.512821	0.909783	9.90099e-09	0.0594059	9.90099e-09	1	0.09358	0.174338	0.666667	0.666667	0.666667	1	1	127834	1e+20	5.51527e+10	22.0626	94.1658	72.158	43.8465	61.8221	61.8249	
126000	-164784	-1220.67	-118023	-25068.2	0.172735	1	0.139541	14.3327	4.33024	0.00666563	19.4449	0.263394	9095	99	714	-52667	76.0301f	48.8605	4	1	1	0.049505	0.19802	0.019802	9.90099e-09	0	0	0	0	0.818182	0.962596	0.242591	0.509677	0.919868	9.90099e-09	0.128713	9.90099e-09	1	0.0923077	0.150754	0.666667	0.666667	0.666667	1	1	127834	1e+20	5.51527e+10	22.0626	94.1658	72.158	43.8465	76.0301	48.8605	
127000	-167507	-1220.67	-120746	-25442.2	0.172735	1	0.14479	13.8131	4.51465	0.0208366	19.4681	0.243478	9308	99	759	-52667	95.1185f	38.7212	4	1	1	0.049505	0.19802	0.019802	9.90099e-09	0	0	0	0	0.9	0.966523	0.233906	0.524823	0.904865	9.90099e-09	0.128713	9.90099e-09	1	0.0922747	0.172596	0.666667	0.666667	0.666667	1	1	127834	1e+20	5.51527e+10	22.0626	94.1658	67.4237	31.2445	95.1185	38.7212	
128000	-167366	-1220.67	-120605	-25389.6	0.172735	1	0.138305	14.4608	4.31246	0.00421528	19.4681	0.266843	9278	99	777	-52667	60.078f	32.2878	4	1	1	0.049505	0.19802	0.019802	9.90099e-09	0	0	0	0	0.9	0.962325	0.247312	0.512658	0.894624	9.90099e-09	0.128713	9.90099e-09	1	0.104526	0.191763	0.666667	0.666667	0.666667	1	1	127834	1e+20	5.51527e+10	22.0626	94.1658	67.4237	31.2445	60.078	32.2878	
129000	-164901	-1220.67	-118140	-25101.6	0.172735	1	0.125856	15.8912	4.30049	0.00345055	19.9188	0.294055	9114	99	717	-52667	68.2429f	53.3319	4	1	1	0.049505	0.19802	0.019802	9.90099e-09	0	0	0	0	0.9	0.964989	0.232456	0.547297	0.902412	9.90099e-09	0.128713	9.90099e-09	1	0.105263	0.170153	0.666667	0.666667	0.666667	1	1	127834	1e+20	5.51527e+10	22.0626	94.1658	67.4237	31.2445	68.2429	53.3319	
130000	-164360	-1220.67	-117599	-24897.9	0.172735	1	0.125856	15.8912	4.30049	0.00345055	19.9188	0.294055	8998	99	772	-52667	68.2429f	53.3319	4	1	1	0.049505	0.19802	0.019802	9.90099e-09	0	0	0	0	0.9	0.955457	0.237514	0.517241	0.901111	9.90099e-09	0.128713	9.90099e-09	1	0.105556	0.155862	0.666667	0.666667	0.666667	1	1	127834	1e+20	5.51527e+10	21.281	74.261	67.4237	31.2445	68.2429	53.3319	
131000	-165752	-1220.67	-118992	-25080.5	0.172735	1	0.132125	15.1372	4.5147	0.00125703	19.9188	0.266813	9102	99	802	-52667	59.7818f	54.3887	4	1	1	0.049505	0.19802	0.019802	9.90099e-09	0	0	0	0	0.954545	0.956906	0.236988	0.46875	0.886313	9.90099e-09	0.128713	9.90099e-09	1	0.119337	0.162935	0.666667	0.666667	0.666667	1	1	127834	1e+20	5.51527e+10	21.281	74.261	67.4237	31.2445	59.7818	54.3887	
132000	-166301	-1220.67	-119540	-25217.5	0.172735	1	0.127145	15.7301	4.34455	0.0024332	19.9188	0.288122	9180	99	762	-52667	56.9177f	36.4932	4	1	1	0.019802	0.118812	0.019802	9.90099e-09	0	0	0	0	0.9	0.962039	0.286492	0.480263	0.899891	9.90099e-09	0.0891089	9.90099e-09	1	0.133406	0.174359	0.666667	0.666667	0.666667	1	1	127834	1e+20	5.51527e+10	21.281	74.261	67.4237	31.2445	56.9177	36.4932	
133000	-163261	-1220.67	-116501	-24722.8	0.17146	1	0.14342	13.9451	4.92094	0.00560182	19.9764	0.225508	8899	99	780	-52667	66.7048f	33.2208	4	1	1	0.019802	0.118812	0.019802	9.90099e-09	0	0	0	0	0.818182	0.971815	0.261556	0.572368	0.901917	9.90099e-09	0.0891089	9.90099e-09	1	0.11236	0.187179	0.666667	0.666667	0.666667	1	1	127834	1e+20	5.51527e+10	21.281	74.261	67.4237	31.2445	66.7048	33.2208	
134000	-163701	-1220.67	-116940	-24709.7	0.170246	1	0.142536	14.0316	4.68726	0.0077528	19.8005	0.23822	8892	99	822	-52667	66.4265f	27.3198	4	1	1	0.019802	0.118812	0.019802	9.90099e-09	0	0	0	0	0.872727	0.968575	0.246914	0.472393	0.910112	9.90099e-09	0.0891089	9.90099e-09	1	0.1	0.153656	0.666667	0.666667	0.666667	1	1	127834	1e+20	5.51527e+10	21.281	74.261	67.4237	31.2445	66.4265	27.3198	
135000	-164834	-1220.67	-118073	-24929.3	0.170246	1	0.149036	13.4196	4.90102	0.0234648	19.8005	0.217892	9016	99	798	-52667	84.6554f	14.9485	4	1	1	0.019802	0.118812	0.019802	9.90099e-09	0	0	0	0	0.772727	0.969027	0.234184	0.496933	0.899113	9.90099e-09	0.0891089	9.90099e-09	1	0.119734	0.155388	0.666667	0.666667	0.666667	1	1	127834	1e+20	5.51527e+10	21.281	74.261	67.4237	31.2445	84.6554	14.9485	
136000	-162422	-1220.67	-115661	-24622.2	0.167197	1	0.130493	15.3265	4.21437	0.0288125	19.8005	0.289401	8843	99	753	-52667	95.2607f	19.2656	4	1	1	0.019802	0.118812	0.019802	9.90099e-09	0	0	0	0	0.881818	0.966025	0.241535	0.585526	0.903955	9.90099e-09	0.0891089	9.90099e-09	1	0.112994	0.162943	0.666667	0.666667	0.666667	1	1	127834	1e+20	5.51527e+10	21.281	74.261	67.4237	31.2445	95.2607	19.2656	
137000	-161689	-1220.67	-114928	-24622.1	0.168338	1	0.124682	16.0408	3.89193	0.0288125	19.5994	0.327983	8843	99	687	-52667	95.2607f	19.2656	4	1	1	0.0594059	0.118812	0.029703	9.90099e-09	0	0	0	0	0.881818	0.956965	0.251131	0.478261	0.90724	9.90099e-09	0.0891089	9.90099e-09	1	0.107345	0.158774	0.666667	0.666667	0.666667	1	1	127834	1e+20	5.51527e+10	21.281	74.261	67.4237	31.2445	95.2607	19.2656	
138000	-160709	-1220.67	-113949	-24420.2	0.167386	1	0.128877	15.5187	4.00012	0.00403488	19.5994	0.308725	8730	99	713	-52667	48.6008f	30.1169	4	1	1	0.0594059	0.118812	0.029703	9.90099e-09	0	0	0	0	0.890909	0.968073	0.26087	0.589928	0.893593	9.90099e-09	0.128713	9.90099e-09	1	0.125858	0.16129	0.666667	0.666667	0.666667	1	1	127834	1e+20	5.51527e+10	35.7001	80.1783	67.4237	31.2445	48.6008	30.1169	
139000	-164057	-1220.67	-117297	-24881.3	0.167386	1	0.137139	14.5838	4.54392	0.00401848	19.9221	0.255405	8988	99	761	-52667	63.9005f	35.7733	4	1	1	0.0594059	0.168317	0.029703	9.90099e-09	0	0	0	0	0.854545	0.975528	0.246102	0.5	0.895439	9.90099e-09	0.128713	9.90099e-09	1	0.102336	0.180026	0.666667	0.666667	0.666667	1	1	127834	1e+20	5.51527e+10	35.7001	80.1783	67.4237	31.2445	63.9005	35.7733	
140000	-163957	-1220.67	-117197	-24874.5	0.169581	1	0.131831	15.1709	4.49282	0.0157664	19.9976	0.26871	8985	99	757	-52667	90.1458f	45.3706	4	1	1	0.0594059	0.168317	0.029703	9.90099e-09	0	0	0	0	0.809091	0.959956	0.264151	0.5	0.904815	9.90099e-09	0.128713	9.90099e-09	1	0.0978865	0.158568	0.666667	0.666667	0.666667	1	1	127834	1e+20	5.51527e+10	35.7001	80.1783	67.4237	31.2445	90.1458	45.3706	
141000	-164481	-1220.67	-117720	-24927.8	0.169581	1	0.142138	14.0708	4.60314	0.0161528	19.7442	0.243251	9015	99	770	-52667	90.9277f	49.2501	4	1	1	0.0594059	0.168317	0.029703	9.90099e-09	0	0	0	0	0.9	0.955801	0.226872	0.50641	0.884187	9.90099e-09	0.128713	9.90099e-09	1	0.108287	0.169811	0.666667	0.666667	0.666667	1	1	127834	1e+20	5.51527e+10	33.9728	78.1691	67.4237	31.2445	90.9277	49.2501	
142000	-166258	-1220.67	-119497	-25140.7	0.169581	1	0.142138	14.0708	4.41163	0.013524	19.5355	0.25381	9135	99	815	-52667	61.6376f	14.6285	4	1	1	0.0594059	0.168317	0.029703	9.90099e-09	0	0	0	0	0.836364	0.973684	0.272827	0.554217	0.898026	9.90099e-09	0.128713	9.90099e-09	1	0.119518	0.167874	0.666667	0.666667	0.666667	1	1	127834	1e+20	5.51527e+10	33.9728	78.1691	67.4237	31.2445	61.6376	14.6285	
143000	-164455	-1220.67	-117695	-25017.3	0.171407	1	0.130228	15.3577	4.31392	0.00272717	19.8031	0.283298	9066	99	723	-52667	42.2236f	35.7485	4	1	1	0.0594059	0.168317	0.049505	9.90099e-09	0	0	0	0	0.909091	0.971429	0.232379	0.531469	0.922319	9.90099e-09	0.128713	9.90099e-09	1	0.0992282	0.147937	0.666667	0.666667	0.666667	1	1	127834	1e+20	5.51527e+10	33.9728	78.1691	67.4237	31.2445	42.2236	35.7485	
144000	-164635	-1220.67	-117874	-25006.7	0.171378	1	0.12695	15.7542	4.20464	0.0184139	19.8031	0.298165	9060	99	742	-52667	90.0211f	32.5692	4	1	1	0.0594059	0.168317	0.049505	9.90099e-09	0	0	0	0	0.881818	0.971334	0.23925	0.464968	0.899669	9.90099e-09	0.178218	9.90099e-09	1	0.0948181	0.167305	0.666667	0.666667	0.666667	1	1	127834	1e+20	5.51527e+10	33.9728	78.1691	67.4237	31.2445	90.0211	32.5692	
145000	-165656	-1220.67	-118895	-25117.9	0.171378	1	0.132663	15.0758	4.39386	0.0173374	19.8031	0.273038	9123	99	766	-52667	66.8309f	11.2405	4	1	1	0.0594059	0.138614	0.049505	9.90099e-09	0	0	0	0	0.818182	0.97177	0.249726	0.568627	0.890471	9.90099e-09	0.178218	9.90099e-09	1	0.109529	0.172549	0.666667	0.666667	0.666667	1	1	127834	1e+20	5.51527e+10	33.9728	78.1691	98.4428	24.812	66.8309	11.2405	
146000	-165841	-1220.67	-119081	-25114.3	0.171378	1	0.144193	13.8703	4.77571	0.0158646	19.8031	0.231121	9121	99	789	-52667	89.2753f	60.4262	4	1	1	0.0594059	0.138614	0.049505	9.90099e-09	0	0	0	0	0.863636	0.947484	0.229759	0.533333	0.900655	0.019802	0.178218	9.90099e-09	1	0.116101	0.173966	0.666667	0.666667	0.666667	1	1	127834	1e+20	5.51527e+10	33.9728	78.1691	98.4428	24.812	89.2753	60.4262	
147000	-167339	-1220.67	-120579	-25208.5	0.173306	1	0.155688	12.8462	5.26379	0.0274669	19.8498	0.194208	9175	99	868	-52667	98.4563f	27.4841	4	1	1	0.0594059	0.138614	0.049505	9.90099e-09	0	0	0	0	0.836364	0.965217	0.257889	0.55814	0.88671	0.019802	0.178218	9.90099e-09	1	0.122004	0.153226	0.666667	0.666667	0.666667	1	1	127834	1e+20	5.51527e+10	33.9728	78.1691	98.4428	24.812	98.4563	27.4841	
148000	-167134	-1220.67	-120374	-25175.2	0.173306	1	0.1652	12.1065	5.3386	0.00634143	19.6268	0.180461	9156	99	877	-52667	59.7139f	26.7164	4	1	1	0.0594059	0.138614	0.049505	9.90099e-09	0	0	0	0	0.845455	0.955289	0.24918	0.538889	0.88299	0.019802	0.178218	9.90099e-09	1	0.121179	0.164229	0.666667	0.666667	0.666667	1	1	127834	1e+20	5.51527e+10	57.8224	71.1722	98.4428	24.812	59.7139	26.7164	
149000	-166550	-1220.67	-119789	-25169.9	0.173306	1	0.150972	13.2475	4.87881	0.0278504	19.6268	0.216078	9153	99	818	-52667	94.9519f	20.4738	4	1	1	0.0594059	0.138614	0.049505	9.90099e-09	0	0	0	0	0.809091	0.962923	0.26776	0.526946	0.89445	0.019802	0.0891089	9.90099e-09	1	0.120219	0.178872	0.666667	0.666667	0.666667	1	1	127834	1e+20	5.51527e+10	57.8224	71.1722	98.4428	24.812	94.9519	20.4738	
150000	-168101	-1220.67	-121340	-25213.6	0.174368	1	0.161066	12.4173	5.62646	0.0220916	19.982	0.175623	9178	99	940	-52667	66.2092f	5.04902	4	1	1	0.009901	0.138614	0.049505	9.90099e-09	0	0	0	0	0.863636	0.974918	0.259259	0.520231	0.87241	0.019802	0.0891089	9.90099e-09	1	0.124183	0.174779	0.666667	0.666667	0.666667	1	1	127834	1e+20	5.51527e+10	57.8224	71.1722	98.4428	24.812	66.2092	5.04902	
151000	-170731	-1220.67	-123970	-25691.8	0.178791	1	0.133995	14.9259	4.79956	0.00531686	19.982	0.247474	9454	99	894	-52667	32.6906f	34.5759	4	1	1	0.009901	0.19802	0.049505	9.90099e-09	0	0	0	0	0.827273	0.967265	0.247619	0.520231	0.894737	0.019802	0.0891089	9.90099e-09	1	0.101373	0.160188	0.666667	0.666667	0.666667	1	1	127834	1e+20	5.51527e+10	57.8224	71.1722	98.4428	24.812	32.6906	34.5759	
152000	-169896	-1220.67	-123135	-25671.1	0.178791	1	0.147244	13.5829	5.27412	0.0328538	19.982	0.204942	9442	99	829	-52667	98.3743f	17.1805	4	1	1	0.009901	0.19802	0.049505	9.90099e-09	0	0	0	0	0.809091	0.964059	0.280423	0.516854	0.892063	0.019802	0.0891089	9.90099e-09	1	0.11746	0.145959	0.666667	0.666667	0.666667	1	1	127834	1e+20	5.51527e+10	57.8224	71.1722	98.4428	24.812	98.3743	17.1805	
153000	-170103	-1220.67	-123342	-25700.4	0.178791	1	0.133403	14.9922	4.77833	0.00787444	19.982	0.249677	9459	99	832	-52667	47.3502f	21.8795	4	1	1	0.009901	0.19802	0.049505	9.90099e-09	0	0	0	0	0.809091	0.968454	0.237895	0.549383	0.895789	0.019802	0.0891089	9.90099e-09	1	0.115222	0.16133	0.666667	0.666667	0.666667	1	1	127834	1e+20	5.51527e+10	36.8952	81.9359	72.6117	41.9192	47.3502	21.8795	
154000	-169027	-1220.67	-122266	-25567.8	0.178791	1	0.14622	13.678	5.0924	0.0028902	19.8422	0.213743	9382	99	813	-52667	63.3504f	60.5453	4	1	1	0.009901	0.19802	0.049505	9.90099e-09	0	0	0	0	0.827273	0.958555	0.258236	0.490909	0.908898	0.019802	0.0891089	9.90099e-09	1	0.111583	0.148831	0.666667	0.666667	0.666667	1	1	127834	1e+20	5.51527e+10	36.8952	81.9359	72.6117	41.9192	63.3504	60.5453	
155000	-171037	-1220.67	-124276	-25822.6	0.178791	1	0.144711	13.8207	5.03984	0.00151936	19.8422	0.218224	9530	99	850	-52667	61.8229f	50.7634	4	1	1	0.009901	0.19802	0.049505	9.90099e-09	0	0	0	0	0.8	0.959034	0.255521	0.469613	0.895899	0.019802	0.0891089	9.90099e-09	1	0.115668	0.181045	0.666667	0.666667	0.666667	1	1	127834	1e+20	5.51527e+10	36.8952	81.9359	72.6117	41.9192	61.8229	50.7634	
156000	-171049	-1220.67	-124288	-25729.7	0.178791	1	0.146827	13.6215	5.11353	0.00750721	19.8422	0.21198	9476	99	904	-52667	67.6815f	71.6323	4	1	1	0.009901	0.19802	0.019802	9.90099e-09	0	0	0	0	0.890909	0.959788	0.25132	0.522472	0.895238	0.019802	0.0891089	9.90099e-09	1	0.111111	0.16609	0.666667	0.666667	0.666667	1	1	127834	1e+20	5.51527e+10	36.8952	81.9359	72.6117	41.9192	67.6815	71.6323	
157000	-170445	-1220.67	-123684	-25745.3	0.176353	1	0.145365	13.7584	4.99361	0.0114708	19.8422	0.219253	9484	99	839	-52667	71.2445f	23.1389	4	1	1	0.039604	0.19802	0.019802	9.90099e-09	0	0	0	0	0.9	0.965079	0.269758	0.556213	0.898841	0.019802	0.0891089	9.90099e-09	1	0.122234	0.158084	0.666667	0.666667	0.666667	1	1	127834	1e+20	5.51527e+10	36.8952	81.9359	72.6117	41.9192	71.2445	23.1389	
158000	-168398	-1220.67	-121637	-25514.5	0.176353	1	0.134328	14.8889	4.61445	0.0177895	19.8422	0.256764	9351	99	788	-52667	85.8935f	26.5666	4	1	1	0.039604	0.19802	0.019802	9.90099e-09	0	0	0	0	0.872727	0.96788	0.251337	0.623377	0.896774	0.009901	0.0891089	9.90099e-09	1	0.0929487	0.156171	0.666667	0.666667	0.666667	1	1	127834	1e+20	5.51527e+10	36.8952	81.9359	72.6117	41.9192	85.8935	26.5666	
159000	-170401	-1220.67	-123641	-25750.5	0.176353	1	0.134953	14.82	4.73734	0.00452713	19.9499	0.248946	9487	99	834	-52667	70.9543f	46.2411	4	1	1	0.039604	0.19802	0.019802	9.90099e-09	0	0	0	0	0.809091	0.95785	0.264211	0.5	0.903056	0.009901	0.0891089	9.90099e-09	1	0.122234	0.173966	0.666667	0.666667	0.666667	1	1	127834	1e+20	5.51527e+10	94.1859	76.0615	72.6117	41.9192	70.9543	46.2411	
160000	-166830	-1220.67	-120069	-25278.5	0.176353	1	0.131937	15.1587	4.2662	0.0283533	19.5443	0.282756	9215	99	781	-52667	23.6614f	2.50567	4	1	1	0.039604	0.19802	0.019802	9.90099e-09	0	0	0	0	0.890909	0.965405	0.247021	0.475	0.905435	0.009901	0.0693069	9.90099e-09	1	0.109783	0.153548	0.666667	0.666667	0.666667	1	1	127834	1e+20	5.51527e+10	33.2124	83.3142	55.2575	25.0386	23.6614	2.50567	
161000	-167656	-1220.67	-120896	-25355.1	0.177211	1	0.135089	14.8051	4.4365	0.00489023	19.5966	0.265558	9259	99	811	-52667	71.6749f	55.1007	4	1	1	0.039604	0.19802	0.019802	9.90099e-09	0	0	0	0	0.809091	0.956663	0.248373	0.525974	0.87744	0.009901	0.0693069	9.90099e-09	1	0.121475	0.184906	0.666667	0.666667	0.666667	1	1	127834	1e+20	5.51527e+10	33.2124	83.3142	55.2575	25.0386	71.6749	55.1007	
162000	-168977	-1220.67	-122217	-25567.9	0.177251	1	0.140095	14.276	4.89163	0.0010587	19.8979	0.232243	9382	99	811	-52667	55.1274f	42.1013	4	1	1	0.039604	0.19802	0.039604	9.90099e-09	0	0	0	0	0.863636	0.956243	0.272921	0.425926	0.898721	0.009901	0.0693069	9.90099e-09	1	0.115016	0.17061	0.666667	0.666667	0.666667	1	1	127834	1e+20	5.51527e+10	33.2124	83.3142	64.4591	13.4773	55.1274	42.1013	
163000	-166259	-1220.67	-119498	-25239.2	0.177251	1	0.134819	14.8347	4.27555	0.0119983	19.425	0.276106	9192	99	757	-52667	57.4018f	15.7592	4	1	1	0.039604	0.128713	0.039604	9.90099e-09	0	0	0	0	0.845455	0.977199	0.248913	0.490798	0.895652	0.009901	0.0693069	9.90099e-09	1	0.118478	0.167702	0.666667	0.666667	0.666667	1	1	127834	1e+20	5.51527e+10	18.5776	70.6803	42.9213	31.0288	57.4018	15.7592	
164000	-167757	-1220.67	-120996	-25484.9	0.177251	1	0.141636	14.1207	4.49175	0.00686394	19.425	0.250167	9334	99	755	-52667	42.4652f	24.7625	4	1	1	0.029703	0.128713	0.039604	9.90099e-09	0	0	0	0	0.809091	0.963558	0.266595	0.509804	0.914255	0.009901	0.0693069	9.90099e-09	1	0.11254	0.151117	0.666667	0.666667	0.666667	1	1	127834	1e+20	5.51527e+10	18.5776	70.6803	42.9213	31.0288	42.4652	24.7625	
165000	-167202	-1220.67	-120442	-25318.8	0.177251	1	0.134266	14.8958	4.25801	0.0286529	19.425	0.278386	9238	99	798	-52667	76.3542f	2.2858	4	1	1	0.029703	0.128713	0.039604	9.90099e-09	0	0	0	0	0.881818	0.967568	0.23301	0.407643	0.902256	0.009901	0.0693069	9.90099e-09	1	0.107411	0.175439	0.666667	0.666667	0.666667	1	1	127834	1e+20	5.51527e+10	18.5776	70.6803	42.9213	31.0288	76.3542	2.2858	
166000	-167984	-1220.67	-121223	-25421.3	0.172662	1	0.14176	14.1084	4.44265	0.00494138	19.4949	0.252711	9296	99	809	-52667	27.7804f	46.6418	4	1	1	0.029703	0.128713	0.039604	9.90099e-09	0	0	0	0	0.854545	0.970999	0.25914	0.598765	0.904814	0.009901	0.108911	9.90099e-09	1	0.108602	0.155811	0.666667	0.666667	0.666667	1	1	127834	1e+20	5.51527e+10	18.5776	70.6803	42.9213	31.0288	27.7804	46.6418	
167000	-169192	-1220.67	-122431	-25657.6	0.177728	1	0.140356	14.2495	4.33097	0.000922716	19.2796	0.26182	9434	99	780	-52667	40.999f	50.1804	4	1	1	0.029703	0.128713	0.039604	9.90099e-09	0	0	0	0	0.9	0.969214	0.247881	0.496894	0.89339	0.009901	0.108911	9.90099e-09	1	0.118644	0.171392	0.666667	0.666667	0.666667	1	1	127834	1e+20	5.51527e+10	18.5776	70.6803	42.9213	31.0288	40.999	50.1804	
168000	-170690	-1220.67	-123929	-25798.4	0.182321	1	0.137329	14.5635	4.41233	0.00250837	19.3515	0.262657	9516	99	835	-52667	60.1111f	38.3246	4	1	1	0.029703	0.128713	0.039604	9.90099e-09	0	0	0	0	0.809091	0.962105	0.266878	0.559006	0.893572	0.009901	0.108911	9.90099e-09	1	0.118697	0.178571	0.666667	0.666667	0.666667	1	1	127834	1e+20	5.51527e+10	18.5776	70.6803	42.9213	31.0288	60.1111	38.3246	
169000	-168532	-1220.67	-121771	-25595.9	0.182321	1	0.137508	14.5446	4.41807	0.0125555	19.3515	0.261975	9397	99	761	-52667	78.6947f	28.4353	4	1	1	0.029703	0.128713	0.039604	9.90099e-09	0	0	0	0	0.872727	0.96162	0.264894	0.493976	0.901379	0.009901	0.108911	9.90099e-09	1	0.105096	0.174541	0.666667	0.666667	0.666667	1	1	127834	1e+20	5.51527e+10	18.5776	70.6803	42.9213	31.0288	78.6947	28.4353	
170000	-171733	-1220.67	-124972	-26058.7	0.182632	1	0.131117	15.2536	4.31053	0.00692236	19.4546	0.281599	9669	99	777	-52667	73.0787f	37.0451	4	1	1	0.0594059	0.128713	0.039604	9.90099e-09	0	0	0	0	0.945455	0.963768	0.257231	0.531646	0.909186	0.019802	0.108911	9.90099e-09	1	0.0940083	0.143223	0.666667	0.666667	0.666667	1	1	127834	1e+20	5.51527e+10	18.5776	70.6803	42.9213	31.0288	73.0787	37.0451	
171000	-172320	-1220.67	-125560	-26119.9	0.182632	1	0.131559	15.2023	4.28012	0.00329487	19.4038	0.282647	9705	99	792	-52667	42.4893f	33.6943	4	1	1	0.0594059	0.128713	0.039604	9.90099e-09	0	0	0	0	0.863636	0.971223	0.255647	0.506329	0.92482	0.019802	0.108911	9.90099e-09	1	0.111226	0.171717	0.666667	0.666667	0.666667	1	1	127834	1e+20	5.51527e+10	18.5776	70.6803	42.9213	31.0288	42.4893	33.6943	
172000	-171941	-1220.67	-125180	-26077.2	0.183837	1	0.13372	14.9567	4.37911	0.0010884	19.4038	0.271794	9680	99	792	-52667	51.6707f	40.5725	4	1	1	0.0594059	0.128713	0.039604	9.90099e-09	0	0	0	0	0.827273	0.969136	0.246901	0.490909	0.910217	0.019802	0.108911	9.90099e-09	1	0.0980392	0.161412	0.666667	0.666667	0.666667	1	1	127834	1e+20	5.51527e+10	18.5776	70.6803	42.9213	31.0288	51.6707	40.5725	
173000	-171782	-1220.67	-125022	-26102.6	0.183837	1	0.13372	14.9567	4.37911	0.0138626	19.4038	0.271794	9695	99	751	-52667	22.7231f	23.7326	4	1	1	0.0594059	0.128713	0.039604	9.90099e-09	0	0	0	0	0.881818	0.956746	0.256966	0.52795	0.914345	0.019802	0.118812	9.90099e-09	1	0.105155	0.17038	0.666667	0.666667	0.666667	1	1	127834	1e+20	5.51527e+10	18.5776	70.6803	42.9213	31.0288	22.7231	23.7326	
174000	-174935	-1220.67	-128174	-26534.8	0.186873	1	0.129479	15.4465	4.31029	0.00488872	19.4038	0.285176	9952	99	780	-52667	28.305f	55.7706	4	1	1	0.0594059	0.128713	0.039604	9.90099e-09	0	0	0	0	0.872727	0.966867	0.233166	0.509554	0.904618	0.019802	0.118812	9.90099e-09	1	0.0925553	0.180392	0.666667	0.666667	0.666667	1	1	127834	1e+20	5.51527e+10	18.5776	70.6803	42.9213	31.0288	28.305	55.7706	
175000	-173421	-1220.67	-126661	-26320.1	0.186873	1	0.12597	15.8767	4.19347	0.00488872	19.4038	0.301285	9824	99	775	-52667	28.305f	55.7706	4	1	1	0.0594059	0.168317	0.029703	9.90099e-09	0	0	0	0	0.836364	0.980612	0.22177	0.496774	0.908629	0.019802	0.118812	9.90099e-09	1	0.0946083	0.170103	0.666667	0.666667	0.666667	1	1	127834	1e+20	5.51527e+10	18.5776	70.6803	42.9213	31.0288	28.305	55.7706	
176000	-172255	-1220.67	-125495	-26053.5	0.186941	1	0.131422	15.2181	4.65175	0.0160451	19.7019	0.260336	9665	99	822	-52667	63.3152f	11.6203	4	1	1	0.029703	0.168317	0.029703	9.90099e-09	0	0	0	0	0.836364	0.959752	0.283213	0.404762	0.908342	0.019802	0.118812	9.90099e-09	1	0.115345	0.191263	0.666667	0.666667	0.666667	1	1	127834	1e+20	5.51527e+10	18.5776	70.6803	42.9213	31.0288	63.3152	11.6203	
177000	-176173	-1220.67	-129412	-26682	0.187297	1	0.128718	15.5379	4.56469	0.0160451	19.7019	0.270876	10040	99	814	-52667	63.3152f	11.6203	4	1	1	0.029703	0.168317	0.029703	9.90099e-09	0	0	0	0	0.863636	0.968159	0.251992	0.515924	0.912438	0.019802	0.118812	9.90099e-09	1	0.103483	0.146433	0.666667	0.666667	0.666667	1	1	127834	1e+20	5.51527e+10	18.5776	70.6803	42.9213	31.0288	63.3152	11.6203	
178000	-178186	-1220.67	-131426	-26859	0.191539	1	0.131872	15.1662	4.5965	0.0100897	19.5075	0.262567	10148	99	882	-52667	41.5739f	19.0203	4	1	1	0.029703	0.168317	0.029703	9.90099e-09	0	0	0	0	0.881818	0.966502	0.252226	0.538462	0.897537	0.019802	0.118812	9.90099e-09	1	0.113524	0.176871	0.666667	0.666667	0.666667	1	1	127834	1e+20	5.51527e+10	18.5776	70.6803	42.9213	31.0288	41.5739	19.0203	
179000	-176457	-1220.67	-129696	-26770.1	0.190198	1	0.120698	16.5703	4.59616	0.000446861	19.9788	0.286896	10094	99	783	-52667	50.0166f	44.846	4	1	1	0.029703	0.168317	0.029703	9.90099e-09	0	0	0	0	0.854545	0.96752	0.269763	0.496815	0.898622	0.019802	0.108911	9.90099e-09	1	0.121782	0.169742	0.666667	0.666667	0.666667	1	1	127834	1e+20	5.51527e+10	18.5776	70.6803	42.9213	31.0288	50.0166	44.846	
180000	-174925	-1220.67	-128164	-26489.6	0.190198	1	0.12346	16.1996	4.70133	0.0149281	19.9788	0.274203	9925	99	808	-52667	89.1921f	53.6264	4	1	1	0.029703	0.168317	0.029703	9.90099e-09	0	0	0	0	0.909091	0.959799	0.284274	0.518293	0.900602	0.019802	0.108911	9.90099e-09	1	0.114919	0.194245	0.666667	0.666667	0.666667	1	1	127834	1e+20	5.51527e+10	7.40765	52.0243	71.6524	34.2301	89.1921	53.6264	
181000	-174604	-1220.67	-127844	-26441.4	0.190198	1	0.130633	15.3101	4.97447	0.00906401	19.9788	0.244918	9896	99	809	-52667	79.9849f	44.5692	4	1	1	0.029703	0.138614	0.029703	9.90099e-09	0	0	0	0	0.818182	0.972837	0.261352	0.550898	0.914141	0.009901	0.108911	9.90099e-09	1	0.0919192	0.17199	0.666667	0.666667	0.666667	1	1	127834	1e+20	5.51527e+10	7.40765	52.0243	71.6524	34.2301	79.9849	44.5692	
182000	-173575	-1220.67	-126814	-26388.8	0.186978	1	0.120373	16.6151	4.50617	0.0146509	19.9788	0.293417	9865	99	745	-52667	85.6416f	34.4886	4	1	1	0.029703	0.138614	0.029703	9.90099e-09	0	0	0	0	0.836364	0.970707	0.24498	0.532051	0.918946	0.009901	0.108911	9.90099e-09	1	0.105051	0.171934	0.666667	0.666667	0.666667	1	1	127834	1e+20	5.51527e+10	7.40765	52.0243	71.6524	34.2301	85.6416	34.4886	
183000	-174205	-1220.67	-127444	-26535.8	0.189062	1	0.112656	17.7531	4.26431	0.0246935	19.9788	0.331295	9953	99	716	-52667	86.7564f	85.2599	4	1	1	0.029703	0.138614	0.029703	9.90099e-09	0	0	0	0	0.863636	0.972892	0.288867	0.547945	0.925777	0.009901	0.108911	9.90099e-09	1	0.102307	0.157967	0.666667	0.666667	0.666667	1	1	127834	1e+20	5.51527e+10	7.40765	52.0243	56.2379	64.3641	86.7564	85.2599	
184000	-174936	-1220.67	-128176	-26575.8	0.189062	1	0.112271	17.814	4.05763	0.00310349	19.7491	0.349366	9977	99	756	-52667	60.2663f	64.4589	4	1	1	0.029703	0.138614	0.029703	9.90099e-09	0	0	0	0	0.827273	0.985958	0.250749	0.578231	0.923154	0.009901	0.108911	9.90099e-09	1	0.0901804	0.140541	0.666667	0.666667	0.666667	1	1	127834	1e+20	5.51527e+10	7.40765	52.0243	41.8224	38.364	60.2663	64.4589	
185000	-177019	-1220.67	-130258	-26785.7	0.189062	1	0.124193	16.1039	4.48852	0.00559327	19.7491	0.285509	10103	99	821	-52667	38.9746f	71.5092	4	1	1	0.029703	0.138614	0.029703	9.90099e-09	0	0	0	0	0.836364	0.973161	0.244554	0.559524	0.902077	0.009901	0.108911	9.90099e-09	1	0.0971259	0.174178	0.666667	0.666667	0.666667	1	1	127834	1e+20	5.51527e+10	7.40765	52.0243	41.8224	38.364	38.9746	71.5092	
186000	-175282	-1220.67	-128521	-26546.3	0.190846	1	0.132448	15.1002	4.83202	0.00134671	19.7491	0.248683	9959	99	810	-52667	51.1024f	61.3265	4	1	1	0.029703	0.138614	0.029703	9.90099e-09	0	0	0	0	0.836364	0.973974	0.253761	0.557576	0.910192	0.009901	0.108911	9.90099e-09	1	0.0973896	0.161446	0.666667	0.666667	0.666667	1	1	127834	1e+20	5.51527e+10	7.40765	52.0243	41.8224	38.364	51.1024	61.3265	
187000	-176950	-1220.67	-130189	-26715.3	0.191964	1	0.133226	15.0121	4.88886	0.0012604	19.7491	0.244357	10061	99	860	-52667	39.7578f	46.8011	4	1	1	0.029703	0.158416	0.029703	9.90099e-09	0	0	0	0	0.790909	0.97619	0.259701	0.527607	0.880597	0.009901	0.108911	9.90099e-09	1	0.144279	0.164336	0.666667	0.666667	0.666667	1	1	127834	1e+20	5.51527e+10	7.40765	52.0243	41.8224	38.364	39.7578	46.8011	
188000	-176409	-1220.67	-129648	-26641	0.191964	1	0.142533	14.0319	5.23039	0.00200416	19.7491	0.213487	10016	99	856	-52667	53.8391f	36.918	4	1	1	0.049505	0.158416	0.029703	9.90099e-09	0	0	0	0	0.863636	0.970179	0.246792	0.465909	0.90519	0.009901	0.108911	9.90099e-09	1	0.116766	0.175234	0.666667	0.666667	0.666667	1	1	127834	1e+20	5.51527e+10	7.40765	52.0243	41.8224	38.364	53.8391	36.918	
189000	-175316	-1220.67	-128555	-26368.8	0.186198	1	0.142533	14.0319	5.07328	0.00317513	19.7491	0.220099	9853	99	920	-52667	36.3592f	38.7183	4	1	1	0.049505	0.158416	0.009901	9.90099e-09	0	0	0	0	0.854545	0.957619	0.261929	0.586022	0.870482	0.009901	0.108911	9.90099e-09	1	0.116044	0.143169	0.666667	0.666667	0.666667	1	1	127834	1e+20	5.51527e+10	7.40765	52.0243	41.8224	38.364	36.3592	38.7183	
190000	-173646	-1220.67	-126886	-26175.3	0.184497	1	0.147855	13.5268	5.21464	0.00970133	19.7491	0.206424	9738	99	882	-52667	80.641f	57.9702	4	1	1	0.049505	0.158416	0.009901	9.90099e-09	0	0	0	0	0.872727	0.957906	0.259487	0.564246	0.881443	0.009901	0.108911	9.90099e-09	1	0.105749	0.171492	0.666667	0.666667	0.666667	1	1	127834	1e+20	5.51527e+10	7.40765	52.0243	65.6376	56.0318	80.641	57.9702	
191000	-172649	-1220.67	-125888	-26013.1	0.184497	1	0.147855	13.5268	5.21464	0.0104364	19.7491	0.206424	9642	99	887	-52667	65.8571f	79.0131	4	1	1	0.049505	0.158416	0.009901	9.90099e-09	0	0	0	0	0.881818	0.967876	0.234197	0.556757	0.914938	0.009901	0.0792079	9.90099e-09	1	0.13057	0.15894	0.666667	0.666667	0.666667	1	1	127834	1e+20	5.51527e+10	7.40765	52.0243	65.6376	56.0318	65.8571	79.0131	
192000	-171392	-1220.67	-124632	-25804.9	0.181047	1	0.153272	13.0487	5.30462	0.0019372	19.7491	0.195751	9520	99	894	-52667	63.5282f	49.4005	4	1	1	0.049505	0.158416	0.009901	9.90099e-09	0	0	0	0	0.863636	0.964286	0.272537	0.550802	0.900208	0.009901	0.0792079	9.90099e-09	1	0.114737	0.183445	0.666667	0.666667	0.666667	1	1	127834	1e+20	5.51527e+10	7.40765	52.0243	53.0753	30.257	63.5282	49.4005	