
# before rand glnL: -62474.627418 alnL: -1200.484399
# ninter: 99
# ncoal: 99
# nhits: 99
# true lbda: 0.001733
# true mu: 0.148732
# true rad: 75.862851
# true sigsq: 10.728501
# true neigh. size: 13.447000
# fst-based estimate of neighborhood size: -nan
# nucleotide diversity: 0.000000
# length of a generation: 30396.4 time units
# clock rate: 1 subst. per time unit
# after rand glnL: -62474.627418 alnL: -1200.484399
# ninter: 99
# ncoal: 99
# nhits: 99
# start lbda: 0.001733
# start mu: 0.148732
# start rad: 14.252547
sample	lnP	alnL	glnL	tlnL	lbda	clock	mu	neigh	sigsq	sigsqobs	rad	rhoe	nInt	nCoal	nHit	rootTime	rootLon	rootLat	tstv	alpha	MeanBr	accLbda	accMu	accRad	accInDelDisk	accInDelHit	accScaleTime	accSPR	accSPRlocal	accPath	accIndelDiskSerial	accIndelHitSerial	accLdskGivenDisk	accDiskGivenLdsk	accDiskAndLdsk	accLdskMulti	accDiskMulti	accMoveDiskUD	accAddRemoveJump	accLdskTipToRoot	tuneLbda	tuneRad	tuneMu	tuneIndelDisk	tuneIndelHit	tuneLdskGivenDisk	tuneIndelDiskSerial	tuneIndelHitSerial	c0	c1	rootc0	rootc1	rootldsk0	rootldsk1	
  1000	-51944.5	-1200.48	-5203.99	-1407.51	0.00329333	1	0.20767	9.63067	0.130279	0.0101592	19.7317	5.88266	213	99	112	-57702.2	16.151f	45.1255	4	1	1	0	0	0	0	0	0	0	0	1	0.91453	0.294118	0.472727	0.40708	0	0	0	1	0.0952381	0.224299	1	1	1	1	1	1.5	3.375	5.0625	58.718	86.5284	28.0431	41.0345	16.151	45.1255	
  2000	-54013.6	-1200.48	-7273.12	-2154.58	0.0054195	1	0.172924	11.5658	0.180335	0.00431516	19.7817	5.10369	353	99	117	-57702.2	33.3359f	35.7221	4	1	1	0	0	0	0	0	0	0	0	0.963636	0.925234	0.364486	0.466667	0.699029	0	0	0	1	0.0833333	0.235294	1	1	1	1	1	3.375	57.665	25.6289	58.718	86.5284	34.215	23.576	33.3359	35.7221	
  3000	-55445.4	-1200.48	-8704.93	-2600.27	0.00656862	1	0.183577	10.8946	0.21756	0.0266484	19.4657	3.98495	442	99	132	-57702.2	14.2229f	7.92603	4	1	1	0	0	0	0	0	0	0	0	0.945455	0.929688	0.307087	0.509434	0.709924	0	0	0	1	0.117188	0.2	1	1	1	1	1	5.0625	4987.89	656.841	58.718	86.5284	34.215	23.576	14.2229	7.92603	
  4000	-57893.4	-1200.48	-11152.9	-3419.44	0.0116612	1	0.157304	12.7143	0.351169	0.0181396	19.7563	2.88115	617	99	133	-57702.2	36.14f	6.807	4	1	1	0	0	0	0	0	0	0	0	0.954545	0.88	0.243902	0.448598	0.74359	0	0	0	1	0.131148	0.226563	1	1	1	1	1	17.0859	1.45611e+06	16834.1	58.718	86.5284	34.215	23.576	36.14	6.807	
  5000	-60727.2	-1200.48	-13986.7	-4214.2	0.013902	1	0.191379	10.4504	0.509338	0.0171658	19.7563	1.63275	798	99	164	-57702.2	13.2181f	25.2176	4	1	1	0	0	0	0	0	0	0	0	0.981818	0.924528	0.314465	0.528302	0.8	0	0	0	1	0.11875	0.238636	1	1	1	1	1	38.4434	9.56432e+08	1.10573e+07	63.9617	75.4498	9.74277	17.49	13.2181	25.2176	
  6000	-63130.8	-1200.48	-16390.4	-4927.54	0.0155903	1	0.159527	12.5371	0.48511	0.0354842	19.8489	2.05658	968	99	177	-57702.2	7.50431f	2.4225	4	1	1	0	0.267327	0	0	0	0	0	0	0.963636	0.953368	0.295337	0.5	0.801075	0	0	0	1	0.0829016	0.194805	1	1	1.5	1	1	129.746	2.79211e+11	4.84194e+09	63.9617	75.4498	9.74277	17.49	7.50431	2.4225	
  7000	-64342.3	-1200.48	-17601.9	-5329.93	0.0176688	1	0.166982	11.9774	0.575477	0.0141355	19.8489	1.65624	1068	99	165	-57702.2	37.7114f	11.9589	4	1	1	0.168317	0.267327	0.029703	0	0	0	0	0	0.972727	0.971963	0.299065	0.508621	0.865385	0	0.0990099	0	1	0.0792079	0.180233	0.666667	0.666667	1.5	1	1	291.929	1.58634e+16	2.12026e+12	76.5885	34.9819	9.74277	17.49	37.7114	11.9589	
  8000	-66393.7	-1200.48	-19653.3	-5924.87	0.0194877	1	0.171691	11.6488	0.65262	0.0230153	19.8489	1.4204	1219	99	173	-57702.2	9.33047f	18.6032	4	1	1	0.168317	0.267327	0.029703	0	0	0	0	0	0.945455	0.983333	0.245902	0.486239	0.842975	0	0.0990099	0.0594059	1	0.0333333	0.191617	0.666667	0.666667	1.5	1	1	656.841	1e+20	2.4151e+13	76.5885	34.9819	9.74277	17.49	9.33047	18.6032	
  9000	-67445	-1200.48	-20704.5	-6202.03	0.0212982	1	0.169915	11.7706	0.705873	0.0220849	19.8489	1.32698	1292	99	184	-57702.2	0.828846f	62.0573	4	1	1	0.168317	0.267327	0.029703	0	0	0	0	0	0.945455	0.938462	0.2	0.504505	0.830769	0	0.0990099	0.0594059	1	0.1	0.227979	0.666667	0.666667	1.5	1	1	3325.26	1e+20	9.14763e+17	76.5885	34.9819	9.74277	17.49	0.828846	62.0573	
 10000	-67851.7	-1200.48	-21111.2	-6299.28	0.023348	1	0.169915	11.7706	0.773807	0.0233992	19.8489	1.21048	1318	99	189	-57702.2	14.9295f	11.9542	4	1	1	0.168317	0.267327	0.029703	0	0	0	0	0	0.927273	0.924242	0.295455	0.504202	0.869231	0	0.0990099	0.0594059	1	0.113636	0.247475	0.666667	0.666667	1.5	1	1	11222.7	1e+20	6.66667e+19	76.5885	34.9819	9.74277	17.49	14.9295	11.9542	
 11000	-68433.9	-1200.48	-21693.4	-6464.57	0.021867	1	0.221462	9.03088	0.946257	0.0209013	19.8576	0.759471	1361	99	192	-57702.2	11.1734f	20.1931	4	1	1	0.168317	0.267327	0.029703	0	0	0	0	0	0.954545	0.956204	0.253623	0.575221	0.816176	0	0.0990099	0.0594059	1	0.10219	0.204545	0.666667	0.666667	1.5	1	1	11222.7	1e+20	6.66667e+19	56.6153	97.2452	9.74277	17.49	11.1734	20.1931	
 12000	-70716.7	-1200.48	-23976.2	-7018.57	0.0259399	1	0.200459	9.9771	1.01605	0.0218921	19.8576	0.781414	1512	99	220	-57702.2	0.0680129f	56.6885	4	1	1	0.168317	0.108911	0.029703	0	0	0	0	0	0.945455	0.973333	0.154362	0.495575	0.886667	0	0.0990099	0.0594059	1	0.101351	0.191964	0.666667	0.666667	1.5	1	1	11222.7	1e+20	6.66667e+19	56.6153	97.2452	9.74277	17.49	0.0680129	56.6885	
 13000	-72592.8	-1200.48	-25852.3	-7500.37	0.0259866	1	0.200459	9.9771	1.03261	0.0234671	19.9291	0.768875	1644	99	238	-57702.2	25.3755f	4.50726	4	1	1	0.188119	0.108911	0.029703	0.0792079	0	0	0	0	0.972727	0.97561	0.260606	0.572581	0.858896	0.029703	0.0990099	0.0594059	1	0.133333	0.219828	0.666667	0.666667	1.5	1	1	11222.7	1e+20	6.66667e+19	56.6153	97.2452	9.74277	17.49	25.3755	4.50726	
 14000	-73253.1	-1200.48	-26512.6	-7730.73	0.0294033	1	0.206496	9.68542	1.20244	0.00225965	19.9245	0.640981	1711	99	222	-57702.2	36.2495f	58.2422	4	1	1	0.188119	0.108911	0.029703	0.0792079	0	0	0	0	0.954545	0.971098	0.203488	0.520325	0.774566	0.029703	0.0990099	0.019802	1	0.116279	0.19917	0.666667	0.666667	1.5	1	1	11222.7	1e+20	6.66667e+19	49.0438	88.1938	9.74277	17.49	36.2495	58.2422	
 15000	-74774.6	-1200.48	-28034.1	-8087.03	0.0306965	1	0.212518	9.41098	1.29193	0.0173859	19.9245	0.579676	1813	99	242	-57702.2	28.6066f	11.0246	4	1	1	0.188119	0.108911	0.029703	0.0792079	0	0	0	0	0.945455	0.961538	0.252747	0.543689	0.802198	0.029703	0.0990099	0.019802	1	0.10989	0.183594	0.666667	0.666667	1.5	1	1	11222.7	1e+20	6.66667e+19	49.0438	88.1938	9.74277	17.49	28.6066	11.0246	
 16000	-77223.7	-1200.48	-30483.2	-8677.27	0.0324083	1	0.212518	9.41098	1.36398	0.0187861	19.9245	0.549057	1985	99	267	-57702.2	14.4125f	20.2683	4	1	1	0.188119	0.108911	0.029703	0.0792079	0	0	0	0	0.9	0.949749	0.29798	0.542857	0.855	0.029703	0.0990099	0.019802	1	0.136364	0.204724	0.666667	0.666667	1.5	1	1	11222.7	1e+20	6.66667e+19	49.0438	88.1938	9.74277	17.49	14.4125	20.2683	
 17000	-77427.5	-1200.48	-30687	-8644.7	0.0330468	1	0.242838	8.23594	1.58929	0.0146052	19.9245	0.412384	1976	99	296	-57702.2	19.1755f	23.2138	4	1	1	0.188119	0.108911	0.029703	0.0792079	0	0	0	0	0.936364	0.943878	0.252525	0.512821	0.863636	0.029703	0.0990099	0.019802	1	0.163265	0.211039	0.666667	0.666667	1.5	1	1	11222.7	1e+20	6.66667e+19	49.0438	88.1938	9.74277	17.49	19.1755	23.2138	
 18000	-78316.6	-1200.48	-31576.2	-8981.93	0.0354828	1	0.217992	9.17466	1.53184	0.0124651	19.9245	0.476614	2077	99	261	-57702.2	28.6273f	19.0635	4	1	1	0.108911	0.108911	0.029703	0.0792079	0	0	0	0	0.936364	0.956522	0.347826	0.490566	0.832512	0.029703	0.0990099	0.019802	1	0.100962	0.210728	0.666667	0.666667	1.5	1	1	11222.7	1e+20	6.66667e+19	20.4989	91.0623	9.74277	17.49	28.6273	19.0635	
 19000	-80703.9	-1200.48	-33963.4	-9498.19	0.0380486	1	0.248887	8.03578	1.75636	0.0234508	19.6004	0.364086	2234	99	297	-57702.2	5.283f	23.6305	4	1	1	0.108911	0.108911	0.029703	0.0792079	0	0	0	0	0.936364	0.973451	0.312775	0.55814	0.821429	0.029703	0.0990099	0.019802	1	0.137168	0.164983	0.666667	0.666667	1.5	1	1	11222.7	1e+20	6.66667e+19	77.3837	84.8372	9.74277	17.49	5.283	23.6305	
 20000	-81353.1	-1200.48	-34612.6	-9708.37	0.0394633	1	0.213842	9.35271	1.56809	0.0181335	19.6096	0.474633	2299	99	282	-57702.2	37.3391f	6.45713	4	1	1	0.108911	0.108911	0.039604	0.0792079	0	0	0	0	0.927273	0.956332	0.270742	0.467742	0.843478	0.029703	0.0693069	9.90099e-09	1	0.0786026	0.1777	0.666667	0.666667	1.5	1	1	11222.7	1e+20	6.66667e+19	86.9752	82.1707	9.74277	17.49	37.3391	6.45713	
 21000	-82884.2	-1200.48	-36143.7	-10060.3	0.0412615	1	0.2042	9.79432	1.56561	0.00456313	19.6096	0.497828	2409	99	298	-57702.2	27.7166f	45.3006	4	1	1	0.108911	0.108911	0.039604	0.0792079	0	0	0	0	0.954545	0.957983	0.2375	0.513043	0.78903	0.029703	0.0693069	9.90099e-09	1	0.109244	0.161404	0.666667	0.666667	1.5	1	1	11222.7	1e+20	6.66667e+19	86.9752	82.1707	9.74277	17.49	27.7166	45.3006	
 22000	-82939.7	-1200.48	-36199.3	-10092.2	0.0412615	1	0.20766	9.63115	1.69835	0.0231812	19.9287	0.451275	2419	99	292	-57702.2	6.35072f	22.4793	4	1	1	0.108911	0.108911	0.039604	0.0792079	0	0	0	0	0.954545	0.946281	0.239496	0.487395	0.844262	0.029703	0.0693069	9.90099e-09	1	0.103734	0.184932	0.666667	0.666667	1.5	1	1	11222.7	1e+20	6.66667e+19	86.9752	82.1707	9.74277	17.49	6.35072	22.4793	
 23000	-83657.7	-1200.48	-36917.2	-10197	0.0434968	1	0.229678	8.70784	1.92703	0.0268329	19.7936	0.359595	2452	99	321	-57702.2	3.20375f	20.0981	4	1	1	0.108911	0.108911	0.039604	0.0792079	0	0	0	0	0.945455	0.955285	0.300813	0.55814	0.853659	0.029703	0.0693069	9.90099e-09	1	0.105691	0.202492	0.666667	0.666667	1.5	1	1	11222.7	1e+20	6.66667e+19	86.9752	82.1707	9.74277	17.49	3.20375	20.0981	
 24000	-85538.9	-1200.48	-38798.4	-10613.4	0.0439388	1	0.210557	9.4986	1.79194	0.000870693	19.8141	0.42182	2585	99	341	-57702.2	43.0234f	43.9869	4	1	1	0.108911	0.108911	0.039604	0.009901	0	0	0	0	0.936364	0.942308	0.279693	0.527132	0.833977	0.029703	0.0693069	9.90099e-09	1	0.130268	0.209877	0.666667	0.666667	1.5	1	1	11222.7	1e+20	6.66667e+19	86.9752	82.1707	5.52159	60.7647	43.0234	43.9869	
 25000	-84934.1	-1200.48	-38193.6	-10533.1	0.0430722	1	0.210557	9.4986	1.7566	0.0110393	19.8141	0.430306	2559	99	315	-57702.2	15.8815f	39.8098	4	1	1	0.0891089	0.0990099	0.039604	0.009901	0	0	0	0	0.936364	0.964706	0.307087	0.512	0.859375	9.90099e-09	0.0693069	9.90099e-09	1	0.136719	0.210356	0.666667	0.666667	1.5	1	1	11222.7	1e+20	6.66667e+19	86.9752	82.1707	5.52159	60.7647	15.8815	39.8098	
 26000	-88314.5	-1200.48	-41574	-11178.2	0.0473665	1	0.25472	7.85175	2.39572	0.0170358	19.9376	0.260808	2769	99	390	-57702.2	9.31382f	68.0285	4	1	1	0.0891089	0.0990099	0.039604	0.009901	0	0	0	0	0.881818	0.96	0.209386	0.531532	0.871795	9.90099e-09	0.0693069	9.90099e-09	1	0.155235	0.181319	0.666667	0.666667	1.5	1	1	11222.7	1e+20	6.66667e+19	86.9752	82.1707	5.52159	60.7647	9.31382	68.0285	
 27000	-88455.8	-1200.48	-41715.3	-11332.4	0.049293	1	0.231542	8.63774	2.26629	0.0282866	19.9376	0.303301	2820	99	340	-57702.2	1.99902f	81.4051	4	1	1	0.0891089	0.0990099	0.0594059	0.009901	0	0	0	0	0.845455	0.961268	0.301754	0.563636	0.833922	9.90099e-09	0.0792079	9.90099e-09	1	0.130742	0.226471	0.666667	0.666667	1.5	1	1	11222.7	1e+20	6.66667e+19	86.9752	82.1707	5.52159	60.7647	1.99902	81.4051	
 28000	-87969.9	-1200.48	-41229.4	-11200	0.049293	1	0.231107	8.65398	2.26204	0.0395694	19.9376	0.304443	2776	99	347	-57702.2	1.18205f	97.1103	4	1	1	0.0891089	0.0990099	0.0594059	0.009901	0	0	0	0	0.863636	0.928571	0.23741	0.563636	0.848921	9.90099e-09	0.0792079	9.90099e-09	1	0.147482	0.232558	0.666667	0.666667	1.5	1	1	11222.7	1e+20	6.66667e+19	86.9752	82.1707	5.52159	60.7647	1.18205	97.1103	
 29000	-89607.5	-1200.48	-42867	-11575.8	0.0506184	1	0.237328	8.42715	2.38538	0.0107921	19.9376	0.281134	2901	99	355	-57702.2	21.1244f	70.5503	4	1	1	0.0891089	0.0990099	0.0594059	0.009901	0	0	0	0	0.954545	0.972318	0.263699	0.464912	0.832192	9.90099e-09	0.0792079	9.90099e-09	1	0.119863	0.171831	0.666667	0.666667	1.5	1	1	11222.7	1e+20	6.66667e+19	86.9752	82.1707	5.52159	60.7647	21.1244	70.5503	
 30000	-90061.7	-1200.48	-43321.2	-11554.8	0.0499586	1	0.237328	8.42715	2.29284	0.021685	19.8062	0.292481	2894	99	407	-57702.2	0.286126f	56.5083	4	1	1	0.0891089	0.0990099	0.0594059	0.009901	0	0	0	0	0.936364	0.961806	0.275862	0.53913	0.831034	9.90099e-09	0.0792079	9.90099e-09	1	0.113793	0.231343	0.666667	0.666667	1.5	1	1	11222.7	1e+20	6.66667e+19	82.1706	72.0938	5.52159	60.7647	0.286126	56.5083	
 31000	-88998.5	-1200.48	-42258.1	-11360.4	0.0503001	1	0.226494	8.83024	2.20314	0.0175697	19.8062	0.318949	2829	99	383	-57702.2	21.3931f	85.0544	4	1	1	0.0891089	0.128713	0.0594059	0.009901	0	0	0	0	0.890909	0.961131	0.271127	0.594828	0.85159	9.90099e-09	0.0792079	9.90099e-09	1	0.141343	0.200528	0.666667	0.666667	1.5	1	1	11222.7	1e+20	6.66667e+19	82.1706	72.0938	5.52159	60.7647	21.3931	85.0544	
 32000	-90632.5	-1200.48	-43892	-11787.2	0.0512493	1	0.226494	8.83024	2.24431	0.0151798	19.8053	0.313098	2972	99	373	-57702.2	14.4837f	72.4776	4	1	1	0.118812	0.128713	0.0594059	0.009901	0	0	0	0	0.918182	0.946309	0.299663	0.417391	0.85906	9.90099e-09	0.0792079	9.90099e-09	1	0.124161	0.177719	0.666667	0.666667	1.5	1	1	11222.7	1e+20	6.66667e+19	82.1706	72.0938	5.52159	60.7647	14.4837	72.4776	
 33000	-90764.7	-1200.48	-44024.2	-11932.1	0.0523714	1	0.233981	8.54769	2.36926	0.0247664	19.8053	0.287096	3021	99	327	-57702.2	6.22091f	19.5497	4	1	1	0.118812	0.128713	0.0594059	0.009901	0	0	0	0	0.9	0.940594	0.264901	0.444444	0.862745	9.90099e-09	0.0594059	9.90099e-09	1	0.13245	0.196185	0.666667	0.666667	1.5	1	1	11222.7	1e+20	6.66667e+19	46.698	90.4927	19.2672	27.2153	6.22091	19.5497	
 34000	-92314.8	-1200.48	-45574.3	-12137.8	0.0539138	1	0.230692	8.66959	2.416	0.0249003	19.8285	0.285556	3091	99	390	-57702.2	20.926f	5.29499	4	1	1	0.118812	0.128713	0.019802	0.009901	0	0	0	0	0.909091	0.913738	0.267742	0.512821	0.815534	9.90099e-09	0.0594059	9.90099e-09	1	0.16129	0.217277	0.666667	0.666667	1.5	1	1	11222.7	1e+20	6.66667e+19	46.698	90.4927	19.2672	27.2153	20.926	5.29499	
 35000	-93540.4	-1200.48	-46799.9	-12463.8	0.0547623	1	0.230692	8.66959	2.45402	0.00836781	19.8285	0.281132	3203	99	383	-57702.2	66.6962f	24.533	4	1	1	0.118812	0.128713	0.019802	0.009901	0	0	0	0	0.945455	0.959502	0.214953	0.445378	0.859813	9.90099e-09	0.0594059	9.90099e-09	1	0.130841	0.163212	0.666667	0.666667	1.5	1	1	11222.7	1e+20	6.66667e+19	46.698	90.4927	36.7703	46.9357	66.6962	24.533	
 36000	-96010.6	-1200.48	-49270.2	-12950.6	0.0581903	1	0.225901	8.85342	2.58604	0.00774256	19.8913	0.272437	3373	99	417	-57702.2	57.591f	78.9031	4	1	1	0.118812	0.128713	0.019802	0.009901	0	0	0	0	0.936364	0.943787	0.281899	0.576	0.894578	9.90099e-09	0.0594059	9.90099e-09	1	0.159763	0.212766	0.666667	0.666667	1.5	1	1	11222.7	1e+20	6.66667e+19	46.698	90.4927	36.7703	46.9357	57.591	78.9031	
 37000	-97958	-1200.48	-51217.5	-13365.9	0.0581903	1	0.252846	7.90996	2.89449	0.00806165	19.8913	0.217467	3519	99	438	-57702.2	19.5617f	51.9095	4	1	1	0.118812	0.128713	0.019802	0.009901	0	0	0	0	0.881818	0.965909	0.294618	0.533333	0.860795	9.90099e-09	0.0594059	9.90099e-09	1	0.155807	0.181384	0.666667	0.666667	1.5	1	1	11222.7	1e+20	6.66667e+19	46.698	90.4927	36.7703	46.9357	19.5617	51.9095	
 38000	-96362.5	-1200.48	-49622	-13061.6	0.0581903	1	0.245551	8.14495	2.81098	0.00285042	19.8913	0.230579	3412	99	405	-57702.2	35.7332f	61.1205	4	1	1	0.0693069	0.0594059	0.019802	0.009901	0	0	0	0	0.890909	0.952941	0.245614	0.576923	0.906706	9.90099e-09	0.0594059	9.90099e-09	1	0.125731	0.197115	0.666667	0.666667	1.5	1	1	11222.7	1e+20	6.66667e+19	46.698	90.4927	36.7703	46.9357	35.7332	61.1205	
 39000	-97921.3	-1200.48	-51180.8	-13374.1	0.0624257	1	0.245551	8.14495	3.01558	0.0230208	19.8913	0.214935	3523	99	428	-57702.2	24.7395f	95.199	4	1	1	0.0693069	0.0594059	0.019802	0.009901	0	0	0	0	0.890909	0.943343	0.266289	0.519685	0.857143	9.90099e-09	0.0792079	9.90099e-09	1	0.141643	0.217295	0.666667	0.666667	1.5	1	1	11222.7	1e+20	6.66667e+19	46.698	90.4927	46.6577	96.2301	24.7395	95.199	
 40000	-100028	-1200.48	-53287.5	-13712.5	0.0624257	1	0.266819	7.49572	3.27677	0.0189454	19.8913	0.182036	3645	99	486	-57702.2	80.5748f	85.2805	4	1	1	0.0693069	0.0594059	0.009901	0.009901	0	0	0	0	0.890909	0.928767	0.257534	0.434783	0.871233	9.90099e-09	0.0792079	9.90099e-09	1	0.10137	0.192389	0.666667	0.666667	1.5	1	1	11222.7	1e+20	6.66667e+19	46.698	90.4927	46.6577	96.2301	80.5748	85.2805	
 41000	-100589	-1200.48	-53848.3	-13812.8	0.0621503	1	0.259942	7.69402	3.0011	0.0135487	19.6082	0.204016	3681	99	499	-57702.2	45.0973f	89.3846	4	1	1	0.0693069	0.0594059	0.009901	0.009901	0	0	0	0	0.9	0.948787	0.276423	0.479167	0.815718	9.90099e-09	0.0792079	9.90099e-09	1	0.138211	0.207392	0.666667	0.666667	1.5	1	1	11222.7	1e+20	6.66667e+19	46.698	90.4927	46.6577	96.2301	45.0973	89.3846	
 42000	-102935	-1200.48	-56194.9	-14335.7	0.0658369	1	0.260842	7.66749	3.19012	0.0153944	19.6082	0.191266	3873	99	506	-57702.2	10.1557f	64.1641	4	1	1	0.0693069	0.0594059	0.009901	0.009901	0	0	0	0	0.909091	0.943005	0.260309	0.486667	0.845361	9.90099e-09	0.0792079	9.90099e-09	1	0.126289	0.205825	0.666667	0.666667	1.5	1	1	11222.7	1e+20	6.66667e+19	46.698	90.4927	46.6577	96.2301	10.1557	64.1641	
 43000	-104786	-1200.48	-58046	-14761.5	0.0691263	1	0.250368	7.98824	3.21501	0.0142564	19.6082	0.197724	4032	99	501	-57702.2	58.4116f	89.7538	4	1	1	0.0693069	0.118812	0.009901	0.009901	0	0	0	0	0.918182	0.955774	0.24505	0.471154	0.868812	9.90099e-09	0.0792079	9.90099e-09	1	0.175743	0.205589	0.666667	0.666667	1.5	1	1	11222.7	1e+20	6.66667e+19	12.9054	28.0022	46.6577	96.2301	58.4116	89.7538	
 44000	-105039	-1200.48	-58298.2	-14822.8	0.0692929	1	0.265282	7.53915	3.41473	0.0125858	19.6082	0.175694	4055	99	498	-57702.2	32.3803f	83.9994	4	1	1	0.0990099	0.118812	0.009901	0.009901	0	0	0	0	0.9	0.92804	0.253731	0.523364	0.854321	9.90099e-09	0.0792079	9.90099e-09	1	0.130542	0.163107	0.666667	0.666667	1.5	1	1	11222.7	1e+20	6.66667e+19	12.9054	28.0022	46.6577	96.2301	32.3803	83.9994	
 45000	-105191	-1200.48	-58450.1	-14940.3	0.0692929	1	0.238391	8.38957	3.0686	0.0182182	19.6082	0.217565	4099	99	461	-57702.2	62.2335f	94.2691	4	1	1	0.0990099	0.118812	0.009901	0.009901	0	0	0	0	0.872727	0.953771	0.250608	0.5	0.822384	9.90099e-09	0.0792079	9.90099e-09	1	0.111922	0.206074	0.666667	0.666667	1.5	1	1	11222.7	1e+20	6.66667e+19	9.84317	26.9359	46.6577	96.2301	62.2335	94.2691	
 46000	-104874	-1200.48	-58133.1	-14901.3	0.068622	1	0.230719	8.66855	2.99403	0.0257074	19.6959	0.230399	4084	99	444	-57702.2	12.5016f	89.8387	4	1	1	0.0990099	0.118812	0.009901	0.009901	0	0	0	0	0.836364	0.96577	0.285366	0.515385	0.858191	9.90099e-09	0.0792079	9.90099e-09	1	0.117073	0.157407	0.666667	0.666667	1.5	1	1	11222.7	1e+20	6.66667e+19	9.84317	26.9359	46.6577	96.2301	12.5016	89.8387	
 47000	-105622	-1200.48	-58881.3	-14855.7	0.068622	1	0.230719	8.66855	2.99403	0.0141173	19.6959	0.230399	4067	99	539	-57702.2	27.6342f	83.8372	4	1	1	0.0990099	0.118812	0.009901	9.90099e-09	0	0	0	0	0.936364	0.948276	0.260442	0.513514	0.834568	9.90099e-09	0.0792079	9.90099e-09	1	0.135468	0.178357	0.666667	0.666667	1.5	1	1	11222.7	1e+20	6.66667e+19	9.84317	26.9359	46.6577	96.2301	27.6342	83.8372	
 48000	-106376	-1200.48	-59635.4	-15152.4	0.0722323	1	0.234864	8.51558	3.20817	0.0141173	19.6959	0.211226	4180	99	477	-57702.2	27.6342f	83.8372	4	1	1	0.0990099	0.118812	0.009901	9.90099e-09	0	0	0	0	0.845455	0.952153	0.23741	0.544554	0.891827	9.90099e-09	0.0792079	9.90099e-09	1	0.124402	0.176211	0.666667	0.666667	1.5	1	1	11222.7	1e+20	6.66667e+19	9.84317	26.9359	46.6577	96.2301	27.6342	83.8372	
 49000	-106221	-1200.48	-59480.5	-15138.7	0.0746263	1	0.239633	8.3461	2.98027	0.00933769	19.0832	0.222853	4174	99	475	-57702.2	17.5177f	55.0146	4	1	1	0.0693069	0.0693069	0.009901	9.90099e-09	0	0	0	0	0.890909	0.924171	0.232779	0.578231	0.887828	9.90099e-09	0.0792079	9.90099e-09	1	0.123223	0.232218	0.666667	0.666667	1.5	1	1	11222.7	1e+20	6.66667e+19	4.67857	20.1156	27.0456	92.9651	17.5177	55.0146	
 50000	-109939	-1200.48	-63199	-15941	0.075812	1	0.239633	8.3461	3.25007	0.0211898	19.4245	0.204353	4484	99	481	-57702.2	43.1619f	99.1647	4	1	1	0.0693069	0.0693069	0.009901	9.90099e-09	0	0	0	0	0.909091	0.962472	0.245575	0.506944	0.855876	9.90099e-09	0.0792079	9.90099e-09	1	0.111359	0.171429	0.666667	0.666667	1.5	1	1	11222.7	1e+20	6.66667e+19	6.83732	48.7591	27.0456	92.9651	43.1619	99.1647	
 51000	-108013	-1200.48	-61272.6	-15641.8	0.075812	1	0.211707	9.447	2.87132	0.0197612	19.4245	0.261819	4368	99	423	-57702.2	34.863f	95.5125	4	1	1	0.0693069	0.0693069	0.009901	9.90099e-09	0	0	0	0	0.936364	0.954338	0.279176	0.568182	0.871041	9.90099e-09	0.0990099	9.90099e-09	1	0.114416	0.144208	0.666667	0.666667	1.5	1	1	11222.7	1e+20	6.66667e+19	6.83732	48.7591	27.0456	92.9651	34.863	95.5125	
 52000	-109152	-1200.48	-62411.8	-15843	0.075812	1	0.198263	10.0876	2.68898	0.0152193	19.4245	0.298532	4446	99	450	-57702.2	61.7311f	90.2922	4	1	1	0.0693069	0.0693069	0.0693069	9.90099e-09	0	0	0	0	0.927273	0.968468	0.265766	0.515873	0.88009	9.90099e-09	0.0990099	9.90099e-09	1	0.141573	0.153302	0.666667	0.666667	1.5	1	1	11222.7	1e+20	6.66667e+19	6.83732	48.7591	27.0456	92.9651	61.7311	90.2922	
 53000	-111222	-1200.48	-64481.3	-16229.5	0.0800412	1	0.198626	10.0692	2.80038	0.0156613	19.3492	0.286133	4598	99	469	-57702.2	52.8505f	92.5364	4	1	1	0.0693069	0.0693069	0.0693069	9.90099e-09	0	0	0	0	0.872727	0.958785	0.249458	0.581081	0.87473	9.90099e-09	0.0990099	9.90099e-09	1	0.101952	0.183128	0.666667	0.666667	1.5	1	1	11222.7	1e+20	6.66667e+19	6.83732	48.7591	27.0456	92.9651	52.8505	92.5364	
 54000	-111937	-1200.48	-65196.5	-16383.5	0.0814388	1	0.206526	9.68403	3.11744	0.0370017	19.5973	0.2472	4659	99	467	-57702.2	5.50771f	98.2228	4	1	1	0.0693069	0.0693069	0.0693069	9.90099e-09	0	0	0	0	0.9	0.950644	0.243011	0.567376	0.873391	9.90099e-09	0.0990099	9.90099e-09	1	0.124464	0.208696	0.666667	0.666667	1.5	1	1	11222.7	1e+20	6.66667e+19	6.83732	48.7591	27.0456	92.9651	5.50771	98.2228	
 55000	-114530	-1200.48	-67789.1	-16798.8	0.082255	1	0.218739	9.1433	3.22631	0.0204627	19.4358	0.225521	4825	99	532	-57702.2	53.3023f	98.6234	4	1	1	0.0693069	0.0792079	0.0693069	9.90099e-09	0	0	0	0	0.936364	0.956701	0.239175	0.495146	0.879917	9.90099e-09	0.0990099	9.90099e-09	1	0.130435	0.167273	0.666667	0.666667	1.5	1	1	11222.7	1e+20	6.66667e+19	6.83732	48.7591	27.0456	92.9651	53.3023	98.6234	
 56000	-114334	-1200.48	-67593.7	-16796.3	0.082255	1	0.218739	9.1433	3.22631	0.0122913	19.4358	0.225521	4824	99	516	-57702.2	55.5113f	87.3329	4	1	1	0.0594059	0.0792079	0.0693069	9.90099e-09	0	0	0	0	0.936364	0.942029	0.26087	0.457143	0.872917	9.90099e-09	0.0990099	9.90099e-09	1	0.10352	0.226908	0.666667	0.666667	1.5	1	1	11222.7	1e+20	6.66667e+19	6.83732	48.7591	36.754	96.2096	55.5113	87.3329	
 57000	-114461	-1200.48	-67720.9	-16847.9	0.0833673	1	0.218739	9.1433	3.22213	0.0148604	19.3643	0.225814	4845	99	503	-57702.2	30.1299f	86.5609	4	1	1	0.0594059	0.0792079	0.0693069	9.90099e-09	0	0	0	0	0.918182	0.965164	0.281893	0.528846	0.863636	9.90099e-09	0.0990099	9.90099e-09	1	0.125257	0.173077	0.666667	0.666667	1.5	1	1	11222.7	1e+20	6.66667e+19	15.9865	40.4411	36.754	96.2096	30.1299	86.5609	
 58000	-114270	-1200.48	-67529.3	-16813.1	0.0840881	1	0.218739	9.1433	3.24999	0.0276134	19.3643	0.223878	4831	99	502	-57702.2	1.91103f	79.9882	4	1	1	0.0594059	0.0792079	0.0792079	9.90099e-09	0	0	0	0	0.9	0.950311	0.238095	0.453947	0.882231	9.90099e-09	0.0990099	9.90099e-09	1	0.119835	0.173116	0.666667	0.666667	1.5	1	1	11222.7	1e+20	6.66667e+19	16.1858	10.0088	36.754	96.2096	1.91103	79.9882	
 59000	-114466	-1200.48	-67725.2	-16872.8	0.0832733	1	0.214255	9.33465	3.15252	0.00968349	19.3643	0.23563	4855	99	493	-57702.2	17.7846f	59.2087	4	1	1	0.0594059	0.0792079	0.0792079	9.90099e-09	0	0	0	0	0.927273	0.946502	0.231405	0.513699	0.885481	9.90099e-09	0.0990099	9.90099e-09	1	0.109053	0.167024	0.666667	0.666667	1.5	1	1	11222.7	1e+20	6.66667e+19	16.1858	10.0088	21.1063	64.2731	17.7846	59.2087	
 60000	-116594	-1200.48	-69853.7	-17160.8	0.0857287	1	0.214255	9.33465	3.39903	0.00821392	19.5894	0.218541	4972	99	562	-57702.2	20.406f	58.7032	4	1	1	0.0594059	0.0792079	0.0792079	9.90099e-09	0	0	0	0	0.936364	0.965517	0.273092	0.509259	0.883673	9.90099e-09	0.0990099	9.90099e-09	1	0.118474	0.163265	0.666667	0.666667	1.5	1	1	11222.7	1e+20	6.66667e+19	16.1858	10.0088	21.1063	64.2731	20.406	58.7032	
 61000	-118505	-1200.48	-71764.9	-17538.7	0.0877289	1	0.212292	9.421	3.63188	0.0159264	19.8478	0.206422	5127	99	568	-57702.2	8.35511f	60.6742	4	1	1	0.0594059	0.0792079	0.0792079	9.90099e-09	0	0	0	0	0.872727	0.965116	0.246628	0.606838	0.865385	9.90099e-09	0.0990099	9.90099e-09	1	0.161538	0.18662	0.666667	0.666667	1.5	1	1	11222.7	1e+20	6.66667e+19	16.1858	10.0088	21.1063	64.2731	8.35511	60.6742	
 62000	-115949	-1200.48	-69208.2	-17183.6	0.0832001	1	0.212292	9.421	3.4444	0.00547089	19.8478	0.217658	4980	99	490	-57702.2	25.245f	46.476	4	1	1	0.0594059	0.049505	0.0792079	9.90099e-09	0	0	0	0	0.918182	0.964	0.252	0.615385	0.90982	9.90099e-09	0.0990099	9.90099e-09	1	0.140281	0.214286	0.666667	0.666667	1.5	1	1	11222.7	1e+20	6.66667e+19	16.1858	10.0088	21.1063	64.2731	25.245	46.476	
 63000	-115941	-1200.48	-69200.5	-17053.3	0.0884676	1	0.207274	9.64904	3.57591	0.0215195	19.8478	0.214728	4927	99	547	-57702.2	7.81539f	76.9163	4	1	1	0.0990099	0.049505	0.0792079	9.90099e-09	0	0	0	0	0.845455	0.93279	0.245436	0.657658	0.866667	9.90099e-09	0.0990099	9.90099e-09	1	0.120163	0.192727	0.666667	0.666667	1.5	1	1	11222.7	1e+20	6.66667e+19	16.1858	10.0088	21.1063	64.2731	7.81539	76.9163	
 64000	-117196	-1200.48	-70455.6	-17384.4	0.0856708	1	0.204522	9.77892	3.41687	0.0105238	19.8478	0.227747	5063	99	514	-57702.2	27.2999f	23.9585	4	1	1	0.0990099	0.049505	0.019802	9.90099e-09	0	0	0	0	0.872727	0.958743	0.277014	0.553571	0.881657	9.90099e-09	0.0891089	9.90099e-09	1	0.122047	0.171076	0.666667	0.666667	1.5	1	1	11222.7	1e+20	6.66667e+19	16.1858	10.0088	47.5551	43.1673	27.2999	23.9585	
 65000	-119093	-1200.48	-72352.4	-17772.2	0.0903594	1	0.205069	9.7528	3.62074	0.0234847	19.8577	0.21435	5224	99	519	-57702.2	96.1373f	26.9451	4	1	1	0.0990099	0.049505	0.019802	9.90099e-09	0	0	0	0	0.9	0.952381	0.28023	0.576923	0.868571	9.90099e-09	0.0891089	9.90099e-09	1	0.111324	0.19258	0.666667	0.666667	1.5	1	1	11222.7	1e+20	6.66667e+19	16.1858	10.0088	42.1946	35.1866	96.1373	26.9451	
 66000	-122406	-1200.48	-75665.6	-18249.4	0.0925981	1	0.235519	8.49188	4.26139	0.00291144	19.8577	0.158578	5424	99	608	-57702.2	44.1877f	67.3359	4	1	1	0.0990099	0.049505	0.019802	9.90099e-09	0	0	0	0	0.854545	0.950185	0.278598	0.570248	0.859551	9.90099e-09	0.0891089	9.90099e-09	1	0.143646	0.196639	0.666667	0.666667	1.5	1	1	11222.7	1e+20	6.66667e+19	16.1858	10.0088	42.1946	35.1866	44.1877	67.3359	
 67000	-120565	-1200.48	-73824.6	-17863.4	0.0915639	1	0.202748	9.86449	3.62746	0.00346271	19.8577	0.216402	5262	99	609	-57702.2	39.6289f	33.5249	4	1	1	0.0990099	0.049505	0.019802	9.90099e-09	0	0	0	0	0.909091	0.965714	0.313576	0.573913	0.888046	9.90099e-09	0.0891089	9.90099e-09	1	0.108571	0.189655	0.666667	0.666667	1.5	1	1	11222.7	1e+20	6.66667e+19	16.1858	10.0088	42.1946	35.1866	39.6289	33.5249	
 68000	-121219	-1200.48	-74478.2	-18199.7	0.0922556	1	0.196727	10.1664	3.54634	0.00505241	19.8577	0.228126	5403	99	518	-57702.2	37.2653f	30.0211	4	1	1	0.0990099	0.049505	0.019802	9.90099e-09	0	0	0	0	0.936364	0.961183	0.261596	0.539216	0.89464	9.90099e-09	0.0891089	9.90099e-09	1	0.0909091	0.207661	0.666667	0.666667	1.5	1	1	11222.7	1e+20	6.66667e+19	16.1858	10.0088	42.1946	35.1866	37.2653	30.0211	
 69000	-123210	-1200.48	-76470	-18597.1	0.0976784	1	0.193054	10.3598	3.68469	0.0109689	19.8577	0.223738	5572	99	520	-57702.2	15.5677f	59.2972	4	1	1	0.0990099	0.0891089	0.019802	9.90099e-09	0	0	0	0	0.872727	0.976703	0.252688	0.518868	0.871143	9.90099e-09	0.0891089	9.90099e-09	1	0.116487	0.198444	0.666667	0.666667	1.5	1	1	11222.7	1e+20	6.66667e+19	47.8508	12.7161	13.5428	32.0555	15.5677	59.2972	
 70000	-124570	-1200.48	-77829.9	-18757.6	0.0976784	1	0.193728	10.3237	3.69755	0.00431225	19.8577	0.222184	5641	99	565	-57702.2	28.4225f	45.1344	4	1	1	0.0990099	0.0891089	0.019802	9.90099e-09	0	0	0	0	0.927273	0.955437	0.285461	0.545455	0.877442	9.90099e-09	0.0891089	9.90099e-09	1	0.153982	0.226481	0.666667	0.666667	1.5	1	1	11222.7	1e+20	6.66667e+19	47.8508	12.7161	13.5428	32.0555	28.4225	45.1344	
 71000	-124905	-1200.48	-78164.9	-18801.8	0.0976784	1	0.204199	9.79439	3.89739	0.00109087	19.8577	0.199983	5660	99	588	-57702.2	43.4761f	41.8663	4	1	1	0.0990099	0.0891089	0.019802	9.90099e-09	0	0	0	0	0.918182	0.957821	0.257042	0.46087	0.87478	9.90099e-09	0.0891089	9.90099e-09	1	0.100529	0.204082	0.666667	0.666667	1.5	1	1	11222.7	1e+20	6.66667e+19	47.8508	12.7161	13.5428	32.0555	43.4761	41.8663	
 72000	-125525	-1200.48	-78784.8	-18943.7	0.0976784	1	0.189867	10.5337	3.62386	0.0110288	19.8577	0.231312	5721	99	569	-57702.2	19.575f	31.7151	4	1	1	0.0990099	0.0891089	0.019802	9.90099e-09	0	0	0	0	0.845455	0.932056	0.226876	0.442478	0.883072	9.90099e-09	0.0891089	9.90099e-09	1	0.108202	0.235897	0.666667	0.666667	1.5	1	1	11222.7	1e+20	6.66667e+19	47.8508	12.7161	13.5428	32.0555	19.575	31.7151	
 73000	-123862	-1200.48	-77121.3	-18750.7	0.0976784	1	0.189867	10.5337	3.62386	0.0132733	19.8577	0.231312	5638	99	508	-57702.2	10.9976f	46.683	4	1	1	0.0990099	0.0891089	0.019802	9.90099e-09	0	0	0	0	0.890909	0.962963	0.251736	0.578431	0.884615	9.90099e-09	0.0891089	9.90099e-09	1	0.117021	0.207171	0.666667	0.666667	1.5	1	1	11222.7	1e+20	6.66667e+19	47.8508	12.7161	13.5428	32.0555	10.9976	46.683	
 74000	-124487	-1200.48	-77746.6	-18753	0.0976784	1	0.195021	10.2553	3.8143	0.0109464	19.9793	0.213956	5639	99	567	-57702.2	21.0916f	29.6808	4	1	1	0.0990099	0.0891089	0.019802	9.90099e-09	0	0	0	0	0.9	0.961062	0.260638	0.513043	0.888496	9.90099e-09	0.0891089	9.90099e-09	1	0.115044	0.194396	0.666667	0.666667	1.5	1	1	11222.7	1e+20	6.66667e+19	47.8508	12.7161	13.5428	32.0555	21.0916	29.6808	
 75000	-123471	-1200.48	-76730.4	-18671.6	0.0976784	1	0.195021	10.2553	3.8143	0.00720285	19.9793	0.213956	5604	99	510	-57702.2	31.3377f	28.4844	4	1	1	0.0990099	0.0891089	0.019802	9.90099e-09	0	0	0	0	0.909091	0.948214	0.254902	0.527778	0.882143	9.90099e-09	0.108911	9.90099e-09	1	0.114286	0.205036	0.666667	0.666667	1.5	1	1	11222.7	1e+20	6.66667e+19	47.8508	12.7161	13.5428	32.0555	31.3377	28.4844	
 76000	-124101	-1200.48	-77360.6	-18808.8	0.0976784	1	0.178596	11.1984	3.29169	0.0284972	19.685	0.270726	5663	99	504	-57702.2	4.85599f	14.8702	4	1	1	0.009901	0.0594059	0.019802	9.90099e-09	0	0	0	0	0.954545	0.955986	0.238095	0.5	0.910053	9.90099e-09	0.108911	9.90099e-09	1	0.0987654	0.163065	0.666667	0.666667	1.5	1	1	11222.7	1e+20	6.66667e+19	47.8508	12.7161	13.5428	32.0555	4.85599	14.8702	
 77000	-124251	-1200.48	-77510	-18797.2	0.0976784	1	0.178596	11.1984	3.29169	0.00387629	19.685	0.270726	5658	99	521	-57702.2	46.8531f	29.7216	4	1	1	0.009901	0.0594059	0.019802	9.90099e-09	0	0	0	0	0.9	0.96831	0.272887	0.579439	0.915194	9.90099e-09	0.108911	9.90099e-09	1	0.103873	0.222649	0.666667	0.666667	1.5	1	1	11222.7	1e+20	6.66667e+19	19.7991	22.3583	13.5428	32.0555	46.8531	29.7216	
 78000	-124340	-1200.48	-77599.2	-18732.3	0.0966668	1	0.186147	10.7442	3.30855	0.00512032	19.558	0.258421	5630	99	564	-57702.2	32.0423f	34.1385	4	1	1	0.009901	0.0594059	0.039604	9.90099e-09	0	0	0	0	0.918182	0.957143	0.238351	0.504762	0.884752	9.90099e-09	0.108911	9.90099e-09	1	0.131206	0.172211	0.666667	0.666667	1.5	1	1	11222.7	1e+20	6.66667e+19	19.7991	22.3583	13.5428	32.0555	32.0423	34.1385	
 79000	-126195	-1200.48	-79454.1	-19152.7	0.100751	1	0.186147	10.7442	3.44835	0.0314513	19.558	0.247944	5812	99	535	-57702.2	16.8288f	0.019182	4	1	1	0.009901	0.0594059	0.039604	9.90099e-09	0	0	0	0	0.936364	0.944923	0.274443	0.550459	0.889655	9.90099e-09	0.108911	9.90099e-09	1	0.109966	0.191413	0.666667	0.666667	1.5	1	1	11222.7	1e+20	6.66667e+19	19.7991	22.3583	13.5428	32.0555	16.8288	0.019182	
 80000	-126646	-1200.48	-79905.5	-19196.3	0.100751	1	0.193879	10.3157	3.59159	0.00238362	19.558	0.228562	5831	99	565	-57702.2	54.9014f	35.0164	4	1	1	0.009901	0.0594059	0.039604	9.90099e-09	0	0	0	0	0.909091	0.965753	0.281304	0.559322	0.886986	9.90099e-09	0.0990099	9.90099e-09	1	0.0926244	0.173451	0.666667	0.666667	1.5	1	1	11222.7	1e+20	6.66667e+19	19.7991	22.3583	13.5428	32.0555	54.9014	35.0164	
 81000	-127606	-1200.48	-80865.8	-19368.9	0.100339	1	0.20162	9.91966	3.53651	0.0215868	19.3126	0.223209	5906	99	575	-57702.2	3.36597f	32.3539	4	1	1	0.009901	0.0792079	0.039604	9.90099e-09	0	0	0	0	0.863636	0.969492	0.28934	0.456897	0.895093	9.90099e-09	0.0990099	9.90099e-09	1	0.116751	0.171378	0.666667	0.666667	1.5	1	1	11222.7	1e+20	6.66667e+19	19.7991	22.3583	7.42607	41.0541	3.36597	32.3539	
 82000	-128391	-1200.48	-81651	-19474.7	0.10363	1	0.20162	9.91966	3.60817	0.00949908	19.2537	0.218776	5953	99	592	-57702.2	24.8593f	28.851	4	1	1	0.029703	0.0792079	0.039604	9.90099e-09	0	0	0	0	0.9	0.956449	0.231933	0.591667	0.874363	9.90099e-09	0.0990099	9.90099e-09	1	0.112416	0.182948	0.666667	0.666667	1.5	1	1	11222.7	1e+20	6.66667e+19	19.7991	22.3583	7.42607	41.0541	24.8593	28.851	
 83000	-128099	-1200.48	-81358.2	-19445.1	0.102918	1	0.210717	9.49142	3.55052	0.0192308	18.9986	0.212731	5940	99	585	-57702.2	4.47381f	37.9754	4	1	1	0.029703	0.0792079	0.039604	9.90099e-09	0	0	0	0	0.881818	0.952941	0.253356	0.59322	0.872054	9.90099e-09	0.0990099	9.90099e-09	1	0.112605	0.164948	0.666667	0.666667	1.5	1	1	11222.7	1e+20	6.66667e+19	19.7991	22.3583	7.42607	41.0541	4.47381	37.9754	
 84000	-127937	-1200.48	-81196.7	-19255.8	0.101261	1	0.210717	9.49142	4.03359	0.014585	19.6941	0.187253	5857	99	656	-57702.2	9.13398f	54.3744	4	1	1	0.029703	0.0792079	0.039604	9.90099e-09	0	0	0	0	0.836364	0.972789	0.268707	0.5	0.872014	9.90099e-09	0.0990099	9.90099e-09	1	0.119454	0.197568	0.666667	0.666667	1.5	1	1	11222.7	1e+20	6.66667e+19	19.7991	22.3583	7.42607	41.0541	9.13398	54.3744	
 85000	-127588	-1200.48	-80847.8	-19349.7	0.101261	1	0.210717	9.49142	3.88616	0.00770284	19.5116	0.194357	5898	99	577	-57702.2	51.4781f	20.7953	4	1	1	0.029703	0.0792079	0.0594059	9.90099e-09	0	0	0	0	0.863636	0.967797	0.281619	0.504065	0.878583	9.90099e-09	0.0990099	9.90099e-09	1	0.104553	0.216638	0.666667	0.666667	1.5	1	1	11222.7	1e+20	6.66667e+19	19.7991	22.3583	55.061	18.6076	51.4781	20.7953	
 86000	-128836	-1200.48	-82095.8	-19553.5	0.101261	1	0.210717	9.49142	3.88616	0.013371	19.5116	0.194357	5987	99	599	-57702.2	88.5214f	45.1198	4	1	1	0.029703	0.019802	0.0594059	9.90099e-09	0	0	0	0	0.854545	0.96173	0.27	0.581967	0.869783	9.90099e-09	0.0990099	9.90099e-09	1	0.123539	0.174194	0.666667	0.666667	1.5	1	1	11222.7	1e+20	6.66667e+19	19.7991	22.3583	93.738	53.0144	88.5214	45.1198	
 87000	-132002	-1200.48	-85261.5	-20142.1	0.10753	1	0.197188	10.1426	3.86179	0.0321978	19.5116	0.209002	6250	99	610	-57702.2	91.022f	5.59352	4	1	1	0.029703	0.019802	0.0594059	9.90099e-09	0	0	0	0	0.872727	0.961661	0.23756	0.591667	0.876404	9.90099e-09	0.118812	9.90099e-09	1	0.121406	0.199659	0.666667	0.666667	1.5	1	1	11222.7	1e+20	6.66667e+19	19.7991	22.3583	93.738	53.0144	91.022	5.59352	
 88000	-132133	-1200.48	-85392.2	-20166.7	0.10753	1	0.204525	9.77874	3.93203	0.0178964	19.4215	0.197905	6261	99	613	-57702.2	95.0488f	51.1867	4	1	1	0.0792079	0.019802	0.0594059	9.90099e-09	0	0	0	0	0.872727	0.963141	0.256	0.525	0.9024	9.90099e-09	0.118812	9.90099e-09	1	0.123397	0.195946	0.666667	0.666667	1.5	1	1	11222.7	1e+20	6.66667e+19	19.7991	22.3583	93.738	53.0144	95.0488	51.1867	
 89000	-131847	-1200.48	-85106.7	-20119.8	0.107616	1	0.205189	9.74712	4.26202	0.02024	19.7967	0.181991	6240	99	612	-57702.2	97.7126f	45.5215	4	1	1	0.0792079	0.019802	0.0594059	9.90099e-09	0	0	0	0	0.9	0.96	0.2656	0.512397	0.8896	9.90099e-09	0.118812	9.90099e-09	1	0.0848	0.166667	0.666667	0.666667	1.5	1	1	11222.7	1e+20	6.66667e+19	19.7991	22.3583	93.738	53.0144	97.7126	45.5215	
 90000	-130762	-1200.48	-84021.7	-19957	0.107473	1	0.205189	9.74712	4.27056	0.0140946	19.8132	0.181627	6167	99	580	-57702.2	56.5684f	89.8773	4	1	1	0.0792079	0.019802	0.0594059	9.90099e-09	0	0	0	0	0.9	0.94686	0.256822	0.618644	0.875	9.90099e-09	0.118812	9.90099e-09	1	0.106969	0.175973	0.666667	0.666667	1.5	1	1	11222.7	1e+20	6.66667e+19	19.7991	22.3583	93.738	53.0144	56.5684	89.8773	
 91000	-134833	-1200.48	-88092.1	-20583.6	0.110702	1	0.205189	9.74712	4.39886	0.0214074	19.8132	0.17633	6450	99	662	-57702.2	96.2634f	33.1494	4	1	1	0.0792079	0.019802	0.039604	9.90099e-09	0	0	0	0	0.818182	0.953125	0.246082	0.53125	0.876176	9.90099e-09	0.118812	9.90099e-09	1	0.123839	0.159754	0.666667	0.666667	1.5	1	1	11222.7	1e+20	6.66667e+19	19.7991	22.3583	93.738	53.0144	96.2634	33.1494	
 92000	-133010	-1200.48	-86269.2	-20278.5	0.11157	1	0.205189	9.74712	4.57207	0.0169391	19.9664	0.16965	6311	99	635	-57702.2	93.8199f	50.548	4	1	1	0.0792079	0.019802	0.039604	9.90099e-09	0	0	0	0	0.863636	0.965024	0.325949	0.475806	0.88535	9.90099e-09	0.118812	9.90099e-09	1	0.109524	0.232	0.666667	0.666667	1.5	1	1	11222.7	1e+20	6.66667e+19	19.7991	22.3583	93.738	53.0144	93.8199	50.548	
 93000	-134697	-1200.48	-87956.8	-20614	0.11157	1	0.203751	9.8159	4.54004	0.00496005	19.9664	0.172052	6464	99	637	-57702.2	69.6911f	37.6263	4	1	1	0.0792079	0.019802	0.039604	9.90099e-09	0	0	0	0	0.854545	0.9613	0.25966	0.470588	0.88062	9.90099e-09	0.118812	9.90099e-09	1	0.114374	0.215071	0.666667	0.666667	1.5	1	1	11222.7	1e+20	6.66667e+19	19.7991	22.3583	93.738	53.0144	69.6911	37.6263	
 94000	-135507	-1200.48	-88766.4	-20729.5	0.108948	1	0.203751	9.8159	4.42693	0.012223	19.9592	0.176448	6515	99	647	-57702.2	73.7967f	21.6979	4	1	1	0.0594059	0.0594059	0.039604	9.90099e-09	0	0	0	0	0.872727	0.972393	0.243077	0.523077	0.877301	9.90099e-09	0.118812	9.90099e-09	1	0.119632	0.179724	0.666667	0.666667	1.5	1	1	11222.7	1e+20	6.66667e+19	19.7991	22.3583	79.1062	22.3754	73.7967	21.6979	
 95000	-137363	-1200.48	-90622.2	-21027.6	0.116684	1	0.203751	9.8159	4.74125	0.0137324	19.9592	0.164751	6654	99	672	-57702.2	78.639f	23.1666	4	1	1	0.0594059	0.0594059	0.039604	9.90099e-09	0	0	0	0	0.854545	0.95045	0.26506	0.514286	0.872754	9.90099e-09	0.0891089	9.90099e-09	1	0.126126	0.201504	0.666667	0.666667	1.5	1	1	11222.7	1e+20	6.66667e+19	19.7991	22.3583	79.1062	22.3754	78.639	23.1666	
 96000	-139239	-1200.48	-92498.7	-21431.5	0.116684	1	0.203751	9.8159	4.74125	0.00284901	19.9592	0.164751	6842	99	650	-57702.2	58.033f	34.6355	4	1	1	0.0594059	0.0594059	0.039604	9.90099e-09	0	0	0	0	0.8	0.964964	0.268613	0.583942	0.90365	9.90099e-09	0.0891089	9.90099e-09	1	0.090511	0.192537	0.666667	0.666667	1.5	1	1	11222.7	1e+20	6.66667e+19	19.7991	22.3583	79.1062	22.3754	58.033	34.6355	
 97000	-137530	-1200.48	-90790	-21173.7	0.116739	1	0.187069	10.6912	4.3551	0.00488351	19.9592	0.195353	6722	99	622	-57702.2	63.094f	31.0413	4	1	1	0.0594059	0.0594059	0.049505	9.90099e-09	0	0	0	0	0.927273	0.955224	0.251488	0.54918	0.883756	9.90099e-09	0.0891089	9.90099e-09	1	0.126488	0.195477	0.666667	0.666667	1.5	1	1	11222.7	1e+20	6.66667e+19	19.7991	22.3583	79.1062	22.3754	63.094	31.0413	
 98000	-136945	-1200.48	-90205	-21167.3	0.116739	1	0.160486	12.4621	3.73624	0.00573648	19.9592	0.265429	6719	99	566	-57702.2	74.8722f	54.4673	4	1	1	0.0594059	0.0594059	0.049505	9.90099e-09	0	0	0	0	0.936364	0.973373	0.258876	0.538462	0.882265	9.90099e-09	0.0891089	9.90099e-09	1	0.0976331	0.225806	0.666667	0.666667	1.5	1	1	11222.7	1e+20	6.66667e+19	19.7991	22.3583	79.1062	22.3754	74.8722	54.4673	
 99000	-141422	-1200.48	-94681.6	-21941.7	0.118894	1	0.159149	12.5668	3.77353	0.0157286	19.9592	0.265014	7082	99	590	-57702.2	90.5647f	38.6269	4	1	1	0.0594059	0.0594059	0.049505	9.90099e-09	0	0	0	0	0.872727	0.96756	0.306497	0.532787	0.901269	9.90099e-09	0.0891089	9.90099e-09	1	0.112994	0.214651	0.666667	0.666667	1.5	1	1	11222.7	1e+20	6.66667e+19	19.7991	22.3583	79.1062	22.3754	90.5647	38.6269	