
# before rand glnL: -41617.012407 alnL: -1332.460435
# ninter: 99
# ncoal: 99
# nhits: 99
# true lbda: 0.002781
# true mu: 0.028577
# true rad: 45.809895
# true sigsq: 0.439785
# true neigh. size: 69.986503
# fst-based estimate of neighborhood size: -nan
# nucleotide diversity: 0.000000
# length of a generation: 300853 time units
# clock rate: 1 subst. per time unit
# after rand glnL: -41617.012407 alnL: -1332.460435
# ninter: 99
# ncoal: 99
# nhits: 99
# start lbda: 0.002781
# start mu: 0.028577
# start rad: 8.158987
sample	lnP	alnL	glnL	tlnL	lbda	clock	mu	neigh	sigsq	sigsqobs	rad	rhoe	nInt	nCoal	nHit	rootTime	rootLon	rootLat	tstv	alpha	MeanBr	accLbda	accMu	accRad	accInDelDisk	accInDelHit	accScaleTime	accSPR	accSPRlocal	accPath	accIndelDiskSerial	accIndelHitSerial	accLdskGivenDisk	accDiskGivenLdsk	accDiskAndLdsk	accLdskMulti	accDiskMulti	accMoveDiskUD	accAddRemoveJump	accLdskTipToRoot	tuneLbda	tuneRad	tuneMu	tuneIndelDisk	tuneIndelHit	tuneLdskGivenDisk	tuneIndelDiskSerial	tuneIndelHitSerial	c0	c1	rootc0	rootc1	rootldsk0	rootldsk1	
  1000	-52063.3	-1332.46	-5190.81	-1313.74	0.00442033	1	0.12608	15.863	0.103134	0.040037	19.5895	12.2397	213	99	115	-35960.2	43.6385f	99.3359	4	1	1	0	0	0	0	0	0	0	0	0.972727	0.742574	0.308333	0.4	0.550847	0	0	0	1	0.0991736	0.176991	1	1	1	1	1	1.5	5.0625	0.666667	45.8612	40.6445	46.5149	90.4949	43.6385	99.3359	
  2000	-54041.4	-1332.46	-7168.89	-1968.24	0.0106607	1	0.113157	17.6746	0.223237	0.0243011	19.5895	6.30047	349	99	121	-35960.2	43.9155f	86.2385	4	1	1	0	0	0	0	0	0	0	0	0.945455	0.871287	0.287879	0.490909	0.637168	0	0	0	1	0.188679	0.336	1	1	1	1	1	3.375	194.62	7.59375	75.5926	8.1334	50.0373	89.5359	43.9155	86.2385	
  3000	-55887.5	-1332.46	-9015	-2502.76	0.0116325	1	0.126419	15.8205	0.272135	0.0396677	19.5895	4.62621	468	99	144	-35960.2	79.7343f	89.9473	4	1	1	0	0	0	0	0	0	0	0	0.945455	0.883212	0.270073	0.533981	0.75188	0	0	0	1	0.156028	0.268456	1	1	1	1	1	11.3906	7481.83	437.894	75.5926	8.1334	50.0373	89.5359	79.7343	89.9473	
  4000	-57249.6	-1332.46	-10377.1	-2945.76	0.0150351	1	0.143547	13.9327	0.433844	0.0113879	19.9989	2.5556	573	99	141	-35960.2	43.3727f	69.6576	4	1	1	0	0	0	0	0	0	0	0	0.927273	0.945455	0.223214	0.524752	0.738739	0	0	0	1	0.0707965	0.45	1	1	1	1	1	25.6289	4.91437e+06	1477.89	75.5926	8.1334	50.0373	89.5359	43.3727	69.6576	
  5000	-58815.8	-1332.46	-11943.4	-3414	0.0189219	1	0.137497	14.5458	0.522988	0.0369409	19.9989	2.21328	689	99	147	-35960.2	74.5051f	90.9739	4	1	1	0	0	0	0	0	0	0	0	0.9	0.955882	0.272059	0.553398	0.730769	0	0	0	1	0.147059	0.265306	1	1	1	1	1	86.4976	7.26291e+09	85222.7	75.5926	8.1334	50.0373	89.5359	74.5051	90.9739	
  6000	-60158.2	-1332.46	-13285.7	-3779.73	0.0213411	1	0.143503	13.937	0.568165	0.0154813	19.6019	1.95203	783	99	158	-35960.2	32.8774f	70.5735	4	1	1	0	0	0.0990099	0	0	0	0	0	0.927273	0.88535	0.280255	0.529412	0.75641	0	0	0.108911	1	0.159236	0.267516	1	0.666667	1	1	1	291.929	1.61007e+13	1.6586e+07	75.5926	8.1334	50.0373	89.5359	32.8774	70.5735	
  7000	-61414.2	-1332.46	-14541.7	-4093.22	0.0235038	1	0.157746	12.6786	0.699277	0.0294644	19.6827	1.44282	866	99	170	-35960.2	56.7478f	91.0234	4	1	1	0.178218	0.257426	0.0990099	0	0	0	0	0	0.927273	0.964497	0.304094	0.571429	0.82659	0	0.148515	0.108911	1	0.178161	0.12069	0.666667	0.666667	1.5	1	1	656.841	4.70026e+15	8.39666e+07	75.5926	8.1334	50.0373	89.5359	56.7478	91.0234	
  8000	-62518.5	-1332.46	-15646	-4352.53	0.0245895	1	0.156752	12.759	0.684763	0.0326643	19.3906	1.48275	936	99	192	-35960.2	69.3818f	89.9114	4	1	1	0.178218	0.257426	0.0990099	0	0	0	0	0	0.909091	0.93617	0.287234	0.539823	0.780749	0	0.148515	0.108911	1	0.164894	0.147368	0.666667	0.666667	1.5	1	1	2216.84	4.06561e+17	2.45123e+10	75.5926	8.1334	61.784	70.0033	69.3818	89.9114	
  9000	-64778.4	-1332.46	-17905.9	-4932.43	0.0301334	1	0.14204	14.0805	0.821107	0.013187	19.7666	1.36461	1099	99	204	-35960.2	73.5979f	55.7454	4	1	1	0.178218	0.257426	0.0990099	0	0	0	0	0	0.918182	0.927273	0.225225	0.440678	0.853211	0	0.148515	0.108911	1	0.227273	0.303922	0.666667	0.666667	1.5	1	1	7481.83	1e+20	4.77057e+12	75.5926	8.1334	61.784	70.0033	73.5979	55.7454	
 10000	-64710.1	-1332.46	-17837.6	-4960.21	0.0306802	1	0.153812	13.0029	0.905291	0.0245184	19.7666	1.14299	1107	99	190	-35960.2	49.7255f	87.0093	4	1	1	0.178218	0.257426	0.0990099	0	0	0	0	0	0.881818	0.919643	0.241071	0.548077	0.828829	0	0.148515	0.108911	1	0.144144	0.160622	0.666667	0.666667	1.5	1	1	16834.1	1e+20	3.13351e+15	75.5926	8.1334	61.784	70.0033	49.7255	87.0093	
 11000	-66410.9	-1332.46	-19538.4	-5351.48	0.0344988	1	0.172462	11.5968	1.09532	0.00751365	19.5641	0.842533	1221	99	213	-35960.2	48.6992f	62.566	4	1	1	0.178218	0.257426	0.0990099	0	0	0	0	0	0.9	0.96748	0.276423	0.411765	0.756098	0	0.148515	0.108911	1	0.211382	0.300885	0.666667	0.666667	1.5	1	1	16834.1	1e+20	3.13351e+15	75.5926	8.1334	61.7677	56.6225	48.6992	62.566	
 12000	-68649.2	-1332.46	-21776.7	-5897.8	0.0363582	1	0.141842	14.1002	0.949403	0.0186854	19.5641	1.18186	1385	99	224	-35960.2	42.2906f	79.8211	4	1	1	0.178218	0.257426	0.0990099	0.019802	0	0	0	0	0.881818	0.935252	0.217391	0.547826	0.846715	0	0.148515	0.009901	1	0.137681	0.32243	0.666667	0.666667	1.5	1	1	16834.1	1e+20	3.13351e+15	75.5926	8.1334	61.7677	56.6225	42.2906	79.8211	
 13000	-69673.8	-1332.46	-22801.3	-6106.26	0.0392424	1	0.1431	13.9762	1.03381	0.0180778	19.5641	1.07582	1450	99	243	-35960.2	79.753f	41.7086	4	1	1	0.158416	0.257426	0.0990099	0.019802	0	0	0	0	0.854545	0.951724	0.282759	0.528	0.813793	9.90099e-09	0.207921	0.009901	1	0.158621	0.278481	0.666667	0.666667	1.5	1	1	16834.1	1e+20	3.13351e+15	75.5926	8.1334	61.7677	56.6225	79.753	41.7086	
 14000	-70210.1	-1332.46	-23337.7	-6306.7	0.0417925	1	0.13902	14.3865	1.02299	0.010997	19.3474	1.1191	1513	99	225	-35960.2	63.3081f	65.562	4	1	1	0.158416	0.0990099	0.039604	0.019802	0	0	0	0	0.854545	0.94	0.235294	0.591667	0.809211	9.90099e-09	0.207921	0.009901	1	0.0986842	0.276018	0.666667	0.666667	1.5	1	1	16834.1	1e+20	3.13351e+15	75.5926	8.1334	61.7677	56.6225	63.3081	65.562	
 15000	-70521.5	-1332.46	-23649	-6325.66	0.0422614	1	0.149724	13.3579	1.14544	0.0126001	19.4819	0.928022	1519	99	246	-35960.2	59.314f	71.0198	4	1	1	0.158416	0.0990099	0.039604	0.019802	0	0	0	0	0.881818	0.922078	0.25	0.490196	0.835526	9.90099e-09	0.207921	0.009901	1	0.138158	0.357724	0.666667	0.666667	1.5	1	1	16834.1	1e+20	3.13351e+15	75.5926	8.1334	69.7171	79.0282	59.314	71.0198	
 16000	-72105.9	-1332.46	-25233.4	-6714.75	0.0436824	1	0.16635	12.0228	1.38516	0.0142254	19.7351	0.690712	1643	99	250	-35960.2	60.9293f	72.9381	4	1	1	0.158416	0.0990099	0.039604	0.019802	0	0	0	0	0.854545	0.957831	0.281437	0.483871	0.808383	9.90099e-09	0.207921	0.009901	1	0.138554	0.283582	0.666667	0.666667	1.5	1	1	16834.1	1e+20	3.13351e+15	60.0908	15.1832	69.7171	79.0282	60.9293	72.9381	
 17000	-72463.4	-1332.46	-25591	-6700.77	0.0455933	1	0.153013	13.0708	1.40104	0.033122	19.9941	0.742406	1639	99	283	-35960.2	82.6072f	80.8721	4	1	1	0.158416	0.0990099	0.039604	0.019802	0	0	0	0	0.845455	0.939394	0.248485	0.538462	0.823171	9.90099e-09	0.207921	0.009901	1	0.158537	0.289753	0.666667	0.666667	1.5	1	1	16834.1	1e+20	3.13351e+15	60.0908	15.1832	69.7171	79.0282	82.6072	80.8721	
 18000	-74266.1	-1332.46	-27393.6	-7193.32	0.0500395	1	0.158634	12.6076	1.49101	0.0130825	19.6626	0.672889	1801	99	265	-35960.2	73.2635f	56.3694	4	1	1	0.158416	0.0990099	0.039604	0.019802	0	0	0	0	0.790909	0.912088	0.270718	0.577586	0.889503	9.90099e-09	0.207921	0.009901	1	0.153846	0.318182	0.666667	0.666667	1.5	1	1	16834.1	1e+20	3.13351e+15	60.0908	15.1832	69.7171	79.0282	73.2635	56.3694	
 19000	-74314.4	-1332.46	-27441.9	-7199.36	0.0497581	1	0.158634	12.6076	1.48262	0.0296936	19.6626	0.676695	1803	99	271	-35960.2	90.6875f	37.9963	4	1	1	0.158416	0.0990099	0.039604	0.019802	0	0	0	0	0.854545	0.928177	0.237569	0.482143	0.857143	9.90099e-09	0.118812	0.009901	1	0.132597	0.286738	0.666667	0.666667	1.5	1	1	16834.1	1e+20	3.13351e+15	60.0908	15.1832	69.7171	79.0282	90.6875	37.9963	
 20000	-74637.4	-1332.46	-27765	-7268.37	0.0497581	1	0.14592	13.7061	1.36379	0.0296936	19.6626	0.799755	1826	99	276	-35960.2	90.6875f	37.9963	4	1	1	0.118812	0.0990099	0.0792079	0.019802	0	0	0	0	0.881818	0.940217	0.263441	0.419048	0.822581	9.90099e-09	0.118812	0.009901	1	0.150538	0.278986	0.666667	0.666667	1.5	1	1	16834.1	1e+20	3.13351e+15	94.6815	29.9483	78.4397	61.658	90.6875	37.9963	
 21000	-74769.7	-1332.46	-27897.3	-7386.78	0.0517637	1	0.148159	13.499	1.44054	0.0159537	19.6626	0.745704	1866	99	243	-35960.2	70.6454f	30.6512	4	1	1	0.118812	0.108911	0.0792079	0.019802	0	0	0	0	0.845455	0.909091	0.246073	0.543689	0.887701	9.90099e-09	0.118812	0.009901	1	0.122995	0.25	0.666667	0.666667	1.5	1	1	16834.1	1e+20	3.13351e+15	98.8401	31.7558	79.3909	51.9714	70.6454	30.6512	
 22000	-76684.5	-1332.46	-29812	-7722.35	0.0528081	1	0.148159	13.499	1.46005	0.0185993	19.6305	0.735737	1980	99	288	-35960.2	73.0167f	70.9871	4	1	1	0.118812	0.108911	0.0792079	0.019802	0	0	0	0	0.9	0.964646	0.206186	0.495575	0.845361	9.90099e-09	0.118812	0.009901	1	0.130653	0.306122	0.666667	0.666667	1.5	1	1	16834.1	1e+20	3.13351e+15	98.8401	31.7558	79.3909	51.9714	73.0167	70.9871	
 23000	-78105.9	-1332.46	-31233.4	-8034.73	0.0563054	1	0.149387	13.3881	1.59104	0.0334241	19.6971	0.669617	2089	99	295	-35960.2	95.4388f	49.3983	4	1	1	0.118812	0.108911	0.0792079	9.90099e-09	0	0	0	0	0.8	0.951456	0.3	0.483051	0.841346	9.90099e-09	0.118812	0.009901	1	0.153846	0.237288	0.666667	0.666667	1.5	1	1	16834.1	1e+20	3.13351e+15	79.5104	18.4172	56.8242	54.2945	95.4388	49.3983	
 24000	-79750.6	-1332.46	-32878.2	-8268.79	0.0591194	1	0.17498	11.4299	1.95676	0.040974	19.6971	0.464831	2172	99	353	-35960.2	89.4114f	17.3175	4	1	1	0.118812	0.108911	0.0792079	9.90099e-09	0	0	0	0	0.827273	0.934884	0.243119	0.442308	0.851163	9.90099e-09	0.118812	9.90099e-09	1	0.146789	0.266289	0.666667	0.666667	1.5	1	1	16834.1	1e+20	3.13351e+15	79.5104	18.4172	76.8747	39.0556	89.4114	17.3175	
 25000	-78863.8	-1332.46	-31991.4	-8155.68	0.0596059	1	0.161272	12.4014	1.81831	0.0170328	19.6971	0.542744	2132	99	316	-35960.2	76.6624f	37.0287	4	1	1	0.118812	0.108911	0.0792079	9.90099e-09	0	0	0	0	0.872727	0.943662	0.219626	0.566929	0.760369	9.90099e-09	0.128713	9.90099e-09	1	0.140187	0.275316	0.666667	0.666667	1.5	1	1	16834.1	1e+20	3.13351e+15	79.5104	18.4172	85.8077	18.5943	76.6624	37.0287	
 26000	-79768.8	-1332.46	-32896.4	-8422.39	0.0631356	1	0.148595	13.4594	1.87898	0.048202	19.9806	0.570024	2227	99	297	-35960.2	99.3508f	23.3588	4	1	1	0.158416	0.108911	0.0792079	9.90099e-09	0	0	0	0	0.836364	0.93722	0.236607	0.590164	0.884444	9.90099e-09	0.128713	9.90099e-09	1	0.130045	0.31068	0.666667	0.666667	1.5	1	1	16834.1	1e+20	3.13351e+15	79.5104	18.4172	85.8077	18.5943	99.3508	23.3588	
 27000	-80453.7	-1332.46	-33581.3	-8530.21	0.0624716	1	0.14535	13.7599	1.81861	0.0120633	19.9806	0.602096	2266	99	312	-35960.2	28.6448f	54.5135	4	1	1	0.158416	0.108911	0.0792079	9.90099e-09	0	0	0	0	0.872727	0.95614	0.229075	0.515625	0.861472	9.90099e-09	0.128713	9.90099e-09	1	0.105727	0.268987	0.666667	0.666667	1.5	1	1	16834.1	1e+20	3.13351e+15	79.5104	18.4172	45.5317	41.8671	28.6448	54.5135	
 28000	-80855.9	-1332.46	-33983.4	-8563.48	0.0624716	1	0.140111	14.2744	1.75306	0.0186604	19.9806	0.647965	2278	99	331	-35960.2	60.3734f	20.2369	4	1	1	0.158416	0.108911	0.029703	9.90099e-09	0	0	0	0	0.890909	0.956522	0.302632	0.537879	0.805195	9.90099e-09	0.128713	9.90099e-09	1	0.121739	0.242991	0.666667	0.666667	1.5	1	1	16834.1	1e+20	3.13351e+15	79.5104	18.4172	45.5317	41.8671	60.3734	20.2369	
 29000	-82075.6	-1332.46	-35203.2	-8888.87	0.0655682	1	0.114204	17.5126	1.49974	0.0132188	19.9806	0.929235	2397	99	314	-35960.2	26.6085f	53.3873	4	1	1	0.158416	0.108911	0.029703	9.90099e-09	0	0	0	0	0.827273	0.962343	0.259574	0.496183	0.881356	9.90099e-09	0.128713	9.90099e-09	1	0.108333	0.296774	0.666667	0.666667	1.5	1	1	16834.1	1e+20	3.13351e+15	79.5104	18.4172	45.5317	41.8671	26.6085	53.3873	
 30000	-84403.6	-1332.46	-37531.2	-9382.67	0.0712812	1	0.143115	13.9748	1.64698	0.0240462	18.9324	0.675222	2582	99	333	-35960.2	38.0642f	15.0042	4	1	1	0.158416	0.108911	0.029703	9.90099e-09	0	0	0	0	0.8	0.938224	0.273077	0.576923	0.8	9.90099e-09	0.128713	9.90099e-09	1	0.111538	0.342424	0.666667	0.666667	1.5	1	1	16834.1	1e+20	3.13351e+15	84.1568	53.1787	45.5317	41.8671	38.0642	15.0042	
 31000	-85047.2	-1332.46	-38174.7	-9469.82	0.0712812	1	0.142187	14.0659	1.63631	0.00656046	18.9324	0.684059	2615	99	357	-35960.2	58.8084f	44.4299	4	1	1	0.158416	0.108911	0.029703	9.90099e-09	0	0	0	0	0.872727	0.950758	0.251908	0.570093	0.867424	9.90099e-09	0.128713	9.90099e-09	1	0.148855	0.29683	0.666667	0.666667	1.5	1	1	16834.1	1e+20	3.13351e+15	84.1568	53.1787	45.5317	41.8671	58.8084	44.4299	
 32000	-86455.3	-1332.46	-39582.8	-9799.36	0.0753324	1	0.142187	14.0659	1.66333	0.024788	18.7491	0.672947	2742	99	344	-35960.2	78.765f	25.1478	4	1	1	0.158416	0.0594059	0.029703	9.90099e-09	0	0	0	0	0.854545	0.945455	0.298182	0.485437	0.879562	9.90099e-09	0.0792079	9.90099e-09	1	0.127737	0.335347	0.666667	0.666667	1.5	1	1	16834.1	1e+20	3.13351e+15	84.1568	53.1787	45.5317	41.8671	78.765	25.1478	
 33000	-84964.2	-1332.46	-38091.7	-9513.95	0.0739604	1	0.142187	14.0659	1.98675	0.0168093	19.691	0.563399	2632	99	325	-35960.2	26.0455f	34.0827	4	1	1	0.148515	0.0594059	0.029703	9.90099e-09	0	0	0	0	0.845455	0.950943	0.215094	0.415842	0.852273	9.90099e-09	0.0792079	9.90099e-09	1	0.121212	0.298462	0.666667	0.666667	1.5	1	1	16834.1	1e+20	3.13351e+15	84.1568	53.1787	45.5317	41.8671	26.0455	34.0827	
 34000	-85581.1	-1332.46	-38708.6	-9626.08	0.0735032	1	0.127946	15.6316	1.82017	0.00562594	19.8104	0.683408	2675	99	335	-35960.2	53.6614f	54.3225	4	1	1	0.148515	0.0594059	0.0693069	0.009901	0	0	0	0	0.863636	0.94403	0.223881	0.503876	0.88015	9.90099e-09	0.0792079	9.90099e-09	1	0.104478	0.282958	0.666667	0.666667	1.5	1	1	16834.1	1e+20	3.13351e+15	84.1568	53.1787	42.2418	25.1552	53.6614	54.3225	
 35000	-86809.2	-1332.46	-39936.7	-9902.19	0.0786419	1	0.12579	15.8996	1.9146	0.00619337	19.8104	0.660843	2782	99	332	-35960.2	57.6956f	45.3464	4	1	1	0.148515	0.0594059	0.0693069	0.009901	0	0	0	0	0.809091	0.945848	0.30466	0.5	0.851986	9.90099e-09	0.0792079	9.90099e-09	1	0.11828	0.325444	0.666667	0.666667	1.5	1	1	16834.1	1e+20	3.13351e+15	84.1568	53.1787	51.8929	23.5896	57.6956	45.3464	
 36000	-86911.4	-1332.46	-40039	-9886.55	0.0778366	1	0.130699	15.3023	1.96896	0.0198169	19.8104	0.618459	2776	99	344	-35960.2	62.2904f	19.5471	4	1	1	0.148515	0.0594059	0.0693069	0.009901	0	0	0	0	0.836364	0.967742	0.251799	0.5	0.899642	9.90099e-09	0.0792079	9.90099e-09	1	0.100719	0.276163	0.666667	0.666667	1.5	1	1	16834.1	1e+20	3.13351e+15	88.8815	73.7623	51.8929	23.5896	62.2904	19.5471	
 37000	-85595.8	-1332.46	-38723.3	-9582.02	0.0751313	1	0.130699	15.3023	1.84963	0.0102254	19.6764	0.658356	2658	99	353	-35960.2	40.3669f	33.5138	4	1	1	0.148515	0.0594059	0.0693069	0.009901	0	0	0	0	0.836364	0.928571	0.270677	0.514563	0.845865	9.90099e-09	0.0792079	9.90099e-09	1	0.093985	0.241379	0.666667	0.666667	1.5	1	1	16834.1	1e+20	3.13351e+15	88.8815	73.7623	51.8929	23.5896	40.3669	33.5138	
 38000	-86548.6	-1332.46	-39676.2	-9774.95	0.0734447	1	0.154351	12.9575	1.95403	0.0113369	19.2448	0.527691	2732	99	366	-35960.2	49.7346f	28.6907	4	1	1	0.148515	0.0891089	0.0693069	0.009901	0	0	0	0	0.745455	0.952555	0.248175	0.471698	0.856618	9.90099e-09	0.108911	9.90099e-09	1	0.127737	0.348404	0.666667	0.666667	1.5	1	1	16834.1	1e+20	3.13351e+15	88.8815	73.7623	51.8929	23.5896	49.7346	28.6907	
 39000	-85814	-1332.46	-38941.6	-9626.11	0.0734447	1	0.151384	13.2115	1.9318	0.00799219	19.2832	0.544226	2675	99	361	-35960.2	64.1222f	53.3371	4	1	1	0.0891089	0.0891089	0.0693069	0.009901	0	0	0	0	0.809091	0.93633	0.200743	0.541284	0.858736	9.90099e-09	0.108911	9.90099e-09	1	0.182156	0.286932	0.666667	0.666667	1.5	1	1	16834.1	1e+20	3.13351e+15	88.8815	73.7623	51.8929	23.5896	64.1222	53.3371	
 40000	-85848.8	-1332.46	-38976.3	-9711.54	0.0746418	1	0.126897	15.7609	1.70938	0.0463566	19.467	0.733721	2708	99	325	-35960.2	23.0374f	2.66634	4	1	1	0.0891089	0.0891089	0.039604	0.009901	0	0	0	0	0.836364	0.955882	0.239852	0.568807	0.875	9.90099e-09	0.108911	9.90099e-09	1	0.106618	0.284024	0.666667	0.666667	1.5	1	1	16834.1	1e+20	3.13351e+15	95.1801	70.7635	51.8929	23.5896	23.0374	2.66634	
 41000	-87283.4	-1332.46	-40410.9	-9986.17	0.078913	1	0.133518	14.9793	1.91602	0.0463566	19.5041	0.622129	2815	99	340	-35960.2	23.0374f	2.66634	4	1	1	0.0891089	0.0891089	0.039604	0.009901	0	0	0	0	0.781818	0.936396	0.279152	0.542857	0.869718	9.90099e-09	0.108911	9.90099e-09	1	0.124113	0.28863	0.666667	0.666667	1.5	1	1	16834.1	1e+20	3.13351e+15	49.1391	12.8752	51.8929	23.5896	23.0374	2.66634	
 42000	-89100.7	-1332.46	-42228.2	-10338.7	0.0792256	1	0.136864	14.613	1.90001	0.0197233	19.324	0.612032	2954	99	356	-35960.2	77.8334f	32.6435	4	1	1	0.0891089	0.0891089	0.039604	0.009901	0	0	0	0	0.854545	0.962712	0.260135	0.59434	0.894198	9.90099e-09	0.108911	9.90099e-09	1	0.0881356	0.27095	0.666667	0.666667	1.5	1	1	16834.1	1e+20	3.13351e+15	49.1391	12.8752	51.8929	23.5896	77.8334	32.6435	
 43000	-89782.4	-1332.46	-42909.9	-10342.7	0.084293	1	0.148955	13.4269	2.35716	0.0452557	19.66	0.453291	2956	99	415	-35960.2	28.7042f	0.602454	4	1	1	0.0891089	0.0891089	0.039604	0.009901	0	0	0	0	0.863636	0.918367	0.216216	0.547619	0.871622	9.90099e-09	0.108911	9.90099e-09	1	0.10473	0.28169	0.666667	0.666667	1.5	1	1	16834.1	1e+20	3.13351e+15	49.1391	12.8752	51.8929	23.5896	28.7042	0.602454	
 44000	-90988.9	-1332.46	-44116.4	-10666.4	0.0849107	1	0.134485	14.8716	2.14377	0.0278369	19.66	0.552038	3087	99	380	-35960.2	53.9956f	9.51925	4	1	1	0.0891089	0.0891089	0.039604	0.009901	0	0	0	0	0.872727	0.95114	0.261438	0.560345	0.827815	9.90099e-09	0.108911	9.90099e-09	1	0.151815	0.286822	0.666667	0.666667	1.5	1	1	16834.1	1e+20	3.13351e+15	49.1391	12.8752	51.8929	23.5896	53.9956	9.51925	
 45000	-91700.1	-1332.46	-44827.6	-10835	0.0842256	1	0.134485	14.8716	2.12647	0.00767064	19.66	0.556528	3155	99	378	-35960.2	52.3933f	36.495	4	1	1	0.0990099	0.0990099	0.039604	0.009901	0	0	0	0	0.827273	0.924051	0.268139	0.535714	0.860759	9.90099e-09	0.108911	9.90099e-09	1	0.126582	0.324468	0.666667	0.666667	1.5	1	1	16834.1	1e+20	3.13351e+15	49.1391	12.8752	51.8929	23.5896	52.3933	36.495	
 46000	-92138.1	-1332.46	-45265.6	-10867.2	0.0842256	1	0.138734	14.4161	2.13274	0.0146415	19.522	0.537898	3168	99	404	-35960.2	63.9796f	27.4693	4	1	1	0.0990099	0.0990099	0.039604	0.009901	0	0	0	0	0.872727	0.949367	0.248428	0.558333	0.848101	9.90099e-09	0.108911	9.90099e-09	1	0.113565	0.326829	0.666667	0.666667	1.5	1	1	16834.1	1e+20	3.13351e+15	68.8016	31.5366	51.8929	23.5896	63.9796	27.4693	
 47000	-92784.9	-1332.46	-45912.5	-11052.8	0.089369	1	0.138734	14.4161	2.19635	0.0357816	19.3767	0.52232	3246	99	379	-35960.2	88.6375f	22.5846	4	1	1	0.0990099	0.0990099	0.0594059	9.90099e-09	0	0	0	0	0.781818	0.950617	0.291022	0.535714	0.876543	9.90099e-09	0.108911	9.90099e-09	1	0.132716	0.319261	0.666667	0.666667	1.5	1	1	16834.1	1e+20	3.13351e+15	68.8016	31.5366	51.8929	23.5896	88.6375	22.5846	
 48000	-93358.7	-1332.46	-46486.3	-11159.2	0.0938877	1	0.142715	14.014	2.47251	0.0160417	19.5755	0.451037	3290	99	386	-35960.2	44.9526f	22.3042	4	1	1	0.0990099	0.0990099	0.0594059	9.90099e-09	0	0	0	0	0.818182	0.954407	0.246201	0.532258	0.875758	9.90099e-09	0.108911	9.90099e-09	1	0.115152	0.328205	0.666667	0.666667	1.5	1	1	16834.1	1e+20	3.13351e+15	68.8016	31.5366	51.8929	23.5896	44.9526	22.3042	
 49000	-95733	-1332.46	-48860.5	-11627.2	0.0943029	1	0.13185	15.1687	1.92656	0.0154122	18.7388	0.626551	3488	99	393	-35960.2	60.4883f	24.5536	4	1	1	0.0990099	0.0990099	0.0594059	9.90099e-09	0	0	0	0	0.836364	0.94302	0.271429	0.487395	0.87106	9.90099e-09	0.108911	9.90099e-09	1	0.13467	0.335821	0.666667	0.666667	1.5	1	1	16834.1	1e+20	3.13351e+15	68.8016	31.5366	51.8929	23.5896	60.4883	24.5536	
 50000	-94809.1	-1332.46	-47936.6	-11424.1	0.0943029	1	0.128993	15.5047	2.0796	0.00613123	19.2052	0.593301	3402	99	398	-35960.2	58.5873f	48.8168	4	1	1	0.0594059	0.0990099	0.0594059	9.90099e-09	0	0	0	0	0.809091	0.962209	0.232353	0.495868	0.868421	0.009901	0.118812	9.90099e-09	1	0.144118	0.314721	0.666667	0.666667	1.5	1	1	16834.1	1e+20	3.13351e+15	68.8016	31.5366	51.8929	23.5896	58.5873	48.8168	
 51000	-95679.2	-1332.46	-48806.8	-11579.8	0.0984067	1	0.142329	14.0519	2.54617	0.00829693	19.5025	0.439176	3468	99	401	-35960.2	55.2464f	35.5688	4	1	1	0.0594059	0.0990099	0.0594059	9.90099e-09	0	0	0	0	0.763636	0.945714	0.25	0.442623	0.848138	0.009901	0.118812	9.90099e-09	1	0.10951	0.251208	0.666667	0.666667	1.5	1	1	16834.1	1e+20	3.13351e+15	68.8016	31.5366	51.8929	23.5896	55.2464	35.5688	
 52000	-97367.8	-1332.46	-50495.4	-11846.5	0.0982661	1	0.142329	14.0519	2.54253	0.0243753	19.5025	0.439804	3583	99	434	-35960.2	27.4632f	20.4698	4	1	1	0.0594059	0.118812	0.049505	9.90099e-09	0	0	0	0	0.754545	0.949153	0.293785	0.496	0.850282	0.009901	0.118812	9.90099e-09	1	0.132768	0.284706	0.666667	0.666667	1.5	1	1	16834.1	1e+20	3.13351e+15	87.0485	21.739	53.5911	18.7406	27.4632	20.4698	
 53000	-98610.8	-1332.46	-51738.4	-12089.1	0.102539	1	0.142329	14.0519	2.62976	0.00553538	19.4594	0.425217	3689	99	436	-35960.2	54.9579f	47.6159	4	1	1	0.0594059	0.118812	0.049505	9.90099e-09	0	0	0	0	0.818182	0.923913	0.243902	0.515873	0.885246	0.009901	0.118812	9.90099e-09	1	0.138211	0.318284	0.666667	0.666667	1.5	1	1	16834.1	1e+20	3.13351e+15	87.0485	21.739	69.0816	9.35268	54.9579	47.6159	
 54000	-98934.5	-1332.46	-52062	-12123.2	0.102539	1	0.142329	14.0519	2.62976	0.0208051	19.4594	0.425217	3704	99	451	-35960.2	68.4881f	21.5186	4	1	1	0.0594059	0.118812	0.049505	9.90099e-09	0	0	0	0	0.772727	0.954301	0.258065	0.427536	0.849057	0.009901	0.118812	9.90099e-09	1	0.110512	0.286031	0.666667	0.666667	1.5	1	1	16834.1	1e+20	3.13351e+15	87.0485	21.739	69.0816	9.35268	68.4881	21.5186	
 55000	-98534.8	-1332.46	-51662.4	-12016.2	0.102539	1	0.132908	15.0479	2.45569	0.0187997	19.4594	0.487633	3657	99	464	-35960.2	77.0284f	33.3263	4	1	1	0.0594059	0.118812	0.049505	9.90099e-09	0	0	0	0	0.736364	0.959128	0.234332	0.485294	0.866667	0.009901	0.118812	9.90099e-09	1	0.114441	0.304158	0.666667	0.666667	1.5	1	1	16834.1	1e+20	3.13351e+15	87.0485	21.739	61.9481	22.3844	77.0284	33.3263	
 56000	-98658.4	-1332.46	-51785.9	-12202.8	0.10296	1	0.119387	16.7522	2.21491	0.013808	19.4594	0.601876	3739	99	385	-35960.2	69.7107f	34.0248	4	1	1	0.0693069	0.118812	0.049505	9.90099e-09	0	0	0	0	0.845455	0.962567	0.248	0.491803	0.877005	0.009901	0.0990099	9.90099e-09	1	0.101604	0.254545	0.666667	0.666667	1.5	1	1	16834.1	1e+20	3.13351e+15	87.0485	21.739	61.9481	22.3844	69.7107	34.0248	
 57000	-99961.7	-1332.46	-53089.3	-12362.6	0.106282	1	0.127	15.748	2.66092	0.00537863	19.9016	0.47096	3810	99	433	-35960.2	50.1891f	53.4868	4	1	1	0.0693069	0.118812	0.049505	9.90099e-09	0	0	0	0	0.836364	0.955381	0.230159	0.565891	0.864935	0.009901	0.0990099	9.90099e-09	1	0.131926	0.30485	0.666667	0.666667	1.5	1	1	16834.1	1e+20	3.13351e+15	87.0485	21.739	61.9481	22.3844	50.1891	53.4868	
 58000	-101231	-1332.46	-54358.6	-12608.1	0.109974	1	0.127584	15.6759	2.69155	0.0233462	19.7663	0.463469	3920	99	430	-35960.2	82.4238f	33.0178	4	1	1	0.0693069	0.049505	0.049505	9.90099e-09	0	0	0	0	0.836364	0.958974	0.22449	0.503759	0.904884	0.009901	0.0990099	9.90099e-09	1	0.153061	0.302326	0.666667	0.666667	1.5	1	1	16834.1	1e+20	3.13351e+15	87.0485	21.739	61.9481	22.3844	82.4238	33.0178	
 59000	-101243	-1332.46	-54370.8	-12656.7	0.109507	1	0.127584	15.6759	2.56503	0.025009	19.5506	0.48633	3942	99	410	-35960.2	81.2646f	28.0058	4	1	1	0.0693069	0.049505	0.029703	0.009901	0	0	0	0	0.736364	0.941919	0.242424	0.584	0.888889	0.009901	0.0990099	9.90099e-09	1	0.136709	0.314634	0.666667	0.666667	1.5	1	1	16834.1	1e+20	3.13351e+15	87.0485	21.739	61.9481	22.3844	81.2646	28.0058	
 60000	-102226	-1332.46	-55354	-12742.9	0.111805	1	0.126889	15.7619	2.79468	0.0210811	19.898	0.448813	3981	99	456	-35960.2	48.3602f	15.9658	4	1	1	0.0693069	0.049505	0.029703	0.009901	0	0	0	0	0.781818	0.947368	0.230576	0.546099	0.888608	0.009901	0.0990099	9.90099e-09	1	0.122807	0.269807	0.666667	0.666667	1.5	1	1	16834.1	1e+20	3.13351e+15	87.0485	21.739	61.9481	22.3844	48.3602	15.9658	
 61000	-105147	-1332.46	-58274.7	-13171.5	0.116579	1	0.144925	13.8002	3.29438	0.0091404	19.8472	0.333351	4178	99	513	-35960.2	39.9292f	36.4658	4	1	1	0.0693069	0.049505	0.029703	0.009901	0	0	0	0	0.818182	0.956835	0.248804	0.59434	0.859903	0.009901	0.0990099	9.90099e-09	1	0.12201	0.278978	0.666667	0.666667	1.5	1	1	16834.1	1e+20	3.13351e+15	87.0485	21.739	77.2894	28.4428	39.9292	36.4658	
 62000	-104858	-1332.46	-57985.9	-13156.5	0.116579	1	0.144925	13.8002	3.29438	0.0256002	19.8472	0.333351	4171	99	502	-35960.2	55.8376f	11.7925	4	1	1	0.0594059	0.049505	0.029703	0.009901	0	0	0	0	0.827273	0.954545	0.277512	0.43662	0.844498	0.009901	0.108911	9.90099e-09	1	0.138756	0.279412	0.666667	0.666667	1.5	1	1	16834.1	1e+20	3.13351e+15	87.0485	21.739	77.2894	28.4428	55.8376	11.7925	
 63000	-105302	-1332.46	-58429.2	-13197.9	0.114586	1	0.158222	12.6405	3.5392	0.0228527	19.8529	0.284216	4190	99	521	-35960.2	85.0738f	57.8854	4	1	1	0.0594059	0.049505	0.029703	0.009901	0	0	0	0	0.809091	0.940334	0.275534	0.543689	0.854415	0.009901	0.108911	9.90099e-09	1	0.169048	0.322642	0.666667	0.666667	1.5	1	1	16834.1	1e+20	3.13351e+15	87.4276	13.092	67.9037	44.3833	85.0738	57.8854	
 64000	-107194	-1332.46	-60321.5	-13570	0.122109	1	0.136398	14.663	3.25133	0.00696123	19.8529	0.358882	4365	99	509	-35960.2	61.6803f	50.0659	4	1	1	0.0594059	0.0594059	0.029703	0.009901	0	0	0	0	0.754545	0.945205	0.279176	0.489933	0.898148	0.009901	0.108911	9.90099e-09	1	0.121281	0.314978	0.666667	0.666667	1.5	1	1	16834.1	1e+20	3.13351e+15	87.4276	13.092	67.9037	44.3833	61.6803	50.0659	
 65000	-106670	-1332.46	-59797.8	-13487.5	0.120184	1	0.136398	14.663	3.20007	0.00914102	19.8529	0.364631	4326	99	499	-35960.2	66.5511f	44.9273	4	1	1	0.0594059	0.0594059	0.039604	0.009901	0	0	0	0	0.745455	0.951389	0.275701	0.5	0.866051	0.009901	0.108911	9.90099e-09	1	0.122402	0.29572	0.666667	0.666667	1.5	1	1	16834.1	1e+20	3.13351e+15	87.4276	13.092	67.9037	44.3833	66.5511	44.9273	
 66000	-106659	-1332.46	-59786.6	-13474.8	0.120184	1	0.136816	14.6182	3.27189	0.019156	19.9481	0.355538	4320	99	512	-35960.2	71.1338f	73.6799	4	1	1	0.0594059	0.0594059	0.039604	0.009901	0	0	0	0	0.745455	0.947005	0.240741	0.503311	0.85023	0.009901	0.108911	9.90099e-09	1	0.12933	0.305389	0.666667	0.666667	1.5	1	1	16834.1	1e+20	3.13351e+15	79.296	13.8308	59.3404	30.5206	71.1338	73.6799	
 67000	-109083	-1332.46	-62210.2	-13873.4	0.129332	1	0.146622	13.6405	3.77327	0.0127675	19.9481	0.287676	4509	99	532	-35960.2	65.4093f	31.8488	4	1	1	0.049505	0.0594059	0.039604	0.009901	0	0	0	0	0.690909	0.922395	0.243902	0.490741	0.866962	0.009901	0.108911	9.90099e-09	1	0.10643	0.295203	0.666667	0.666667	1.5	1	1	16834.1	1e+20	3.13351e+15	79.296	13.8308	59.3404	30.5206	65.4093	31.8488	
 68000	-109634	-1332.46	-62761.9	-14047.2	0.129332	1	0.129736	15.4159	3.33872	0.0117807	19.9481	0.367434	4594	99	498	-35960.2	50.158f	27.9369	4	1	1	0.049505	0.0594059	0.039604	0.009901	0	0	0	0	0.754545	0.954148	0.25	0.485437	0.891068	0.009901	0.108911	9.90099e-09	1	0.121739	0.253012	0.666667	0.666667	1.5	1	1	16834.1	1e+20	3.13351e+15	79.296	13.8308	46.814	9.9555	50.158	27.9369	
 69000	-111386	-1332.46	-64513.4	-14282.5	0.129332	1	0.12326	16.2259	3.17205	0.0296121	19.9481	0.40706	4709	99	529	-35960.2	73.7897f	14.9568	4	1	1	0.049505	0.0594059	0.039604	0.009901	0	0	0	0	0.772727	0.96	0.285714	0.519231	0.884211	0.009901	0.0990099	9.90099e-09	1	0.129512	0.285164	0.666667	0.666667	1.5	1	1	16834.1	1e+20	3.13351e+15	79.296	13.8308	46.814	9.9555	73.7897	14.9568	
 70000	-111153	-1332.46	-64280.5	-14280.1	0.13085	1	0.12326	16.2259	3.12	0.0236548	19.8079	0.413851	4708	99	516	-35960.2	53.7286f	13.4267	4	1	1	0.049505	0.0990099	0.039604	0.009901	0	0	0	0	0.727273	0.934322	0.257447	0.514019	0.885835	0.009901	0.0990099	9.90099e-09	1	0.138004	0.304688	0.666667	0.666667	1.5	1	1	16834.1	1e+20	3.13351e+15	91.7868	27.6266	46.814	9.9555	53.7286	13.4267	
 71000	-112567	-1332.46	-65694.2	-14495.6	0.13085	1	0.127977	15.6278	3.26101	0.0443164	19.8408	0.381361	4814	99	531	-35960.2	14.7928f	10.3669	4	1	1	0.049505	0.0990099	0.019802	0.009901	0	0	0	0	0.754545	0.946392	0.285714	0.490909	0.896907	0.009901	0.0990099	9.90099e-09	1	0.109278	0.28	0.666667	0.666667	1.5	1	1	16834.1	1e+20	3.13351e+15	91.7868	27.6266	46.814	9.9555	14.7928	10.3669	
 72000	-113222	-1332.46	-66349.7	-14631	0.131571	1	0.127977	15.6278	3.27897	0.0443164	19.8408	0.379272	4881	99	523	-35960.2	14.7928f	10.3669	4	1	1	0.049505	0.0990099	0.019802	0.009901	0	0	0	0	0.754545	0.952869	0.228395	0.509259	0.888889	0.009901	0.0990099	9.90099e-09	1	0.120902	0.286807	0.666667	0.666667	1.5	1	1	16834.1	1e+20	3.13351e+15	91.7868	27.6266	46.814	9.9555	14.7928	10.3669	
 73000	-109527	-1332.46	-62654.3	-14079.3	0.131571	1	0.122587	16.3149	3.14087	0.0301715	19.8408	0.413358	4609	99	471	-35960.2	46.2761f	7.52552	4	1	1	0.049505	0.0990099	0.019802	0.009901	0	0	0	0	0.836364	0.950644	0.239741	0.554795	0.900433	0.009901	0.0990099	9.90099e-09	1	0.0932755	0.320565	0.666667	0.666667	1.5	1	1	16834.1	1e+20	3.13351e+15	91.7868	27.6266	46.814	9.9555	46.2761	7.52552	
 74000	-113595	-1332.46	-66722.9	-14682.6	0.137216	1	0.117582	17.0094	3.1419	0.0301946	19.8408	0.43081	4908	99	530	-35960.2	21.7393f	18.4295	4	1	1	0.049505	0.0990099	0.019802	0.009901	0	0	0	0	0.8	0.953157	0.28252	0.47619	0.859756	0.009901	0.0990099	9.90099e-09	1	0.1222	0.277264	0.666667	0.666667	1.5	1	1	16834.1	1e+20	3.13351e+15	91.7868	27.6266	46.814	9.9555	21.7393	18.4295	
 75000	-114815	-1332.46	-67942.6	-14834.9	0.135061	1	0.13562	14.7471	3.67386	0.0099506	19.9878	0.319428	4984	99	564	-35960.2	65.1637f	60.8662	4	1	1	0.049505	0.0990099	0.019802	0.009901	0	0	0	0	0.736364	0.933735	0.270541	0.531532	0.857143	9.90099e-09	0.0990099	9.90099e-09	1	0.110442	0.297391	0.666667	0.666667	1.5	1	1	16834.1	1e+20	3.13351e+15	91.7868	27.6266	46.814	9.9555	65.1637	60.8662	
 76000	-112206	-1332.46	-65333.2	-14454.2	0.133609	1	0.126071	15.8641	3.25913	0.0052777	19.8089	0.387351	4794	99	522	-35960.2	48.2146f	51.238	4	1	1	0.049505	0.0891089	0.019802	0.009901	0	0	0	0	0.7	0.95842	0.244259	0.46789	0.881002	9.90099e-09	0.0792079	9.90099e-09	1	0.0854167	0.318447	0.666667	0.666667	1.5	1	1	16834.1	1e+20	3.13351e+15	91.7868	27.6266	46.814	9.9555	48.2146	51.238	
 77000	-113878	-1332.46	-67005.4	-14712.7	0.135355	1	0.133683	14.9607	3.04333	0.0052777	19.127	0.391196	4923	99	546	-35960.2	48.2146f	51.238	4	1	1	0.049505	0.0891089	0.0594059	0.009901	0	0	0	0	0.781818	0.95092	0.203666	0.466667	0.855397	9.90099e-09	0.0792079	9.90099e-09	1	0.119675	0.319767	0.666667	0.666667	1.5	1	1	16834.1	1e+20	3.13351e+15	91.7868	27.6266	46.814	9.9555	48.2146	51.238	
 78000	-113417	-1332.46	-66544.2	-14615.6	0.132943	1	0.129945	15.3911	2.97849	0.0161975	19.246	0.411211	4874	99	546	-35960.2	44.9186f	22.1073	4	1	1	0.049505	0.0891089	0.0594059	0.009901	0	0	0	0	0.845455	0.940937	0.243354	0.550459	0.881633	9.90099e-09	0.0792079	9.90099e-09	1	0.0922131	0.324176	0.666667	0.666667	1.5	1	1	16834.1	1e+20	3.13351e+15	91.7868	27.6266	46.814	9.9555	44.9186	22.1073	
 79000	-113582	-1332.46	-66709.5	-14746.7	0.132943	1	0.129945	15.3911	3.07316	0.0418286	19.3971	0.398543	4939	99	506	-35960.2	22.6905f	6.48437	4	1	1	0.049505	0.0891089	0.0594059	0.009901	0	0	0	0	0.745455	0.957661	0.21371	0.514851	0.896907	9.90099e-09	0.0792079	9.90099e-09	1	0.0989899	0.320792	0.666667	0.666667	1.5	1	1	16834.1	1e+20	3.13351e+15	91.7868	27.6266	48.6668	14.5776	22.6905	6.48437	
 80000	-111863	-1332.46	-64990.9	-14441.6	0.138315	1	0.138022	14.4904	2.97005	0.00622226	18.7579	0.388245	4786	99	501	-35960.2	58.054f	45.7415	4	1	1	0.0891089	0.0891089	0.0594059	0.009901	0	0	0	0	0.745455	0.966597	0.248963	0.519608	0.897704	9.90099e-09	0.0792079	9.90099e-09	1	0.133333	0.307385	0.666667	0.666667	1.5	1	1	16834.1	1e+20	3.13351e+15	91.7868	27.6266	48.6668	14.5776	58.054	45.7415	
 81000	-114423	-1332.46	-67550.6	-14817.5	0.137634	1	0.115417	17.3284	3.08966	0.0413755	19.8347	0.446312	4976	99	531	-35960.2	69.5156f	2.4296	4	1	1	0.0891089	0.0891089	0.0594059	0.009901	0	0	0	0	0.790909	0.956	0.246493	0.565789	0.893788	9.90099e-09	0.0792079	9.90099e-09	1	0.104418	0.322004	0.666667	0.666667	1.5	1	1	16834.1	1e+20	3.13351e+15	91.7868	27.6266	48.6668	14.5776	69.5156	2.4296	
 82000	-113254	-1332.46	-66381.3	-14670.8	0.137634	1	0.115417	17.3284	2.93128	0.0216979	19.5755	0.470427	4902	99	505	-35960.2	17.2011f	59.0858	4	1	1	0.0891089	0.0891089	0.049505	0.009901	0	0	0	0	0.809091	0.953061	0.287169	0.446602	0.904277	9.90099e-09	0.0792079	9.90099e-09	1	0.10387	0.277559	0.666667	0.666667	1.5	1	1	16834.1	1e+20	3.13351e+15	91.7868	27.6266	48.6668	14.5776	17.2011	59.0858	
 83000	-116173	-1332.46	-69300.6	-15124.2	0.138186	1	0.122558	16.3188	3.12512	0.0216979	19.5755	0.415539	5131	99	532	-35960.2	17.2011f	59.0858	4	1	1	0.0891089	0.049505	0.049505	0.009901	0	0	0	0	0.745455	0.95098	0.273786	0.5	0.921569	9.90099e-09	0.0891089	9.90099e-09	1	0.116505	0.294455	0.666667	0.666667	1.5	1	1	16834.1	1e+20	3.13351e+15	80.3695	26.5546	48.6668	14.5776	17.2011	59.0858	
 84000	-118729	-1332.46	-71856.2	-15483.8	0.144498	1	0.122558	16.3188	3.26788	0.0106077	19.5755	0.397385	5318	99	578	-35960.2	37.6552f	34.6027	4	1	1	0.0891089	0.049505	0.049505	0.009901	0	0	0	0	0.772727	0.960526	0.266917	0.526786	0.87782	9.90099e-09	0.0891089	9.90099e-09	1	0.0864662	0.300178	0.666667	0.666667	1.5	1	1	16834.1	1e+20	3.13351e+15	80.3695	26.5546	48.6668	14.5776	37.6552	34.6027	
 85000	-117026	-1332.46	-70153.5	-15344.5	0.144498	1	0.113632	17.6007	2.82528	0.0404946	19.2363	0.495747	5246	99	495	-35960.2	59.9796f	0.250664	4	1	1	0.0891089	0.049505	0.049505	0.009901	0	0	0	0	0.745455	0.963602	0.284351	0.476821	0.902857	9.90099e-09	0.0891089	9.90099e-09	1	0.121905	0.309091	0.666667	0.666667	1.5	1	1	16834.1	1e+20	3.13351e+15	80.3695	26.5546	48.6668	14.5776	59.9796	0.250664	
 86000	-115663	-1332.46	-68790.2	-15137.5	0.144498	1	0.110144	18.1581	2.73856	0.0154321	19.2363	0.527639	5139	99	481	-35960.2	53.2765f	22.7256	4	1	1	0.0891089	0.049505	0.049505	0.009901	0	0	0	0	0.781818	0.962963	0.255361	0.510204	0.86965	9.90099e-09	0.0891089	9.90099e-09	1	0.0896686	0.28692	0.666667	0.666667	1.5	1	1	16834.1	1e+20	3.13351e+15	90.3648	11.9327	48.6668	14.5776	53.2765	22.7256	
 87000	-117911	-1332.46	-71038.8	-15433	0.145483	1	0.133727	14.9558	2.91407	0.0571727	18.5808	0.408414	5292	99	532	-35960.2	96.5085f	9.5904	4	1	1	0.0891089	0.049505	0.049505	0.009901	0	0	0	0	0.745455	0.951128	0.215909	0.504762	0.909091	9.90099e-09	0.0891089	9.90099e-09	1	0.122642	0.298701	0.666667	0.666667	1.5	1	1	16834.1	1e+20	3.13351e+15	83.1638	20.1097	48.6668	14.5776	96.5085	9.5904	
 88000	-116804	-1332.46	-69931.9	-15254.5	0.14189	1	0.133727	14.9558	2.56898	0.0296368	18.1173	0.463276	5199	99	529	-35960.2	76.8001f	17.1592	4	1	1	0.0891089	0.049505	0.049505	0.009901	0	0	0	0	0.809091	0.952199	0.232692	0.537736	0.868069	9.90099e-09	0.0891089	9.90099e-09	1	0.101923	0.301887	0.666667	0.666667	1.5	1	1	16834.1	1e+20	3.13351e+15	83.1638	20.1097	34.7708	16.8426	76.8001	17.1592	
 89000	-116385	-1332.46	-69512.4	-15143.2	0.14189	1	0.135814	14.726	3.15125	0.0125541	18.993	0.371871	5142	99	549	-35960.2	31.4168f	36.6447	4	1	1	0.0891089	0.108911	0.0594059	0.009901	0	0	0	0	0.836364	0.945525	0.22179	0.486726	0.894942	9.90099e-09	0.158416	9.90099e-09	1	0.0914397	0.313406	0.666667	0.666667	1.5	1	1	16834.1	1e+20	3.13351e+15	83.1638	20.1097	34.7708	16.8426	31.4168	36.6447	
 90000	-116532	-1332.46	-69659.4	-15205.2	0.143921	1	0.138464	14.4442	2.93326	0.0248048	18.4999	0.391862	5174	99	531	-35960.2	61.308f	13.7817	4	1	1	0.0891089	0.108911	0.0594059	0.009901	0	0	0	0	0.854545	0.951923	0.208812	0.547826	0.888247	9.90099e-09	0.158416	9.90099e-09	1	0.114943	0.342593	0.666667	0.666667	1.5	1	1	16834.1	1e+20	3.13351e+15	83.1638	20.1097	34.7708	16.8426	61.308	13.7817	
 91000	-116565	-1332.46	-69692.1	-15139.3	0.143921	1	0.1307	15.3023	3.36749	0.0185224	19.4278	0.361609	5140	99	562	-35960.2	36.0032f	22.2797	4	1	1	0.0891089	0.108911	0.0594059	9.90099e-09	0	0	0	0	0.754545	0.9375	0.272904	0.685185	0.879377	9.90099e-09	0.158416	9.90099e-09	1	0.108949	0.292115	0.666667	0.666667	1.5	1	1	16834.1	1e+20	3.13351e+15	83.1638	20.1097	34.7708	16.8426	36.0032	22.2797	
 92000	-117326	-1332.46	-70453.5	-15307.7	0.14508	1	0.1307	15.3023	3.20105	0.0395812	19.1448	0.380411	5227	99	543	-35960.2	32.3143f	3.3752	4	1	1	0.0891089	0.108911	0.0594059	9.90099e-09	0	0	0	0	0.736364	0.944867	0.223282	0.527273	0.874525	9.90099e-09	0.158416	9.90099e-09	1	0.137667	0.316759	0.666667	0.666667	1.5	1	1	16834.1	1e+20	3.13351e+15	72.0032	45.287	34.7708	16.8426	32.3143	3.3752	
 93000	-117944	-1332.46	-71071.4	-15383	0.147924	1	0.1307	15.3023	3.26121	0.0391744	19.141	0.373393	5266	99	563	-35960.2	12.3049f	18.1657	4	1	1	0.108911	0.108911	0.0594059	9.90099e-09	0	0	0	0	0.745455	0.935606	0.252852	0.490741	0.876894	9.90099e-09	0.158416	9.90099e-09	1	0.104364	0.32197	0.666667	0.666667	1.5	1	1	16834.1	1e+20	3.13351e+15	72.0032	45.287	34.7708	16.8426	12.3049	18.1657	
 94000	-118969	-1332.46	-72096.3	-15551.1	0.148167	1	0.12982	15.406	3.24457	0.0279998	19.141	0.377853	5354	99	568	-35960.2	15.83f	28.5544	4	1	1	0.108911	0.108911	0.118812	9.90099e-09	0	0	0	0	0.754545	0.962477	0.243948	0.5	0.889306	9.90099e-09	0.158416	9.90099e-09	1	0.100935	0.305506	0.666667	0.666667	1.5	1	1	16834.1	1e+20	3.13351e+15	72.0032	45.287	34.7708	16.8426	15.83	28.5544	
 95000	-118493	-1332.46	-71620.9	-15595.2	0.15127	1	0.121865	16.4116	3.10955	0.0354574	19.141	0.419994	5377	99	503	-35960.2	36.4816f	5.17355	4	1	1	0.108911	0.108911	0.118812	9.90099e-09	0	0	0	0	0.718182	0.945794	0.214552	0.523364	0.891791	9.90099e-09	0.158416	9.90099e-09	1	0.108209	0.27451	0.666667	0.666667	1.5	1	1	16834.1	1e+20	3.13351e+15	95.2899	54.7728	34.7708	16.8426	36.4816	5.17355	
 96000	-120151	-1332.46	-73278.9	-15808.6	0.15127	1	0.111153	17.9932	2.99863	0.0134034	19.4093	0.477503	5490	99	530	-35960.2	47.2462f	25.606	4	1	1	0.108911	0.0891089	0.118812	9.90099e-09	0	0	0	0	0.809091	0.958633	0.238182	0.47619	0.901079	9.90099e-09	0.0693069	9.90099e-09	1	0.0953237	0.329341	0.666667	0.666667	1.5	1	1	16834.1	1e+20	3.13351e+15	95.2899	54.7728	34.7708	16.8426	47.2462	25.606	
 97000	-118738	-1332.46	-71866	-15616	0.15127	1	0.111153	17.9932	2.94209	0.0396028	19.3172	0.486679	5388	99	514	-35960.2	12.7116f	17.2042	4	1	1	0.108911	0.0891089	0.118812	9.90099e-09	0	0	0	0	0.8	0.947955	0.200371	0.50495	0.897959	9.90099e-09	0.0693069	9.90099e-09	1	0.0927644	0.313131	0.666667	0.666667	1.5	1	1	16834.1	1e+20	3.13351e+15	95.2899	54.7728	34.7708	16.8426	12.7116	17.2042	
 98000	-118262	-1332.46	-71389.9	-15507.5	0.149895	1	0.126082	15.8627	3.37285	0.0302331	19.4127	0.374257	5331	99	532	-35960.2	11.5799f	66.9566	4	1	1	0.108911	0.0891089	0.118812	9.90099e-09	0	0	0	0	0.718182	0.964486	0.2603	0.462264	0.89414	9.90099e-09	0.0693069	9.90099e-09	1	0.146893	0.307551	0.666667	0.666667	1.5	1	1	16834.1	1e+20	3.13351e+15	95.2899	54.7728	1.70389	19.8531	11.5799	66.9566	
 99000	-119389	-1332.46	-72516.3	-15741	0.149895	1	0.110373	18.1204	2.75986	0.0183524	19.0879	0.522482	5454	99	507	-35960.2	22.4002f	36.8794	4	1	1	0.0792079	0.0891089	0.118812	9.90099e-09	0	0	0	0	0.854545	0.961609	0.254545	0.407767	0.895985	9.90099e-09	0.0693069	9.90099e-09	1	0.100365	0.321154	0.666667	0.666667	1.5	1	1	16834.1	1e+20	3.13351e+15	95.2899	54.7728	1.70389	19.8531	22.4002	36.8794	
100000	-119889	-1332.46	-73016.1	-15868.5	0.154477	1	0.110373	18.1204	2.95132	0.0675597	19.2651	0.488587	5522	99	481	-35960.2	1.26038f	4.17574	4	1	1	0.0792079	0.0891089	0.118812	9.90099e-09	0	0	0	0	0.745455	0.953069	0.214801	0.510067	0.892922	9.90099e-09	0.0693069	9.90099e-09	1	0.118705	0.272358	0.666667	0.666667	1.5	1	1	16834.1	1e+20	3.13351e+15	95.2899	54.7728	1.70389	19.8531	1.26038	4.17574	
101000	-119229	-1332.46	-72356.2	-15756.5	0.154477	1	0.108722	18.3955	2.90718	0.0454845	19.2651	0.503536	5462	99	480	-35960.2	1.83606f	26.4192	4	1	1	0.0792079	0.0891089	0.118812	9.90099e-09	0	0	0	0	0.772727	0.965201	0.2	0.55102	0.899267	9.90099e-09	0.0693069	9.90099e-09	1	0.108257	0.303226	0.666667	0.666667	1.5	1	1	16834.1	1e+20	3.13351e+15	95.2899	54.7728	1.70389	19.8531	1.83606	26.4192	
102000	-118356	-1332.46	-71483.8	-15555	0.149807	1	0.11133	17.9646	2.88694	0.0259805	19.2651	0.495188	5356	99	505	-35960.2	20.6687f	24.9492	4	1	1	0.0792079	0.0891089	0.0891089	9.90099e-09	0	0	0	0	0.763636	0.946197	0.236499	0.480263	0.89777	9.90099e-09	0.19802	9.90099e-09	1	0.103896	0.268627	0.666667	0.666667	1.5	1	1	16834.1	1e+20	3.13351e+15	95.2899	54.7728	1.70389	19.8531	20.6687	24.9492	
103000	-118554	-1332.46	-71682	-15591	0.149807	1	0.11133	17.9646	3.09929	0.0552846	19.61	0.461261	5375	99	505	-35960.2	12.0333f	3.53009	4	1	1	0.0792079	0.0891089	0.0891089	9.90099e-09	0	0	0	0	0.736364	0.942379	0.242537	0.557047	0.907579	9.90099e-09	0.19802	9.90099e-09	1	0.126394	0.317907	0.666667	0.666667	1.5	1	1	16834.1	1e+20	3.13351e+15	95.2899	54.7728	20.5226	24.3296	12.0333	3.53009	
104000	-119903	-1332.46	-73030.8	-15814.3	0.151139	1	0.11133	17.9646	2.74168	0.0161322	18.976	0.521424	5493	99	509	-35960.2	22.9938f	43.5481	4	1	1	0.0792079	0.0891089	0.0891089	9.90099e-09	0	0	0	0	0.772727	0.967213	0.213115	0.567308	0.894545	9.90099e-09	0.19802	9.90099e-09	1	0.121818	0.356589	0.666667	0.666667	1.5	1	1	16834.1	1e+20	3.13351e+15	95.2899	54.7728	20.5226	24.3296	22.9938	43.5481	
105000	-118341	-1332.46	-71468.4	-15625.3	0.151041	1	0.11133	17.9646	2.92895	0.0281495	19.2952	0.488085	5393	99	467	-35960.2	20.635f	22.0151	4	1	1	0.0792079	0.0891089	0.0891089	9.90099e-09	0	0	0	0	0.763636	0.959484	0.225926	0.588235	0.889503	9.90099e-09	0.19802	9.90099e-09	1	0.0740741	0.287755	0.666667	0.666667	1.5	1	1	16834.1	1e+20	3.13351e+15	89.2208	42.9543	23.0586	20.7111	20.635	22.0151	
106000	-119311	-1332.46	-72438.4	-15681.7	0.147164	1	0.118266	16.911	2.93751	0.0145984	19.1438	0.458121	5422	99	525	-35960.2	24.6425f	53.6414	4	1	1	0.0594059	0.0891089	0.0891089	9.90099e-09	0	0	0	0	0.7	0.965009	0.244936	0.461538	0.891144	9.90099e-09	0.19802	9.90099e-09	1	0.101289	0.30888	0.666667	0.666667	1.5	1	1	16834.1	1e+20	3.13351e+15	89.2208	42.9543	23.0586	20.7111	24.6425	53.6414	
107000	-116720	-1332.46	-69847.7	-15287	0.147164	1	0.109857	18.2054	2.58502	0.0385266	18.8867	0.560438	5216	99	498	-35960.2	24.2389f	8.30537	4	1	1	0.0594059	0.0891089	0.0891089	9.90099e-09	0	0	0	0	0.790909	0.95229	0.249042	0.528846	0.89272	9.90099e-09	0.19802	9.90099e-09	1	0.10325	0.284232	0.666667	0.666667	1.5	1	1	16834.1	1e+20	3.13351e+15	89.2208	42.9543	23.0586	20.7111	24.2389	8.30537	
108000	-118369	-1332.46	-71496.3	-15568.4	0.150552	1	0.109857	18.2054	3.30759	0.0302193	19.9731	0.438005	5363	99	493	-35960.2	41.5187f	8.2203	4	1	1	0.0594059	0.049505	0.148515	9.90099e-09	0	0	0	0	0.772727	0.953704	0.251852	0.633333	0.883333	9.90099e-09	0.0792079	9.90099e-09	1	0.0962963	0.25355	0.666667	0.666667	1.5	1	1	16834.1	1e+20	3.13351e+15	89.2208	42.9543	23.0586	20.7111	41.5187	8.2203	
109000	-117853	-1332.46	-70980.2	-15464.3	0.150552	1	0.107395	18.6228	3.24183	0.0168297	19.9861	0.457135	5308	99	499	-35960.2	27.327f	67.2368	4	1	1	0.0594059	0.049505	0.148515	9.90099e-09	0	0	0	0	0.772727	0.943396	0.265537	0.544554	0.885122	9.90099e-09	0.0792079	9.90099e-09	1	0.131827	0.266272	0.666667	0.666667	1.5	1	1	16834.1	1e+20	3.13351e+15	89.2208	42.9543	23.0586	20.7111	27.327	67.2368	
110000	-119852	-1332.46	-72979.9	-15678.3	0.150552	1	0.12029	16.6264	3.63108	0.0168297	19.9861	0.364379	5421	99	572	-35960.2	27.327f	67.2368	4	1	1	0.0594059	0.049505	0.148515	9.90099e-09	0	0	0	0	0.745455	0.96679	0.226519	0.474138	0.851577	9.90099e-09	0.0792079	9.90099e-09	1	0.12523	0.302245	0.666667	0.666667	1.5	1	1	16834.1	1e+20	3.13351e+15	89.2208	42.9543	23.0586	20.7111	27.327	67.2368	
111000	-118508	-1332.46	-71636	-15438.8	0.149207	1	0.11639	17.1836	3.48196	0.0388887	19.9861	0.392718	5295	99	575	-35960.2	29.9695f	4.91085	4	1	1	0.0594059	0.049505	0.148515	9.90099e-09	0	0	0	0	0.8	0.962193	0.256604	0.580357	0.865784	9.90099e-09	0.0792079	9.90099e-09	1	0.101887	0.277087	0.666667	0.666667	1.5	1	1	16834.1	1e+20	3.13351e+15	87.3222	43.6452	23.0586	20.7111	29.9695	4.91085	
112000	-115364	-1332.46	-68491.7	-15061.2	0.141644	1	0.11639	17.1836	3.30546	0.0344992	19.9861	0.413687	5100	99	488	-35960.2	11.8404f	24.7424	4	1	1	0.0693069	0.049505	0.148515	9.90099e-09	0	0	0	0	0.790909	0.974609	0.286275	0.54902	0.892368	9.90099e-09	0.0792079	9.90099e-09	1	0.0923379	0.311195	0.666667	0.666667	1.5	1	1	16834.1	1e+20	3.13351e+15	87.3222	43.6452	23.0586	20.7111	11.8404	24.7424	
113000	-115576	-1332.46	-68704	-15024	0.141644	1	0.11639	17.1836	3.08913	0.0242208	19.6507	0.442658	5081	99	525	-35960.2	15.0932f	38.5487	4	1	1	0.0693069	0.049505	0.148515	9.90099e-09	0	0	0	0	0.727273	0.94664	0.277559	0.529412	0.883858	9.90099e-09	0.0792079	9.90099e-09	1	0.106931	0.3	0.666667	0.666667	1.5	1	1	16834.1	1e+20	3.13351e+15	87.3222	43.6452	34.8549	24.1843	15.0932	38.5487	
114000	-116166	-1332.46	-69293.4	-15131.7	0.141142	1	0.11639	17.1836	3.2583	0.00673046	19.9321	0.419675	5136	99	524	-35960.2	40.749f	54.0642	4	1	1	0.0693069	0.049505	0.148515	9.90099e-09	0	0	0	0	0.772727	0.959144	0.268482	0.555556	0.862136	9.90099e-09	0.0792079	9.90099e-09	1	0.0972763	0.296642	0.666667	0.666667	1.5	1	1	16834.1	1e+20	3.13351e+15	87.3222	43.6452	29.5678	47.2469	40.749	54.0642	
115000	-115235	-1332.46	-68362.9	-14971.2	0.141142	1	0.11639	17.1836	3.2583	0.00618198	19.9321	0.419675	5054	99	525	-35960.2	43.8607f	55.163	4	1	1	0.0693069	0.029703	0.029703	9.90099e-09	0	0	0	0	0.781818	0.940594	0.285149	0.539216	0.876228	9.90099e-09	0.118812	9.90099e-09	1	0.126733	0.313765	0.666667	0.666667	1.5	1	1	16834.1	1e+20	3.13351e+15	87.3222	43.6452	29.5678	47.2469	43.8607	55.163	
116000	-115509	-1332.46	-68636.9	-15082.7	0.142445	1	0.113588	17.6076	3.08988	0.00755734	19.7441	0.45347	5111	99	496	-35960.2	56.1289f	61.4585	4	1	1	0.0693069	0.029703	0.029703	9.90099e-09	0	0	0	0	0.809091	0.951456	0.210832	0.445205	0.891473	9.90099e-09	0.118812	9.90099e-09	1	0.0932039	0.280242	0.666667	0.666667	1.5	1	1	16834.1	1e+20	3.13351e+15	87.3222	43.6452	29.5678	47.2469	56.1289	61.4585	
117000	-115990	-1332.46	-69117.7	-15087.6	0.139281	1	0.113588	17.6076	3.02125	0.0332541	19.7441	0.46377	5113	99	534	-35960.2	9.021f	67.307	4	1	1	0.0693069	0.029703	0.029703	9.90099e-09	0	0	0	0	0.781818	0.959144	0.193359	0.559633	0.88716	9.90099e-09	0.118812	9.90099e-09	1	0.103516	0.297398	0.666667	0.666667	1.5	1	1	16834.1	1e+20	3.13351e+15	82.3613	75.2186	45.9136	39.8942	9.021	67.307	
118000	-116868	-1332.46	-69995.9	-15237.5	0.139281	1	0.113588	17.6076	3.02125	0.0332541	19.7441	0.46377	5189	99	530	-35960.2	9.021f	67.307	4	1	1	0.0693069	0.029703	0.029703	9.90099e-09	0	0	0	0	0.709091	0.95183	0.279923	0.509434	0.876686	9.90099e-09	0.118812	9.90099e-09	1	0.127168	0.269811	0.666667	0.666667	1.5	1	1	16834.1	1e+20	3.13351e+15	82.3613	75.2186	45.9136	39.8942	9.021	67.307	
119000	-115598	-1332.46	-68725.1	-15040.3	0.139281	1	0.115648	17.2939	3.07605	0.0185805	19.7441	0.447395	5089	99	521	-35960.2	46.2207f	18.9574	4	1	1	0.0693069	0.029703	0.029703	9.90099e-09	0	0	0	0	0.709091	0.952569	0.255906	0.582524	0.897638	9.90099e-09	0.118812	9.90099e-09	1	0.149312	0.301923	0.666667	0.666667	1.5	1	1	16834.1	1e+20	3.13351e+15	82.3613	75.2186	45.9136	39.8942	46.2207	18.9574	
120000	-116540	-1332.46	-69667.2	-15211	0.143884	1	0.123032	16.2559	3.38061	0.00992187	19.7441	0.382655	5177	99	517	-35960.2	68.2754f	54.2364	4	1	1	0.039604	0.029703	0.029703	9.90099e-09	0	0	0	0	0.7	0.957529	0.245648	0.504854	0.903922	9.90099e-09	0.178218	9.90099e-09	1	0.119923	0.308	0.666667	0.666667	1.5	1	1	16834.1	1e+20	3.13351e+15	82.3613	75.2186	45.9136	39.8942	68.2754	54.2364	
121000	-118396	-1332.46	-71523.7	-15454.4	0.145125	1	0.118905	16.8202	3.29538	0.0065185	19.7441	0.406176	5303	99	557	-35960.2	53.903f	58.8714	4	1	1	0.039604	0.049505	0.029703	9.90099e-09	0	0	0	0	0.836364	0.969639	0.25947	0.527778	0.884688	9.90099e-09	0.178218	9.90099e-09	1	0.107955	0.305302	0.666667	0.666667	1.5	1	1	16834.1	1e+20	3.13351e+15	61.4358	14.4081	45.9136	39.8942	53.903	58.8714	
122000	-117073	-1332.46	-70200.4	-15398.5	0.148485	1	0.110376	18.1198	3.12984	0.0309581	19.7441	0.460705	5274	99	471	-35960.2	79.5038f	81.4263	4	1	1	0.039604	0.049505	0.009901	9.90099e-09	0	0	0	0	0.8	0.94717	0.267552	0.547945	0.902299	9.90099e-09	0.178218	9.90099e-09	1	0.114068	0.336694	0.666667	0.666667	1.5	1	1	16834.1	1e+20	3.13351e+15	61.4358	14.4081	45.9136	39.8942	79.5038	81.4263	
123000	-118727	-1332.46	-71854.1	-15558.9	0.150428	1	0.111538	17.931	3.20418	0.0086877	19.7441	0.445326	5358	99	536	-35960.2	53.7088f	34.1963	4	1	1	0.039604	0.049505	0.009901	9.90099e-09	0	0	0	0	0.7	0.975791	0.23694	0.504854	0.889925	9.90099e-09	0.178218	9.90099e-09	1	0.110075	0.294235	0.666667	0.666667	1.5	1	1	16834.1	1e+20	3.13351e+15	85.5966	7.6343	45.9136	39.8942	53.7088	34.1963	
124000	-117164	-1332.46	-70291.4	-15256.4	0.147309	1	0.127362	15.7033	3.58289	0.0221123	19.7441	0.348776	5200	99	551	-35960.2	18.42f	35.6918	4	1	1	0.039604	0.049505	0.009901	9.90099e-09	0	0	0	0	0.809091	0.947876	0.256654	0.468468	0.904398	9.90099e-09	0.178218	9.90099e-09	1	0.104762	0.291743	0.666667	0.666667	1.5	1	1	16834.1	1e+20	3.13351e+15	85.5966	7.6343	45.9136	39.8942	18.42	35.6918	
125000	-117744	-1332.46	-70871.7	-15419.2	0.147558	1	0.119824	16.6912	2.99851	0.0154496	19.1667	0.442967	5285	99	521	-35960.2	24.4215f	57.7939	4	1	1	0.039604	0.049505	0.009901	9.90099e-09	0	0	0	0	0.763636	0.943396	0.244361	0.621622	0.87782	9.90099e-09	0.178218	9.90099e-09	1	0.0869565	0.294659	0.666667	0.666667	1.5	1	1	16834.1	1e+20	3.13351e+15	85.5966	7.6343	45.9136	39.8942	24.4215	57.7939	
126000	-116551	-1332.46	-69678.1	-15292.4	0.146459	1	0.113529	17.6167	3.09252	0.00685975	19.6142	0.453317	5219	99	484	-35960.2	40.8929f	55.2809	4	1	1	0.039604	0.049505	0.009901	9.90099e-09	0	0	0	0	0.827273	0.965385	0.239006	0.510204	0.889524	9.90099e-09	0.178218	9.90099e-09	1	0.0903846	0.299389	0.666667	0.666667	1.5	1	1	16834.1	1e+20	3.13351e+15	85.5966	7.6343	45.9136	39.8942	40.8929	55.2809	
127000	-117673	-1332.46	-70800.1	-15442.2	0.147496	1	0.126532	15.8062	3.00811	0.0095474	18.9245	0.418143	5297	99	506	-35960.2	50.8229f	32.0072	4	1	1	0.0792079	0.118812	0.009901	9.90099e-09	0	0	0	0	0.8	0.950664	0.208729	0.441176	0.888046	9.90099e-09	0.158416	9.90099e-09	1	0.107547	0.327138	0.666667	0.666667	1.5	1	1	16834.1	1e+20	3.13351e+15	96.1473	18.5652	45.9136	39.8942	50.8229	32.0072	
128000	-119546	-1332.46	-72673.6	-15671.2	0.152634	1	0.116403	17.1818	3.26522	0.038046	19.5556	0.418741	5417	99	551	-35960.2	35.2237f	3.52445	4	1	1	0.0792079	0.118812	0.049505	9.90099e-09	0	0	0	0	0.727273	0.964945	0.226766	0.514286	0.890538	9.90099e-09	0.158416	9.90099e-09	1	0.111524	0.324675	0.666667	0.666667	1.5	1	1	16834.1	1e+20	3.13351e+15	96.1473	18.5652	45.9136	39.8942	35.2237	3.52445	
129000	-120615	-1332.46	-73742.2	-15892.8	0.153369	1	0.11494	17.4003	3.23973	0.00791932	19.5556	0.427404	5535	99	529	-35960.2	36.5113f	51.9247	4	1	1	0.0792079	0.118812	0.049505	9.90099e-09	0	0	0	0	0.781818	0.965827	0.244123	0.605505	0.886894	9.90099e-09	0.158416	9.90099e-09	1	0.103074	0.308411	0.666667	0.666667	1.5	1	1	16834.1	1e+20	3.13351e+15	96.1473	18.5652	30.4764	41.5639	36.5113	51.9247	
130000	-121357	-1332.46	-74484.5	-15994.1	0.150905	1	0.113348	17.6447	3.2015	0.0172531	19.6452	0.438583	5588	99	541	-35960.2	22.0802f	57.9606	4	1	1	0.0792079	0.118812	0.049505	9.90099e-09	0	0	0	0	0.690909	0.962567	0.21223	0.559633	0.887299	9.90099e-09	0.158416	9.90099e-09	1	0.103757	0.315044	0.666667	0.666667	1.5	1	1	16834.1	1e+20	3.13351e+15	96.1473	18.5652	30.4764	41.5639	22.0802	57.9606	
131000	-122335	-1332.46	-75462.7	-16160.5	0.158852	1	0.123608	16.1801	3.43135	0.0141074	19.311	0.375238	5679	99	534	-35960.2	29.8249f	34.8946	4	1	1	0.0792079	0.118812	0.049505	9.90099e-09	0	0	0	0	0.818182	0.957821	0.220848	0.518519	0.881206	9.90099e-09	0.158416	9.90099e-09	1	0.0904255	0.282486	0.666667	0.666667	1.5	1	1	16834.1	1e+20	3.13351e+15	80.6321	13.7818	66.4838	53.9207	29.8249	34.8946	
132000	-120616	-1332.46	-73743.1	-15819.7	0.153175	1	0.123864	16.1467	3.31556	0.0371891	19.311	0.38754	5496	99	567	-35960.2	40.0312f	2.87	4	1	1	0.0792079	0.118812	0.049505	9.90099e-09	0	0	0	0	0.727273	0.951439	0.208711	0.495496	0.899461	9.90099e-09	0.158416	9.90099e-09	1	0.103636	0.276408	0.666667	0.666667	1.5	1	1	16834.1	1e+20	3.13351e+15	61.3654	7.64587	19.5599	38.0805	40.0312	2.87	
133000	-120228	-1332.46	-73355.6	-15787.8	0.151496	1	0.123864	16.1467	2.82653	0.0272513	18.6069	0.454591	5479	99	549	-35960.2	15.0548f	31.2807	4	1	1	0.0792079	0.0990099	0.049505	9.90099e-09	0	0	0	0	0.745455	0.952641	0.213504	0.584071	0.877737	9.90099e-09	0.118812	9.90099e-09	1	0.112933	0.327869	0.666667	0.666667	1.5	1	1	16834.1	1e+20	3.13351e+15	84.2189	44.7587	19.5599	38.0805	15.0548	31.2807	
134000	-121991	-1332.46	-75118.6	-16026.5	0.150712	1	0.123864	16.1467	2.81191	0.0240034	18.6069	0.456955	5605	99	583	-35960.2	35.339f	16.1401	4	1	1	0.0792079	0.0990099	0.039604	9.90099e-09	0	0	0	0	0.781818	0.950089	0.234767	0.537736	0.885397	9.90099e-09	0.118812	9.90099e-09	1	0.116279	0.311195	0.666667	0.666667	1.5	1	1	16834.1	1e+20	3.13351e+15	84.2189	44.7587	19.5599	38.0805	35.339	16.1401	
135000	-121853	-1332.46	-74980.3	-16016.1	0.15454	1	0.126512	15.8088	3.01015	0.0267777	18.709	0.417927	5601	99	578	-35960.2	17.7302f	27.6351	4	1	1	0.0792079	0.0990099	0.039604	9.90099e-09	0	0	0	0	0.745455	0.949821	0.240642	0.456897	0.864528	0.009901	0.118812	9.90099e-09	1	0.0926916	0.311419	0.666667	0.666667	1.5	1	1	16834.1	1e+20	3.13351e+15	84.2189	44.7587	10.5862	11.0336	17.7302	27.6351	
136000	-121055	-1332.46	-74182	-15924.6	0.15454	1	0.130559	15.3188	3.28237	0.0378937	18.9685	0.371387	5552	99	553	-35960.2	22.9916f	9.68354	4	1	1	0.0792079	0.0990099	0.039604	9.90099e-09	0	0	0	0	0.709091	0.963964	0.227027	0.504587	0.865699	0.009901	0.118812	9.90099e-09	1	0.111712	0.328996	0.666667	0.666667	1.5	1	1	16834.1	1e+20	3.13351e+15	84.2189	44.7587	10.5862	11.0336	22.9916	9.68354	
137000	-122255	-1332.46	-75382.9	-16058.9	0.154681	1	0.12008	16.6556	3.02167	0.0538366	18.9685	0.438635	5624	99	589	-35960.2	1.19186f	16.8471	4	1	1	0.0792079	0.0990099	0.039604	0.019802	0	0	0	0	0.809091	0.975221	0.22695	0.470085	0.894643	0.009901	0.118812	9.90099e-09	1	0.109929	0.333901	0.666667	0.666667	1.5	1	1	16834.1	1e+20	3.13351e+15	84.2189	44.7587	10.5862	11.0336	1.19186	16.8471	
138000	-121080	-1332.46	-74207.2	-15930.2	0.154681	1	0.120178	16.642	3.12296	0.0689007	19.1216	0.424061	5555	99	553	-35960.2	1.21196f	3.18011	4	1	1	0.049505	0.0990099	0.039604	0.019802	0	0	0	0	0.754545	0.96036	0.26259	0.495652	0.874558	0.009901	0.118812	9.90099e-09	1	0.0899281	0.285205	0.666667	0.666667	1.5	1	1	16834.1	1e+20	3.13351e+15	84.2189	44.7587	10.5862	11.0336	1.21196	3.18011	
139000	-122133	-1332.46	-75260.4	-16040.3	0.154681	1	0.120178	16.642	3.52435	0.047504	19.7084	0.375765	5614	99	585	-35960.2	3.99465f	19.8366	4	1	1	0.049505	0.0990099	0.039604	0.019802	0	0	0	0	0.690909	0.975177	0.257549	0.631579	0.904255	0.009901	0.118812	9.90099e-09	1	0.11032	0.289286	0.666667	0.666667	1.5	1	1	16834.1	1e+20	3.13351e+15	84.2189	44.7587	10.5862	11.0336	3.99465	19.8366	
140000	-121870	-1332.46	-74997.6	-16090.7	0.154681	1	0.129763	15.4128	3.18454	0.0611007	18.8501	0.385144	5641	99	540	-35960.2	8.2426f	2.31979	4	1	1	0.049505	0.0693069	0.0693069	0.019802	0	0	0	0	0.8	0.959364	0.241135	0.528846	0.902309	0.009901	0.118812	9.90099e-09	1	0.102655	0.292593	0.666667	0.666667	1.5	1	1	16834.1	1e+20	3.13351e+15	12.7451	2.15291	10.5862	11.0336	8.2426	2.31979	
141000	-124056	-1332.46	-77184	-16479.5	0.160361	1	0.113664	17.5958	2.8919	0.0572078	18.8501	0.484189	5853	99	519	-35960.2	12.8214f	1.4331	4	1	1	0.049505	0.0693069	0.0693069	0.019802	0	0	0	0	0.718182	0.944923	0.224525	0.543689	0.904014	0.009901	0.0693069	9.90099e-09	1	0.12116	0.270633	0.666667	0.666667	1.5	1	1	16834.1	1e+20	3.13351e+15	84.2189	44.7587	10.5862	11.0336	12.8214	1.4331	
142000	-122954	-1332.46	-76081.5	-16372	0.163252	1	0.105538	18.9505	2.73356	0.0294647	18.8501	0.551671	5794	99	483	-35960.2	8.58192f	50.1589	4	1	1	0.049505	0.0693069	0.0693069	0.019802	0	0	0	0	0.781818	0.953368	0.255613	0.568627	0.8981	0.009901	0.0693069	9.90099e-09	1	0.107081	0.302658	0.666667	0.666667	1.5	1	1	16834.1	1e+20	3.13351e+15	84.2189	44.7587	23.8328	19.7761	8.58192	50.1589	
143000	-123074	-1332.46	-76201.4	-16326.5	0.162975	1	0.120575	16.5872	2.91238	0.0517172	18.5317	0.453228	5769	99	524	-35960.2	3.98909f	15.144	4	1	1	0.039604	0.0693069	0.0693069	0.019802	0	0	0	0	0.790909	0.960276	0.198618	0.485437	0.88488	0.009901	0.0693069	9.90099e-09	1	0.124783	0.327138	0.666667	0.666667	1.5	1	1	16834.1	1e+20	3.13351e+15	84.2189	44.7587	23.8328	19.7761	3.98909	15.144	
144000	-126035	-1332.46	-79162.9	-16745.8	0.16585	1	0.120575	16.5872	3.02197	0.0179663	18.622	0.436792	6001	99	556	-35960.2	51.2002f	19.4099	4	1	1	0.039604	0.0693069	0.0693069	0.019802	0	0	0	0	0.754545	0.949917	0.257525	0.571429	0.901173	0.009901	0.0693069	9.90099e-09	1	0.08	0.348921	0.666667	0.666667	1.5	1	1	16834.1	1e+20	3.13351e+15	84.2189	44.7587	23.8328	19.7761	51.2002	19.4099	
145000	-126440	-1332.46	-79568	-16841	0.165889	1	0.115899	17.2564	2.79373	0.0501053	18.4404	0.491535	6054	99	543	-35960.2	9.64126f	10.0727	4	1	1	0.039604	0.0693069	0.0693069	0.019802	0	0	0	0	0.8	0.953642	0.245033	0.574074	0.90894	0.009901	0.0693069	9.90099e-09	1	0.119205	0.324578	0.666667	0.666667	1.5	1	1	16834.1	1e+20	3.13351e+15	84.2189	44.7587	23.8328	19.7761	9.64126	10.0727	
146000	-129225	-1332.46	-82352.7	-17198.7	0.173611	1	0.126066	15.8647	3.18027	0.022409	18.4404	0.39697	6257	99	586	-35960.2	15.2759f	47.0017	4	1	1	0.039604	0.0990099	0.029703	9.90099e-09	0	0	0	0	0.690909	0.963259	0.233227	0.522124	0.912	0.009901	0.0693069	9.90099e-09	1	0.102236	0.323024	0.666667	0.666667	1.5	1	1	16834.1	1e+20	3.13351e+15	84.2189	44.7587	24.4019	50.3002	15.2759	47.0017	
147000	-128264	-1332.46	-81391.1	-17128.6	0.172369	1	0.113716	17.5876	2.84819	0.00869928	18.4404	0.491392	6217	99	546	-35960.2	39.8606f	37.782	4	1	1	0.039604	0.0990099	0.029703	9.90099e-09	0	0	0	0	0.781818	0.9568	0.1888	0.530973	0.934084	9.90099e-09	0.0693069	9.90099e-09	1	0.088	0.35348	0.666667	0.666667	1.5	1	1	16834.1	1e+20	3.13351e+15	84.2189	44.7587	73.3816	71.7961	39.8606	37.782	
148000	-127289	-1332.46	-80416.6	-16918.9	0.1679	1	0.131645	15.1924	2.80938	0.0101993	17.8335	0.430334	6098	99	576	-35960.2	51.9418f	30.7896	4	1	1	0.039604	0.0990099	0.029703	9.90099e-09	0	0	0	0	0.672727	0.96072	0.222951	0.466102	0.881188	9.90099e-09	0.178218	9.90099e-09	1	0.096563	0.295455	0.666667	0.666667	1.5	1	1	16834.1	1e+20	3.13351e+15	84.2189	44.7587	65.0491	45.9358	51.9418	30.7896	
149000	-127347	-1332.46	-80474.8	-16991.3	0.169934	1	0.13024	15.3562	2.78709	0.0127737	17.7922	0.438453	6139	99	542	-35960.2	69.4847f	63.1652	4	1	1	0.0891089	0.0990099	0.029703	9.90099e-09	0	0	0	0	0.809091	0.95114	0.222772	0.45283	0.876645	9.90099e-09	0.178218	9.90099e-09	1	0.0944625	0.375	0.666667	0.666667	1.5	1	1	16834.1	1e+20	3.13351e+15	55.4625	28.8258	65.0491	45.9358	69.4847	63.1652	
150000	-127893	-1332.46	-81020.3	-17024.9	0.170321	1	0.128633	15.5481	3.24445	0.0139164	18.528	0.381353	6158	99	569	-35960.2	54.2815f	74.4799	4	1	1	0.0891089	0.0990099	0.029703	9.90099e-09	0	0	0	0	0.818182	0.95106	0.24513	0.452174	0.883117	9.90099e-09	0.178218	9.90099e-09	1	0.127451	0.285714	0.666667	0.666667	1.5	1	1	16834.1	1e+20	3.13351e+15	73.7907	34.5668	65.0491	45.9358	54.2815	74.4799	
151000	-129470	-1332.46	-82597.4	-17247.6	0.174933	1	0.121355	16.4806	3.06451	0.0405253	18.4101	0.427959	6285	99	580	-35960.2	95.0853f	26.429	4	1	1	0.0891089	0.0990099	0.0792079	9.90099e-09	0	0	0	0	0.827273	0.958665	0.225755	0.568966	0.92823	9.90099e-09	0.178218	9.90099e-09	1	0.109698	0.331551	0.666667	0.666667	1.5	1	1	16834.1	1e+20	3.13351e+15	73.7907	34.5668	65.0491	45.9358	95.0853	26.429	
152000	-127471	-1332.46	-80598.9	-17007.7	0.175742	1	0.121355	16.4806	3.07868	0.0117258	18.4101	0.42599	6147	99	540	-35960.2	53.1406f	28.2042	4	1	1	0.0891089	0.0990099	0.0792079	9.90099e-09	0	0	0	0	0.672727	0.96072	0.203226	0.539823	0.895935	9.90099e-09	0.178218	9.90099e-09	1	0.0900164	0.303704	0.666667	0.666667	1.5	1	1	16834.1	1e+20	3.13351e+15	73.7907	34.5668	65.0491	45.9358	53.1406	28.2042	
153000	-128642	-1332.46	-81769.8	-17086.7	0.170783	1	0.121355	16.4806	3.1378	0.0206111	18.6307	0.417963	6193	99	598	-35960.2	80.8287f	63.2145	4	1	1	0.0891089	0.0693069	0.0792079	9.90099e-09	0	0	0	0	0.781818	0.961415	0.251613	0.536585	0.872581	9.90099e-09	0.178218	9.90099e-09	1	0.122581	0.32247	0.666667	0.666667	1.5	1	1	16834.1	1e+20	3.13351e+15	73.7907	34.5668	65.0491	45.9358	80.8287	63.2145	
154000	-129114	-1332.46	-82241.6	-17165.8	0.171581	1	0.129167	15.4838	3.3554	0.0160026	18.6307	0.367217	6238	99	595	-35960.2	72.3718f	32.5689	4	1	1	0.0891089	0.0693069	0.0792079	9.90099e-09	0	0	0	0	0.754545	0.961415	0.228155	0.454545	0.874598	9.90099e-09	0.178218	9.90099e-09	1	0.131833	0.329094	0.666667	0.666667	1.5	1	1	16834.1	1e+20	3.13351e+15	73.7907	34.5668	65.0491	45.9358	72.3718	32.5689	
155000	-126349	-1332.46	-79476.6	-16771.2	0.169402	1	0.114935	17.4012	3.36832	0.0107904	19.2623	0.411109	6015	99	562	-35960.2	68.2935f	58.7884	4	1	1	0.0990099	0.0693069	0.0792079	9.90099e-09	0	0	0	0	0.727273	0.955372	0.254967	0.573913	0.890523	9.90099e-09	0.0693069	9.90099e-09	1	0.0910596	0.323894	0.666667	0.666667	1.5	1	1	16834.1	1e+20	3.13351e+15	73.7907	34.5668	65.0491	45.9358	68.2935	58.7884	
156000	-128505	-1332.46	-81632.9	-17034	0.169402	1	0.115872	17.2605	3.28531	0.00625532	19.1037	0.418087	6163	99	609	-35960.2	52.721f	58.1917	4	1	1	0.0990099	0.0693069	0.0792079	9.90099e-09	0	0	0	0	0.8	0.957655	0.256494	0.545455	0.866232	9.90099e-09	0.0693069	9.90099e-09	1	0.102107	0.335008	0.666667	0.666667	1.5	1	1	16834.1	1e+20	3.13351e+15	73.7907	34.5668	65.0491	45.9358	52.721	58.1917	
157000	-125787	-1332.46	-78914.4	-16730.8	0.170046	1	0.116395	17.1828	3.04672	0.0337146	18.7081	0.4488	5992	99	545	-35960.2	84.0335f	19.4079	4	1	1	0.0990099	0.0693069	0.0792079	9.90099e-09	0	0	0	0	0.8	0.948419	0.206323	0.436364	0.881667	9.90099e-09	0.0693069	9.90099e-09	1	0.114809	0.308958	0.666667	0.666667	1.5	1	1	16834.1	1e+20	3.13351e+15	79.9322	52.9364	65.0491	45.9358	84.0335	19.4079	
158000	-126645	-1332.46	-79772.8	-16868.9	0.168015	1	0.109011	18.3468	2.2872	0.0260457	17.7549	0.638329	6070	99	543	-35960.2	62.0911f	86.6439	4	1	1	0.0990099	0.0792079	0.0693069	0.009901	0	0	0	0	0.772727	0.965574	0.211823	0.518868	0.887974	9.90099e-09	0.0693069	9.90099e-09	1	0.0904605	0.342541	0.666667	0.666667	1.5	1	1	16834.1	1e+20	3.13351e+15	79.9322	52.9364	65.0491	45.9358	62.0911	86.6439	
159000	-127558	-1332.46	-80685.5	-17070.6	0.172126	1	0.102991	19.4192	2.22673	0.0200723	17.7809	0.693989	6184	99	514	-35960.2	60.4732f	18.5947	4	1	1	0.0990099	0.0792079	0.0693069	0.009901	0	0	0	0	0.745455	0.959416	0.217532	0.38835	0.89644	9.90099e-09	0.0693069	9.90099e-09	1	0.0810373	0.342412	0.666667	0.666667	1.5	1	1	16834.1	1e+20	3.13351e+15	79.9322	52.9364	65.0491	45.9358	60.4732	18.5947	
160000	-128903	-1332.46	-82030.8	-17262.1	0.172698	1	0.0987309	20.2571	2.63291	0.0297697	18.7228	0.612254	6293	99	519	-35960.2	82.0045f	77.4299	4	1	1	0.0990099	0.0792079	0.0693069	0.009901	0	0	0	0	0.809091	0.968203	0.203175	0.53271	0.89065	9.90099e-09	0.0693069	9.90099e-09	1	0.0746032	0.305882	0.666667	0.666667	1.5	1	1	16834.1	1e+20	3.13351e+15	79.9322	52.9364	65.0491	45.9358	82.0045	77.4299	
161000	-128068	-1332.46	-81195.7	-17077.7	0.17248	1	0.0987309	20.2571	2.71439	0.0320538	18.872	0.593875	6188	99	543	-35960.2	53.9813f	93.536	4	1	1	0.0990099	0.0792079	0.0693069	0.009901	0	0	0	0	0.790909	0.959677	0.247573	0.361111	0.902244	9.90099e-09	0.0693069	9.90099e-09	1	0.105008	0.287546	0.666667	0.666667	1.5	1	1	16834.1	1e+20	3.13351e+15	79.9322	52.9364	65.0491	45.9358	53.9813	93.536	
162000	-129969	-1332.46	-83096.2	-17346.6	0.17248	1	0.0988665	20.2293	2.80255	0.0123772	19.0169	0.574404	6341	99	566	-35960.2	67.1563f	34.3668	4	1	1	0.0594059	0.0792079	0.0693069	0.009901	0	0	0	0	0.772727	0.96875	0.253145	0.53913	0.892913	9.90099e-09	0.0693069	9.90099e-09	1	0.11478	0.318339	0.666667	0.666667	1.5	1	1	16834.1	1e+20	3.13351e+15	79.9322	52.9364	60.7339	48.6838	67.1563	34.3668	
163000	-128616	-1332.46	-81743.2	-17172.4	0.173537	1	0.0988665	20.2293	2.81974	0.0110352	19.0169	0.570903	6242	99	547	-35960.2	63.0842f	33.6164	4	1	1	0.0594059	0.0792079	0.0693069	0.009901	0	0	0	0	0.7	0.963141	0.264753	0.54955	0.919614	9.90099e-09	0.0693069	9.90099e-09	1	0.0848	0.309259	0.666667	0.666667	1.5	1	1	16834.1	1e+20	3.13351e+15	77.0709	26.6998	60.7339	48.6838	63.0842	33.6164	
164000	-129906	-1332.46	-83033.7	-17345.5	0.174203	1	0.0993385	20.1332	2.98013	0.00564007	19.2404	0.537609	6341	99	558	-35960.2	53.7704f	54.3536	4	1	1	0.0594059	0.049505	0.0693069	0.009901	0	0	0	0	0.790909	0.965517	0.259843	0.587156	0.897638	9.90099e-09	0.0693069	9.90099e-09	1	0.089172	0.288679	0.666667	0.666667	1.5	1	1	16834.1	1e+20	3.13351e+15	77.9572	27.3935	60.7339	48.6838	53.7704	54.3536	
165000	-130212	-1332.46	-83339.1	-17321	0.174203	1	0.12821	15.5994	3.84628	0.019322	19.2404	0.322743	6327	99	601	-35960.2	24.1634f	67.8936	4	1	1	0.0594059	0.049505	0.0693069	0.009901	0	0	0	0	0.754545	0.963665	0.229921	0.52	0.907524	9.90099e-09	0.0693069	9.90099e-09	1	0.0947867	0.323151	0.666667	0.666667	1.5	1	1	16834.1	1e+20	3.13351e+15	77.9572	27.3935	60.7339	48.6838	24.1634	67.8936	
166000	-132205	-1332.46	-85332.2	-17495.4	0.178849	1	0.12821	15.5994	3.94885	0.019322	19.2404	0.31436	6428	99	682	-35960.2	24.1634f	67.8936	4	1	1	0.0594059	0.049505	0.0792079	0.009901	0	0	0	0	0.772727	0.95814	0.223602	0.422222	0.855814	9.90099e-09	0.0693069	9.90099e-09	1	0.108865	0.322933	0.666667	0.666667	1.5	1	1	16834.1	1e+20	3.13351e+15	77.9572	27.3935	60.7339	48.6838	24.1634	67.8936	
167000	-130638	-1332.46	-83765.6	-17385.4	0.179193	1	0.12821	15.5994	3.94505	0.0180037	19.2265	0.314663	6364	99	604	-35960.2	25.2728f	66.819	4	1	1	0.0594059	0.049505	0.0792079	0.009901	0	0	0	0	0.645455	0.954617	0.238619	0.468254	0.904239	9.90099e-09	0.0693069	9.90099e-09	1	0.101106	0.298887	0.666667	0.666667	1.5	1	1	16834.1	1e+20	3.13351e+15	77.9572	27.3935	60.7339	48.6838	25.2728	66.819	
168000	-133655	-1332.46	-86782.6	-17796.1	0.184387	1	0.12821	15.5994	3.6059	0.00673197	18.6654	0.344258	6604	99	641	-35960.2	52.1104f	39.3052	4	1	1	0.0792079	0.049505	0.0792079	0.009901	0	0	0	0	0.772727	0.959029	0.220877	0.51145	0.886536	9.90099e-09	0.0990099	9.90099e-09	1	0.102874	0.3376	0.666667	0.666667	1.5	1	1	16834.1	1e+20	3.13351e+15	77.9572	27.3935	60.7339	48.6838	52.1104	39.3052	
169000	-134485	-1332.46	-87612.4	-17917.8	0.184387	1	0.12821	15.5994	3.79421	0.0305554	18.9045	0.327172	6676	99	643	-35960.2	54.0309f	7.1601	4	1	1	0.0792079	0.049505	0.0792079	9.90099e-09	0	0	0	0	0.654545	0.951952	0.23609	0.5625	0.884211	9.90099e-09	0.0990099	9.90099e-09	1	0.121622	0.286159	0.666667	0.666667	1.5	1	1	16834.1	1e+20	3.13351e+15	77.9572	27.3935	60.7339	48.6838	54.0309	7.1601	
170000	-132382	-1332.46	-85510	-17656.5	0.185427	1	0.112834	17.7251	3.35803	0.0191802	18.9045	0.420044	6521	99	603	-35960.2	82.0745f	48.4252	4	1	1	0.0792079	0.049505	0.0792079	9.90099e-09	0	0	0	0	0.754545	0.945038	0.247706	0.539683	0.876147	9.90099e-09	0.0990099	9.90099e-09	1	0.116208	0.310631	0.666667	0.666667	1.5	1	1	16834.1	1e+20	3.13351e+15	77.9572	27.3935	60.7339	48.6838	82.0745	48.4252	
171000	-133980	-1332.46	-87107.3	-17929.5	0.185427	1	0.112834	17.7251	3.35803	0.00809578	18.9045	0.420044	6683	99	590	-35960.2	64.7873f	48.3859	4	1	1	0.0792079	0.0594059	0.0792079	9.90099e-09	0	0	0	0	0.7	0.966767	0.219219	0.547826	0.895613	9.90099e-09	0.0990099	9.90099e-09	1	0.0870871	0.305085	0.666667	0.666667	1.5	1	1	16834.1	1e+20	3.13351e+15	77.9572	27.3935	60.7339	48.6838	64.7873	48.3859	
172000	-135075	-1332.46	-88202.4	-18072.5	0.185923	1	0.112834	17.7251	3.20769	0.0142932	18.6768	0.439731	6768	99	607	-35960.2	75.8306f	52.394	4	1	1	0.0792079	0.0594059	0.029703	9.90099e-09	0	0	0	0	0.690909	0.961708	0.249629	0.54386	0.914925	9.90099e-09	0.0990099	9.90099e-09	1	0.0933333	0.327842	0.666667	0.666667	1.5	1	1	16834.1	1e+20	3.13351e+15	77.9572	27.3935	60.7339	48.6838	75.8306	52.394	
173000	-133324	-1332.46	-86451.6	-17806.6	0.185923	1	0.119205	16.7778	3.52329	0.010224	18.8594	0.378945	6610	99	606	-35960.2	32.4979f	43.1456	4	1	1	0.0792079	0.0594059	0.029703	9.90099e-09	0	0	0	0	0.763636	0.945783	0.228571	0.465116	0.900302	9.90099e-09	0.148515	9.90099e-09	1	0.13253	0.3125	0.666667	0.666667	1.5	1	1	16834.1	1e+20	3.13351e+15	77.9572	27.3935	60.7339	48.6838	32.4979	43.1456	
174000	-135228	-1332.46	-88355.5	-18048.6	0.18714	1	0.111327	17.9651	3.17581	0.00899811	18.6625	0.450158	6754	99	637	-35960.2	59.6371f	63.4573	4	1	1	0.0792079	0.0594059	0.029703	9.90099e-09	0	0	0	0	0.781818	0.951952	0.242152	0.483333	0.880775	9.90099e-09	0.148515	9.90099e-09	1	0.0946746	0.307568	0.666667	0.666667	1.5	1	1	16834.1	1e+20	3.13351e+15	77.9572	27.3935	50.4059	77.0606	59.6371	63.4573	
175000	-134224	-1332.46	-87351.1	-17993.3	0.18714	1	0.10167	19.6716	3.09678	0.0351891	18.9708	0.505498	6721	99	574	-35960.2	80.0658f	85.4487	4	1	1	0.029703	0.0594059	0.029703	9.90099e-09	0	0	0	0	0.727273	0.959881	0.244411	0.517241	0.890045	9.90099e-09	0.148515	9.90099e-09	1	0.0861813	0.321181	0.666667	0.666667	1.5	1	1	16834.1	1e+20	3.13351e+15	77.9572	27.3935	85.4076	75.5709	80.0658	85.4487	
176000	-133572	-1332.46	-86699.9	-17922.9	0.18714	1	0.115742	17.2798	3.25163	0.0300672	18.5912	0.422889	6679	99	558	-35960.2	89.3242f	66.2279	4	1	1	0.029703	0.0594059	0.029703	9.90099e-09	0	0	0	0	0.8	0.962631	0.224551	0.482456	0.893713	9.90099e-09	0.148515	9.90099e-09	1	0.121076	0.339755	0.666667	0.666667	1.5	1	1	16834.1	1e+20	3.13351e+15	77.9572	27.3935	85.4076	75.5709	89.3242	66.2279	
177000	-136462	-1332.46	-89589.2	-18218.5	0.191969	1	0.107752	18.5611	3.60299	0.0607031	19.2952	0.40995	6856	99	641	-35960.2	95.8042f	93.642	4	1	1	0.029703	0.049505	0.029703	0.009901	0	0	0	0	0.745455	0.937681	0.251089	0.488372	0.898551	9.90099e-09	0.148515	9.90099e-09	1	0.102041	0.3264	0.666667	0.666667	1.5	1	1	16834.1	1e+20	3.13351e+15	77.9572	27.3935	85.4076	75.5709	95.8042	93.642	
178000	-135855	-1332.46	-88982.6	-18231.7	0.191969	1	0.10423	19.1884	3.3665	0.0221218	19.1287	0.453575	6864	99	578	-35960.2	81.1657f	66.1552	4	1	1	0.029703	0.049505	0.049505	0.009901	0	0	0	0	0.763636	0.96793	0.230205	0.560345	0.90393	9.90099e-09	0.148515	9.90099e-09	1	0.0800582	0.313458	0.666667	0.666667	1.5	1	1	16834.1	1e+20	3.13351e+15	86.5104	45.1169	85.4076	75.5709	81.1657	66.1552	
179000	-135448	-1332.46	-88575.2	-18223.3	0.190567	1	0.104877	19.07	2.9866	0.0114857	18.5699	0.508117	6859	99	552	-35960.2	70.166f	57.569	4	1	1	0.029703	0.049505	0.049505	0.009901	0	0	0	0	0.763636	0.962044	0.254015	0.563636	0.905248	9.90099e-09	0.148515	9.90099e-09	1	0.0932945	0.319853	0.666667	0.666667	1.5	1	1	16834.1	1e+20	3.13351e+15	86.5104	45.1169	85.4076	75.5709	70.166	57.569	
180000	-133882	-1332.46	-87009.6	-17957.9	0.190237	1	0.104877	19.07	2.97663	0.0315716	18.5624	0.509818	6699	99	573	-35960.2	59.5747f	92.305	4	1	1	0.029703	0.049505	0.049505	0.009901	0	0	0	0	0.745455	0.952167	0.279522	0.486726	0.920896	9.90099e-09	0.0891089	9.90099e-09	1	0.106129	0.332756	0.666667	0.666667	1.5	1	1	16834.1	1e+20	3.13351e+15	86.5104	45.1169	85.4076	75.5709	59.5747	92.305	
181000	-132114	-1332.46	-85241.9	-17735	0.183285	1	0.104877	19.07	2.86786	0.0350095	18.5624	0.529156	6568	99	540	-35960.2	88.102f	76.585	4	1	1	0.029703	0.049505	0.049505	0.009901	0	0	0	0	0.736364	0.97561	0.234043	0.623932	0.908676	9.90099e-09	0.0891089	9.90099e-09	1	0.0913242	0.308108	0.666667	0.666667	1.5	1	1	16834.1	1e+20	3.13351e+15	89.6219	38.3901	85.4076	75.5709	88.102	76.585	
182000	-130926	-1332.46	-84054	-17459.2	0.178489	1	0.121242	16.4959	3.37916	0.0389343	18.7751	0.38847	6407	99	591	-35960.2	72.994f	93.4912	4	1	1	0.0594059	0.049505	0.049505	0.009901	0	0	0	0	0.727273	0.957944	0.219969	0.533333	0.904984	9.90099e-09	0.0891089	9.90099e-09	1	0.104524	0.322091	0.666667	0.666667	1.5	1	1	16834.1	1e+20	3.13351e+15	89.6219	38.3901	85.4076	75.5709	72.994	93.4912	
183000	-130965	-1332.46	-84092.1	-17435.1	0.178239	1	0.121242	16.4959	3.42572	0.030298	18.8461	0.383191	6393	99	610	-35960.2	77.4304f	82.497	4	1	1	0.0594059	0.0792079	0.049505	0.009901	0	0	0	0	0.763636	0.946875	0.212168	0.631148	0.904688	9.90099e-09	0.0891089	9.90099e-09	1	0.114063	0.303657	0.666667	0.666667	1.5	1	1	16834.1	1e+20	3.13351e+15	89.6219	38.3901	85.4076	75.5709	77.4304	82.497	
184000	-132086	-1332.46	-85213.7	-17684	0.182814	1	0.121242	16.4959	3.19864	0.0497077	18.4087	0.410394	6538	99	563	-35960.2	99.8065f	77.2624	4	1	1	0.0594059	0.0792079	0.0693069	0.009901	0	0	0	0	0.772727	0.947853	0.203675	0.547619	0.895706	9.90099e-09	0.0891089	9.90099e-09	1	0.087156	0.287162	0.666667	0.666667	1.5	1	1	16834.1	1e+20	3.13351e+15	73.7073	43.32	85.4076	75.5709	99.8065	77.2624	
185000	-132660	-1332.46	-85788	-17692.5	0.182955	1	0.121242	16.4959	3.20109	0.00672513	18.4087	0.41008	6543	99	618	-35960.2	60.768f	51.4375	4	1	1	0.0594059	0.0792079	0.0693069	0.009901	0	0	0	0	0.790909	0.961598	0.229938	0.465517	0.899691	9.90099e-09	0.108911	9.90099e-09	1	0.110599	0.31877	0.666667	0.666667	1.5	1	1	16834.1	1e+20	3.13351e+15	73.7073	43.32	28.3618	44.5248	60.768	51.4375	
186000	-133737	-1332.46	-86864.5	-17916.8	0.182739	1	0.121242	16.4959	3.19732	0.00917519	18.4087	0.410564	6675	99	582	-35960.2	46.6622f	33.1842	4	1	1	0.0594059	0.0792079	0.0693069	9.90099e-09	0	0	0	0	0.745455	0.959581	0.255224	0.467213	0.907046	9.90099e-09	0.108911	9.90099e-09	1	0.0973054	0.305281	0.666667	0.666667	1.5	1	1	16834.1	1e+20	3.13351e+15	73.7073	43.32	28.3618	44.5248	46.6622	33.1842	
187000	-134613	-1332.46	-87740.3	-18029.4	0.182358	1	0.121242	16.4959	3.27901	0.0312016	18.5348	0.400335	6741	99	590	-35960.2	7.11195f	50.0177	4	1	1	0.118812	0.0792079	0.0693069	9.90099e-09	0	0	0	0	0.8	0.967407	0.234328	0.578512	0.902695	9.90099e-09	0.108911	9.90099e-09	1	0.0933333	0.32047	0.666667	0.666667	1.5	1	1	16834.1	1e+20	3.13351e+15	73.7073	43.32	28.3618	44.5248	7.11195	50.0177	
188000	-134329	-1332.46	-87456.8	-17970.7	0.183399	1	0.125584	15.9256	3.41581	0.0131256	18.5348	0.371016	6707	99	596	-35960.2	44.3711f	72.8604	4	1	1	0.118812	0.0792079	0.0693069	9.90099e-09	0	0	0	0	0.8	0.952167	0.266369	0.508929	0.899701	9.90099e-09	0.108911	9.90099e-09	1	0.0808383	0.344948	0.666667	0.666667	1.5	1	1	16834.1	1e+20	3.13351e+15	78.1721	57.7213	28.3618	44.5248	44.3711	72.8604	
189000	-133396	-1332.46	-86523.2	-17791	0.183399	1	0.131593	15.1984	3.16595	0.0336361	17.9749	0.382017	6601	99	627	-35960.2	6.74532f	61.694	4	1	1	0.118812	0.0792079	0.0693069	9.90099e-09	0	0	0	0	0.681818	0.944024	0.215686	0.424	0.880121	9.90099e-09	0.108911	9.90099e-09	1	0.107413	0.317188	0.666667	0.666667	1.5	1	1	16834.1	1e+20	3.13351e+15	78.1721	57.7213	28.3618	44.5248	6.74532	61.694	
190000	-133307	-1332.46	-86434.3	-17774.6	0.185796	1	0.134207	14.9024	3.16166	0.0112588	17.8227	0.375086	6591	99	633	-35960.2	38.2856f	32.6617	4	1	1	0.118812	0.029703	0.0594059	9.90099e-09	0	0	0	0	0.781818	0.953101	0.231003	0.465116	0.890411	9.90099e-09	0.108911	9.90099e-09	1	0.0925645	0.369668	0.666667	0.666667	1.5	1	1	16834.1	1e+20	3.13351e+15	78.1721	57.7213	28.3618	44.5248	38.2856	32.6617	
191000	-134320	-1332.46	-87447.7	-17860.3	0.184462	1	0.136164	14.6882	3.16227	0.0223921	17.7912	0.369623	6642	99	668	-35960.2	16.5738f	59.4994	4	1	1	0.118812	0.029703	0.0594059	9.90099e-09	0	0	0	0	0.672727	0.956522	0.241018	0.411765	0.896396	9.90099e-09	0.108911	9.90099e-09	1	0.112444	0.350299	0.666667	0.666667	1.5	1	1	16834.1	1e+20	3.13351e+15	78.1721	57.7213	28.3618	44.5248	16.5738	59.4994	
192000	-135005	-1332.46	-88132.6	-17958.4	0.184462	1	0.136164	14.6882	3.16227	0.0109429	17.7912	0.369623	6700	99	674	-35960.2	30.6486f	54.765	4	1	1	0.118812	0.029703	0.0594059	9.90099e-09	0	0	0	0	0.763636	0.946188	0.196746	0.538462	0.899408	9.90099e-09	0.0891089	9.90099e-09	1	0.121481	0.332344	0.666667	0.666667	1.5	1	1	16834.1	1e+20	3.13351e+15	78.1721	57.7213	28.3618	44.5248	30.6486	54.765	
193000	-134663	-1332.46	-87790.6	-17929.7	0.184412	1	0.135019	14.8128	4.02215	0.0334572	18.935	0.293068	6683	99	655	-35960.2	5.8364f	42.6279	4	1	1	0.118812	0.029703	0.0594059	9.90099e-09	0	0	0	0	0.709091	0.962349	0.217066	0.472441	0.899248	9.90099e-09	0.0891089	9.90099e-09	1	0.127246	0.322481	0.666667	0.666667	1.5	1	1	16834.1	1e+20	3.13351e+15	78.1721	57.7213	28.3618	44.5248	5.8364	42.6279	
194000	-135313	-1332.46	-88441	-17943	0.185385	1	0.135124	14.8012	3.9769	0.0136674	18.8531	0.29617	6691	99	705	-35960.2	27.8388f	39.5903	4	1	1	0.039604	0.029703	0.0594059	9.90099e-09	0	0	0	0	0.790909	0.961194	0.239163	0.527778	0.877612	9.90099e-09	0.0891089	9.90099e-09	1	0.114925	0.346535	0.666667	0.666667	1.5	1	1	16834.1	1e+20	3.13351e+15	29.1688	22.1891	28.3618	44.5248	27.8388	39.5903	
195000	-134345	-1332.46	-87472.4	-17852	0.185385	1	0.128251	15.5944	3.77461	0.0164733	18.8531	0.328766	6637	99	669	-35960.2	21.8734f	49.5138	4	1	1	0.039604	0.029703	0.0594059	9.90099e-09	0	0	0	0	0.754545	0.942771	0.224398	0.492537	0.868976	9.90099e-09	0.0891089	9.90099e-09	1	0.10994	0.303951	0.666667	0.666667	1.5	1	1	16834.1	1e+20	3.13351e+15	53.3781	13.2791	28.3618	44.5248	21.8734	49.5138	
196000	-135196	-1332.46	-88323.2	-18028.2	0.181822	1	0.114339	17.4919	3.30049	0.0155931	18.8531	0.421742	6740	99	644	-35960.2	63.5054f	25.7156	4	1	1	0.039604	0.0693069	0.049505	9.90099e-09	0	0	0	0	0.754545	0.961595	0.260355	0.507813	0.887574	9.90099e-09	0.0891089	9.90099e-09	1	0.098966	0.309148	0.666667	0.666667	1.5	1	1	16834.1	1e+20	3.13351e+15	71.0543	16.6402	22.7991	46.9555	63.5054	25.7156	
197000	-133670	-1332.46	-86797.6	-17867.3	0.189187	1	0.114339	17.4919	3.03411	0.0156103	18.2782	0.458769	6645	99	604	-35960.2	24.1325f	57.5726	4	1	1	0.039604	0.0693069	0.049505	0.009901	0	0	0	0	0.790909	0.960902	0.233083	0.512195	0.904335	9.90099e-09	0.0891089	9.90099e-09	1	0.114286	0.329508	0.666667	0.666667	1.5	1	1	16834.1	1e+20	3.13351e+15	71.0543	16.6402	53.2727	4.18075	24.1325	57.5726	
198000	-135775	-1332.46	-88902.9	-18150.3	0.189187	1	0.114339	17.4919	3.03411	0.0273703	18.2782	0.458769	6815	99	617	-35960.2	43.6269f	10.3474	4	1	1	0.039604	0.0693069	0.049505	0.009901	0	0	0	0	0.7	0.966325	0.237537	0.421875	0.901471	9.90099e-09	0.0891089	9.90099e-09	1	0.102639	0.312804	0.666667	0.666667	1.5	1	1	16834.1	1e+20	3.13351e+15	71.0543	16.6402	53.2727	4.18075	43.6269	10.3474	
199000	-134719	-1332.46	-87846	-18008.8	0.189187	1	0.112501	17.7776	3.52891	0.0230744	19.0588	0.400887	6730	99	606	-35960.2	56.3586f	14.3522	4	1	1	0.039604	0.0693069	0.049505	0.009901	0	0	0	0	0.7	0.963127	0.247788	0.504	0.865782	9.90099e-09	0.0792079	9.90099e-09	1	0.0973451	0.325733	0.666667	0.666667	1.5	1	1	16834.1	1e+20	3.13351e+15	71.0543	16.6402	53.2727	4.18075	56.3586	14.3522	
200000	-134294	-1332.46	-87421.7	-17953	0.185676	1	0.12174	16.4284	3.33023	0.033775	18.5041	0.392564	6697	99	608	-35960.2	73.5671f	88.689	4	1	1	0.049505	0.0693069	0.049505	0.009901	0	0	0	0	0.781818	0.962687	0.231798	0.547619	0.894345	9.90099e-09	0.0792079	9.90099e-09	1	0.0985075	0.322259	0.666667	0.666667	1.5	1	1	16834.1	1e+20	3.13351e+15	73.9866	4.70371	56.9615	27.9824	73.5671	88.689	
201000	-133798	-1332.46	-86925.8	-17836.2	0.189764	1	0.127024	15.7451	3.55126	0.0250217	18.5041	0.352819	6626	99	631	-35960.2	60.5959f	13.3575	4	1	1	0.049505	0.0693069	0.049505	0.009901	0	0	0	0	0.809091	0.956456	0.232733	0.503704	0.886878	9.90099e-09	0.0792079	9.90099e-09	1	0.108597	0.33121	0.666667	0.666667	1.5	1	1	16834.1	1e+20	3.13351e+15	21.694	65.92	56.9615	27.9824	60.5959	13.3575	
202000	-132172	-1332.46	-85299.4	-17624.2	0.179815	1	0.126211	15.8465	3.25894	0.00712142	18.3859	0.386942	6503	99	616	-35960.2	60.2502f	56.1985	4	1	1	0.049505	0.049505	0.049505	0.009901	0	0	0	0	0.772727	0.955521	0.213846	0.466667	0.872504	9.90099e-09	0.0792079	9.90099e-09	1	0.105828	0.308081	0.666667	0.666667	1.5	1	1	16834.1	1e+20	3.13351e+15	54.9911	58.4122	72.0339	28.9341	60.2502	56.1985	
203000	-132307	-1332.46	-85434.3	-17651.7	0.179815	1	0.126211	15.8465	3.25894	0.0286895	18.3859	0.386942	6519	99	607	-35960.2	81.6109f	22.9868	4	1	1	0.049505	0.049505	0.0594059	0.009901	0	0	0	0	0.790909	0.94487	0.246933	0.468254	0.886677	9.90099e-09	0.0792079	9.90099e-09	1	0.113497	0.332253	0.666667	0.666667	1.5	1	1	16834.1	1e+20	3.13351e+15	54.9911	58.4122	73.685	14.1049	81.6109	22.9868	
204000	-131495	-1332.46	-84622.7	-17567.9	0.181799	1	0.11956	16.728	3.12127	0.0122711	18.3859	0.426483	6470	99	587	-35960.2	45.2061f	27.7395	4	1	1	0.049505	0.049505	0.0594059	0.009901	0	0	0	0	0.818182	0.948758	0.225657	0.596491	0.888199	9.90099e-09	0.0891089	9.90099e-09	1	0.109737	0.347902	0.666667	0.666667	1.5	1	1	16834.1	1e+20	3.13351e+15	54.9911	58.4122	88.1145	17.2958	45.2061	27.7395	
205000	-133124	-1332.46	-86251.9	-17752.2	0.181389	1	0.122303	16.3528	3.18568	0.035043	18.3859	0.408489	6578	99	623	-35960.2	65.3166f	5.85537	4	1	1	0.049505	0.049505	0.0594059	9.90099e-09	0	0	0	0	0.672727	0.957382	0.252664	0.455285	0.890411	9.90099e-09	0.0891089	9.90099e-09	1	0.0911854	0.314721	0.666667	0.666667	1.5	1	1	16834.1	1e+20	3.13351e+15	54.9911	58.4122	88.1145	17.2958	65.3166	5.85537	
206000	-133045	-1332.46	-86172.7	-17759	0.181389	1	0.122556	16.319	3.19227	0.00671893	18.3859	0.406804	6582	99	608	-35960.2	54.5655f	40.0783	4	1	1	0.049505	0.049505	0.0594059	9.90099e-09	0	0	0	0	0.754545	0.963581	0.245455	0.475806	0.856061	9.90099e-09	0.0891089	9.90099e-09	1	0.113464	0.341424	0.666667	0.666667	1.5	1	1	16834.1	1e+20	3.13351e+15	97.005	72.844	88.1145	17.2958	54.5655	40.0783	
207000	-131939	-1332.46	-85066.8	-17596.8	0.181389	1	0.122556	16.319	3.19227	0.046221	18.3859	0.406804	6487	99	605	-35960.2	87.8082f	10.3517	4	1	1	0.0693069	0.049505	0.0594059	9.90099e-09	0	0	0	0	0.718182	0.96467	0.22188	0.520661	0.895223	9.90099e-09	0.0891089	9.90099e-09	1	0.100154	0.381667	0.666667	0.666667	1.5	1	1	16834.1	1e+20	3.13351e+15	97.005	72.844	88.1145	17.2958	87.8082	10.3517	
208000	-132434	-1332.46	-85562	-17609.5	0.185611	1	0.126789	15.7743	3.33855	0.013063	18.3301	0.375995	6493	99	641	-35960.2	68.7941f	34.641	4	1	1	0.0693069	0.049505	0.0594059	9.90099e-09	0	0	0	0	0.690909	0.934251	0.256923	0.546154	0.906154	9.90099e-09	0.0891089	9.90099e-09	1	0.106154	0.30781	0.666667	0.666667	1.5	1	1	16834.1	1e+20	3.13351e+15	91.1882	46.5029	88.1145	17.2958	68.7941	34.641	
209000	-131691	-1332.46	-84818.6	-17676	0.179031	1	0.113856	17.5661	2.89172	0.0106899	18.3301	0.483403	6533	99	534	-35960.2	57.4283f	31.1107	4	1	1	0.0693069	0.0792079	0.009901	9.90099e-09	0	0	0	0	0.781818	0.963134	0.201835	0.504274	0.912844	9.90099e-09	0.0891089	9.90099e-09	1	0.0814132	0.302239	0.666667	0.666667	1.5	1	1	16834.1	1e+20	3.13351e+15	91.1882	46.5029	87.6124	21.9583	57.4283	31.1107	
210000	-130607	-1332.46	-83734.5	-17469.6	0.179031	1	0.110899	18.0344	2.81662	0.0307851	18.3301	0.509523	6413	99	555	-35960.2	93.0658f	45.4125	4	1	1	0.0693069	0.0792079	0.009901	9.90099e-09	0	0	0	0	0.727273	0.954829	0.212168	0.544643	0.901869	9.90099e-09	0.158416	9.90099e-09	1	0.107813	0.313514	0.666667	0.666667	1.5	1	1	16834.1	1e+20	3.13351e+15	91.1882	46.5029	87.6124	21.9583	93.0658	45.4125	
211000	-130989	-1332.46	-84116.9	-17464.5	0.179313	1	0.110899	18.0344	3.03966	0.0339395	18.6754	0.472137	6410	99	589	-35960.2	83.8363f	18.9266	4	1	1	0.0693069	0.0792079	0.009901	9.90099e-09	0	0	0	0	0.709091	0.957614	0.258216	0.508333	0.875389	9.90099e-09	0.158416	9.90099e-09	1	0.120501	0.303957	0.666667	0.666667	1.5	1	1	16834.1	1e+20	3.13351e+15	88.4343	69.5024	87.6124	21.9583	83.8363	18.9266	
212000	-133220	-1332.46	-86347.5	-17739.5	0.179313	1	0.124131	16.1121	3.40233	0.0203359	18.6754	0.376847	6570	99	630	-35960.2	79.4122f	34.0208	4	1	1	0.0693069	0.0792079	0.009901	9.90099e-09	0	0	0	0	0.845455	0.967939	0.251908	0.448819	0.895137	9.90099e-09	0.158416	9.90099e-09	1	0.100304	0.310789	0.666667	0.666667	1.5	1	1	16834.1	1e+20	3.13351e+15	88.4343	69.5024	91.4924	31.5387	79.4122	34.0208	
213000	-133991	-1332.46	-87118.2	-17850.2	0.18426	1	0.125948	15.8795	3.45644	0.0125669	18.5545	0.365594	6636	99	639	-35960.2	72.8522f	44.6462	4	1	1	0.0792079	0.0792079	0.009901	9.90099e-09	0	0	0	0	0.809091	0.956259	0.228916	0.503876	0.885542	9.90099e-09	0.158416	9.90099e-09	1	0.105422	0.310236	0.666667	0.666667	1.5	1	1	16834.1	1e+20	3.13351e+15	88.4343	69.5024	62.4922	30.3025	72.8522	44.6462	
214000	-134748	-1332.46	-87875.4	-17903.8	0.181845	1	0.132135	15.136	3.57869	0.0137994	18.5545	0.336572	6667	99	671	-35960.2	58.7615f	26.2824	4	1	1	0.0792079	0.0792079	0.019802	9.90099e-09	0	0	0	0	0.709091	0.971557	0.218891	0.536232	0.887725	9.90099e-09	0.158416	9.90099e-09	1	0.0974513	0.295224	0.666667	0.666667	1.5	1	1	16834.1	1e+20	3.13351e+15	88.4343	69.5024	62.4922	30.3025	58.7615	26.2824	
215000	-132839	-1332.46	-85966.8	-17758.7	0.182745	1	0.115091	17.3775	3.50226	0.00611247	19.0793	0.394848	6582	99	587	-35960.2	58.121f	52.3519	4	1	1	0.0792079	0.108911	0.019802	9.90099e-09	0	0	0	0	0.681818	0.974203	0.23217	0.595041	0.908953	9.90099e-09	0.158416	9.90099e-09	1	0.091047	0.335088	0.666667	0.666667	1.5	1	1	16834.1	1e+20	3.13351e+15	88.4343	69.5024	62.4922	30.3025	58.121	52.3519	
216000	-134333	-1332.46	-87460.9	-17896.3	0.18752	1	0.116221	17.2085	3.95216	0.00552261	19.4905	0.346497	6663	99	641	-35960.2	55.3259f	49.6455	4	1	1	0.0792079	0.108911	0.019802	9.90099e-09	0	0	0	0	0.736364	0.947605	0.224888	0.539683	0.87292	9.90099e-09	0.158416	9.90099e-09	1	0.101949	0.342636	0.666667	0.666667	1.5	1	1	16834.1	1e+20	3.13351e+15	88.4343	69.5024	62.4922	30.3025	55.3259	49.6455	
217000	-134107	-1332.46	-87234.2	-17990	0.18752	1	0.116221	17.2085	3.17099	0.0227928	18.4465	0.431856	6719	99	565	-35960.2	74.4695f	75.9116	4	1	1	0.0792079	0.108911	0.019802	9.90099e-09	0	0	0	0	0.727273	0.967311	0.221397	0.5	0.894502	9.90099e-09	0.108911	9.90099e-09	1	0.0950966	0.311504	0.666667	0.666667	1.5	1	1	16834.1	1e+20	3.13351e+15	88.4343	69.5024	62.4922	30.3025	74.4695	75.9116	
218000	-134879	-1332.46	-88006.6	-18088.7	0.18752	1	0.118771	16.8391	2.90721	0.018296	17.9526	0.460929	6778	99	585	-35960.2	36.4714f	22.3352	4	1	1	0.0792079	0.108911	0.019802	9.90099e-09	0	0	0	0	0.763636	0.948378	0.212703	0.525424	0.903846	9.90099e-09	0.108911	9.90099e-09	1	0.106195	0.327022	0.666667	0.666667	1.5	1	1	16834.1	1e+20	3.13351e+15	80.655	32.953	53.6958	42.9075	36.4714	22.3352	
219000	-134792	-1332.46	-87919.5	-18117.2	0.18752	1	0.111985	17.8596	2.7411	0.00661016	17.9526	0.518486	6795	99	557	-35960.2	50.4696f	59.8596	4	1	1	0.0792079	0.108911	0.019802	9.90099e-09	0	0	0	0	0.7	0.969343	0.222222	0.605042	0.916176	9.90099e-09	0.108911	9.90099e-09	1	0.104412	0.335727	0.666667	0.666667	1.5	1	1	16834.1	1e+20	3.13351e+15	80.655	32.953	53.6958	42.9075	50.4696	59.8596	
220000	-133072	-1332.46	-86199.6	-17926.7	0.183375	1	0.103304	19.3603	2.60481	0.00549546	18.1877	0.591462	6681	99	517	-35960.2	46.9061f	46.4656	4	1	1	0.049505	0.108911	0.049505	9.90099e-09	0	0	0	0	0.827273	0.959581	0.2526	0.5	0.912202	9.90099e-09	0.108911	9.90099e-09	1	0.077266	0.340111	0.666667	0.666667	1.5	1	1	16834.1	1e+20	3.13351e+15	80.655	32.953	54.4857	70.4507	46.9061	46.4656	
221000	-132319	-1332.46	-85446.2	-17721.4	0.182887	1	0.10202	19.604	2.4557	0.0296418	17.9897	0.635272	6560	99	573	-35960.2	46.0562f	91.4428	4	1	1	0.049505	0.108911	0.049505	9.90099e-09	0	0	0	0	0.763636	0.969466	0.240854	0.546296	0.914671	9.90099e-09	0.108911	9.90099e-09	1	0.0946565	0.311475	0.666667	0.666667	1.5	1	1	16834.1	1e+20	3.13351e+15	80.655	32.953	54.4857	70.4507	46.0562	91.4428	
222000	-135165	-1332.46	-88292.2	-18165.3	0.190136	1	0.113276	17.656	2.93907	0.0165804	18.1531	0.478049	6824	99	561	-35960.2	37.6071f	75.3529	4	1	1	0.049505	0.108911	0.049505	9.90099e-09	0	0	0	0	0.8	0.960526	0.219619	0.469565	0.89635	9.90099e-09	0.108911	9.90099e-09	1	0.0983847	0.340037	0.666667	0.666667	1.5	1	1	16834.1	1e+20	3.13351e+15	80.655	32.953	54.4857	70.4507	37.6071	75.3529	
223000	-137587	-1332.46	-90714.8	-18479.5	0.191636	1	0.113276	17.656	2.9868	0.010423	18.1905	0.47041	7014	99	592	-35960.2	44.5795f	68.2548	4	1	1	0.049505	0.108911	0.049505	9.90099e-09	0	0	0	0	0.781818	0.968616	0.239658	0.453782	0.891738	0.009901	0.0792079	9.90099e-09	1	0.0729614	0.32899	0.666667	0.666667	1.5	1	1	16834.1	1e+20	3.13351e+15	80.655	32.953	54.4857	70.4507	44.5795	68.2548	
224000	-137152	-1332.46	-90279.7	-18362	0.193624	1	0.110943	18.0273	3.31701	0.012219	18.7228	0.432489	6943	99	623	-35960.2	50.2691f	72.22	4	1	1	0.049505	0.108911	0.049505	9.90099e-09	0	0	0	0	0.736364	0.958571	0.206304	0.540323	0.916547	0.009901	0.0792079	9.90099e-09	1	0.0877698	0.317355	0.666667	0.666667	1.5	1	1	16834.1	1e+20	3.13351e+15	80.655	32.953	54.4857	70.4507	50.2691	72.22	
225000	-136904	-1332.46	-90031.7	-18386.7	0.193624	1	0.110943	18.0273	3.62026	0.00935508	19.1367	0.396262	6958	99	584	-35960.2	62.4929f	62.1014	4	1	1	0.049505	0.108911	0.049505	9.90099e-09	0	0	0	0	0.763636	0.958393	0.235294	0.545455	0.876614	0.009901	0.0792079	9.90099e-09	1	0.1033	0.343042	0.666667	0.666667	1.5	1	1	16834.1	1e+20	3.13351e+15	63.668	7.16685	54.4857	70.4507	62.4929	62.1014	
226000	-136646	-1332.46	-89773.4	-18302.9	0.193624	1	0.10065	19.8709	3.28439	0.0306684	19.1367	0.481452	6907	99	603	-35960.2	56.2859f	92.1258	4	1	1	0.0990099	0.108911	0.049505	9.90099e-09	0	0	0	0	0.690909	0.962319	0.276812	0.483871	0.901734	0.009901	0.0792079	9.90099e-09	1	0.101302	0.301824	0.666667	0.666667	1.5	1	1	16834.1	1e+20	3.13351e+15	63.668	7.16685	54.4857	70.4507	56.2859	92.1258	
227000	-134430	-1332.46	-87557.4	-18006.7	0.186812	1	0.103624	19.3006	3.26247	0.0241631	19.1367	0.470777	6729	99	581	-35960.2	61.7304f	84.881	4	1	1	0.0990099	0.108911	0.049505	9.90099e-09	0	0	0	0	0.745455	0.961252	0.2526	0.504274	0.882615	0.009901	0.0792079	9.90099e-09	1	0.0980684	0.290718	0.666667	0.666667	1.5	1	1	16834.1	1e+20	3.13351e+15	63.668	7.16685	54.4857	70.4507	61.7304	84.881	