
# before rand glnL: -19060.134540 alnL: -1245.690294
# ninter: 99
# ncoal: 99
# nhits: 99
# true lbda: 0.006395
# true mu: 0.872658
# true rad: 39.428298
# true sigsq: 16.948583
# true neigh. size: 2.291847
# fst-based estimate of neighborhood size: -nan
# nucleotide diversity: 0.000000
# length of a generation: 1018.27 time units
# clock rate: 1 subst. per time unit
# after rand glnL: -19060.134540 alnL: -1245.690294
# ninter: 99
# ncoal: 99
# nhits: 99
# start lbda: 0.006395
# start mu: 0.872658
# start rad: 16.735241
sample	lnP	alnL	glnL	tlnL	lbda	clock	mu	neigh	sigsq	sigsqobs	rad	rhoe	nInt	nCoal	nHit	rootTime	rootLon	rootLat	tstv	alpha	MeanBr	accLbda	accMu	accRad	accInDelDisk	accInDelHit	accScaleTime	accSPR	accSPRlocal	accPath	accIndelDiskSerial	accIndelHitSerial	accLdskGivenDisk	accDiskGivenLdsk	accDiskAndLdsk	accLdskMulti	accDiskMulti	accMoveDiskUD	accAddRemoveJump	accLdskTipToRoot	tuneLbda	tuneRad	tuneMu	tuneIndelDisk	tuneIndelHit	tuneLdskGivenDisk	tuneIndelDiskSerial	tuneIndelHitSerial	c0	c1	rootc0	rootc1	rootldsk0	rootldsk1	
  1000	-52074.8	-1245.69	-5289.07	-1195.17	0.0122822	1	0.290151	6.89296	0.526371	0.0190118	18.5159	1.04209	228	99	126	-15637	36.0906f	30.0147	4	1	1	0	0	0	0	0	0	0	0	0.954545	0.816514	0.205357	0.468468	0.396226	0	0	0	1	0.217391	0.179688	1	1	1	1	1	1.5	5.0625	1	94.8239	47.7436	32.2587	19.027	36.0906	30.0147	
  2000	-53895.2	-1245.69	-7109.56	-1699.93	0.0190623	1	0.226975	8.81154	0.780844	0.0213636	19.4671	0.898002	354	99	142	-15637	38.7681f	26.7953	4	1	1	0	0	0	0	0	0	0	0	0.972727	0.903846	0.178218	0.435644	0.556391	0	0	0	1	0.192308	0.170213	1	1	1	1	1	5.0625	129.746	0.444444	94.8239	47.7436	32.2587	19.027	38.7681	26.7953	
  3000	-55480.6	-1245.69	-8694.9	-2110.49	0.0288428	1	0.206891	9.66693	1.16153	0.0241607	19.8386	0.662288	468	99	155	-15637	22.6932f	53.9525	4	1	1	0	0	0	0	0	0	0	0	0.936364	0.87234	0.347518	0.413462	0.647059	0	0	0	1	0.177305	0.24	1	1	1	1	1	7.59375	11222.7	3.375	94.8239	47.7436	32.2587	19.027	22.6932	53.9525	
  4000	-57422.7	-1245.69	-10637	-2546.49	0.0382795	1	0.211398	9.46084	1.57514	0.0114213	19.8386	0.477969	597	99	181	-15637	37.2636f	36.1875	4	1	1	0	0	0	0	0	0	0	0	0.890909	0.875	0.286885	0.429907	0.728814	0	0	0	1	0.228814	0.220994	1	1	1	1	1	25.6289	3.27625e+06	7.59375	94.8239	47.7436	31.8911	6.75752	37.2636	36.1875	
  5000	-58910.4	-1245.69	-12124.7	-2857.09	0.0416825	1	0.252213	7.92982	1.84745	0.0750374	19.338	0.341571	694	99	208	-15637	11.5239f	20.1643	4	1	1	0	0	0	0	0	0	0	0	0.836364	0.912409	0.302158	0.523364	0.75	0	0	0	1	0.142857	0.215686	1	1	1	1	1	86.4976	4.25081e+08	38.4434	94.8239	47.7436	31.8911	6.75752	11.5239	20.1643	
  6000	-59765.2	-1245.69	-12979.5	-3059.63	0.0457806	1	0.237401	8.42455	2.10602	0.0887692	19.8163	0.318328	760	99	211	-15637	9.34462f	16.0861	4	1	1	0.188119	0	0	0	0	0	0	0	0.872727	0.907285	0.243243	0.440367	0.704698	0	0.178218	0	1	0.168831	0.180095	0.666667	1	1	1	1	437.894	1.8614e+11	1477.89	10.7567	63.4758	20.9946	20.0566	9.34462	16.0861	
  7000	-60810.4	-1245.69	-14024.8	-3314.33	0.0519992	1	0.202518	9.87566	2.01441	0.0190099	19.7524	0.390129	846	99	210	-15637	43.3358f	26.7133	4	1	1	0.188119	0	0.0693069	0	0	0	0	0	0.909091	0.935294	0.236686	0.518868	0.781818	0	0.178218	0	1	0.2	0.177033	0.666667	0.666667	1	1	1	1477.89	8.15097e+13	127834	10.7567	63.4758	20.9946	20.0566	43.3358	26.7133	
  8000	-61737.8	-1245.69	-14952.1	-3504.23	0.0563143	1	0.204279	9.79051	2.20054	0.0279166	19.7524	0.354051	912	99	223	-15637	30.0147f	71.6428	4	1	1	0.188119	0.128713	0.0693069	0	0	0	0	0	0.936364	0.897297	0.263736	0.525424	0.802139	0	0.178218	0.019802	1	0.189189	0.180617	0.666667	0.666667	0.666667	1	1	7481.83	8.03084e+16	431440	10.7567	63.4758	38.169	61.0889	30.0147	71.6428	
  9000	-63536.5	-1245.69	-16750.8	-3847.81	0.0616562	1	0.193387	10.3419	2.30336	0.0824579	19.801	0.357299	1035	99	251	-15637	6.8724f	77.0985	4	1	1	0.188119	0.128713	0.0693069	0	0	0	0	0	0.918182	0.951923	0.228571	0.474138	0.679245	0	0.178218	0.019802	1	0.134615	0.179283	0.666667	0.666667	0.666667	1	1	16834.1	1e+20	1.6586e+07	10.7567	63.4758	23.5978	59.8093	6.8724	77.0985	
 10000	-64173.2	-1245.69	-17387.5	-4020.44	0.0649461	1	0.181169	11.0394	2.28234	0.053309	19.8214	0.384906	1099	99	238	-15637	11.172f	63.1959	4	1	1	0.188119	0.128713	0.0693069	0	0	0	0	0	0.918182	0.945946	0.272727	0.570248	0.754545	0	0.178218	0.019802	1	0.136364	0.2125	0.666667	0.666667	0.666667	1	1	85222.7	1e+20	4.25081e+08	10.7567	63.4758	23.5978	59.8093	11.172	63.1959	
 11000	-64457.4	-1245.69	-17671.7	-4059.75	0.0697258	1	0.185092	10.8054	2.50337	0.0579065	19.8214	0.343484	1115	99	245	-15637	8.55325f	39.2508	4	1	1	0.188119	0.128713	0.0693069	0	0	0	0	0	0.936364	0.936937	0.189189	0.554622	0.8125	0	0.178218	0.019802	1	0.252252	0.191667	0.666667	0.666667	0.666667	1	1	85222.7	1e+20	4.25081e+08	10.7567	63.4758	23.5978	59.8093	8.55325	39.2508	
 12000	-66220.6	-1245.69	-19434.9	-4365.05	0.0789944	1	0.190967	10.473	2.96701	0.0724936	19.8902	0.280894	1233	99	280	-15637	5.70543f	67.9954	4	1	1	0.168317	0.128713	0.039604	0.039604	0	0	0	0	0.909091	0.95122	0.245902	0.477477	0.793388	0	0.039604	0.019802	1	0.298387	0.215054	0.666667	0.666667	0.666667	1	1	85222.7	1e+20	4.25081e+08	10.7567	63.4758	26.6968	29.0844	5.70543	67.9954	
 13000	-68926.6	-1245.69	-22140.9	-4910.76	0.0902479	1	0.188556	10.6069	3.08988	0.0621156	19.4968	0.273173	1455	99	288	-15637	24.7219f	13.718	4	1	1	0.168317	0.128713	0.039604	0.039604	0	0	0	0	0.890909	0.9375	0.326389	0.603448	0.791667	9.90099e-09	0.039604	0.019802	1	0.202797	0.207143	0.666667	0.666667	0.666667	1	1	85222.7	1e+20	4.25081e+08	10.7567	63.4758	26.6968	29.0844	24.7219	13.718	
 14000	-69270	-1245.69	-22484.3	-5014.66	0.0928788	1	0.166877	11.9849	3.0444	0.00246621	19.8836	0.313273	1499	99	270	-15637	42.1563f	47.9678	4	1	1	0.168317	0.128713	0.039604	0.039604	0	0	0	0	0.9	0.933333	0.216216	0.456897	0.824324	9.90099e-09	0.039604	9.90099e-09	1	0.195946	0.183824	0.666667	0.666667	0.666667	1	1	85222.7	1e+20	4.25081e+08	10.7567	63.4758	26.6968	29.0844	42.1563	47.9678	
 15000	-69146.9	-1245.69	-22361.2	-4971.88	0.0928788	1	0.174207	11.4806	3.17813	0.0315094	19.8836	0.287464	1481	99	280	-15637	27.943f	27.5161	4	1	1	0.168317	0.128713	0.039604	0.039604	0	0	0	0	0.872727	0.938356	0.317568	0.521008	0.72973	9.90099e-09	0.039604	9.90099e-09	1	0.187919	0.206642	0.666667	0.666667	0.666667	1	1	85222.7	1e+20	4.25081e+08	10.7567	63.4758	26.6968	29.0844	27.943	27.5161	
 16000	-71029.8	-1245.69	-24244.1	-5240.59	0.102513	1	0.165511	12.0838	3.33269	0.0345886	19.8836	0.288535	1597	99	329	-15637	25.2543f	28.1275	4	1	1	0.168317	0.217822	0.039604	0.039604	0	0	0	0	0.881818	0.92638	0.288344	0.470588	0.813665	9.90099e-09	0.039604	9.90099e-09	1	0.159509	0.18845	0.666667	0.666667	0.666667	1	1	85222.7	1e+20	4.25081e+08	10.7567	63.4758	19.2577	10.4257	25.2543	28.1275	
 17000	-71306.5	-1245.69	-24520.8	-5331.7	0.102513	1	0.175333	11.4069	3.575	0.0370582	19.946	0.25391	1637	99	309	-15637	37.2457f	18.4391	4	1	1	0.168317	0.217822	0.039604	0.039604	0	0	0	0	0.863636	0.9375	0.280488	0.521008	0.78125	9.90099e-09	0.039604	9.90099e-09	1	0.173913	0.245955	0.666667	0.666667	0.666667	1	1	85222.7	1e+20	4.25081e+08	10.7567	63.4758	27.7834	2.57605	37.2457	18.4391	
 18000	-71986.4	-1245.69	-25200.7	-5490.06	0.108805	1	0.181456	11.022	3.92694	0.0278776	19.946	0.223354	1708	99	298	-15637	51.6626f	20.7654	4	1	1	0.168317	0.217822	0.049505	0.039604	0	0	0	0	0.818182	0.917647	0.284884	0.464567	0.755814	9.90099e-09	0.0990099	9.90099e-09	1	0.139535	0.170968	0.666667	0.666667	0.666667	1	1	85222.7	1e+20	4.25081e+08	10.7567	63.4758	27.7834	2.57605	51.6626	20.7654	
 19000	-72908.8	-1245.69	-26123.1	-5638.68	0.108805	1	0.166115	12.0399	3.59493	0.0381396	19.946	0.266515	1775	99	309	-15637	23.3345f	27.8042	4	1	1	0.118812	0.217822	0.049505	0.039604	0	0	0	0	0.881818	0.96	0.194286	0.504	0.764045	9.90099e-09	0.0990099	9.90099e-09	1	0.146067	0.199357	0.666667	0.666667	0.666667	1	1	85222.7	1e+20	4.25081e+08	10.7567	63.4758	27.7834	2.57605	23.3345	27.8042	
 20000	-74731.4	-1245.69	-27945.7	-5927.16	0.11297	1	0.172204	11.6142	3.86937	0.0197312	19.946	0.238857	1908	99	336	-15637	32.1572f	32.6748	4	1	1	0.118812	0.217822	0.049505	0.039604	0	0	0	0	0.827273	0.91623	0.26178	0.543307	0.842105	9.90099e-09	0.0990099	9.90099e-09	1	0.167539	0.180124	0.666667	0.666667	0.666667	1	1	85222.7	1e+20	4.25081e+08	10.7567	63.4758	27.7834	2.57605	32.1572	32.6748	
 21000	-76644.9	-1245.69	-29859.2	-6184.22	0.124973	1	0.185811	10.7636	4.66468	0.0093933	19.9955	0.183623	2034	99	384	-15637	39.972f	36.3468	4	1	1	0.118812	0.217822	0.049505	0.039604	0	0	0	0	0.863636	0.921569	0.308824	0.565217	0.804878	9.90099e-09	0.0990099	9.90099e-09	1	0.127451	0.186842	0.666667	0.666667	0.666667	1	1	85222.7	1e+20	4.25081e+08	10.7567	63.4758	27.7834	2.57605	39.972	36.3468	
 22000	-76066.5	-1245.69	-29280.8	-6090.48	0.12878	1	0.188203	10.6268	4.86866	0.0635298	19.9955	0.173693	1989	99	373	-15637	57.3936f	6.23295	4	1	1	0.118812	0.217822	0.049505	0.039604	0	0	0	0	0.890909	0.934673	0.25	0.512195	0.829146	9.90099e-09	0.0990099	9.90099e-09	1	0.18593	0.198529	0.666667	0.666667	0.666667	1	1	85222.7	1e+20	4.25081e+08	10.7567	63.4758	27.7834	2.57605	57.3936	6.23295	
 23000	-77261.3	-1245.69	-30475.6	-6254.46	0.12878	1	0.20499	9.75657	5.19318	0.0637503	19.8912	0.149504	2069	99	400	-15637	70.2995f	10.6071	4	1	1	0.118812	0.217822	0.049505	0.039604	0	0	0	0	0.854545	0.942857	0.274038	0.515873	0.792453	9.90099e-09	0.0990099	9.90099e-09	1	0.158654	0.208633	0.666667	0.666667	0.666667	1	1	85222.7	1e+20	4.25081e+08	10.7567	63.4758	44.755	23.555	70.2995	10.6071	
 24000	-77886.7	-1245.69	-31101	-6384.16	0.136704	1	0.179711	11.129	4.85473	0.0701385	19.9136	0.182424	2134	99	393	-15637	49.2783f	3.25859	4	1	1	0.118812	0.217822	0.049505	0.009901	0	0	0	0	0.781818	0.95283	0.230047	0.575	0.815668	9.90099e-09	0.0990099	9.90099e-09	1	0.176744	0.203474	0.666667	0.666667	0.666667	1	1	85222.7	1e+20	4.25081e+08	6.55892	73.1333	44.755	23.555	49.2783	3.25859	
 25000	-78456.6	-1245.69	-31670.9	-6505.22	0.137596	1	0.167777	11.9206	4.56192	0.0303688	19.9136	0.20794	2195	99	380	-15637	32.9333f	24.2887	4	1	1	0.118812	0.217822	0.039604	0.009901	0	0	0	0	0.9	0.945455	0.196347	0.481818	0.813636	9.90099e-09	0.0990099	9.90099e-09	1	0.195455	0.22865	0.666667	0.666667	0.666667	1	1	85222.7	1e+20	4.25081e+08	6.55892	73.1333	44.755	23.555	32.9333	24.2887	
 26000	-79350.2	-1245.69	-32564.5	-6639.22	0.144041	1	0.182017	10.988	5.18091	0.0237392	19.9136	0.168773	2264	99	389	-15637	25.3943f	38.0141	4	1	1	0.0990099	0.217822	0.039604	0.009901	0	0	0	0	0.881818	0.938053	0.267544	0.46087	0.806167	9.90099e-09	0.138614	9.90099e-09	1	0.171806	0.237726	0.666667	0.666667	0.666667	1	1	85222.7	1e+20	4.25081e+08	8.18255	41.4718	44.755	23.555	25.3943	38.0141	
 27000	-79062.4	-1245.69	-32276.8	-6623.72	0.144041	1	0.177398	11.2741	5.06402	0.00632911	19.928	0.177164	2256	99	373	-15637	41.0753f	60.2512	4	1	1	0.0990099	0.217822	0.039604	0.009901	0	0	0	0	0.818182	0.977778	0.247788	0.553719	0.842105	9.90099e-09	0.138614	9.90099e-09	1	0.150442	0.18593	0.666667	0.666667	0.666667	1	1	85222.7	1e+20	4.25081e+08	8.18255	41.4718	44.755	23.555	41.0753	60.2512	
 28000	-79629.5	-1245.69	-32843.8	-6712.85	0.144041	1	0.157334	12.7118	4.49126	0.00190594	19.928	0.225232	2302	99	375	-15637	43.2115f	49.1117	4	1	1	0.0990099	0.267327	0.039604	0.009901	0	0	0	0	0.845455	0.942982	0.255411	0.46281	0.798246	9.90099e-09	0.138614	9.90099e-09	1	0.166667	0.203704	0.666667	0.666667	0.666667	1	1	85222.7	1e+20	4.25081e+08	8.18255	41.4718	44.755	23.555	43.2115	49.1117	
 29000	-80156.7	-1245.69	-33371	-6864.62	0.155206	1	0.15129	13.2196	4.25691	0.0939534	19.4891	0.247124	2382	99	341	-15637	12.3736f	10.6587	4	1	1	0.0990099	0.267327	0.039604	0.009901	0	0	0	0	0.854545	0.966245	0.258475	0.451327	0.85654	9.90099e-09	0.138614	9.90099e-09	1	0.118143	0.201087	0.666667	0.666667	0.666667	1	1	85222.7	1e+20	4.25081e+08	8.18255	41.4718	48.9421	27.9377	12.3736	10.6587	
 30000	-83376.7	-1245.69	-36591	-7262.96	0.165436	1	0.178165	11.2255	5.11342	0.0728285	19.2758	0.174697	2599	99	425	-15637	39.0248f	3.53892	4	1	1	0.0990099	0.267327	0.029703	0.009901	0	0	0	0	0.872727	0.934866	0.254753	0.556391	0.788462	9.90099e-09	0.138614	9.90099e-09	1	0.141762	0.189904	0.666667	0.666667	0.666667	1	1	85222.7	1e+20	4.25081e+08	35.6914	85.8424	48.9421	27.9377	39.0248	3.53892	
 31000	-85340	-1245.69	-38554.3	-7542.43	0.172446	1	0.170514	11.7293	5.10118	0.0344562	19.2758	0.182974	2757	99	439	-15637	75.2398f	29.9588	4	1	1	0.0990099	0.267327	0.029703	0.009901	0	0	0	0	0.818182	0.949091	0.262774	0.561538	0.850909	9.90099e-09	0.138614	9.90099e-09	1	0.181159	0.163121	0.666667	0.666667	0.666667	1	1	85222.7	1e+20	4.25081e+08	35.6914	85.8424	48.9421	27.9377	75.2398	29.9588	
 32000	-85267.5	-1245.69	-38481.8	-7510.73	0.177636	1	0.160068	12.4947	5.52228	0.00681747	19.8275	0.180052	2739	99	445	-15637	37.308f	43.1937	4	1	1	0.0891089	0.267327	0.029703	9.90099e-09	0	0	0	0	0.872727	0.938182	0.236364	0.516129	0.803636	9.90099e-09	0.138614	9.90099e-09	1	0.164234	0.193258	0.666667	0.666667	0.666667	1	1	85222.7	1e+20	4.25081e+08	25.5189	96.1102	48.9421	27.9377	37.308	43.1937	
 33000	-84533.8	-1245.69	-37748.1	-7389.53	0.172536	1	0.159481	12.5407	5.34409	0.051909	19.8275	0.18674	2670	99	447	-15637	66.8577f	13.7795	4	1	1	0.0891089	0.267327	0.029703	9.90099e-09	0	0	0	0	0.872727	0.955882	0.279851	0.503704	0.822222	9.90099e-09	0.138614	9.90099e-09	1	0.147059	0.199536	0.666667	0.666667	0.666667	1	1	85222.7	1e+20	4.25081e+08	25.5189	96.1102	48.9421	27.9377	66.8577	13.7795	
 34000	-86365	-1245.69	-39579.3	-7646.07	0.172536	1	0.16137	12.3939	5.40739	0.0332651	19.8275	0.182393	2816	99	469	-15637	76.2658f	32.3921	4	1	1	0.0891089	0.267327	0.029703	9.90099e-09	0	0	0	0	0.909091	0.950355	0.291815	0.47619	0.825623	9.90099e-09	0.138614	9.90099e-09	1	0.14539	0.169102	0.666667	0.666667	0.666667	1	1	85222.7	1e+20	4.25081e+08	25.5189	96.1102	76.3542	36.3165	76.2658	32.3921	
 35000	-88135.8	-1245.69	-41350.1	-7910.42	0.187171	1	0.1596	12.5313	5.80171	0.00741524	19.8275	0.171882	2974	99	471	-15637	59.831f	39.5661	4	1	1	0.0891089	0.227723	0.029703	9.90099e-09	0	0	0	0	0.872727	0.946128	0.239865	0.534722	0.822148	9.90099e-09	0.138614	9.90099e-09	1	0.151007	0.186975	0.666667	0.666667	0.666667	1	1	85222.7	1e+20	4.25081e+08	25.5189	96.1102	76.3542	36.3165	59.831	39.5661	
 36000	-89285.7	-1245.69	-42500	-8107.53	0.193651	1	0.150797	13.2628	5.69904	0.0152049	19.8516	0.185193	3094	99	450	-15637	58.4158f	69.3128	4	1	1	0.0891089	0.227723	0.029703	9.90099e-09	0	0	0	0	0.827273	0.948882	0.219355	0.608392	0.811502	9.90099e-09	0.138614	9.90099e-09	1	0.148387	0.221987	0.666667	0.666667	0.666667	1	1	85222.7	1e+20	4.25081e+08	25.5189	96.1102	76.3542	36.3165	58.4158	69.3128	
 37000	-90112.6	-1245.69	-43326.9	-8195.66	0.199026	1	0.157872	12.6685	6.20987	0.057974	19.9143	0.162343	3149	99	479	-15637	91.5983f	54.762	4	1	1	0.0891089	0.227723	0.039604	9.90099e-09	0	0	0	0	0.881818	0.949206	0.22293	0.528169	0.857143	9.90099e-09	0.138614	9.90099e-09	1	0.133333	0.169978	0.666667	0.666667	0.666667	1	1	85222.7	1e+20	4.25081e+08	25.5189	96.1102	76.3542	36.3165	91.5983	54.762	
 38000	-90477.8	-1245.69	-43692.1	-8244.09	0.199026	1	0.158139	12.6471	6.22038	0.0693525	19.9143	0.161794	3179	99	476	-15637	94.9978f	58.9427	4	1	1	0.0891089	0.227723	0.039604	9.90099e-09	0	0	0	0	0.854545	0.953125	0.295597	0.465278	0.86478	9.90099e-09	0.138614	9.90099e-09	1	0.154088	0.200883	0.666667	0.666667	0.666667	1	1	85222.7	1e+20	4.25081e+08	29.8797	89.4263	94.3696	73.8692	94.9978	58.9427	
 39000	-91320.7	-1245.69	-44535	-8384.81	0.21713	1	0.142164	14.0683	6.10067	0.0703164	19.9143	0.183508	3267	99	464	-15637	95.8295f	55.8716	4	1	1	0.0693069	0.227723	0.039604	9.90099e-09	0	0	0	0	0.845455	0.941718	0.243161	0.496504	0.844512	0.009901	0.138614	9.90099e-09	1	0.16208	0.220339	0.666667	0.666667	0.666667	1	1	85222.7	1e+20	4.25081e+08	67.4626	81.1537	94.3696	73.8692	95.8295	55.8716	
 40000	-93560.3	-1245.69	-46774.6	-8638.34	0.21713	1	0.142164	14.0683	6.10067	0.112016	19.9143	0.183508	3433	99	507	-15637	89.2952f	93.5039	4	1	1	0.0693069	0.227723	0.039604	9.90099e-09	0	0	0	0	0.818182	0.944606	0.25	0.55102	0.865889	0.009901	0.138614	9.90099e-09	1	0.133721	0.20198	0.666667	0.666667	0.666667	1	1	85222.7	1e+20	4.25081e+08	99.53	12.082	94.3696	73.8692	89.2952	93.5039	
 41000	-92613.6	-1245.69	-45827.9	-8552.94	0.213745	1	0.149444	13.383	6.39249	0.0509249	19.9766	0.166599	3377	99	476	-15637	76.8155f	78.6751	4	1	1	0.0693069	0.227723	0.039604	9.90099e-09	0	0	0	0	0.863636	0.964706	0.263314	0.5	0.817647	0.009901	0.138614	9.90099e-09	1	0.16568	0.208955	0.666667	0.666667	0.666667	1	1	85222.7	1e+20	4.25081e+08	67.4626	81.1537	94.3696	73.8692	76.8155	78.6751	
 42000	-93353.8	-1245.69	-46568.1	-8655.9	0.214695	1	0.138648	14.425	5.95709	0.0400209	19.9766	0.192695	3444	99	477	-15637	79.4398f	68.2609	4	1	1	0.0693069	0.158416	0.039604	9.90099e-09	0	0	0	0	0.881818	0.954023	0.232558	0.594059	0.844828	0.009901	0.138614	9.90099e-09	1	0.163324	0.218437	0.666667	0.666667	0.666667	1	1	85222.7	1e+20	4.25081e+08	67.4626	81.1537	94.3696	73.8692	79.4398	68.2609	
 43000	-94306.8	-1245.69	-47521.1	-8733.29	0.22607	1	0.157275	12.7166	7.11539	0.148262	19.9766	0.14222	3496	99	515	-15637	99.2751f	96.1753	4	1	1	0.0693069	0.158416	0.039604	9.90099e-09	0	0	0	0	0.863636	0.95702	0.321839	0.550336	0.850575	0.009901	0.138614	9.90099e-09	1	0.16	0.233663	0.666667	0.666667	0.666667	1	1	85222.7	1e+20	4.25081e+08	67.4626	81.1537	94.3696	73.8692	99.2751	96.1753	
 44000	-94951.2	-1245.69	-48165.5	-8841.16	0.222907	1	0.142667	14.0187	6.19752	0.0991225	19.8445	0.180003	3568	99	499	-15637	91.508f	86.1953	4	1	1	0.0693069	0.158416	0.039604	9.90099e-09	0	0	0	0	0.881818	0.957983	0.29972	0.490566	0.845938	0.009901	0.108911	9.90099e-09	1	0.142857	0.198364	0.666667	0.666667	0.666667	1	1	85222.7	1e+20	4.25081e+08	17.8277	74.525	94.3696	73.8692	91.508	86.1953	
 45000	-95160.9	-1245.69	-48375.2	-8841.16	0.222907	1	0.142688	14.0166	6.19845	0.042778	19.8445	0.179949	3568	99	515	-15637	82.6488f	64.7708	4	1	1	0.0594059	0.158416	0.019802	9.90099e-09	0	0	0	0	0.918182	0.952514	0.2493	0.52381	0.848739	0.009901	0.108911	9.90099e-09	1	0.179272	0.219653	0.666667	0.666667	0.666667	1	1	85222.7	1e+20	4.25081e+08	36.6271	91.6037	94.3696	73.8692	82.6488	64.7708	
 46000	-94552.1	-1245.69	-47766.4	-8746.6	0.222907	1	0.150938	13.2505	6.55682	0.0978413	19.8445	0.160816	3505	99	524	-15637	98.5863f	75.0616	4	1	1	0.0594059	0.158416	0.019802	9.90099e-09	0	0	0	0	0.872727	0.943343	0.239316	0.563636	0.846154	0.009901	0.108911	9.90099e-09	1	0.19943	0.208029	0.666667	0.666667	0.666667	1	1	85222.7	1e+20	4.25081e+08	55.3324	92.1946	94.3696	73.8692	98.5863	75.0616	
 47000	-95153.1	-1245.69	-48367.4	-8832.16	0.222897	1	0.155357	12.8736	6.89606	0.113896	19.9521	0.148556	3562	99	525	-15637	93.391f	90.1198	4	1	1	0.0594059	0.158416	0.019802	9.90099e-09	0	0	0	0	0.881818	0.958101	0.226891	0.537736	0.862745	0.009901	0.108911	9.90099e-09	1	0.156863	0.180952	0.666667	0.666667	0.666667	1	1	85222.7	1e+20	4.25081e+08	55.3324	92.1946	94.3696	73.8692	93.391	90.1198	
 48000	-96624.8	-1245.69	-49839.1	-9027.6	0.24041	1	0.152646	13.1022	7.3081	0.00219723	19.9521	0.14267	3696	99	526	-15637	55.081f	45.5638	4	1	1	0.0594059	0.207921	0.019802	9.90099e-09	0	0	0	0	0.827273	0.94837	0.231608	0.545455	0.826087	0.009901	0.108911	9.90099e-09	1	0.143243	0.179732	0.666667	0.666667	0.666667	1	1	85222.7	1e+20	4.25081e+08	55.3324	92.1946	76.7144	32.8332	55.081	45.5638	
 49000	-98210.6	-1245.69	-51424.9	-9252.81	0.24041	1	0.143079	13.9782	6.85011	0.0621944	19.9521	0.162385	3854	99	510	-15637	91.8358f	61.5371	4	1	1	0.0594059	0.207921	0.019802	9.90099e-09	0	0	0	0	0.881818	0.971354	0.284595	0.477477	0.911917	0.009901	0.108911	9.90099e-09	1	0.119792	0.229412	0.666667	0.666667	0.666667	1	1	85222.7	1e+20	4.25081e+08	55.3324	92.1946	76.7144	32.8332	91.8358	61.5371	
 50000	-100031	-1245.69	-53245.7	-9480.77	0.259518	1	0.13381	14.9466	6.91551	0.0516455	19.9521	0.171992	4020	99	519	-15637	81.7128f	26.2248	4	1	1	0.0594059	0.207921	0.009901	9.90099e-09	0	0	0	0	0.818182	0.945274	0.258145	0.524272	0.845387	9.90099e-09	0.0990099	9.90099e-09	1	0.151365	0.214425	0.666667	0.666667	0.666667	1	1	85222.7	1e+20	4.25081e+08	55.3324	92.1946	66.6175	4.16819	81.7128	26.2248	
 51000	-100427	-1245.69	-53641.1	-9513.15	0.259518	1	0.129604	15.4316	6.69815	0.0610322	19.9521	0.183336	4044	99	530	-15637	23.2315f	15.2725	4	1	1	0.0693069	0.207921	0.009901	9.90099e-09	0	0	0	0	0.890909	0.94335	0.22716	0.519231	0.831266	9.90099e-09	0.0990099	9.90099e-09	1	0.147783	0.189555	0.666667	0.666667	0.666667	1	1	85222.7	1e+20	4.25081e+08	55.3324	92.1946	66.6175	4.16819	23.2315	15.2725	
 52000	-100467	-1245.69	-53681.3	-9528.06	0.257784	1	0.132465	15.0983	6.80029	0.0621404	19.9521	0.176681	4055	99	522	-15637	79.6661f	18.0174	4	1	1	0.0693069	0.207921	0.009901	9.90099e-09	0	0	0	0	0.854545	0.955774	0.264198	0.514563	0.869458	9.90099e-09	0.0990099	9.90099e-09	1	0.165432	0.201183	0.666667	0.666667	0.666667	1	1	85222.7	1e+20	4.25081e+08	55.3324	92.1946	79.3458	26.6834	79.6661	18.0174	
 53000	-101092	-1245.69	-54306.1	-9576.86	0.257784	1	0.137526	14.5427	7.0601	0.0558599	19.9521	0.163917	4091	99	547	-15637	85.5944f	29.2289	4	1	1	0.0693069	0.19802	0.009901	9.90099e-09	0	0	0	0	0.854545	0.929095	0.273171	0.482456	0.856098	9.90099e-09	0.0990099	9.90099e-09	1	0.178049	0.185714	0.666667	0.666667	0.666667	1	1	85222.7	1e+20	4.25081e+08	55.3324	92.1946	79.3458	26.6834	85.5944	29.2289	
 54000	-100562	-1245.69	-53775.9	-9496.98	0.256034	1	0.141708	14.1135	7.2254	0.0424237	19.9521	0.15544	4032	99	553	-15637	62.0814f	15.9772	4	1	1	0.0693069	0.19802	0.009901	9.90099e-09	0	0	0	0	0.918182	0.947761	0.25062	0.45614	0.861042	9.90099e-09	0.0990099	9.90099e-09	1	0.148883	0.211744	0.666667	0.666667	0.666667	1	1	85222.7	1e+20	4.25081e+08	55.3324	92.1946	79.3458	26.6834	62.0814	15.9772	
 55000	-101240	-1245.69	-54454	-9628.83	0.260897	1	0.143673	13.9205	7.4647	0.0697081	19.9521	0.148399	4130	99	522	-15637	92.7182f	32.7055	4	1	1	0.0693069	0.19802	0.009901	9.90099e-09	0	0	0	0	0.854545	0.941606	0.248175	0.535714	0.868613	9.90099e-09	0.0990099	9.90099e-09	1	0.156627	0.195402	0.666667	0.666667	0.666667	1	1	85222.7	1e+20	4.25081e+08	55.3324	92.1946	79.3458	26.6834	92.7182	32.7055	
 56000	-100756	-1245.69	-53970.7	-9569.27	0.26679	1	0.132119	15.1379	7.01946	0.0418969	19.9521	0.171613	4085	99	522	-15637	84.2778f	40.7577	4	1	1	0.0693069	0.19802	0.009901	9.90099e-09	0	0	0	0	0.781818	0.958231	0.235294	0.555556	0.855746	9.90099e-09	0.0990099	9.90099e-09	1	0.124694	0.167608	0.666667	0.666667	0.666667	1	1	85222.7	1e+20	4.25081e+08	68.1844	82.0223	79.3458	26.6834	84.2778	40.7577	
 57000	-101874	-1245.69	-55088.7	-9733.97	0.27515	1	0.130604	15.3134	7.1564	0.0174304	19.9521	0.170282	4209	99	505	-15637	72.4328f	48.7931	4	1	1	0.0693069	0.19802	9.90099e-09	9.90099e-09	0	0	0	0	0.854545	0.947494	0.233333	0.50495	0.838095	9.90099e-09	0.0594059	9.90099e-09	1	0.147268	0.184369	0.666667	0.666667	0.666667	1	1	85222.7	1e+20	4.25081e+08	68.1844	82.0223	79.3458	26.6834	72.4328	48.7931	
 58000	-102746	-1245.69	-55960.5	-9772.43	0.26839	1	0.137092	14.5888	7.32733	0.0884021	19.9521	0.158439	4239	99	554	-15637	98.8684f	32.26	4	1	1	0.0792079	0.19802	9.90099e-09	9.90099e-09	0	0	0	0	0.872727	0.950588	0.235714	0.567568	0.837709	9.90099e-09	0.0594059	9.90099e-09	1	0.15566	0.194444	0.666667	0.666667	0.666667	1	1	85222.7	1e+20	4.25081e+08	68.1844	82.0223	79.3458	26.6834	98.8684	32.26	
 59000	-103325	-1245.69	-56539.3	-9839.9	0.276537	1	0.138553	14.4349	7.63231	0.0753464	19.9535	0.150504	4291	99	557	-15637	73.1887f	7.73049	4	1	1	0.0792079	0.178218	9.90099e-09	9.90099e-09	0	0	0	0	0.836364	0.951163	0.288372	0.509091	0.83683	9.90099e-09	0.0594059	9.90099e-09	1	0.165116	0.181159	0.666667	0.666667	0.666667	1	1	85222.7	1e+20	4.25081e+08	68.1844	82.0223	79.3458	26.6834	73.1887	7.73049	
 60000	-105610	-1245.69	-58824.7	-10149.1	0.285266	1	0.132346	15.1119	7.29384	0.0718784	19.8014	0.164875	4535	99	532	-15637	69.5088f	7.11632	4	1	1	0.0792079	0.178218	9.90099e-09	9.90099e-09	0	0	0	0	0.863636	0.968889	0.266075	0.544643	0.846325	9.90099e-09	0.0594059	9.90099e-09	1	0.125	0.177122	0.666667	0.666667	0.666667	1	1	85222.7	1e+20	4.25081e+08	68.1844	82.0223	79.3458	26.6834	69.5088	7.11632	
 61000	-107540	-1245.69	-60754.1	-10292.6	0.286513	1	0.148833	13.4378	8.23838	0.0919407	19.8014	0.129801	4650	99	596	-15637	89.6913f	14.6338	4	1	1	0.0792079	0.178218	9.90099e-09	9.90099e-09	0	0	0	0	0.854545	0.96129	0.259657	0.5	0.858369	9.90099e-09	0.0594059	9.90099e-09	1	0.156652	0.18871	0.666667	0.666667	0.666667	1	1	85222.7	1e+20	4.25081e+08	68.1844	82.0223	63.5097	34.5612	89.6913	14.6338	
 62000	-108854	-1245.69	-62068.2	-10357.3	0.304673	1	0.144647	13.8268	8.34731	0.00894906	19.7037	0.131815	4706	99	659	-15637	52.1663f	65.8175	4	1	1	0.0792079	0.178218	9.90099e-09	9.90099e-09	0	0	0	0	0.881818	0.961538	0.231423	0.526718	0.850746	9.90099e-09	0.0594059	9.90099e-09	1	0.165605	0.197901	0.666667	0.666667	0.666667	1	1	85222.7	1e+20	4.25081e+08	68.1844	82.0223	73.266	67.3946	52.1663	65.8175	
 63000	-109343	-1245.69	-62557.3	-10486.3	0.316896	1	0.138517	14.4387	8.31427	0.00485697	19.7037	0.138195	4813	99	606	-15637	45.8879f	60.8207	4	1	1	0.0792079	0.178218	9.90099e-09	9.90099e-09	0	0	0	0	0.836364	0.960417	0.267635	0.491935	0.852697	9.90099e-09	0.118812	9.90099e-09	1	0.176349	0.183168	0.666667	0.666667	0.666667	1	1	85222.7	1e+20	4.25081e+08	68.1844	82.0223	73.266	67.3946	45.8879	60.8207	
 64000	-109589	-1245.69	-62803.2	-10582.8	0.316896	1	0.132638	15.0786	7.19808	0.0322205	19.2135	0.1667	4897	99	549	-15637	68.5503f	74.919	4	1	1	0.0792079	0.178218	0.039604	9.90099e-09	0	0	0	0	0.854545	0.961382	0.213849	0.526786	0.871429	0.009901	0.118812	9.90099e-09	1	0.111562	0.210332	0.666667	0.666667	0.666667	1	1	85222.7	1e+20	4.25081e+08	52.1262	95.5699	73.266	67.3946	68.5503	74.919	
 65000	-112092	-1245.69	-65305.8	-10746.4	0.333957	1	0.141299	14.1543	9.39075	0.0371276	19.9487	0.119944	5037	99	634	-15637	75.5551f	71.4381	4	1	1	0.118812	0.207921	0.039604	9.90099e-09	0	0	0	0	0.9	0.960239	0.245059	0.589147	0.853755	0.009901	0.118812	9.90099e-09	1	0.144269	0.190852	0.666667	0.666667	0.666667	1	1	85222.7	1e+20	4.25081e+08	52.1262	95.5699	73.266	67.3946	75.5551	71.4381	
 66000	-114289	-1245.69	-67503.8	-10959.1	0.335266	1	0.134551	14.8642	8.97732	0.0481212	19.9487	0.131761	5231	99	652	-15637	58.3505f	87.41	4	1	1	0.118812	0.207921	0.039604	9.90099e-09	0	0	0	0	0.809091	0.960076	0.259048	0.565217	0.866667	0.009901	0.118812	9.90099e-09	1	0.15019	0.171827	0.666667	0.666667	0.666667	1	1	85222.7	1e+20	4.25081e+08	52.1262	95.5699	63.3785	79.1277	58.3505	87.41	
 67000	-114712	-1245.69	-67926.6	-10999.6	0.335266	1	0.129633	15.4282	8.64915	0.00695051	19.9487	0.141949	5268	99	659	-15637	62.7134f	44.96	4	1	1	0.118812	0.207921	0.039604	9.90099e-09	0	0	0	0	0.818182	0.941509	0.277883	0.580153	0.856075	0.009901	0.118812	9.90099e-09	1	0.162264	0.180577	0.666667	0.666667	0.666667	1	1	85222.7	1e+20	4.25081e+08	49.7943	87.4397	63.3785	79.1277	62.7134	44.96	
 68000	-117404	-1245.69	-70617.8	-11221.4	0.355873	1	0.130824	15.2877	9.26514	0.0130739	19.9487	0.131305	5475	99	708	-15637	58.9612f	32.5478	4	1	1	0.118812	0.207921	0.039604	9.90099e-09	0	0	0	0	0.809091	0.941284	0.265568	0.589928	0.86055	0.009901	0.118812	9.90099e-09	1	0.144424	0.206009	0.666667	0.666667	0.666667	1	1	85222.7	1e+20	4.25081e+08	49.7943	87.4397	63.3785	79.1277	58.9612	32.5478	
 69000	-117478	-1245.69	-70692.5	-11266.3	0.358089	1	0.139968	14.289	10.0293	0.0296941	19.9761	0.113375	5518	99	674	-15637	42.6754f	79.2579	4	1	1	0.118812	0.207921	0.039604	9.90099e-09	0	0	0	0	0.818182	0.938959	0.283394	0.659574	0.849462	0.009901	0.118812	9.90099e-09	1	0.147748	0.207849	0.666667	0.666667	0.666667	1	1	85222.7	1e+20	4.25081e+08	49.7943	87.4397	28.0353	95.0249	42.6754	79.2579	
 70000	-117736	-1245.69	-70950.3	-11333	0.3566	1	0.132158	15.1334	9.43035	0.0452917	19.9761	0.127702	5583	99	633	-15637	35.6862f	84.6126	4	1	1	0.118812	0.207921	0.019802	9.90099e-09	0	0	0	0	0.845455	0.953405	0.253571	0.607692	0.862007	0.009901	0.118812	9.90099e-09	1	0.130824	0.20711	0.666667	0.666667	0.666667	1	1	85222.7	1e+20	4.25081e+08	49.7943	87.4397	28.0353	95.0249	35.6862	84.6126	
 71000	-117928	-1245.69	-71142.4	-11322.7	0.3566	1	0.125645	15.9179	8.96558	0.0578667	19.9761	0.141285	5573	99	660	-15637	41.5735f	91.4494	4	1	1	0.0792079	0.148515	0.019802	9.90099e-09	0	0	0	0	0.836364	0.962298	0.279359	0.5	0.862007	0.009901	0.118812	9.90099e-09	1	0.134409	0.230303	0.666667	0.666667	0.666667	1	1	85222.7	1e+20	4.25081e+08	46.0229	87.1554	28.0353	95.0249	41.5735	91.4494	
 72000	-116565	-1245.69	-69779.6	-11181.4	0.33648	1	0.126106	15.8597	8.49077	0.0734596	19.9761	0.148641	5435	99	663	-15637	40.3918f	96.7369	4	1	1	0.0792079	0.148515	0.019802	9.90099e-09	0	0	0	0	0.836364	0.961111	0.267035	0.540146	0.865065	0.009901	0.118812	9.90099e-09	1	0.150735	0.209653	0.666667	0.666667	0.666667	1	1	85222.7	1e+20	4.25081e+08	75.0627	81.7865	28.0353	95.0249	40.3918	96.7369	
 73000	-119030	-1245.69	-72244.3	-11399.8	0.357636	1	0.135978	14.7082	9.0404	0.00717365	19.6118	0.129468	5648	99	689	-15637	35.5172f	52.8862	4	1	1	0.0792079	0.148515	0.019802	9.90099e-09	0	0	0	0	0.863636	0.954064	0.285211	0.432624	0.844248	0.009901	0.118812	9.90099e-09	1	0.146643	0.184828	0.666667	0.666667	0.666667	1	1	85222.7	1e+20	4.25081e+08	75.0627	81.7865	28.0353	95.0249	35.5172	52.8862	
 74000	-119068	-1245.69	-72282	-11401.6	0.36118	1	0.135685	14.74	8.77982	0.0887485	19.4314	0.133599	5650	99	697	-15637	74.2751f	96.1891	4	1	1	0.0792079	0.148515	0.019802	9.90099e-09	0	0	0	0	0.881818	0.952043	0.283662	0.489655	0.844891	0.009901	0.118812	9.90099e-09	1	0.136767	0.193687	0.666667	0.666667	0.666667	1	1	85222.7	1e+20	4.25081e+08	75.0627	81.7865	28.0353	95.0249	74.2751	96.1891	
 75000	-119724	-1245.69	-72938.6	-11409.8	0.36118	1	0.138201	14.4716	8.98284	0.0631656	19.4532	0.128202	5658	99	745	-15637	5.38303f	47.0963	4	1	1	0.0792079	0.148515	0.029703	9.90099e-09	0	0	0	0	0.8	0.949033	0.244288	0.456954	0.862069	0.009901	0.118812	9.90099e-09	1	0.158172	0.181208	0.666667	0.666667	0.666667	1	1	85222.7	1e+20	4.25081e+08	78.4991	68.3155	17.3364	61.3125	5.38303	47.0963	
 76000	-115467	-1245.69	-68681.6	-11144.7	0.345187	1	0.124066	16.1205	7.45762	0.0537843	19.2939	0.172016	5403	99	601	-15637	25.1969f	82.615	4	1	1	0.0792079	0.207921	0.029703	9.90099e-09	0	0	0	0	0.836364	0.95941	0.238007	0.5	0.851852	0.009901	0.118812	9.90099e-09	1	0.125693	0.20678	0.666667	0.666667	0.666667	1	1	85222.7	1e+20	4.25081e+08	78.4991	68.3155	17.3364	61.3125	25.1969	82.615	
 77000	-115618	-1245.69	-68832.4	-11127.7	0.345187	1	0.124017	16.1268	7.45471	0.0684619	19.2939	0.17215	5387	99	627	-15637	10.3685f	74.1514	4	1	1	0.049505	0.207921	0.029703	9.90099e-09	0	0	0	0	0.818182	0.945896	0.254206	0.565574	0.876404	0.009901	0.118812	9.90099e-09	1	0.122449	0.210777	0.666667	0.666667	0.666667	1	1	85222.7	1e+20	4.25081e+08	2.61218	67.6948	17.3364	61.3125	10.3685	74.1514	
 78000	-115682	-1245.69	-68896.1	-11146.3	0.340702	1	0.124271	16.0938	7.89622	0.0109234	19.6276	0.162192	5404	99	619	-15637	40.2766f	65.2809	4	1	1	0.049505	0.207921	0.029703	9.90099e-09	0	0	0	0	0.872727	0.976147	0.253235	0.528455	0.885397	0.009901	0.118812	9.90099e-09	1	0.125693	0.172358	0.666667	0.666667	0.666667	1	1	85222.7	1e+20	4.25081e+08	2.61218	67.6948	17.3364	61.3125	40.2766	65.2809	
 79000	-115192	-1245.69	-68406.1	-11164.6	0.340702	1	0.118202	16.9202	7.51058	0.00732512	19.6276	0.179276	5421	99	561	-15637	35.3535f	46.8693	4	1	1	0.049505	0.207921	0.029703	9.90099e-09	0	0	0	0	0.854545	0.959184	0.249077	0.564103	0.881262	0.009901	0.118812	9.90099e-09	1	0.127072	0.175221	0.666667	0.666667	0.666667	1	1	85222.7	1e+20	4.25081e+08	25.9551	82.4344	31.1035	65.4971	35.3535	46.8693	
 80000	-113959	-1245.69	-67173.6	-11016.9	0.337066	1	0.126453	15.8161	7.63424	0.0679073	19.4302	0.164864	5284	99	576	-15637	4.31063f	57.6509	4	1	1	0.049505	0.207921	0.029703	9.90099e-09	0	0	0	0	0.909091	0.960076	0.25947	0.525424	0.897921	0.009901	0.118812	9.90099e-09	1	0.139887	0.161565	0.666667	0.666667	0.666667	1	1	85222.7	1e+20	4.25081e+08	35.4719	91.0003	32.7228	40.2368	4.31063	57.6509	
 81000	-116731	-1245.69	-69945.2	-11215.5	0.351617	1	0.122355	16.3459	8.0018	0.0483982	19.6142	0.162559	5470	99	654	-15637	51.5685f	11.2839	4	1	1	0.049505	0.207921	0.049505	9.90099e-09	0	0	0	0	0.927273	0.959854	0.252747	0.544776	0.866788	0.009901	0.0693069	9.90099e-09	1	0.116364	0.168639	0.666667	0.666667	0.666667	1	1	85222.7	1e+20	4.25081e+08	35.4719	91.0003	32.7228	40.2368	51.5685	11.2839	
 82000	-115764	-1245.69	-68978.7	-11144	0.356068	1	0.138651	14.4247	9.18229	0.0510117	19.6142	0.125011	5400	99	634	-15637	27.31f	16.9837	4	1	1	0.049505	0.227723	0.049505	9.90099e-09	0	0	0	0	0.845455	0.944649	0.239852	0.539683	0.870849	0.009901	0.0693069	9.90099e-09	1	0.156827	0.20315	0.666667	0.666667	0.666667	1	1	85222.7	1e+20	4.25081e+08	35.4719	91.0003	32.7228	40.2368	27.31	16.9837	
 83000	-116433	-1245.69	-69647.1	-11232.3	0.35039	1	0.12603	15.8692	7.64303	0.00659396	19.2645	0.165227	5486	99	616	-15637	60.7922f	42.1342	4	1	1	0.049505	0.227723	0.049505	9.90099e-09	0	0	0	0	0.827273	0.963504	0.262295	0.548387	0.872495	0.009901	0.0693069	9.90099e-09	1	0.142077	0.164763	0.666667	0.666667	0.666667	1	1	85222.7	1e+20	4.25081e+08	35.4719	91.0003	32.7228	40.2368	60.7922	42.1342	
 84000	-117332	-1245.69	-70546.4	-11288.6	0.355088	1	0.128255	15.5939	8.87521	0.00476923	19.8445	0.139819	5540	99	639	-15637	38.8424f	45.9014	4	1	1	0.0990099	0.227723	0.049505	9.90099e-09	0	0	0	0	0.927273	0.956757	0.236462	0.627907	0.847397	0.009901	0.0693069	9.90099e-09	1	0.113514	0.187406	0.666667	0.666667	0.666667	1	1	85222.7	1e+20	4.25081e+08	35.4719	91.0003	32.7228	40.2368	38.8424	45.9014	
 85000	-116061	-1245.69	-69275.8	-11263.7	0.355088	1	0.122957	16.2659	8.50857	0.0499179	19.8445	0.152129	5516	99	549	-15637	41.7292f	11.4015	4	1	1	0.0990099	0.227723	0.049505	9.90099e-09	0	0	0	0	0.836364	0.964029	0.264014	0.516949	0.876344	0.009901	0.0693069	9.90099e-09	1	0.149281	0.196309	0.666667	0.666667	0.666667	1	1	85222.7	1e+20	4.25081e+08	35.4719	91.0003	32.7228	40.2368	41.7292	11.4015	
 86000	-116830	-1245.69	-70044.2	-11240.9	0.355133	1	0.12228	16.3558	8.46283	0.00228232	19.8445	0.153797	5494	99	639	-15637	47.4675f	42.9599	4	1	1	0.0990099	0.227723	0.049505	9.90099e-09	0	0	0	0	0.836364	0.963768	0.265823	0.511628	0.858951	0.009901	0.0693069	9.90099e-09	1	0.132007	0.209119	0.666667	0.666667	0.666667	1	1	85222.7	1e+20	4.25081e+08	35.4719	91.0003	26.9483	48.3769	47.4675	42.9599	
 87000	-118442	-1245.69	-71656.6	-11380.7	0.355133	1	0.121651	16.4405	8.41927	0.0319972	19.8445	0.155393	5629	99	658	-15637	20.126f	39.0602	4	1	1	0.0990099	0.227723	0.029703	9.90099e-09	0	0	0	0	0.854545	0.95053	0.255732	0.604478	0.862434	0.009901	0.0792079	9.90099e-09	1	0.161634	0.182099	0.666667	0.666667	0.666667	1	1	85222.7	1e+20	4.25081e+08	25.9861	75.0277	26.9483	48.3769	20.126	39.0602	
 88000	-117691	-1245.69	-70905.8	-11417.2	0.358258	1	0.118596	16.8639	8.28011	0.0113683	19.8445	0.162074	5665	99	560	-15637	66.469f	42.8679	4	1	1	0.0990099	0.227723	0.029703	9.90099e-09	0	0	0	0	0.863636	0.966132	0.25222	0.570175	0.889483	0.009901	0.0792079	9.90099e-09	1	0.111111	0.194828	0.666667	0.666667	0.666667	1	1	85222.7	1e+20	4.25081e+08	35.7031	85.1485	70.3153	50.9877	66.469	42.8679	
 89000	-120818	-1245.69	-74032.7	-11592.3	0.38411	1	0.125401	15.9488	9.38697	0.0434689	19.8445	0.135205	5838	99	671	-15637	86.0781f	51.9268	4	1	1	0.0990099	0.247525	0.029703	9.90099e-09	0	0	0	0	0.854545	0.957411	0.286201	0.558824	0.892123	0.009901	0.0792079	9.90099e-09	1	0.126065	0.186289	0.666667	0.666667	0.666667	1	1	85222.7	1e+20	4.25081e+08	35.7031	85.1485	70.3153	50.9877	86.0781	51.9268	
 90000	-121589	-1245.69	-74803.8	-11703.1	0.378544	1	0.121972	16.3972	8.99798	0.00963998	19.8445	0.145016	5954	99	638	-15637	65.1021f	56.1875	4	1	1	0.0990099	0.247525	0.029703	9.90099e-09	0	0	0	0	0.836364	0.961409	0.245378	0.523438	0.872483	0.009901	0.0792079	9.90099e-09	1	0.137584	0.191456	0.666667	0.666667	0.666667	1	1	85222.7	1e+20	4.25081e+08	35.7031	85.1485	70.3153	50.9877	65.1021	56.1875	
 91000	-122004	-1245.69	-75217.9	-11709.2	0.376852	1	0.126357	15.8282	9.37225	0.0422566	19.8937	0.134393	5960	99	666	-15637	43.1281f	85.4052	4	1	1	0.0990099	0.247525	0.029703	9.90099e-09	0	0	0	0	0.863636	0.963149	0.239933	0.548148	0.849246	0.009901	0.0792079	9.90099e-09	1	0.139262	0.225564	0.666667	0.666667	0.666667	1	1	85222.7	1e+20	4.25081e+08	35.7031	85.1485	69.3071	54.7489	43.1281	85.4052	
 92000	-122475	-1245.69	-75689.4	-11714.7	0.383342	1	0.122086	16.3819	9.21142	0.0315687	19.8937	0.141523	5966	99	699	-15637	31.1879f	75.0255	4	1	1	0.0990099	0.247525	0.029703	9.90099e-09	0	0	0	0	0.909091	0.966499	0.260504	0.5	0.855705	0.009901	0.0792079	9.90099e-09	1	0.137353	0.202096	0.666667	0.666667	0.666667	1	1	85222.7	1e+20	4.25081e+08	35.7031	85.1485	69.3071	54.7489	31.1879	75.0255	
 93000	-121045	-1245.69	-74259.1	-11597.8	0.375655	1	0.131743	15.1811	9.74071	0.0323376	19.8937	0.124023	5846	99	693	-15637	79.3259f	60.0896	4	1	1	0.0990099	0.247525	0.009901	9.90099e-09	0	0	0	0	0.818182	0.948893	0.264505	0.585185	0.881557	0.009901	0.0990099	9.90099e-09	1	0.144804	0.191919	0.666667	0.666667	0.666667	1	1	85222.7	1e+20	4.25081e+08	21.9525	88.6314	76.471	57.9434	79.3259	60.0896	
 94000	-119932	-1245.69	-73146.2	-11501.2	0.361826	1	0.139026	14.3858	8.11874	0.0457823	18.9309	0.141005	5748	99	691	-15637	70.9448f	80.7722	4	1	1	0.0990099	0.247525	0.009901	9.90099e-09	0	0	0	0	0.827273	0.967128	0.222222	0.548872	0.83391	0.009901	0.0990099	9.90099e-09	1	0.113043	0.176385	0.666667	0.666667	0.666667	1	1	85222.7	1e+20	4.25081e+08	21.9525	88.6314	76.471	57.9434	70.9448	80.7722	
 95000	-119134	-1245.69	-72348.3	-11407.7	0.361826	1	0.137301	14.5666	8.01798	0.0463916	18.9309	0.144571	5656	99	698	-15637	87.2463f	52.8536	4	1	1	0.0990099	0.138614	0.009901	9.90099e-09	0	0	0	0	0.8	0.96649	0.215548	0.506944	0.86067	0.009901	0.0990099	9.90099e-09	1	0.146643	0.209335	0.666667	0.666667	0.666667	1	1	85222.7	1e+20	4.25081e+08	21.9525	88.6314	76.471	57.9434	87.2463	52.8536	
 96000	-119221	-1245.69	-72435.7	-11478.6	0.368803	1	0.122498	16.3268	7.92418	0.0784012	19.3288	0.16396	5726	99	636	-15637	79.463f	10.6901	4	1	1	0.0990099	0.138614	0.009901	9.90099e-09	0	0	0	0	0.881818	0.960069	0.217993	0.553191	0.872822	0.009901	0.0990099	9.90099e-09	1	0.15078	0.201258	0.666667	0.666667	0.666667	1	1	85222.7	1e+20	4.25081e+08	21.9525	88.6314	76.471	57.9434	79.463	10.6901	
 97000	-118234	-1245.69	-71448.7	-11416	0.359876	1	0.122498	16.3268	7.73238	0.0350267	19.3288	0.168027	5664	99	607	-15637	53.5202f	82.4505	4	1	1	0.0990099	0.138614	0.009901	9.90099e-09	0	0	0	0	0.845455	0.959507	0.232804	0.512	0.894366	0.009901	0.0990099	9.90099e-09	1	0.153439	0.17053	0.666667	0.666667	0.666667	1	1	85222.7	1e+20	4.25081e+08	21.9525	88.6314	90.3522	79.849	53.5202	82.4505	
 98000	-118614	-1245.69	-71828.7	-11423.7	0.368473	1	0.12125	16.4949	7.38433	0.0826819	19.0438	0.177758	5671	99	638	-15637	91.9535f	77.5728	4	1	1	0.0792079	0.138614	0.009901	9.90099e-09	0	0	0	0	0.827273	0.968586	0.248687	0.459016	0.871479	0.009901	0.0990099	9.90099e-09	1	0.17338	0.175549	0.666667	0.666667	0.666667	1	1	85222.7	1e+20	4.25081e+08	21.9525	88.6314	90.3522	79.849	91.9535	77.5728	
 99000	-121385	-1245.69	-74599.8	-11708.1	0.373422	1	0.125228	15.9708	7.95499	0.00234497	19.1815	0.159764	5958	99	622	-15637	44.2228f	54.9948	4	1	1	0.0792079	0.138614	0.009901	9.90099e-09	0	0	0	0	0.845455	0.967851	0.236577	0.612903	0.86745	0.009901	0.178218	9.90099e-09	1	0.110738	0.191388	0.666667	0.666667	0.666667	1	1	85222.7	1e+20	4.25081e+08	38.703	81.4266	69.6272	85.2303	44.2228	54.9948	
100000	-121818	-1245.69	-75032.4	-11695.3	0.373422	1	0.125228	15.9708	7.95499	0.0626749	19.1815	0.159764	5945	99	671	-15637	45.8389f	93.7897	4	1	1	0.0792079	0.138614	0.0891089	9.90099e-09	0	0	0	0	0.872727	0.961083	0.25801	0.548872	0.857627	0.009901	0.178218	9.90099e-09	1	0.137815	0.199702	0.666667	0.666667	0.666667	1	1	85222.7	1e+20	4.25081e+08	38.703	81.4266	69.6272	85.2303	45.8389	93.7897	
101000	-119272	-1245.69	-72486	-11490.5	0.367931	1	0.13676	14.6242	8.21935	0.0301419	18.9878	0.141587	5738	99	635	-15637	71.1624f	71.2264	4	1	1	0.0792079	0.138614	0.0891089	9.90099e-09	0	0	0	0	0.854545	0.95993	0.242268	0.511628	0.895189	0.009901	0.178218	9.90099e-09	1	0.132404	0.185647	0.666667	0.666667	0.666667	1	1	85222.7	1e+20	4.25081e+08	38.703	81.4266	69.6272	85.2303	71.1624	71.2264	
102000	-120009	-1245.69	-73223	-11464.5	0.367931	1	0.136934	14.6055	8.10839	0.0153511	18.9174	0.143342	5712	99	727	-15637	60.5868f	68.2885	4	1	1	0.0792079	0.148515	0.0891089	9.90099e-09	0	0	0	0	0.845455	0.949477	0.292683	0.52518	0.841463	0.009901	0.178218	9.90099e-09	1	0.163763	0.195191	0.666667	0.666667	0.666667	1	1	85222.7	1e+20	4.25081e+08	38.703	81.4266	69.6272	85.2303	60.5868	68.2885	
103000	-121265	-1245.69	-74479.7	-11596.1	0.370074	1	0.140583	14.2265	9.09626	0.0834379	19.3134	0.124459	5844	99	720	-15637	35.3512f	98.7695	4	1	1	0.0792079	0.148515	0.0891089	9.90099e-09	0	0	0	0	0.754545	0.944828	0.27911	0.479167	0.866667	0.009901	0.178218	9.90099e-09	1	0.135043	0.186111	0.666667	0.666667	0.666667	1	1	85222.7	1e+20	4.25081e+08	38.703	81.4266	69.6272	85.2303	35.3512	98.7695	
104000	-120833	-1245.69	-74047.6	-11603	0.370074	1	0.133857	14.9413	8.37715	0.0566849	19.1531	0.141932	5851	99	673	-15637	83.9666f	73.7078	4	1	1	0.0792079	0.148515	0.0891089	9.90099e-09	0	0	0	0	0.809091	0.965928	0.259386	0.510949	0.86201	0.009901	0.178218	9.90099e-09	1	0.115646	0.168375	0.666667	0.666667	0.666667	1	1	85222.7	1e+20	4.25081e+08	39.2131	83.3878	69.6272	85.2303	83.9666	73.7078	
105000	-121545	-1245.69	-74759.3	-11634.8	0.370074	1	0.146201	13.6798	9.14966	0.00929837	19.1531	0.118977	5883	99	706	-15637	60.6463f	62.052	4	1	1	0.039604	0.148515	0.0891089	9.90099e-09	0	0	0	0	0.854545	0.964346	0.217687	0.5	0.854237	0.009901	0.178218	9.90099e-09	1	0.139219	0.178466	0.666667	0.666667	0.666667	1	1	85222.7	1e+20	4.25081e+08	39.2131	83.3878	69.6272	85.2303	60.6463	62.052	
106000	-122156	-1245.69	-75369.9	-11632.8	0.370345	1	0.150609	13.2794	9.43243	0.0330475	19.1531	0.112033	5881	99	767	-15637	29.0012f	74.2429	4	1	1	0.039604	0.148515	0.0594059	0.009901	0	0	0	0	0.845455	0.94863	0.236707	0.567568	0.865874	0.009901	0.128713	9.90099e-09	1	0.140652	0.171466	0.666667	0.666667	0.666667	1	1	85222.7	1e+20	4.25081e+08	26.6783	75.0429	44.3956	70.3075	29.0012	74.2429	
107000	-122975	-1245.69	-76189	-11715.9	0.377686	1	0.153588	13.0218	9.80967	0.0359579	19.1531	0.105635	5967	99	760	-15637	55.5886f	82.5779	4	1	1	0.039604	0.148515	0.0594059	0.009901	0	0	0	0	0.809091	0.944631	0.236181	0.522013	0.862647	0.009901	0.128713	9.90099e-09	1	0.142617	0.18665	0.666667	0.666667	0.666667	1	1	85222.7	1e+20	4.25081e+08	26.6783	75.0429	44.3956	70.3075	55.5886	82.5779	
108000	-121103	-1245.69	-74317.3	-11606.8	0.377686	1	0.144588	13.8324	8.6634	0.0182628	18.8497	0.127057	5855	99	697	-15637	33.8496f	67.3892	4	1	1	0.039604	0.148515	0.0594059	0.009901	0	0	0	0	0.909091	0.947189	0.223169	0.591549	0.860068	0.009901	0.128713	9.90099e-09	1	0.138225	0.184922	0.666667	0.666667	0.666667	1	1	85222.7	1e+20	4.25081e+08	26.6783	75.0429	44.3956	70.3075	33.8496	67.3892	
109000	-121053	-1245.69	-74267.3	-11581.1	0.37514	1	0.145821	13.7155	8.6784	0.00516128	18.8497	0.125765	5829	99	714	-15637	55.779f	60.0445	4	1	1	0.039604	0.148515	0.0594059	0.009901	0	0	0	0	0.836364	0.957192	0.206186	0.542857	0.859348	0.009901	0.128713	9.90099e-09	1	0.133791	0.190544	0.666667	0.666667	0.666667	1	1	85222.7	1e+20	4.25081e+08	26.6783	75.0429	51.4158	64.1956	55.779	60.0445	
110000	-122378	-1245.69	-75592.4	-11714.9	0.377926	1	0.141857	14.0987	8.70378	0.00994117	18.9588	0.128902	5966	99	704	-15637	64.6342f	57.8543	4	1	1	0.039604	0.148515	0.0594059	0.009901	0	0	0	0	0.790909	0.953099	0.233221	0.574468	0.883249	0.009901	0.128713	9.90099e-09	1	0.137584	0.171146	0.666667	0.666667	0.666667	1	1	85222.7	1e+20	4.25081e+08	26.6783	75.0429	51.4158	64.1956	64.6342	57.8543	
111000	-122273	-1245.69	-75487.2	-11737.3	0.371885	1	0.137265	14.5703	8.28743	0.0493371	18.9588	0.139907	5987	99	678	-15637	59.2422f	87.6953	4	1	1	0.0693069	0.148515	0.019802	0.009901	0	0	0	0	0.772727	0.966611	0.222591	0.594406	0.854758	0.009901	0.128713	9.90099e-09	1	0.126456	0.168142	0.666667	0.666667	0.666667	1	1	85222.7	1e+20	4.25081e+08	26.6783	75.0429	70.1234	73.4982	59.2422	87.6953	
112000	-120897	-1245.69	-74111.1	-11591.9	0.374836	1	0.138585	14.4316	8.47405	0.0836856	18.9815	0.135523	5840	99	684	-15637	74.4152f	94.3684	4	1	1	0.0693069	0.148515	0.019802	0.009901	0	0	0	0	0.845455	0.955782	0.223549	0.489209	0.88547	0.009901	0.0891089	9.90099e-09	1	0.132879	0.168129	0.666667	0.666667	0.666667	1	1	85222.7	1e+20	4.25081e+08	26.6783	75.0429	70.1234	73.4982	74.4152	94.3684	
113000	-121047	-1245.69	-74261.6	-11592.9	0.372018	1	0.132992	15.0385	8.07093	0.088532	18.9815	0.148277	5841	99	698	-15637	72.8884f	96.8321	4	1	1	0.0693069	0.148515	0.019802	0.009901	0	0	0	0	0.854545	0.959322	0.241497	0.597122	0.852542	0.009901	0.0891089	9.90099e-09	1	0.113946	0.196275	0.666667	0.666667	0.666667	1	1	85222.7	1e+20	4.25081e+08	26.6783	75.0429	64.1481	75.4405	72.8884	96.8321	
114000	-118095	-1245.69	-71309.3	-11401.5	0.35174	1	0.122498	16.3268	7.62072	0.0815283	19.3691	0.170489	5648	99	614	-15637	98.8272f	59.8801	4	1	1	0.0693069	0.178218	0.019802	0.009901	0	0	0	0	0.845455	0.954386	0.233333	0.496124	0.876106	0.009901	0.0891089	9.90099e-09	1	0.149123	0.198003	0.666667	0.666667	0.666667	1	1	85222.7	1e+20	4.25081e+08	26.6783	75.0429	64.1481	75.4405	98.8272	59.8801	
115000	-116371	-1245.69	-69585.1	-11270.9	0.35174	1	0.112606	17.7611	7.04801	0.059906	19.3985	0.200537	5523	99	568	-15637	84.3585f	75.2053	4	1	1	0.0693069	0.178218	0.019802	0.009901	0	0	0	0	0.863636	0.961818	0.267273	0.525424	0.884892	0.009901	0.0891089	9.90099e-09	1	0.132007	0.17128	0.666667	0.666667	0.666667	1	1	85222.7	1e+20	4.25081e+08	26.6783	75.0429	64.1481	75.4405	84.3585	75.2053	
116000	-117978	-1245.69	-71192.4	-11401.4	0.354993	1	0.126598	15.798	6.49989	0.0571928	18.4189	0.193414	5649	99	603	-15637	88.1992f	66.4347	4	1	1	0.0693069	0.178218	0.019802	9.90099e-09	0	0	0	0	0.881818	0.957968	0.244681	0.495868	0.880783	0.009901	0.0891089	9.90099e-09	1	0.12234	0.14527	0.666667	0.666667	0.666667	1	1	85222.7	1e+20	4.25081e+08	26.6783	75.0429	64.1481	75.4405	88.1992	66.4347	
117000	-117105	-1245.69	-70319.2	-11273	0.354993	1	0.134606	14.8582	7.36945	0.103528	18.717	0.160443	5525	99	639	-15637	90.7327f	88.8817	4	1	1	0.0693069	0.178218	0.0792079	9.90099e-09	0	0	0	0	0.890909	0.974775	0.261733	0.529412	0.876325	0.009901	0.0891089	9.90099e-09	1	0.148014	0.205663	0.666667	0.666667	0.666667	1	1	85222.7	1e+20	4.25081e+08	26.6783	75.0429	64.1481	75.4405	90.7327	88.8817	
118000	-117413	-1245.69	-70627.6	-11288.6	0.354993	1	0.13559	14.7504	8.32767	0.00607638	19.2627	0.140951	5540	99	650	-15637	39.3099f	41.7306	4	1	1	0.049505	0.178218	0.0792079	9.90099e-09	0	0	0	0	0.890909	0.958484	0.21982	0.575758	0.878843	0.009901	0.128713	9.90099e-09	1	0.122523	0.18	0.666667	0.666667	0.666667	1	1	85222.7	1e+20	4.25081e+08	26.6783	75.0429	64.1481	75.4405	39.3099	41.7306	
119000	-116651	-1245.69	-69865.5	-11227.5	0.354993	1	0.128389	15.5776	6.95141	0.0610031	18.665	0.178327	5481	99	642	-15637	33.9373f	90.4552	4	1	1	0.049505	0.178218	0.0792079	9.90099e-09	0	0	0	0	0.8	0.945155	0.214545	0.559055	0.873626	0.009901	0.128713	9.90099e-09	1	0.121818	0.169954	0.666667	0.666667	0.666667	1	1	85222.7	1e+20	4.25081e+08	26.6783	75.0429	64.1481	75.4405	33.9373	90.4552	
120000	-117426	-1245.69	-70640.5	-11260.2	0.365812	1	0.152009	13.1571	8.48111	0.00286115	18.665	0.123452	5509	99	686	-15637	56.9258f	53.8326	4	1	1	0.049505	0.178218	0.0792079	9.90099e-09	0	0	0	0	0.809091	0.951175	0.244565	0.565217	0.85118	0.009901	0.128713	9.90099e-09	1	0.139746	0.195335	0.666667	0.666667	0.666667	1	1	85222.7	1e+20	4.25081e+08	26.6783	75.0429	64.1481	75.4405	56.9258	53.8326	
121000	-118032	-1245.69	-71246.1	-11337.2	0.355785	1	0.137177	14.5797	8.96809	0.006825	19.5549	0.129371	5587	99	669	-15637	60.8502f	41.7618	4	1	1	0.049505	0.178218	0.0792079	9.90099e-09	0	0	0	0	0.845455	0.951786	0.22898	0.449275	0.837168	0.009901	0.128713	9.90099e-09	1	0.16221	0.211816	0.666667	0.666667	0.666667	1	1	85222.7	1e+20	4.25081e+08	26.6783	75.0429	64.1481	75.4405	60.8502	41.7618	
122000	-117720	-1245.69	-70934.6	-11415.7	0.355785	1	0.109672	18.2362	7.16991	0.00261662	19.5549	0.2024	5663	99	559	-15637	49.501f	57.8055	4	1	1	0.049505	0.178218	0.0792079	9.90099e-09	0	0	0	0	0.845455	0.961268	0.227113	0.538462	0.871479	0.009901	0.128713	9.90099e-09	1	0.112875	0.192513	0.666667	0.666667	0.666667	1	1	85222.7	1e+20	4.25081e+08	21.1456	69.8199	64.1481	75.4405	49.501	57.8055	
123000	-118002	-1245.69	-71216	-11432.2	0.355785	1	0.122061	16.3853	7.59552	0.0758255	19.3151	0.171667	5679	99	575	-15637	90.3109f	76.1314	4	1	1	0.029703	0.178218	0.0792079	9.90099e-09	0	0	0	0	0.818182	0.957672	0.197531	0.447368	0.878521	0.009901	0.128713	9.90099e-09	1	0.100352	0.173451	0.666667	0.666667	0.666667	1	1	85222.7	1e+20	4.25081e+08	21.1456	69.8199	64.1481	75.4405	90.3109	76.1314	
124000	-118889	-1245.69	-72103.3	-11447.7	0.355785	1	0.125989	15.8745	7.83995	0.0931191	19.3151	0.16113	5694	99	642	-15637	72.0858f	98.7148	4	1	1	0.029703	0.178218	0.0792079	9.90099e-09	0	0	0	0	0.854545	0.961538	0.229021	0.508065	0.872378	0.009901	0.118812	9.90099e-09	1	0.142105	0.172414	0.666667	0.666667	0.666667	1	1	85222.7	1e+20	4.25081e+08	21.1456	69.8199	64.1481	75.4405	72.0858	98.7148	
125000	-117320	-1245.69	-70534.7	-11263.8	0.355785	1	0.127498	15.6866	7.35184	0.0488405	18.9507	0.169794	5516	99	668	-15637	72.5136f	81.1899	4	1	1	0.029703	0.158416	0.0792079	9.90099e-09	0	0	0	0	0.8	0.958559	0.254083	0.512	0.869801	9.90099e-09	0.118812	9.90099e-09	1	0.166667	0.151608	0.666667	0.666667	0.666667	1	1	85222.7	1e+20	4.25081e+08	21.1456	69.8199	64.1481	75.4405	72.5136	81.1899	
126000	-117204	-1245.69	-70418.6	-11326.9	0.349593	1	0.119422	16.7474	7.3394	0.00799069	19.3398	0.181584	5576	99	601	-15637	47.5706f	64.9524	4	1	1	0.029703	0.158416	0.0792079	9.90099e-09	0	0	0	0	0.854545	0.96595	0.236036	0.484127	0.859712	9.90099e-09	0.118812	9.90099e-09	1	0.145161	0.180624	0.666667	0.666667	0.666667	1	1	85222.7	1e+20	4.25081e+08	21.1456	69.8199	64.1481	75.4405	47.5706	64.9524	
127000	-115839	-1245.69	-69053.1	-11179.7	0.349432	1	0.119462	16.7417	8.19099	0.0109466	19.8785	0.16265	5436	99	602	-15637	32.033f	45.7368	4	1	1	0.029703	0.158416	0.0792079	9.90099e-09	0	0	0	0	0.890909	0.964945	0.221811	0.491667	0.860294	9.90099e-09	0.118812	9.90099e-09	1	0.12939	0.209059	0.666667	0.666667	0.666667	1	1	85222.7	1e+20	4.25081e+08	21.1456	69.8199	64.1481	75.4405	32.033	45.7368	
128000	-115850	-1245.69	-69064.5	-11169.2	0.34488	1	0.120039	16.6612	8.12334	0.0665834	19.8785	0.163216	5426	99	609	-15637	67.1197f	91.7641	4	1	1	0.029703	0.158416	0.0792079	9.90099e-09	0	0	0	0	0.881818	0.959259	0.236162	0.508333	0.87963	9.90099e-09	0.118812	9.90099e-09	1	0.132841	0.182741	0.666667	0.666667	0.666667	1	1	85222.7	1e+20	4.25081e+08	21.1456	69.8199	64.1481	75.4405	67.1197	91.7641	
129000	-118755	-1245.69	-71968.9	-11444.1	0.35762	1	0.119567	16.727	8.39032	0.0850694	19.8785	0.158646	5691	99	626	-15637	93.1627f	77.0366	4	1	1	0.029703	0.158416	0.039604	9.90099e-09	0	0	0	0	0.863636	0.957895	0.242958	0.508065	0.887719	9.90099e-09	0.118812	9.90099e-09	1	0.145614	0.170772	0.666667	0.666667	0.666667	1	1	85222.7	1e+20	4.25081e+08	21.1456	69.8199	51.8117	78.1734	93.1627	77.0366	
130000	-118772	-1245.69	-71986	-11439.9	0.35762	1	0.124449	16.0709	8.73287	0.0461767	19.8785	0.146444	5687	99	631	-15637	12.3911f	43.1005	4	1	1	0.049505	0.158416	0.039604	9.90099e-09	0	0	0	0	0.854545	0.961404	0.252632	0.469697	0.903678	9.90099e-09	0.0891089	9.90099e-09	1	0.122807	0.180404	0.666667	0.666667	0.666667	1	1	85222.7	1e+20	4.25081e+08	21.1456	69.8199	51.8117	78.1734	12.3911	43.1005	
131000	-117990	-1245.69	-71204.5	-11414.9	0.360011	1	0.114057	17.5351	8.05713	0.00220659	19.8785	0.173188	5663	99	582	-15637	53.1276f	55.9612	4	1	1	0.049505	0.158416	0.039604	9.90099e-09	0	0	0	0	0.818182	0.962766	0.241623	0.452381	0.875666	9.90099e-09	0.0891089	9.90099e-09	1	0.140598	0.202636	0.666667	0.666667	0.666667	1	1	85222.7	1e+20	4.25081e+08	4.31655	43.8117	51.8117	78.1734	53.1276	55.9612	
132000	-116320	-1245.69	-69534	-11266.3	0.358261	1	0.112232	17.8203	7.88967	0.0257689	19.8785	0.17974	5518	99	569	-15637	76.5363f	42.3295	4	1	1	0.049505	0.227723	0.039604	9.90099e-09	0	0	0	0	0.890909	0.949183	0.231047	0.559322	0.891697	9.90099e-09	0.0891089	9.90099e-09	1	0.132246	0.200686	0.666667	0.666667	0.666667	1	1	85222.7	1e+20	4.25081e+08	4.31655	43.8117	51.8117	78.1734	76.5363	42.3295	
133000	-119522	-1245.69	-72736.8	-11535.3	0.358261	1	0.112232	17.8203	7.88967	0.0398952	19.8785	0.17974	5780	99	612	-15637	81.9643f	63.1627	4	1	1	0.049505	0.227723	0.039604	9.90099e-09	0	0	0	0	0.872727	0.958692	0.209705	0.454545	0.884682	9.90099e-09	0.0891089	9.90099e-09	1	0.129758	0.19281	0.666667	0.666667	0.666667	1	1	85222.7	1e+20	4.25081e+08	4.31655	43.8117	75.5189	86.2231	81.9643	63.1627	
134000	-117522	-1245.69	-70736.6	-11322.9	0.35921	1	0.119093	16.7936	8.39421	0.104079	19.8785	0.159204	5573	99	622	-15637	90.6292f	89.2104	4	1	1	0.049505	0.227723	0.039604	9.90099e-09	0	0	0	0	0.818182	0.947748	0.27027	0.544	0.876786	9.90099e-09	0.0891089	9.90099e-09	1	0.135135	0.191759	0.666667	0.666667	0.666667	1	1	85222.7	1e+20	4.25081e+08	87.6177	33.0288	75.5189	86.2231	90.6292	89.2104	
135000	-120440	-1245.69	-73654	-11578.2	0.36521	1	0.123812	16.1536	8.87256	0.0384845	19.8785	0.14488	5825	99	657	-15637	50.4915f	84.2898	4	1	1	0.049505	0.227723	0.039604	9.90099e-09	0	0	0	0	0.863636	0.963793	0.254325	0.536232	0.851724	9.90099e-09	0.0891089	9.90099e-09	1	0.120069	0.190259	0.666667	0.666667	0.666667	1	1	85222.7	1e+20	4.25081e+08	13.4753	76.7998	75.5189	86.2231	50.4915	84.2898	
136000	-119462	-1245.69	-72676.4	-11495.6	0.36521	1	0.114865	17.4118	8.23141	0.0648841	19.8785	0.168329	5743	99	642	-15637	70.9144f	89.2901	4	1	1	0.0693069	0.227723	9.90099e-09	9.90099e-09	0	0	0	0	0.818182	0.954704	0.238676	0.52381	0.843206	9.90099e-09	0.0891089	9.90099e-09	1	0.123478	0.197015	0.666667	0.666667	0.666667	1	1	85222.7	1e+20	4.25081e+08	13.4753	76.7998	75.5189	86.2231	70.9144	89.2901	
137000	-119604	-1245.69	-72817.8	-11536.9	0.36521	1	0.120189	16.6405	8.61294	0.0457368	19.8785	0.153746	5784	99	617	-15637	81.2499f	70.0063	4	1	1	0.0693069	0.227723	9.90099e-09	9.90099e-09	0	0	0	0	0.890909	0.963918	0.256897	0.540984	0.894828	9.90099e-09	0.207921	9.90099e-09	1	0.127807	0.193709	0.666667	0.666667	0.666667	1	1	85222.7	1e+20	4.25081e+08	25.0795	85.3486	75.5189	86.2231	81.2499	70.0063	
138000	-119306	-1245.69	-72520.7	-11510.5	0.369034	1	0.120158	16.6448	8.70087	0.13624	19.8785	0.152232	5758	99	612	-15637	98.1943f	93.165	4	1	1	0.0693069	0.227723	9.90099e-09	9.90099e-09	0	0	0	0	0.854545	0.963478	0.250871	0.429688	0.883681	9.90099e-09	0.207921	9.90099e-09	1	0.116319	0.196721	0.666667	0.666667	0.666667	1	1	85222.7	1e+20	4.25081e+08	25.0795	85.3486	75.5189	86.2231	98.1943	93.165	
139000	-121830	-1245.69	-75044.5	-11707.9	0.369034	1	0.122845	16.2807	8.89545	0.0556186	19.8785	0.145645	5956	99	661	-15637	74.447f	83.0415	4	1	1	0.0693069	0.148515	9.90099e-09	9.90099e-09	0	0	0	0	0.8	0.954698	0.250842	0.556391	0.860269	9.90099e-09	0.207921	9.90099e-09	1	0.121212	0.184569	0.666667	0.666667	0.666667	1	1	85222.7	1e+20	4.25081e+08	30.6721	84.517	75.5189	86.2231	74.447	83.0415	
140000	-121531	-1245.69	-74745.7	-11695	0.369034	1	0.119284	16.7668	8.63755	0.0391202	19.8785	0.154472	5943	99	641	-15637	57.0265f	83.7705	4	1	1	0.0693069	0.148515	9.90099e-09	9.90099e-09	0	0	0	0	0.827273	0.955932	0.229983	0.530769	0.902896	9.90099e-09	0.207921	9.90099e-09	1	0.159322	0.192429	0.666667	0.666667	0.666667	1	1	85222.7	1e+20	4.25081e+08	30.6721	84.517	75.5189	86.2231	57.0265	83.7705	
141000	-121095	-1245.69	-74308.9	-11613.7	0.37772	1	0.121238	16.4964	8.8283	0.0843989	19.7908	0.148697	5862	99	680	-15637	8.01817f	79.847	4	1	1	0.0693069	0.148515	9.90099e-09	9.90099e-09	0	0	0	0	0.881818	0.976109	0.228669	0.578571	0.872014	9.90099e-09	0.207921	9.90099e-09	1	0.122658	0.215976	0.666667	0.666667	0.666667	1	1	85222.7	1e+20	4.25081e+08	30.6721	84.517	75.5189	86.2231	8.01817	79.847	
142000	-120172	-1245.69	-73386	-11561.3	0.37351	1	0.117635	17.0017	8.44136	0.0168513	19.7738	0.160277	5809	99	648	-15637	44.5047f	71.8575	4	1	1	0.039604	0.148515	9.90099e-09	9.90099e-09	0	0	0	0	0.872727	0.970639	0.245645	0.568966	0.907057	9.90099e-09	0.207921	9.90099e-09	1	0.148021	0.183801	0.666667	0.666667	0.666667	1	1	85222.7	1e+20	4.25081e+08	30.6721	84.517	75.5189	86.2231	44.5047	71.8575	
143000	-121611	-1245.69	-74825.3	-11680.2	0.374997	1	0.124433	16.0729	8.96473	0.0685148	19.7738	0.142674	5930	99	667	-15637	93.4639f	63.7785	4	1	1	0.039604	0.148515	0.029703	9.90099e-09	0	0	0	0	0.909091	0.94958	0.252525	0.541353	0.875421	9.90099e-09	0.19802	9.90099e-09	1	0.119529	0.188906	0.666667	0.666667	0.666667	1	1	85222.7	1e+20	4.25081e+08	30.6721	84.517	75.5189	86.2231	93.4639	63.7785	
144000	-120104	-1245.69	-73318.6	-11533.1	0.374997	1	0.123404	16.207	9.19383	0.0580616	19.9404	0.14028	5780	99	664	-15637	75.6641f	83.2558	4	1	1	0.039604	0.148515	0.029703	9.90099e-09	0	0	0	0	0.809091	0.942708	0.283247	0.541353	0.861831	9.90099e-09	0.19802	9.90099e-09	1	0.154514	0.174699	0.666667	0.666667	0.666667	1	1	85222.7	1e+20	4.25081e+08	30.6721	84.517	75.5189	86.2231	75.6641	83.2558	
145000	-121627	-1245.69	-74840.9	-11612.5	0.374997	1	0.127225	15.7202	9.11192	0.0995745	19.7447	0.13729	5861	99	731	-15637	87.9794f	90.0899	4	1	1	0.039604	0.148515	0.029703	9.90099e-09	0	0	0	0	0.845455	0.97099	0.253859	0.521429	0.882253	9.90099e-09	0.19802	9.90099e-09	1	0.147766	0.183844	0.666667	0.666667	0.666667	1	1	85222.7	1e+20	4.25081e+08	30.6721	84.517	75.5189	86.2231	87.9794	90.0899	
146000	-120882	-1245.69	-74096.3	-11629.2	0.374997	1	0.125469	15.9402	8.98613	0.0561125	19.7447	0.14116	5878	99	645	-15637	72.1159f	84.8931	4	1	1	0.039604	0.108911	0.029703	9.90099e-09	0	0	0	0	0.818182	0.952462	0.235993	0.617647	0.882852	9.90099e-09	0.19802	9.90099e-09	1	0.11545	0.196402	0.666667	0.666667	0.666667	1	1	85222.7	1e+20	4.25081e+08	30.6721	84.517	75.5189	86.2231	72.1159	84.8931	
147000	-122805	-1245.69	-76019.2	-11712.6	0.374958	1	0.125469	15.9402	8.9852	0.0379762	19.7447	0.141175	5963	99	741	-15637	68.8329f	78.0965	4	1	1	0.039604	0.108911	0.029703	9.90099e-09	0	0	0	0	0.854545	0.958403	0.235392	0.597122	0.874372	9.90099e-09	0.19802	9.90099e-09	1	0.147404	0.192034	0.666667	0.666667	0.666667	1	1	85222.7	1e+20	4.25081e+08	30.6721	84.517	75.5189	86.2231	68.8329	78.0965	
148000	-124200	-1245.69	-77413.9	-11847.3	0.382313	1	0.138051	14.4874	10.0802	0.0456663	19.7447	0.11437	6104	99	737	-15637	72.9202f	79.2424	4	1	1	0.039604	0.108911	0.029703	9.90099e-09	0	0	0	0	0.881818	0.944354	0.262726	0.54	0.864157	0.009901	0.19802	9.90099e-09	1	0.14239	0.189404	0.666667	0.666667	0.666667	1	1	85222.7	1e+20	4.25081e+08	30.6721	84.517	75.5189	86.2231	72.9202	79.2424	
149000	-124619	-1245.69	-77833.5	-11897.5	0.393332	1	0.120417	16.609	8.98808	0.0220228	19.713	0.14705	6159	99	719	-15637	61.2472f	72.9571	4	1	1	0.0594059	0.108911	0.019802	9.90099e-09	0	0	0	0	0.854545	0.974026	0.256078	0.527778	0.866883	0.009901	0.118812	9.90099e-09	1	0.146104	0.191136	0.666667	0.666667	0.666667	1	1	85222.7	1e+20	4.25081e+08	30.6721	84.517	75.5189	86.2231	61.2472	72.9571	
150000	-122014	-1245.69	-75228.3	-11733.9	0.383349	1	0.116263	17.2024	8.45776	0.0577156	19.713	0.161854	5986	99	647	-15637	64.0183f	89.5842	4	1	1	0.0594059	0.108911	0.019802	9.90099e-09	0	0	0	0	0.854545	0.95515	0.227197	0.473684	0.865894	0.009901	0.118812	9.90099e-09	1	0.108514	0.186012	0.666667	0.666667	0.666667	1	1	85222.7	1e+20	4.25081e+08	30.6721	84.517	75.5189	86.2231	64.0183	89.5842	
151000	-120767	-1245.69	-73981.5	-11604.8	0.381643	1	0.127377	15.7014	9.44628	0.024986	19.8301	0.132272	5852	99	656	-15637	77.0338f	47.5383	4	1	1	0.0594059	0.108911	0.019802	9.90099e-09	0	0	0	0	0.863636	0.938983	0.253833	0.507576	0.833049	0.009901	0.118812	9.90099e-09	1	0.107509	0.18927	0.666667	0.666667	0.666667	1	1	85222.7	1e+20	4.25081e+08	30.6721	84.517	75.5189	86.2231	77.0338	47.5383	
152000	-121916	-1245.69	-75130.5	-11713.6	0.381643	1	0.115461	17.3218	8.52972	0.0500057	19.8111	0.161603	5965	99	657	-15637	70.7316f	82.9788	4	1	1	0.0594059	0.148515	0.019802	9.90099e-09	0	0	0	0	0.8	0.964765	0.270588	0.560284	0.875211	0.009901	0.118812	9.90099e-09	1	0.159396	0.193403	0.666667	0.666667	0.666667	1	1	85222.7	1e+20	4.25081e+08	30.6721	84.517	75.5189	86.2231	70.7316	82.9788	
153000	-124742	-1245.69	-77956.1	-11998.8	0.394922	1	0.123996	16.1296	7.99317	0.0289377	18.9844	0.160581	6268	99	641	-15637	74.4131f	66.2106	4	1	1	0.0594059	0.148515	0.019802	9.90099e-09	0	0	0	0	0.854545	0.977528	0.2464	0.503876	0.888357	0.009901	0.118812	9.90099e-09	1	0.129187	0.156051	0.666667	0.666667	0.666667	1	1	85222.7	1e+20	4.25081e+08	30.6721	84.517	75.5189	86.2231	74.4131	66.2106	
154000	-121879	-1245.69	-75093.8	-11773.9	0.394922	1	0.110172	18.1534	7.94455	0.00563806	19.524	0.181835	6026	99	600	-15637	61.6883f	46.8502	4	1	1	0.0594059	0.148515	0.039604	9.90099e-09	0	0	0	0	0.809091	0.957025	0.222591	0.512397	0.89644	0.009901	0.118812	9.90099e-09	1	0.120661	0.196013	0.666667	0.666667	0.666667	1	1	85222.7	1e+20	4.25081e+08	30.6721	84.517	81.325	84.0673	61.6883	46.8502	
155000	-122573	-1245.69	-75787.8	-11834.7	0.38831	1	0.106474	18.7839	7.54935	0.0124837	19.524	0.198	6092	99	604	-15637	57.5469f	67.407	4	1	1	0.0594059	0.148515	0.039604	9.90099e-09	0	0	0	0	0.890909	0.965909	0.255319	0.463415	0.873977	0.009901	0.0990099	9.90099e-09	1	0.111475	0.217608	0.666667	0.666667	0.666667	1	1	85222.7	1e+20	4.25081e+08	30.6721	84.517	82.3592	75.1535	57.5469	67.407	
156000	-122769	-1245.69	-75983	-11811.5	0.383367	1	0.118121	16.9318	8.26851	0.0372986	19.524	0.162955	6067	99	638	-15637	75.8632f	71.1864	4	1	1	0.0594059	0.148515	0.039604	9.90099e-09	0	0	0	0	0.827273	0.954098	0.247117	0.522388	0.916118	0.009901	0.0990099	9.90099e-09	1	0.135091	0.177632	0.666667	0.666667	0.666667	1	1	85222.7	1e+20	4.25081e+08	30.6721	84.517	82.3592	75.1535	75.8632	71.1864	
157000	-124652	-1245.69	-77866.7	-11964.3	0.400899	1	0.118531	16.8733	8.55982	0.0866425	19.4579	0.156864	6231	99	657	-15637	89.8095f	82.5629	4	1	1	0.0594059	0.148515	0.039604	9.90099e-09	0	0	0	0	0.854545	0.975923	0.275641	0.469697	0.866774	0.009901	0.0990099	9.90099e-09	1	0.165064	0.184332	0.666667	0.666667	0.666667	1	1	85222.7	1e+20	4.25081e+08	30.6721	84.517	98.2876	57.3348	89.8095	82.5629	
158000	-125126	-1245.69	-78340.3	-12033.7	0.400899	1	0.121476	16.4641	8.77253	0.0177091	19.4579	0.149349	6307	99	632	-15637	72.5979f	48.3649	4	1	1	0.0594059	0.148515	0.039604	9.90099e-09	0	0	0	0	0.9	0.958991	0.270866	0.453846	0.879173	0.009901	0.0990099	9.90099e-09	1	0.107765	0.201863	0.666667	0.666667	0.666667	1	1	85222.7	1e+20	4.25081e+08	30.6721	84.517	98.2876	57.3348	72.5979	48.3649	
159000	-125476	-1245.69	-78690	-12056.3	0.405044	1	0.112408	17.7924	8.3425	0.0194719	19.541	0.169718	6332	99	640	-15637	71.31f	39.1537	4	1	1	0.0594059	0.19802	0.039604	9.90099e-09	0	0	0	0	0.854545	0.971519	0.236593	0.488722	0.905063	0.009901	0.0990099	9.90099e-09	1	0.0993691	0.204473	0.666667	0.666667	0.666667	1	1	85222.7	1e+20	4.25081e+08	30.6721	84.517	98.2876	57.3348	71.31	39.1537	
160000	-126504	-1245.69	-79717.9	-12099.7	0.405044	1	0.116259	17.203	8.62829	0.118169	19.541	0.158661	6380	99	687	-15637	92.4769f	92.685	4	1	1	0.0594059	0.19802	0.039604	0.009901	0	0	0	0	0.836364	0.959248	0.244131	0.440299	0.895149	0.009901	0.0990099	9.90099e-09	1	0.125196	0.214794	0.666667	0.666667	0.666667	1	1	85222.7	1e+20	4.25081e+08	24.6541	43.1585	98.2876	57.3348	92.4769	92.685	
161000	-126021	-1245.69	-79234.9	-12096.9	0.405044	1	0.113228	17.6635	8.63341	0.0930095	19.6734	0.162811	6377	99	642	-15637	99.1372f	29.194	4	1	1	0.0693069	0.19802	0.039604	0.009901	0	0	0	0	0.890909	0.955975	0.257457	0.585938	0.899371	0.009901	0.138614	9.90099e-09	1	0.133648	0.177778	0.666667	0.666667	0.666667	1	1	85222.7	1e+20	4.25081e+08	24.6541	43.1585	98.2876	57.3348	99.1372	29.194	
162000	-126270	-1245.69	-79484.5	-12090.2	0.401797	1	0.107196	18.6573	8.10797	0.0155342	19.6734	0.183117	6369	99	671	-15637	70.9804f	52.4035	4	1	1	0.0693069	0.19802	0.039604	0.009901	0	0	0	0	0.763636	0.967136	0.229199	0.459259	0.905956	0.009901	0.138614	9.90099e-09	1	0.138846	0.198212	0.666667	0.666667	0.666667	1	1	85222.7	1e+20	4.25081e+08	24.6541	43.1585	95.9508	62.8242	70.9804	52.4035	
163000	-126987	-1245.69	-80201.1	-12123.5	0.400297	1	0.122921	16.2706	9.24005	0.0709186	19.6614	0.140126	6405	99	708	-15637	89.7076f	74.0563	4	1	1	0.0693069	0.19802	0.039604	0.009901	0	0	0	0	0.827273	0.962559	0.260938	0.559441	0.875195	0.009901	0.138614	9.90099e-09	1	0.140406	0.173851	0.666667	0.666667	0.666667	1	1	85222.7	1e+20	4.25081e+08	32.0773	11.769	97.3765	74.994	89.7076	74.0563	
164000	-126096	-1245.69	-79310.8	-12000	0.399145	1	0.119477	16.7396	8.95533	0.0494324	19.6614	0.148749	6270	99	749	-15637	72.0141f	81.8417	4	1	1	0.0693069	0.19802	0.039604	0.009901	0	0	0	0	0.790909	0.974441	0.2416	0.506944	0.856688	0.009901	0.138614	9.90099e-09	1	0.135566	0.194927	0.666667	0.666667	0.666667	1	1	85222.7	1e+20	4.25081e+08	8.31506	71.4089	97.3765	74.994	72.0141	81.8417	
165000	-125511	-1245.69	-78725.6	-11960.5	0.399145	1	0.121336	16.4831	9.69221	0.0260476	19.9767	0.135334	6227	99	731	-15637	77.4942f	46.258	4	1	1	0.0693069	0.19802	0.039604	0.009901	0	0	0	0	0.809091	0.953376	0.226324	0.513889	0.876206	0.009901	0.138614	9.90099e-09	1	0.155949	0.20527	0.666667	0.666667	0.666667	1	1	85222.7	1e+20	4.25081e+08	8.31506	71.4089	97.3765	74.994	77.4942	46.258	
166000	-125176	-1245.69	-78390.7	-11912.5	0.387737	1	0.129622	15.4294	10.0582	0.0596068	19.9767	0.122073	6174	99	758	-15637	86.6383f	71.5116	4	1	1	0.0693069	0.217822	0.039604	0.009901	0	0	0	0	0.881818	0.962662	0.242718	0.423841	0.84514	0.009901	0.138614	9.90099e-09	1	0.169381	0.181217	0.666667	0.666667	0.666667	1	1	85222.7	1e+20	4.25081e+08	26.8087	93.2154	97.3765	74.994	86.6383	71.5116	
167000	-126122	-1245.69	-79336.1	-11985.5	0.396302	1	0.12782	15.647	10.1374	0.0601072	19.9767	0.122828	6254	99	768	-15637	81.4647f	78.8793	4	1	1	0.0792079	0.217822	0.039604	0.009901	0	0	0	0	0.845455	0.951768	0.23445	0.596026	0.891547	0.009901	0.188119	9.90099e-09	1	0.15016	0.180628	0.666667	0.666667	0.666667	1	1	85222.7	1e+20	4.25081e+08	26.8087	93.2154	97.3765	74.994	81.4647	78.8793	
168000	-123859	-1245.69	-77072.9	-11832.9	0.388041	1	0.115581	17.3039	8.97562	0.0535038	19.9767	0.153415	6090	99	708	-15637	79.5637f	77.3069	4	1	1	0.0792079	0.217822	0.039604	0.009901	0	0	0	0	0.881818	0.947712	0.263502	0.559441	0.87299	0.009901	0.188119	9.90099e-09	1	0.142623	0.168331	0.666667	0.666667	0.666667	1	1	85222.7	1e+20	4.25081e+08	26.8087	93.2154	97.3765	74.994	79.5637	77.3069	
169000	-122833	-1245.69	-76047.7	-11794	0.388041	1	0.115581	17.3039	8.97562	0.0796052	19.9767	0.153415	6049	99	655	-15637	99.2272f	49.5717	4	1	1	0.0792079	0.217822	0.039604	0.009901	0	0	0	0	0.827273	0.955446	0.310345	0.549618	0.876442	0.009901	0.188119	9.90099e-09	1	0.108911	0.167951	0.666667	0.666667	0.666667	1	1	85222.7	1e+20	4.25081e+08	26.8087	93.2154	97.3765	74.994	99.2272	49.5717	
170000	-123730	-1245.69	-76944.7	-11851.6	0.390731	1	0.126913	15.7588	9.924	0.110921	19.9767	0.126365	6110	99	689	-15637	90.1253f	92.3309	4	1	1	0.0792079	0.217822	0.039604	0.009901	0	0	0	0	0.863636	0.961165	0.245928	0.524476	0.883987	0.009901	0.188119	9.90099e-09	1	0.125407	0.204802	0.666667	0.666667	0.666667	1	1	85222.7	1e+20	4.25081e+08	26.8087	93.2154	97.3765	74.994	90.1253	92.3309	
171000	-125047	-1245.69	-78261.7	-11940.9	0.390731	1	0.126913	15.7588	8.65208	0.0883406	19.3033	0.144941	6205	99	719	-15637	95.0756f	75.748	4	1	1	0.0792079	0.0594059	0.039604	0.009901	0	0	0	0	0.781818	0.958132	0.231511	0.485507	0.850242	0.009901	0.188119	9.90099e-09	1	0.138486	0.201669	0.666667	0.666667	0.666667	1	1	85222.7	1e+20	4.25081e+08	26.8087	93.2154	97.3765	74.994	95.0756	75.748	
172000	-125957	-1245.69	-79170.9	-12033.9	0.390731	1	0.115493	17.317	8.93892	0.0453141	19.9255	0.154162	6304	99	703	-15637	85.0641f	61.5054	4	1	1	0.0792079	0.0594059	0.019802	0.009901	0	0	0	0	0.863636	0.966561	0.264753	0.514085	0.883013	0.009901	0.188119	9.90099e-09	1	0.160063	0.174603	0.666667	0.666667	0.666667	1	1	85222.7	1e+20	4.25081e+08	26.8087	93.2154	97.3765	74.994	85.0641	61.5054	
173000	-123414	-1245.69	-76628	-11831.9	0.390731	1	0.121047	16.5226	9.36874	0.0674741	19.9255	0.140342	6089	99	672	-15637	88.114f	74.4219	4	1	1	0.029703	0.0594059	0.019802	0.009901	0	0	0	0	0.763636	0.950739	0.254516	0.522059	0.865353	0.009901	0.188119	9.90099e-09	1	0.139116	0.20827	0.666667	0.666667	0.666667	1	1	85222.7	1e+20	4.25081e+08	20.3571	39.5062	97.3765	74.994	88.114	74.4219	
174000	-122883	-1245.69	-76097.3	-11792.4	0.390731	1	0.112938	17.7089	8.44117	0.114714	19.7523	0.166947	6047	99	670	-15637	95.3521f	88.2062	4	1	1	0.029703	0.0594059	0.019802	9.90099e-09	0	0	0	0	0.827273	0.962109	0.308581	0.503817	0.892916	0.009901	0.108911	9.90099e-09	1	0.110379	0.193651	0.666667	0.666667	0.666667	1	1	85222.7	1e+20	4.25081e+08	20.3571	39.5062	97.3765	74.994	95.3521	88.2062	
175000	-123889	-1245.69	-77103.6	-11883.9	0.384845	1	0.121379	16.4773	8.93539	0.0849083	19.7523	0.146745	6143	99	670	-15637	88.448f	83.3732	4	1	1	0.029703	0.0594059	0.019802	9.90099e-09	0	0	0	0	0.845455	0.966074	0.260163	0.541353	0.881301	0.009901	0.108911	9.90099e-09	1	0.139837	0.178203	0.666667	0.666667	0.666667	1	1	85222.7	1e+20	4.25081e+08	20.3571	39.5062	97.3765	74.994	88.448	83.3732	
176000	-124116	-1245.69	-77330	-11851.4	0.384845	1	0.125692	15.912	8.7551	0.117966	19.4812	0.144628	6109	99	722	-15637	91.084f	93.967	4	1	1	0.029703	0.0594059	0.019802	9.90099e-09	0	0	0	0	0.845455	0.942623	0.263158	0.539007	0.856436	0.009901	0.108911	9.90099e-09	1	0.139344	0.182825	0.666667	0.666667	0.666667	1	1	85222.7	1e+20	4.25081e+08	20.3571	39.5062	97.3765	74.994	91.084	93.967	
177000	-125325	-1245.69	-78539.2	-12016.3	0.402312	1	0.120335	16.6203	9.084	0.0207819	19.6575	0.145597	6288	99	665	-15637	73.2128f	58.2348	4	1	1	0.029703	0.0594059	0.019802	9.90099e-09	0	0	0	0	0.8	0.966667	0.245253	0.492754	0.879173	0.009901	0.108911	9.90099e-09	1	0.120635	0.190407	0.666667	0.666667	0.666667	1	1	85222.7	1e+20	4.25081e+08	21.7151	89.2489	74.4796	54.0919	73.2128	58.2348	
178000	-125791	-1245.69	-79005.6	-12047.7	0.418705	1	0.108974	18.3529	8.80648	0.00461315	19.7966	0.165842	6318	99	676	-15637	41.7475f	41.8481	4	1	1	0.029703	0.19802	0.0891089	9.90099e-09	0	0	0	0	0.809091	0.944969	0.28795	0.466667	0.901408	0.009901	0.108911	9.90099e-09	1	0.124214	0.198225	0.666667	0.666667	0.666667	1	1	85222.7	1e+20	4.25081e+08	21.7151	89.2489	74.4796	54.0919	41.7475	41.8481	
179000	-128308	-1245.69	-81522.4	-12180	0.418705	1	0.132537	15.0902	10.7106	0.0119685	19.7966	0.112116	6470	99	771	-15637	67.4803f	55.6115	4	1	1	0.029703	0.19802	0.0891089	9.90099e-09	0	0	0	0	0.809091	0.942989	0.261137	0.537975	0.876543	0.009901	0.0990099	9.90099e-09	1	0.140432	0.185422	0.666667	0.666667	0.666667	1	1	85222.7	1e+20	4.25081e+08	79.0722	5.72809	74.4796	54.0919	67.4803	55.6115	
180000	-128182	-1245.69	-81396.7	-12253.1	0.418705	1	0.120282	16.6276	9.1532	0.015183	19.5013	0.14456	6554	99	679	-15637	70.2554f	54.9801	4	1	1	0.029703	0.19802	0.0891089	9.90099e-09	0	0	0	0	0.809091	0.960426	0.261329	0.531469	0.891768	0.009901	0.0990099	9.90099e-09	1	0.137195	0.189533	0.666667	0.666667	0.666667	1	1	85222.7	1e+20	4.25081e+08	21.7151	89.2489	74.4796	54.0919	70.2554	54.9801	
181000	-126745	-1245.69	-79958.9	-12131.4	0.4014	1	0.113724	17.5864	8.29653	0.00393412	19.5013	0.168682	6414	99	676	-15637	49.6705f	60.0796	4	1	1	0.029703	0.19802	0.0891089	9.90099e-09	0	0	0	0	0.781818	0.962617	0.241433	0.521127	0.894081	9.90099e-09	0.0990099	9.90099e-09	1	0.143302	0.169757	0.666667	0.666667	0.666667	1	1	85222.7	1e+20	4.25081e+08	21.7151	89.2489	74.4796	54.0919	49.6705	60.0796	
182000	-127891	-1245.69	-81104.9	-12158.5	0.40888	1	0.11523	17.3565	8.56304	0.018807	19.5013	0.161296	6446	99	748	-15637	64.9976f	31.7326	4	1	1	0.029703	0.19802	0.0891089	9.90099e-09	0	0	0	0	0.8	0.970634	0.206843	0.527397	0.889408	9.90099e-09	0.0990099	9.90099e-09	1	0.149923	0.201669	0.666667	0.666667	0.666667	1	1	85222.7	1e+20	4.25081e+08	21.7151	89.2489	74.4796	54.0919	64.9976	31.7326	
183000	-128195	-1245.69	-81409.7	-12206.8	0.40888	1	0.120593	16.5847	8.96155	0.0196211	19.5013	0.14727	6500	99	731	-15637	70.1197f	62.9393	4	1	1	0.029703	0.19802	0.0891089	9.90099e-09	0	0	0	0	0.763636	0.960123	0.25886	0.554054	0.860429	9.90099e-09	0.0990099	9.90099e-09	1	0.134969	0.209613	0.666667	0.666667	0.666667	1	1	85222.7	1e+20	4.25081e+08	21.7151	89.2489	74.4796	54.0919	70.1197	62.9393	
184000	-129292	-1245.69	-82506	-12334.2	0.425575	1	0.1172	17.0648	9.06504	0.032093	19.5013	0.149803	6648	99	695	-15637	80.1264f	56.8214	4	1	1	0.029703	0.207921	0.019802	0.009901	0	0	0	0	0.8	0.95952	0.245113	0.514706	0.877429	9.90099e-09	0.0990099	9.90099e-09	1	0.122754	0.182471	0.666667	0.666667	0.666667	1	1	85222.7	1e+20	4.25081e+08	21.7151	89.2489	74.4796	54.0919	80.1264	56.8214	
185000	-128720	-1245.69	-81934.4	-12300.9	0.425575	1	0.115757	17.2776	9.56007	0.0374012	19.8236	0.143818	6609	99	672	-15637	83.3997f	51.6296	4	1	1	0.029703	0.207921	0.019802	0.009901	0	0	0	0	0.863636	0.959215	0.249245	0.540741	0.89955	9.90099e-09	0.148515	9.90099e-09	1	0.111952	0.172876	0.666667	0.666667	0.666667	1	1	85222.7	1e+20	4.25081e+08	21.7151	89.2489	74.4796	54.0919	83.3997	51.6296	
186000	-130229	-1245.69	-83443.3	-12433.3	0.430722	1	0.11189	17.8747	9.35249	0.00933196	19.8236	0.15209	6765	99	670	-15637	59.8186f	36.9752	4	1	1	0.029703	0.207921	0.019802	0.009901	0	0	0	0	0.809091	0.970414	0.245926	0.51773	0.89808	9.90099e-09	0.148515	9.90099e-09	1	0.114243	0.191643	0.666667	0.666667	0.666667	1	1	85222.7	1e+20	4.25081e+08	35.9955	82.0937	74.4796	54.0919	59.8186	36.9752	
187000	-130879	-1245.69	-84093.5	-12477.4	0.429205	1	0.112293	17.8105	9.35312	0.0291417	19.8236	0.151534	6817	99	679	-15637	76.7551f	62.1656	4	1	1	0.0891089	0.207921	0.019802	0.009901	0	0	0	0	0.854545	0.961877	0.265786	0.569343	0.900439	9.90099e-09	0.148515	9.90099e-09	1	0.114202	0.193741	0.666667	0.666667	0.666667	1	1	85222.7	1e+20	4.25081e+08	63.6168	77.8342	74.4796	54.0919	76.7551	62.1656	
188000	-131638	-1245.69	-84852	-12547.1	0.446197	1	0.10724	18.6497	9.28588	0.00751132	19.8236	0.159823	6902	99	669	-15637	63.1254f	44.3395	4	1	1	0.0891089	0.207921	0.019802	0.009901	0	0	0	0	0.818182	0.960756	0.246377	0.556391	0.875	9.90099e-09	0.148515	9.90099e-09	1	0.127352	0.213752	0.666667	0.666667	0.666667	1	1	85222.7	1e+20	4.25081e+08	63.6168	77.8342	74.4796	54.0919	63.1254	44.3395	
189000	-131165	-1245.69	-84379.7	-12511.9	0.433176	1	0.103687	19.2888	8.71621	0.0192731	19.8236	0.176103	6859	99	662	-15637	64.3107f	30.7836	4	1	1	0.0891089	0.207921	0.019802	0.009901	0	0	0	0	0.809091	0.960526	0.290087	0.5	0.904971	9.90099e-09	0.148515	9.90099e-09	1	0.119534	0.206325	0.666667	0.666667	0.666667	1	1	85222.7	1e+20	4.25081e+08	12.2412	45.1126	74.4796	54.0919	64.3107	30.7836	
190000	-130820	-1245.69	-84034.6	-12482.6	0.433571	1	0.103687	19.2888	8.72416	0.0685869	19.8236	0.175943	6824	99	669	-15637	94.1953f	61.3066	4	1	1	0.0891089	0.207921	0.019802	0.009901	0	0	0	0	0.809091	0.966276	0.240117	0.492537	0.894428	9.90099e-09	0.0891089	9.90099e-09	1	0.130307	0.178144	0.666667	0.666667	0.666667	1	1	85222.7	1e+20	4.25081e+08	12.2412	45.1126	90.9159	69.6507	94.1953	61.3066	
191000	-132227	-1245.69	-85440.9	-12540.5	0.429999	1	0.109437	18.2753	9.00982	0.0496264	19.7569	0.161413	6892	99	729	-15637	79.5182f	75.0528	4	1	1	0.0891089	0.158416	0.019802	0.009901	0	0	0	0	0.836364	0.972344	0.266862	0.49635	0.885007	9.90099e-09	0.0891089	9.90099e-09	1	0.131004	0.179698	0.666667	0.666667	0.666667	1	1	85222.7	1e+20	4.25081e+08	0.578293	70.5973	90.9159	69.6507	79.5182	75.0528	
192000	-132405	-1245.69	-85619.6	-12580.9	0.450873	1	0.115021	17.3882	9.92917	0.0238554	19.7569	0.139358	6943	99	699	-15637	74.1326f	60.9045	4	1	1	0.0891089	0.158416	0.019802	0.009901	0	0	0	0	0.8	0.962644	0.249637	0.532374	0.877698	0.009901	0.0891089	9.90099e-09	1	0.103597	0.20255	0.666667	0.666667	0.666667	1	1	85222.7	1e+20	4.25081e+08	0.578293	70.5973	89.1184	68.1843	74.1326	60.9045	
193000	-133716	-1245.69	-86929.9	-12636.6	0.450873	1	0.116652	17.145	9.69752	0.0145788	19.5716	0.140691	7013	99	759	-15637	69.163f	57.0386	4	1	1	0.0891089	0.158416	0.019802	0.009901	0	0	0	0	0.8	0.9375	0.254623	0.575163	0.893162	0.009901	0.0891089	9.90099e-09	1	0.123932	0.172099	0.666667	0.666667	0.666667	1	1	85222.7	1e+20	4.25081e+08	0.578293	70.5973	54.5436	52.7867	69.163	57.0386	
194000	-133998	-1245.69	-87212.1	-12639.9	0.451551	1	0.121323	16.4849	10.101	0.00420086	19.5716	0.129872	7017	99	776	-15637	60.1154f	50.1566	4	1	1	0.0891089	0.158416	0.019802	0.009901	0	0	0	0	0.818182	0.957326	0.253201	0.525316	0.890469	0.009901	0.0891089	9.90099e-09	1	0.126074	0.199746	0.666667	0.666667	0.666667	1	1	85222.7	1e+20	4.25081e+08	11.3753	47.6533	54.5436	52.7867	60.1154	50.1566	
195000	-134045	-1245.69	-87259.4	-12613.3	0.444015	1	0.123285	16.2225	10.2476	0.0741704	19.6461	0.125975	6984	99	809	-15637	56.4036f	2.42077	4	1	1	0.0891089	0.158416	0.019802	9.90099e-09	0	0	0	0	0.872727	0.960284	0.237822	0.557692	0.876437	0.009901	0.0891089	9.90099e-09	1	0.153295	0.202719	0.666667	0.666667	0.666667	1	1	85222.7	1e+20	4.25081e+08	11.3753	47.6533	42.5226	36.3018	56.4036	2.42077	
196000	-133705	-1245.69	-86919.6	-12657.9	0.441197	1	0.110708	18.0655	9.62183	0.0123446	19.898	0.149411	7038	99	726	-15637	62.9204f	36.1957	4	1	1	0.0891089	0.158416	0.039604	9.90099e-09	0	0	0	0	0.872727	0.96615	0.281471	0.557692	0.876945	0.009901	0.0891089	9.90099e-09	1	0.138614	0.192837	0.666667	0.666667	0.666667	1	1	85222.7	1e+20	4.25081e+08	11.3753	47.6533	42.5226	36.3018	62.9204	36.1957	
197000	-133734	-1245.69	-86948.5	-12734	0.449917	1	0.103111	19.3966	9.13865	0.012139	19.898	0.168902	7135	99	646	-15637	67.6782f	44.3252	4	1	1	0.0891089	0.128713	0.039604	9.90099e-09	0	0	0	0	0.845455	0.977685	0.25419	0.492754	0.902643	0.009901	0.0990099	9.90099e-09	1	0.122392	0.182663	0.666667	0.666667	0.666667	1	1	85222.7	1e+20	4.25081e+08	11.3753	47.6533	42.5226	36.3018	67.6782	44.3252	
198000	-134517	-1245.69	-87731.4	-12752.6	0.452199	1	0.106387	18.7993	9.47686	0.00342827	19.898	0.157858	7159	99	690	-15637	40.6827f	46.7436	4	1	1	0.0891089	0.128713	0.039604	9.90099e-09	0	0	0	0	0.845455	0.95961	0.229371	0.520833	0.883495	0.009901	0.0990099	9.90099e-09	1	0.135475	0.193777	0.666667	0.666667	0.666667	1	1	85222.7	1e+20	4.25081e+08	67.6546	64.8961	42.5226	36.3018	40.6827	46.7436	
199000	-136882	-1245.69	-90096.5	-12921.4	0.458256	1	0.10174	19.658	9.18426	0.0380299	19.898	0.170328	7376	99	708	-15637	82.0564f	39.3101	4	1	1	0.0891089	0.128713	0.039604	9.90099e-09	0	0	0	0	0.8	0.974359	0.277628	0.513889	0.88814	0.009901	0.0990099	9.90099e-09	1	0.137466	0.189488	0.666667	0.666667	0.666667	1	1	85222.7	1e+20	4.25081e+08	11.3753	47.6533	42.5226	36.3018	82.0564	39.3101	
200000	-136610	-1245.69	-89824.6	-12816.9	0.458256	1	0.110252	18.1403	9.63006	0.0104257	19.7347	0.149901	7242	99	806	-15637	47.7027f	67.3117	4	1	1	0.0792079	0.128713	0.039604	9.90099e-09	0	0	0	0	0.863636	0.967033	0.289438	0.535032	0.873103	0.009901	0.0990099	9.90099e-09	1	0.125517	0.202788	0.666667	0.666667	0.666667	1	1	85222.7	1e+20	4.25081e+08	11.3753	47.6533	37.5519	47.2429	47.7027	67.3117	
201000	-135319	-1245.69	-88532.9	-12802	0.458256	1	0.108057	18.5088	9.43833	0.00585191	19.7347	0.156053	7223	99	709	-15637	37.061f	46.9691	4	1	1	0.0792079	0.128713	0.039604	9.90099e-09	0	0	0	0	0.763636	0.972299	0.243094	0.540541	0.903448	0.009901	0.0990099	9.90099e-09	1	0.113889	0.19945	0.666667	0.666667	0.666667	1	1	85222.7	1e+20	4.25081e+08	11.3753	47.6533	37.5519	47.2429	37.061	46.9691	
202000	-136365	-1245.69	-89579.4	-12893.6	0.476834	1	0.102259	19.5581	9.29405	0.0400394	19.7347	0.167461	7342	99	698	-15637	23.1154f	26.7452	4	1	1	0.0792079	0.128713	0.009901	9.90099e-09	0	0	0	0	0.8	0.957823	0.259159	0.435714	0.907357	0.009901	0.0990099	9.90099e-09	1	0.128065	0.188873	0.666667	0.666667	0.666667	1	1	85222.7	1e+20	4.25081e+08	37.8867	99.3861	46.0772	17.3561	23.1154	26.7452	
203000	-137018	-1245.69	-90232.7	-12939.4	0.46178	1	0.102181	19.5731	8.99375	0.0428538	19.7347	0.173185	7401	99	702	-15637	62.6645f	15.9998	4	1	1	0.0792079	0.168317	0.009901	9.90099e-09	0	0	0	0	0.863636	0.973009	0.243607	0.464286	0.893099	0.009901	0.0792079	9.90099e-09	1	0.11471	0.181303	0.666667	0.666667	0.666667	1	1	85222.7	1e+20	4.25081e+08	37.8867	99.3861	46.0772	17.3561	62.6645	15.9998	
204000	-136180	-1245.69	-89394.3	-12842.8	0.46178	1	0.109015	18.3461	10.1178	0.00776132	19.9981	0.144294	7276	99	730	-15637	62.2118f	41.9745	4	1	1	0.0792079	0.168317	0.009901	9.90099e-09	0	0	0	0	0.809091	0.967302	0.293151	0.585526	0.879452	0.009901	0.0792079	9.90099e-09	1	0.135616	0.186916	0.666667	0.666667	0.666667	1	1	85222.7	1e+20	4.25081e+08	37.8867	99.3861	46.0772	17.3561	62.2118	41.9745	
205000	-135165	-1245.69	-88379.2	-12784.8	0.46178	1	0.106487	18.7817	9.88314	0.0541795	19.9981	0.151227	7201	99	713	-15637	16.5977f	25.5762	4	1	1	0.0792079	0.168317	0.009901	9.90099e-09	0	0	0	0	0.827273	0.966574	0.245833	0.520548	0.894591	9.90099e-09	0.0792079	9.90099e-09	1	0.122053	0.194986	0.666667	0.666667	0.666667	1	1	85222.7	1e+20	4.25081e+08	37.8867	99.3861	46.0772	17.3561	16.5977	25.5762	
206000	-134445	-1245.69	-87659.7	-12740	0.46178	1	0.105613	18.937	9.80206	0.070551	19.9981	0.153739	7143	99	692	-15637	25.8769f	9.53907	4	1	1	0.0792079	0.168317	0.009901	9.90099e-09	0	0	0	0	0.818182	0.964789	0.285112	0.513889	0.877809	9.90099e-09	0.0792079	9.90099e-09	1	0.140449	0.2	0.666667	0.666667	0.666667	1	1	85222.7	1e+20	4.25081e+08	37.8867	99.3861	18.7216	8.934	25.8769	9.53907	
207000	-135351	-1245.69	-88565.2	-12797.3	0.451691	1	0.112476	17.7816	10.1296	0.0819108	19.9582	0.139691	7215	99	718	-15637	17.3877f	11.0327	4	1	1	0.0594059	0.168317	0.009901	9.90099e-09	0	0	0	0	0.827273	0.965084	0.261474	0.5	0.870654	9.90099e-09	0.0792079	9.90099e-09	1	0.125174	0.199719	0.666667	0.666667	0.666667	1	1	85222.7	1e+20	4.25081e+08	37.8867	99.3861	18.7216	8.934	17.3877	11.0327	
208000	-136099	-1245.69	-89313	-12863.3	0.456977	1	0.104432	19.1513	9.51522	0.0182624	19.9582	0.160166	7301	99	703	-15637	26.0802f	51.4186	4	1	1	0.0594059	0.168317	0.009901	9.90099e-09	0	0	0	0	0.881818	0.964529	0.288646	0.468531	0.89782	9.90099e-09	0.0792079	9.90099e-09	1	0.124487	0.208745	0.666667	0.666667	0.666667	1	1	85222.7	1e+20	4.25081e+08	79.4352	61.364	18.7216	8.934	26.0802	51.4186	
209000	-134294	-1245.69	-87508.1	-12691.8	0.456977	1	0.109795	18.2157	10.0039	0.0687157	19.9582	0.144899	7082	99	740	-15637	20.0227f	14.3987	4	1	1	0.0594059	0.168317	0.039604	9.90099e-09	0	0	0	0	0.809091	0.950843	0.299578	0.632653	0.884669	9.90099e-09	0.128713	9.90099e-09	1	0.156559	0.233073	0.666667	0.666667	0.666667	1	1	85222.7	1e+20	4.25081e+08	79.4352	61.364	18.7216	8.934	20.0227	14.3987	
210000	-134638	-1245.69	-87852.4	-12717.7	0.456977	1	0.117277	17.0537	10.1112	0.0413134	19.6844	0.134217	7115	99	752	-15637	16.0848f	37.4519	4	1	1	0.0594059	0.158416	0.039604	9.90099e-09	0	0	0	0	0.863636	0.953652	0.236287	0.5	0.886396	9.90099e-09	0.128713	9.90099e-09	1	0.148876	0.183784	0.666667	0.666667	0.666667	1	1	85222.7	1e+20	4.25081e+08	79.4352	61.364	24.7247	9.25734	16.0848	37.4519	
211000	-133878	-1245.69	-87092.7	-12638.5	0.453164	1	0.114544	17.4606	9.79316	0.068204	19.6844	0.141881	7015	99	762	-15637	26.378f	10.1629	4	1	1	0.0594059	0.158416	0.039604	9.90099e-09	0	0	0	0	0.836364	0.970043	0.254986	0.546667	0.896601	9.90099e-09	0.128713	9.90099e-09	1	0.135328	0.207775	0.666667	0.666667	0.666667	1	1	85222.7	1e+20	4.25081e+08	31.3762	98.2844	24.7247	9.25734	26.378	10.1629	
212000	-134882	-1245.69	-88095.8	-12693.3	0.456104	1	0.118116	16.9325	10.2849	0.0444493	19.7426	0.131012	7084	99	789	-15637	28.7341f	19.2497	4	1	1	0.0594059	0.158416	0.039604	9.90099e-09	0	0	0	0	0.881818	0.967468	0.24435	0.487179	0.884181	9.90099e-09	0.128713	9.90099e-09	1	0.143865	0.20288	0.666667	0.666667	0.666667	1	1	85222.7	1e+20	4.25081e+08	31.3762	98.2844	24.7247	9.25734	28.7341	19.2497	
213000	-132038	-1245.69	-85252.1	-12545.8	0.441622	1	0.11242	17.7904	9.47809	0.0425681	19.7426	0.149367	6901	99	702	-15637	24.9172f	23.3062	4	1	1	0.0594059	0.158416	0.039604	9.90099e-09	0	0	0	0	0.854545	0.952381	0.25825	0.493151	0.888092	9.90099e-09	0.128713	9.90099e-09	1	0.126801	0.169863	0.666667	0.666667	0.666667	1	1	85222.7	1e+20	4.25081e+08	20.4405	64.1006	24.7247	9.25734	24.9172	23.3062	
214000	-134017	-1245.69	-87231.2	-12697.1	0.45355	1	0.104854	19.0741	9.55678	0.0924088	19.9974	0.158827	7089	99	711	-15637	19.5407f	5.48308	4	1	1	0.0594059	0.158416	0.029703	9.90099e-09	0	0	0	0	0.827273	0.971711	0.301966	0.531915	0.889831	9.90099e-09	0.128713	9.90099e-09	1	0.102528	0.193103	0.666667	0.666667	0.666667	1	1	85222.7	1e+20	4.25081e+08	20.4405	64.1006	24.7247	9.25734	19.5407	5.48308	
215000	-132728	-1245.69	-85942	-12609.6	0.437995	1	0.10802	18.5151	9.50769	0.013204	19.9974	0.154967	6978	99	696	-15637	39.2669f	32.9007	4	1	1	0.0594059	0.158416	0.029703	9.90099e-09	0	0	0	0	0.881818	0.97554	0.277539	0.451389	0.897695	9.90099e-09	0.128713	9.90099e-09	1	0.101719	0.178873	0.666667	0.666667	0.666667	1	1	85222.7	1e+20	4.25081e+08	20.4405	64.1006	24.7247	9.25734	39.2669	32.9007	
216000	-130761	-1245.69	-83975.3	-12483.3	0.437995	1	0.101085	19.7854	8.89725	0.0122109	19.9974	0.176961	6825	99	661	-15637	51.6607f	30.9625	4	1	1	0.0594059	0.217822	0.029703	9.90099e-09	0	0	0	0	0.872727	0.969208	0.274194	0.552	0.90176	0.009901	0.108911	9.90099e-09	1	0.11713	0.209726	0.666667	0.666667	0.666667	1	1	85222.7	1e+20	4.25081e+08	20.4405	64.1006	24.7247	9.25734	51.6607	30.9625	
217000	-130768	-1245.69	-83982.2	-12470.9	0.437995	1	0.100929	19.816	8.8835	0.085131	19.9974	0.177509	6810	99	667	-15637	11.9465f	14.8009	4	1	1	0.0594059	0.217822	0.029703	9.90099e-09	0	0	0	0	0.827273	0.953079	0.272727	0.481481	0.884164	0.009901	0.108911	9.90099e-09	1	0.108504	0.186765	0.666667	0.666667	0.666667	1	1	85222.7	1e+20	4.25081e+08	20.4405	64.1006	24.7247	9.25734	11.9465	14.8009	
218000	-132687	-1245.69	-85901.5	-12626.9	0.448676	1	0.0975543	20.5014	8.79589	0.017926	19.9974	0.185479	7001	99	668	-15637	67.1931f	34.7453	4	1	1	0.0594059	0.217822	0.029703	9.90099e-09	0	0	0	0	0.881818	0.962857	0.254286	0.529851	0.907514	0.009901	0.108911	9.90099e-09	1	0.127143	0.236111	0.666667	0.666667	0.666667	1	1	85222.7	1e+20	4.25081e+08	20.4405	64.1006	24.7247	9.25734	67.1931	34.7453	
219000	-133309	-1245.69	-86523.8	-12676.2	0.446275	1	0.0992838	20.1443	8.90393	0.0580099	19.9974	0.180036	7062	99	669	-15637	19.6321f	19.8634	4	1	1	0.0594059	0.217822	0.029703	9.90099e-09	0	0	0	0	0.827273	0.957386	0.256738	0.442857	0.885269	0.009901	0.108911	9.90099e-09	1	0.119318	0.167951	0.666667	0.666667	0.666667	1	1	85222.7	1e+20	4.25081e+08	20.4405	64.1006	24.7247	9.25734	19.6321	19.8634	
220000	-134009	-1245.69	-87223.7	-12744.6	0.461659	1	0.0941255	21.2482	8.73231	0.0282727	19.9974	0.193635	7149	99	654	-15637	78.9039f	51.2755	4	1	1	0.039604	0.217822	0.029703	9.90099e-09	0	0	0	0	0.809091	0.966434	0.248957	0.595588	0.9039	0.009901	0.108911	9.90099e-09	1	0.118384	0.19883	0.666667	0.666667	0.666667	1	1	85222.7	1e+20	4.25081e+08	25.6079	56.6408	43.4624	42.1619	78.9039	51.2755	
221000	-133946	-1245.69	-87160.5	-12759.3	0.45557	1	0.0960368	20.8254	8.79212	0.00201092	19.9974	0.18849	7168	99	637	-15637	45.8581f	44.3836	4	1	1	0.039604	0.217822	9.90099e-09	9.90099e-09	0	0	0	0	0.909091	0.963788	0.26676	0.549618	0.899861	0.009901	0.108911	9.90099e-09	1	0.128134	0.220588	0.666667	0.666667	0.666667	1	1	85222.7	1e+20	4.25081e+08	12.9425	70.7043	43.4624	42.1619	45.8581	44.3836	
222000	-133980	-1245.69	-87194.5	-12729.1	0.461451	1	0.0954503	20.9533	8.85124	0.0149404	19.9974	0.188382	7129	99	671	-15637	46.4347f	28.9464	4	1	1	0.039604	0.217822	9.90099e-09	9.90099e-09	0	0	0	0	0.772727	0.964838	0.276056	0.518797	0.892958	0.009901	0.0990099	9.90099e-09	1	0.11831	0.186289	0.666667	0.666667	0.666667	1	1	85222.7	1e+20	4.25081e+08	12.9425	70.7043	43.4624	42.1619	46.4347	28.9464	
223000	-134672	-1245.69	-87886.5	-12846.7	0.461451	1	0.0936025	21.367	8.21823	0.0539298	19.726	0.206897	7281	99	601	-15637	72.6906f	16.2606	4	1	1	0.039604	0.217822	9.90099e-09	9.90099e-09	0	0	0	0	0.918182	0.976648	0.264746	0.546875	0.898491	0.009901	0.0990099	9.90099e-09	1	0.118132	0.206119	0.666667	0.666667	0.666667	1	1	85222.7	1e+20	4.25081e+08	12.9425	70.7043	43.4624	42.1619	72.6906	16.2606	
224000	-134775	-1245.69	-87988.9	-12785.8	0.456691	1	0.0988016	20.2426	8.61686	0.0347718	19.7441	0.186942	7202	99	685	-15637	43.5444f	17.7549	4	1	1	0.039604	0.217822	9.90099e-09	9.90099e-09	0	0	0	0	0.890909	0.955494	0.271845	0.476923	0.899449	0.009901	0.0990099	9.90099e-09	1	0.108183	0.199088	0.666667	0.666667	0.666667	1	1	85222.7	1e+20	4.25081e+08	12.9425	70.7043	36.5676	57.8875	43.5444	17.7549	
225000	-134292	-1245.69	-87506.4	-12753.6	0.464183	1	0.102632	19.4871	9.09039	0.0246014	19.7401	0.17059	7160	99	678	-15637	28.0686f	66.9136	4	1	1	0.039604	0.148515	9.90099e-09	9.90099e-09	0	0	0	0	0.836364	0.968232	0.244413	0.578571	0.90795	0.009901	0.0990099	9.90099e-09	1	0.099162	0.175516	0.666667	0.666667	0.666667	1	1	85222.7	1e+20	4.25081e+08	12.9425	70.7043	18.3675	50.6287	28.0686	66.9136	
226000	-134618	-1245.69	-87831.9	-12791.2	0.464183	1	0.103706	19.2852	9.17501	0.0282584	19.7345	0.167266	7209	99	661	-15637	22.468f	61.4004	4	1	1	0.0990099	0.148515	9.90099e-09	9.90099e-09	0	0	0	0	0.872727	0.97067	0.2213	0.507353	0.901526	0.009901	0.0990099	9.90099e-09	1	0.122053	0.215892	0.666667	0.666667	0.666667	1	1	85222.7	1e+20	4.25081e+08	12.9425	70.7043	18.3675	50.6287	22.468	61.4004	
227000	-136224	-1245.69	-89438.2	-12872.4	0.46998	1	0.101805	19.6454	9.1193	0.0310114	19.7345	0.171431	7315	99	706	-15637	37.7252f	78.3744	4	1	1	0.0990099	0.148515	9.90099e-09	9.90099e-09	0	0	0	0	0.809091	0.95498	0.233288	0.528169	0.910837	0.009901	0.0990099	9.90099e-09	1	0.121585	0.178161	0.666667	0.666667	0.666667	1	1	85222.7	1e+20	4.25081e+08	12.9425	70.7043	18.3675	50.6287	37.7252	78.3744	
228000	-135788	-1245.69	-89002.5	-12842.7	0.457924	1	0.0959506	20.8441	8.82647	0.0205168	19.9956	0.187925	7275	99	703	-15637	36.5232f	28.5936	4	1	1	0.0990099	0.148515	0.049505	9.90099e-09	0	0	0	0	0.818182	0.96	0.267857	0.568182	0.901099	0.009901	0.108911	9.90099e-09	1	0.114168	0.200622	0.666667	0.666667	0.666667	1	1	85222.7	1e+20	4.25081e+08	12.9425	70.7043	18.3675	50.6287	36.5232	28.5936	
229000	-134902	-1245.69	-88115.9	-12784.1	0.457924	1	0.0996237	20.0755	9.16436	0.0547211	19.9956	0.174323	7200	99	691	-15637	28.7352f	85.3843	4	1	1	0.0990099	0.148515	0.049505	9.90099e-09	0	0	0	0	0.845455	0.959666	0.234722	0.544118	0.916898	0.009901	0.108911	9.90099e-09	1	0.113731	0.186765	0.666667	0.666667	0.666667	1	1	85222.7	1e+20	4.25081e+08	12.9425	70.7043	18.3675	50.6287	28.7352	85.3843	
230000	-132125	-1245.69	-85338.9	-12600.2	0.457081	1	0.0943217	21.204	8.66066	0.0984875	19.9956	0.194831	6965	99	654	-15637	9.6422f	88.2328	4	1	1	0.0990099	0.148515	0.049505	9.90099e-09	0	0	0	0	0.872727	0.968661	0.277778	0.511111	0.901989	0.009901	0.108911	9.90099e-09	1	0.106838	0.216216	0.666667	0.666667	0.666667	1	1	85222.7	1e+20	4.25081e+08	20.8959	58.5237	18.3675	50.6287	9.6422	88.2328	
231000	-134519	-1245.69	-87733.3	-12729.4	0.457081	1	0.105465	18.9636	9.68385	0.0516171	19.9956	0.155835	7130	99	722	-15637	14.7118f	30.3131	4	1	1	0.0990099	0.227723	0.049505	9.90099e-09	0	0	0	0	0.872727	0.97191	0.245787	0.553191	0.896067	0.009901	0.108911	9.90099e-09	1	0.0983146	0.202817	0.666667	0.666667	0.666667	1	1	85222.7	1e+20	4.25081e+08	29.224	95.3049	18.3675	50.6287	14.7118	30.3131	
232000	-133843	-1245.69	-87057.8	-12720.8	0.457081	1	0.105465	18.9636	9.68385	0.0327165	19.9956	0.155835	7119	99	674	-15637	25.4575f	29.2775	4	1	1	0.049505	0.227723	0.049505	9.90099e-09	0	0	0	0	0.872727	0.961003	0.236364	0.547445	0.904895	0.009901	0.108911	9.90099e-09	1	0.105337	0.176383	0.666667	0.666667	0.666667	1	1	85222.7	1e+20	4.25081e+08	85.8507	58.8002	18.3675	50.6287	25.4575	29.2775	
233000	-134639	-1245.69	-87853.4	-12773.2	0.457081	1	0.105546	18.9491	9.6913	0.0091416	19.9956	0.155595	7186	99	677	-15637	42.1261f	64.4485	4	1	1	0.049505	0.227723	0.049505	9.90099e-09	0	0	0	0	0.854545	0.967877	0.230556	0.554745	0.901526	0.009901	0.108911	9.90099e-09	1	0.123611	0.217009	0.666667	0.666667	0.666667	1	1	85222.7	1e+20	4.25081e+08	85.8507	58.8002	37.2193	46.0685	42.1261	64.4485	
234000	-134492	-1245.69	-87706.3	-12722.4	0.457081	1	0.113171	17.6724	10.3914	0.0561033	19.9956	0.135336	7121	99	726	-15637	51.0775f	91.5175	4	1	1	0.049505	0.227723	0.009901	9.90099e-09	0	0	0	0	0.809091	0.970381	0.275035	0.478873	0.899859	0.009901	0.108911	9.90099e-09	1	0.132581	0.199164	0.666667	0.666667	0.666667	1	1	85222.7	1e+20	4.25081e+08	85.8507	58.8002	37.5909	50.9546	51.0775	91.5175	
235000	-133915	-1245.69	-87128.8	-12696	0.458451	1	0.111269	17.9744	10.2423	0.00420617	19.9931	0.139653	7087	99	703	-15637	60.1225f	50.1842	4	1	1	0.049505	0.227723	0.009901	9.90099e-09	0	0	0	0	0.909091	0.95904	0.249645	0.521127	0.883357	0.009901	0.0990099	9.90099e-09	1	0.141044	0.207681	0.666667	0.666667	0.666667	1	1	85222.7	1e+20	4.25081e+08	85.8507	58.8002	37.5909	50.9546	60.1225	50.1842	
236000	-134920	-1245.69	-88133.8	-12725.6	0.458451	1	0.111269	17.9744	9.39503	0.00794579	19.5661	0.152246	7125	99	763	-15637	35.0569f	45.4125	4	1	1	0.049505	0.227723	0.009901	9.90099e-09	0	0	0	0	0.863636	0.969274	0.241573	0.540541	0.880785	0.009901	0.0990099	9.90099e-09	1	0.132682	0.184248	0.666667	0.666667	0.666667	1	1	85222.7	1e+20	4.25081e+08	85.8507	58.8002	37.5909	50.9546	35.0569	45.4125	
237000	-135215	-1245.69	-88429	-12728	0.459232	1	0.125787	15.8999	10.1382	0.0154587	19.3317	0.124803	7128	99	790	-15637	50.0022f	28.3455	4	1	1	0.049505	0.227723	0.009901	9.90099e-09	0	0	0	0	0.781818	0.967787	0.218794	0.522876	0.880223	0.009901	0.0990099	9.90099e-09	1	0.130435	0.178571	0.666667	0.666667	0.666667	1	1	85222.7	1e+20	4.25081e+08	85.8507	58.8002	14.0727	31.9309	50.0022	28.3455	
238000	-132948	-1245.69	-86162.5	-12569.6	0.441178	1	0.125787	15.8999	9.5301	0.0656595	19.2269	0.132766	6930	99	771	-15637	9.47161f	70.6251	4	1	1	0.039604	0.148515	0.009901	9.90099e-09	0	0	0	0	0.854545	0.949568	0.20317	0.52439	0.85879	0.009901	0.0990099	9.90099e-09	1	0.149856	0.172903	0.666667	0.666667	0.666667	1	1	85222.7	1e+20	4.25081e+08	79.4711	49.2176	8.15994	46.7429	9.47161	70.6251	
239000	-132257	-1245.69	-85471	-12594.9	0.441178	1	0.106234	18.8264	8.18966	0.0407862	19.3106	0.182933	6961	99	674	-15637	14.7768f	42.89	4	1	1	0.039604	0.148515	0.009901	9.90099e-09	0	0	0	0	0.863636	0.971264	0.253237	0.564286	0.929699	0.009901	0.0990099	9.90099e-09	1	0.123386	0.186391	0.666667	0.666667	0.666667	1	1	85222.7	1e+20	4.25081e+08	79.4711	49.2176	8.15994	46.7429	14.7768	42.89	
240000	-133357	-1245.69	-86571.8	-12656.3	0.441178	1	0.111924	17.8693	8.62833	0.0495791	19.3106	0.164805	7036	99	708	-15637	12.7517f	36.5042	4	1	1	0.039604	0.148515	0.049505	9.90099e-09	0	0	0	0	0.863636	0.954802	0.263456	0.493056	0.887784	0.009901	0.0990099	9.90099e-09	1	0.116477	0.200276	0.666667	0.666667	0.666667	1	1	85222.7	1e+20	4.25081e+08	79.4711	49.2176	8.15994	46.7429	12.7517	36.5042	
241000	-132415	-1245.69	-85629.5	-12564.8	0.439399	1	0.111924	17.8693	8.59355	0.070465	19.3106	0.165472	6924	99	728	-15637	10.5402f	75.6711	4	1	1	0.039604	0.148515	0.049505	9.90099e-09	0	0	0	0	0.790909	0.97114	0.229107	0.557252	0.876967	0.009901	0.178218	9.90099e-09	1	0.12536	0.166189	0.666667	0.666667	0.666667	1	1	85222.7	1e+20	4.25081e+08	79.4711	49.2176	24.5444	65.7708	10.5402	75.6711	
242000	-130881	-1245.69	-84095	-12476	0.439399	1	0.119218	16.776	9.373	0.0180804	19.4253	0.142429	6816	99	683	-15637	39.0397f	70.7773	4	1	1	0.039604	0.118812	0.049505	9.90099e-09	0	0	0	0	0.836364	0.966276	0.200292	0.514085	0.876833	0.009901	0.178218	9.90099e-09	1	0.108504	0.167606	0.666667	0.666667	0.666667	1	1	85222.7	1e+20	4.25081e+08	79.4711	49.2176	24.5444	65.7708	39.0397	70.7773	
243000	-131830	-1245.69	-85044	-12507.2	0.439399	1	0.127797	15.6498	10.5795	0.0320927	19.6774	0.117716	6854	99	735	-15637	30.3555f	74.7287	4	1	1	0.039604	0.118812	0.049505	9.90099e-09	0	0	0	0	0.890909	0.959243	0.257267	0.47973	0.863372	0.009901	0.178218	9.90099e-09	1	0.138484	0.209016	0.666667	0.666667	0.666667	1	1	85222.7	1e+20	4.25081e+08	93.5139	45.6067	24.5444	65.7708	30.3555	74.7287	
244000	-133852	-1245.69	-87066.1	-12624.2	0.453031	1	0.117307	17.0493	10.0123	0.0302737	19.6774	0.135507	6997	99	784	-15637	19.0816f	48.972	4	1	1	0.039604	0.118812	0.049505	9.90099e-09	0	0	0	0	0.836364	0.957507	0.261803	0.535484	0.898135	0.009901	0.178218	9.90099e-09	1	0.127479	0.189723	0.666667	0.666667	0.666667	1	1	85222.7	1e+20	4.25081e+08	93.5139	45.6067	10.8503	43.3889	19.0816	48.972	
245000	-135006	-1245.69	-88220.4	-12697.1	0.453031	1	0.120212	16.6373	10.6473	0.117258	19.8604	0.124347	7089	99	803	-15637	8.37823f	5.67349	4	1	1	0.039604	0.118812	0.039604	9.90099e-09	0	0	0	0	0.827273	0.965861	0.251412	0.5125	0.878359	0.009901	0.178218	9.90099e-09	1	0.132581	0.174684	0.666667	0.666667	0.666667	1	1	85222.7	1e+20	4.25081e+08	93.5139	45.6067	10.8503	43.3889	8.37823	5.67349	
246000	-134259	-1245.69	-87473.8	-12695.5	0.453031	1	0.115203	17.3607	10.2036	0.0343091	19.8604	0.135396	7087	99	736	-15637	17.9105f	57.2618	4	1	1	0.039604	0.118812	0.039604	9.90099e-09	0	0	0	0	0.863636	0.964838	0.257062	0.552632	0.90436	0.009901	0.178218	9.90099e-09	1	0.139633	0.212245	0.666667	0.666667	0.666667	1	1	85222.7	1e+20	4.25081e+08	93.5139	45.6067	12.9924	70.0526	17.9105	57.2618	
247000	-134882	-1245.69	-88096.6	-12721.6	0.457844	1	0.115203	17.3607	10.312	0.084708	19.8604	0.133973	7120	99	767	-15637	2.79069f	71.0051	4	1	1	0.039604	0.118812	0.039604	9.90099e-09	0	0	0	0	0.809091	0.97195	0.240896	0.461538	0.893108	0.009901	0.178218	9.90099e-09	1	0.119215	0.198175	0.666667	0.666667	0.666667	1	1	85222.7	1e+20	4.25081e+08	93.5139	45.6067	12.9924	70.0526	2.79069	71.0051	
248000	-133637	-1245.69	-86850.9	-12638.9	0.448425	1	0.112907	17.7137	9.48241	0.0742125	19.6483	0.148656	7016	99	744	-15637	6.04907f	70.1767	4	1	1	0.039604	0.118812	0.039604	9.90099e-09	0	0	0	0	0.890909	0.955777	0.249643	0.527027	0.887304	0.009901	0.178218	9.90099e-09	1	0.135521	0.181698	0.666667	0.666667	0.666667	1	1	85222.7	1e+20	4.25081e+08	93.5139	45.6067	12.9924	70.0526	6.04907	70.1767	