
# before rand glnL: -46572.611048 alnL: -1233.835805
# ninter: 99
# ncoal: 99
# nhits: 99
# true lbda: 0.002386
# true mu: 0.148732
# true rad: 70.031438
# true sigsq: 10.728501
# true neigh. size: 13.447000
# fst-based estimate of neighborhood size: -nan
# nucleotide diversity: 0.000000
# length of a generation: 22073.9 time units
# clock rate: 1 subst. per time unit
# after rand glnL: -46572.611048 alnL: -1233.835805
# ninter: 99
# ncoal: 99
# nhits: 99
# start lbda: 0.002386
# start mu: 0.148732
# start rad: 14.252547
sample	lnP	alnL	glnL	tlnL	lbda	clock	mu	neigh	sigsq	sigsqobs	rad	rhoe	nInt	nCoal	nHit	rootTime	rootLon	rootLat	tstv	alpha	MeanBr	accLbda	accMu	accRad	accInDelDisk	accInDelHit	accScaleTime	accSPR	accSPRlocal	accPath	accIndelDiskSerial	accIndelHitSerial	accLdskGivenDisk	accDiskGivenLdsk	accDiskAndLdsk	accLdskMulti	accDiskMulti	accMoveDiskUD	accAddRemoveJump	accLdskTipToRoot	tuneLbda	tuneRad	tuneMu	tuneIndelDisk	tuneIndelHit	tuneLdskGivenDisk	tuneIndelDiskSerial	tuneIndelHitSerial	c0	c1	rootc0	rootc1	rootldsk0	rootldsk1	
  1000	-51878.8	-1233.84	-5104.97	-1338.62	0.00547111	1	0.152391	13.1241	0.162416	0.0372347	19.8425	6.43028	213	99	107	-41903.2	19.1822f	3.38101	4	1	1	0	0	0	0	0	0	0	0	1	0.8	0.169492	0.563636	0.428571	0	0	0	1	0.1	0.231481	1	1	1	1	1	1.5	3.375	0.197531	24.1774	84.847	28.2539	13.0266	19.1822	3.38101	
  2000	-54596.8	-1233.84	-7823	-2223.42	0.00919664	1	0.180895	11.0562	0.324077	0.00990693	19.8425	2.71485	392	99	125	-41903.2	51.8917f	21.4207	4	1	1	0	0	0	0	0	0	0	0	0.954545	0.930435	0.324786	0.534653	0.726415	0	0	0	1	0.136752	0.214876	1	1	1	1	1	2.25	291.929	1	24.1774	84.847	28.2539	13.0266	51.8917	21.4207	
  3000	-56130.1	-1233.84	-9356.28	-2710.93	0.0111322	1	0.169121	11.8259	0.378072	0.000581322	19.9939	2.48914	499	99	134	-41903.2	44.983f	52.7298	4	1	1	0	0	0	0	0	0	0	0	0.981818	0.972789	0.280822	0.460784	0.713333	0	0	0	1	0.0878378	0.163934	1	1	1	1	1	3.375	37876.8	11.3906	24.1774	84.847	28.2539	13.0266	44.983	52.7298	
  4000	-58040.1	-1233.84	-11266.2	-3246.21	0.013939	1	0.204686	9.77106	0.57295	0.01759	19.9939	1.35711	623	99	155	-41903.2	23.0946f	22.6683	4	1	1	0	0	0	0	0	0	0	0	0.963636	0.935484	0.174603	0.519231	0.847458	0	0	0	1	0.15873	0.205128	1	1	1	1	1	11.3906	3.27625e+06	129.746	24.1774	84.847	28.2539	13.0266	23.0946	22.6683	
  5000	-59849.3	-1233.84	-13075.5	-3705.89	0.0159448	1	0.218347	9.15972	0.699141	0.0427264	19.9939	1.04257	734	99	183	-41903.2	11.9071f	3.80586	4	1	1	0	0	0	0	0	0	0	0	0.963636	0.9375	0.265734	0.529412	0.72973	0	0	0	1	0.189189	0.20765	1	1	1	1	1	38.4434	2.15197e+09	656.841	24.1774	84.847	28.2539	13.0266	11.9071	3.80586	
  6000	-58923.6	-1233.84	-12149.7	-3527.7	0.0161425	1	0.19335	10.344	0.626775	0.017659	19.9939	1.3133	691	99	155	-41903.2	17.38f	70.053	4	1	1	0.227723	0	0.009901	0	0	0	0	0	0.963636	0.916084	0.198582	0.490196	0.725352	0	0	0	1	0.147887	0.179012	0.666667	0.666667	1	1	1	129.746	6.28224e+11	287627	11.9708	37.7977	15.6369	43.1713	17.38	70.053	
  7000	-61481.4	-1233.84	-14707.6	-4248.3	0.0189783	1	0.216384	9.24283	0.824671	0.00310698	19.9939	0.891897	871	99	173	-41903.2	49.3693f	34.2691	4	1	1	0.227723	0.227723	0.009901	0	0	0	0	0	0.927273	0.964912	0.267442	0.476636	0.769697	0	0.118812	0.049505	1	0.117647	0.196429	0.666667	0.666667	0.666667	1	1	437.894	6.18965e+14	3.73185e+07	11.9708	37.7977	15.6369	43.1713	49.3693	34.2691	
  8000	-64275.3	-1233.84	-17501.4	-4962	0.0244745	1	0.223411	8.9521	1.09804	0.0142332	19.9939	0.648781	1061	99	201	-41903.2	18.1786f	36.7846	4	1	1	0.227723	0.227723	0.009901	0	0	0	0	0	0.9	0.904762	0.209524	0.553398	0.850467	0	0.118812	0.049505	1	0.132075	0.205128	0.666667	0.666667	0.666667	1	1	2216.84	2.05822e+18	2.4879e+07	1.13659	66.7202	15.6369	43.1713	18.1786	36.7846	
  9000	-65516.2	-1233.84	-18742.3	-5256.38	0.027809	1	0.226769	8.81954	1.26639	0.00197503	19.9939	0.554204	1142	99	219	-41903.2	37.8997f	47.5447	4	1	1	0.227723	0.227723	0.009901	0	0	0	0	0	0.909091	0.929825	0.3125	0.468468	0.730435	0	0.118812	0.049505	1	0.13913	0.186957	0.666667	0.666667	0.666667	1	1	7481.83	1e+20	1.08944e+10	32.2586	92.4728	15.6369	43.1713	37.8997	47.5447	
 10000	-66302.1	-1233.84	-19528.3	-5484.96	0.0288789	1	0.239205	8.36105	1.38723	0.0358412	19.9939	0.479626	1206	99	212	-41903.2	3.38249f	21.1474	4	1	1	0.227723	0.227723	0.009901	0	0	0	0	0	0.890909	0.959016	0.226891	0.62963	0.801653	0	0.118812	0.049505	1	0.198347	0.179245	0.666667	0.666667	0.666667	1	1	37876.8	1e+20	9.42336e+11	32.2586	92.4728	15.6369	43.1713	3.38249	21.1474	
 11000	-67796.2	-1233.84	-21022.3	-5780.59	0.0316131	1	0.235069	8.50816	1.49231	0.0271788	19.9939	0.453698	1290	99	249	-41903.2	13.2846f	19.5094	4	1	1	0.168317	0.227723	0.009901	0	0	0	0	0	0.881818	0.892308	0.238462	0.558824	0.730769	0	0.118812	0.049505	1	0.184615	0.190283	0.666667	0.666667	0.666667	1	1	37876.8	1e+20	9.42336e+11	32.2586	92.4728	15.6369	43.1713	13.2846	19.5094	
 12000	-69607.8	-1233.84	-22834	-6321.1	0.0321249	1	0.204574	9.7764	1.31217	0.0111059	19.9651	0.592896	1447	99	237	-41903.2	26.5573f	30.6322	4	1	1	0.168317	0.227723	0.009901	0	0	0	0	0	0.890909	0.937063	0.185714	0.588235	0.834532	0	0.118812	0.049505	1	0.135714	0.223629	0.666667	0.666667	0.666667	1	1	37876.8	1e+20	9.42336e+11	32.2586	92.4728	15.6369	43.1713	26.5573	30.6322	
 13000	-71657.2	-1233.84	-24883.4	-6770.33	0.0393636	1	0.222343	8.99512	1.74684	0.00841638	19.9632	0.409775	1583	99	267	-41903.2	38.1421f	73.3479	4	1	1	0.168317	0.306931	0.009901	0.049505	0	0	0	0	0.927273	0.913043	0.3125	0.491935	0.797468	9.90099e-09	0.0693069	0.049505	1	0.144654	0.205882	0.666667	0.666667	0.666667	1	1	37876.8	1e+20	9.42336e+11	28.6066	86.5595	15.6369	43.1713	38.1421	73.3479	
 14000	-74205.8	-1233.84	-27432	-7418.67	0.0433991	1	0.18668	10.7135	1.61701	0.00609827	19.9632	0.527243	1785	99	266	-41903.2	51.1855f	27.6761	4	1	1	0.168317	0.306931	0.009901	0.049505	0	0	0	0	0.9	0.927374	0.27933	0.522124	0.865922	9.90099e-09	0.0693069	9.90099e-09	1	0.162011	0.173432	0.666667	0.666667	0.666667	1	1	37876.8	1e+20	9.42336e+11	28.6066	86.5595	15.6369	43.1713	51.1855	27.6761	
 15000	-74286.5	-1233.84	-27512.7	-7456.29	0.0424302	1	0.214016	9.34508	1.81241	0.00680583	19.9632	0.410314	1797	99	257	-41903.2	26.4686f	47.4768	4	1	1	0.168317	0.306931	0.009901	0.049505	0	0	0	0	0.945455	0.905028	0.277778	0.611111	0.847458	9.90099e-09	0.0693069	9.90099e-09	1	0.139665	0.189189	0.666667	0.666667	0.666667	1	1	37876.8	1e+20	9.42336e+11	28.6066	86.5595	15.6369	43.1713	26.4686	47.4768	
 16000	-74936.7	-1233.84	-28162.9	-7597.54	0.0445929	1	0.224054	8.9264	1.99413	0.0119026	19.9632	0.356215	1842	99	274	-41903.2	23.5404f	32.9269	4	1	1	0.0891089	0.306931	0.009901	0.049505	0	0	0	0	0.872727	0.919355	0.209677	0.419048	0.801075	9.90099e-09	0.0693069	9.90099e-09	1	0.0972973	0.162362	0.666667	0.666667	0.666667	1	1	37876.8	1e+20	9.42336e+11	28.6066	86.5595	9.36637	33.8245	23.5404	32.9269	
 17000	-77471	-1233.84	-30697.2	-8102.68	0.0478438	1	0.262101	7.63064	2.50282	0.0247204	19.9632	0.242617	2006	99	323	-41903.2	56.8844f	5.08553	4	1	1	0.0891089	0.306931	0.009901	0.049505	0	0	0	0	0.918182	0.935	0.298507	0.523438	0.868687	9.90099e-09	0.0693069	9.90099e-09	1	0.218905	0.242812	0.666667	0.666667	0.666667	1	1	37876.8	1e+20	9.42336e+11	28.6066	86.5595	14.1647	23.0836	56.8844	5.08553	
 18000	-78876.3	-1233.84	-32102.5	-8389.72	0.0490214	1	0.241614	8.27766	2.34157	0.0200077	19.9158	0.281313	2101	99	345	-41903.2	26.768f	16.3174	4	1	1	0.0891089	0.306931	0.009901	0.049505	0	0	0	0	0.890909	0.942584	0.225962	0.52381	0.797101	9.90099e-09	0.0693069	9.90099e-09	1	0.120773	0.160819	0.666667	0.666667	0.666667	1	1	37876.8	1e+20	9.42336e+11	28.6066	86.5595	14.1647	23.0836	26.768	16.3174	
 19000	-78364.8	-1233.84	-31590.9	-8344.49	0.0490214	1	0.222819	8.97588	2.15943	0.0176151	19.9158	0.330772	2086	99	308	-41903.2	21.9346f	23.8207	4	1	1	0.0891089	0.306931	0.009901	0.049505	0	0	0	0	0.9	0.956938	0.269231	0.534884	0.889423	9.90099e-09	0.0693069	9.90099e-09	1	0.149038	0.191126	0.666667	0.666667	0.666667	1	1	37876.8	1e+20	9.42336e+11	28.6066	86.5595	14.1647	23.0836	21.9346	23.8207	
 20000	-78138.3	-1233.84	-31364.5	-8354	0.0512152	1	0.201381	9.93144	2.03899	0.0207093	19.9158	0.387603	2089	99	283	-41903.2	8.47093f	47.7817	4	1	1	0.0891089	0.267327	0.029703	0.049505	0	0	0	0	0.945455	0.919431	0.222749	0.4375	0.850467	9.90099e-09	0.0990099	9.90099e-09	1	0.108491	0.184028	0.666667	0.666667	0.666667	1	1	37876.8	1e+20	9.42336e+11	28.6066	86.5595	14.1647	23.0836	8.47093	47.7817	
 21000	-79663.3	-1233.84	-32889.5	-8728.03	0.0515596	1	0.184457	10.8427	1.8802	0.0266075	19.9158	0.458905	2215	99	286	-41903.2	14.9438f	18.3649	4	1	1	0.0891089	0.267327	0.029703	0.049505	0	0	0	0	0.890909	0.932432	0.248869	0.563636	0.872727	9.90099e-09	0.0990099	9.90099e-09	1	0.0904977	0.148789	0.666667	0.666667	0.666667	1	1	37876.8	1e+20	9.42336e+11	28.6066	86.5595	26.2608	31.9874	14.9438	18.3649	
 22000	-79813.4	-1233.84	-33039.5	-8694.57	0.0500899	1	0.200571	9.97155	1.9949	0.0201246	19.9376	0.397771	2203	99	310	-41903.2	24.6968f	17.6897	4	1	1	0.0891089	0.267327	0.029703	0.049505	0	0	0	0	0.863636	0.923423	0.248869	0.629032	0.866359	9.90099e-09	0.0990099	9.90099e-09	1	0.113122	0.182692	0.666667	0.666667	0.666667	1	1	37876.8	1e+20	9.42336e+11	28.6066	86.5595	26.2608	31.9874	24.6968	17.6897	
 23000	-80214.3	-1233.84	-33440.5	-8748.01	0.0535206	1	0.213409	9.37169	2.26796	0.00631962	19.9376	0.32883	2222	99	327	-41903.2	28.8236f	41.5248	4	1	1	0.148515	0.267327	0.029703	0.049505	0	0	0	0	0.890909	0.95	0.259091	0.539063	0.836364	9.90099e-09	0.0990099	9.90099e-09	1	0.121076	0.177711	0.666667	0.666667	0.666667	1	1	37876.8	1e+20	9.42336e+11	28.6066	86.5595	26.2608	31.9874	28.8236	41.5248	
 24000	-81370.6	-1233.84	-34596.8	-8952.75	0.0556378	1	0.209762	9.53463	2.31739	0.0119379	19.9376	0.327413	2292	99	352	-41903.2	18.7739f	53.9202	4	1	1	0.148515	0.267327	0.029703	9.90099e-09	0	0	0	0	0.881818	0.952174	0.235808	0.580952	0.817391	9.90099e-09	0.0990099	9.90099e-09	1	0.126638	0.25	0.666667	0.666667	0.666667	1	1	37876.8	1e+20	9.42336e+11	28.6066	86.5595	26.2608	31.9874	18.7739	53.9202	
 25000	-81954.2	-1233.84	-35180.4	-9134.75	0.0556378	1	0.217782	9.18351	2.40599	0.0184798	19.9376	0.303742	2355	99	337	-41903.2	41.644f	11.608	4	1	1	0.148515	0.267327	0.029703	9.90099e-09	0	0	0	0	0.909091	0.949367	0.305085	0.527778	0.855932	9.90099e-09	0.0990099	9.90099e-09	1	0.118644	0.189802	0.666667	0.666667	0.666667	1	1	37876.8	1e+20	9.42336e+11	28.6066	86.5595	26.2608	31.9874	41.644	11.608	
 26000	-83309.5	-1233.84	-36535.7	-9391.86	0.0556378	1	0.227665	8.78485	2.09449	0.019338	19.0459	0.333768	2444	99	368	-41903.2	13.782f	32.5225	4	1	1	0.148515	0.267327	0.049505	9.90099e-09	0	0	0	0	0.890909	0.963265	0.262295	0.522388	0.869388	9.90099e-09	0.0792079	9.90099e-09	1	0.183673	0.159892	0.666667	0.666667	0.666667	1	1	37876.8	1e+20	9.42336e+11	19.3648	27.7967	26.2608	31.9874	13.782	32.5225	
 27000	-82141.4	-1233.84	-35367.5	-9212.2	0.0569499	1	0.199355	10.0324	2.12602	0.00486404	19.6476	0.375514	2382	99	323	-41903.2	53.8899f	30.5108	4	1	1	0.148515	0.247525	0.049505	9.90099e-09	0	0	0	0	0.927273	0.945607	0.280335	0.552239	0.916318	0.009901	0.0792079	9.90099e-09	1	0.1125	0.214724	0.666667	0.666667	0.666667	1	1	37876.8	1e+20	9.42336e+11	19.3648	27.7967	96.6079	25.4442	53.8899	30.5108	
 28000	-83180.3	-1233.84	-36406.5	-9466.66	0.0605782	1	0.188497	10.6102	2.15232	0.0276592	19.6797	0.39229	2471	99	320	-41903.2	92.1107f	27.1177	4	1	1	0.148515	0.247525	0.049505	9.90099e-09	0	0	0	0	0.927273	0.959514	0.234818	0.514563	0.846154	0.009901	0.0792079	9.90099e-09	1	0.133603	0.161111	0.666667	0.666667	0.666667	1	1	37876.8	1e+20	9.42336e+11	19.3648	27.7967	96.6079	25.4442	92.1107	27.1177	
 29000	-84525.2	-1233.84	-37751.4	-9812.87	0.0595431	1	0.165005	12.1209	1.85188	0.0104917	19.6797	0.520846	2594	99	306	-41903.2	78.822f	54.8697	4	1	1	0.0792079	0.247525	0.049505	9.90099e-09	0	0	0	0	0.872727	0.969349	0.254753	0.566372	0.880769	0.009901	0.0792079	9.90099e-09	1	0.123077	0.185185	0.666667	0.666667	0.666667	1	1	37876.8	1e+20	9.42336e+11	19.3648	27.7967	96.6079	25.4442	78.822	54.8697	
 30000	-86336.9	-1233.84	-39563	-10222	0.0640139	1	0.187983	10.6393	2.26818	0.0151093	19.6797	0.373272	2743	99	310	-41903.2	81.5847f	34.2418	4	1	1	0.0792079	0.247525	0.049505	9.90099e-09	0	0	0	0	0.909091	0.963504	0.254545	0.53719	0.878229	0.009901	0.0792079	9.90099e-09	1	0.116364	0.209459	0.666667	0.666667	0.666667	1	1	37876.8	1e+20	9.42336e+11	19.3648	27.7967	97.2893	32.584	81.5847	34.2418	
 31000	-87300.1	-1233.84	-40526.2	-10320.7	0.0641463	1	0.182074	10.9846	2.20143	0.0092603	19.6797	0.397071	2779	99	357	-41903.2	77.1412f	53.902	4	1	1	0.0792079	0.247525	0.049505	9.90099e-09	0	0	0	0	0.918182	0.960145	0.273723	0.526718	0.860294	0.009901	0.0792079	9.90099e-09	1	0.111511	0.162791	0.666667	0.666667	0.666667	1	1	37876.8	1e+20	9.42336e+11	8.86037	45.9896	97.2893	32.584	77.1412	53.902	
 32000	-89717.9	-1233.84	-42944.1	-10817.8	0.0712861	1	0.195852	10.2118	2.34475	0.0223215	19.12	0.346573	2965	99	372	-41903.2	90.3069f	64.6946	4	1	1	0.0792079	0.188119	0.019802	9.90099e-09	0	0	0	0	0.827273	0.93	0.263333	0.491379	0.871622	0.009901	0.0792079	9.90099e-09	1	0.113333	0.199468	0.666667	0.666667	0.666667	1	1	37876.8	1e+20	9.42336e+11	8.86037	45.9896	97.2893	32.584	90.3069	64.6946	
 33000	-90419.2	-1233.84	-43645.3	-11031.2	0.0727359	1	0.189864	10.5338	2.34708	0.0035259	19.177	0.357148	3046	99	351	-41903.2	65.1122f	43.0311	4	1	1	0.0792079	0.188119	0.019802	9.90099e-09	0	0	0	0	0.863636	0.950658	0.228477	0.54955	0.851974	0.009901	0.0693069	9.90099e-09	1	0.104918	0.168091	0.666667	0.666667	0.666667	1	1	37876.8	1e+20	9.42336e+11	8.86037	45.9896	97.2893	32.584	65.1122	43.0311	
 34000	-90679.7	-1233.84	-43905.8	-11052.6	0.0741344	1	0.194724	10.2709	2.37632	0.036129	19.0245	0.34395	3054	99	368	-41903.2	99.962f	27.4491	4	1	1	0.0792079	0.188119	0.019802	0.009901	0	0	0	0	0.827273	0.943894	0.232558	0.547826	0.839344	0.009901	0.0693069	9.90099e-09	1	0.140523	0.185676	0.666667	0.666667	0.666667	1	1	37876.8	1e+20	9.42336e+11	8.86037	45.9896	97.2893	32.584	99.962	27.4491	
 35000	-93056.7	-1233.84	-46282.8	-11475.4	0.0752322	1	0.203508	9.82761	2.98122	0.0151856	19.8404	0.262327	3217	99	400	-41903.2	80.5201f	32.0656	4	1	1	0.0990099	0.188119	0.019802	0.009901	0	0	0	0	0.872727	0.947692	0.228395	0.504	0.81677	0.009901	0.0693069	9.90099e-09	1	0.145963	0.23753	0.666667	0.666667	0.666667	1	1	37876.8	1e+20	9.42336e+11	20.1672	15.6502	97.2893	32.584	80.5201	32.0656	
 36000	-92993.1	-1233.84	-46219.2	-11454.7	0.0752322	1	0.176167	11.3529	2.5807	0.0173245	19.8404	0.350072	3209	99	404	-41903.2	84.7371f	35.0357	4	1	1	0.0990099	0.188119	0.019802	0.009901	0	0	0	0	0.863636	0.978193	0.216981	0.532787	0.858491	0.009901	0.0693069	9.90099e-09	1	0.137072	0.230583	0.666667	0.666667	0.666667	1	1	37876.8	1e+20	9.42336e+11	20.1672	15.6502	97.2893	32.584	84.7371	35.0357	
 37000	-93126.5	-1233.84	-46352.6	-11585	0.0785445	1	0.166214	12.0327	2.48522	0.0170753	19.7285	0.385291	3260	99	362	-41903.2	72.3354f	19.7063	4	1	1	0.0990099	0.188119	0.019802	0.009901	0	0	0	0	0.909091	0.963415	0.231231	0.481481	0.878419	0.009901	0.0693069	9.90099e-09	1	0.11315	0.190608	0.666667	0.666667	0.666667	1	1	37876.8	1e+20	9.42336e+11	29.1229	16.1967	97.2893	32.584	72.3354	19.7063	
 38000	-93534.5	-1233.84	-46760.7	-11682.3	0.0802841	1	0.176491	11.332	2.76028	0.0280708	19.8426	0.326697	3298	99	358	-41903.2	83.3159f	14.9766	4	1	1	0.0990099	0.188119	0.0594059	0.009901	0	0	0	0	0.9	0.957317	0.265244	0.5625	0.854985	0.009901	0.0693069	9.90099e-09	1	0.10303	0.180055	0.666667	0.666667	0.666667	1	1	37876.8	1e+20	9.42336e+11	29.1229	16.1967	97.2893	32.584	83.3159	14.9766	
 39000	-93319.8	-1233.84	-46545.9	-11574.1	0.0750007	1	0.175163	11.4179	2.601	0.0227072	19.923	0.34933	3255	99	383	-41903.2	87.0799f	27.4585	4	1	1	0.0990099	0.188119	0.0594059	0.009901	0	0	0	0	0.909091	0.926606	0.250765	0.517544	0.850153	0.009901	0.0792079	9.90099e-09	1	0.12766	0.201018	0.666667	0.666667	0.666667	1	1	37876.8	1e+20	9.42336e+11	51.3177	10.2291	97.2893	32.584	87.0799	27.4585	
 40000	-94067.2	-1233.84	-47293.4	-11634	0.0798647	1	0.20474	9.76847	3.23735	0.0283066	19.923	0.240119	3279	99	428	-41903.2	76.7876f	9.4816	4	1	1	0.0990099	0.158416	0.0594059	0.009901	0	0	0	0	0.890909	0.942943	0.250755	0.520325	0.861027	0.009901	0.0792079	9.90099e-09	1	0.140244	0.161137	0.666667	0.666667	0.666667	1	1	37876.8	1e+20	9.42336e+11	51.3177	10.2291	97.2893	32.584	76.7876	9.4816	
 41000	-94040.2	-1233.84	-47266.4	-11674.1	0.078356	1	0.185998	10.7528	2.88544	0.0105338	19.923	0.296552	3295	99	408	-41903.2	77.2502f	60.6908	4	1	1	0.0990099	0.158416	0.0594059	0.009901	0	0	0	0	0.945455	0.938838	0.255319	0.5	0.876161	0.009901	0.0792079	9.90099e-09	1	0.121212	0.176617	0.666667	0.666667	0.666667	1	1	37876.8	1e+20	9.42336e+11	51.3177	10.2291	97.2893	32.584	77.2502	60.6908	
 42000	-96746.4	-1233.84	-49972.6	-12214	0.0833364	1	0.174555	11.4577	2.88005	0.0155263	19.923	0.316583	3510	99	417	-41903.2	85.6124f	47.1003	4	1	1	0.138614	0.158416	0.0594059	0.009901	0	0	0	0	0.863636	0.960452	0.241477	0.544	0.821023	0.009901	0.0792079	9.90099e-09	1	0.0932203	0.184834	0.666667	0.666667	0.666667	1	1	37876.8	1e+20	9.42336e+11	51.3177	10.2291	97.2893	32.584	85.6124	47.1003	
 43000	-95516.7	-1233.84	-48742.9	-12040	0.0833364	1	0.174555	11.4577	2.88005	0.0133416	19.923	0.316583	3440	99	382	-41903.2	82.9621f	47.23	4	1	1	0.138614	0.158416	0.0594059	0.009901	0	0	0	0	0.9	0.939306	0.201166	0.540984	0.884393	0.009901	0.0792079	9.90099e-09	1	0.127168	0.135802	0.666667	0.666667	0.666667	1	1	37876.8	1e+20	9.42336e+11	51.3177	10.2291	97.2893	32.584	82.9621	47.23	
 44000	-96859.8	-1233.84	-50086	-12168.5	0.0807211	1	0.193394	10.3416	3.09074	0.0133416	19.923	0.266265	3491	99	453	-41903.2	82.9621f	47.23	4	1	1	0.138614	0.158416	0.009901	0.009901	0	0	0	0	0.872727	0.956897	0.311239	0.547445	0.843931	0.009901	0.0792079	9.90099e-09	1	0.14	0.217105	0.666667	0.666667	0.666667	1	1	37876.8	1e+20	9.42336e+11	51.3177	10.2291	97.2893	32.584	82.9621	47.23	
 45000	-97761.3	-1233.84	-50987.4	-12428.6	0.0862568	1	0.184002	10.8694	3.17535	0.0277562	19.9752	0.272399	3597	99	428	-41903.2	84.9663f	17.0353	4	1	1	0.138614	0.138614	0.009901	9.90099e-09	0	0	0	0	0.9	0.944444	0.239554	0.481481	0.866667	0.009901	0.0792079	9.90099e-09	1	0.0944444	0.202797	0.666667	0.666667	0.666667	1	1	37876.8	1e+20	9.42336e+11	51.3177	10.2291	97.9545	22.9721	84.9663	17.0353	
 46000	-98893	-1233.84	-52119.1	-12633	0.0852765	1	0.184002	10.8694	3.13926	0.0198802	19.9752	0.275531	3680	99	436	-41903.2	90.3582f	46.5747	4	1	1	0.138614	0.138614	0.009901	9.90099e-09	0	0	0	0	0.863636	0.937838	0.26087	0.507937	0.859838	0.009901	0.0990099	9.90099e-09	1	0.138211	0.213777	0.666667	0.666667	0.666667	1	1	37876.8	1e+20	9.42336e+11	41.5974	3.72993	97.9545	22.9721	90.3582	46.5747	
 47000	-96878.7	-1233.84	-50104.8	-12219.4	0.0873321	1	0.188787	10.594	3.13432	0.0083909	19.7218	0.268971	3511	99	438	-41903.2	27.819f	35.7327	4	1	1	0.138614	0.138614	0.009901	9.90099e-09	0	0	0	0	0.9	0.924157	0.276353	0.568	0.866856	0.009901	0.0990099	9.90099e-09	1	0.130682	0.194064	0.666667	0.666667	0.666667	1	1	37876.8	1e+20	9.42336e+11	41.5974	3.72993	39.5775	38.1791	27.819	35.7327	
 48000	-99288	-1233.84	-52514.2	-12651	0.0873321	1	0.177536	11.2653	3.02123	0.00670624	19.844	0.296722	3688	99	469	-41903.2	72.1664f	42.8973	4	1	1	0.0990099	0.138614	0.009901	9.90099e-09	0	0	0	0	0.927273	0.959128	0.255435	0.432624	0.888889	0.009901	0.0990099	9.90099e-09	1	0.124661	0.178344	0.666667	0.666667	0.666667	1	1	37876.8	1e+20	9.42336e+11	41.5974	3.72993	39.5775	38.1791	72.1664	42.8973	
 49000	-100179	-1233.84	-53405.4	-12883.9	0.0882997	1	0.179939	11.1149	3.09605	0.00600656	19.844	0.285686	3784	99	442	-41903.2	65.7525f	34.551	4	1	1	0.0990099	0.138614	0.029703	9.90099e-09	0	0	0	0	0.890909	0.954907	0.251337	0.48062	0.877333	0.009901	0.0990099	9.90099e-09	1	0.137931	0.186207	0.666667	0.666667	0.666667	1	1	37876.8	1e+20	9.42336e+11	41.5974	3.72993	39.5775	38.1791	65.7525	34.551	
 50000	-101038	-1233.84	-54264.2	-12983.4	0.0882997	1	0.202286	9.88698	3.48056	0.00758269	19.844	0.22605	3825	99	480	-41903.2	73.5464f	42.2119	4	1	1	0.0990099	0.138614	0.029703	9.90099e-09	0	0	0	0	0.863636	0.973545	0.293194	0.559441	0.866841	0.009901	0.0990099	9.90099e-09	1	0.154255	0.19375	0.666667	0.666667	0.666667	1	1	37876.8	1e+20	9.42336e+11	41.5974	3.72993	39.5775	38.1791	73.5464	42.2119	
 51000	-102445	-1233.84	-55671	-13172.4	0.0945841	1	0.21772	9.18611	4.01273	0.0269192	19.844	0.182172	3905	99	523	-41903.2	2.72035f	45.9363	4	1	1	0.0990099	0.138614	0.029703	9.90099e-09	0	0	0	0	0.890909	0.935733	0.263708	0.509434	0.859335	0.009901	0.0990099	9.90099e-09	1	0.134367	0.16826	0.666667	0.666667	0.666667	1	1	37876.8	1e+20	9.42336e+11	41.5974	3.72993	14.8344	47.8498	2.72035	45.9363	
 52000	-103666	-1233.84	-56891.8	-13457.8	0.0945841	1	0.208852	9.57614	3.8899	0.000843651	19.8961	0.195903	4026	99	509	-41903.2	50.4984f	57.2039	4	1	1	0.0990099	0.217822	0.029703	9.90099e-09	0	0	0	0	0.9	0.952854	0.242574	0.557692	0.880893	0.009901	0.108911	9.90099e-09	1	0.136476	0.185547	0.666667	0.666667	0.666667	1	1	37876.8	1e+20	9.42336e+11	41.5974	3.72993	31.3335	13.6838	50.4984	57.2039	
 53000	-104013	-1233.84	-57239	-13604	0.0945841	1	0.187975	10.6397	3.02961	0.016253	19.1896	0.279469	4088	99	474	-41903.2	73.5979f	21.8941	4	1	1	0.0990099	0.217822	0.029703	9.90099e-09	0	0	0	0	0.9	0.960591	0.232843	0.568345	0.859606	0.009901	0.108911	9.90099e-09	1	0.114914	0.166667	0.666667	0.666667	0.666667	1	1	37876.8	1e+20	9.42336e+11	41.5974	3.72993	31.3335	13.6838	73.5979	21.8941	
 54000	-104061	-1233.84	-57286.7	-13519.1	0.0945841	1	0.216564	9.23515	3.35994	0.0168166	19.0077	0.218727	4052	99	519	-41903.2	42.9161f	13.2102	4	1	1	0.049505	0.217822	0.029703	9.90099e-09	0	0	0	0	0.881818	0.953317	0.19656	0.480769	0.841584	0.009901	0.108911	9.90099e-09	1	0.144963	0.172549	0.666667	0.666667	0.666667	1	1	37876.8	1e+20	9.42336e+11	41.5974	3.72993	31.3335	13.6838	42.9161	13.2102	
 55000	-103772	-1233.84	-56998.1	-13537.9	0.0945841	1	0.196219	10.1927	3.51468	0.0168166	19.7028	0.230777	4060	99	482	-41903.2	42.9161f	13.2102	4	1	1	0.049505	0.217822	0.049505	9.90099e-09	0	0	0	0	0.890909	0.935644	0.248157	0.581081	0.879607	0.009901	0.108911	9.90099e-09	1	0.113022	0.193483	0.666667	0.666667	0.666667	1	1	37876.8	1e+20	9.42336e+11	41.5974	3.72993	31.3335	13.6838	42.9161	13.2102	
 56000	-103856	-1233.84	-57082.1	-13532.6	0.0983045	1	0.198147	10.0935	3.68881	0.0462675	19.7028	0.217744	4058	99	490	-41903.2	2.66808f	9.47531	4	1	1	0.049505	0.217822	0.049505	9.90099e-09	0	0	0	0	0.918182	0.933498	0.273399	0.571429	0.856436	0.009901	0.108911	9.90099e-09	1	0.14532	0.205645	0.666667	0.666667	0.666667	1	1	37876.8	1e+20	9.42336e+11	41.5974	3.72993	31.3335	13.6838	2.66808	9.47531	
 57000	-105041	-1233.84	-58267.4	-13676.5	0.0977122	1	0.208035	9.61375	3.95934	0.0124968	19.8418	0.193223	4120	99	529	-41903.2	41.8821f	18.7815	4	1	1	0.049505	0.217822	0.049505	9.90099e-09	0	0	0	0	0.890909	0.939173	0.279126	0.481132	0.832117	0.009901	0.108911	9.90099e-09	1	0.141119	0.190813	0.666667	0.666667	0.666667	1	1	37876.8	1e+20	9.42336e+11	41.5974	3.72993	31.3335	13.6838	41.8821	18.7815	
 58000	-103442	-1233.84	-56668.6	-13450.9	0.0977122	1	0.181199	11.0376	3.46955	0.00513845	19.8719	0.253158	4023	99	489	-41903.2	46.4758f	29.8131	4	1	1	0.049505	0.158416	0.049505	9.90099e-09	0	0	0	0	0.863636	0.960298	0.232673	0.528302	0.856079	0.009901	0.108911	9.90099e-09	1	0.116337	0.181992	0.666667	0.666667	0.666667	1	1	37876.8	1e+20	9.42336e+11	41.5974	3.72993	31.3335	13.6838	46.4758	29.8131	
 59000	-103564	-1233.84	-56789.9	-13525.1	0.0963378	1	0.181337	11.0292	3.42337	0.0278337	19.8719	0.256377	4055	99	470	-41903.2	18.4787f	86.3449	4	1	1	0.049505	0.158416	0.049505	9.90099e-09	0	0	0	0	0.909091	0.941463	0.27027	0.462069	0.849754	0.009901	0.0891089	9.90099e-09	1	0.123153	0.188017	0.666667	0.666667	0.666667	1	1	37876.8	1e+20	9.42336e+11	41.5974	3.72993	29.1731	59.984	18.4787	86.3449	
 60000	-104219	-1233.84	-57444.8	-13752.1	0.0963378	1	0.157942	12.6629	2.86133	0.000746094	19.6683	0.352172	4152	99	420	-41903.2	43.4662f	47.6811	4	1	1	0.0792079	0.158416	0.049505	9.90099e-09	0	0	0	0	0.909091	0.961259	0.26699	0.492647	0.84466	0.009901	0.0891089	9.90099e-09	1	0.122596	0.190588	0.666667	0.666667	0.666667	1	1	37876.8	1e+20	9.42336e+11	79.1381	20.4655	52.181	39.8123	43.4662	47.6811	
 61000	-105536	-1233.84	-58762.5	-13993.1	0.0963378	1	0.168447	11.8732	3.11386	0.00860242	19.7678	0.30343	4255	99	438	-41903.2	23.3546f	48.9699	4	1	1	0.0792079	0.158416	0.049505	9.90099e-09	0	0	0	0	0.863636	0.943128	0.222222	0.496296	0.867299	0.009901	0.0891089	9.90099e-09	1	0.113744	0.203501	0.666667	0.666667	0.666667	1	1	37876.8	1e+20	9.42336e+11	79.1381	20.4655	54.2379	38.9157	23.3546	48.9699	
 62000	-105787	-1233.84	-59012.7	-13978.8	0.0997463	1	0.180421	11.0852	3.45321	0.00564665	19.7678	0.255453	4251	99	456	-41903.2	50.9818f	28.5341	4	1	1	0.0792079	0.158416	0.049505	9.90099e-09	0	0	0	0	0.9	0.950472	0.248815	0.427536	0.881517	0.009901	0.0891089	9.90099e-09	1	0.0985916	0.201699	0.666667	0.666667	0.666667	1	1	37876.8	1e+20	9.42336e+11	79.1381	20.4655	54.2379	38.9157	50.9818	28.5341	
 63000	-104418	-1233.84	-57644.2	-13750.6	0.0997463	1	0.173482	11.5286	3.32041	0.00595161	19.7678	0.276296	4152	99	437	-41903.2	32.4723f	36.4877	4	1	1	0.0792079	0.158416	0.049505	9.90099e-09	0	0	0	0	0.9	0.973494	0.226506	0.507246	0.860241	0.009901	0.0891089	9.90099e-09	1	0.113253	0.206019	0.666667	0.666667	0.666667	1	1	37876.8	1e+20	9.42336e+11	79.1381	20.4655	54.2379	38.9157	32.4723	36.4877	
 64000	-106046	-1233.84	-59272.5	-14061.8	0.0997463	1	0.192066	10.4131	3.5838	0.0064828	19.6425	0.231221	4287	99	449	-41903.2	72.8183f	50.5624	4	1	1	0.0792079	0.237624	0.049505	9.90099e-09	0	0	0	0	0.890909	0.962617	0.2	0.518519	0.86215	9.90099e-09	0.0891089	9.90099e-09	1	0.130536	0.164882	0.666667	0.666667	0.666667	1	1	37876.8	1e+20	9.42336e+11	79.1381	20.4655	54.2379	38.9157	72.8183	50.5624	
 65000	-108121	-1233.84	-61346.9	-14397.5	0.105627	1	0.19795	10.1035	3.91138	0.00162705	19.6425	0.205558	4436	99	486	-41903.2	48.3806f	39.034	4	1	1	0.0792079	0.237624	0.049505	9.90099e-09	0	0	0	0	0.818182	0.943439	0.249433	0.468531	0.857466	9.90099e-09	0.118812	9.90099e-09	1	0.126126	0.179916	0.666667	0.666667	0.666667	1	1	37876.8	1e+20	9.42336e+11	79.1381	20.4655	54.2379	38.9157	48.3806	39.034	
 66000	-109568	-1233.84	-62793.8	-14576.6	0.108714	1	0.210754	9.48974	4.41098	0.00134048	19.7841	0.171202	4516	99	528	-41903.2	45.1121f	41.3291	4	1	1	0.039604	0.237624	0.049505	9.90099e-09	0	0	0	0	0.918182	0.951435	0.278146	0.583333	0.857143	9.90099e-09	0.118812	9.90099e-09	1	0.121681	0.214689	0.666667	0.666667	0.666667	1	1	37876.8	1e+20	9.42336e+11	79.1381	20.4655	54.2379	38.9157	45.1121	41.3291	
 67000	-111490	-1233.84	-64716.2	-14844.8	0.109257	1	0.209088	9.56535	4.52615	0.0115559	19.9267	0.168175	4637	99	576	-41903.2	65.6588f	23.3632	4	1	1	0.039604	0.237624	0.039604	9.90099e-09	0	0	0	0	0.890909	0.96129	0.256466	0.472727	0.862955	9.90099e-09	0.118812	9.90099e-09	1	0.150862	0.184483	0.666667	0.666667	0.666667	1	1	37876.8	1e+20	9.42336e+11	79.1381	20.4655	54.2379	38.9157	65.6588	23.3632	
 68000	-109132	-1233.84	-62358.6	-14543	0.107461	1	0.173873	11.5027	3.70195	0.0163603	19.9267	0.247262	4501	99	502	-41903.2	84.2193f	63.1112	4	1	1	0.039604	0.237624	0.039604	9.90099e-09	0	0	0	0	0.881818	0.95122	0.272727	0.542056	0.878049	9.90099e-09	0.118812	9.90099e-09	1	0.128603	0.189723	0.666667	0.666667	0.666667	1	1	37876.8	1e+20	9.42336e+11	34.26	21.8098	54.2379	38.9157	84.2193	63.1112	
 69000	-111090	-1233.84	-64316.4	-14891	0.107461	1	0.17337	11.536	3.69124	0.00358563	19.9267	0.248699	4657	99	516	-41903.2	52.3429f	33.2063	4	1	1	0.039604	0.237624	0.039604	9.90099e-09	0	0	0	0	0.872727	0.959402	0.248927	0.538462	0.881974	9.90099e-09	0.118812	9.90099e-09	1	0.11588	0.166667	0.666667	0.666667	0.666667	1	1	37876.8	1e+20	9.42336e+11	61.3155	19.8376	54.2379	38.9157	52.3429	33.2063	
 70000	-109553	-1233.84	-62779.5	-14636.7	0.107461	1	0.182124	10.9815	3.93194	0.0199961	19.9961	0.222252	4543	99	491	-41903.2	71.9639f	15.6481	4	1	1	0.039604	0.247525	0.039604	9.90099e-09	0	0	0	0	0.9	0.95122	0.252193	0.516779	0.873614	9.90099e-09	0.118812	9.90099e-09	1	0.135965	0.183071	0.666667	0.666667	0.666667	1	1	37876.8	1e+20	9.42336e+11	72.8952	6.737	57.2034	22.4835	71.9639	15.6481	
 71000	-111014	-1233.84	-64240.6	-14920	0.107461	1	0.156913	12.7459	3.36786	0.0145605	19.9668	0.301166	4670	99	490	-41903.2	24.5492f	73.5828	4	1	1	0.019802	0.247525	0.039604	9.90099e-09	0	0	0	0	0.954545	0.965885	0.277778	0.60396	0.878465	9.90099e-09	0.108911	9.90099e-09	1	0.138593	0.157143	0.666667	0.666667	0.666667	1	1	37876.8	1e+20	9.42336e+11	86.1684	25.916	57.2034	22.4835	24.5492	73.5828	
 72000	-113130	-1233.84	-66356.4	-15240	0.113167	1	0.166604	12.0045	3.76571	0.00146504	19.9668	0.253681	4818	99	532	-41903.2	42.7758f	57.3398	4	1	1	0.019802	0.247525	0.039604	9.90099e-09	0	0	0	0	0.890909	0.945833	0.294979	0.578431	0.88	9.90099e-09	0.108911	9.90099e-09	1	0.122917	0.18985	0.666667	0.666667	0.666667	1	1	37876.8	1e+20	9.42336e+11	86.1684	25.916	57.2034	22.4835	42.7758	57.3398	
 73000	-113887	-1233.84	-67113.3	-15469.7	0.118005	1	0.163137	12.2596	3.44271	0.000822226	19.4227	0.283379	4925	99	493	-41903.2	42.6472f	50.0044	4	1	1	0.019802	0.247525	0.049505	9.90099e-09	0	0	0	0	0.909091	0.97955	0.235772	0.514851	0.882114	9.90099e-09	0.108911	9.90099e-09	1	0.133874	0.180328	0.666667	0.666667	0.666667	1	1	37876.8	1e+20	9.42336e+11	96.1103	41.9651	67.5019	48.0259	42.6472	50.0044	
 74000	-115869	-1233.84	-69095.2	-15753.8	0.118089	1	0.176875	11.3074	4.106	0.0336477	19.8876	0.219147	5058	99	531	-41903.2	98.1454f	71.6371	4	1	1	0.019802	0.247525	0.049505	9.90099e-09	0	0	0	0	0.827273	0.964427	0.233202	0.5	0.865613	9.90099e-09	0.108911	9.90099e-09	1	0.128458	0.165428	0.666667	0.666667	0.666667	1	1	37876.8	1e+20	9.42336e+11	91.0058	40.8479	67.5019	48.0259	98.1454	71.6371	
 75000	-113850	-1233.84	-67075.9	-15461.1	0.117902	1	0.166535	12.0095	3.54404	0.00125597	19.4677	0.269659	4921	99	497	-41903.2	44.3735f	57.5134	4	1	1	0.019802	0.247525	0.049505	9.90099e-09	0	0	0	0	0.909091	0.943205	0.219067	0.509804	0.876518	9.90099e-09	0.108911	9.90099e-09	1	0.10142	0.190661	0.666667	0.666667	0.666667	1	1	37876.8	1e+20	9.42336e+11	91.0058	40.8479	60.8017	55.4378	44.3735	57.5134	
 76000	-114755	-1233.84	-67981.6	-15617.2	0.117902	1	0.164511	12.1572	3.6655	0.00105353	19.6925	0.263932	4994	99	497	-41903.2	53.8915f	57.3304	4	1	1	0.019802	0.148515	0.049505	9.90099e-09	0	0	0	0	0.845455	0.965795	0.249497	0.516779	0.872727	9.90099e-09	0.108911	9.90099e-09	1	0.134	0.17505	0.666667	0.666667	0.666667	1	1	37876.8	1e+20	9.42336e+11	91.0058	40.8479	60.8017	55.4378	53.8915	57.3304	
 77000	-116182	-1233.84	-69407.9	-15775.4	0.117902	1	0.164511	12.1572	3.73711	0.0121293	19.788	0.258874	5068	99	552	-41903.2	81.4262f	52.0331	4	1	1	0.019802	0.148515	0.049505	9.90099e-09	0	0	0	0	0.881818	0.956436	0.235644	0.526786	0.873267	9.90099e-09	0.108911	9.90099e-09	1	0.114851	0.179817	0.666667	0.666667	0.666667	1	1	37876.8	1e+20	9.42336e+11	91.0058	40.8479	82.4828	46.3758	81.4262	52.0331	
 78000	-115833	-1233.84	-69059.4	-15776.2	0.117229	1	0.173935	11.4985	3.78493	0.0121027	19.6045	0.241755	5068	99	518	-41903.2	80.9299f	44.0864	4	1	1	0.019802	0.148515	0.049505	9.90099e-09	0	0	0	0	0.863636	0.968442	0.258893	0.576577	0.883629	9.90099e-09	0.108911	9.90099e-09	1	0.143984	0.197782	0.666667	0.666667	0.666667	1	1	37876.8	1e+20	9.42336e+11	91.0058	40.8479	82.4828	46.3758	80.9299	44.0864	
 79000	-117955	-1233.84	-71180.7	-16128.4	0.126664	1	0.163641	12.2219	3.82332	0.0176406	19.5736	0.254383	5237	99	534	-41903.2	86.0446f	62.2769	4	1	1	0.108911	0.148515	0.049505	0.009901	0	0	0	0	0.909091	0.946869	0.262452	0.572727	0.878558	9.90099e-09	0.108911	9.90099e-09	1	0.127863	0.15847	0.666667	0.666667	0.666667	1	1	37876.8	1e+20	9.42336e+11	91.0058	40.8479	82.4828	46.3758	86.0446	62.2769	
 80000	-120583	-1233.84	-73808.8	-16620.2	0.126664	1	0.149635	13.3659	3.57748	0.0162491	19.6866	0.297311	5475	99	528	-41903.2	86.5407f	48.8394	4	1	1	0.108911	0.148515	0.0990099	0.009901	0	0	0	0	0.836364	0.972477	0.238095	0.504762	0.89011	9.90099e-09	0.108911	9.90099e-09	1	0.0880734	0.172348	0.666667	0.666667	0.666667	1	1	37876.8	1e+20	9.42336e+11	91.0058	40.8479	82.4828	46.3758	86.5407	48.8394	
 81000	-123638	-1233.84	-76864	-17202.7	0.135734	1	0.1303	15.3492	3.3383	0.0248696	19.6866	0.365891	5766	99	511	-41903.2	85.3974f	78.2654	4	1	1	0.108911	0.148515	0.0990099	0.009901	0	0	0	0	0.890909	0.946367	0.2358	0.542056	0.891379	9.90099e-09	0.108911	9.90099e-09	1	0.112652	0.176357	0.666667	0.666667	0.666667	1	1	37876.8	1e+20	9.42336e+11	91.0058	40.8479	82.4828	46.3758	85.3974	78.2654	
 82000	-123094	-1233.84	-76320.6	-16995	0.135734	1	0.175706	11.3826	4.02586	0.0014594	19.1445	0.224995	5662	99	571	-41903.2	58.9026f	54.8014	4	1	1	0.108911	0.108911	0.0990099	0.009901	0	0	0	0	0.918182	0.969912	0.245583	0.634783	0.886726	9.90099e-09	0.108911	9.90099e-09	1	0.129204	0.162872	0.666667	0.666667	0.666667	1	1	37876.8	1e+20	9.42336e+11	91.0058	40.8479	82.4828	46.3758	58.9026	54.8014	
 83000	-124489	-1233.84	-77715.1	-17212.3	0.141495	1	0.182802	10.9408	4.36623	0.00371918	19.1445	0.199403	5770	99	588	-41903.2	44.8205f	66.2912	4	1	1	0.108911	0.108911	0.0990099	0.009901	0	0	0	0	0.918182	0.960139	0.256499	0.483607	0.857391	9.90099e-09	0.0891089	9.90099e-09	1	0.126298	0.197279	0.666667	0.666667	0.666667	1	1	37876.8	1e+20	9.42336e+11	91.0058	40.8479	82.4828	46.3758	44.8205	66.2912	
 84000	-124972	-1233.84	-78198	-17311.1	0.138139	1	0.181826	10.9995	4.29843	0.0149211	19.2102	0.203636	5821	99	582	-41903.2	83.5916f	40.0094	4	1	1	0.108911	0.108911	0.0990099	0.009901	0	0	0	0	0.854545	0.958904	0.245283	0.5	0.868376	9.90099e-09	0.0891089	9.90099e-09	1	0.113208	0.19322	0.666667	0.666667	0.666667	1	1	37876.8	1e+20	9.42336e+11	91.0058	40.8479	82.4828	46.3758	83.5916	40.0094	
 85000	-124331	-1233.84	-77557	-17162.7	0.138327	1	0.179969	11.113	4.31401	0.0114171	19.2705	0.204994	5746	99	601	-41903.2	78.153f	61.7397	4	1	1	0.108911	0.108911	0.0990099	0.009901	0	0	0	0	0.863636	0.953368	0.21875	0.47541	0.887153	9.90099e-09	0.0891089	9.90099e-09	1	0.118056	0.191201	0.666667	0.666667	0.666667	1	1	37876.8	1e+20	9.42336e+11	91.0058	40.8479	69.4588	54.7642	78.153	61.7397	
 86000	-125181	-1233.84	-78407	-17289.4	0.137967	1	0.197485	10.1273	4.18801	0.010419	18.7013	0.192432	5810	99	616	-41903.2	30.4101f	71.7276	4	1	1	0.108911	0.108911	0.0693069	0.009901	0	0	0	0	0.927273	0.968966	0.249141	0.483607	0.862069	9.90099e-09	0.0891089	9.90099e-09	1	0.146552	0.152597	0.666667	0.666667	0.666667	1	1	37876.8	1e+20	9.42336e+11	91.0058	40.8479	31.6523	63.328	30.4101	71.7276	
 87000	-125729	-1233.84	-78954.7	-17374.2	0.139021	1	0.206816	9.67043	4.51573	0.00958577	18.8024	0.170415	5853	99	627	-41903.2	22.0797f	53.6123	4	1	1	0.108911	0.108911	0.0693069	0.009901	0	0	0	0	0.918182	0.953767	0.272727	0.504	0.874786	9.90099e-09	0.0891089	9.90099e-09	1	0.108062	0.181818	0.666667	0.666667	0.666667	1	1	37876.8	1e+20	9.42336e+11	91.0058	40.8479	31.6523	63.328	22.0797	53.6123	
 88000	-123593	-1233.84	-76818.9	-17048.2	0.138544	1	0.20062	9.9691	4.36541	0.00301676	18.8024	0.181727	5688	99	595	-41903.2	44.5144f	64.2776	4	1	1	0.108911	0.168317	0.0693069	0.009901	0	0	0	0	0.918182	0.94386	0.237258	0.5	0.885159	9.90099e-09	0.0891089	9.90099e-09	1	0.114236	0.180135	0.666667	0.666667	0.666667	1	1	37876.8	1e+20	9.42336e+11	91.0058	40.8479	14.8339	80.422	44.5144	64.2776	
 89000	-126536	-1233.84	-79761.8	-17464.5	0.14031	1	0.198343	10.0835	4.37086	0.0170373	18.8024	0.183585	5899	99	644	-41903.2	13.7125f	39.7133	4	1	1	0.049505	0.168317	0.0693069	0.009901	0	0	0	0	0.927273	0.942664	0.236486	0.51938	0.820946	9.90099e-09	0.0792079	9.90099e-09	1	0.118243	0.154908	0.666667	0.666667	0.666667	1	1	37876.8	1e+20	9.42336e+11	91.0058	40.8479	14.8339	80.422	13.7125	39.7133	
 90000	-130007	-1233.84	-83233.2	-18003	0.151035	1	0.205199	9.74663	5.05761	0.00835852	18.9833	0.153356	6176	99	675	-41903.2	25.1441f	58.3658	4	1	1	0.049505	0.168317	0.0693069	0.009901	0	0	0	0	0.872727	0.951456	0.192869	0.537313	0.869355	9.90099e-09	0.0792079	9.90099e-09	1	0.137097	0.151111	0.666667	0.666667	0.666667	1	1	37876.8	1e+20	9.42336e+11	91.0058	40.8479	14.8339	80.422	25.1441	58.3658	
 91000	-134828	-1233.84	-88054.2	-18623.8	0.158356	1	0.199698	10.0151	6.34412	0.0376797	19.9889	0.125625	6505	99	783	-41903.2	10.5732f	89.8282	4	1	1	0.049505	0.168317	0.0693069	0.009901	0	0	0	0	0.863636	0.949074	0.232772	0.493671	0.872111	9.90099e-09	0.0792079	9.90099e-09	1	0.147465	0.197659	0.666667	0.666667	0.666667	1	1	37876.8	1e+20	9.42336e+11	80.7148	47.1431	31.6756	91.6795	10.5732	89.8282	
 92000	-134210	-1233.84	-87436.4	-18645.6	0.153178	1	0.187812	10.6489	5.71114	0.0118621	19.9365	0.148379	6517	99	707	-41903.2	29.1622f	73.2914	4	1	1	0.049505	0.168317	0.0693069	0.009901	0	0	0	0	0.872727	0.96189	0.245802	0.513699	0.868702	9.90099e-09	0.0792079	9.90099e-09	1	0.157252	0.195804	0.666667	0.666667	0.666667	1	1	37876.8	1e+20	9.42336e+11	80.7148	47.1431	20.6689	60.9701	29.1622	73.2914	
 93000	-132989	-1233.84	-86215.5	-18557.5	0.155998	1	0.165502	12.0844	5.12536	0.0184451	19.9365	0.187626	6470	99	644	-41903.2	51.0369f	88.9625	4	1	1	0.049505	0.168317	0.0792079	9.90099e-09	0	0	0	0	0.9	0.970588	0.256569	0.488722	0.890263	9.90099e-09	0.049505	9.90099e-09	1	0.123457	0.170732	0.666667	0.666667	0.666667	1	1	37876.8	1e+20	9.42336e+11	87.2135	42.8507	20.6689	60.9701	51.0369	88.9625	
 94000	-134321	-1233.84	-87547.3	-18643.1	0.154292	1	0.190955	10.4737	5.84892	0.0256978	19.9365	0.1425	6516	99	714	-41903.2	14.2094f	79.2811	4	1	1	0.049505	0.207921	0.0792079	9.90099e-09	0	0	0	0	0.836364	0.945122	0.269939	0.536424	0.89939	9.90099e-09	0.049505	9.90099e-09	1	0.144172	0.179144	0.666667	0.666667	0.666667	1	1	37876.8	1e+20	9.42336e+11	87.2135	42.8507	20.6689	60.9701	14.2094	79.2811	
 95000	-133250	-1233.84	-86476.6	-18551.6	0.154292	1	0.176299	11.3443	5.40003	0.0267216	19.9365	0.167176	6467	99	676	-41903.2	13.6707f	19.6779	4	1	1	0.0792079	0.207921	0.0792079	9.90099e-09	0	0	0	0	0.881818	0.955039	0.243077	0.532847	0.877898	9.90099e-09	0.049505	9.90099e-09	1	0.132921	0.180473	0.666667	0.666667	0.666667	1	1	37876.8	1e+20	9.42336e+11	87.2135	42.8507	16.0656	46.376	13.6707	19.6779	
 96000	-135031	-1233.84	-88257	-18878.6	0.154292	1	0.175122	11.4206	5.36397	0.0244834	19.9365	0.169431	6642	99	650	-41903.2	11.8774f	74.1886	4	1	1	0.0792079	0.207921	0.0792079	9.90099e-09	0	0	0	0	0.890909	0.957831	0.271341	0.524823	0.89006	9.90099e-09	0.049505	9.90099e-09	1	0.120482	0.228125	0.666667	0.666667	0.666667	1	1	37876.8	1e+20	9.42336e+11	83.0389	24.9274	16.0656	46.376	11.8774	74.1886	
 97000	-136699	-1233.84	-89925.5	-19161.9	0.163108	1	0.165445	12.0886	5.38468	0.00596269	19.9621	0.178652	6798	99	640	-41903.2	30.1374f	59.5387	4	1	1	0.0792079	0.207921	0.0792079	9.90099e-09	0	0	0	0	0.918182	0.969343	0.25731	0.481481	0.899123	9.90099e-09	0.049505	9.90099e-09	1	0.122807	0.176385	0.666667	0.666667	0.666667	1	1	37876.8	1e+20	9.42336e+11	83.0389	24.9274	16.0656	46.376	30.1374	59.5387	
 98000	-138359	-1233.84	-91585.1	-19414.9	0.160313	1	0.16397	12.1974	5.24522	0.0215686	19.9621	0.185052	6936	99	653	-41903.2	17.0616f	23.153	4	1	1	0.0792079	0.207921	0.0792079	9.90099e-09	0	0	0	0	0.836364	0.958153	0.266955	0.503759	0.88456	9.90099e-09	0.049505	9.90099e-09	1	0.135642	0.195588	0.666667	0.666667	0.666667	1	1	37876.8	1e+20	9.42336e+11	83.0389	24.9274	16.0656	46.376	17.0616	23.153	
 99000	-133907	-1233.84	-87133.5	-18815.3	0.161353	1	0.140607	14.2241	4.52703	0.012908	19.9621	0.250035	6608	99	581	-41903.2	18.1278f	42.3204	4	1	1	0.0792079	0.128713	0.009901	9.90099e-09	0	0	0	0	0.890909	0.965046	0.269289	0.464912	0.907716	9.90099e-09	0.118812	9.90099e-09	1	0.0953101	0.216724	0.666667	0.666667	0.666667	1	1	37876.8	1e+20	9.42336e+11	83.0389	24.9274	16.0656	46.376	18.1278	42.3204	
100000	-136148	-1233.84	-89374.2	-18981.3	0.161353	1	0.176372	11.3396	5.62448	0.0252199	19.9144	0.160438	6699	99	700	-41903.2	8.18002f	68.8013	4	1	1	0.0792079	0.128713	0.009901	9.90099e-09	0	0	0	0	0.872727	0.949405	0.262611	0.520548	0.871111	9.90099e-09	0.118812	9.90099e-09	1	0.126866	0.190409	0.666667	0.666667	0.666667	1	1	37876.8	1e+20	9.42336e+11	83.0389	24.9274	16.0656	46.376	8.18002	68.8013	
101000	-137346	-1233.84	-90571.8	-19141.8	0.161353	1	0.162912	12.2766	5.19521	0.0122899	19.9144	0.188046	6787	99	709	-41903.2	19.0964f	41.7608	4	1	1	0.039604	0.128713	0.009901	9.90099e-09	0	0	0	0	0.9	0.95549	0.277037	0.51049	0.879822	9.90099e-09	0.118812	9.90099e-09	1	0.134021	0.221113	0.666667	0.666667	0.666667	1	1	37876.8	1e+20	9.42336e+11	83.0389	24.9274	16.0656	46.376	19.0964	41.7608	
102000	-135855	-1233.84	-89081.6	-19008.6	0.161353	1	0.160123	12.4904	5.10629	0.00458792	19.9144	0.194653	6714	99	654	-41903.2	32.3222f	57.5993	4	1	1	0.039604	0.128713	0.009901	9.90099e-09	0	0	0	0	0.8	0.957037	0.248512	0.584615	0.878338	9.90099e-09	0.118812	9.90099e-09	1	0.145185	0.180723	0.666667	0.666667	0.666667	1	1	37876.8	1e+20	9.42336e+11	83.0389	24.9274	30.449	55.9698	32.3222	57.5993	
103000	-136802	-1233.84	-90028.4	-19154.6	0.162899	1	0.16456	12.1536	5.34677	0.0254841	19.96	0.180886	6794	99	659	-41903.2	4.30334f	43.3913	4	1	1	0.039604	0.128713	0.009901	9.90099e-09	0	0	0	0	0.927273	0.966077	0.240059	0.526316	0.877761	9.90099e-09	0.118812	9.90099e-09	1	0.134021	0.22272	0.666667	0.666667	0.666667	1	1	37876.8	1e+20	9.42336e+11	83.0389	24.9274	41.1641	65.7918	4.30334	43.3913	
104000	-140436	-1233.84	-93661.8	-19671.1	0.167021	1	0.166229	12.0316	5.53765	0.0190634	19.96	0.172897	7081	99	697	-41903.2	57.644f	88.8711	4	1	1	0.039604	0.128713	0.009901	9.90099e-09	0	0	0	0	0.881818	0.950425	0.253541	0.471014	0.892351	9.90099e-09	0.118812	9.90099e-09	1	0.111898	0.192701	0.666667	0.666667	0.666667	1	1	37876.8	1e+20	9.42336e+11	83.0389	24.9274	41.1641	65.7918	57.644	88.8711	
105000	-139231	-1233.84	-92456.8	-19561.4	0.164298	1	0.14598	13.7005	4.78383	0.00226653	19.96	0.227903	7019	99	651	-41903.2	54.2214f	37.445	4	1	1	0.039604	0.128713	0.019802	9.90099e-09	0	0	0	0	0.936364	0.97017	0.247863	0.542857	0.896011	9.90099e-09	0.0990099	9.90099e-09	1	0.118234	0.207373	0.666667	0.666667	0.666667	1	1	37876.8	1e+20	9.42336e+11	83.0389	24.9274	41.1641	65.7918	54.2214	37.445	
106000	-136775	-1233.84	-90001.6	-19174.5	0.162073	1	0.153983	12.9884	4.97774	0.0213869	19.96	0.207642	6805	99	646	-41903.2	45.5614f	91.7925	4	1	1	0.039604	0.128713	0.019802	9.90099e-09	0	0	0	0	0.872727	0.945748	0.26393	0.580153	0.88287	9.90099e-09	0.0990099	9.90099e-09	1	0.133431	0.195046	0.666667	0.666667	0.666667	1	1	37876.8	1e+20	9.42336e+11	83.7199	78.0787	41.1641	65.7918	45.5614	91.7925	
107000	-137495	-1233.84	-90721.2	-19294.6	0.162073	1	0.153997	12.9873	4.97819	0.0215747	19.96	0.207604	6871	99	641	-41903.2	13.4f	71.3411	4	1	1	0.039604	0.257426	0.019802	9.90099e-09	0	0	0	0	0.890909	0.954678	0.243086	0.515625	0.874636	9.90099e-09	0.0990099	9.90099e-09	1	0.104651	0.218703	0.666667	0.666667	0.666667	1	1	37876.8	1e+20	9.42336e+11	83.7199	78.0787	41.1641	65.7918	13.4	71.3411	
108000	-136329	-1233.84	-89554.7	-19194.5	0.16257	1	0.154134	12.9757	4.99788	0.0153439	19.96	0.206603	6816	99	593	-41903.2	14.6591f	55.2509	4	1	1	0.039604	0.257426	0.019802	9.90099e-09	0	0	0	0	0.909091	0.957227	0.237537	0.536	0.894428	9.90099e-09	0.0990099	9.90099e-09	1	0.111437	0.214165	0.666667	0.666667	0.666667	1	1	37876.8	1e+20	9.42336e+11	6.00956	85.4755	41.1641	65.7918	14.6591	55.2509	
109000	-139116	-1233.84	-92342.5	-19440.1	0.16566	1	0.165694	12.0704	5.47485	0.0131816	19.96	0.175445	6952	99	708	-41903.2	20.6378f	65.1416	4	1	1	0.049505	0.257426	0.019802	9.90099e-09	0	0	0	0	0.890909	0.951009	0.265805	0.42446	0.881844	9.90099e-09	0.0990099	9.90099e-09	1	0.0907781	0.211864	0.666667	0.666667	0.666667	1	1	37876.8	1e+20	9.42336e+11	6.00956	85.4755	41.1641	65.7918	20.6378	65.1416	
110000	-137910	-1233.84	-91136.1	-19302.6	0.168965	1	0.168393	11.877	5.67503	0.00669021	19.96	0.166544	6874	99	678	-41903.2	69.8079f	61.995	4	1	1	0.049505	0.257426	0.019802	9.90099e-09	0	0	0	0	0.836364	0.962536	0.274311	0.517986	0.906977	9.90099e-09	0.118812	9.90099e-09	1	0.101597	0.175516	0.666667	0.666667	0.666667	1	1	37876.8	1e+20	9.42336e+11	6.00956	85.4755	41.1641	65.7918	69.8079	61.995	
111000	-139441	-1233.84	-92666.8	-19561.9	0.167648	1	0.162716	12.2913	4.47242	0.00942299	19.0054	0.218699	7020	99	672	-41903.2	25.9809f	35.6614	4	1	1	0.049505	0.257426	9.90099e-09	9.90099e-09	0	0	0	0	0.872727	0.967422	0.25889	0.473684	0.882436	9.90099e-09	0.118812	9.90099e-09	1	0.102418	0.179448	0.666667	0.666667	0.666667	1	1	37876.8	1e+20	9.42336e+11	6.00956	85.4755	48.7015	43.4502	25.9809	35.6614	
112000	-138055	-1233.84	-91281.3	-19517.3	0.167648	1	0.14139	14.1452	4.11028	0.0209395	19.2735	0.27386	6995	99	572	-41903.2	84.2092f	26.2171	4	1	1	0.049505	0.257426	9.90099e-09	9.90099e-09	0	0	0	0	0.863636	0.972934	0.220798	0.551724	0.918803	9.90099e-09	0.118812	9.90099e-09	1	0.0971831	0.17517	0.666667	0.666667	0.666667	1	1	37876.8	1e+20	9.42336e+11	24.3292	70.8243	64.9225	27.721	84.2092	26.2171	
113000	-140445	-1233.84	-93671.3	-19740.5	0.167648	1	0.15913	12.5683	5.04694	0.0336516	19.6978	0.198171	7120	99	667	-41903.2	74.7249f	3.11679	4	1	1	0.049505	0.257426	9.90099e-09	9.90099e-09	0	0	0	0	0.827273	0.969058	0.251404	0.451128	0.891854	9.90099e-09	0.118812	9.90099e-09	1	0.0827489	0.185299	0.666667	0.666667	0.666667	1	1	37876.8	1e+20	9.42336e+11	24.3292	70.8243	64.9225	27.721	74.7249	3.11679	
114000	-141515	-1233.84	-94741.1	-19962.1	0.172381	1	0.139987	14.287	4.56516	0.00433112	19.6978	0.249043	7246	99	634	-41903.2	47.9042f	31.3683	4	1	1	0.0792079	0.217822	9.90099e-09	9.90099e-09	0	0	0	0	0.909091	0.95574	0.232044	0.508065	0.901798	9.90099e-09	0.118812	9.90099e-09	1	0.0995851	0.1952	0.666667	0.666667	0.666667	1	1	37876.8	1e+20	9.42336e+11	52.4203	93.799	64.9225	27.721	47.9042	31.3683	
115000	-144013	-1233.84	-97239.6	-20250.6	0.174259	1	0.155742	12.8417	5.13555	0.0174401	19.699	0.198988	7411	99	697	-41903.2	56.5898f	12.4585	4	1	1	0.0792079	0.217822	9.90099e-09	9.90099e-09	0	0	0	0	0.872727	0.960705	0.264305	0.518248	0.902703	9.90099e-09	0.118812	9.90099e-09	1	0.108401	0.186514	0.666667	0.666667	0.666667	1	1	37876.8	1e+20	9.42336e+11	52.4203	93.799	64.9225	27.721	56.5898	12.4585	
116000	-144867	-1233.84	-98093.5	-20417.3	0.178472	1	0.146433	13.6581	5.06499	0.00560276	19.8171	0.214586	7508	99	678	-41903.2	70.81f	46.0242	4	1	1	0.0792079	0.217822	9.90099e-09	9.90099e-09	0	0	0	0	0.881818	0.956233	0.245684	0.450382	0.896552	9.90099e-09	0.118812	9.90099e-09	1	0.112732	0.232278	0.666667	0.666667	0.666667	1	1	37876.8	1e+20	9.42336e+11	52.4203	93.799	64.9225	27.721	70.81	46.0242	
117000	-143986	-1233.84	-97212.5	-20334.7	0.179402	1	0.136567	14.6448	4.74836	0.0144772	19.8171	0.245432	7460	99	642	-41903.2	66.8361f	19.7227	4	1	1	0.0792079	0.217822	0.0693069	9.90099e-09	0	0	0	0	0.827273	0.954545	0.266043	0.529851	0.898396	9.90099e-09	0.0891089	9.90099e-09	1	0.108434	0.184132	0.666667	0.666667	0.666667	1	1	37876.8	1e+20	9.42336e+11	52.4203	93.799	79.4816	10.0855	66.8361	19.7227	
118000	-145174	-1233.84	-98399.7	-20513.4	0.179402	1	0.137945	14.4986	4.79625	0.0144455	19.8171	0.240555	7564	99	641	-41903.2	54.9732f	15.6973	4	1	1	0.0792079	0.217822	0.0693069	9.90099e-09	0	0	0	0	0.872727	0.965654	0.260238	0.537313	0.890357	9.90099e-09	0.0891089	9.90099e-09	1	0.117569	0.204368	0.666667	0.666667	0.666667	1	1	37876.8	1e+20	9.42336e+11	52.4203	93.799	79.4816	10.0855	54.9732	15.6973	
119000	-143730	-1233.84	-96955.9	-20270.6	0.176429	1	0.153516	13.0279	5.24922	0.0363725	19.8171	0.197502	7423	99	653	-41903.2	75.2695f	1.01797	4	1	1	0.0594059	0.217822	0.0693069	9.90099e-09	0	0	0	0	0.872727	0.963807	0.238223	0.496296	0.908479	9.90099e-09	0.0891089	9.90099e-09	1	0.0884719	0.198496	0.666667	0.666667	0.666667	1	1	37876.8	1e+20	9.42336e+11	52.4203	93.799	79.4816	10.0855	75.2695	1.01797	
120000	-145055	-1233.84	-98281.1	-20475.7	0.17898	1	0.156721	12.7615	4.79712	0.0548761	19.207	0.211696	7542	99	667	-41903.2	99.9276f	4.29522	4	1	1	0.0594059	0.178218	0.0693069	9.90099e-09	0	0	0	0	0.881818	0.955145	0.227513	0.466667	0.886243	9.90099e-09	0.0891089	9.90099e-09	1	0.0989446	0.170623	0.666667	0.666667	0.666667	1	1	37876.8	1e+20	9.42336e+11	52.4203	93.799	61.4185	22.3964	99.9276	4.29522	
121000	-144169	-1233.84	-97395.3	-20413.8	0.17898	1	0.142485	14.0366	4.43383	0.0212908	19.2863	0.251926	7506	99	615	-41903.2	62.8296f	9.87468	4	1	1	0.0594059	0.178218	0.0693069	9.90099e-09	0	0	0	0	0.845455	0.970509	0.254328	0.491935	0.885906	9.90099e-09	0.0891089	9.90099e-09	1	0.0985353	0.196748	0.666667	0.666667	0.666667	1	1	37876.8	1e+20	9.42336e+11	52.4203	93.799	61.4185	22.3964	62.8296	9.87468	
122000	-145942	-1233.84	-99168.2	-20588.6	0.182583	1	0.148829	13.4383	5.36141	0.0183058	19.9059	0.19946	7608	99	673	-41903.2	55.8983f	11.3867	4	1	1	0.0594059	0.178218	0.039604	9.90099e-09	0	0	0	0	0.863636	0.96466	0.274869	0.514925	0.893561	9.90099e-09	0.0891089	9.90099e-09	1	0.102497	0.18552	0.666667	0.666667	0.666667	1	1	37876.8	1e+20	9.42336e+11	54.6492	98.695	61.4185	22.3964	55.8983	11.3867	
123000	-147130	-1233.84	-100356	-20687.7	0.180878	1	0.150893	13.2544	5.43439	0.00258181	19.9513	0.194089	7666	99	719	-41903.2	63.0809f	44.8275	4	1	1	0.0594059	0.178218	0.039604	9.90099e-09	0	0	0	0	0.9	0.967448	0.234987	0.526667	0.880052	9.90099e-09	0.0891089	9.90099e-09	1	0.104302	0.188705	0.666667	0.666667	0.666667	1	1	37876.8	1e+20	9.42336e+11	40.7537	72.407	38.7937	41.1329	63.0809	44.8275	
124000	-147862	-1233.84	-101088	-20724.8	0.185012	1	0.155579	12.8552	5.46084	0.0074732	19.7117	0.187331	7688	99	770	-41903.2	72.8087f	40.7141	4	1	1	0.0594059	0.178218	0.039604	9.90099e-09	0	0	0	0	0.872727	0.952632	0.262679	0.425676	0.872536	9.90099e-09	0.0594059	9.90099e-09	1	0.142112	0.203896	0.666667	0.666667	0.666667	1	1	37876.8	1e+20	9.42336e+11	40.7537	72.407	50.9547	34.6683	72.8087	40.7141	
125000	-146896	-1233.84	-100122	-20734.8	0.183	1	0.150351	13.3022	5.14481	0.0297915	19.6404	0.205751	7694	99	671	-41903.2	92.7322f	24.5034	4	1	1	0.0594059	0.178218	0.039604	9.90099e-09	0	0	0	0	0.890909	0.966278	0.233463	0.535211	0.899215	9.90099e-09	0.0594059	9.90099e-09	1	0.116883	0.165007	0.666667	0.666667	0.666667	1	1	37876.8	1e+20	9.42336e+11	66.3842	98.237	62.6447	25.7656	92.7322	24.5034	
126000	-146672	-1233.84	-99897.8	-20626.9	0.184951	1	0.160339	12.4735	5.83108	0.000673277	19.8889	0.170228	7630	99	721	-41903.2	53.1061f	44.4514	4	1	1	0.0594059	0.188119	0.039604	9.90099e-09	0	0	0	0	0.881818	0.954248	0.258486	0.493243	0.89987	9.90099e-09	0.0594059	9.90099e-09	1	0.102094	0.202186	0.666667	0.666667	0.666667	1	1	37876.8	1e+20	9.42336e+11	12.847	48.7605	69.8327	4.69788	53.1061	44.4514	
127000	-147820	-1233.84	-101046	-20822.4	0.179607	1	0.152076	13.1514	5.37075	0.0390425	19.8889	0.194861	7744	99	705	-41903.2	78.2143f	0.351685	4	1	1	0.0891089	0.188119	0.039604	9.90099e-09	0	0	0	0	0.890909	0.969032	0.299355	0.506944	0.882429	9.90099e-09	0.0594059	9.90099e-09	1	0.109677	0.207334	0.666667	0.666667	0.666667	1	1	37876.8	1e+20	9.42336e+11	12.847	48.7605	69.8327	4.69788	78.2143	0.351685	
128000	-147668	-1233.84	-100894	-20824.3	0.181155	1	0.147972	13.5161	5.27085	0.0247836	19.8889	0.204061	7746	99	688	-41903.2	87.6629f	24.7195	4	1	1	0.0891089	0.188119	0.039604	9.90099e-09	0	0	0	0	0.9	0.97013	0.243871	0.439716	0.885161	9.90099e-09	0.0594059	9.90099e-09	1	0.10567	0.180233	0.666667	0.666667	0.666667	1	1	37876.8	1e+20	9.42336e+11	12.847	48.7605	69.8327	4.69788	87.6629	24.7195	
129000	-146313	-1233.84	-99539.1	-20609	0.181155	1	0.14409	13.8802	5.09831	0.0300448	19.8556	0.216651	7620	99	694	-41903.2	66.5314f	2.71481	4	1	1	0.0891089	0.188119	0.039604	9.90099e-09	0	0	0	0	0.854545	0.972656	0.259843	0.578571	0.90117	9.90099e-09	0.0594059	9.90099e-09	1	0.105058	0.195652	0.666667	0.666667	0.666667	1	1	37876.8	1e+20	9.42336e+11	12.847	48.7605	69.8327	4.69788	66.5314	2.71481	
130000	-148104	-1233.84	-101330	-20848.2	0.186696	1	0.150657	13.2752	5.60544	0.00819495	19.9558	0.188461	7761	99	714	-41903.2	72.221f	36.7974	4	1	1	0.0891089	0.188119	0.039604	9.90099e-09	0	0	0	0	0.863636	0.972938	0.259021	0.45	0.877577	9.90099e-09	0.0594059	9.90099e-09	1	0.142487	0.207283	0.666667	0.666667	0.666667	1	1	37876.8	1e+20	9.42336e+11	12.847	48.7605	69.8327	4.69788	72.221	36.7974	
131000	-150021	-1233.84	-103248	-21106.7	0.186696	1	0.150357	13.3017	5.52486	0.0161906	19.8936	0.191591	7915	99	731	-41903.2	55.3046f	13.6689	4	1	1	0.0891089	0.237624	0.039604	9.90099e-09	0	0	0	0	0.827273	0.953283	0.279747	0.42953	0.882278	9.90099e-09	0.118812	9.90099e-09	1	0.118687	0.19403	0.666667	0.666667	0.666667	1	1	37876.8	1e+20	9.42336e+11	12.847	48.7605	69.8327	4.69788	55.3046	13.6689	
132000	-149325	-1233.84	-102551	-21134.5	0.188644	1	0.137208	14.5765	4.89736	0.0344651	19.6985	0.236853	7932	99	657	-41903.2	71.3377f	0.769438	4	1	1	0.0891089	0.237624	0.039604	0.009901	0	0	0	0	0.854545	0.95614	0.244055	0.470149	0.88875	9.90099e-09	0.118812	9.90099e-09	1	0.110831	0.193985	0.666667	0.666667	0.666667	1	1	37876.8	1e+20	9.42336e+11	12.847	48.7605	69.8327	4.69788	71.3377	0.769438	
133000	-149369	-1233.84	-102595	-21024.8	0.189786	1	0.150641	13.2766	5.4094	0.0492761	19.6985	0.195311	7866	99	723	-41903.2	97.0618f	6.43714	4	1	1	0.029703	0.237624	0.039604	0.009901	0	0	0	0	0.845455	0.953105	0.284264	0.468531	0.925599	9.90099e-09	0.118812	9.90099e-09	1	0.11802	0.193638	0.666667	0.666667	0.666667	1	1	37876.8	1e+20	9.42336e+11	44.69	16.9545	69.8327	4.69788	97.0618	6.43714	
134000	-148893	-1233.84	-102119	-20921.7	0.182799	1	0.152302	13.1318	5.49356	0.0048455	19.9063	0.190222	7804	99	744	-41903.2	68.6633f	43.823	4	1	1	0.029703	0.237624	0.039604	0.009901	0	0	0	0	0.872727	0.965429	0.232051	0.536913	0.9	9.90099e-09	0.118812	9.90099e-09	1	0.116517	0.226174	0.666667	0.666667	0.666667	1	1	37876.8	1e+20	9.42336e+11	44.69	16.9545	69.8327	4.69788	68.6633	43.823	
135000	-148247	-1233.84	-101473	-20862.3	0.182799	1	0.149209	13.404	5.38201	0.0225854	19.9063	0.198189	7769	99	713	-41903.2	89.2624f	31.8433	4	1	1	0.029703	0.237624	0.039604	0.009901	0	0	0	0	0.854545	0.967949	0.244216	0.485915	0.898327	9.90099e-09	0.118812	9.90099e-09	1	0.10296	0.198872	0.666667	0.666667	0.666667	1	1	37876.8	1e+20	9.42336e+11	44.69	16.9545	69.8327	4.69788	89.2624	31.8433	
136000	-147747	-1233.84	-100973	-20935.8	0.184974	1	0.129913	15.3949	4.74174	0.00589626	19.9063	0.258362	7813	99	628	-41903.2	71.5251f	52.8703	4	1	1	0.029703	0.237624	0.039604	0.009901	0	0	0	0	0.863636	0.969388	0.241026	0.459677	0.88648	9.90099e-09	0.118812	9.90099e-09	1	0.0987179	0.194444	0.666667	0.666667	0.666667	1	1	37876.8	1e+20	9.42336e+11	44.69	16.9545	73.1927	35.3245	71.5251	52.8703	
137000	-147779	-1233.84	-101005	-20901.2	0.18892	1	0.128442	15.5713	4.7672	0.002411	19.8846	0.259927	7792	99	647	-41903.2	59.2823f	59.7247	4	1	1	0.029703	0.227723	0.039604	0.009901	0	0	0	0	0.9	0.965473	0.266409	0.507813	0.894872	9.90099e-09	0.118812	9.90099e-09	1	0.101023	0.192926	0.666667	0.666667	0.666667	1	1	37876.8	1e+20	9.42336e+11	16.5746	37.2169	73.1927	35.3245	59.2823	59.7247	
138000	-149742	-1233.84	-102968	-21147.8	0.18892	1	0.131419	15.2185	4.91787	0.0296887	19.9254	0.246255	7940	99	682	-41903.2	97.9683f	62.4793	4	1	1	0.0891089	0.227723	0.039604	0.009901	0	0	0	0	0.845455	0.958595	0.245283	0.484848	0.917189	9.90099e-09	0.108911	9.90099e-09	1	0.113208	0.195815	0.666667	0.666667	0.666667	1	1	37876.8	1e+20	9.42336e+11	16.5746	37.2169	73.1927	35.3245	97.9683	62.4793	
139000	-147538	-1233.84	-100764	-20918.9	0.184789	1	0.125373	15.9524	4.53281	0.024291	19.8641	0.280058	7803	99	623	-41903.2	68.6265f	90.7115	4	1	1	0.0891089	0.227723	0.039604	0.009901	0	0	0	0	0.881818	0.978205	0.226054	0.484127	0.905492	9.90099e-09	0.108911	9.90099e-09	1	0.111396	0.195618	0.666667	0.666667	0.666667	1	1	37876.8	1e+20	9.42336e+11	16.5746	37.2169	73.1927	35.3245	68.6265	90.7115	
140000	-146503	-1233.84	-99729.6	-20821	0.184789	1	0.123722	16.1652	4.47312	0.00469891	19.8641	0.287582	7745	99	582	-41903.2	69.2968f	50.241	4	1	1	0.0891089	0.227723	0.029703	0.009901	0	0	0	0	0.854545	0.967784	0.286086	0.516667	0.908031	9.90099e-09	0.108911	9.90099e-09	1	0.101036	0.202703	0.666667	0.666667	0.666667	1	1	37876.8	1e+20	9.42336e+11	29.6869	94.8257	73.1927	35.3245	69.2968	50.241	
141000	-148101	-1233.84	-101327	-20973.6	0.183808	1	0.142598	14.0254	5.07452	0.0081744	19.8119	0.219944	7835	99	646	-41903.2	37.5437f	27.1518	4	1	1	0.0891089	0.227723	0.029703	0.009901	0	0	0	0	0.863636	0.970551	0.239437	0.5	0.908163	9.90099e-09	0.108911	9.90099e-09	1	0.107143	0.22205	0.666667	0.666667	0.666667	1	1	37876.8	1e+20	9.42336e+11	29.6869	94.8257	57.795	6.00339	37.5437	27.1518	
142000	-147710	-1233.84	-100936	-20898.5	0.185955	1	0.140412	14.2438	5.05509	0.0299735	19.8119	0.224226	7791	99	646	-41903.2	46.6434f	0.0256141	4	1	1	0.0891089	0.227723	0.029703	0.009901	0	0	0	0	0.9	0.954315	0.250639	0.492308	0.883249	9.90099e-09	0.108911	9.90099e-09	1	0.104859	0.185759	0.666667	0.666667	0.666667	1	1	37876.8	1e+20	9.42336e+11	64.894	77.2118	57.795	6.00339	46.6434	0.0256141	
143000	-149260	-1233.84	-102486	-21124.3	0.185537	1	0.135819	14.7255	4.6858	0.0497851	19.6131	0.250079	7925	99	659	-41903.2	95.1646f	3.99541	4	1	1	0.0891089	0.168317	0.029703	0.009901	0	0	0	0	0.863636	0.955696	0.247475	0.530769	0.909669	9.90099e-09	0.108911	9.90099e-09	1	0.127364	0.215071	0.666667	0.666667	0.666667	1	1	37876.8	1e+20	9.42336e+11	64.894	77.2118	57.795	6.00339	95.1646	3.99541	
144000	-150549	-1233.84	-103775	-21278.7	0.187671	1	0.130772	15.2939	4.74877	0.0151488	19.8091	0.256286	8018	99	674	-41903.2	53.7088f	14.685	4	1	1	0.0891089	0.168317	0.029703	0.009901	0	0	0	0	0.827273	0.963568	0.269086	0.507463	0.896985	9.90099e-09	0.108911	9.90099e-09	1	0.109726	0.177326	0.666667	0.666667	0.666667	1	1	37876.8	1e+20	9.42336e+11	64.894	77.2118	12.052	17.5283	53.7088	14.685	
145000	-148401	-1233.84	-101627	-21019.3	0.187671	1	0.124201	16.1029	4.48073	0.0310949	19.7767	0.285987	7863	99	642	-41903.2	18.7181f	9.64533	4	1	1	0.0891089	0.168317	0.029703	0.009901	0	0	0	0	0.909091	0.975919	0.243003	0.515625	0.889313	9.90099e-09	0.108911	9.90099e-09	1	0.0928753	0.173502	0.666667	0.666667	0.666667	1	1	37876.8	1e+20	9.42336e+11	64.894	77.2118	8.71887	32.2522	18.7181	9.64533	
146000	-149621	-1233.84	-102847	-21159.5	0.190374	1	0.138543	14.436	5.07016	0.0332702	19.7767	0.226576	7947	99	666	-41903.2	3.95878f	24.125	4	1	1	0.0891089	0.168317	0.049505	0.009901	0	0	0	0	0.863636	0.964691	0.254408	0.507813	0.903023	9.90099e-09	0.108911	9.90099e-09	1	0.108312	0.210361	0.666667	0.666667	0.666667	1	1	37876.8	1e+20	9.42336e+11	64.894	77.2118	8.71887	32.2522	3.95878	24.125	
147000	-148888	-1233.84	-102115	-21023.2	0.18546	1	0.138543	14.436	4.93928	0.0157679	19.7767	0.23258	7865	99	680	-41903.2	27.6509f	78.3487	4	1	1	0.0891089	0.168317	0.049505	0.009901	0	0	0	0	0.863636	0.969466	0.264295	0.544776	0.903553	0.009901	0.108911	9.90099e-09	1	0.102922	0.197059	0.666667	0.666667	0.666667	1	1	37876.8	1e+20	9.42336e+11	64.894	77.2118	8.71887	32.2522	27.6509	78.3487	
148000	-148132	-1233.84	-101358	-20913.7	0.18546	1	0.137636	14.5311	4.90695	0.0236109	19.7767	0.235655	7800	99	676	-41903.2	8.1774f	34.936	4	1	1	0.0891089	0.168317	0.049505	0.009901	0	0	0	0	0.836364	0.973077	0.258023	0.548148	0.903061	0.009901	0.108911	9.90099e-09	1	0.110398	0.183582	0.666667	0.666667	0.666667	1	1	37876.8	1e+20	9.42336e+11	64.894	77.2118	8.71887	32.2522	8.1774	34.936	
149000	-148017	-1233.84	-101243	-20927.2	0.18546	1	0.133851	14.942	4.86221	0.00855803	19.8695	0.244549	7808	99	658	-41903.2	23.6066f	46.6492	4	1	1	0.0891089	0.138614	0.049505	0.009901	0	0	0	0	0.836364	0.973008	0.271795	0.52459	0.911652	0.009901	0.108911	9.90099e-09	1	0.116517	0.208759	0.666667	0.666667	0.666667	1	1	37876.8	1e+20	9.42336e+11	64.894	77.2118	8.71887	32.2522	23.6066	46.6492	
150000	-150641	-1233.84	-103867	-21331.9	0.190686	1	0.130852	15.2845	4.81727	0.0267461	19.7981	0.252487	8051	99	652	-41903.2	52.3432f	2.77002	4	1	1	0.0891089	0.138614	0.049505	0.009901	0	0	0	0	0.909091	0.971464	0.300743	0.545455	0.904467	0.009901	0.178218	9.90099e-09	1	0.10794	0.248466	0.666667	0.666667	0.666667	1	1	37876.8	1e+20	9.42336e+11	64.894	77.2118	37.9357	11.1009	52.3432	2.77002	
151000	-152183	-1233.84	-105409	-21626.7	0.19748	1	0.121675	16.4372	4.63904	0.00570939	19.7981	0.281961	8231	99	617	-41903.2	28.7618f	45.8785	4	1	1	0.019802	0.138614	0.049505	0.009901	0	0	0	0	0.918182	0.968331	0.264059	0.540984	0.904994	0.009901	0.178218	9.90099e-09	1	0.0998782	0.2112	0.666667	0.666667	0.666667	1	1	37876.8	1e+20	9.42336e+11	64.894	77.2118	37.9357	11.1009	28.7618	45.8785	
152000	-150961	-1233.84	-104188	-21438.6	0.194178	1	0.121675	16.4372	4.56147	0.0170618	19.7981	0.286756	8116	99	619	-41903.2	55.8057f	12.7508	4	1	1	0.019802	0.138614	0.019802	0.009901	0	0	0	0	0.890909	0.973006	0.279557	0.455285	0.921182	0.009901	0.178218	9.90099e-09	1	0.100985	0.212903	0.666667	0.666667	0.666667	1	1	37876.8	1e+20	9.42336e+11	54.6109	89.1648	37.9357	11.1009	55.8057	12.7508	
153000	-152968	-1233.84	-106194	-21627.1	0.194178	1	0.131969	15.1551	4.94736	0.0102368	19.7981	0.243767	8231	99	688	-41903.2	27.1405f	31.8663	4	1	1	0.019802	0.138614	0.019802	0.009901	0	0	0	0	0.945455	0.967273	0.235723	0.528986	0.911729	0.009901	0.178218	9.90099e-09	1	0.105455	0.17768	0.666667	0.666667	0.666667	1	1	37876.8	1e+20	9.42336e+11	54.6109	89.1648	37.9357	11.1009	27.1405	31.8663	
154000	-155551	-1233.84	-108777	-21962	0.196324	1	0.137881	14.5053	5.10962	0.0138327	19.6868	0.225906	8437	99	721	-41903.2	31.4915f	21.5092	4	1	1	0.019802	0.138614	0.019802	0.009901	0	0	0	0	0.881818	0.972749	0.25687	0.592857	0.907583	0.009901	0.178218	9.90099e-09	1	0.10782	0.183016	0.666667	0.666667	0.666667	1	1	37876.8	1e+20	9.42336e+11	54.6109	89.1648	37.9357	11.1009	31.4915	21.5092	
155000	-157585	-1233.84	-110812	-22216.2	0.203225	1	0.138671	14.4226	5.58463	0.00870981	19.9276	0.205513	8598	99	741	-41903.2	29.0001f	33.2183	4	1	1	0.019802	0.128713	0.019802	0.009901	0	0	0	0	0.918182	0.965238	0.270302	0.601351	0.895349	0.009901	0.0693069	9.90099e-09	1	0.110465	0.203655	0.666667	0.666667	0.666667	1	1	37876.8	1e+20	9.42336e+11	54.6109	89.1648	37.9357	11.1009	29.0001	33.2183	
156000	-156653	-1233.84	-109879	-22069.7	0.202115	1	0.147207	13.5863	5.96127	0.0155856	19.9825	0.181365	8506	99	746	-41903.2	63.9029f	16.8155	4	1	1	0.019802	0.128713	0.019802	0.009901	0	0	0	0	0.845455	0.950646	0.236471	0.496689	0.891892	0.009901	0.0693069	9.90099e-09	1	0.117509	0.207124	0.666667	0.666667	0.666667	1	1	37876.8	1e+20	9.42336e+11	54.6109	89.1648	37.9357	11.1009	63.9029	16.8155	
157000	-156133	-1233.84	-109359	-22008.9	0.20249	1	0.143073	13.9789	5.80457	0.0101264	19.9825	0.191643	8468	99	733	-41903.2	47.2485f	21.1492	4	1	1	0.0693069	0.128713	0.019802	0.009901	0	0	0	0	0.890909	0.961176	0.235294	0.496689	0.892052	0.009901	0.0693069	9.90099e-09	1	0.109134	0.193638	0.666667	0.666667	0.666667	1	1	37876.8	1e+20	9.42336e+11	54.6109	89.1648	37.9357	11.1009	47.2485	21.1492	
158000	-158061	-1233.84	-111287	-22352.1	0.205038	1	0.136487	14.6534	5.60707	0.00379818	19.9825	0.207967	8684	99	703	-41903.2	66.1099f	43.6891	4	1	1	0.0693069	0.128713	0.049505	0.009901	0	0	0	0	0.936364	0.966743	0.254587	0.542857	0.905963	0.009901	0.0693069	9.90099e-09	1	0.10817	0.215768	0.666667	0.666667	0.666667	1	1	37876.8	1e+20	9.42336e+11	54.6109	89.1648	37.9357	11.1009	66.1099	43.6891	
159000	-157249	-1233.84	-110475	-22212.6	0.205038	1	0.145626	13.7338	5.98255	0.0264655	19.9825	0.182681	8596	99	712	-41903.2	8.66017f	27.4595	4	1	1	0.0693069	0.128713	0.049505	0.009901	0	0	0	0	0.881818	0.971031	0.276941	0.636986	0.907085	0.009901	0.0693069	9.90099e-09	1	0.0836237	0.202247	0.666667	0.666667	0.666667	1	1	37876.8	1e+20	9.42336e+11	54.6109	89.1648	28.3384	53.9992	8.66017	27.4595	
160000	-157851	-1233.84	-111077	-22217.7	0.206928	1	0.150382	13.2994	6.23487	0.0168897	19.9825	0.169745	8599	99	773	-41903.2	19.1601f	71.2108	4	1	1	0.0693069	0.128713	0.049505	0.009901	0	0	0	0	0.863636	0.95916	0.266044	0.602649	0.899884	9.90099e-09	0.0693069	9.90099e-09	1	0.104651	0.192867	0.666667	0.666667	0.666667	1	1	37876.8	1e+20	9.42336e+11	54.6109	89.1648	13.2251	62.7436	19.1601	71.2108	
161000	-159859	-1233.84	-113086	-22564.9	0.212294	1	0.14057	14.2278	5.97917	0.00360718	19.9825	0.189359	8820	99	735	-41903.2	38.5931f	37.2909	4	1	1	0.0693069	0.128713	0.049505	0.009901	0	0	0	0	0.845455	0.960317	0.238958	0.493421	0.911364	9.90099e-09	0.0693069	9.90099e-09	1	0.110985	0.187919	0.666667	0.666667	0.666667	1	1	37876.8	1e+20	9.42336e+11	54.6109	89.1648	13.2251	62.7436	38.5931	37.2909	
162000	-159938	-1233.84	-113164	-22480.3	0.208954	1	0.147515	13.558	6.17587	0.00383985	19.9825	0.174697	8766	99	785	-41903.2	38.4883f	63.1208	4	1	1	0.0594059	0.128713	0.049505	0.009901	0	0	0	0	0.9	0.941913	0.247434	0.493827	0.888009	9.90099e-09	0.128713	9.90099e-09	1	0.120867	0.228025	0.666667	0.666667	0.666667	1	1	37876.8	1e+20	9.42336e+11	54.6109	89.1648	13.2251	62.7436	38.4883	63.1208	
163000	-159908	-1233.84	-113134	-22481.8	0.208954	1	0.147515	13.558	6.17587	0.00476492	19.9825	0.174697	8767	99	788	-41903.2	51.4565f	69.3742	4	1	1	0.0594059	0.128713	0.049505	0.009901	0	0	0	0	0.890909	0.976109	0.257697	0.493976	0.897611	9.90099e-09	0.128713	9.90099e-09	1	0.124005	0.202439	0.666667	0.666667	0.666667	1	1	37876.8	1e+20	9.42336e+11	89.4866	41.4869	35.5892	63.6573	51.4565	69.3742	
164000	-155532	-1233.84	-108758	-21933.4	0.204545	1	0.147515	13.558	5.4282	0.0077696	19.4516	0.19876	8420	99	737	-41903.2	30.4397f	65.8954	4	1	1	0.0594059	0.128713	0.049505	0.009901	0	0	0	0	0.854545	0.964413	0.268409	0.526316	0.916667	9.90099e-09	0.128713	9.90099e-09	1	0.105575	0.188	0.666667	0.666667	0.666667	1	1	37876.8	1e+20	9.42336e+11	89.4866	41.4869	35.5892	63.6573	30.4397	65.8954	
165000	-157228	-1233.84	-110454	-22093.7	0.204619	1	0.15242	13.1216	5.86095	0.0235391	19.6649	0.17816	8521	99	789	-41903.2	62.634f	92.2233	4	1	1	0.0594059	0.128713	0.019802	0.009901	0	0	0	0	0.881818	0.95892	0.262911	0.6	0.899061	9.90099e-09	0.128713	9.90099e-09	1	0.133803	0.208281	0.666667	0.666667	0.666667	1	1	37876.8	1e+20	9.42336e+11	82.6708	75.3982	35.5892	63.6573	62.634	92.2233	
166000	-155255	-1233.84	-108481	-21879.5	0.204619	1	0.148855	13.4359	5.72384	0.0174271	19.6649	0.186797	8386	99	751	-41903.2	18.1734f	70.8194	4	1	1	0.0594059	0.128713	0.019802	0.009901	0	0	0	0	0.872727	0.952494	0.250297	0.589404	0.897041	9.90099e-09	0.128713	9.90099e-09	1	0.125592	0.20506	0.666667	0.666667	0.666667	1	1	37876.8	1e+20	9.42336e+11	82.6708	75.3982	35.5892	63.6573	18.1734	70.8194	
167000	-157617	-1233.84	-110843	-22253.3	0.209015	1	0.141466	14.1377	5.21071	0.00299357	19.3515	0.21591	8621	99	723	-41903.2	34.8768f	46.8366	4	1	1	0.0594059	0.128713	0.019802	0.009901	0	0	0	0	0.845455	0.959397	0.230233	0.5	0.918605	9.90099e-09	0.128713	9.90099e-09	1	0.105446	0.163842	0.666667	0.666667	0.666667	1	1	37876.8	1e+20	9.42336e+11	82.6708	75.3982	35.5892	63.6573	34.8768	46.8366	
168000	-157860	-1233.84	-111086	-22422.3	0.209015	1	0.130827	15.2873	4.52514	0.0107961	19.0496	0.268838	8729	99	648	-41903.2	28.2039f	70.3292	4	1	1	0.0594059	0.128713	0.019802	0.009901	0	0	0	0	0.872727	0.963429	0.218535	0.481752	0.908467	9.90099e-09	0.128713	9.90099e-09	1	0.1082	0.188272	0.666667	0.666667	0.666667	1	1	37876.8	1e+20	9.42336e+11	12.4913	64.4726	35.5892	63.6573	28.2039	70.3292	
169000	-157949	-1233.84	-111175	-22345.5	0.208479	1	0.128396	15.5768	5.25571	0.013393	19.8816	0.235851	8680	99	697	-41903.2	23.3219f	69.8886	4	1	1	0.0594059	0.128713	0.019802	9.90099e-09	0	0	0	0	0.918182	0.974596	0.240783	0.442857	0.919448	9.90099e-09	0.0891089	9.90099e-09	1	0.0979263	0.202296	0.666667	0.666667	0.666667	1	1	37876.8	1e+20	9.42336e+11	12.4913	64.4726	35.5892	63.6573	23.3219	69.8886	
170000	-157961	-1233.84	-111187	-22441.1	0.208867	1	0.121712	16.4323	4.45032	0.00198291	19.3195	0.293831	8741	99	636	-41903.2	51.2729f	62.0251	4	1	1	0.0594059	0.128713	0.019802	9.90099e-09	0	0	0	0	0.936364	0.971461	0.274286	0.530303	0.931429	9.90099e-09	0.0891089	9.90099e-09	1	0.100571	0.215385	0.666667	0.666667	0.666667	1	1	37876.8	1e+20	9.42336e+11	12.4913	64.4726	32.8078	67.0509	51.2729	62.0251	
171000	-159438	-1233.84	-112664	-22564.8	0.208867	1	0.128316	15.5866	4.6918	0.020132	19.3195	0.264363	8820	99	700	-41903.2	10.4325f	39.169	4	1	1	0.0594059	0.128713	0.0693069	9.90099e-09	0	0	0	0	0.872727	0.969353	0.247166	0.544776	0.911565	9.90099e-09	0.0891089	9.90099e-09	1	0.0952381	0.203463	0.666667	0.666667	0.666667	1	1	37876.8	1e+20	9.42336e+11	12.4913	64.4726	32.8078	67.0509	10.4325	39.169	
172000	-160303	-1233.84	-113529	-22616.5	0.208867	1	0.149431	13.3841	5.46387	0.00545089	19.3195	0.19493	8853	99	742	-41903.2	33.2529f	62.6732	4	1	1	0.0594059	0.128713	0.0693069	9.90099e-09	0	0	0	0	0.890909	0.97407	0.232768	0.541096	0.904219	9.90099e-09	0.0891089	9.90099e-09	1	0.115254	0.183761	0.666667	0.666667	0.666667	1	1	37876.8	1e+20	9.42336e+11	12.4913	64.4726	32.8078	67.0509	33.2529	62.6732	
173000	-157373	-1233.84	-110599	-22297	0.208867	1	0.135251	14.7874	4.87961	0.0100321	19.2549	0.241155	8649	99	686	-41903.2	21.3302f	52.8979	4	1	1	0.0594059	0.128713	0.0693069	9.90099e-09	0	0	0	0	0.881818	0.962963	0.195376	0.521127	0.895954	9.90099e-09	0.0891089	9.90099e-09	1	0.0959538	0.192253	0.666667	0.666667	0.666667	1	1	37876.8	1e+20	9.42336e+11	38.7279	93.4168	32.8078	67.0509	21.3302	52.8979	
174000	-158991	-1233.84	-112217	-22459.9	0.208867	1	0.144405	13.8499	5.20989	0.00570853	19.2549	0.211548	8753	99	729	-41903.2	28.6654f	46.4372	4	1	1	0.0594059	0.128713	0.0693069	9.90099e-09	0	0	0	0	0.827273	0.968073	0.270762	0.486111	0.897377	9.90099e-09	0.0891089	9.90099e-09	1	0.117446	0.182841	0.666667	0.666667	0.666667	1	1	37876.8	1e+20	9.42336e+11	38.7279	93.4168	32.8078	67.0509	28.6654	46.4372	
175000	-158259	-1233.84	-111485	-22439.5	0.208867	1	0.131441	15.216	4.66974	0.0148523	19.181	0.259297	8740	99	672	-41903.2	21.38f	70.2694	4	1	1	0.039604	0.128713	0.0693069	9.90099e-09	0	0	0	0	0.872727	0.970252	0.259429	0.585185	0.916284	9.90099e-09	0.0891089	9.90099e-09	1	0.110984	0.165152	0.666667	0.666667	0.666667	1	1	37876.8	1e+20	9.42336e+11	38.7279	93.4168	7.91218	77.1498	21.38	70.2694	
176000	-158288	-1233.84	-111514	-22455.2	0.208867	1	0.125442	15.9436	4.45662	0.0397868	19.181	0.284689	8750	99	665	-41903.2	11.2248f	92.579	4	1	1	0.039604	0.207921	0.0693069	9.90099e-09	0	0	0	0	0.9	0.97133	0.251429	0.492424	0.918391	9.90099e-09	0.0891089	9.90099e-09	1	0.0789474	0.195369	0.666667	0.666667	0.666667	1	1	37876.8	1e+20	9.42336e+11	38.7279	93.4168	15.5137	91.8075	11.2248	92.579	
177000	-162667	-1233.84	-115893	-22980.6	0.21192	1	0.129008	15.5029	5.05338	0.00458248	19.5838	0.24413	9088	99	726	-41903.2	53.508f	68.6965	4	1	1	0.039604	0.207921	0.0693069	9.90099e-09	0	0	0	0	0.872727	0.970232	0.226872	0.590278	0.910695	9.90099e-09	0.0891089	9.90099e-09	1	0.0947137	0.223288	0.666667	0.666667	0.666667	1	1	37876.8	1e+20	9.42336e+11	19.2852	79.9108	21.6583	68.2175	53.508	68.6965	
178000	-160461	-1233.84	-113687	-22777.1	0.214508	1	0.118708	16.848	4.90142	0.0114118	19.7832	0.273538	8957	99	652	-41903.2	49.4028f	80.5267	4	1	1	0.039604	0.207921	0.029703	9.90099e-09	0	0	0	0	0.836364	0.960806	0.273236	0.461538	0.918253	9.90099e-09	0.0891089	9.90099e-09	1	0.0803571	0.163885	0.666667	0.666667	0.666667	1	1	37876.8	1e+20	9.42336e+11	19.2852	79.9108	21.6583	68.2175	49.4028	80.5267	
179000	-162341	-1233.84	-115568	-22963.3	0.214508	1	0.127976	15.628	5.28405	0.0277761	19.7832	0.235356	9078	99	707	-41903.2	30.9129f	94.0505	4	1	1	0.039604	0.207921	0.029703	9.90099e-09	0	0	0	0	0.854545	0.975556	0.248344	0.549618	0.909492	9.90099e-09	0.0891089	9.90099e-09	1	0.112335	0.193396	0.666667	0.666667	0.666667	1	1	37876.8	1e+20	9.42336e+11	19.2852	79.9108	21.6583	68.2175	30.9129	94.0505	
180000	-163985	-1233.84	-117211	-23124.4	0.219734	1	0.133262	15.008	5.63637	0.0384734	19.7832	0.211891	9184	99	749	-41903.2	1.10554f	78.6653	4	1	1	0.039604	0.207921	0.029703	9.90099e-09	0	0	0	0	0.890909	0.956284	0.23395	0.493151	0.899891	9.90099e-09	0.0891089	9.90099e-09	1	0.118607	0.180575	0.666667	0.666667	0.666667	1	1	37876.8	1e+20	9.42336e+11	19.2852	79.9108	21.6583	68.2175	1.10554	78.6653	
181000	-163985	-1233.84	-117211	-23145.6	0.219734	1	0.134576	14.8615	5.69192	0.00323089	19.7832	0.207776	9198	99	735	-41903.2	33.9622f	50.791	4	1	1	0.029703	0.207921	0.029703	9.90099e-09	0	0	0	0	0.9	0.96	0.260541	0.418919	0.899242	9.90099e-09	0.0693069	9.90099e-09	1	0.107027	0.200825	0.666667	0.666667	0.666667	1	1	37876.8	1e+20	9.42336e+11	19.2852	79.9108	30.025	66.38	33.9622	50.791	
182000	-163230	-1233.84	-116456	-23048.7	0.219734	1	0.134576	14.8615	5.8325	0.02143	19.9042	0.202768	9134	99	730	-41903.2	8.47279f	57.9326	4	1	1	0.029703	0.188119	0.029703	9.90099e-09	0	0	0	0	0.836364	0.96179	0.229258	0.458065	0.915939	9.90099e-09	0.0693069	9.90099e-09	1	0.0960699	0.200267	0.666667	0.666667	0.666667	1	1	37876.8	1e+20	9.42336e+11	13.9152	80.3032	30.025	66.38	8.47279	57.9326	
183000	-164730	-1233.84	-117956	-23263.8	0.219734	1	0.123781	16.1576	5.296	0.00902437	19.8402	0.242783	9276	99	725	-41903.2	28.0524f	66.1016	4	1	1	0.029703	0.188119	0.029703	9.90099e-09	0	0	0	0	0.836364	0.96208	0.252427	0.466216	0.909483	9.90099e-09	0.0693069	9.90099e-09	1	0.114224	0.186207	0.666667	0.666667	0.666667	1	1	37876.8	1e+20	9.42336e+11	13.9152	80.3032	30.025	66.38	28.0524	66.1016	
184000	-165935	-1233.84	-119162	-23363.7	0.220013	1	0.136413	14.6613	5.84389	0.00888176	19.8402	0.199647	9342	99	769	-41903.2	23.3944f	55.0067	4	1	1	0.029703	0.188119	0.029703	9.90099e-09	0	0	0	0	0.9	0.953664	0.254292	0.52027	0.891631	9.90099e-09	0.0693069	9.90099e-09	1	0.0976395	0.191341	0.666667	0.666667	0.666667	1	1	37876.8	1e+20	9.42336e+11	13.9152	80.3032	30.025	66.38	23.3944	55.0067	
185000	-166358	-1233.84	-119584	-23422.7	0.220013	1	0.138018	14.4909	5.91262	0.0126637	19.8402	0.195032	9381	99	778	-41903.2	18.0726f	55.6262	4	1	1	0.029703	0.188119	0.029703	9.90099e-09	0	0	0	0	0.836364	0.965885	0.258511	0.496855	0.896146	9.90099e-09	0.0693069	9.90099e-09	1	0.0990415	0.189677	0.666667	0.666667	0.666667	1	1	37876.8	1e+20	9.42336e+11	13.9152	80.3032	16.8624	66.7289	18.0726	55.6262	
186000	-169875	-1233.84	-123101	-23855.8	0.224748	1	0.12951	15.4428	5.66756	0.0182305	19.8402	0.216831	9672	99	802	-41903.2	13.1073f	62.4881	4	1	1	0.029703	0.188119	0.029703	9.90099e-09	0	0	0	0	0.890909	0.968912	0.25649	0.525	0.894682	9.90099e-09	0.0693069	9.90099e-09	1	0.104275	0.227329	0.666667	0.666667	0.666667	1	1	37876.8	1e+20	9.42336e+11	13.9152	80.3032	16.8624	66.7289	13.1073	62.4881	
187000	-166604	-1233.84	-119830	-23475.8	0.222	1	0.143472	13.94	5.616	0.0209066	19.3542	0.197526	9417	99	769	-41903.2	12.7984f	68.863	4	1	1	0.029703	0.188119	0.029703	9.90099e-09	0	0	0	0	0.872727	0.971368	0.241015	0.516556	0.911486	9.90099e-09	0.128713	9.90099e-09	1	0.0881104	0.174583	0.666667	0.666667	0.666667	1	1	37876.8	1e+20	9.42336e+11	13.9152	80.3032	16.8624	66.7289	12.7984	68.863	
188000	-165083	-1233.84	-118309	-23255	0.223483	1	0.137764	14.5175	5.41839	0.0204507	19.345	0.213213	9270	99	760	-41903.2	8.68167f	49.5361	4	1	1	0.029703	0.158416	0.009901	9.90099e-09	0	0	0	0	0.845455	0.95284	0.255639	0.640523	0.890426	9.90099e-09	0.128713	9.90099e-09	1	0.113147	0.202516	0.666667	0.666667	0.666667	1	1	37876.8	1e+20	9.42336e+11	47.7859	75.3993	16.8624	66.7289	8.68167	49.5361	
189000	