
# before rand glnL: -32236.923170 alnL: -1245.452029
# ninter: 99
# ncoal: 99
# nhits: 99
# true lbda: 0.003620
# true mu: 0.148732
# true rad: 63.105099
# true sigsq: 10.728501
# true neigh. size: 13.447000
# fst-based estimate of neighborhood size: -nan
# nucleotide diversity: 0.000000
# length of a generation: 14553.4 time units
# clock rate: 1 subst. per time unit
# after rand glnL: -32236.923170 alnL: -1245.452029
# ninter: 99
# ncoal: 99
# nhits: 99
# start lbda: 0.003620
# start mu: 0.148732
# start rad: 14.252547
sample	lnP	alnL	glnL	tlnL	lbda	clock	mu	neigh	sigsq	sigsqobs	rad	rhoe	nInt	nCoal	nHit	rootTime	rootLon	rootLat	tstv	alpha	MeanBr	accLbda	accMu	accRad	accInDelDisk	accInDelHit	accScaleTime	accSPR	accSPRlocal	accPath	accIndelDiskSerial	accIndelHitSerial	accLdskGivenDisk	accDiskGivenLdsk	accDiskAndLdsk	accLdskMulti	accDiskMulti	accMoveDiskUD	accAddRemoveJump	accLdskTipToRoot	tuneLbda	tuneRad	tuneMu	tuneIndelDisk	tuneIndelHit	tuneLdskGivenDisk	tuneIndelDiskSerial	tuneIndelHitSerial	c0	c1	rootc0	rootc1	rootldsk0	rootldsk1	
  1000	-52672.5	-1245.45	-5887.09	-1474.95	0.0105719	1	0.221748	9.01926	0.461657	0.0456649	19.8964	1.55468	260	99	127	-27627	27.5898f	5.14713	4	1	1	0	0	0	0	0	0	0	0	0.990909	0.847458	0.241071	0.415094	0.557522	0	0	0	1	0.158333	0.20155	1	1	1	1	1	1.5	3.375	1	4.98957	77.6124	17.0301	6.47518	27.5898	5.14713	
  2000	-54038.5	-1245.45	-7253.09	-1918.85	0.0137837	1	0.156396	12.7881	0.424518	0.0466604	19.8964	2.39717	359	99	128	-27627	6.98639f	23.003	4	1	1	0	0	0	0	0	0	0	0	0.963636	0.888889	0.333333	0.504762	0.675926	0	0	0	1	0.203704	0.248062	1	1	1	1	1	3.375	194.62	38.4434	16.8607	64.1836	17.0301	6.47518	6.98639	23.003	
  3000	-56185.1	-1245.45	-9399.63	-2495.4	0.0166407	1	0.208545	9.59024	0.679981	0.00567917	19.8714	1.12234	497	99	157	-27627	52.9084f	33.081	4	1	1	0	0	0	0	0	0	0	0	0.936364	0.910345	0.243243	0.495146	0.744681	0	0	0	1	0.181208	0.193333	1	1	1	1	1	17.0859	7481.83	2216.84	16.8607	64.1836	17.0301	6.47518	52.9084	33.081	
  4000	-57611.2	-1245.45	-10825.8	-2895.47	0.0201681	1	0.222366	8.99419	0.878736	0.0334092	19.8714	0.814506	599	99	166	-27627	24.5505f	15.4893	4	1	1	0	0	0	0	0	0	0	0	0.972727	0.92623	0.355372	0.451923	0.773913	0	0	0	1	0.198347	0.210843	1	1	1	1	1	38.4434	1.45611e+06	85222.7	20.8876	81.5093	17.0301	6.47518	24.5505	15.4893	
  5000	-59367	-1245.45	-12581.6	-3348.04	0.0220306	1	0.225196	8.88117	0.95807	0.0393625	19.7993	0.737671	718	99	186	-27627	30.2831f	7.85804	4	1	1	0	0	0	0	0	0	0	0	0.9	0.937063	0.25	0.487395	0.71831	0	0	0	1	0.176056	0.168421	1	1	1	1	1	194.62	1.43465e+09	3.27625e+06	20.8876	81.5093	15.6126	4.48007	30.2831	7.85804	
  6000	-60091.5	-1245.45	-13306	-3512.39	0.0277946	1	0.214988	9.30284	1.15395	0.0451845	19.7993	0.641533	766	99	196	-27627	16.4465f	13.0278	4	1	1	0	0	0	0	0	0	0	0	0.927273	0.915033	0.326797	0.54902	0.756579	0	0	0	1	0.181818	0.178947	1	1	1	1	1	985.261	1.4135e+12	5.59777e+07	20.8876	81.5093	15.6126	4.48007	16.4465	13.0278	
  7000	-62764.7	-1245.45	-15979.2	-4151.58	0.0343943	1	0.203339	9.83581	1.35057	0.0290617	19.7993	0.57954	950	99	226	-27627	42.141f	10.902	4	1	1	0.227723	0	0.029703	0	0	0	0	0	0.927273	0.919786	0.27957	0.478992	0.80226	0	0.207921	0.118812	1	0.183246	0.193694	0.666667	0.666667	1	1	1	2216.84	6.18965e+14	9.56432e+08	20.8876	81.5093	15.8067	7.69688	42.141	10.902	
  8000	-63392.1	-1245.45	-16606.7	-4353.77	0.0343943	1	0.205831	9.71669	1.36713	0.00425121	19.7993	0.565587	1010	99	213	-27627	46.7885f	35.5662	4	1	1	0.227723	0.227723	0.029703	0	0	0	0	0	0.945455	0.901961	0.313725	0.508929	0.823529	0	0.207921	0.118812	1	0.176471	0.200913	0.666667	0.666667	0.666667	1	1	7481.83	1e+20	4.77057e+12	20.8876	81.5093	32.7601	8.52729	46.7885	35.5662	
  9000	-66474.7	-1245.45	-19689.3	-5038.88	0.0438028	1	0.216608	9.23328	1.65415	0.0343436	19.2996	0.444192	1224	99	252	-27627	13.3547f	26.4858	4	1	1	0.227723	0.227723	0.029703	0	0	0	0	0	0.909091	0.927419	0.308943	0.536	0.790323	0	0.207921	0.118812	1	0.177419	0.161417	0.666667	0.666667	0.666667	1	1	37876.8	1e+20	1.22265e+14	20.8876	81.5093	32.7601	8.52729	13.3547	26.4858	
 10000	-68193.3	-1245.45	-21407.9	-5431.37	0.0456508	1	0.212252	9.42275	1.68927	0.0243351	19.2996	0.443882	1351	99	268	-27627	25.3544f	22.9837	4	1	1	0.227723	0.227723	0.029703	0	0	0	0	0	0.9	0.947761	0.235294	0.477477	0.779412	0	0.207921	0.118812	1	0.154412	0.198473	0.666667	0.666667	0.666667	1	1	191751	1e+20	3.56926e+16	20.8876	81.5093	32.7601	8.52729	25.3544	22.9837	
 11000	-70212.2	-1245.45	-23426.7	-5752.7	0.0496489	1	0.23768	8.41467	2.3668	0.00966231	19.9877	0.282921	1459	99	329	-27627	37.4729f	30.9049	4	1	1	0.227723	0.227723	0.029703	0.029703	0	0	0	0	0.872727	0.931507	0.269504	0.512821	0.739437	0	0.207921	0.118812	1	0.219178	0.181818	0.666667	0.666667	0.666667	1	1	191751	1e+20	3.56926e+16	20.8876	81.5093	32.7601	8.52729	37.4729	30.9049	
 12000	-71696.7	-1245.45	-24911.2	-6134.39	0.0547549	1	0.249728	8.00873	2.54087	0.076272	19.6097	0.250825	1591	99	319	-27627	7.67344f	0.783475	4	1	1	0.227723	0.227723	0.029703	0.029703	0	0	0	0	0.9	0.875	0.26875	0.545455	0.71875	0	0.207921	0.118812	1	0.18239	0.2	0.666667	0.666667	0.666667	1	1	191751	1e+20	3.56926e+16	20.8876	81.5093	32.7601	8.52729	7.67344	0.783475	
 13000	-73318.8	-1245.45	-26533.4	-6496.07	0.0606994	1	0.235501	8.49254	2.76229	0.0261406	19.8025	0.244658	1720	99	325	-27627	38.4426f	13.9829	4	1	1	0.158416	0.227723	0.049505	0.029703	0	0	0	0	0.890909	0.953757	0.356322	0.453125	0.773256	0.009901	0.0990099	0.019802	1	0.196532	0.18845	0.666667	0.666667	0.666667	1	1	191751	1e+20	3.56926e+16	20.8876	81.5093	32.7601	8.52729	38.4426	13.9829	
 14000	-73202.6	-1245.45	-26417.2	-6552.11	0.0606994	1	0.1853	10.7933	2.17346	0.0128545	19.8025	0.395179	1740	99	288	-27627	52.5218f	23.8361	4	1	1	0.158416	0.227723	0.049505	0.029703	0	0	0	0	0.927273	0.942529	0.264368	0.558559	0.829545	0.009901	0.0990099	0.019802	1	0.131429	0.20438	0.666667	0.666667	0.666667	1	1	191751	1e+20	3.56926e+16	20.8876	81.5093	32.7601	8.52729	52.5218	23.8361	
 15000	-73255.6	-1245.45	-26470.1	-6542.65	0.0626848	1	0.197843	10.109	2.39649	0.00976509	19.8025	0.335679	1737	99	298	-27627	47.8289f	27.2461	4	1	1	0.158416	0.178218	0.049505	0.029703	0	0	0	0	0.945455	0.96	0.241379	0.512	0.798851	0.009901	0.0990099	0.019802	1	0.126437	0.197324	0.666667	0.666667	0.666667	1	1	191751	1e+20	3.56926e+16	20.8876	81.5093	32.7601	8.52729	47.8289	27.2461	
 16000	-74510.2	-1245.45	-27724.8	-6707.98	0.0637449	1	0.213126	9.38411	2.62527	0.0316534	19.8025	0.284452	1797	99	343	-27627	23.8253f	17.4892	4	1	1	0.158416	0.178218	0.049505	0.029703	0	0	0	0	0.890909	0.939227	0.296089	0.490909	0.751412	0.009901	0.0990099	0.019802	1	0.137363	0.169096	0.666667	0.666667	0.666667	1	1	191751	1e+20	3.56926e+16	20.8876	81.5093	32.7601	8.52729	23.8253	17.4892	
 17000	-75273.3	-1245.45	-28487.9	-6959.39	0.068463	1	0.186798	10.7067	2.47128	0.0301833	19.8025	0.344767	1890	99	317	-27627	20.6236f	21.7247	4	1	1	0.158416	0.178218	0.049505	0.029703	0	0	0	0	0.927273	0.947644	0.226316	0.548387	0.826316	0.009901	0.0990099	0.019802	1	0.168421	0.185535	0.666667	0.666667	0.666667	1	1	191751	1e+20	3.56926e+16	20.8876	81.5093	32.7601	8.52729	20.6236	21.7247	
 18000	-77420.7	-1245.45	-30635.3	-7411.18	0.0727456	1	0.187345	10.6755	2.69145	0.0195124	19.9105	0.31564	2061	99	322	-27627	26.5959f	27.1372	4	1	1	0.158416	0.178218	0.049505	0.029703	0	0	0	0	0.918182	0.956098	0.291262	0.552381	0.817734	0.009901	0.0990099	0.019802	1	0.169903	0.223602	0.666667	0.666667	0.666667	1	1	191751	1e+20	3.56926e+16	20.8876	81.5093	32.7601	8.52729	26.5959	27.1372	
 19000	-76186.1	-1245.45	-29400.6	-7198.69	0.0719504	1	0.201961	9.90288	2.68512	0.0170972	19.5823	0.293487	1980	99	295	-27627	44.3007f	20.0613	4	1	1	0.108911	0.178218	0.049505	0.029703	0	0	0	0	0.936364	0.964467	0.246231	0.503759	0.781726	0.009901	0.0990099	0.019802	1	0.120603	0.193846	0.666667	0.666667	0.666667	1	1	191751	1e+20	3.56926e+16	44.9041	88.8294	14.8137	13.7499	44.3007	20.0613	
 20000	-76409.2	-1245.45	-29623.7	-7169.79	0.070425	1	0.187159	10.6861	2.43556	0.0199701	19.5823	0.34915	1969	99	331	-27627	24.1f	29.3565	4	1	1	0.108911	0.257426	0.049505	0.029703	0	0	0	0	0.945455	0.919192	0.22335	0.529412	0.791878	0.009901	0.108911	9.90099e-09	1	0.15736	0.180233	0.666667	0.666667	0.666667	1	1	191751	1e+20	3.56926e+16	44.9041	88.8294	14.8137	13.7499	24.1	29.3565	
 21000	-76059.9	-1245.45	-29274.4	-7130	0.070425	1	0.213682	9.35971	2.71105	0.0588981	19.4584	0.274736	1954	99	314	-27627	2.60466f	18.2102	4	1	1	0.108911	0.257426	0.049505	0.029703	0	0	0	0	0.909091	0.90625	0.22449	0.473684	0.807107	0.009901	0.108911	9.90099e-09	1	0.153061	0.185075	0.666667	0.666667	0.666667	1	1	191751	1e+20	3.56926e+16	44.9041	88.8294	14.8137	13.7499	2.60466	18.2102	
 22000	-77046.4	-1245.45	-30260.9	-7379.4	0.070425	1	0.195254	10.2431	2.67092	0.0130615	19.8281	0.305182	2048	99	308	-27627	24.6288f	58.5256	4	1	1	0.108911	0.257426	0.049505	0.029703	0	0	0	0	0.918182	0.965686	0.228155	0.469231	0.839024	0.009901	0.108911	9.90099e-09	1	0.136585	0.191223	0.666667	0.666667	0.666667	1	1	191751	1e+20	3.56926e+16	44.9041	88.8294	14.8137	13.7499	24.6288	58.5256	
 23000	-77430.4	-1245.45	-30644.9	-7377.98	0.0715895	1	0.195254	10.2431	2.3677	0.00545524	19.161	0.344266	2048	99	342	-27627	45.2263f	33.7829	4	1	1	0.108911	0.257426	0.049505	0.029703	0	0	0	0	0.909091	0.932039	0.241546	0.509434	0.790244	0.009901	0.108911	9.90099e-09	1	0.112195	0.166163	0.666667	0.666667	0.666667	1	1	191751	1e+20	3.56926e+16	47.461	97.0071	10.7188	22.5964	45.2263	33.7829	
 24000	-78092	-1245.45	-31306.6	-7565.41	0.0767299	1	0.176315	11.3433	2.42074	0.0141649	19.4254	0.372891	2121	99	319	-27627	38.0051f	24.9812	4	1	1	0.0990099	0.257426	0.049505	0.009901	0	0	0	0	0.845455	0.962085	0.188679	0.548077	0.834123	0.009901	0.108911	9.90099e-09	1	0.137441	0.184713	0.666667	0.666667	0.666667	1	1	191751	1e+20	3.56926e+16	47.461	97.0071	10.7188	22.5964	38.0051	24.9812	
 25000	-79932.3	-1245.45	-33146.9	-7895.25	0.080935	1	0.175608	11.389	2.30433	0.0314578	18.9524	0.393306	2251	99	351	-27627	9.09741f	41.8797	4	1	1	0.0990099	0.257426	0.049505	0.009901	0	0	0	0	0.909091	0.951327	0.268722	0.529851	0.854626	0.009901	0.108911	0.009901	1	0.128319	0.171512	0.666667	0.666667	0.666667	1	1	191751	1e+20	3.56926e+16	47.461	97.0071	10.7188	22.5964	9.09741	41.8797	
 26000	-80243.2	-1245.45	-33457.8	-8003.28	0.0810374	1	0.180598	11.0743	2.29495	0.0204766	18.7949	0.384002	2294	99	331	-27627	18.8044f	37.5689	4	1	1	0.0990099	0.257426	0.0594059	0.009901	0	0	0	0	0.9	0.960699	0.213043	0.435644	0.835498	0.009901	0.138614	0.009901	1	0.130435	0.206587	0.666667	0.666667	0.666667	1	1	191751	1e+20	3.56926e+16	47.461	97.0071	10.7188	22.5964	18.8044	37.5689	
 27000	-80572.5	-1245.45	-33787.1	-8020.87	0.0810374	1	0.193347	10.3441	2.27921	0.0185011	18.4454	0.361159	2301	99	353	-27627	26.7793f	28.1975	4	1	1	0.0990099	0.257426	0.0594059	0.009901	0	0	0	0	0.890909	0.935345	0.17316	0.550459	0.831169	9.90099e-09	0.138614	0.009901	1	0.168831	0.195122	0.666667	0.666667	0.666667	1	1	191751	1e+20	3.56926e+16	54.652	82.8976	39.242	5.52831	26.7793	28.1975	
 28000	-81671.2	-1245.45	-34885.7	-8203.81	0.0885458	1	0.180542	11.0778	3.10723	0.0512738	19.8314	0.283706	2375	99	372	-27627	6.87064f	18.797	4	1	1	0.0990099	0.227723	0.0594059	0.009901	0	0	0	0	0.9	0.927966	0.299578	0.560748	0.844538	9.90099e-09	0.138614	0.009901	1	0.152542	0.202247	0.666667	0.666667	0.666667	1	1	191751	1e+20	3.56926e+16	54.652	82.8976	39.242	5.52831	6.87064	18.797	
 29000	-82219.9	-1245.45	-35434.5	-8413.48	0.0862954	1	0.169694	11.7859	2.8463	0.0399549	19.8314	0.329513	2461	99	329	-27627	23.7133f	11.1475	4	1	1	0.0990099	0.227723	0.0594059	0.009901	0	0	0	0	0.909091	0.967871	0.232	0.495496	0.8	9.90099e-09	0.138614	0.009901	1	0.133603	0.181034	0.666667	0.666667	0.666667	1	1	191751	1e+20	3.56926e+16	54.719	90.9874	39.242	5.52831	23.7133	11.1475	
 30000	-84307.6	-1245.45	-37522.1	-8674.5	0.0904043	1	0.18039	11.0871	3.16978	0.0401951	19.8314	0.278342	2570	99	405	-27627	83.3491f	17.2065	4	1	1	0.0990099	0.227723	0.0594059	0.009901	0	0	0	0	0.872727	0.960938	0.257813	0.504348	0.851563	9.90099e-09	0.138614	0.009901	1	0.132813	0.211587	0.666667	0.666667	0.666667	1	1	191751	1e+20	3.56926e+16	54.719	90.9874	39.242	5.52831	83.3491	17.2065	
 31000	-83564.2	-1245.45	-36778.8	-8561.83	0.0929977	1	0.187804	10.6494	3.31886	0.008153	19.7197	0.255344	2523	99	386	-27627	41.1411f	31.0777	4	1	1	0.0792079	0.227723	0.0594059	0.009901	0	0	0	0	0.945455	0.924	0.247012	0.638655	0.824903	9.90099e-09	0.138614	0.009901	1	0.114625	0.202073	0.666667	0.666667	0.666667	1	1	191751	1e+20	3.56926e+16	54.719	90.9874	39.242	5.52831	41.1411	31.0777	
 32000	-85133	-1245.45	-38347.6	-8924.31	0.0904784	1	0.171043	11.6929	2.94078	0.0100168	19.7197	0.316411	2674	99	367	-27627	27.0868f	54.6761	4	1	1	0.0792079	0.227723	0.0594059	0.009901	0	0	0	0	0.9	0.955224	0.191729	0.481818	0.804511	9.90099e-09	0.138614	9.90099e-09	1	0.11194	0.180822	0.666667	0.666667	0.666667	1	1	191751	1e+20	3.56926e+16	54.719	90.9874	39.242	5.52831	27.0868	54.6761	
 33000	-86171.2	-1245.45	-39385.8	-8986.36	0.0995883	1	0.174784	11.4427	3.07237	0.0323668	19.3592	0.296378	2703	99	432	-27627	48.5311f	7.95362	4	1	1	0.0792079	0.227723	0.0693069	0.009901	0	0	0	0	0.909091	0.940299	0.251852	0.554622	0.820896	9.90099e-09	0.138614	9.90099e-09	1	0.141791	0.208877	0.666667	0.666667	0.666667	1	1	191751	1e+20	3.56926e+16	54.719	90.9874	39.242	5.52831	48.5311	7.95362	
 34000	-86992.7	-1245.45	-40207.2	-9147.83	0.0995883	1	0.187749	10.6525	3.29632	0.0435738	19.3535	0.257166	2773	99	432	-27627	17.1741f	13.5864	4	1	1	0.0792079	0.227723	0.0693069	0.009901	0	0	0	0	0.927273	0.942446	0.234657	0.544776	0.827338	9.90099e-09	0.128713	9.90099e-09	1	0.111511	0.194631	0.666667	0.666667	0.666667	1	1	191751	1e+20	3.56926e+16	54.719	90.9874	39.242	5.52831	17.1741	13.5864	
 35000	-86973	-1245.45	-40187.6	-9205.89	0.0988936	1	0.213448	9.36998	3.58516	0.0429163	19.1739	0.207979	2798	99	410	-27627	17.2214f	14.0455	4	1	1	0.0792079	0.227723	0.0693069	0.009901	0	0	0	0	0.863636	0.9319	0.235714	0.516129	0.846429	9.90099e-09	0.128713	9.90099e-09	1	0.15	0.162413	0.666667	0.666667	0.666667	1	1	191751	1e+20	3.56926e+16	54.719	90.9874	39.242	5.52831	17.2214	14.0455	
 36000	-91650.6	-1245.45	-44865.2	-9944.94	0.119769	1	0.213448	9.36998	4.34195	0.0296809	19.1739	0.171729	3127	99	492	-27627	43.2168f	10.2746	4	1	1	0.0792079	0.227723	0.0693069	0.009901	0	0	0	0	0.863636	0.925325	0.270627	0.513699	0.827476	9.90099e-09	0.128713	9.90099e-09	1	0.188498	0.175153	0.666667	0.666667	0.666667	1	1	191751	1e+20	3.56926e+16	54.719	90.9874	39.242	5.52831	43.2168	10.2746	
 37000	-95341.4	-1245.45	-48556	-10515.8	0.119769	1	0.205917	9.71263	4.18877	0.0198897	19.1739	0.184519	3396	99	549	-27627	42.0588f	18.0478	4	1	1	0.0891089	0.227723	0.0693069	0.009901	0	0	0	0	0.863636	0.95614	0.252199	0.625	0.829912	9.90099e-09	0.128713	9.90099e-09	1	0.182353	0.193606	0.666667	0.666667	0.666667	1	1	191751	1e+20	3.56926e+16	54.719	90.9874	39.242	5.52831	42.0588	18.0478	
 38000	-94830.5	-1245.45	-48045.1	-10454.3	0.119769	1	0.206499	9.68527	4.53912	0.0279563	19.549	0.169797	3367	99	527	-27627	16.7623f	29.1018	4	1	1	0.0891089	0.227723	0.0693069	0.009901	0	0	0	0	0.918182	0.916914	0.316568	0.518519	0.792899	9.90099e-09	0.128713	9.90099e-09	1	0.180473	0.160748	0.666667	0.666667	0.666667	1	1	191751	1e+20	3.56926e+16	54.719	90.9874	39.242	5.52831	16.7623	29.1018	
 39000	-94319.3	-1245.45	-47533.9	-10379.9	0.120855	1	0.199224	10.039	4.43584	0.0173087	19.5677	0.180095	3332	99	521	-27627	80.0333f	45.1201	4	1	1	0.0891089	0.227723	0.0693069	0.009901	0	0	0	0	0.836364	0.946108	0.267267	0.53271	0.816817	9.90099e-09	0.128713	9.90099e-09	1	0.170659	0.196498	0.666667	0.666667	0.666667	1	1	191751	1e+20	3.56926e+16	84.6107	72.9185	54.8953	14.4921	80.0333	45.1201	
 40000	-94718.6	-1245.45	-47933.2	-10498.3	0.120855	1	0.184106	10.8633	4.09923	0.0380364	19.5677	0.210887	3388	99	497	-27627	83.3449f	19.0726	4	1	1	0.0891089	0.168317	0.0693069	0.009901	0	0	0	0	0.890909	0.943953	0.227139	0.456376	0.839763	9.90099e-09	0.0792079	9.90099e-09	1	0.153392	0.179074	0.666667	0.666667	0.666667	1	1	191751	1e+20	3.56926e+16	84.6107	72.9185	54.8953	14.4921	83.3449	19.0726	
 41000	-94776	-1245.45	-47990.6	-10519.4	0.120855	1	0.178899	11.1795	4.21576	0.00999266	19.8472	0.211026	3398	99	486	-27627	64.1343f	31.883	4	1	1	0.0891089	0.168317	0.0693069	0.009901	0	0	0	0	0.909091	0.949555	0.232353	0.533784	0.791176	9.90099e-09	0.0792079	9.90099e-09	1	0.155882	0.16453	0.666667	0.666667	0.666667	1	1	191751	1e+20	3.56926e+16	84.6107	72.9185	54.8953	14.4921	64.1343	31.883	
 42000	-95625.3	-1245.45	-48839.8	-10607	0.122574	1	0.185267	10.7952	4.42793	0.018655	19.8472	0.194009	3440	99	521	-27627	42.2577f	19.084	4	1	1	0.0891089	0.168317	0.0693069	0.009901	0	0	0	0	0.890909	0.947674	0.241379	0.571429	0.841954	9.90099e-09	0.0792079	9.90099e-09	1	0.115274	0.20428	0.666667	0.666667	0.666667	1	1	191751	1e+20	3.56926e+16	84.6107	72.9185	54.8953	14.4921	42.2577	19.084	
 43000	-96349.2	-1245.45	-49563.8	-10780.7	0.128376	1	0.170716	11.7154	4.28236	0.0394019	19.8577	0.217703	3524	99	493	-27627	28.8929f	8.5028	4	1	1	0.049505	0.168317	0.029703	0.009901	0	0	0	0	0.890909	0.94302	0.256484	0.471154	0.849858	9.90099e-09	0.0792079	9.90099e-09	1	0.181303	0.198783	0.666667	0.666667	0.666667	1	1	191751	1e+20	3.56926e+16	84.6107	72.9185	54.8953	14.4921	28.8929	8.5028	
 44000	-97294	-1245.45	-50508.5	-10920.3	0.128376	1	0.183317	10.9101	4.72118	0.0465611	19.9889	0.183894	3592	99	511	-27627	76.0265f	6.81782	4	1	1	0.049505	0.168317	0.029703	0.009901	0	0	0	0	0.9	0.961111	0.254848	0.572816	0.855556	9.90099e-09	0.0792079	9.90099e-09	1	0.169444	0.194932	0.666667	0.666667	0.666667	1	1	191751	1e+20	3.56926e+16	20.8786	73.9154	54.8953	14.4921	76.0265	6.81782	
 45000	-100250	-1245.45	-53464.2	-11308.9	0.138794	1	0.201666	9.91741	5.6152	0.021559	19.9889	0.140548	3785	99	590	-27627	54.8729f	16.1369	4	1	1	0.049505	0.168317	0.029703	0.009901	0	0	0	0	0.863636	0.926316	0.259947	0.449153	0.836412	9.90099e-09	0.0792079	9.90099e-09	1	0.17942	0.150171	0.666667	0.666667	0.666667	1	1	191751	1e+20	3.56926e+16	20.8786	73.9154	54.8953	14.4921	54.8729	16.1369	
 46000	-100671	-1245.45	-53885.6	-11490.6	0.138794	1	0.168479	11.8709	4.69116	0.0290452	19.9889	0.201369	3877	99	524	-27627	57.3352f	10.8982	4	1	1	0.049505	0.168317	0.029703	9.90099e-09	0	0	0	0	0.890909	0.958656	0.25964	0.554455	0.866324	9.90099e-09	0.108911	9.90099e-09	1	0.213368	0.198473	0.666667	0.666667	0.666667	1	1	191751	1e+20	3.56926e+16	20.8786	73.9154	54.8953	14.4921	57.3352	10.8982	
 47000	-99967.8	-1245.45	-53182.3	-11396.1	0.137079	1	0.16762	11.9318	4.60956	0.00242723	19.9889	0.205985	3829	99	511	-27627	43.8368f	40.9751	4	1	1	0.049505	0.108911	0.029703	9.90099e-09	0	0	0	0	0.781818	0.947917	0.23822	0.486667	0.873711	9.90099e-09	0.108911	9.90099e-09	1	0.151436	0.217822	0.666667	0.666667	0.666667	1	1	191751	1e+20	3.56926e+16	20.8786	73.9154	54.8953	14.4921	43.8368	40.9751	
 48000	-99200.3	-1245.45	-52414.8	-11284.8	0.137079	1	0.174571	11.4567	4.80072	0.0508239	19.9889	0.189908	3773	99	497	-27627	9.6584f	15.6477	4	1	1	0.049505	0.108911	0.019802	9.90099e-09	0	0	0	0	0.9	0.917772	0.243386	0.584158	0.829787	9.90099e-09	0.108911	9.90099e-09	1	0.150794	0.198095	0.666667	0.666667	0.666667	1	1	191751	1e+20	3.56926e+16	20.8786	73.9154	42.1276	10.8913	9.6584	15.6477	
 49000	-100289	-1245.45	-53503.5	-11398.5	0.141369	1	0.166349	12.0229	4.71778	0.0813093	19.9889	0.202798	3830	99	536	-27627	3.16097f	2.03849	4	1	1	0.049505	0.108911	0.019802	9.90099e-09	0	0	0	0	0.9	0.960836	0.276923	0.495496	0.830287	9.90099e-09	0.108911	9.90099e-09	1	0.145833	0.197441	0.666667	0.666667	0.666667	1	1	191751	1e+20	3.56926e+16	20.8786	73.9154	42.1276	10.8913	3.16097	2.03849	
 50000	-101460	-1245.45	-54674.7	-11656.6	0.144857	1	0.166349	12.0229	4.83417	0.0125877	19.9889	0.197915	3962	99	505	-27627	36.9534f	27.3497	4	1	1	0.0693069	0.108911	0.019802	9.90099e-09	0	0	0	0	0.809091	0.946565	0.257653	0.572816	0.854592	9.90099e-09	0.108911	9.90099e-09	1	0.137755	0.196911	0.666667	0.666667	0.666667	1	1	191751	1e+20	3.56926e+16	35.5641	96.1522	42.1276	10.8913	36.9534	27.3497	
 51000	-104520	-1245.45	-57734.5	-12066.3	0.146649	1	0.172981	11.562	5.08909	0.00602867	19.9889	0.180793	4175	99	569	-27627	38.7361f	36.0865	4	1	1	0.0693069	0.108911	0.019802	9.90099e-09	0	0	0	0	0.836364	0.942584	0.26087	0.464912	0.867299	9.90099e-09	0.108911	9.90099e-09	1	0.143541	0.196837	0.666667	0.666667	0.666667	1	1	191751	1e+20	3.56926e+16	35.5641	96.1522	42.1276	10.8913	38.7361	36.0865	
 52000	-104900	-1245.45	-58114.7	-12153.7	0.149965	1	0.173182	11.5486	5.21021	0.0750751	19.9889	0.176386	4222	99	560	-27627	6.45914f	2.53961	4	1	1	0.0693069	0.108911	0.019802	9.90099e-09	0	0	0	0	0.9	0.969267	0.281324	0.517544	0.83848	9.90099e-09	0.138614	9.90099e-09	1	0.137441	0.176147	0.666667	0.666667	0.666667	1	1	191751	1e+20	3.56926e+16	35.5641	96.1522	42.1276	10.8913	6.45914	2.53961	
 53000	-105705	-1245.45	-58919.9	-12251.9	0.158949	1	0.165328	12.0971	5.27192	0.0284067	19.9889	0.182602	4274	99	577	-27627	44.5437f	10.9694	4	1	1	0.0693069	0.178218	0.019802	9.90099e-09	0	0	0	0	0.909091	0.962963	0.300699	0.5625	0.832947	0.009901	0.138614	9.90099e-09	1	0.141531	0.216638	0.666667	0.666667	0.666667	1	1	191751	1e+20	3.56926e+16	35.5641	96.1522	42.1276	10.8913	44.5437	10.9694	
 54000	-108137	-1245.45	-61351.8	-12609.3	0.157973	1	0.158305	12.6338	5.01697	0.00897561	19.9889	0.200393	4468	99	601	-27627	46.5135f	28.3826	4	1	1	0.0693069	0.178218	9.90099e-09	9.90099e-09	0	0	0	0	0.845455	0.96861	0.290828	0.491525	0.883669	0.009901	0.138614	9.90099e-09	1	0.165548	0.188648	0.666667	0.666667	0.666667	1	1	191751	1e+20	3.56926e+16	35.5641	96.1522	35.1185	4.03314	46.5135	28.3826	
 55000	-109490	-1245.45	-62704.1	-12893.3	0.165953	1	0.151907	13.166	4.95912	0.0284601	19.8911	0.211271	4626	99	563	-27627	70.6822f	16.5783	4	1	1	0.0693069	0.178218	9.90099e-09	9.90099e-09	0	0	0	0	0.854545	0.95186	0.263617	0.53211	0.873085	0.009901	0.138614	9.90099e-09	1	0.150655	0.230906	0.666667	0.666667	0.666667	1	1	191751	1e+20	3.56926e+16	35.5641	96.1522	35.1185	4.03314	70.6822	16.5783	
 56000	-109633	-1245.45	-62847.6	-12969	0.165474	1	0.142342	14.0507	4.55363	0.0154099	19.8048	0.245544	4668	99	536	-27627	33.1335f	26.4126	4	1	1	0.0693069	0.178218	9.90099e-09	9.90099e-09	0	0	0	0	0.827273	0.974359	0.256466	0.590909	0.851293	0.009901	0.138614	9.90099e-09	1	0.12848	0.215909	0.666667	0.666667	0.666667	1	1	191751	1e+20	3.56926e+16	35.5641	96.1522	35.1185	4.03314	33.1335	26.4126	
 57000	-109959	-1245.45	-63173.6	-13024.1	0.166374	1	0.145005	13.7926	4.66408	0.0275333	19.8048	0.235326	4699	99	535	-27627	54.262f	11.4975	4	1	1	0.128713	0.178218	9.90099e-09	9.90099e-09	0	0	0	0	0.872727	0.961456	0.238298	0.554545	0.849257	0.009901	0.138614	9.90099e-09	1	0.122056	0.20438	0.666667	0.666667	0.666667	1	1	191751	1e+20	3.56926e+16	35.5641	96.1522	35.1185	4.03314	54.262	11.4975	
 58000	-113397	-1245.45	-66611.5	-13382.4	0.174568	1	0.163404	12.2396	5.51472	0.037411	19.8048	0.176617	4904	99	642	-27627	21.341f	14.7887	4	1	1	0.128713	0.178218	9.90099e-09	9.90099e-09	0	0	0	0	0.909091	0.956967	0.255144	0.55814	0.841141	0.009901	0.138614	9.90099e-09	1	0.169043	0.218069	0.666667	0.666667	0.666667	1	1	191751	1e+20	3.56926e+16	35.5641	96.1522	35.1185	4.03314	21.341	14.7887	
 59000	-115497	-1245.45	-68711.6	-13644.1	0.184769	1	0.168677	11.857	6.13364	0.0330527	19.8933	0.153832	5057	99	679	-27627	49.5562f	7.48789	4	1	1	0.128713	0.178218	9.90099e-09	9.90099e-09	0	0	0	0	0.854545	0.974359	0.264822	0.548148	0.859684	0.009901	0.148515	9.90099e-09	1	0.164032	0.20597	0.666667	0.666667	0.666667	1	1	191751	1e+20	3.56926e+16	35.5641	96.1522	35.1185	4.03314	49.5562	7.48789	
 60000	-115258	-1245.45	-68472.4	-13649.2	0.184769	1	0.163484	12.2336	6.03366	0.011595	19.9672	0.161348	5060	99	647	-27627	52.0868f	25.1562	4	1	1	0.128713	0.178218	0.039604	9.90099e-09	0	0	0	0	0.854545	0.94664	0.229249	0.53125	0.83953	0.009901	0.148515	9.90099e-09	1	0.157791	0.221705	0.666667	0.666667	0.666667	1	1	191751	1e+20	3.56926e+16	35.5641	96.1522	35.1185	4.03314	52.0868	25.1562	
 61000	-116497	-1245.45	-69711.4	-13882.2	0.182375	1	0.162752	12.2886	5.91986	0.0210916	19.9596	0.165189	5197	99	625	-27627	27.5739f	24.4223	4	1	1	0.128713	0.128713	0.039604	9.90099e-09	0	0	0	0	0.863636	0.957692	0.261538	0.492424	0.858801	0.009901	0.148515	9.90099e-09	1	0.15	0.204615	0.666667	0.666667	0.666667	1	1	191751	1e+20	3.56926e+16	35.5641	96.1522	43.9918	29.2545	27.5739	24.4223	
 62000	-115313	-1245.45	-68527.3	-13627.1	0.181079	1	0.175645	11.3866	6.34343	0.0137376	19.9596	0.142844	5047	99	673	-27627	31.3115f	29.996	4	1	1	0.128713	0.128713	0.039604	9.90099e-09	0	0	0	0	0.836364	0.952381	0.248521	0.477612	0.854331	0.009901	0.148515	9.90099e-09	1	0.150495	0.200299	0.666667	0.666667	0.666667	1	1	191751	1e+20	3.56926e+16	35.5641	96.1522	43.9918	29.2545	31.3115	29.996	
 63000	-115821	-1245.45	-69035.1	-13694.7	0.1795	1	0.164284	12.174	5.88143	0.0147714	19.9596	0.164718	5086	99	673	-27627	36.8361f	24.8891	4	1	1	0.0792079	0.128713	0.039604	9.90099e-09	0	0	0	0	0.881818	0.954183	0.259332	0.466667	0.86444	0.009901	0.148515	9.90099e-09	1	0.145383	0.204545	0.666667	0.666667	0.666667	1	1	191751	1e+20	3.56926e+16	35.5641	96.1522	43.9918	29.2545	36.8361	24.8891	
 64000	-117027	-1245.45	-70241.4	-13936.4	0.188448	1	0.165526	12.0827	6.22127	0.00985512	19.9596	0.154552	5231	99	643	-27627	35.4633f	67.9873	4	1	1	0.0792079	0.128713	0.039604	9.90099e-09	0	0	0	0	0.9	0.948177	0.268714	0.564885	0.860421	9.90099e-09	0.148515	9.90099e-09	1	0.198473	0.188707	0.666667	0.666667	0.666667	1	1	191751	1e+20	3.56926e+16	57.3634	87.8542	30.5273	34.0043	35.4633	67.9873	
 65000	-118808	-1245.45	-72022.2	-14133.4	0.188448	1	0.164728	12.1412	6.19129	0.0193554	19.9596	0.156053	5349	99	682	-27627	54.2869f	17.896	4	1	1	0.0792079	0.128713	0.039604	9.90099e-09	0	0	0	0	0.890909	0.968224	0.257463	0.492754	0.86194	9.90099e-09	0.0594059	9.90099e-09	1	0.127341	0.211078	0.666667	0.666667	0.666667	1	1	191751	1e+20	3.56926e+16	57.3634	87.8542	30.5273	34.0043	54.2869	17.896	
 66000	-119171	-1245.45	-72385.2	-14275.2	0.196378	1	0.15574	12.8419	6.09981	0.0299194	19.9596	0.167534	5437	99	635	-27627	13.989f	31.1721	4	1	1	0.0792079	0.128713	0.009901	9.90099e-09	0	0	0	0	0.890909	0.937615	0.253211	0.515385	0.838235	9.90099e-09	0.0594059	9.90099e-09	1	0.158088	0.200622	0.666667	0.666667	0.666667	1	1	191751	1e+20	3.56926e+16	57.3634	87.8542	30.5273	34.0043	13.989	31.1721	
 67000	-120423	-1245.45	-73637.1	-14441.2	0.196378	1	0.15574	12.8419	6.09981	0.0288627	19.9596	0.167534	5539	99	648	-27627	33.1344f	13.9567	4	1	1	0.0792079	0.128713	0.009901	9.90099e-09	0	0	0	0	0.818182	0.952727	0.234004	0.560606	0.877256	9.90099e-09	0.0594059	9.90099e-09	1	0.137184	0.207951	0.666667	0.666667	0.666667	1	1	191751	1e+20	3.56926e+16	57.3634	87.8542	30.5273	34.0043	33.1344	13.9567	
 68000	-122679	-1245.45	-75893.7	-14665.6	0.209019	1	0.16481	12.1352	6.87053	0.0450138	19.9596	0.140555	5680	99	711	-27627	0.144147f	52.6208	4	1	1	0.0693069	0.128713	0.009901	9.90099e-09	0	0	0	0	0.854545	0.954064	0.222816	0.554745	0.854317	9.90099e-09	0.0594059	9.90099e-09	1	0.126538	0.178317	0.666667	0.666667	0.666667	1	1	191751	1e+20	3.56926e+16	60.7884	92.4022	30.5273	34.0043	0.144147	52.6208	
 69000	-124302	-1245.45	-77516.2	-14914.5	0.209019	1	0.16122	12.4054	6.72087	0.043351	19.9596	0.146885	5839	99	705	-27627	80.7324f	12.3384	4	1	1	0.0693069	0.168317	0.009901	9.90099e-09	0	0	0	0	0.854545	0.955403	0.258562	0.464789	0.835616	9.90099e-09	0.0594059	9.90099e-09	1	0.143836	0.22409	0.666667	0.666667	0.666667	1	1	191751	1e+20	3.56926e+16	60.7884	92.4022	51.8379	51.6178	80.7324	12.3384	
 70000	-125503	-1245.45	-78717.1	-15061.7	0.209019	1	0.153935	12.9925	6.41717	0.000867775	19.9596	0.161117	5933	99	723	-27627	47.423f	44.9777	4	1	1	0.0693069	0.168317	0.009901	9.90099e-09	0	0	0	0	0.872727	0.957699	0.239865	0.576642	0.880952	9.90099e-09	0.0594059	9.90099e-09	1	0.145763	0.214286	0.666667	0.666667	0.666667	1	1	191751	1e+20	3.56926e+16	60.7884	92.4022	51.8379	51.6178	47.423	44.9777	
 71000	-124367	-1245.45	-77581.8	-14906.7	0.209056	1	0.148312	13.4851	6.18388	0.00266783	19.9596	0.173533	5834	99	715	-27627	60.886f	52.6844	4	1	1	0.0693069	0.168317	0.009901	9.90099e-09	0	0	0	0	0.927273	0.957192	0.276923	0.485714	0.878216	9.90099e-09	0.0891089	9.90099e-09	1	0.14726	0.172911	0.666667	0.666667	0.666667	1	1	191751	1e+20	3.56926e+16	60.7884	92.4022	51.8379	51.6178	60.886	52.6844	
 72000	-125014	-1245.45	-78228.3	-14957.6	0.212963	1	0.161162	12.4098	6.81235	0.024675	19.9356	0.144964	5867	99	744	-27627	74.8336f	76.8316	4	1	1	0.0693069	0.168317	0.019802	9.90099e-09	0	0	0	0	0.827273	0.955631	0.255537	0.533784	0.847487	9.90099e-09	0.0891089	9.90099e-09	1	0.148211	0.168435	0.666667	0.666667	0.666667	1	1	191751	1e+20	3.56926e+16	60.7884	92.4022	51.8379	51.6178	74.8336	76.8316	
 73000	-127451	-1245.45	-80665.7	-15223.7	0.212963	1	0.168616	11.8612	6.39557	0.0446413	19.4029	0.147585	6039	99	793	-27627	99.2177f	52.3404	4	1	1	0.0693069	0.168317	0.019802	9.90099e-09	0	0	0	0	0.836364	0.948675	0.253731	0.554054	0.84106	9.90099e-09	0.0891089	9.90099e-09	1	0.149007	0.184041	0.666667	0.666667	0.666667	1	1	191751	1e+20	3.56926e+16	60.7884	92.4022	51.8379	51.6178	99.2177	52.3404	
 74000	-125645	-1245.45	-78859.2	-15141.7	0.212963	1	0.145603	13.736	5.72372	0.00069322	19.5771	0.190973	5986	99	685	-27627	48.2223f	45.6713	4	1	1	0.0693069	0.168317	0.019802	9.90099e-09	0	0	0	0	0.818182	0.963149	0.258765	0.57037	0.867893	9.90099e-09	0.0891089	9.90099e-09	1	0.15192	0.202363	0.666667	0.666667	0.666667	1	1	191751	1e+20	3.56926e+16	60.7884	92.4022	51.8379	51.6178	48.2223	45.6713	
 75000	-125000	-1245.45	-78214.1	-15134.7	0.216055	1	0.133768	14.9512	5.27852	0.00987181	19.5252	0.2254	5982	99	630	-27627	70.1377f	39.3471	4	1	1	0.029703	0.168317	0.019802	9.90099e-09	0	0	0	0	0.863636	0.949833	0.272575	0.520325	0.87291	9.90099e-09	0.0891089	9.90099e-09	1	0.113712	0.175788	0.666667	0.666667	0.666667	1	1	191751	1e+20	3.56926e+16	60.7884	92.4022	51.8379	51.6178	70.1377	39.3471	
 76000	-124786	-1245.45	-78000.5	-15145.4	0.216055	1	0.137367	14.5595	5.42053	0.00316414	19.5252	0.213745	5989	99	602	-27627	38.9797f	43.5979	4	1	1	0.029703	0.178218	0.019802	9.90099e-09	0	0	0	0	0.881818	0.96995	0.250417	0.536	0.89	9.90099e-09	0.0891089	9.90099e-09	1	0.11	0.191803	0.666667	0.666667	0.666667	1	1	191751	1e+20	3.56926e+16	60.7884	92.4022	51.8379	51.6178	38.9797	43.5979	
 77000	-124532	-1245.45	-77747	-15141.2	0.219305	1	0.13546	14.7645	5.42568	0.0129967	19.5252	0.216548	5986	99	581	-27627	23.3242f	51.2009	4	1	1	0.029703	0.178218	0.019802	9.90099e-09	0	0	0	0	0.872727	0.973109	0.246667	0.541667	0.899833	9.90099e-09	0.0891089	9.90099e-09	1	0.12187	0.168852	0.666667	0.666667	0.666667	1	1	191751	1e+20	3.56926e+16	60.7884	92.4022	51.8379	51.6178	23.3242	51.2009	
 78000	-126644	-1245.45	-79858.1	-15383.2	0.22703	1	0.131484	15.2109	5.28581	0.0028718	19.3748	0.229	6145	99	618	-27627	49.0418f	38.1411	4	1	1	0.029703	0.178218	0.0594059	9.90099e-09	0	0	0	0	0.836364	0.949675	0.274194	0.520325	0.910112	9.90099e-09	0.108911	9.90099e-09	1	0.121951	0.17175	0.666667	0.666667	0.666667	1	1	191751	1e+20	3.56926e+16	60.7884	92.4022	69.4782	45.5775	49.0418	38.1411	
 79000	-128440	-1245.45	-81654.8	-15568.6	0.233997	1	0.138509	14.4395	5.7391	0.0102969	19.3748	0.200216	6268	99	658	-27627	67.7858f	34.9334	4	1	1	0.029703	0.178218	0.0594059	9.90099e-09	0	0	0	0	0.890909	0.96355	0.240829	0.503704	0.867624	9.90099e-09	0.108911	9.90099e-09	1	0.129952	0.168639	0.666667	0.666667	0.666667	1	1	191751	1e+20	3.56926e+16	60.7884	92.4022	69.4782	45.5775	67.7858	34.9334	
 80000	-130253	-1245.45	-83467.1	-15786.3	0.232216	1	0.149512	13.3769	6.44646	0.0232026	19.6059	0.165129	6418	99	679	-27627	28.4226f	21.5799	4	1	1	0.0792079	0.178218	0.0594059	9.90099e-09	0	0	0	0	0.872727	0.951713	0.238619	0.595588	0.896389	9.90099e-09	0.108911	9.90099e-09	1	0.135514	0.178003	0.666667	0.666667	0.666667	1	1	191751	1e+20	3.56926e+16	60.7884	92.4022	67.9753	56.7949	28.4226	21.5799	
 81000	-129910	-1245.45	-83124.8	-15701.6	0.232216	1	0.140932	14.1913	6.07652	0.0198497	19.6059	0.185847	6360	99	703	-27627	54.4542f	17.4973	4	1	1	0.0792079	0.178218	0.0594059	9.90099e-09	0	0	0	0	0.9	0.951334	0.237421	0.514493	0.89185	9.90099e-09	0.108911	9.90099e-09	1	0.1146	0.206259	0.666667	0.666667	0.666667	1	1	191751	1e+20	3.56926e+16	87.9072	64.7512	67.9753	56.7949	54.4542	17.4973	
 82000	-129789	-1245.45	-83003.6	-15697.2	0.227945	1	0.130647	15.3085	5.4629	0.00602922	19.5466	0.222996	6357	99	690	-27627	67.5279f	48.9593	4	1	1	0.0792079	0.168317	0.0594059	9.90099e-09	0	0	0	0	0.836364	0.962205	0.235849	0.521127	0.889065	9.90099e-09	0.108911	9.90099e-09	1	0.109177	0.193787	0.666667	0.666667	0.666667	1	1	191751	1e+20	3.56926e+16	87.9072	64.7512	67.9753	56.7949	67.5279	48.9593	
 83000	-128349	-1245.45	-81563.5	-15597.9	0.232222	1	0.131111	15.2542	5.58519	0.0377325	19.5466	0.217342	6289	99	632	-27627	92.1464f	33.5062	4	1	1	0.0792079	0.168317	0.0594059	9.90099e-09	0	0	0	0	0.881818	0.95873	0.239683	0.534884	0.893482	9.90099e-09	0.108911	9.90099e-09	1	0.131746	0.176656	0.666667	0.666667	0.666667	1	1	191751	1e+20	3.56926e+16	87.9072	64.7512	67.9753	56.7949	92.1464	33.5062	
 84000	-131888	-1245.45	-85102.1	-15892.8	0.232222	1	0.139667	14.3198	5.94964	0.00635111	19.5466	0.19153	6491	99	746	-27627	55.026f	32.5183	4	1	1	0.0792079	0.168317	0.029703	9.90099e-09	0	0	0	0	0.845455	0.967492	0.262751	0.527397	0.883077	9.90099e-09	0.108911	9.90099e-09	1	0.141538	0.22238	0.666667	0.666667	0.666667	1	1	191751	1e+20	3.56926e+16	87.9072	64.7512	67.9753	56.7949	55.026	32.5183	
 85000	-130067	-1245.45	-83281.9	-15765.8	0.231614	1	0.144389	13.8515	6.00933	0.00681066	19.446	0.183425	6404	99	673	-27627	51.5269f	68.9001	4	1	1	0.0792079	0.168317	0.029703	9.90099e-09	0	0	0	0	0.872727	0.960938	0.26209	0.591241	0.878125	9.90099e-09	0.158416	9.90099e-09	1	0.125	0.172662	0.666667	0.666667	0.666667	1	1	191751	1e+20	3.56926e+16	87.9072	64.7512	67.9753	56.7949	51.5269	68.9001	
 86000	-131002	-1245.45	-84216.7	-15844.6	0.232935	1	0.139306	14.3569	5.68068	0.00226689	19.3195	0.201118	6458	99	706	-27627	40.9473f	55.5316	4	1	1	0.0693069	0.168317	0.029703	9.90099e-09	0	0	0	0	0.827273	0.967136	0.236677	0.607143	0.852665	9.90099e-09	0.158416	9.90099e-09	1	0.140845	0.200295	0.666667	0.666667	0.666667	1	1	191751	1e+20	3.56926e+16	87.9072	64.7512	67.9753	56.7949	40.9473	55.5316	
 87000	-133964	-1245.45	-87178.2	-16243.9	0.239311	1	0.139949	14.291	5.86311	0.0152878	19.3195	0.193965	6736	99	702	-27627	76.4587f	39.258	4	1	1	0.0693069	0.168317	0.029703	9.90099e-09	0	0	0	0	0.827273	0.964602	0.261062	0.533333	0.861152	9.90099e-09	0.158416	9.90099e-09	1	0.143279	0.198856	0.666667	0.666667	0.666667	1	1	191751	1e+20	3.56926e+16	87.9072	64.7512	67.9753	56.7949	76.4587	39.258	
 88000	-132741	-1245.45	-85955.3	-16159.7	0.23871	1	0.137817	14.512	5.78037	0.0344101	19.3372	0.199784	6677	99	654	-27627	85.9827f	73.973	4	1	1	0.0693069	0.178218	0.029703	9.90099e-09	0	0	0	0	0.836364	0.968657	0.232036	0.548148	0.892216	9.90099e-09	0.158416	9.90099e-09	1	0.122754	0.184524	0.666667	0.666667	0.666667	1	1	191751	1e+20	3.56926e+16	92.0586	61.3893	95.0349	64.6418	85.9827	73.973	
 89000	-133053	-1245.45	-86267.9	-16083.8	0.23871	1	0.150931	13.2511	5.7988	0.0590856	18.9178	0.181846	6624	99	736	-27627	99.217f	78.3706	4	1	1	0.0693069	0.178218	0.029703	9.90099e-09	0	0	0	0	0.827273	0.947289	0.238671	0.534247	0.878012	9.90099e-09	0.158416	9.90099e-09	1	0.120482	0.169837	0.666667	0.666667	0.666667	1	1	191751	1e+20	3.56926e+16	92.0586	61.3893	95.0349	64.6418	99.217	78.3706	
 90000	-134172	-1245.45	-87386.7	-16198.2	0.246374	1	0.150931	13.2511	6.17158	0.0562467	19.0635	0.170862	6704	99	756	-27627	92.2797f	85.8638	4	1	1	0.0693069	0.178218	0.0891089	9.90099e-09	0	0	0	0	0.809091	0.944528	0.273952	0.512987	0.870343	9.90099e-09	0.158416	9.90099e-09	1	0.129657	0.195767	0.666667	0.666667	0.666667	1	1	191751	1e+20	3.56926e+16	91.7243	76.6128	95.0349	64.6418	92.2797	85.8638	
 91000	-135075	-1245.45	-88289.8	-16315.4	0.249804	1	0.154423	12.9515	6.40229	0.0875662	19.0635	0.160981	6787	99	762	-27627	99.5472f	98.4434	4	1	1	0.0693069	0.178218	0.0891089	9.90099e-09	0	0	0	0	0.845455	0.953148	0.282799	0.559211	0.881406	9.90099e-09	0.108911	9.90099e-09	1	0.125915	0.183463	0.666667	0.666667	0.666667	1	1	191751	1e+20	3.56926e+16	91.7243	76.6128	95.0349	64.6418	99.5472	98.4434	
 92000	-136651	-1245.45	-89865.4	-16537.4	0.249804	1	0.146402	13.661	6.53607	0.00198233	19.4196	0.166325	6947	99	745	-27627	45.4941f	41.4074	4	1	1	0.0693069	0.178218	0.0891089	9.90099e-09	0	0	0	0	0.809091	0.959596	0.264748	0.5	0.883117	9.90099e-09	0.108911	9.90099e-09	1	0.139568	0.196891	0.666667	0.666667	0.666667	1	1	191751	1e+20	3.56926e+16	28.2102	76.858	89.4861	59.6212	45.4941	41.4074	
 93000	-138096	-1245.45	-91311	-16674.7	0.249804	1	0.137351	14.5612	6.72716	0.00767843	19.8745	0.172248	7046	99	769	-27627	42.4339f	68.8224	4	1	1	0.0693069	0.178218	0.0891089	9.90099e-09	0	0	0	0	0.872727	0.974468	0.264205	0.513158	0.873745	9.90099e-09	0.108911	9.90099e-09	1	0.136103	0.195219	0.666667	0.666667	0.666667	1	1	191751	1e+20	3.56926e+16	28.2102	76.858	70.2533	64.3858	42.4339	68.8224	
 94000	-136897	-1245.45	-90111.3	-16596.7	0.255055	1	0.132845	15.0552	6.6432	0.0257303	19.8745	0.180343	6990	99	717	-27627	86.5157f	57.4461	4	1	1	0.0693069	0.138614	0.0891089	9.90099e-09	0	0	0	0	0.845455	0.959943	0.260372	0.459459	0.901709	9.90099e-09	0.108911	9.90099e-09	1	0.137143	0.191933	0.666667	0.666667	0.666667	1	1	191751	1e+20	3.56926e+16	28.2102	76.858	92.8935	62.6147	86.5157	57.4461	
 95000	-137837	-1245.45	-91051.3	-16617.2	0.255055	1	0.141235	14.1608	7.06276	0.00852322	19.8745	0.159553	7005	99	786	-27627	71.0468f	51.3019	4	1	1	0.0693069	0.138614	0.0891089	9.90099e-09	0	0	0	0	0.818182	0.946023	0.259943	0.449367	0.870739	9.90099e-09	0.108911	9.90099e-09	1	0.143875	0.1743	0.666667	0.666667	0.666667	1	1	191751	1e+20	3.56926e+16	72.8884	34.5888	63.9425	55.0503	71.0468	51.3019	
 96000	-137452	-1245.45	-90666.6	-16580.2	0.254586	1	0.144654	13.8261	7.22043	0.00503788	19.8745	0.15238	6978	99	775	-27627	65.9308f	50.7357	4	1	1	0.0693069	0.138614	0.0891089	9.90099e-09	0	0	0	0	0.863636	0.951359	0.236729	0.483221	0.886981	9.90099e-09	0.108911	9.90099e-09	1	0.141631	0.197419	0.666667	0.666667	0.666667	1	1	191751	1e+20	3.56926e+16	72.8884	34.5888	63.9425	55.0503	65.9308	50.7357	
 97000	-139179	-1245.45	-92393.5	-16714.2	0.254586	1	0.150884	13.2552	7.33107	0.0149165	19.741	0.143883	7076	99	838	-27627	77.6505f	55.5349	4	1	1	0.0693069	0.138614	0.029703	9.90099e-09	0	0	0	0	0.845455	0.954738	0.272727	0.509091	0.858357	9.90099e-09	0.108911	9.90099e-09	1	0.135593	0.21059	0.666667	0.666667	0.666667	1	1	191751	1e+20	3.56926e+16	72.8884	34.5888	63.9425	55.0503	77.6505	55.5349	
 98000	-139681	-1245.45	-92896	-16881.1	0.254586	1	0.147393	13.5692	7.49728	0.00478863	19.9685	0.144026	7198	99	769	-27627	40.8787f	63.0028	4	1	1	0.0693069	0.138614	0.029703	9.90099e-09	0	0	0	0	0.881818	0.961111	0.240278	0.509317	0.876389	9.90099e-09	0.108911	9.90099e-09	1	0.133333	0.195122	0.666667	0.666667	0.666667	1	1	191751	1e+20	3.56926e+16	72.8884	34.5888	63.9425	55.0503	40.8787	63.0028	
 99000	-141379	-1245.45	-94593.4	-17078.2	0.264884	1	0.129669	15.4238	6.86256	0.000938601	19.9685	0.178853	7347	99	779	-27627	45.4647f	54.0634	4	1	1	0.039604	0.138614	0.029703	9.90099e-09	0	0	0	0	0.881818	0.965986	0.228883	0.487179	0.881793	9.90099e-09	0.108911	9.90099e-09	1	0.111413	0.211538	0.666667	0.666667	0.666667	1	1	191751	1e+20	3.56926e+16	72.8884	34.5888	63.9425	55.0503	45.4647	54.0634	
100000	-141321	-1245.45	-94535.5	-17060.9	0.264884	1	0.141542	14.13	7.45651	0.0207303	19.9455	0.150799	7334	99	787	-27627	81.0982f	62.1696	4	1	1	0.039604	0.138614	0.029703	9.90099e-09	0	0	0	0	0.836364	0.950752	0.251366	0.481481	0.880109	9.90099e-09	0.108911	9.90099e-09	1	0.119891	0.192453	0.666667	0.666667	0.666667	1	1	191751	1e+20	3.56926e+16	72.8884	34.5888	63.9425	55.0503	81.0982	62.1696	
101000	-142389	-1245.45	-95603.3	-17099.6	0.264145	1	0.152852	13.0846	8.02982	0.0382542	19.9455	0.129672	7363	99	852	-27627	85.9472f	21.9429	4	1	1	0.039604	0.158416	0.029703	9.90099e-09	0	0	0	0	0.836364	0.95664	0.248304	0.529762	0.873641	9.90099e-09	0.108911	9.90099e-09	1	0.162822	0.187793	0.666667	0.666667	0.666667	1	1	191751	1e+20	3.56926e+16	72.8884	34.5888	63.9425	55.0503	85.9472	21.9429	
102000	-143496	-1245.45	-96710.4	-17210.1	0.264145	1	0.152852	13.0846	8.02982	0.0103798	19.9455	0.129672	7446	99	878	-27627	72.9429f	45.5557	4	1	1	0.039604	0.158416	0.029703	9.90099e-09	0	0	0	0	0.818182	0.950135	0.244953	0.491329	0.855795	9.90099e-09	0.108911	9.90099e-09	1	0.149798	0.193694	0.666667	0.666667	0.666667	1	1	191751	1e+20	3.56926e+16	69.3331	2.85796	63.9425	55.0503	72.9429	45.5557	
103000	-140648	-1245.45	-93862.4	-16966.6	0.265017	1	0.142216	14.0631	7.49578	0.014064	19.9455	0.149298	7263	99	791	-27627	69.7143f	69.0681	4	1	1	0.039604	0.158416	0.029703	9.90099e-09	0	0	0	0	0.854545	0.95896	0.248968	0.509202	0.876204	9.90099e-09	0.148515	9.90099e-09	1	0.127923	0.182152	0.666667	0.666667	0.666667	1	1	191751	1e+20	3.56926e+16	65.771	13.0796	63.9425	55.0503	69.7143	69.0681	
104000	-140642	-1245.45	-93856.7	-16988.8	0.273285	1	0.138986	14.39	7.51791	0.0476166	19.9216	0.152318	7276	99	780	-27627	93.2648f	76.9115	4	1	1	0.029703	0.158416	0.029703	9.90099e-09	0	0	0	0	0.9	0.946575	0.212038	0.533742	0.883562	9.90099e-09	0.148515	9.90099e-09	1	0.143836	0.213497	0.666667	0.666667	0.666667	1	1	191751	1e+20	3.56926e+16	65.771	13.0796	63.9425	55.0503	93.2648	76.9115	
105000	-142890	-1245.45	-96104.6	-17241.7	0.273285	1	0.140948	14.1896	7.62405	0.00608686	19.9216	0.148107	7471	99	796	-27627	31.939f	51.1	4	1	1	0.029703	0.158416	0.029703	9.90099e-09	0	0	0	0	0.827273	0.971963	0.231283	0.518519	0.885027	9.90099e-09	0.148515	9.90099e-09	1	0.141711	0.152709	0.666667	0.666667	0.666667	1	1	191751	1e+20	3.56926e+16	65.771	13.0796	63.9425	55.0503	31.939	51.1	
106000	-144503	-1245.45	-97717.1	-17315	0.268921	1	0.146156	13.684	7.68678	0.00501902	19.862	0.141664	7527	99	894	-27627	47.2941f	65.9678	4	1	1	0.029703	0.148515	0.029703	9.90099e-09	0	0	0	0	0.827273	0.95739	0.270053	0.511905	0.867647	9.90099e-09	0.148515	9.90099e-09	1	0.133156	0.181208	0.666667	0.666667	0.666667	1	1	191751	1e+20	3.56926e+16	44.3525	78.7453	63.9425	55.0503	47.2941	65.9678	
107000	-142577	-1245.45	-95792	-17192	0.266097	1	0.143566	13.9308	7.47129	0.0409902	19.862	0.148379	7433	99	804	-27627	50.2262f	97.434	4	1	1	0.029703	0.148515	0.029703	9.90099e-09	0	0	0	0	0.836364	0.969169	0.22953	0.559748	0.879195	9.90099e-09	0.148515	9.90099e-09	1	0.134409	0.206468	0.666667	0.666667	0.666667	1	1	191751	1e+20	3.56926e+16	44.3525	78.7453	63.9425	55.0503	50.2262	97.434	
108000	-142987	-1245.45	-96201.1	-17302.1	0.2639	1	0.13305	15.0319	6.59737	0.00376206	19.6642	0.181315	7515	99	760	-27627	37.1376f	55.6053	4	1	1	0.029703	0.148515	0.029703	9.90099e-09	0	0	0	0	0.827273	0.961282	0.24734	0.454545	0.865333	9.90099e-09	0.148515	9.90099e-09	1	0.125	0.153432	0.666667	0.666667	0.666667	1	1	191751	1e+20	3.56926e+16	18.8796	21.7955	63.9425	55.0503	37.1376	55.6053	
109000	-142563	-1245.45	-95777.2	-17220.8	0.266822	1	0.132607	15.0821	6.6482	0.00387414	19.6642	0.18053	7455	99	782	-27627	46.0652f	36.4835	4	1	1	0.029703	0.148515	0.029703	9.90099e-09	0	0	0	0	0.818182	0.969128	0.268617	0.550633	0.89008	9.90099e-09	0.138614	9.90099e-09	1	0.119303	0.2	0.666667	0.666667	0.666667	1	1	191751	1e+20	3.56926e+16	18.8796	21.7955	63.9425	55.0503	46.0652	36.4835	
110000	-142828	-1245.45	-96042.3	-17225.9	0.267726	1	0.137481	14.5475	6.91589	0.0291608	19.6642	0.16739	7459	99	804	-27627	19.8498f	76.4552	4	1	1	0.049505	0.148515	0.029703	9.90099e-09	0	0	0	0	0.845455	0.970628	0.222667	0.580247	0.895861	9.90099e-09	0.138614	9.90099e-09	1	0.151475	0.214106	0.666667	0.666667	0.666667	1	1	191751	1e+20	3.56926e+16	18.8796	21.7955	63.9425	55.0503	19.8498	76.4552	
111000	-142081	-1245.45	-95295.2	-17141.6	0.268672	1	0.138525	14.4378	7.16467	0.00273612	19.7838	0.16036	7395	99	796	-27627	54.3464f	60.6713	4	1	1	0.049505	0.148515	0.029703	9.90099e-09	0	0	0	0	0.872727	0.954795	0.277778	0.532051	0.893588	9.90099e-09	0.138614	9.90099e-09	1	0.134431	0.180865	0.666667	0.666667	0.666667	1	1	191751	1e+20	3.56926e+16	18.8796	21.7955	63.9425	55.0503	54.3464	60.6713	
112000	-143532	-1245.45	-96746.7	-17392.6	0.268672	1	0.123744	16.1624	6.40018	0.00899376	19.7838	0.200957	7586	99	743	-27627	71.6609f	48.9587	4	1	1	0.049505	0.148515	0.029703	9.90099e-09	0	0	0	0	0.836364	0.974934	0.244386	0.471429	0.910053	9.90099e-09	0.138614	9.90099e-09	1	0.139657	0.193084	0.666667	0.666667	0.666667	1	1	191751	1e+20	3.56926e+16	18.8796	21.7955	58.2115	35.9731	71.6609	48.9587	
113000	-142403	-1245.45	-95617.8	-17248.1	0.272887	1	0.127432	15.6946	6.69435	0.0347796	19.7838	0.186566	7476	99	747	-27627	37.096f	8.26325	4	1	1	0.049505	0.148515	0.029703	9.90099e-09	0	0	0	0	0.836364	0.967871	0.268194	0.467532	0.872483	9.90099e-09	0.138614	9.90099e-09	1	0.128342	0.18595	0.666667	0.666667	0.666667	1	1	191751	1e+20	3.56926e+16	18.8796	21.7955	58.2115	35.9731	37.096	8.26325	
114000	-142601	-1245.45	-95815.4	-17280.9	0.274484	1	0.137773	14.5167	7.12271	0.0469179	19.6761	0.162185	7501	99	751	-27627	98.8383f	63.0056	4	1	1	0.049505	0.148515	0.029703	9.90099e-09	0	0	0	0	0.890909	0.958667	0.263722	0.503226	0.878828	0.009901	0.138614	9.90099e-09	1	0.135819	0.189081	0.666667	0.666667	0.666667	1	1	191751	1e+20	3.56926e+16	10.2535	16.1286	86.8861	78.7121	98.8383	63.0056	
115000	-142674	-1245.45	-95888.2	-17237.4	0.269222	1	0.140253	14.26	7.10575	0.0459572	19.6718	0.159698	7468	99	781	-27627	95.1706f	71.5152	4	1	1	0.049505	0.148515	0.029703	9.90099e-09	0	0	0	0	0.827273	0.962617	0.230975	0.572327	0.879679	0.009901	0.118812	9.90099e-09	1	0.144578	0.183862	0.666667	0.666667	0.666667	1	1	191751	1e+20	3.56926e+16	10.2535	16.1286	86.8861	78.7121	95.1706	71.5152	
116000	-142365	-1245.45	-95579.5	-17198.3	0.271295	1	0.13395	14.931	6.8387	0.0256546	19.6718	0.173742	7438	99	784	-27627	84.9443f	62.8262	4	1	1	0.049505	0.148515	0.029703	9.90099e-09	0	0	0	0	0.836364	0.971963	0.225806	0.553459	0.884409	0.009901	0.118812	9.90099e-09	1	0.140187	0.19821	0.666667	0.666667	0.666667	1	1	191751	1e+20	3.56926e+16	26.4311	60.123	86.8861	78.7121	84.9443	62.8262	
117000	-140305	-1245.45	-93519.5	-16965.5	0.265877	1	0.128387	15.5779	6.78329	0.0256546	19.9415	0.18275	7262	99	760	-27627	84.9443f	62.8262	4	1	1	0.0594059	0.148515	0.029703	9.90099e-09	0	0	0	0	0.863636	0.967123	0.282192	0.519481	0.892517	0.009901	0.118812	9.90099e-09	1	0.110354	0.195767	0.666667	0.666667	0.666667	1	1	191751	1e+20	3.56926e+16	68.6079	81.3605	86.8861	78.7121	84.9443	62.8262	
118000	-144276	-1245.45	-97491	-17395.6	0.270436	1	0.133152	15.0205	7.15566	0.0653701	19.9415	0.167041	7589	99	802	-27627	97.2611f	86.6347	4	1	1	0.0594059	0.148515	0.029703	9.90099e-09	0	0	0	0	0.790909	0.962914	0.247028	0.56875	0.902246	0.009901	0.118812	9.90099e-09	1	0.140026	0.23058	0.666667	0.666667	0.666667	1	1	191751	1e+20	3.56926e+16	96.7888	67.373	86.8861	78.7121	97.2611	86.6347	
119000	-141739	-1245.45	-94954	-17152.4	0.270436	1	0.133152	15.0205	7.15566	0.0058395	19.9415	0.167041	7403	99	752	-27627	39.1031f	63.8717	4	1	1	0.0594059	0.148515	0.029703	9.90099e-09	0	0	0	0	0.854545	0.958108	0.238544	0.449664	0.889488	0.009901	0.118812	9.90099e-09	1	0.124157	0.197917	0.666667	0.666667	0.666667	1	1	191751	1e+20	3.56926e+16	96.7888	67.373	86.8861	78.7121	39.1031	63.8717	
120000	-143491	-1245.45	-96705.4	-17345.7	0.275182	1	0.126944	15.755	6.94177	0.0316974	19.9415	0.180608	7551	99	766	-27627	69.4306f	86.7421	4	1	1	0.0594059	0.148515	0.029703	9.90099e-09	0	0	0	0	0.8	0.96037	0.269841	0.513333	0.888889	0.009901	0.118812	9.90099e-09	1	0.129117	0.20232	0.666667	0.666667	0.666667	1	1	191751	1e+20	3.56926e+16	99.3173	43.6197	86.8861	78.7121	69.4306	86.7421	
121000	-144103	-1245.45	-97317.1	-17486.6	0.271309	1	0.11745	17.0286	6.33219	0.0357251	19.9415	0.214001	7659	99	722	-27627	86.0314f	75.3751	4	1	1	0.0594059	0.148515	0.029703	9.90099e-09	0	0	0	0	0.881818	0.967658	0.270235	0.547297	0.890339	0.009901	0.148515	9.90099e-09	1	0.131854	0.205345	0.666667	0.666667	0.666667	1	1	191751	1e+20	3.56926e+16	99.3173	43.6197	86.8861	78.7121	86.0314	75.3751	
122000	-144152	-1245.45	-97366.3	-17480	0.279506	1	0.117205	17.0641	6.50991	0.0405615	19.9415	0.208593	7655	99	730	-27627	94.3754f	65.3633	4	1	1	0.0594059	0.148515	0.009901	9.90099e-09	0	0	0	0	0.854545	0.976471	0.252288	0.52381	0.895425	0.009901	0.148515	9.90099e-09	1	0.116188	0.19863	0.666667	0.666667	0.666667	1	1	191751	1e+20	3.56926e+16	99.3173	43.6197	86.8861	78.7121	94.3754	65.3633	
123000	-142274	-1245.45	-95488.3	-17192.4	0.273196	1	0.133687	14.9603	6.96031	0.011754	19.7339	0.171042	7433	99	776	-27627	60.1231f	72.9474	4	1	1	0.049505	0.148515	0.009901	9.90099e-09	0	0	0	0	0.872727	0.951743	0.237903	0.540881	0.887399	0.009901	0.148515	9.90099e-09	1	0.12283	0.168766	0.666667	0.666667	0.666667	1	1	191751	1e+20	3.56926e+16	99.3173	43.6197	86.8861	78.7121	60.1231	72.9474	
124000	-143097	-1245.45	-96311.8	-17332.1	0.268727	1	0.133122	15.0238	6.76926	0.0284664	19.6989	0.176616	7540	99	752	-27627	61.4415f	87.7054	4	1	1	0.049505	0.148515	0.009901	9.90099e-09	0	0	0	0	0.918182	0.96817	0.223108	0.526316	0.875332	0.009901	0.148515	9.90099e-09	1	0.128647	0.208895	0.666667	0.666667	0.666667	1	1	191751	1e+20	3.56926e+16	99.3173	43.6197	86.8861	78.7121	61.4415	87.7054	
125000	-140302	-1245.45	-93516.8	-17020.7	0.268727	1	0.124702	16.0383	6.3411	0.028734	19.6989	0.201272	7303	99	726	-27627	72.6137f	82.4159	4	1	1	0.049505	0.168317	0.009901	9.90099e-09	0	0	0	0	0.8	0.960383	0.259563	0.47973	0.897401	0.009901	0.148515	9.90099e-09	1	0.112329	0.223315	0.666667	0.666667	0.666667	1	1	191751	1e+20	3.56926e+16	85.9739	46.1588	86.8861	78.7121	72.6137	82.4159	
126000	-141580	-1245.45	-94794.1	-17164.3	0.265595	1	0.11811	16.9333	5.92552	0.0333406	19.6903	0.227408	7412	99	731	-27627	89.192f	66.5095	4	1	1	0.049505	0.168317	0.009901	9.90099e-09	0	0	0	0	0.881818	0.960864	0.246631	0.550725	0.915094	0.009901	0.0594059	9.90099e-09	1	0.144205	0.208623	0.666667	0.666667	0.666667	1	1	191751	1e+20	3.56926e+16	85.9739	46.1588	86.8861	78.7121	89.192	66.5095	
127000	-141596	-1245.45	-94810.5	-17121.9	0.265595	1	0.125833	15.894	6.31297	0.0482832	19.6903	0.200351	7380	99	762	-27627	93.6234f	77.0138	4	1	1	0.049505	0.168317	0.009901	9.90099e-09	0	0	0	0	0.845455	0.97027	0.259811	0.569536	0.883152	0.009901	0.0594059	9.90099e-09	1	0.132612	0.19657	0.666667	0.666667	0.666667	1	1	191751	1e+20	3.56926e+16	85.9739	46.1588	86.8861	78.7121	93.6234	77.0138	
128000	-141022	-1245.45	-94236.3	-17078.1	0.265595	1	0.13844	14.4467	7.25548	0.0603442	19.9064	0.15845	7347	99	747	-27627	85.1149f	95.5057	4	1	1	0.049505	0.168317	0.009901	9.90099e-09	0	0	0	0	0.881818	0.972826	0.27038	0.528662	0.880435	0.009901	0.0594059	9.90099e-09	1	0.117007	0.182519	0.666667	0.666667	0.666667	1	1	191751	1e+20	3.56926e+16	85.9739	46.1588	86.8861	78.7121	85.1149	95.5057	
129000	-139461	-1245.45	-92675.2	-16911.8	0.259097	1	0.135462	14.7643	6.27148	0.0686184	19.4187	0.187341	7222	99	726	-27627	98.4422f	87.5241	4	1	1	0.049505	0.168317	0.0693069	9.90099e-09	0	0	0	0	0.872727	0.971034	0.256164	0.485507	0.885201	9.90099e-09	0.0594059	9.90099e-09	1	0.131397	0.194879	0.666667	0.666667	0.666667	1	1	191751	1e+20	3.56926e+16	85.9739	46.1588	86.8861	78.7121	98.4422	87.5241	
130000	-137847	-1245.45	-91061.9	-16711.8	0.258782	1	0.129343	15.4628	5.98088	0.044678	19.4187	0.205738	7074	99	723	-27627	97.6904f	62.517	4	1	1	0.0693069	0.168317	0.0693069	9.90099e-09	0	0	0	0	0.881818	0.96181	0.251758	0.527027	0.882436	9.90099e-09	0.0594059	9.90099e-09	1	0.131915	0.210959	0.666667	0.666667	0.666667	1	1	191751	1e+20	3.56926e+16	85.9739	46.1588	86.8861	78.7121	97.6904	62.517	
131000	-135947	-1245.45	-89161.1	-16531.7	0.251835	1	0.12581	15.897	5.83559	0.00970366	19.5664	0.216781	6943	99	682	-27627	32.2548f	64.5897	4	1	1	0.0693069	0.168317	0.0693069	9.90099e-09	0	0	0	0	0.863636	0.972464	0.264748	0.489051	0.884058	9.90099e-09	0.0594059	9.90099e-09	1	0.121212	0.201201	0.666667	0.666667	0.666667	1	1	191751	1e+20	3.56926e+16	85.9739	46.1588	50.3353	74.2558	32.2548	64.5897	
132000	-136533	-1245.45	-89747.3	-16531.3	0.255606	1	0.131043	15.2622	6.35837	0.0501399	19.7146	0.191013	6942	99	729	-27627	19.0928f	92.5903	4	1	1	0.0693069	0.158416	0.0693069	9.90099e-09	0	0	0	0	0.809091	0.959596	0.257925	0.532374	0.893218	9.90099e-09	0.0990099	9.90099e-09	1	0.138129	0.201681	0.666667	0.666667	0.666667	1	1	191751	1e+20	3.56926e+16	85.9739	46.1588	50.3353	74.2558	19.0928	92.5903	
133000	-138543	-1245.45	-91757.2	-16820.5	0.255606	1	0.128355	15.5818	6.22794	0.0348984	19.7146	0.199097	7154	99	703	-27627	60.3269f	92.4508	4	1	1	0.0693069	0.158416	0.0693069	9.90099e-09	0	0	0	0	0.818182	0.973574	0.290098	0.554054	0.882845	9.90099e-09	0.0990099	9.90099e-09	1	0.142458	0.192098	0.666667	0.666667	0.666667	1	1	191751	1e+20	3.56926e+16	85.9739	46.1588	50.3353	74.2558	60.3269	92.4508	
134000	-137228	-1245.45	-90442.8	-16666.4	0.256059	1	0.125776	15.9013	6.11362	0.0208044	19.7146	0.206979	7041	99	697	-27627	16.3281f	46.3222	4	1	1	0.0693069	0.158416	0.029703	9.90099e-09	0	0	0	0	0.845455	0.951841	0.238298	0.514085	0.876596	9.90099e-09	0.0990099	9.90099e-09	1	0.113475	0.173104	0.666667	0.666667	0.666667	1	1	191751	1e+20	3.56926e+16	85.9739	46.1588	50.3353	74.2558	16.3281	46.3222	
135000	-136651	-1245.45	-89865.9	-16611.9	0.256059	1	0.125776	15.9013	6.11362	0.00368405	19.7146	0.206979	7001	99	687	-27627	37.5056f	44.0229	4	1	1	0.0693069	0.158416	0.029703	9.90099e-09	0	0	0	0	0.854545	0.96875	0.287535	0.527778	0.900699	9.90099e-09	0.0990099	9.90099e-09	1	0.143059	0.195965	0.666667	0.666667	0.666667	1	1	191751	1e+20	3.56926e+16	69.0289	3.3983	50.3353	74.2558	37.5056	44.0229	
136000	-137956	-1245.45	-91170.8	-16749.6	0.258782	1	0.13009	15.3739	6.3906	0.0210343	19.7146	0.19144	7102	99	701	-27627	17.0663f	58.6983	4	1	1	0.049505	0.158416	0.029703	9.90099e-09	0	0	0	0	0.872727	0.956461	0.258427	0.503759	0.888732	9.90099e-09	0.0990099	9.90099e-09	1	0.138028	0.191197	0.666667	0.666667	0.666667	1	1	191751	1e+20	3.56926e+16	69.0289	3.3983	50.3353	74.2558	17.0663	58.6983	
137000	-138213	-1245.45	-91427.4	-16681.5	0.253653	1	0.13009	15.3739	6.20811	0.0167816	19.6705	0.197068	7052	99	774	-27627	27.6053f	70.4856	4	1	1	0.049505	0.158416	0.029703	9.90099e-09	0	0	0	0	0.927273	0.958865	0.264873	0.510067	0.883853	9.90099e-09	0.0990099	9.90099e-09	1	0.143059	0.16731	0.666667	0.666667	0.666667	1	1	191751	1e+20	3.56926e+16	69.0289	3.3983	50.3353	74.2558	27.6053	70.4856	
138000	-136861	-1245.45	-90075.8	-16618.4	0.253653	1	0.130708	15.3013	6.23758	0.0071623	19.6705	0.19521	7006	99	701	-27627	56.3839f	68.3313	4	1	1	0.049505	0.158416	0.029703	9.90099e-09	0	0	0	0	0.845455	0.962857	0.254986	0.534722	0.881503	9.90099e-09	0.0990099	9.90099e-09	1	0.123932	0.181946	0.666667	0.666667	0.666667	1	1	191751	1e+20	3.56926e+16	69.0289	3.3983	50.3353	74.2558	56.3839	68.3313	
139000	-138281	-1245.45	-91495.7	-16691.1	0.253653	1	0.135394	14.7717	6.36514	0.0451887	19.597	0.184676	7059	99	774	-27627	6.05713f	73.8652	4	1	1	0.049505	0.118812	0.029703	9.90099e-09	0	0	0	0	0.881818	0.94774	0.28125	0.466667	0.862411	9.90099e-09	0.138614	9.90099e-09	1	0.144476	0.176845	0.666667	0.666667	0.666667	1	1	191751	1e+20	3.56926e+16	69.0289	3.3983	29.3612	63.689	6.05713	73.8652	
140000	-136245	-1245.45	-89459.8	-16519.3	0.25054	1	0.135394	14.7717	6.50662	0.0105614	19.7659	0.180661	6934	99	714	-27627	41.2449f	72.2456	4	1	1	0.049505	0.118812	0.019802	9.90099e-09	0	0	0	0	0.854545	0.945324	0.241727	0.526667	0.892909	9.90099e-09	0.138614	9.90099e-09	1	0.105036	0.22549	0.666667	0.666667	0.666667	1	1	191751	1e+20	3.56926e+16	16.9498	28.6135	29.3612	63.689	41.2449	72.2456	
141000	-134356	-1245.45	-87570.6	-16378.9	0.247205	1	0.128053	15.6185	6.0719	0.00496033	19.7659	0.204694	6833	99	640	-27627	43.2293f	64.6612	4	1	1	0.049505	0.118812	0.019802	9.90099e-09	0	0	0	0	0.890909	0.962209	0.252187	0.530303	0.894356	0.009901	0.138614	9.90099e-09	1	0.127193	0.18626	0.666667	0.666667	0.666667	1	1	191751	1e+20	3.56926e+16	16.9498	28.6135	29.3612	63.689	43.2293	64.6612	
142000	-134844	-1245.45	-88058.3	-16399.9	0.247205	1	0.126945	15.7548	5.79563	0.00291193	19.5796	0.216323	6848	99	673	-27627	38.2837f	53.4648	4	1	1	0.049505	0.118812	0.019802	9.90099e-09	0	0	0	0	0.790909	0.971014	0.298551	0.503448	0.873178	0.009901	0.138614	9.90099e-09	1	0.126087	0.208934	0.666667	0.666667	0.666667	1	1	191751	1e+20	3.56926e+16	16.9498	28.6135	29.3612	63.689	38.2837	53.4648	
143000	-133231	-1245.45	-86445.7	-16206.8	0.246746	1	0.126945	15.7548	5.78486	0.00548962	19.5796	0.216726	6710	99	657	-27627	47.9255f	66.845	4	1	1	0.0693069	0.118812	0.019802	9.90099e-09	0	0	0	0	0.945455	0.956781	0.245902	0.552239	0.871833	0.009901	0.138614	9.90099e-09	1	0.134128	0.175492	0.666667	0.666667	0.666667	1	1	191751	1e+20	3.56926e+16	16.9498	28.6135	29.3612	63.689	47.9255	66.845	
144000	-131498	-1245.45	-84712.7	-16053.7	0.237933	1	0.116764	17.1286	4.91992	0.0117887	19.3752	0.277047	6603	99	604	-27627	32.6148f	68.4591	4	1	1	0.0693069	0.118812	0.019802	9.90099e-09	0	0	0	0	0.872727	0.971299	0.273414	0.448529	0.882175	0.009901	0.138614	9.90099e-09	1	0.0936556	0.16	0.666667	0.666667	0.666667	1	1	191751	1e+20	3.56926e+16	7.96604	94.7441	29.3612	63.689	32.6148	68.4591	
145000	-134547	-1245.45	-87761.8	-16278.6	0.241281	1	0.138788	14.4105	5.63552	0.0229134	19.1299	0.203485	6761	99	732	-27627	14.6225f	46.3879	4	1	1	0.0693069	0.118812	0.019802	9.90099e-09	0	0	0	0	0.809091	0.959941	0.252585	0.54902	0.870015	0.009901	0.148515	9.90099e-09	1	0.119645	0.173497	0.666667	0.666667	0.666667	1	1	191751	1e+20	3.56926e+16	7.96604	94.7441	18.741	58.8475	14.6225	46.3879	
146000	-134104	-1245.45	-87318.3	-16196.1	0.241281	1	0.133965	14.9293	6.16687	0.0111851	19.7395	0.192648	6703	99	745	-27627	28.1567f	61.5828	4	1	1	0.0693069	0.178218	0.019802	9.90099e-09	0	0	0	0	0.881818	0.968657	0.235821	0.517007	0.870343	0.009901	0.148515	9.90099e-09	1	0.156951	0.185235	0.666667	0.666667	0.666667	1	1	191751	1e+20	3.56926e+16	7.96604	94.7441	18.741	58.8475	28.1567	61.5828	
147000	-133766	-1245.45	-86980.5	-16181.9	0.241281	1	0.133141	15.0217	6.41767	0.0398582	19.9679	0.186265	6693	99	718	-27627	3.95935f	40.7477	4	1	1	0.0693069	0.178218	0.0792079	9.90099e-09	0	0	0	0	0.809091	0.952096	0.269865	0.513889	0.88209	0.009901	0.148515	9.90099e-09	1	0.134731	0.185237	0.666667	0.666667	0.666667	1	1	191751	1e+20	3.56926e+16	7.96604	94.7441	28.3937	34.7291	3.95935	40.7477	
148000	-133821	-1245.45	-87036	-16169.1	0.241281	1	0.133118	15.0243	6.41657	0.0654511	19.9679	0.186329	6684	99	738	-27627	0.390427f	15.9595	4	1	1	0.0693069	0.178218	0.0792079	9.90099e-09	0	0	0	0	0.863636	0.965517	0.24431	0.471831	0.865356	0.009901	0.148515	9.90099e-09	1	0.140508	0.172414	0.666667	0.666667	0.666667	1	1	191751	1e+20	3.56926e+16	7.96604	94.7441	28.3937	34.7291	0.390427	15.9595	
149000	-136324	-1245.45	-89538.8	-16464.6	0.243263	1	0.142215	14.0632	6.91137	0.013642	19.9679	0.161924	6893	99	753	-27627	53.1406f	23.0882	4	1	1	0.0693069	0.178218	0.0792079	9.90099e-09	0	0	0	0	0.8	0.967789	0.244868	0.535032	0.876833	0.009901	0.148515	9.90099e-09	1	0.123188	0.218551	0.666667	0.666667	0.666667	1	1	191751	1e+20	3.56926e+16	7.96604	94.7441	28.3937	34.7291	53.1406	23.0882	
150000	-132722	-1245.45	-85936.3	-16122.2	0.245746	1	0.132695	15.0721	6.36934	0.00548708	19.8557	0.188309	6650	99	668	-27627	32.86f	49.8468	4	1	1	0.0594059	0.178218	0.0792079	9.90099e-09	0	0	0	0	0.845455	0.963581	0.251135	0.565517	0.882883	0.009901	0.148515	9.90099e-09	1	0.134441	0.227972	0.666667	0.666667	0.666667	1	1	191751	1e+20	3.56926e+16	16.4755	98.7774	28.3937	34.7291	32.86	49.8468	
151000	-135651	-1245.45	-88865.1	-16464.6	0.245746	1	0.131438	15.2163	6.14623	0.0233534	19.7264	0.197011	6894	99	696	-27627	76.7908f	73.3417	4	1	1	0.0594059	0.178218	0.0792079	9.90099e-09	0	0	0	0	0.854545	0.961039	0.257971	0.554054	0.868876	0.009901	0.148515	9.90099e-09	1	0.117391	0.192463	0.666667	0.666667	0.666667	1	1	191751	1e+20	3.56926e+16	62.6919	92.4251	42.2905	43.1798	76.7908	73.3417	
152000	-135976	-1245.45	-89190.3	-16458.8	0.252362	1	0.136672	14.6336	6.56304	0.00348614	19.7264	0.177434	6890	99	728	-27627	40.4239f	59.4145	4	1	1	0.0594059	0.19802	0.0792079	9.90099e-09	0	0	0	0	0.863636	0.962428	0.267728	0.453947	0.897101	0.009901	0.0990099	9.90099e-09	1	0.117221	0.203187	0.666667	0.666667	0.666667	1	1	191751	1e+20	3.56926e+16	62.6919	92.4251	42.2905	43.1798	40.4239	59.4145	
153000	-137619	-1245.45	-90834	-16628.1	0.252362	1	0.14406	13.8831	6.62881	0.0478522	19.5171	0.166663	7013	99	762	-27627	17.1215f	10.5188	4	1	1	0.0594059	0.19802	0.0792079	0.009901	0	0	0	0	0.854545	0.970043	0.213675	0.480263	0.861626	0.009901	0.0990099	9.90099e-09	1	0.148148	0.155288	0.666667	0.666667	0.666667	1	1	191751	1e+20	3.56926e+16	62.6919	92.4251	42.2905	43.1798	17.1215	10.5188	
154000	-136372	-1245.45	-89586.8	-16505.8	0.253389	1	0.14406	13.8831	6.65578	0.0204759	19.5171	0.165988	6924	99	732	-27627	31.1846f	77.7496	4	1	1	0.0594059	0.19802	0.049505	0.009901	0	0	0	0	0.818182	0.963768	0.249275	0.519737	0.891775	9.90099e-09	0.0990099	9.90099e-09	1	0.128613	0.191257	0.666667	0.666667	0.666667	1	1	191751	1e+20	3.56926e+16	62.6919	92.4251	42.2905	43.1798	31.1846	77.7496	
155000	-138308	-1245.45	-91522.3	-16693.9	0.253389	1	0.135327	14.779	6.25231	0.0386052	19.5171	0.188102	7061	99	776	-27627	12.4523f	23.136	4	1	1	0.0594059	0.19802	0.049505	0.009901	0	0	0	0	0.863636	0.974395	0.282454	0.509677	0.866571	9.90099e-09	0.0990099	9.90099e-09	1	0.13229	0.203632	0.666667	0.666667	0.666667	1	1	191751	1e+20	3.56926e+16	62.6919	92.4251	42.2905	43.1798	12.4523	23.136	
156000	-137289	-1245.45	-90503.3	-16679.4	0.251351	1	0.132706	15.0709	5.9054	0.0219698	19.3739	0.203086	7050	99	697	-27627	79.7759f	32.7874	4	1	1	0.049505	0.19802	0.049505	0.009901	0	0	0	0	0.872727	0.970381	0.250354	0.562044	0.888102	9.90099e-09	0.0990099	9.90099e-09	1	0.127479	0.18595	0.666667	0.666667	0.666667	1	1	191751	1e+20	3.56926e+16	62.6919	92.4251	42.2905	43.1798	79.7759	32.7874	
157000	-135607	-1245.45	-88821.2	-16549.7	0.250642	1	0.121189	16.5032	5.37766	0.00669617	19.3739	0.24421	6956	99	634	-27627	58.8286f	33.5576	4	1	1	0.049505	0.19802	0.049505	0.009901	0	0	0	0	0.818182	0.965665	0.258993	0.468254	0.88412	9.90099e-09	0.0990099	9.90099e-09	1	0.0944206	0.187697	0.666667	0.666667	0.666667	1	1	191751	1e+20	3.56926e+16	62.6919	92.4251	42.2905	43.1798	58.8286	33.5576	
158000	-135040	-1245.45	-88254.8	-16414.1	0.250642	1	0.137377	14.5584	6.09601	0.0546672	19.3739	0.190046	6858	99	685	-27627	5.71091f	82.6082	4	1	1	0.049505	0.19802	0.049505	0.009901	0	0	0	0	0.872727	0.954876	0.20292	0.570423	0.889049	9.90099e-09	0.0990099	9.90099e-09	1	0.109489	0.176471	0.666667	0.666667	0.666667	1	1	191751	1e+20	3.56926e+16	62.6919	92.4251	42.2905	43.1798	5.71091	82.6082	
159000	-137093	-1245.45	-90307.1	-16636.9	0.250642	1	0.145249	13.7694	6.44533	0.0139085	19.3739	0.170005	7019	99	713	-27627	73.2156f	35.803	4	1	1	0.049505	0.19802	0.049505	0.009901	0	0	0	0	0.854545	0.974322	0.225392	0.514085	0.88604	9.90099e-09	0.0990099	9.90099e-09	1	0.10114	0.157514	0.666667	0.666667	0.666667	1	1	191751	1e+20	3.56926e+16	62.6919	92.4251	65.2438	28.3038	73.2156	35.803	
160000	-135608	-1245.45	-88822.2	-16383.4	0.252926	1	0.153088	13.0644	6.85507	0.0195907	19.3739	0.151659	6835	99	754	-27627	73.2574f	27.347	4	1	1	0.049505	0.0990099	0.049505	0.009901	0	0	0	0	0.872727	0.94775	0.249635	0.506757	0.882948	9.90099e-09	0.0990099	9.90099e-09	1	0.143687	0.166667	0.666667	0.666667	0.666667	1	1	191751	1e+20	3.56926e+16	62.6919	92.4251	65.2438	28.3038	73.2574	27.347	
161000	-135486	-1245.45	-88700.3	-16388.8	0.249119	1	0.147768	13.5348	6.51724	0.0154015	19.3739	0.165263	6840	99	741	-27627	47.9716f	21.2003	4	1	1	0.049505	0.0990099	0.009901	9.90099e-09	0	0	0	0	0.845455	0.966667	0.231778	0.525316	0.86754	9.90099e-09	0.0990099	9.90099e-09	1	0.120991	0.184516	0.666667	0.666667	0.666667	1	1	191751	1e+20	3.56926e+16	41.6595	86.3415	65.2438	28.3038	47.9716	21.2003	
162000	-135494	-1245.45	-88708.5	-16297.1	0.249119	1	0.156829	12.7527	7.4633	0.0170643	19.7457	0.135976	6774	99	800	-27627	73.1198f	30.5025	4	1	1	0.049505	0.0990099	0.009901	9.90099e-09	0	0	0	0	0.845455	0.95421	0.258112	0.552795	0.877941	9.90099e-09	0.0990099	9.90099e-09	1	0.120944	0.180225	0.666667	0.666667	0.666667	1	1	191751	1e+20	3.56926e+16	41.6595	86.3415	65.2438	28.3038	73.1198	30.5025	
163000	-137496	-1245.45	-90710.8	-16657	0.249119	1	0.135785	14.7292	6.46184	0.0457738	19.7457	0.18139	7033	99	725	-27627	53.0951f	0.0113841	4	1	1	0.029703	0.0990099	0.009901	9.90099e-09	0	0	0	0	0.836364	0.955966	0.250708	0.45912	0.896307	9.90099e-09	0.0990099	9.90099e-09	1	0.139205	0.188503	0.666667	0.666667	0.666667	1	1	191751	1e+20	3.56926e+16	41.6595	86.3415	65.2438	28.3038	53.0951	0.0113841	
164000	-138835	-1245.45	-92049.3	-16836.3	0.261378	1	0.126621	15.7952	6.32227	0.0416792	19.7457	0.198812	7166	99	720	-27627	78.3159f	11.6626	4	1	1	0.029703	0.0990099	0.009901	9.90099e-09	0	0	0	0	0.863636	0.973464	0.288112	0.5	0.88951	9.90099e-09	0.0792079	9.90099e-09	1	0.131469	0.216066	0.666667	0.666667	0.666667	1	1	191751	1e+20	3.56926e+16	41.6595	86.3415	65.2438	28.3038	78.3159	11.6626	
165000	-141084	-1245.45	-94298.6	-17086	0.271168	1	0.128905	15.5153	6.68577	0.0330974	19.7519	0.18467	7352	99	749	-27627	68.9066f	11.9986	4	1	1	0.029703	0.0990099	0.009901	9.90099e-09	0	0	0	0	0.845455	0.957823	0.243537	0.5	0.876881	9.90099e-09	0.0792079	9.90099e-09	1	0.138965	0.204272	0.666667	0.666667	0.666667	1	1	191751	1e+20	3.56926e+16	65.2912	82.0398	72.4441	24.7977	68.9066	11.9986	
166000	-142097	-1245.45	-95311.1	-17238.7	0.271168	1	0.122207	16.3656	6.33838	0.0218777	19.7519	0.205468	7469	99	724	-27627	63.5432f	18.363	4	1	1	0.029703	0.207921	0.019802	9.90099e-09	0	0	0	0	0.863636	0.978523	0.242991	0.583333	0.903614	9.90099e-09	0.0792079	9.90099e-09	1	0.123159	0.188571	0.666667	0.666667	0.666667	1	1	191751	1e+20	3.56926e+16	65.2912	82.0398	72.4441	24.7977	63.5432	18.363	
167000	-143022	-1245.45	-96236.6	-17362.8	0.270897	1	0.125253	15.9676	6.48987	0.0425308	19.7519	0.195792	7564	99	716	-27627	60.7333f	2.98087	4	1	1	0.029703	0.207921	0.019802	9.90099e-09	0	0	0	0	0.8	0.968296	0.246702	0.547945	0.902246	9.90099e-09	0.0792079	9.90099e-09	1	0.122853	0.207895	0.666667	0.666667	0.666667	1	1	191751	1e+20	3.56926e+16	65.2912	82.0398	72.4441	24.7977	60.7333	2.98087	
168000	-142345	-1245.45	-95559.9	-17285.7	0.270897	1	0.128132	15.6089	6.63902	0.0479149	19.7519	0.187094	7505	99	714	-27627	96.4478f	28.7525	4	1	1	0.029703	0.207921	0.019802	9.90099e-09	0	0	0	0	0.872727	0.966667	0.258621	0.565517	0.889628	9.90099e-09	0.0792079	9.90099e-09	1	0.12367	0.197241	0.666667	0.666667	0.666667	1	1	191751	1e+20	3.56926e+16	65.2912	82.0398	72.4441	24.7977	96.4478	28.7525	
169000	-143017	-1245.45	-96231.3	-17246.6	0.271476	1	0.14103	14.1814	6.75479	0.000370834	19.3571	0.16707	7475	99	812	-27627	48.0251f	50.7156	4	1	1	0.039604	0.207921	0.019802	9.90099e-09	0	0	0	0	0.781818	0.957276	0.244652	0.522013	0.880952	9.90099e-09	0.0792079	9.90099e-09	1	0.125668	0.194884	0.666667	0.666667	0.666667	1	1	191751	1e+20	3.56926e+16	60.6964	90.0709	72.4441	24.7977	48.0251	50.7156	
170000	-143177	-1245.45	-96391.7	-17333.9	0.274268	1	0.140256	14.2597	6.78679	0.0116067	19.3571	0.1672	7542	99	759	-27627	51.5423f	25.0986	4	1	1	0.039604	0.207921	0.019802	9.90099e-09	0	0	0	0	0.836364	0.956349	0.255291	0.481013	0.873016	9.90099e-09	0.0891089	9.90099e-09	1	0.132275	0.163474	0.666667	0.666667	0.666667	1	1	191751	1e+20	3.56926e+16	60.6964	90.0709	72.4441	24.7977	51.5423	25.0986	
171000	-143576	-1245.45	-96790.3	-17269.8	0.266741	1	0.152548	13.1106	7.49124	0.0372911	19.5642	0.139271	7492	99	841	-27627	94.7062f	45.0255	4	1	1	0.039604	0.207921	0.019802	9.90099e-09	0	0	0	0	0.863636	0.943548	0.238544	0.51497	0.861559	9.90099e-09	0.0891089	9.90099e-09	1	0.138441	0.203329	0.666667	0.666667	0.666667	1	1	191751	1e+20	3.56926e+16	24.9599	14.2617	72.4441	24.7977	94.7062	45.0255	
172000	-142561	-1245.45	-95775.8	-17205	0.266741	1	0.149209	13.404	6.86071	0.0114566	19.245	0.155473	7443	99	803	-27627	66.6449f	31.8143	4	1	1	0.039604	0.207921	0.019802	9.90099e-09	0	0	0	0	0.890909	0.96921	0.227151	0.421053	0.871314	9.90099e-09	0.0891089	9.90099e-09	1	0.126174	0.193277	0.666667	0.666667	0.666667	1	1	191751	1e+20	3.56926e+16	60.6964	90.0709	72.4441	24.7977	66.6449	31.8143	
173000	-143000	-1245.45	-96214.9	-17276.8	0.273413	1	0.140188	14.2666	6.63906	0.0163317	19.2682	0.171003	7498	99	785	-27627	27.3899f	30.4219	4	1	1	0.039604	0.188119	0.039604	0.009901	0	0	0	0	0.845455	0.966622	0.223702	0.554839	0.869507	9.90099e-09	0.0891089	9.90099e-09	1	0.124166	0.177358	0.666667	0.666667	0.666667	1	1	191751	1e+20	3.56926e+16	60.6964	90.0709	72.4441	24.7977	27.3899	30.4219	
174000	-142358	-1245.45	-95572.4	-17263.5	0.270931	1	0.137365	14.5597	6.44631	0.0346983	19.2682	0.179735	7488	99	740	-27627	93.1605f	45.7548	4	1	1	0.039604	0.188119	0.039604	0.009901	0	0	0	0	0.818182	0.966443	0.254692	0.464286	0.866935	9.90099e-09	0.0891089	9.90099e-09	1	0.124665	0.184438	0.666667	0.666667	0.666667	1	1	191751	1e+20	3.56926e+16	60.6964	90.0709	72.4441	24.7977	93.1605	45.7548	
175000	-142232	-1245.45	-95446.2	-17322.3	0.270931	1	0.132248	15.1231	6.20618	0.00852647	19.2682	0.193913	7533	99	684	-27627	65.9108f	63.949	4	1	1	0.039604	0.188119	0.039604	0.009901	0	0	0	0	0.872727	0.961436	0.22679	0.589041	0.881491	9.90099e-09	0.0891089	9.90099e-09	1	0.111258	0.174855	0.666667	0.666667	0.666667	1	1	191751	1e+20	3.56926e+16	60.6964	90.0709	72.4441	24.7977	65.9108	63.949	
176000	-143807	-1245.45	-97021.7	-17408.7	0.268126	1	0.132248	15.1231	6.10767	0.0397101	19.2413	0.19704	7598	99	762	-27627	85.3995f	19.8858	4	1	1	0.039604	0.188119	0.039604	0.009901	0	0	0	0	0.854545	0.972259	0.222368	0.578947	0.867454	9.90099e-09	0.0792079	9.90099e-09	1	0.103947	0.181457	0.666667	0.666667	0.666667	1	1	191751	1e+20	3.56926e+16	60.6964	90.0709	60.5295	31.4998	85.3995	19.8858	
177000	-141999	-1245.45	-95213.4	-17137.6	0.268126	1	0.13565	14.7438	6.65219	0.0251983	19.5321	0.176374	7392	99	790	-27627	53.6217f	13.1376	4	1	1	0.039604	0.188119	0.039604	0.009901	0	0	0	0	0.845455	0.963612	0.253711	0.515528	0.844595	9.90099e-09	0.0792079	9.90099e-09	1	0.124324	0.21875	0.666667	0.666667	0.666667	1	1	191751	1e+20	3.56926e+16	60.6964	90.0709	60.5295	31.4998	53.6217	13.1376	
178000	-143438	-1245.45	-96652.2	-17292.7	0.265893	1	0.136148	14.6899	6.83548	0.034345	19.6884	0.171017	7509	99	806	-27627	37.6863f	8.37582	4	1	1	0.039604	0.188119	0.039604	0.009901	0	0	0	0	0.845455	0.958777	0.281709	0.5125	0.88785	9.90099e-09	0.0792079	9.90099e-09	1	0.134309	0.178703	0.666667	0.666667	0.666667	1	1	191751	1e+20	3.56926e+16	60.6964	90.0709	60.5295	31.4998	37.6863	8.37582	
179000	-143463	-1245.45	-96677.9	-17370.2	0.275153	1	0.128741	15.5351	6.68871	0.0278207	19.6884	0.184825	7570	99	756	-27627	62.8099f	13.2756	4	1	1	0.039604	0.168317	0.029703	0.009901	0	0	0	0	0.881818	0.969974	0.236601	0.483871	0.877763	9.90099e-09	0.0792079	9.90099e-09	1	0.118734	0.176933	0.666667	0.666667	0.666667	1	1	191751	1e+20	3.56926e+16	60.6964	90.0709	60.5295	31.4998	62.8099	13.2756	
180000	-142716	-1245.45	-95930.6	-17267	0.27536	1	0.131747	15.1806	6.85003	0.010736	19.6884	0.176355	7490	99	757	-27627	58.5315f	27.6711	4	1	1	0.039604	0.168317	0.029703	0.009901	0	0	0	0	0.8	0.960265	0.294118	0.474026	0.887417	9.90099e-09	0.0792079	9.90099e-09	1	0.132	0.162667	0.666667	0.666667	0.666667	1	1	191751	1e+20	3.56926e+16	60.6964	90.0709	60.5295	31.4998	58.5315	27.6711	
181000	-144755	-1245.45	-97969.6	-17532.6	0.281304	1	0.120333	16.6205	6.39165	0.0159181	19.6884	0.20693	7696	99	748	-27627	56.0535f	78.7155	4	1	1	0.049505	0.168317	0.029703	0.009901	0	0	0	0	0.809091	0.963589	0.242503	0.557823	0.907792	9.90099e-09	0.0792079	9.90099e-09	1	0.12713	0.203209	0.666667	0.666667	0.666667	1	1	191751	1e+20	3.56926e+16	64.8951	85.5524	60.5295	31.4998	56.0535	78.7155	
182000	-146834	-1245.45	-100049	-17736.3	0.284012	1	0.130728	15.299	6.64366	0.0277412	19.4255	0.18325	7857	99	787	-27627	72.3023f	18.2666	4	1	1	0.049505	0.168317	0.029703	0.009901	0	0	0	0	0.881818	0.960459	0.227041	0.52349	0.894133	9.90099e-09	0.0990099	9.90099e-09	1	0.130102	0.172414	0.666667	0.666667	0.666667	1	1	191751	1e+20	3.56926e+16	64.8951	85.5524	60.5295	31.4998	72.3023	18.2666	
183000	-145155	-1245.45	-98369.9	-17534.8	0.279568	1	0.121127	16.5116	6.63309	0.0193978	19.8699	0.198091	7698	99	780	-27627	64.833f	21.2452	4	1	1	0.049505	0.168317	0.029703	0.009901	0	0	0	0	0.890909	0.957143	0.271429	0.540881	0.871429	9.90099e-09	0.0990099	9.90099e-09	1	0.119481	0.196615	0.666667	0.666667	0.666667	1	1	191751	1e+20	3.56926e+16	64.8951	85.5524	60.5295	31.4998	64.833	21.2452	
184000	-144812	-1245.45	-98026.8	-17541.2	0.279568	1	0.123884	16.1441	6.78411	0.00330552	19.8699	0.18937	7703	99	745	-27627	53.6766f	37.7558	4	1	1	0.049505	0.168317	0.029703	0.009901	0	0	0	0	0.818182	0.967363	0.242857	0.513514	0.91395	9.90099e-09	0.0990099	9.90099e-09	1	0.11284	0.21547	0.666667	0.666667	0.666667	1	1	191751	1e+20	3.56926e+16	64.8951	85.5524	60.5295	31.4998	53.6766	37.7558	
185000	-146889	-1245.45	-100104	-17780.8	0.279568	1	0.122401	16.3398	6.70285	0.016323	19.8699	0.193989	7891	99	759	-27627	31.1112f	26.8607	4	1	1	0.049505	0.168317	0.039604	0.009901	0	0	0	0	0.845455	0.96343	0.252196	0.525974	0.868256	9.90099e-09	0.0990099	9.90099e-09	1	0.097867	0.193931	0.666667	0.666667	0.666667	1	1	191751	1e+20	3.56926e+16	78.7277	60.1926	60.5295	31.4998	31.1112	26.8607	
186000	-143163	-1245.45	-96377.4	-17356.4	0.279568	1	0.122642	16.3076	6.45637	0.0458872	19.6749	0.200998	7558	99	726	-27627	27.683f	4.96462	4	1	1	0.049505	0.168317	0.039604	0.009901	0	0	0	0	0.818182	0.965699	0.251979	0.539474	0.887435	9.90099e-09	0.0990099	9.90099e-09	1	0.111111	0.19385	0.666667	0.666667	0.666667	1	1	191751	1e+20	3.56926e+16	45.1478	98.0066	60.5295	31.4998	27.683	4.96462	
187000	-145423	-1245.45	-98637.5	-17638	0.279568	1	0.129911	15.3951	7.06234	0.00731253	19.8336	0.17347	7779	99	726	-27627	60.3664f	33.441	4	1	1	0.049505	0.148515	0.039604	0.009901	0	0	0	0	0.845455	0.970437	0.285897	0.486486	0.875321	9.90099e-09	0.158416	9.90099e-09	1	0.0861183	0.195155	0.666667	0.666667	0.666667	1	1	191751	1e+20	3.56926e+16	45.1478	98.0066	60.5295	31.4998	60.3664	33.441	
188000	-147031	-1245.45	-100245	-17799.1	0.284857	1	0.137	14.5985	7.62607	0.0268499	19.858	0.152335	7907	99	754	-27627	57.4331f	12.5002	4	1	1	0.049505	0.148515	0.039604	0.009901	0	0	0	0	0.881818	0.966963	0.256637	0.52	0.905183	9.90099e-09	0.158416	9.90099e-09	1	0.10493	0.203481	0.666667	0.666667	0.666667	1	1	191751	1e+20	3.56926e+16	45.1478	98.0066	60.5295	31.4998	57.4331	12.5002	
189000	-147399	-1245.45	-100614	-17773.2	0.28214	1	0.138524	14.438	7.63734	0.0083288	19.858	0.150437	7886	99	809	-27627	70.4472f	54.0283	4	1	1	0.049505	0.148515	0.039604	0.009901	0	0	0	0	0.863636	0.958438	0.265997	0.488372	0.897985	9.90099e-09	0.158416	9.90099e-09	1	0.13728	0.211372	0.666667	0.666667	0.666667	1	1	191751	1e+20	3.56926e+16	45.1478	98.0066	60.5295	31.4998	70.4472	54.0283	
190000	-145820	-1245.45	-99034.1	-17633.5	0.277436	1	0.138524	14.438	7.40496	0.0310543	19.7882	0.155158	7775	99	770	-27627	42.9508f	9.375	4	1	1	0.049505	0.148515	0.049505	0.009901	0	0	0	0	0.836364	0.961588	0.274008	0.528302	0.849298	9.90099e-09	0.158416	9.90099e-09	1	0.155527	0.193631	0.666667	0.666667	0.666667	1	1	191751	1e+20	3.56926e+16	15.8529	78.8797	52.6513	33.0317	42.9508	9.375	
191000	-145970	-1245.45	-99184.7	-17691.7	0.279287	1	0.130592	15.3148	7.02755	0.000868692	19.7882	0.17342	7821	99	736	-27627	45.0589f	47.0589	4	1	1	0.049505	0.148515	0.049505	0.009901	0	0	0	0	0.863636	0.965561	0.265306	0.604027	0.900773	9.90099e-09	0.158416	9.90099e-09	1	0.128991	0.181457	0.666667	0.666667	0.666667	1	1	191751	1e+20	3.56926e+16	15.8529	78.8797	52.6513	33.0317	45.0589	47.0589	
192000	-147283	-1245.45	-100498	-17748.3	0.281081	1	0.132437	15.1015	7.17265	0.0464895	19.7882	0.167544	7866	99	811	-27627	83.5614f	12.4676	4	1	1	0.049505	0.148515	0.049505	0.009901	0	0	0	0	0.872727	0.970886	0.287356	0.619632	0.878018	9.90099e-09	0.158416	9.90099e-09	1	0.115629	0.209102	0.666667	0.666667	0.666667	1	1	191751	1e+20	3.56926e+16	15.8529	78.8797	52.6513	33.0317	83.5614	12.4676	
193000	-148727	-1245.45	-101941	-17949	0.286552	1	0.135059	14.8083	7.457	0.0157828	19.7882	0.158028	8027	99	792	-27627	76.6433f	38.4752	4	1	1	0.0990099	0.138614	0.049505	0.009901	0	0	0	0	0.872727	0.962594	0.264925	0.467456	0.879203	9.90099e-09	0.158416	9.90099e-09	1	0.129514	0.179012	0.666667	0.666667	0.666667	1	1	191751	1e+20	3.56926e+16	17.7294	28.8921	52.6513	33.0317	76.6433	38.4752	
194000	-148952	-1245.45	-102166	-17997.7	0.286552	1	0.122976	16.2633	6.78987	0.0401086	19.7882	0.190607	8066	99	771	-27627	4.28001f	61.3889	4	1	1	0.0990099	0.138614	0.049505	0.009901	0	0	0	0	0.836364	0.959108	0.276332	0.483871	0.908302	9.90099e-09	0.0990099	9.90099e-09	1	0.125155	0.192708	0.666667	0.666667	0.666667	1	1	191751	1e+20	3.56926e+16	2.948	70.1119	52.6513	33.0317	4.28001	61.3889	
195000	-150125	-1245.45	-103339	-18201.4	0.297637	1	0.112319	17.8064	6.43422	0.00903236	19.7827	0.220227	8234	99	724	-27627	37.8435f	31.5927	4	1	1	0.0990099	0.138614	0.049505	0.009901	0	0	0	0	0.890909	0.96472	0.265777	0.554795	0.883495	9.90099e-09	0.0990099	9.90099e-09	1	0.125	0.198684	0.666667	0.666667	0.666667	1	1	191751	1e+20	3.56926e+16	2.948	70.1119	52.6513	33.0317	37.8435	31.5927	
196000	-152319	-1245.45	-105533	-18424.5	0.299547	1	0.110708	18.0655	6.56074	0.011607	19.9193	0.219123	8419	99	741	-27627	69.9009f	35.2097	4	1	1	0.0990099	0.138614	0.049505	0.009901	0	0	0	0	0.8	0.97503	0.281807	0.605634	0.896552	9.90099e-09	0.0990099	9.90099e-09	1	0.129454	0.187584	0.666667	0.666667	0.666667	1	1	191751	1e+20	3.56926e+16	2.948	70.1119	52.6513	33.0317	69.9009	35.2097	
197000	-148827	-1245.45	-102041	-18101.8	0.294715	1	0.109095	18.3327	6.36083	0.0368293	19.9193	0.229352	8152	99	677	-27627	78.9379f	15.8519	4	1	1	0.0990099	0.138614	0.019802	0.009901	0	0	0	0	0.809091	0.96319	0.293612	0.560606	0.887654	9.90099e-09	0.0990099	9.90099e-09	1	0.112883	0.178042	0.666667	0.666667	0.666667	1	1	191751	1e+20	3.56926e+16	8.21774	96.8468	52.6513	33.0317	78.9379	15.8519	
198000	-149824	-1245.45	-103038	-17995.5	0.294901	1	0.12957	15.4357	7.55942	0.014489	19.9193	0.16249	8065	99	845	-27627	61.8454f	24.7649	4	1	1	0.0990099	0.138614	0.019802	0.009901	0	0	0	0	0.854545	0.954208	0.284119	0.517241	0.884379	9.90099e-09	0.0990099	9.90099e-09	1	0.133663	0.183453	0.666667	0.666667	0.666667	1	1	191751	1e+20	3.56926e+16	8.21774	96.8468	52.6513	33.0317	61.8454	24.7649	
199000	-149638	-1245.45	-102853	-17985.7	0.294901	1	0.128792	15.529	7.51402	0.00580591	19.9193	0.16446	8057	99	839	-27627	32.3463f	50.0634	4	1	1	0.0594059	0.138614	0.019802	9.90099e-09	0	0	0	0	0.809091	0.965044	0.253102	0.52	0.89	0.009901	0.0990099	9.90099e-09	1	0.148883	0.172374	0.666667	0.666667	0.666667	1	1	191751	1e+20	3.56926e+16	8.21774	96.8468	52.6513	33.0317	32.3463	50.0634	
200000	-152055	-1245.45	-105269	-18241	0.294901	1	0.129834	15.4043	7.43003	0.0479169	19.8234	0.164984	8266	99	861	-27627	74.9808f	5.3531	4	1	1	0.0594059	0.168317	0.019802	9.90099e-09	0	0	0	0	0.872727	0.969916	0.282792	0.546512	0.888755	0.009901	0.0990099	9.90099e-09	1	0.132371	0.193742	0.666667	0.666667	0.666667	1	1	191751	1e+20	3.56926e+16	8.21774	96.8468	52.6513	33.0317	74.9808	5.3531	
201000	-150158	-1245.45	-103372	-18051.7	0.294901	1	0.129332	15.4641	7.39187	0.0123621	19.8171	0.16648	8111	99	838	-27627	63.666f	28.2698	4	1	1	0.0594059	0.168317	0.019802	9.90099e-09	0	0	0	0	0.863636	0.974233	0.259214	0.581395	0.891065	0.009901	0.108911	9.90099e-09	1	0.141626	0.190588	0.666667	0.666667	0.666667	1	1	191751	1e+20	3.56926e+16	49.6423	82.2797	52.6513	33.0317	63.666	28.2698	
202000	-148865	-1245.45	-102080	-18044.4	0.294901	1	0.125769	15.9022	7.18824	0.0454294	19.8171	0.176045	8105	99	731	-27627	97.4559f	64.8567	4	1	1	0.0594059	0.168317	0.019802	9.90099e-09	0	0	0	0	0.854545	0.96925	0.264128	0.592105	0.876238	0.009901	0.108911	9.90099e-09	1	0.109741	0.166667	0.666667	0.666667	0.666667	1	1	191751	1e+20	3.56926e+16	9.90838	45.1556	79.2614	23.9592	97.4559	64.8567	
203000	-148946	-1245.45	-102161	-18026	0.294901	1	0.122538	16.3215	7.00359	0.00788181	19.8171	0.18545	8090	99	749	-27627	62.5565f	34.0467	4	1	1	0.0594059	0.168317	0.019802	9.90099e-09	0	0	0	0	0.845455	0.96925	0.244172	0.568627	0.888617	0.009901	0.108911	9.90099e-09	1	0.129151	0.198151	0.666667	0.666667	0.666667	1	1	191751	1e+20	3.56926e+16	9.90838	45.1556	79.7313	48.3624	62.5565	34.0467	
204000	-148571	-1245.45	-101786	-17968.7	0.294901	1	0.122828	16.2829	7.02016	0.000346865	19.8171	0.184576	8043	99	761	-27627	50.2593f	48.6115	4	1	1	0.0594059	0.168317	0.019802	9.90099e-09	0	0	0	0	0.854545	0.962687	0.277019	0.591195	0.876084	0.009901	0.108911	9.90099e-09	1	0.122981	0.210327	0.666667	0.666667	0.666667	1	1	191751	1e+20	3.56926e+16	9.90838	45.1556	54.7545	47.966	50.2593	48.6115	
205000	-147280	-1245.45	-100494	-17878	0.291326	1	0.123345	16.2147	6.96421	0.0284184	19.8171	0.18528	7970	99	717	-27627	76.4465f	21.0053	4	1	1	0.0594059	0.168317	0.019802	9.90099e-09	0	0	0	0	0.863636	0.958801	0.238155	0.486667	0.898496	0.009901	0.108911	9.90099e-09	1	0.120301	0.203085	0.666667	0.666667	0.666667	1	1	191751	1e+20	3.56926e+16	9.90838	45.1556	54.7545	47.966	76.4465	21.0053	
206000	-148793	-1245.45	-102007	-18061.7	0.291326	1	0.106229	18.8273	5.99782	0.0748456	19.8171	0.249796	8119	99	711	-27627	1.61828f	7.60643	4	1	1	0.0594059	0.108911	0.019802	9.90099e-09	0	0	0	0	0.890909	0.96556	0.258303	0.460993	0.910209	0.009901	0.108911	9.90099e-09	1	0.128079	0.196106	0.666667	0.666667	0.666667	1	1	191751	1e+20	3.56926e+16	9.90838	45.1556	48.31	26.2959	1.61828	7.60643	
207000	-147539	-1245.45	-100754	-17890.3	0.291326	1	0.111442	17.9466	6.21243	0.00606059	19.754	0.229885	7980	99	725	-27627	42.4775f	33.7561	4	1	1	0.019802	0.108911	0.019802	9.90099e-09	0	0	0	0	0.854545	0.95995	0.26817	0.558621	0.894472	0.009901	0.0792079	9.90099e-09	1	0.121402	0.194406	0.666667	0.666667	0.666667	1	1	191751	1e+20	3.56926e+16	9.90838	45.1556	48.31	26.2959	42.4775	33.7561	
208000	-148296	-1245.45	-101511	-18030.3	0.289026	1	0.114191	17.5145	6.31543	0.0331195	19.754	0.220691	8093	99	692	-27627	12.5552f	29.3472	4	1	1	0.019802	0.108911	0.019802	9.90099e-09	0	0	0	0	0.945455	0.957869	0.222914	0.563758	0.89441	0.009901	0.0792079	9.90099e-09	1	0.114815	0.208914	0.666667	0.666667	0.666667	1	1	191751	1e+20	3.56926e+16	9.90838	45.1556	48.31	26.2959	12.5552	29.3472	
209000	-149135	-1245.45	-102350	-18040.2	0.289026	1	0.113463	17.6269	6.27517	0.0168084	19.754	0.223532	8101	99	750	-27627	27.5274f	29.6103	4	1	1	0.019802	0.108911	0.019802	9.90099e-09	0	0	0	0	0.827273	0.96925	0.257985	0.43662	0.901235	0.009901	0.0792079	9.90099e-09	1	0.119311	0.196078	0.666667	0.666667	0.666667	1	1	191751	1e+20	3.56926e+16	0.852139	65.3925	48.31	26.2959	27.5274	29.6103	
210000	-148647	-1245.45	-101862	-18032.1	0.294768	1	0.119576	16.7258	6.6803	0.00433131	19.7068	0.199242	8095	99	720	-27627	55.3184f	36.1788	4	1	1	0.019802	0.108911	0.009901	9.90099e-09	0	0	0	0	0.9	0.961823	0.270037	0.5	0.876847	0.009901	0.0792079	9.90099e-09	1	0.102217	0.211964	0.666667	0.666667	0.666667	1	1	191751	1e+20	3.56926e+16	29.8057	94.778	48.31	26.2959	55.3184	36.1788	
211000	-150837	-1245.45	-104052	-18259.3	0.294768	1	0.115802	17.2709	6.46946	0.0116752	19.7068	0.21244	8281	99	737	-27627	24.8052f	47.8958	4	1	1	0.019802	0.108911	0.009901	9.90099e-09	0	0	0	0	0.8	0.948255	0.240096	0.532051	0.8929	0.009901	0.0792079	9.90099e-09	1	0.121687	0.188654	0.666667	0.666667	0.666667	1	1	191751	1e+20	3.56926e+16	29.8057	94.778	48.31	26.2959	24.8052	47.8958	
212000	-150304	-1245.45	-103518	-18157.9	0.294869	1	0.118095	16.9355	6.59984	0.0239957	19.7068	0.2042	8198	99	766	-27627	61.0592f	15.6487	4	1	1	0.019802	0.108911	0.009901	9.90099e-09	0	0	0	0	0.927273	0.969549	0.26303	0.509804	0.890798	9.90099e-09	0.0792079	9.90099e-09	1	0.12	0.17624	0.666667	0.666667	0.666667	1	1	191751	1e+20	3.56926e+16	29.8057	94.778	48.31	26.2959	61.0592	15.6487	
213000	-151472	-1245.45	-104686	-18243.7	0.298614	1	0.125277	15.9646	7.02125	0.0108617	19.6587	0.180939	8269	99	812	-27627	52.5216f	26.0303	4	1	1	0.019802	0.108911	0.009901	9.90099e-09	0	0	0	0	0.9	0.981818	0.27724	0.582278	0.890909	9.90099e-09	0.0891089	9.90099e-09	1	0.111245	0.173351	0.666667	0.666667	0.666667	1	1	191751	1e+20	3.56926e+16	43.6632	73.5483	48.31	26.2959	52.5216	26.0303	
214000	-150828	-1245.45	-104042	-18195.7	0.295409	1	0.11802	16.9463	6.94253	0.0146795	19.9518	0.194244	8229	99	783	-27627	23.9101f	38.8426	4	1	1	0.0594059	0.108911	0.009901	9.90099e-09	0	0	0	0	0.827273	0.95267	0.255139	0.632258	0.904126	9.90099e-09	0.0891089	9.90099e-09	1	0.131227	0.204188	0.666667	0.666667	0.666667	1	1	191751	1e+20	3.56926e+16	68.8565	99.7364	48.31	26.2959	23.9101	38.8426	
215000	-149881	-1245.45	-103096	-18093.2	0.295501	1	0.125359	15.9541	7.37658	0.0249894	19.9518	0.172111	8145	99	784	-27627	35.032f	16.1655	4	1	1	0.0594059	0.108911	0.009901	9.90099e-09	0	0	0	0	0.890909	0.966993	0.243309	0.467066	0.874847	9.90099e-09	0.0891089	9.90099e-09	1	0.119018	0.197633	0.666667	0.666667	0.666667	1	1	191751	1e+20	3.56926e+16	68.8565	99.7364	48.31	26.2959	35.032	16.1655	
216000	-151208	-1245.45	-104422	-18184.9	0.300633	1	0.125359	15.9541	7.43311	0.0297484	19.9041	0.170802	8220	99	834	-27627	34.3747f	12.7475	4	1	1	0.0594059	0.108911	0.039604	9.90099e-09	0	0	0	0	0.881818	0.964677	0.256098	0.539877	0.865128	9.90099e-09	0.0891089	9.90099e-09	1	0.132442	0.193046	0.666667	0.666667	0.666667	1	1	191751	1e+20	3.56926e+16	34.1244	20.8222	48.31	26.2959	34.3747	12.7475	
217000	-152529	-1245.45	-105743	-18364.6	0.307321	1	0.130097	15.3732	7.8856	0.0140049	19.9041	0.155138	8369	99	807	-27627	53.5589f	22.7733	4	1	1	0.0594059	0.108911	0.039604	9.90099e-09	0	0	0	0	0.872727	0.962963	0.247017	0.521472	0.88411	9.90099e-09	0.0891089	9.90099e-09	1	0.135714	0.172243	0.666667	0.666667	0.666667	1	1	191751	1e+20	3.56926e+16	34.1244	20.8222	48.31	26.2959	53.5589	22.7733	
218000	-153258	-1245.45	-106473	-18479.1	0.307321	1	0.125871	15.8893	7.63359	0.00475864	19.9068	0.165641	8466	99	784	-27627	65.4345f	49.0942	4	1	1	0.0594059	0.108911	0.039604	9.90099e-09	0	0	0	0	0.818182	0.96213	0.240807	0.5125	0.881094	9.90099e-09	0.0891089	9.90099e-09	1	0.136095	0.197704	0.666667	0.666667	0.666667	1	1	191751	1e+20	3.56926e+16	30.6333	79.6584	48.31	26.2959	65.4345	49.0942	
219000	-153920	-1245.45	-107135	-18469.6	0.307321	1	0.129255	15.4733	7.83347	0.0387555	19.9034	0.157188	8458	99	851	-27627	18.3191f	16.337	4	1	1	0.0594059	0.108911	0.039604	9.90099e-09	0	0	0	0	0.872727	0.963139	0.258865	0.567251	0.874704	9.90099e-09	0.0693069	9.90099e-09	1	0.134752	0.185664	0.666667	0.666667	0.666667	1	1	191751	1e+20	3.56926e+16	28.124	64.7413	63.4421	37.9987	18.3191	16.337	
220000	-153044	-1245.45	-106258	-18390.1	0.305144	1	0.124958	16.0053	7.51944	0.0294744	19.9034	0.169383	8391	99	831	-27627	88.4102f	60.9408	4	1	1	0.0693069	0.178218	0.039604	9.90099e-09	0	0	0	0	0.827273	0.965435	0.266985	0.528302	0.911215	9.90099e-09	0.0693069	9.90099e-09	1	0.121573	0.187576	0.666667	0.666667	0.666667	1	1	191751	1e+20	3.56926e+16	28.124	64.7413	75.4513	41.1292	88.4102	60.9408	
221000	-154082	-1245.45	-107296	-18600.2	0.305144	1	0.110316	18.1298	6.6383	0.00710737	19.9034	0.217333	8568	99	758	-27627	58.8634f	32.9	4	1	1	0.0693069	0.178218	0.039604	9.90099e-09	0	0	0	0	0.9	0.95814	0.255814	0.523179	0.900468	9.90099e-09	0.0693069	9.90099e-09	1	0.120187	0.184697	0.666667	0.666667	0.666667	1	1	191751	1e+20	3.56926e+16	28.124	64.7413	75.4513	41.1292	58.8634	32.9	
222000	-150491	-1245.45	-103706	-18227.4	0.295361	1	0.109269	18.3035	6.21715	0.0214547	19.7871	0.234279	8255	99	734	-27627	83.2708f	56.8603	4	1	1	0.0693069	0.178218	0.039604	9.90099e-09	0	0	0	0	0.872727	0.965144	0.26259	0.543624	0.904077	9.90099e-09	0.0693069	9.90099e-09	1	0.121065	0.185379	0.666667	0.666667	0.666667	1	1	191751	1e+20	3.56926e+16	28.124	64.7413	75.4513	41.1292	83.2708	56.8603	
223000	-150204	-1245.45	-103419	-18223.9	0.302706	1	0.109269	18.3035	6.26211	0.0406767	19.7015	0.232597	8252	99	710	-27627	66.2152f	5.74709	4	1	1	0.0693069	0.178218	0.049505	9.90099e-09	0	0	0	0	0.872727	0.961306	0.28	0.583333	0.90799	9.90099e-09	0.0693069	9.90099e-09	1	0.112727	0.198288	0.666667	0.666667	0.666667	1	1	191751	1e+20	3.56926e+16	4.85215	69.1308	75.4513	41.1292	66.2152	5.74709	
224000	-152008	-1245.45	-105222	-18374.5	0.302706	1	0.120365	16.6161	6.72711	0.0366953	19.5783	0.196558	8378	99	753	-27627	52.9716f	94.7498	4	1	1	0.0693069	0.178218	0.049505	9.90099e-09	0	0	0	0	0.818182	0.960432	0.225806	0.486301	0.904762	0.029703	0.0693069	9.90099e-09	1	0.111111	0.183731	0.666667	0.666667	0.666667	1	1	191751	1e+20	3.56926e+16	20.749	78.2674	72.985	72.7619	52.9716	94.7498	
225000	-152387	-1245.45	-105601	-18418.6	0.305895	1	0.115256	17.3527	6.50939	0.0322462	19.5783	0.212137	8415	99	749	-27627	74.3553f	84.0934	4	1	1	0.0693069	0.178218	0.049505	9.90099e-09	0	0	0	0	0.854545	0.963357	0.261538	0.551948	0.866272	0.029703	0.148515	9.90099e-09	1	0.105701	0.197628	0.666667	0.666667	0.666667	1	1	191751	1e+20	3.56926e+16	20.749	78.2674	72.985	72.7619	74.3553	84.0934	
226000	-152706	-1245.45	-105921	-18539.5	0.305895	1	0.115256	17.3527	6.77918	0.000764293	19.778	0.203695	8517	99	688	-27627	44.7551f	50.2742	4	1	1	0.039604	0.178218	0.049505	9.90099e-09	0	0	0	0	0.918182	0.972973	0.233766	0.42446	0.903643	0.029703	0.148515	9.90099e-09	1	0.107438	0.194805	0.666667	0.666667	0.666667	1	1	191751	1e+20	3.56926e+16	20.749	78.2674	72.985	72.7619	44.7551	50.2742	