
# before rand glnL: -63011.130312 alnL: -1337.278456
# ninter: 99
# ncoal: 99
# nhits: 99
# true lbda: 0.001675
# true mu: 0.902638
# true rad: 85.302421
# true sigsq: 100.617391
# true neigh. size: 2.215727
# fst-based estimate of neighborhood size: -nan
# nucleotide diversity: 0.000000
# length of a generation: 2697.43 time units
# clock rate: 1 subst. per time unit
# after rand glnL: -63011.130312 alnL: -1337.278456
# ninter: 99
# ncoal: 99
# nhits: 99
# start lbda: 0.001675
# start mu: 0.902638
# start rad: 19.752685
sample	lnP	alnL	glnL	tlnL	lbda	clock	mu	neigh	sigsq	sigsqobs	rad	rhoe	nInt	nCoal	nHit	rootTime	rootLon	rootLat	tstv	alpha	MeanBr	accLbda	accMu	accRad	accInDelDisk	accInDelHit	accScaleTime	accSPR	accSPRlocal	accPath	accIndelDiskSerial	accIndelHitSerial	accLdskGivenDisk	accDiskGivenLdsk	accDiskAndLdsk	accLdskMulti	accDiskMulti	accMoveDiskUD	accAddRemoveJump	accLdskTipToRoot	tuneLbda	tuneRad	tuneMu	tuneIndelDisk	tuneIndelHit	tuneLdskGivenDisk	tuneIndelDiskSerial	tuneIndelHitSerial	c0	c1	rootc0	rootc1	rootldsk0	rootldsk1	
  1000	-53140.1	-1337.28	-6262.87	-1743.88	0.00470411	1	0.250226	7.99278	0.225177	0.0167521	19.7527	2.82465	273	99	123	-59689.2	35.4963f	84.6836	4	1	1	0	0	0	0	0	0	0	0	0.990909	0.8125	0.243243	0.357798	0.609091	0	0	0	1	0.169643	0.345133	1	1	1	1	1	2.25	17.0859	3.375	73.803	76.7876	5.32573	75.6921	35.4963	84.6836	
  2000	-55106	-1337.28	-8228.76	-2385.23	0.0058388	1	0.212082	9.4303	0.236888	0.0194166	19.7527	3.16791	396	99	144	-59689.2	8.92867f	55.004	4	1	1	0	0	0	0	0	0	0	0	0.945455	0.905172	0.338983	0.533981	0.735043	0	0	0	1	0.152542	0.208633	1	1	1	1	1	5.0625	437.894	38.4434	91.6635	32.1999	5.32573	75.6921	8.92867	55.004	
  3000	-57941.9	-1337.28	-11064.7	-3341.57	0.00997276	1	0.196676	10.169	0.375217	0.0252309	19.7527	2.15668	596	99	147	-59689.2	1.93099f	39.7505	4	1	1	0	0	0	0	0	0	0	0	0.936364	0.888889	0.304348	0.485714	0.669565	0	0	0	1	0.134454	0.167785	1	1	1	1	1	17.0859	431440	194.62	91.6635	32.1999	5.32573	75.6921	1.93099	39.7505	
  4000	-60137.9	-1337.28	-13260.6	-4029.31	0.0118907	1	0.188806	10.5929	0.429474	0.0228677	19.7527	1.96277	749	99	156	-59689.2	53.209f	96.4971	4	1	1	0	0	0	0	0	0	0	0	0.936364	0.933333	0.286667	0.5	0.829932	0	0	0	1	0.13245	0.291139	1	1	1	1	1	86.4976	2.83387e+08	3325.26	91.6635	32.1999	5.32573	75.6921	53.209	96.4971	
  5000	-63393.3	-1337.28	-16516.1	-4970.5	0.0158311	1	0.175305	11.4087	0.530909	0.0224277	19.7527	1.71004	971	99	179	-59689.2	11.7211f	74.0097	4	1	1	0	0	0	0	0	0	0	0	0.945455	0.912371	0.255208	0.445455	0.763441	0	0	0	1	0.163265	0.134409	1	1	1	1	1	291.929	1.8614e+11	287627	91.6635	32.1999	5.32573	75.6921	11.7211	74.0097	
  6000	-64471.8	-1337.28	-17594.5	-5281.03	0.0168724	1	0.175305	11.4087	0.56583	0.0223944	19.7527	1.6045	1047	99	185	-59689.2	21.8443f	85.388	4	1	1	0.227723	0.267327	0	0	0	0	0	0	0.918182	0.961538	0.235849	0.564356	0.830189	0	0	0.0990099	1	0.0943396	0.152632	0.666667	1	1.5	1	1	2216.84	1.61007e+13	8.39666e+07	91.6635	32.1999	5.32573	75.6921	21.8443	85.388	
  7000	-66794.5	-1337.28	-19917.2	-5880.66	0.0196376	1	0.205088	9.75191	0.804378	0.0258559	19.9666	0.96476	1198	99	219	-59689.2	0.684166f	54.9297	4	1	1	0.227723	0.267327	9.90099e-09	0	0	0	0	0	0.9	0.966942	0.279661	0.538462	0.766667	0	0.118812	0.0990099	1	0.183333	0.297561	0.666667	0.666667	1.5	1	1	16834.1	1.80694e+17	2.15197e+09	91.6635	32.1999	5.32573	75.6921	0.684166	54.9297	
  8000	-67330.5	-1337.28	-20453.2	-6059.44	0.0205305	1	0.186914	10.7001	0.747765	0.0286925	19.844	1.13871	1244	99	216	-59689.2	6.83236f	79.9963	4	1	1	0.227723	0.267327	9.90099e-09	0	0	0	0	0	0.9	0.920635	0.185484	0.480769	0.856	0	0.118812	0.0990099	1	0.168	0.261682	0.666667	0.666667	1.5	1	1	56815.1	1e+20	1.88925e+08	91.6635	32.1999	5.32573	75.6921	6.83236	79.9963	
  9000	-68863.8	-1337.28	-21986.5	-6510.67	0.0226343	1	0.189504	10.5539	0.835812	0.0125719	19.844	1.00483	1362	99	214	-59689.2	19.4005f	48.3488	4	1	1	0.227723	0.267327	9.90099e-09	0	0	0	0	0	0.918182	0.912409	0.175182	0.504348	0.846715	0	0.118812	0.0990099	1	0.138686	0.325472	0.666667	0.666667	1.5	1	1	287627	1e+20	1.43465e+09	91.6635	32.1999	5.32573	75.6921	19.4005	48.3488	
 10000	-68948.4	-1337.28	-22071.1	-6559.95	0.0226109	1	0.187146	10.6868	0.819832	0.0167112	19.8155	1.03733	1375	99	204	-59689.2	15.1254f	63.2163	4	1	1	0.227723	0.267327	9.90099e-09	0	0	0	0	0	0.927273	0.927536	0.289855	0.444444	0.862319	0	0.118812	0.0990099	1	0.0942029	0.261538	0.666667	0.666667	1.5	1	1	970740	1e+20	3.73185e+07	67.4334	0.580504	5.32573	75.6921	15.1254	63.2163	
 11000	-69819.6	-1337.28	-22942.3	-6728.87	0.0233841	1	0.183065	10.9251	0.829374	0.00956494	19.8155	1.04825	1420	99	233	-59689.2	28.2817f	60.5098	4	1	1	0.227723	0.267327	9.90099e-09	0	0	0	0	0	0.927273	0.93007	0.243056	0.52459	0.826389	0	0.118812	0.0990099	1	0.111888	0.135246	0.666667	0.666667	1.5	1	1	970740	1e+20	3.73185e+07	67.4334	0.580504	5.32573	75.6921	28.2817	60.5098	
 12000	-70556.7	-1337.28	-23679.5	-6937.98	0.023806	1	0.164713	12.1423	0.759696	0.0199449	19.8155	1.2719	1476	99	232	-59689.2	27.4103f	85.4774	4	1	1	0.168317	0.128713	9.90099e-09	0.009901	0	0	0	0	0.890909	0.939597	0.331081	0.508621	0.818792	0	0.118812	0.0990099	1	0.108108	0.205882	0.666667	0.666667	1.5	1	1	970740	1e+20	3.73185e+07	82.3556	20.2774	5.32573	75.6921	27.4103	85.4774	
 13000	-71450.4	-1337.28	-24573.1	-7184.68	0.023806	1	0.176408	11.3373	0.813638	0.0218637	19.8155	1.10884	1542	99	236	-59689.2	21.2204f	83.9766	4	1	1	0.168317	0.128713	9.90099e-09	0.009901	0	0	0	0	0.909091	0.960526	0.232258	0.471545	0.828947	0	0.108911	0.009901	1	0.103226	0.20332	0.666667	0.666667	1.5	1	1	970740	1e+20	3.73185e+07	82.3556	20.2774	5.32573	75.6921	21.2204	83.9766	
 14000	-73650	-1337.28	-26772.7	-7724.73	0.0287632	1	0.167145	11.9657	0.931443	0.0293246	19.8155	1.02228	1693	99	260	-59689.2	0.981316f	27.1104	4	1	1	0.168317	0.128713	0.019802	0.009901	0	0	0	0	0.863636	0.923077	0.209302	0.47619	0.821839	9.90099e-09	0.108911	0.009901	1	0.0988372	0.161538	0.666667	0.666667	1.5	1	1	970740	1e+20	3.73185e+07	82.3556	20.2774	5.32573	75.6921	0.981316	27.1104	
 15000	-75169.3	-1337.28	-28292	-8109.47	0.030311	1	0.163427	12.2379	0.959733	0.016658	19.8155	1.01472	1802	99	269	-59689.2	14.2543f	60.473	4	1	1	0.168317	0.128713	0.019802	0.009901	0	0	0	0	0.872727	0.927374	0.308989	0.445545	0.882682	9.90099e-09	0.108911	0.009901	1	0.0994475	0.130081	0.666667	0.666667	1.5	1	1	970740	1e+20	3.73185e+07	82.3556	20.2774	5.32573	75.6921	14.2543	60.473	
 16000	-76767.2	-1337.28	-29889.9	-8537.85	0.0337315	1	0.172511	11.5934	1.1274	0.0364357	19.8155	0.818321	1925	99	272	-59689.2	8.50799f	94.0784	4	1	1	0.168317	0.128713	0.019802	0.009901	0	0	0	0	0.827273	0.917098	0.239583	0.518519	0.869792	9.90099e-09	0.108911	0.009901	1	0.160622	0.154982	0.666667	0.666667	1.5	1	1	970740	1e+20	3.73185e+07	82.3556	20.2774	5.32573	75.6921	8.50799	94.0784	
 17000	-77133.5	-1337.28	-30256.2	-8604.48	0.0327297	1	0.168953	11.8376	1.07136	0.0279694	19.8155	0.879262	1945	99	283	-59689.2	0.0628422f	63.9675	4	1	1	0.168317	0.128713	0.019802	0.009901	0	0	0	0	0.9	0.928571	0.246154	0.525862	0.849741	9.90099e-09	0.108911	0.009901	1	0.133333	0.145763	0.666667	0.666667	1.5	1	1	970740	1e+20	3.73185e+07	82.3556	20.2774	5.32573	75.6921	0.0628422	63.9675	
 18000	-77649.4	-1337.28	-30772.1	-8823.47	0.0326482	1	0.168953	11.8376	1.05273	0.0100959	19.741	0.894823	2009	99	258	-59689.2	26.6481f	59.8347	4	1	1	0.0990099	0.108911	0.019802	0.009901	0	0	0	0	0.881818	0.96	0.29703	0.527273	0.862069	9.90099e-09	0.108911	0.009901	1	0.125	0.151079	0.666667	0.666667	1.5	1	1	970740	1e+20	3.73185e+07	82.3556	20.2774	5.32573	75.6921	26.6481	59.8347	
 19000	-79618.5	-1337.28	-32741.2	-9343.04	0.0371377	1	0.168953	11.8376	1.15444	0.0251293	19.5612	0.815986	2164	99	260	-59689.2	13.5229f	81.9862	4	1	1	0.0990099	0.108911	0.019802	0.009901	0	0	0	0	0.909091	0.940367	0.262673	0.561404	0.875576	9.90099e-09	0.108911	9.90099e-09	1	0.119816	0.180147	0.666667	0.666667	1.5	1	1	970740	1e+20	3.73185e+07	82.3556	20.2774	5.32573	75.6921	13.5229	81.9862	
 20000	-81129.6	-1337.28	-34252.3	-9609.98	0.0369247	1	0.159131	12.5682	1.08109	0.0323738	19.5612	0.92513	2245	99	302	-59689.2	4.1524f	82.9672	4	1	1	0.0990099	0.108911	0.019802	0.009901	0	0	0	0	0.918182	0.919283	0.25	0.553719	0.824324	9.90099e-09	0.0990099	9.90099e-09	1	0.121622	0.162069	0.666667	0.666667	1.5	1	1	970740	1e+20	3.73185e+07	82.3556	20.2774	5.32573	75.6921	4.1524	82.9672	
 21000	-81187.7	-1337.28	-34310.4	-9705.04	0.0373143	1	0.172637	11.585	1.18521	0.0247598	19.5612	0.777841	2274	99	277	-59689.2	2.53565f	39.5728	4	1	1	0.0990099	0.108911	0.019802	0.009901	0	0	0	0	0.854545	0.964912	0.200873	0.601695	0.84141	9.90099e-09	0.0990099	9.90099e-09	1	0.105263	0.180272	0.666667	0.666667	1.5	1	1	970740	1e+20	3.73185e+07	82.3556	20.2774	5.32573	75.6921	2.53565	39.5728	
 22000	-83452.5	-1337.28	-36575.2	-10196.4	0.0402426	1	0.155038	12.9	1.08833	0.0211584	19.3022	0.943234	2426	99	309	-59689.2	9.27778f	65.5422	4	1	1	0.0990099	0.108911	0.019802	0.009901	0	0	0	0	0.863636	0.937759	0.27686	0.564516	0.878661	9.90099e-09	0.0990099	9.90099e-09	1	0.129707	0.197987	0.666667	0.666667	1.5	1	1	970740	1e+20	3.73185e+07	82.3556	20.2774	5.32573	75.6921	9.27778	65.5422	
 23000	-84506.1	-1337.28	-37628.9	-10465.1	0.0407247	1	0.172046	11.6248	1.17691	0.0111523	19.1209	0.786014	2510	99	311	-59689.2	45.4703f	77.7079	4	1	1	0.108911	0.108911	0.019802	0.009901	0	0	0	0	0.827273	0.968	0.244	0.559055	0.86747	9.90099e-09	0.0990099	9.90099e-09	1	0.115079	0.163522	0.666667	0.666667	1.5	1	1	970740	1e+20	3.73185e+07	82.3556	20.2774	59.2229	87.6491	45.4703	77.7079	
 24000	-84330.4	-1337.28	-37453.1	-10453.2	0.0403169	1	0.164923	12.1269	1.11689	0.00907095	19.1209	0.864031	2506	99	300	-59689.2	51.4912f	73.734	4	1	1	0.108911	0.0990099	0.019802	0.009901	0	0	0	0	0.754545	0.944	0.215139	0.495868	0.868526	9.90099e-09	0.0990099	9.90099e-09	1	0.132	0.175497	0.666667	0.666667	1.5	1	1	970740	1e+20	3.73185e+07	82.3556	20.2774	59.2229	87.6491	51.4912	73.734	
 25000	-83571.7	-1337.28	-36694.4	-10270.2	0.0403169	1	0.153876	12.9975	1.10565	0.00915131	19.4061	0.935472	2449	99	296	-59689.2	73.9066f	59.8777	4	1	1	0.108911	0.0990099	0.019802	0.009901	0	0	0	0	0.818182	0.946281	0.24898	0.512	0.834711	9.90099e-09	0.0990099	9.90099e-09	1	0.134694	0.203333	0.666667	0.666667	1.5	1	1	970740	1e+20	3.73185e+07	82.3556	20.2774	59.2229	87.6491	73.9066	59.8777	
 26000	-86595.3	-1337.28	-39718	-10863.3	0.0437441	1	0.171092	11.6896	1.40663	0.00915131	19.6655	0.661316	2637	99	356	-59689.2	73.9066f	59.8777	4	1	1	0.108911	0.0990099	0.019802	0.009901	0	0	0	0	0.836364	0.94636	0.239544	0.461538	0.818182	9.90099e-09	0.128713	9.90099e-09	1	0.155303	0.186782	0.666667	0.666667	1.5	1	1	970740	1e+20	3.73185e+07	76.9399	5.80788	59.2229	87.6491	73.9066	59.8777	
 27000	-86385.5	-1337.28	-39508.3	-10877.1	0.0427853	1	0.16842	11.8751	1.35432	0.0235709	19.6655	0.69776	2641	99	333	-59689.2	97.0239f	65.3849	4	1	1	0.108911	0.0990099	0.019802	0.009901	0	0	0	0	0.854545	0.969697	0.239544	0.414063	0.840909	9.90099e-09	0.128713	9.90099e-09	1	0.113636	0.138138	0.666667	0.666667	1.5	1	1	970740	1e+20	3.73185e+07	76.9399	5.80788	84.8343	59.5213	97.0239	65.3849	
 28000	-84069.3	-1337.28	-37192	-10371.8	0.0417475	1	0.158285	12.6354	1.26567	0.0164368	19.7588	0.794434	2481	99	303	-59689.2	79.1718f	75.9127	4	1	1	0.108911	0.0990099	0.039604	0.009901	0	0	0	0	0.845455	0.96	0.278226	0.544554	0.863454	9.90099e-09	0.128713	9.90099e-09	1	0.124498	0.214521	0.666667	0.666667	1.5	1	1	970740	1e+20	3.73185e+07	76.9399	5.80788	84.8343	59.5213	79.1718	75.9127	
 29000	-84448.9	-1337.28	-37571.6	-10448	0.0417475	1	0.160002	12.4999	1.31575	0.0157369	19.8977	0.756	2505	99	310	-59689.2	84.2406f	67.2828	4	1	1	0.0792079	0.0990099	0.039604	0.009901	0	0	0	0	0.890909	0.936508	0.24498	0.535433	0.851406	9.90099e-09	0.128713	9.90099e-09	1	0.115538	0.140065	0.666667	0.666667	1.5	1	1	970740	1e+20	3.73185e+07	76.9399	5.80788	84.8343	59.5213	84.2406	67.2828	
 30000	-84857.6	-1337.28	-37980.3	-10524	0.0421761	1	0.159851	12.5116	1.32801	0.0142744	19.8977	0.749726	2529	99	319	-59689.2	83.0952f	64.2767	4	1	1	0.0792079	0.148515	0.039604	0.009901	0	0	0	0	0.827273	0.952756	0.268775	0.549618	0.83004	9.90099e-09	0.128713	9.90099e-09	1	0.15415	0.163009	0.666667	0.666667	1.5	1	1	970740	1e+20	3.73185e+07	76.9399	5.80788	84.8343	59.5213	83.0952	64.2767	
 31000	-87687	-1337.28	-40809.7	-11154.7	0.0457922	1	0.1685	11.8694	1.30451	0.0222528	19.1519	0.724059	2731	99	351	-59689.2	93.2503f	69.9915	4	1	1	0.0792079	0.148515	0.039604	0.009901	0	0	0	0	0.854545	0.930657	0.238095	0.514851	0.867159	9.90099e-09	0.128713	9.90099e-09	1	0.0912409	0.143695	0.666667	0.666667	1.5	1	1	970740	1e+20	3.73185e+07	76.9399	5.80788	84.8343	59.5213	93.2503	69.9915	
 32000	-87384.1	-1337.28	-40506.8	-11096.1	0.0452349	1	0.16165	12.3724	1.46101	0.00554833	19.9687	0.673892	2712	99	341	-59689.2	60.2063f	38.2828	4	1	1	0.0792079	0.148515	0.039604	0.009901	0	0	0	0	0.827273	0.959559	0.261029	0.50495	0.860294	9.90099e-09	0.128713	9.90099e-09	1	0.150735	0.194767	0.666667	0.666667	1.5	1	1	970740	1e+20	3.73185e+07	85.7584	5.63355	84.8343	59.5213	60.2063	38.2828	
 33000	-90141	-1337.28	-43263.7	-11959.7	0.0500759	1	0.131519	15.2069	1.3159	0.0110255	19.9687	0.919618	2996	99	274	-59689.2	79.5365f	56.6049	4	1	1	0.0792079	0.148515	0.039604	0.009901	0	0	0	0	0.827273	0.936877	0.201987	0.55303	0.89404	9.90099e-09	0.128713	9.90099e-09	1	0.114379	0.171053	0.666667	0.666667	1.5	1	1	970740	1e+20	3.73185e+07	85.7584	5.63355	84.8343	59.5213	79.5365	56.6049	
 34000	-89721	-1337.28	-42843.7	-11758.6	0.0486405	1	0.148612	13.4578	1.4443	0.00650381	19.9687	0.741493	2929	99	309	-59689.2	68.4293f	53.2307	4	1	1	0.0792079	0.148515	0.0693069	0.009901	0	0	0	0	0.863636	0.969283	0.266212	0.571429	0.863481	9.90099e-09	0.118812	9.90099e-09	1	0.122867	0.135922	0.666667	0.666667	1.5	1	1	970740	1e+20	3.73185e+07	85.7584	5.63355	84.8343	59.5213	68.4293	53.2307	
 35000	-92390	-1337.28	-45512.7	-12280.9	0.0523595	1	0.15319	13.0557	1.60262	0.010889	19.9687	0.648277	3104	99	358	-59689.2	80.1765f	46.7318	4	1	1	0.118812	0.148515	0.0693069	0.009901	0	0	0	0	0.918182	0.951923	0.26045	0.554455	0.87987	9.90099e-09	0.118812	9.90099e-09	1	0.0932476	0.168571	0.666667	0.666667	1.5	1	1	970740	1e+20	3.73185e+07	85.7584	5.63355	84.8343	59.5213	80.1765	46.7318	
 36000	-93798.8	-1337.28	-46921.5	-12595.4	0.0534582	1	0.15319	13.0557	1.63625	0.00959406	19.9687	0.634953	3211	99	367	-59689.2	77.2969f	51.7506	4	1	1	0.118812	0.158416	0.0693069	0.009901	0	0	0	0	0.818182	0.934783	0.291925	0.573913	0.88785	9.90099e-09	0.118812	9.90099e-09	1	0.149068	0.190736	0.666667	0.666667	1.5	1	1	970740	1e+20	3.73185e+07	85.7584	5.63355	84.8343	59.5213	77.2969	51.7506	
 37000	-94182	-1337.28	-47304.7	-12659.7	0.0537133	1	0.165206	12.1061	1.49844	0.0260473	19.1461	0.642916	3233	99	374	-59689.2	97.5671f	71.6798	4	1	1	0.118812	0.158416	0.0693069	0.009901	0	0	0	0	0.854545	0.944444	0.241486	0.520661	0.87037	9.90099e-09	0.118812	9.90099e-09	1	0.123457	0.146277	0.666667	0.666667	1.5	1	1	970740	1e+20	3.73185e+07	85.7584	5.63355	84.8343	59.5213	97.5671	71.6798	
 38000	-94112.5	-1337.28	-47235.3	-12668.6	0.0548561	1	0.165206	12.1061	1.53032	0.00532129	19.1461	0.629523	3236	99	366	-59689.2	46.8597f	60.9458	4	1	1	0.118812	0.158416	0.0693069	0.009901	0	0	0	0	0.781818	0.941358	0.258462	0.590909	0.857585	9.90099e-09	0.118812	9.90099e-09	1	0.12963	0.120112	0.666667	0.666667	1.5	1	1	970740	1e+20	3.73185e+07	85.7584	5.63355	84.8343	59.5213	46.8597	60.9458	
 39000	-95585	-1337.28	-48707.7	-12981.7	0.0551685	1	0.165206	12.1061	1.58505	0.0225806	19.2876	0.607785	3344	99	383	-59689.2	38.788f	94.4266	4	1	1	0.118812	0.158416	0.0693069	0.009901	0	0	0	0	0.836364	0.961194	0.202985	0.561404	0.868657	9.90099e-09	0.148515	9.90099e-09	1	0.152239	0.194805	0.666667	0.666667	1.5	1	1	970740	1e+20	3.73185e+07	81.3529	6.40094	46.5134	78.8267	38.788	94.4266	
 40000	-96754.7	-1337.28	-49877.4	-13254.1	0.0568752	1	0.168411	11.8757	1.66579	0.00940384	19.2876	0.567322	3439	99	385	-59689.2	71.4654f	64.8758	4	1	1	0.118812	0.158416	0.039604	0.009901	0	0	0	0	0.854545	0.956647	0.26513	0.491803	0.83908	9.90099e-09	0.148515	9.90099e-09	1	0.0867052	0.184416	0.666667	0.666667	1.5	1	1	970740	1e+20	3.73185e+07	81.3529	6.40094	67.9859	56.7153	71.4654	64.8758	
 41000	-98474.7	-1337.28	-51597.4	-13566.2	0.060145	1	0.165974	12.0501	1.7062	0.0046778	19.2042	0.562015	3549	99	420	-59689.2	54.833f	57.7161	4	1	1	0.128713	0.158416	0.039604	0.009901	0	0	0	0	0.863636	0.955432	0.30663	0.519685	0.847887	9.90099e-09	0.148515	9.90099e-09	1	0.133705	0.168224	0.666667	0.666667	1.5	1	1	970740	1e+20	3.73185e+07	81.3529	6.40094	56.3404	41.6439	54.833	57.7161	
 42000	-101326	-1337.28	-54448.3	-14178.2	0.064365	1	0.157342	12.7111	2.00712	0.00621275	19.9281	0.503966	3768	99	433	-59689.2	63.8922f	59.7894	4	1	1	0.128713	0.158416	0.039604	0.009901	0	0	0	0	0.863636	0.944591	0.231383	0.548872	0.880319	9.90099e-09	0.148515	9.90099e-09	1	0.143236	0.187638	0.666667	0.666667	1.5	1	1	970740	1e+20	3.73185e+07	81.3529	6.40094	56.3404	41.6439	63.8922	59.7894	
 43000	-100743	-1337.28	-53865.8	-14120.3	0.0641427	1	0.156021	12.8188	1.67192	0.0119567	19.095	0.61013	3747	99	408	-59689.2	32.8234f	73.6614	4	1	1	0.128713	0.0693069	0.039604	0.009901	0	0	0	0	0.9	0.930481	0.239362	0.491803	0.877333	9.90099e-09	0.148515	9.90099e-09	1	0.106952	0.160194	0.666667	0.666667	1.5	1	1	970740	1e+20	3.73185e+07	81.3529	6.40094	56.3404	41.6439	32.8234	73.6614	
 44000	-101083	-1337.28	-54205.4	-14196.9	0.0635431	1	0.165112	12.113	1.61476	0.0056581	18.7074	0.596946	3775	99	412	-59689.2	62.7576f	40.2285	4	1	1	0.128713	0.0693069	0.039604	0.009901	0	0	0	0	0.845455	0.962963	0.233422	0.52	0.873684	9.90099e-09	0.148515	9.90099e-09	1	0.108466	0.192399	0.666667	0.666667	1.5	1	1	970740	1e+20	3.73185e+07	81.3529	6.40094	56.3404	41.6439	62.7576	40.2285	
 45000	-101194	-1337.28	-54316.6	-14183	0.0630342	1	0.165112	12.113	1.60182	0.00876807	18.7074	0.601766	3770	99	424	-59689.2	46.4562f	72.4598	4	1	1	0.128713	0.0693069	0.039604	9.90099e-09	0	0	0	0	0.809091	0.952632	0.267905	0.488189	0.89418	9.90099e-09	0.148515	9.90099e-09	1	0.118421	0.184019	0.666667	0.666667	1.5	1	1	970740	1e+20	3.73185e+07	81.3529	6.40094	56.3404	41.6439	46.4562	72.4598	
 46000	-99420.4	-1337.28	-52543.1	-13867.9	0.0630342	1	0.173073	11.5558	1.42454	0.00592097	17.9542	0.645532	3656	99	392	-59689.2	59.168f	35.7197	4	1	1	0.128713	0.0693069	0.039604	9.90099e-09	0	0	0	0	0.845455	0.970027	0.237705	0.565574	0.887978	9.90099e-09	0.0891089	9.90099e-09	1	0.0901639	0.186224	0.666667	0.666667	1.5	1	1	970740	1e+20	3.73185e+07	82.8757	34.3654	56.3404	41.6439	59.168	35.7197	
 47000	-100888	-1337.28	-54010.3	-14114.1	0.0621302	1	0.158937	12.5836	1.70611	0.00897959	19.2561	0.586932	3745	99	428	-59689.2	36.2858f	68.2341	4	1	1	0.0792079	0.0693069	0.108911	9.90099e-09	0	0	0	0	0.9	0.957333	0.261333	0.546875	0.896	9.90099e-09	0.0891089	9.90099e-09	1	0.117333	0.172897	0.666667	0.666667	1.5	1	1	970740	1e+20	3.73185e+07	82.8757	34.3654	56.3404	41.6439	36.2858	68.2341	
 48000	-100757	-1337.28	-53880.1	-14066.8	0.0624967	1	0.162701	12.2925	1.60617	0.0151439	18.8293	0.609031	3728	99	432	-59689.2	49.0852f	12.5226	4	1	1	0.0792079	0.0693069	0.108911	9.90099e-09	0	0	0	0	0.790909	0.95756	0.219839	0.538462	0.875332	9.90099e-09	0.0891089	9.90099e-09	1	0.112601	0.199074	0.666667	0.666667	1.5	1	1	970740	1e+20	3.73185e+07	82.8757	34.3654	56.9812	41.3565	49.0852	12.5226	
 49000	-101940	-1337.28	-55062.5	-14374.6	0.0624967	1	0.162701	12.2925	1.71604	0.0077343	19.1433	0.570038	3839	99	422	-59689.2	53.8319f	70.134	4	1	1	0.0792079	0.0693069	0.108911	9.90099e-09	0	0	0	0	0.827273	0.97644	0.244094	0.444444	0.841146	9.90099e-09	0.0891089	9.90099e-09	1	0.125	0.165877	0.666667	0.666667	1.5	1	1	970740	1e+20	3.73185e+07	82.8757	34.3654	56.9812	41.3565	53.8319	70.134	
 50000	-99867.5	-1337.28	-52990.3	-14002.1	0.0640782	1	0.161168	12.4094	1.41488	0.00565601	18.1711	0.697941	3704	99	380	-59689.2	48.3524f	35.0698	4	1	1	0.0792079	0.0693069	0.108911	9.90099e-09	0	0	0	0	0.890909	0.96206	0.259459	0.469565	0.878378	9.90099e-09	0.0891089	9.90099e-09	1	0.0945946	0.181579	0.666667	0.666667	1.5	1	1	970740	1e+20	3.73185e+07	82.8757	34.3654	46.8842	8.49374	48.3524	35.0698	
 51000	-100301	-1337.28	-53424	-14011.5	0.0613653	1	0.170318	11.7427	1.68789	0.0052016	18.9338	0.553625	3708	99	417	-59689.2	52.606f	36.8209	4	1	1	0.0792079	0.0693069	0.108911	9.90099e-09	0	0	0	0	0.845455	0.959677	0.223118	0.540323	0.833333	9.90099e-09	0.0891089	9.90099e-09	1	0.137466	0.156863	0.666667	0.666667	1.5	1	1	970740	1e+20	3.73185e+07	82.8757	34.3654	46.8842	8.49374	52.606	36.8209	
 52000	-101018	-1337.28	-54140.8	-14131.4	0.061507	1	0.182968	10.9309	1.65604	0.0170386	18.4987	0.525259	3751	99	436	-59689.2	86.3398f	30.3601	4	1	1	0.0990099	0.0693069	0.108911	9.90099e-09	0	0	0	0	0.927273	0.957333	0.213904	0.507937	0.868984	9.90099e-09	0.049505	9.90099e-09	1	0.133333	0.157895	0.666667	0.666667	1.5	1	1	970740	1e+20	3.73185e+07	82.8757	34.3654	46.8842	8.49374	86.3398	30.3601	
 53000	-102687	-1337.28	-55809.4	-14522.7	0.0672811	1	0.179196	11.161	1.77712	0.0298762	18.5064	0.499776	3893	99	431	-59689.2	86.5497f	5.8128	4	1	1	0.0990099	0.0693069	0.128713	0.009901	0	0	0	0	0.845455	0.92268	0.25	0.496241	0.902564	9.90099e-09	0.049505	9.90099e-09	1	0.151282	0.180587	0.666667	0.666667	1.5	1	1	970740	1e+20	3.73185e+07	69.272	4.26977	46.8842	8.49374	86.5497	5.8128	
 54000	-102637	-1337.28	-55760.1	-14397.8	0.0648856	1	0.179196	11.161	2.00743	0.00458545	19.2526	0.442437	3848	99	475	-59689.2	60.0388f	47.3065	4	1	1	0.0990099	0.0693069	0.128713	0.009901	0	0	0	0	0.9	0.896907	0.213368	0.468531	0.89899	9.90099e-09	0.049505	9.90099e-09	1	0.146907	0.188912	0.666667	0.666667	1.5	1	1	970740	1e+20	3.73185e+07	69.272	4.26977	75.5851	24.4306	60.0388	47.3065	
 55000	-106097	-1337.28	-59220.2	-15209.1	0.0685645	1	0.172136	11.6187	2.03768	0.0178334	19.2526	0.453744	4148	99	456	-59689.2	50.42f	8.30297	4	1	1	0.0990099	0.0693069	0.128713	0.009901	0	0	0	0	0.854545	0.958738	0.257831	0.557971	0.86165	9.90099e-09	0.049505	9.90099e-09	1	0.115663	0.139583	0.666667	0.666667	1.5	1	1	970740	1e+20	3.73185e+07	69.272	4.26977	30.4354	27.53	50.42	8.30297	
 56000	-107175	-1337.28	-60297.3	-15376.7	0.0695806	1	0.171496	11.6621	2.00048	0.0200115	19.1115	0.463907	4211	99	491	-59689.2	13.6638f	26.922	4	1	1	0.0990099	0.0693069	0.128713	0.009901	0	0	0	0	0.863636	0.931442	0.275534	0.457746	0.879717	9.90099e-09	0.049505	9.90099e-09	1	0.125296	0.211207	0.666667	0.666667	1.5	1	1	970740	1e+20	3.73185e+07	69.272	4.26977	30.4354	27.53	13.6638	26.922	
 57000	-106551	-1337.28	-59673.5	-15281.3	0.0686871	1	0.163789	12.2109	1.88604	0.0239489	19.1115	0.515211	4175	99	470	-59689.2	18.1136f	84.7017	4	1	1	0.0990099	0.0792079	0.128713	0.009901	0	0	0	0	0.854545	0.935714	0.233333	0.569343	0.87381	9.90099e-09	0.108911	9.90099e-09	1	0.147619	0.156818	0.666667	0.666667	1.5	1	1	970740	1e+20	3.73185e+07	69.272	4.26977	4.48295	59.3888	18.1136	84.7017	
 58000	-107953	-1337.28	-61076.2	-15670.1	0.0708433	1	0.163789	12.2109	1.94525	0.0240143	19.1115	0.49953	4322	99	437	-59689.2	2.96078f	42.5707	4	1	1	0.0990099	0.0792079	0.128713	0.009901	0	0	0	0	0.809091	0.963048	0.218894	0.477273	0.905312	9.90099e-09	0.108911	9.90099e-09	1	0.106236	0.180556	0.666667	0.666667	1.5	1	1	970740	1e+20	3.73185e+07	78.4019	6.62799	4.48295	59.3888	2.96078	42.5707	
 59000	-106827	-1337.28	-59949.9	-15418.7	0.0708433	1	0.163789	12.2109	1.94525	0.0207384	19.1115	0.49953	4227	99	442	-59689.2	13.0766f	72.0165	4	1	1	0.138614	0.0792079	0.128713	0.009901	0	0	0	0	0.890909	0.940758	0.220379	0.519685	0.862233	9.90099e-09	0.108911	9.90099e-09	1	0.114014	0.191589	0.666667	0.666667	1.5	1	1	970740	1e+20	3.73185e+07	78.4019	6.62799	4.48295	59.3888	13.0766	72.0165	
 60000	-106358	-1337.28	-59480.9	-15376.3	0.0708433	1	0.15014	13.3209	1.78314	0.0293063	19.1115	0.594481	4211	99	413	-59689.2	1.79236f	25.3735	4	1	1	0.138614	0.0792079	0.029703	0.009901	0	0	0	0	0.745455	0.941038	0.200946	0.511278	0.865882	9.90099e-09	0.108911	9.90099e-09	1	0.127358	0.186158	0.666667	0.666667	1.5	1	1	970740	1e+20	3.73185e+07	78.4019	6.62799	4.48295	59.3888	1.79236	25.3735	
 61000	-107359	-1337.28	-60481.7	-15514	0.0708433	1	0.148552	13.4633	1.76429	0.0103577	19.1115	0.607257	4263	99	444	-59689.2	25.5864f	58.7358	4	1	1	0.138614	0.0792079	0.029703	0.009901	0	0	0	0	0.754545	0.971765	0.211268	0.540741	0.890187	9.90099e-09	0.108911	9.90099e-09	1	0.117096	0.185682	0.666667	0.666667	1.5	1	1	970740	1e+20	3.73185e+07	78.4019	6.62799	4.48295	59.3888	25.5864	58.7358	
 62000	-105716	-1337.28	-58838.3	-15257.9	0.0681589	1	0.155498	12.8619	1.7768	0.025681	19.1115	0.576045	4166	99	402	-59689.2	8.34927f	76.0996	4	1	1	0.138614	0.0792079	0.029703	9.90099e-09	0	0	0	0	0.854545	0.961722	0.200477	0.492188	0.837709	9.90099e-09	0.108911	9.90099e-09	1	0.088729	0.162162	0.666667	0.666667	1.5	1	1	970740	1e+20	3.73185e+07	78.4019	6.62799	4.48295	59.3888	8.34927	76.0996	
 63000	-104406	-1337.28	-57528.4	-14965.2	0.068544	1	0.15698	12.7404	1.64197	0.0250477	18.6675	0.617459	4057	99	407	-59689.2	9.76249f	76.9051	4	1	1	0.138614	0.108911	0.029703	9.90099e-09	0	0	0	0	0.845455	0.958231	0.264706	0.57377	0.852941	9.90099e-09	0.108911	9.90099e-09	1	0.105911	0.176904	0.666667	0.666667	1.5	1	1	970740	1e+20	3.73185e+07	78.4019	6.62799	4.48295	59.3888	9.76249	76.9051	
 64000	-107906	-1337.28	-61028.9	-15624.9	0.0710862	1	0.15698	12.7404	1.73829	0.0250477	18.7638	0.583247	4305	99	450	-59689.2	9.76249f	76.9051	4	1	1	0.138614	0.108911	0.029703	9.90099e-09	0	0	0	0	0.863636	0.960187	0.245902	0.586957	0.875878	9.90099e-09	0.108911	9.90099e-09	1	0.128505	0.175166	0.666667	0.666667	1.5	1	1	970740	1e+20	3.73185e+07	95.1448	29.1146	4.48295	59.3888	9.76249	76.9051	
 65000	-107510	-1337.28	-60632.2	-15561.5	0.0710862	1	0.15698	12.7404	1.73829	0.0197303	18.7638	0.583247	4281	99	442	-59689.2	22.8558f	81.6338	4	1	1	0.138614	0.108911	0.029703	9.90099e-09	0	0	0	0	0.772727	0.929907	0.211268	0.571429	0.85514	9.90099e-09	0.138614	9.90099e-09	1	0.107477	0.167421	0.666667	0.666667	1.5	1	1	970740	1e+20	3.73185e+07	95.1448	29.1146	27.2351	71.1117	22.8558	81.6338	
 66000	-109393	-1337.28	-62515.6	-15915.8	0.0754984	1	0.156142	12.8088	1.9353	0.0103996	19.0117	0.526686	4416	99	466	-59689.2	24.3808f	54.9893	4	1	1	0.039604	0.108911	0.029703	9.90099e-09	0	0	0	0	0.8	0.959091	0.234091	0.541667	0.891156	0.009901	0.138614	9.90099e-09	1	0.11991	0.179541	0.666667	0.666667	1.5	1	1	970740	1e+20	3.73185e+07	95.1448	29.1146	27.2351	71.1117	24.3808	54.9893	
 67000	-110172	-1337.28	-63294.7	-16091.5	0.0754984	1	0.156696	12.7635	2.0128	0.0166249	19.1822	0.504615	4484	99	466	-59689.2	13.6702f	58.1563	4	1	1	0.039604	0.108911	0.029703	9.90099e-09	0	0	0	0	0.763636	0.949115	0.248889	0.459459	0.889625	0.009901	0.138614	9.90099e-09	1	0.126949	0.180328	0.666667	0.666667	1.5	1	1	970740	1e+20	3.73185e+07	82.9121	14.0274	27.2351	71.1117	13.6702	58.1563	
 68000	-110397	-1337.28	-63519.6	-16161.6	0.0764394	1	0.146621	13.6406	1.88192	0.0272145	19.1192	0.576795	4511	99	453	-59689.2	7.61979f	78.2234	4	1	1	0.039604	0.108911	0.029703	9.90099e-09	0	0	0	0	0.827273	0.946667	0.269488	0.577465	0.890625	0.009901	0.138614	9.90099e-09	1	0.143805	0.193684	0.666667	0.666667	1.5	1	1	970740	1e+20	3.73185e+07	82.9121	14.0274	16.9404	60.0256	7.61979	78.2234	
 69000	-111394	-1337.28	-64517.1	-16344.8	0.0754458	1	0.146621	13.6406	1.85746	0.0287749	19.1192	0.584391	4582	99	466	-59689.2	10.5851f	84.9397	4	1	1	0.039604	0.049505	0.029703	9.90099e-09	0	0	0	0	0.8	0.967177	0.281659	0.541096	0.899563	0.009901	0.138614	9.90099e-09	1	0.104803	0.178862	0.666667	0.666667	1.5	1	1	970740	1e+20	3.73185e+07	82.9121	14.0274	16.9404	60.0256	10.5851	84.9397	
 70000	-114014	-1337.28	-67136.9	-16868.7	0.0791642	1	0.165412	12.091	1.87548	0.0227178	18.3739	0.513027	4788	99	494	-59689.2	4.1474f	48.4257	4	1	1	0.039604	0.049505	0.029703	9.90099e-09	0	0	0	0	0.754545	0.962578	0.254697	0.359223	0.873706	0.009901	0.138614	9.90099e-09	1	0.129436	0.189555	0.666667	0.666667	1.5	1	1	970740	1e+20	3.73185e+07	82.9121	14.0274	16.9404	60.0256	4.1474	48.4257	
 71000	-113832	-1337.28	-66955.1	-16873.7	0.0793071	1	0.165412	12.091	1.90168	0.0197535	18.4294	0.50596	4790	99	474	-59689.2	14.595f	71.9457	4	1	1	0.039604	0.049505	0.029703	0.009901	0	0	0	0	0.836364	0.954262	0.21875	0.457143	0.871102	0.009901	0.138614	9.90099e-09	1	0.08125	0.14557	0.666667	0.666667	1.5	1	1	970740	1e+20	3.73185e+07	82.9121	14.0274	16.9404	60.0256	14.595	71.9457	
 72000	-113864	-1337.28	-66986.9	-16845.8	0.0793071	1	0.165309	12.0986	1.90049	0.0087322	18.4294	0.506593	4779	99	488	-59689.2	50.9731f	72.897	4	1	1	0.039604	0.049505	0.029703	0.009901	0	0	0	0	0.836364	0.966316	0.252101	0.530612	0.886316	0.009901	0.108911	9.90099e-09	1	0.109244	0.184426	0.666667	0.666667	1.5	1	1	970740	1e+20	3.73185e+07	82.9121	14.0274	16.9404	60.0256	50.9731	72.897	
 73000	-114214	-1337.28	-67336.8	-16952.3	0.0793071	1	0.158075	12.6523	1.655	0.0195229	18.0034	0.60836	4821	99	476	-59689.2	20.0895f	78.5662	4	1	1	0.0693069	0.049505	0.0693069	0.009901	0	0	0	0	0.790909	0.970954	0.211618	0.538462	0.881743	0.009901	0.108911	9.90099e-09	1	0.10166	0.195378	0.666667	0.666667	1.5	1	1	970740	1e+20	3.73185e+07	82.9121	14.0274	16.9404	60.0256	20.0895	78.5662	
 74000	-116452	-1337.28	-69574.4	-17450.6	0.0843616	1	0.158075	12.6523	1.72727	0.0102235	17.9178	0.582906	5021	99	463	-59689.2	24.4106f	53.0566	4	1	1	0.0693069	0.049505	0.0693069	0.009901	0	0	0	0	0.827273	0.956	0.264	0.463768	0.876	0.009901	0.108911	9.90099e-09	1	0.0874752	0.161987	0.666667	0.666667	1.5	1	1	970740	1e+20	3.73185e+07	82.9121	14.0274	16.9404	60.0256	24.4106	53.0566	
 75000	-117425	-1337.28	-70547.5	-17569.3	0.0843616	1	0.151291	13.2195	1.82673	0.0191507	18.3707	0.575881	5069	99	496	-59689.2	9.02005f	45.5346	4	1	1	0.0693069	0.049505	0.0693069	0.009901	0	0	0	0	0.818182	0.972387	0.270751	0.527778	0.887574	0.009901	0.108911	9.90099e-09	1	0.0986193	0.203629	0.666667	0.666667	1.5	1	1	970740	1e+20	3.73185e+07	82.9121	14.0274	16.9404	60.0256	9.02005	45.5346	
 76000	-116395	-1337.28	-69517.8	-17401.2	0.0843616	1	0.152036	13.1548	1.83572	0.00838452	18.3707	0.570254	5001	99	478	-59689.2	28.5478f	47.0656	4	1	1	0.0693069	0.0594059	0.0693069	0.009901	0	0	0	0	0.827273	0.966068	0.233533	0.556338	0.885542	0.009901	0.108911	9.90099e-09	1	0.113772	0.179916	0.666667	0.666667	1.5	1	1	970740	1e+20	3.73185e+07	82.9121	14.0274	16.9404	60.0256	28.5478	47.0656	
 77000	-117041	-1337.28	-70163.3	-17574.3	0.0843616	1	0.152036	13.1548	1.64726	0.029154	17.8799	0.635495	5071	99	464	-59689.2	1.24522f	71.038	4	1	1	0.0693069	0.0594059	0.0693069	0.009901	0	0	0	0	0.8	0.952569	0.242604	0.550725	0.893281	0.009901	0.108911	9.90099e-09	1	0.0944882	0.226293	0.666667	0.666667	1.5	1	1	970740	1e+20	3.73185e+07	82.9121	14.0274	16.9404	60.0256	1.24522	71.038	
 78000	-117427	-1337.28	-70549.5	-17621	0.085706	1	0.148216	13.4939	1.53597	0.03397	17.6123	0.699106	5090	99	482	-59689.2	0.580642f	80.5192	4	1	1	0.0693069	0.0594059	0.0693069	0.009901	0	0	0	0	0.854545	0.955078	0.213307	0.458904	0.879447	0.009901	0.0891089	9.90099e-09	1	0.101961	0.206967	0.666667	0.666667	1.5	1	1	970740	1e+20	3.73185e+07	82.9121	14.0274	16.9404	60.0256	0.580642	80.5192	
 79000	-118738	-1337.28	-71861	-17876.5	0.085706	1	0.156891	12.7477	1.58312	0.03397	17.4954	0.640778	5194	99	492	-59689.2	0.580642f	80.5192	4	1	1	0.0693069	0.0594059	0.0693069	0.009901	0	0	0	0	0.836364	0.955598	0.255319	0.593333	0.893411	0.009901	0.0891089	9.90099e-09	1	0.106383	0.195122	0.666667	0.666667	1.5	1	1	970740	1e+20	3.73185e+07	82.9121	14.0274	16.9404	60.0256	0.580642	80.5192	
 80000	-118719	-1337.28	-71841.7	-17817.5	0.085706	1	0.168219	11.8893	1.88336	0.0222085	17.956	0.502356	5170	99	517	-59689.2	15.1607f	78.3433	4	1	1	0.029703	0.0594059	0.0693069	0.009901	0	0	0	0	0.790909	0.965451	0.204633	0.548077	0.855491	0.009901	0.0891089	9.90099e-09	1	0.117761	0.201581	0.666667	0.666667	1.5	1	1	970740	1e+20	3.73185e+07	82.9121	14.0274	16.9404	60.0256	15.1607	78.3433	
 81000	-117095	-1337.28	-70217.7	-17626.2	0.0862988	1	0.1433	13.9567	1.54282	0.0119088	17.7506	0.719878	5092	99	450	-59689.2	26.2657f	66.7403	4	1	1	0.029703	0.0594059	0.0693069	9.90099e-09	0	0	0	0	0.809091	0.954813	0.187867	0.588235	0.887352	0.009901	0.0891089	9.90099e-09	1	0.072407	0.198646	0.666667	0.666667	1.5	1	1	970740	1e+20	3.73185e+07	82.9121	14.0274	16.9404	60.0256	26.2657	66.7403	
 82000	-118391	-1337.28	-71513.8	-17846.7	0.0862148	1	0.156192	12.8047	1.73942	0.0280575	17.9056	0.585809	5182	99	470	-59689.2	0.202629f	64.7765	4	1	1	0.029703	0.0594059	0.0693069	9.90099e-09	0	0	0	0	0.872727	0.963602	0.207692	0.471429	0.903661	0.009901	0.0891089	9.90099e-09	1	0.115607	0.187633	0.666667	0.666667	1.5	1	1	970740	1e+20	3.73185e+07	82.9121	14.0274	16.9404	60.0256	0.202629	64.7765	
 83000	-119452	-1337.28	-72574.5	-17988.1	0.0873738	1	0.158835	12.5917	1.79263	0.0146945	17.9056	0.558961	5240	99	506	-59689.2	35.9913f	81.2992	4	1	1	0.029703	0.128713	0.0693069	9.90099e-09	0	0	0	0	0.836364	0.956274	0.23619	0.567568	0.886973	0.009901	0.0891089	9.90099e-09	1	0.127619	0.198795	0.666667	0.666667	1.5	1	1	970740	1e+20	3.73185e+07	93.1437	23.4909	16.9404	60.0256	35.9913	81.2992	
 84000	-120368	-1337.28	-73490.6	-18290.7	0.0894424	1	0.140552	14.2296	1.82724	0.0145183	18.4417	0.619706	5365	99	461	-59689.2	16.9278f	57.2511	4	1	1	0.029703	0.128713	0.108911	9.90099e-09	0	0	0	0	0.754545	0.962894	0.271375	0.530201	0.912477	0.009901	0.049505	9.90099e-09	1	0.0968343	0.221987	0.666667	0.666667	1.5	1	1	970740	1e+20	3.73185e+07	83.3708	15.1656	16.9404	60.0256	16.9278	57.2511	
 85000	-121482	-1337.28	-74604.4	-18474.1	0.0895707	1	0.14766	13.5446	1.92241	0.0216719	18.4417	0.560674	5441	99	471	-59689.2	5.66027f	44.9524	4	1	1	0.029703	0.128713	0.108911	9.90099e-09	0	0	0	0	0.763636	0.972325	0.255985	0.532847	0.929889	0.009901	0.049505	9.90099e-09	1	0.0770642	0.188679	0.666667	0.666667	1.5	1	1	970740	1e+20	3.73185e+07	83.3708	15.1656	16.9404	60.0256	5.66027	44.9524	
 86000	-123145	-1337.28	-76267.4	-18714.7	0.0916091	1	0.16113	12.4123	2.16423	0.0222952	18.4818	0.456394	5542	99	518	-59689.2	5.46071f	57.5175	4	1	1	0.128713	0.128713	0.108911	9.90099e-09	0	0	0	0	0.818182	0.96036	0.266667	0.625	0.900362	0.009901	0.049505	9.90099e-09	1	0.104505	0.168357	0.666667	0.666667	1.5	1	1	970740	1e+20	3.73185e+07	83.3708	15.1656	16.9404	60.0256	5.46071	57.5175	
 87000	-123089	-1337.28	-76211.9	-18710.1	0.0913854	1	0.16113	12.4123	2.20182	0.0137016	18.5729	0.448602	5540	99	511	-59689.2	28.213f	73.9642	4	1	1	0.128713	0.128713	0.108911	9.90099e-09	0	0	0	0	0.881818	0.956522	0.247292	0.534653	0.884477	0.009901	0.049505	9.90099e-09	1	0.0990991	0.153846	0.666667	0.666667	1.5	1	1	970740	1e+20	3.73185e+07	83.3708	15.1656	39.7736	65.0951	28.213	73.9642	
 88000	-120754	-1337.28	-73876.4	-18240.3	0.090384	1	0.16113	12.4123	2.16594	0.0139426	18.5478	0.456034	5344	99	515	-59689.2	37.8584f	80.7464	4	1	1	0.128713	0.108911	0.108911	9.90099e-09	0	0	0	0	0.8	0.934701	0.20709	0.587156	0.878004	0.009901	0.049505	9.90099e-09	1	0.0845588	0.2	0.666667	0.666667	1.5	1	1	970740	1e+20	3.73185e+07	83.3708	15.1656	39.7736	65.0951	37.8584	80.7464	
 89000	-121960	-1337.28	-75082.2	-18454.2	0.090384	1	0.149166	13.4079	2.00512	0.0107853	18.5478	0.532121	5433	99	526	-59689.2	24.5531f	58.5523	4	1	1	0.128713	0.108911	0.0693069	9.90099e-09	0	0	0	0	0.818182	0.946593	0.225092	0.543689	0.880295	0.009901	0.049505	9.90099e-09	1	0.0791897	0.182	0.666667	0.666667	1.5	1	1	970740	1e+20	3.73185e+07	83.3708	15.1656	11.4478	51.3337	24.5531	58.5523	
 90000	-120304	-1337.28	-73426.4	-18233	0.090384	1	0.149166	13.4079	1.87067	0.016532	18.2287	0.570364	5341	99	475	-59689.2	13.6665f	40.4943	4	1	1	0.128713	0.108911	0.0693069	9.90099e-09	0	0	0	0	0.827273	0.945489	0.224719	0.472603	0.908411	0.009901	0.128713	9.90099e-09	1	0.108411	0.203905	0.666667	0.666667	1.5	1	1	970740	1e+20	3.73185e+07	83.3708	15.1656	11.4478	51.3337	13.6665	40.4943	
 91000	-122267	-1337.28	-75389.3	-18628	0.094653	1	0.150973	13.2474	1.78379	0.0207847	17.7531	0.590984	5505	99	479	-59689.2	6.64772f	48.8839	4	1	1	0.039604	0.108911	0.0693069	9.90099e-09	0	0	0	0	0.754545	0.965517	0.199637	0.465278	0.869565	9.90099e-09	0.128713	9.90099e-09	1	0.107078	0.204593	0.666667	0.666667	1.5	1	1	970740	1e+20	3.73185e+07	83.3708	15.1656	11.4478	51.3337	6.64772	48.8839	
 92000	-124275	-1337.28	-77397.4	-18887.5	0.0949366	1	0.148781	13.4426	1.94515	0.0227372	18.1945	0.549946	5615	99	538	-59689.2	4.14449f	47.4607	4	1	1	0.039604	0.108911	0.0693069	9.90099e-09	0	0	0	0	0.881818	0.946524	0.262032	0.514019	0.882562	9.90099e-09	0.128713	9.90099e-09	1	0.119217	0.148699	0.666667	0.666667	1.5	1	1	970740	1e+20	3.73185e+07	83.3708	15.1656	11.4478	51.3337	4.14449	47.4607	
 93000	-123552	-1337.28	-76674.9	-18837.9	0.0926546	1	0.148781	13.4426	1.98944	0.0225804	18.4088	0.537702	5594	99	498	-59689.2	6.8931f	64.3763	4	1	1	0.039604	0.108911	0.0693069	9.90099e-09	0	0	0	0	0.836364	0.962298	0.256684	0.575472	0.887701	9.90099e-09	0.128713	9.90099e-09	1	0.0928571	0.2249	0.666667	0.666667	1.5	1	1	970740	1e+20	3.73185e+07	83.3708	15.1656	11.4478	51.3337	6.8931	64.3763	
 94000	-120720	-1337.28	-73842.9	-18312.4	0.0904932	1	0.146874	13.6171	1.97066	0.021702	18.5336	0.549875	5374	99	473	-59689.2	5.68211f	44.3128	4	1	1	0.039604	0.0891089	0.0693069	9.90099e-09	0	0	0	0	0.854545	0.944134	0.258364	0.574324	0.901304	9.90099e-09	0.128713	9.90099e-09	1	0.104283	0.185111	0.666667	0.666667	1.5	1	1	970740	1e+20	3.73185e+07	83.3708	15.1656	11.4478	51.3337	5.68211	44.3128	
 95000	-121977	-1337.28	-75099.3	-18538.2	0.0904839	1	0.147346	13.5735	1.97679	0.018321	18.5336	0.546413	5468	99	488	-59689.2	18.051f	24.5423	4	1	1	0.039604	0.0891089	0.0693069	9.90099e-09	0	0	0	0	0.836364	0.950459	0.274223	0.496504	0.894737	9.90099e-09	0.128713	9.90099e-09	1	0.113139	0.194672	0.666667	0.666667	1.5	1	1	970740	1e+20	3.73185e+07	83.3708	15.1656	1.16965	2.09609	18.051	24.5423	
 96000	-122323	-1337.28	-75445.4	-18641.1	0.090947	1	0.147346	13.5735	1.71118	0.0162255	17.8542	0.631227	5511	99	479	-59689.2	21.8692f	24.7366	4	1	1	0.039604	0.0891089	0.108911	9.90099e-09	0	0	0	0	0.881818	0.965517	0.181818	0.574324	0.889493	9.90099e-09	0.0891089	9.90099e-09	1	0.121597	0.180162	0.666667	0.666667	1.5	1	1	970740	1e+20	3.73185e+07	83.3708	15.1656	1.16965	2.09609	21.8692	24.7366	
 97000	-122978	-1337.28	-76101.2	-18692.8	0.0929205	1	0.147346	13.5735	1.74831	0.0170728	17.8542	0.617821	5533	99	508	-59689.2	22.5782f	21.9568	4	1	1	0.039604	0.0891089	0.108911	9.90099e-09	0	0	0	0	0.8	0.963834	0.186257	0.431373	0.891304	9.90099e-09	0.0891089	9.90099e-09	1	0.103261	0.179641	0.666667	0.666667	1.5	1	1	970740	1e+20	3.73185e+07	83.3708	15.1656	1.16965	2.09609	22.5782	21.9568	
 98000	-121761	-1337.28	-74884.1	-18455.2	0.0929205	1	0.135227	14.7899	2.02845	0.0319006	18.9319	0.58022	5433	99	503	-59689.2	4.63817f	15.1982	4	1	1	0.0990099	0.0891089	0.108911	9.90099e-09	0	0	0	0	0.8	0.959633	0.251376	0.619048	0.886447	9.90099e-09	0.0891089	9.90099e-09	1	0.113971	0.17795	0.666667	0.666667	1.5	1	1	970740	1e+20	3.73185e+07	83.3708	15.1656	1.16965	2.09609	4.63817	15.1982	
 99000	-124422	-1337.28	-77545	-18980.3	0.0929205	1	0.135227	14.7899	2.11332	0.0210454	19.1269	0.556918	5654	99	506	-59689.2	6.66508f	43.2854	4	1	1	0.0990099	0.0891089	0.108911	9.90099e-09	0	0	0	0	0.827273	0.971631	0.25	0.438095	0.876761	9.90099e-09	0.0891089	9.90099e-09	1	0.0886525	0.184825	0.666667	0.666667	1.5	1	1	970740	1e+20	3.73185e+07	83.3708	15.1656	21.483	25.9663	6.66508	43.2854	
100000	-123622	-1337.28	-76744.7	-18871	0.0929205	1	0.135227	14.7899	2.11332	0.0160421	19.1269	0.556918	5608	99	486	-59689.2	14.1962f	41.6749	4	1	1	0.0990099	0.039604	0.108911	9.90099e-09	0	0	0	0	0.854545	0.950089	0.240214	0.49505	0.901434	9.90099e-09	0.0891089	9.90099e-09	1	0.105169	0.152174	0.666667	0.666667	1.5	1	1	970740	1e+20	3.73185e+07	83.3708	15.1656	21.483	25.9663	14.1962	41.6749	
101000	-123044	-1337.28	-76166.6	-18785.4	0.0932459	1	0.135227	14.7899	2.12072	0.0132136	19.1269	0.554975	5572	99	474	-59689.2	37.4182f	18.8638	4	1	1	0.0990099	0.039604	0.108911	9.90099e-09	0	0	0	0	0.818182	0.958633	0.235189	0.517483	0.877477	9.90099e-09	0.0891089	9.90099e-09	1	0.104317	0.186296	0.666667	0.666667	1.5	1	1	970740	1e+20	3.73185e+07	83.3708	15.1656	21.483	25.9663	37.4182	18.8638	
102000	-125552	-1337.28	-78675	-19148.4	0.0932459	1	0.139338	14.3536	2.18519	0.00649592	19.1269	0.52271	5725	99	529	-59689.2	34.075f	47.8834	4	1	1	0.0990099	0.039604	0.108911	9.90099e-09	0	0	0	0	0.854545	0.951389	0.271304	0.554054	0.893543	0.009901	0.148515	9.90099e-09	1	0.117544	0.194707	0.666667	0.666667	1.5	1	1	970740	1e+20	3.73185e+07	92.9327	13.1516	32.8221	54.3767	34.075	47.8834	
103000	-123835	-1337.28	-76957.4	-18828.5	0.0947952	1	0.141728	14.1115	2.03185	0.00799795	18.6256	0.552679	5590	99	526	-59689.2	29.4951f	49.4019	4	1	1	0.0990099	0.039604	0.0594059	9.90099e-09	0	0	0	0	0.8	0.953654	0.195341	0.575342	0.903399	0.009901	0.148515	9.90099e-09	1	0.0805009	0.182524	0.666667	0.666667	1.5	1	1	970740	1e+20	3.73185e+07	92.9327	13.1516	32.8221	54.3767	29.4951	49.4019	
104000	-123401	-1337.28	-76523.3	-18819.1	0.0947952	1	0.135896	14.7171	1.94823	0.0232325	18.6256	0.601136	5586	99	486	-59689.2	20.1384f	12.6734	4	1	1	0.0990099	0.039604	0.0594059	9.90099e-09	0	0	0	0	0.781818	0.944643	0.254448	0.53271	0.907473	0.009901	0.148515	9.90099e-09	1	0.1	0.164461	0.666667	0.666667	1.5	1	1	970740	1e+20	3.73185e+07	92.9327	13.1516	4.74314	6.75753	20.1384	12.6734	
105000	-124956	-1337.28	-78078.4	-19005.4	0.0940441	1	0.145232	13.7711	2.04509	0.0259823	18.5792	0.535853	5665	99	543	-59689.2	1.81613f	36.2	4	1	1	0.019802	0.039604	0.0594059	9.90099e-09	0	0	0	0	0.745455	0.952465	0.248239	0.407407	0.857394	0.009901	0.148515	9.90099e-09	1	0.114638	0.186916	0.666667	0.666667	1.5	1	1	970740	1e+20	3.73185e+07	92.9327	13.1516	4.74314	6.75753	1.81613	36.2	
106000	-126413	-1337.28	-79535.9	-19312.9	0.0955343	1	0.143517	13.9357	2.09584	0.0202073	18.6755	0.529126	5796	99	540	-59689.2	27.8862f	11.7964	4	1	1	0.019802	0.049505	0.0594059	9.90099e-09	0	0	0	0	0.745455	0.977702	0.240838	0.495327	0.869191	0.009901	0.148515	9.90099e-09	1	0.132759	0.170642	0.666667	0.666667	1.5	1	1	970740	1e+20	3.73185e+07	92.9327	13.1516	22.0184	15.0288	27.8862	11.7964	
107000	-128669	-1337.28	-81792.2	-19753.9	0.0979234	1	0.143517	13.9357	2.19297	0.01574	18.7719	0.50569	5986	99	540	-59689.2	35.8584f	14.8904	4	1	1	0.019802	0.049505	0.0594059	9.90099e-09	0	0	0	0	0.827273	0.953177	0.268007	0.627273	0.901667	0.009901	0.148515	9.90099e-09	1	0.100167	0.16141	0.666667	0.666667	1.5	1	1	970740	1e+20	3.73185e+07	92.9327	13.1516	22.0184	15.0288	35.8584	14.8904	
108000	-127166	-1337.28	-80288.6	-19554	0.0979234	1	0.143517	13.9357	1.91196	0.00964254	18.1393	0.580016	5900	99	505	-59689.2	25.5392f	51.6293	4	1	1	0.019802	0.049505	0.0792079	9.90099e-09	0	0	0	0	0.763636	0.966273	0.206081	0.485981	0.9	0.009901	0.108911	9.90099e-09	1	0.0846024	0.190855	0.666667	0.666667	1.5	1	1	970740	1e+20	3.73185e+07	55.0975	10.4817	22.0184	15.0288	25.5392	51.6293	
109000	-125817	-1337.28	-78940.1	-19316	0.0993736	1	0.133585	14.9718	1.806	0.00964254	18.1393	0.659698	5797	99	486	-59689.2	25.5392f	51.6293	4	1	1	0.019802	0.049505	0.0792079	9.90099e-09	0	0	0	0	0.754545	0.970486	0.226252	0.495238	0.898276	0.009901	0.108911	9.90099e-09	1	0.106897	0.208835	0.666667	0.666667	1.5	1	1	970740	1e+20	3.73185e+07	92.9327	13.1516	22.0184	15.0288	25.5392	51.6293	
110000	-128474	-1337.28	-81596.7	-19817.1	0.0993736	1	0.12063	16.5796	2.26276	0.00902784	19.6868	0.583075	6014	99	495	-59689.2	37.6427f	28.6325	4	1	1	0.019802	0.049505	0.0792079	9.90099e-09	0	0	0	0	0.772727	0.980033	0.238806	0.5625	0.913621	0.009901	0.108911	9.90099e-09	1	0.0945274	0.166324	0.666667	0.666667	1.5	1	1	970740	1e+20	3.73185e+07	92.9327	13.1516	22.0184	15.0288	37.6427	28.6325	
111000	-128497	-1337.28	-81619.7	-19807.8	0.0993736	1	0.110156	18.1561	2.02486	0.0110699	19.5874	0.713542	6010	99	502	-59689.2	29.0224f	30.4056	4	1	1	0.019802	0.049505	0.0792079	9.90099e-09	0	0	0	0	0.863636	0.97	0.260797	0.460784	0.906667	0.009901	0.108911	9.90099e-09	1	0.101329	0.178054	0.666667	0.666667	1.5	1	1	970740	1e+20	3.73185e+07	92.9327	13.1516	22.0184	15.0288	29.0224	30.4056	
112000	-128652	-1337.28	-81775.2	-19814.2	0.10086	1	0.122592	16.3143	2.07954	0.0120969	19.1269	0.624296	6013	99	511	-59689.2	32.2796f	24.4237	4	1	1	0.0891089	0.0792079	0.0792079	9.90099e-09	0	0	0	0	0.745455	0.973154	0.25624	0.615894	0.892617	0.009901	0.108911	9.90099e-09	1	0.0915141	0.172	0.666667	0.666667	1.5	1	1	970740	1e+20	3.73185e+07	92.9327	13.1516	22.0184	15.0288	32.2796	24.4237	
113000	-130028	-1337.28	-83150.7	-20021.6	0.104499	1	0.128051	15.6187	2.25053	0.023085	19.1269	0.552271	6103	99	540	-59689.2	43.9769f	1.79883	4	1	1	0.0891089	0.0792079	0.0792079	9.90099e-09	0	0	0	0	0.736364	0.962541	0.229402	0.623853	0.877023	0.009901	0.108911	9.90099e-09	1	0.0875203	0.153005	0.666667	0.666667	1.5	1	1	970740	1e+20	3.73185e+07	92.9327	13.1516	22.0184	15.0288	43.9769	1.79883	
114000	-132983	-1337.28	-86105.4	-20603.7	0.105048	1	0.128051	15.6187	2.26234	0.00758258	19.1269	0.549387	6361	99	541	-59689.2	48.3048f	28.4161	4	1	1	0.0891089	0.0792079	0.0792079	9.90099e-09	0	0	0	0	0.781818	0.962382	0.270736	0.623853	0.902821	0.009901	0.108911	9.90099e-09	1	0.11146	0.177331	0.666667	0.666667	1.5	1	1	970740	1e+20	3.73185e+07	92.9327	13.1516	22.0184	15.0288	48.3048	28.4161	
115000	-130765	-1337.28	-83888.1	-20245.2	0.10315	1	0.128051	15.6187	2.22147	0.013777	19.1269	0.559495	6202	99	504	-59689.2	28.7451f	23.3809	4	1	1	0.0891089	0.0792079	0.0594059	9.90099e-09	0	0	0	0	0.745455	0.972447	0.252427	0.516779	0.89533	9.90099e-09	0.108911	9.90099e-09	1	0.105348	0.170635	0.666667	0.666667	1.5	1	1	970740	1e+20	3.73185e+07	92.9327	13.1516	40.3115	30.0474	28.7451	23.3809	
116000	-129916	-1337.28	-83038.7	-20022.6	0.10315	1	0.128051	15.6187	2.22147	0.0200124	19.1269	0.559495	6104	99	532	-59689.2	10.6012f	33.2977	4	1	1	0.0891089	0.0792079	0.0594059	9.90099e-09	0	0	0	0	0.836364	0.968801	0.258649	0.542056	0.88707	9.90099e-09	0.108911	9.90099e-09	1	0.0853859	0.183044	0.666667	0.666667	1.5	1	1	970740	1e+20	3.73185e+07	92.9327	13.1516	40.3115	30.0474	10.6012	33.2977	
117000	-128946	-1337.28	-82068.8	-19854.5	0.10315	1	0.126575	15.8009	2.58792	0.00561226	19.9288	0.485869	6030	99	517	-59689.2	42.1842f	59.6001	4	1	1	0.0693069	0.0792079	0.0594059	9.90099e-09	0	0	0	0	0.836364	0.950083	0.286899	0.480769	0.898839	9.90099e-09	0.108911	9.90099e-09	1	0.0915141	0.143137	0.666667	0.666667	1.5	1	1	970740	1e+20	3.73185e+07	92.9327	13.1516	40.3115	30.0474	42.1842	59.6001	
118000	-129708	-1337.28	-82830.3	-19885.5	0.10038	1	0.126575	15.8009	2.51843	0.0207113	19.9288	0.499277	6044	99	564	-59689.2	8.99895f	34.984	4	1	1	0.0693069	0.0693069	0.0594059	9.90099e-09	0	0	0	0	0.754545	0.963394	0.27529	0.486486	0.900826	9.90099e-09	0.108911	9.90099e-09	1	0.0948419	0.148936	0.666667	0.666667	1.5	1	1	970740	1e+20	3.73185e+07	92.9327	13.1516	40.3115	30.0474	8.99895	34.984	
119000	-128872	-1337.28	-81994.4	-19703.9	0.10038	1	0.131741	15.1813	2.6212	0.00400399	19.9288	0.460893	5965	99	571	-59689.2	50.0509f	46.8422	4	1	1	0.0693069	0.0693069	0.0594059	9.90099e-09	0	0	0	0	0.772727	0.954622	0.26936	0.517857	0.895973	9.90099e-09	0.108911	9.90099e-09	1	0.119328	0.18638	0.666667	0.666667	1.5	1	1	970740	1e+20	3.73185e+07	92.9327	13.1516	47.1043	44.2167	50.0509	46.8422	
120000	-127649	-1337.28	-80771.2	-19447.1	0.0981023	1	0.1297	15.4202	2.52204	0.0063803	19.9288	0.486553	5854	99	583	-59689.2	63.3241f	36.7512	4	1	1	0.0693069	0.0693069	0.0594059	9.90099e-09	0	0	0	0	0.790909	0.969125	0.304498	0.473214	0.888889	9.90099e-09	0.108911	9.90099e-09	1	0.107266	0.157324	0.666667	0.666667	1.5	1	1	970740	1e+20	3.73185e+07	92.9327	13.1516	47.1043	44.2167	63.3241	36.7512	
121000	-128072	-1337.28	-81194.5	-19602.7	0.0981023	1	0.131482	15.2112	2.5567	0.0214718	19.9288	0.47345	5921	99	545	-59689.2	6.68145f	58.2264	4	1	1	0.0693069	0.0693069	0.0594059	9.90099e-09	0	0	0	0	0.754545	0.964286	0.294416	0.464286	0.883249	9.90099e-09	0.0693069	9.90099e-09	1	0.112821	0.151229	0.666667	0.666667	1.5	1	1	970740	1e+20	3.73185e+07	82.3737	25.9604	47.1043	44.2167	6.68145	58.2264	
122000	-127991	-1337.28	-81113.5	-19635	0.0983653	1	0.131482	15.2112	2.56618	0.00802402	19.9339	0.4717	5935	99	530	-59689.2	29.788f	53.0113	4	1	1	0.0594059	0.0693069	0.029703	9.90099e-09	0	0	0	0	0.818182	0.956007	0.234401	0.527778	0.889831	9.90099e-09	0.0693069	9.90099e-09	1	0.0976431	0.185328	0.666667	0.666667	1.5	1	1	970740	1e+20	3.73185e+07	82.3737	25.9604	47.1043	44.2167	29.788	53.0113	
123000	-127663	-1337.28	-80786.1	-19509.8	0.0983653	1	0.12367	16.1721	2.41371	0.00724677	19.9339	0.533175	5881	99	559	-59689.2	34.9185f	38.07	4	1	1	0.0594059	0.0693069	0.029703	9.90099e-09	0	0	0	0	0.727273	0.964407	0.220339	0.568807	0.901695	9.90099e-09	0.0693069	9.90099e-09	1	0.108659	0.15342	0.666667	0.666667	1.5	1	1	970740	1e+20	3.73185e+07	82.3737	25.9604	47.1043	44.2167	34.9185	38.07	
124000	-127325	-1337.28	-80447.6	-19516.7	0.0983653	1	0.12367	16.1721	2.41371	0.00724677	19.9339	0.533175	5884	99	519	-59689.2	34.9185f	38.07	4	1	1	0.0594059	0.0693069	0.029703	9.90099e-09	0	0	0	0	0.781818	0.961017	0.236887	0.448598	0.901528	9.90099e-09	0.0693069	9.90099e-09	1	0.105263	0.15197	0.666667	0.666667	1.5	1	1	970740	1e+20	3.73185e+07	82.3737	25.9604	47.1043	44.2167	34.9185	38.07	
125000	-126590	-1337.28	-79713.1	-19379.9	0.0983653	1	0.12367	16.1721	2.41371	0.00858677	19.9339	0.533175	5825	99	521	-59689.2	41.5266f	27.6792	4	1	1	0.0594059	0.0594059	0.029703	9.90099e-09	0	0	0	0	0.845455	0.952055	0.232082	0.455446	0.892491	9.90099e-09	0.0693069	9.90099e-09	1	0.10274	0.16047	0.666667	0.666667	1.5	1	1	970740	1e+20	3.73185e+07	82.3737	25.9604	47.1043	44.2167	41.5266	27.6792	
126000	-128019	-1337.28	-81142	-19644.7	0.0978573	1	0.125357	15.9545	2.33632	0.0173879	19.7308	0.543426	5939	99	528	-59689.2	21.081f	22.92	4	1	1	0.0594059	0.0594059	0.029703	9.90099e-09	0	0	0	0	0.790909	0.961279	0.20742	0.47619	0.882353	9.90099e-09	0.0792079	9.90099e-09	1	0.0824916	0.16092	0.666667	0.666667	1.5	1	1	970740	1e+20	3.73185e+07	82.3737	25.9604	47.1043	44.2167	21.081	22.92	
127000	-129501	-1337.28	-82623.6	-19851.6	0.0978573	1	0.125357	15.9545	2.25226	0.0183488	19.5509	0.563708	6028	99	566	-59689.2	55.6719f	7.75289	4	1	1	0.0594059	0.0594059	0.029703	9.90099e-09	0	0	0	0	0.8	0.965116	0.263682	0.522936	0.893864	9.90099e-09	0.0792079	9.90099e-09	1	0.0878939	0.158672	0.666667	0.666667	1.5	1	1	970740	1e+20	3.73185e+07	82.3737	25.9604	47.1043	44.2167	55.6719	7.75289	
128000	-126729	-1337.28	-79852.1	-19470.4	0.0978507	1	0.125602	15.9234	2.2565	0.0180478	19.5509	0.561551	5864	99	491	-59689.2	90.9925f	60.0503	4	1	1	0.0594059	0.0594059	0.029703	9.90099e-09	0	0	0	0	0.781818	0.945578	0.248276	0.554455	0.898276	9.90099e-09	0.0792079	9.90099e-09	1	0.105085	0.182186	0.666667	0.666667	1.5	1	1	970740	1e+20	3.73185e+07	82.3737	25.9604	47.1043	44.2167	90.9925	60.0503	
129000	-128226	-1337.28	-81349	-19684.2	0.0978507	1	0.115721	17.283	2.10796	0.010101	19.6187	0.652451	5956	99	526	-59689.2	65.9404f	26.0804	4	1	1	0.029703	0.0594059	0.029703	9.90099e-09	0	0	0	0	0.790909	0.976351	0.237374	0.483221	0.89094	9.90099e-09	0.0792079	9.90099e-09	1	0.115059	0.193613	0.666667	0.666667	1.5	1	1	970740	1e+20	3.73185e+07	82.3737	25.9604	47.1043	44.2167	65.9404	26.0804	
130000	-128314	-1337.28	-81436.9	-19740	0.0978507	1	0.121382	16.4769	2.21109	0.0131687	19.6187	0.593007	5980	99	513	-59689.2	81.0223f	64.1046	4	1	1	0.029703	0.0594059	0.029703	9.90099e-09	0	0	0	0	0.790909	0.956811	0.232053	0.509804	0.897993	9.90099e-09	0.0792079	9.90099e-09	1	0.108514	0.171429	0.666667	0.666667	1.5	1	1	970740	1e+20	3.73185e+07	82.3737	25.9604	47.1043	44.2167	81.0223	64.1046	
131000	-126101	-1337.28	-79224	-19207.6	0.0976727	1	0.128795	15.5285	2.34187	0.0180001	19.6187	0.527664	5751	99	546	-59689.2	83.5732f	74.4513	4	1	1	0.029703	0.0594059	0.029703	9.90099e-09	0	0	0	0	0.709091	0.954783	0.239583	0.526316	0.886403	9.90099e-09	0.0792079	9.90099e-09	1	0.101399	0.116788	0.666667	0.666667	1.5	1	1	970740	1e+20	3.73185e+07	74.5025	15.7153	47.1043	44.2167	83.5732	74.4513	
132000	-126411	-1337.28	-79533.8	-19347	0.100014	1	0.123851	16.1484	2.30594	0.0133074	19.6187	0.557276	5810	99	515	-59689.2	26.7008f	71.4382	4	1	1	0.029703	0.0594059	0.029703	9.90099e-09	0	0	0	0	0.763636	0.948454	0.258176	0.621359	0.905172	9.90099e-09	0.0792079	9.90099e-09	1	0.0946644	0.147638	0.666667	0.666667	1.5	1	1	970740	1e+20	3.73185e+07	74.5025	15.7153	19.8908	45.4035	26.7008	71.4382	
133000	-127773	-1337.28	-80895.3	-19600.5	0.0978698	1	0.123851	16.1484	2.10976	0.00553816	19.2916	0.609098	5920	99	524	-59689.2	40.6469f	57.518	4	1	1	0.029703	0.0594059	0.029703	9.90099e-09	0	0	0	0	0.754545	0.973064	0.25	0.476636	0.888702	9.90099e-09	0.0990099	9.90099e-09	1	0.0809444	0.130769	0.666667	0.666667	1.5	1	1	970740	1e+20	3.73185e+07	74.5025	15.7153	19.8908	45.4035	40.6469	57.518	
134000	-127231	-1337.28	-80354.2	-19465.8	0.0985869	1	0.134697	14.8482	2.35541	0.0139931	19.383	0.501645	5862	99	542	-59689.2	27.8165f	23.7206	4	1	1	0.029703	0.0594059	0.029703	9.90099e-09	0	0	0	0	0.754545	0.971039	0.213311	0.45283	0.908007	9.90099e-09	0.0990099	9.90099e-09	1	0.0988075	0.158095	0.666667	0.666667	1.5	1	1	970740	1e+20	3.73185e+07	74.5025	15.7153	19.8908	45.4035	27.8165	23.7206	
135000	-128011	-1337.28	-81134.1	-19633	0.0979879	1	0.130189	15.3622	2.35877	0.0162323	19.5854	0.518272	5934	99	533	-59689.2	13.2532f	46.7208	4	1	1	0.029703	0.0594059	0.029703	9.90099e-09	0	0	0	0	0.736364	0.959596	0.252525	0.528302	0.920339	9.90099e-09	0.0990099	9.90099e-09	1	0.102694	0.156788	0.666667	0.666667	1.5	1	1	970740	1e+20	3.73185e+07	81.6825	0.353392	19.8908	45.4035	13.2532	46.7208	
136000	-126339	-1337.28	-79461.8	-19335.6	0.0979879	1	0.131896	15.1635	2.41454	0.0198035	19.6361	0.499752	5806	99	519	-59689.2	8.04977f	51.5786	4	1	1	0.0594059	0.0594059	0.029703	9.90099e-09	0	0	0	0	0.845455	0.962003	0.262522	0.538462	0.908778	9.90099e-09	0.0990099	9.90099e-09	1	0.120482	0.156371	0.666667	0.666667	1.5	1	1	970740	1e+20	3.73185e+07	81.6825	0.353392	19.8908	45.4035	8.04977	51.5786	
137000	-126909	-1337.28	-80031.6	-19444.9	0.0976947	1	0.131896	15.1635	2.40732	0.0179691	19.6361	0.501252	5853	99	519	-59689.2	11.6151f	58.202	4	1	1	0.0594059	0.118812	0.029703	9.90099e-09	0	0	0	0	0.763636	0.962134	0.294017	0.462963	0.912969	9.90099e-09	0.0990099	9.90099e-09	1	0.109215	0.165441	0.666667	0.666667	1.5	1	1	970740	1e+20	3.73185e+07	88.4858	13.9101	19.8908	45.4035	11.6151	58.202	
138000	-127275	-1337.28	-80397.5	-19510.6	0.0968764	1	0.131896	15.1635	2.38715	0.0148942	19.6361	0.505486	5881	99	522	-59689.2	24.1303f	25.3655	4	1	1	0.0594059	0.118812	0.029703	9.90099e-09	0	0	0	0	0.836364	0.959184	0.284247	0.552381	0.886598	9.90099e-09	0.0990099	9.90099e-09	1	0.129032	0.144712	0.666667	0.666667	1.5	1	1	970740	1e+20	3.73185e+07	88.4858	13.9101	19.8908	45.4035	24.1303	25.3655	
139000	-124823	-1337.28	-77946.2	-18976.1	0.0968764	1	0.142384	14.0465	2.46995	0.0179321	19.429	0.452555	5652	99	546	-59689.2	11.2209f	42.0311	4	1	1	0.0594059	0.118812	0.0693069	9.90099e-09	0	0	0	0	0.836364	0.948854	0.287478	0.519231	0.876325	9.90099e-09	0.0693069	9.90099e-09	1	0.113074	0.166667	0.666667	0.666667	1.5	1	1	970740	1e+20	3.73185e+07	88.4858	13.9101	19.8908	45.4035	11.2209	42.0311	
140000	-124801	-1337.28	-77923.3	-19047.7	0.0944329	1	0.142384	14.0465	2.14176	0.0226219	18.8688	0.521902	5683	99	510	-59689.2	8.20743f	67.8912	4	1	1	0.0594059	0.118812	0.0693069	9.90099e-09	0	0	0	0	0.790909	0.968641	0.254766	0.546296	0.904348	9.90099e-09	0.0693069	9.90099e-09	1	0.101933	0.175701	0.666667	0.666667	1.5	1	1	970740	1e+20	3.73185e+07	88.4858	13.9101	19.8908	45.4035	8.20743	67.8912	
141000	-125591	-1337.28	-78713.4	-19130.4	0.0944188	1	0.145243	13.7701	2.30003	0.019255	19.1136	0.476423	5718	99	541	-59689.2	25.7443f	14.871	4	1	1	0.0594059	0.118812	0.0693069	9.90099e-09	0	0	0	0	0.872727	0.957821	0.234676	0.527778	0.881119	0.009901	0.0693069	9.90099e-09	1	0.110333	0.1883	0.666667	0.666667	1.5	1	1	970740	1e+20	3.73185e+07	88.4858	13.9101	19.8908	45.4035	25.7443	14.871	
142000	-126977	-1337.28	-80099.6	-19470.4	0.0984648	1	0.138855	14.4035	2.4829	0.0186452	19.4974	0.461634	5864	99	515	-59689.2	9.59402f	49.3211	4	1	1	0.0594059	0.118812	0.0693069	9.90099e-09	0	0	0	0	0.8	0.953688	0.213058	0.440367	0.909247	0.009901	0.0693069	9.90099e-09	1	0.103918	0.182149	0.666667	0.666667	1.5	1	1	970740	1e+20	3.73185e+07	88.4858	13.9101	19.8908	45.4035	9.59402	49.3211	
143000	-127047	-1337.28	-80169.9	-19486.3	0.0957635	1	0.138855	14.4035	2.2034	0.0111521	19.0559	0.520193	5870	99	522	-59689.2	24.0692f	38.5787	4	1	1	0.0594059	0.0693069	0.0693069	9.90099e-09	0	0	0	0	0.790909	0.976231	0.236797	0.54717	0.893039	0.009901	0.0693069	9.90099e-09	1	0.0884354	0.183908	0.666667	0.666667	1.5	1	1	970740	1e+20	3.73185e+07	88.4858	13.9101	19.8908	45.4035	24.0692	38.5787	
144000	-127306	-1337.28	-80429	-19523.7	0.0991002	1	0.137347	14.5616	2.05768	0.0270579	18.6238	0.563147	5887	99	528	-59689.2	0.180786f	37.7243	4	1	1	0.0792079	0.0693069	0.0693069	9.90099e-09	0	0	0	0	0.781818	0.964407	0.2309	0.548077	0.889643	0.009901	0.0693069	9.90099e-09	1	0.0865874	0.175908	0.666667	0.666667	1.5	1	1	970740	1e+20	3.73185e+07	88.4858	13.9101	45.9281	25.6386	0.180786	37.7243	
145000	-126758	-1337.28	-79880.9	-19464.6	0.100171	1	0.137347	14.5616	2.27318	0.0110492	19.0421	0.509761	5861	99	503	-59689.2	51.9735f	19.8914	4	1	1	0.0792079	0.0693069	0.0792079	9.90099e-09	0	0	0	0	0.709091	0.964103	0.288396	0.607843	0.890785	0.009901	0.118812	9.90099e-09	1	0.0974359	0.141153	0.666667	0.666667	1.5	1	1	970740	1e+20	3.73185e+07	88.4858	13.9101	45.9281	25.6386	51.9735	19.8914	
146000	-128187	-1337.28	-81309.5	-19694.7	0.100171	1	0.124854	16.0188	2.0664	0.0068852	19.0421	0.616886	5961	99	521	-59689.2	34.118f	56.0191	4	1	1	0.0792079	0.0693069	0.0792079	9.90099e-09	0	0	0	0	0.781818	0.966499	0.26087	0.576923	0.891122	0.009901	0.118812	9.90099e-09	1	0.105528	0.205374	0.666667	0.666667	1.5	1	1	970740	1e+20	3.73185e+07	88.4858	13.9101	45.9281	25.6386	34.118	56.0191	
147000	-129182	-1337.28	-82305.1	-19883.3	0.100171	1	0.124854	16.0188	2.0664	0.0068852	19.0421	0.616886	6043	99	528	-59689.2	34.118f	56.0191	4	1	1	0.0792079	0.0693069	0.0792079	9.90099e-09	0	0	0	0	0.790909	0.96995	0.231023	0.544872	0.90099	0.009901	0.118812	9.90099e-09	1	0.0990099	0.185263	0.666667	0.666667	1.5	1	1	970740	1e+20	3.73185e+07	98.6505	34.4717	45.9281	25.6386	34.118	56.0191	
148000	-131470	-1337.28	-84592.5	-20290.8	0.102923	1	0.117857	16.9698	2.25049	0.00445102	19.602	0.600051	6222	99	543	-59689.2	53.8465f	41.6224	4	1	1	0.0792079	0.0693069	0.0792079	9.90099e-09	0	0	0	0	0.854545	0.9696	0.292135	0.518182	0.927769	0.009901	0.118812	9.90099e-09	1	0.133226	0.17963	0.666667	0.666667	1.5	1	1	970740	1e+20	3.73185e+07	98.6505	34.4717	27.0778	25.5179	53.8465	41.6224	
149000	-129638	-1337.28	-82760.6	-20043.9	0.104242	1	0.114672	17.441	2.281	0.00817584	19.7403	0.608467	6113	99	492	-59689.2	39.6617f	29.8968	4	1	1	0.0792079	0.0693069	0.0792079	9.90099e-09	0	0	0	0	0.8	0.960976	0.20684	0.514563	0.905844	0.009901	0.118812	9.90099e-09	1	0.099187	0.167641	0.666667	0.666667	1.5	1	1	970740	1e+20	3.73185e+07	98.6505	34.4717	27.0778	25.5179	39.6617	29.8968	
150000	-130336	-1337.28	-83459	-20265.4	0.103931	1	0.114672	17.441	2.16065	0.0124009	19.4891	0.642357	6211	99	454	-59689.2	39.1792f	19.7151	4	1	1	0.0891089	0.0594059	0.0792079	9.90099e-09	0	0	0	0	0.872727	0.96769	0.244767	0.567308	0.901771	0.009901	0.118812	9.90099e-09	1	0.099839	0.173077	0.666667	0.666667	1.5	1	1	970740	1e+20	3.73185e+07	98.6505	34.4717	27.0778	25.5179	39.1792	19.7151	
151000	-131394	-1337.28	-84516.2	-20396.8	0.103931	1	0.100157	19.9686	1.88716	0.0199014	19.4891	0.842031	6269	99	490	-59689.2	29.2284f	11.4618	4	1	1	0.0891089	0.0594059	0.039604	9.90099e-09	0	0	0	0	0.818182	0.969745	0.2624	0.531469	0.912281	0.009901	0.0792079	9.90099e-09	1	0.0877193	0.190987	0.666667	0.666667	1.5	1	1	970740	1e+20	3.73185e+07	98.6505	34.4717	42.4302	2.77172	29.2284	11.4618	
152000	-133085	-1337.28	-86207.9	-20759.5	0.107235	1	0.104654	19.1106	2.18407	0.0162483	19.8377	0.696301	6431	99	475	-59689.2	58.3807f	11.3099	4	1	1	0.0891089	0.0594059	0.039604	9.90099e-09	0	0	0	0	0.790909	0.967391	0.254658	0.557823	0.903727	0.009901	0.0792079	9.90099e-09	1	0.0854037	0.193277	0.666667	0.666667	1.5	1	1	970740	1e+20	3.73185e+07	97.5652	24.0029	42.4302	2.77172	58.3807	11.3099	
153000	-134296	-1337.28	-87418.8	-20900.1	0.107235	1	0.109704	18.2309	2.28475	0.0206762	19.8275	0.634978	6494	99	519	-59689.2	32.613f	8.49361	4	1	1	0.0891089	0.0594059	0.039604	9.90099e-09	0	0	0	0	0.781818	0.964885	0.234756	0.466667	0.893846	0.009901	0.0792079	9.90099e-09	1	0.100763	0.16185	0.666667	0.666667	1.5	1	1	970740	1e+20	3.73185e+07	64.3545	13.0186	25.368	2.11038	32.613	8.49361	
154000	-132193	-1337.28	-85315.8	-20457.2	0.10511	1	0.117965	16.9542	2.4081	0.0174257	19.8275	0.560263	6296	99	532	-59689.2	14.9001f	32.5455	4	1	1	0.0891089	0.0594059	0.039604	9.90099e-09	0	0	0	0	0.736364	0.958926	0.244057	0.536364	0.930048	0.009901	0.0792079	9.90099e-09	1	0.113924	0.198905	0.666667	0.666667	1.5	1	1	970740	1e+20	3.73185e+07	64.3545	13.0186	25.368	2.11038	14.9001	32.5455	
155000	-131305	-1337.28	-84427.6	-20389.8	0.105692	1	0.112152	17.8329	2.30441	0.00516861	19.8324	0.615817	6266	99	483	-59689.2	43.9571f	39.5618	4	1	1	0.0891089	0.0594059	0.039604	9.90099e-09	0	0	0	0	0.818182	0.974522	0.231013	0.533981	0.922468	0.009901	0.0792079	9.90099e-09	1	0.10828	0.163065	0.666667	0.666667	1.5	1	1	970740	1e+20	3.73185e+07	64.3545	13.0186	25.368	2.11038	43.9571	39.5618	
156000	-131491	-1337.28	-84613.9	-20351.3	0.104627	1	0.108883	18.3684	2.21467	0.0173315	19.8324	0.660012	6249	99	516	-59689.2	25.6339f	18.5125	4	1	1	0.0594059	0.0594059	0.0594059	9.90099e-09	0	0	0	0	0.772727	0.963082	0.246006	0.528846	0.888	0.009901	0.0693069	9.90099e-09	1	0.1184	0.14717	0.666667	0.666667	1.5	1	1	970740	1e+20	3.73185e+07	68.4687	5.97353	25.368	2.11038	25.6339	18.5125	
157000	-131668	-1337.28	-84790.2	-20301.6	0.104627	1	0.128007	15.6242	2.60366	0.00457187	19.8324	0.477532	6227	99	558	-59689.2	46.2362f	42.1473	4	1	1	0.0594059	0.118812	0.0594059	9.90099e-09	0	0	0	0	0.763636	0.959872	0.280449	0.504425	0.895833	0.009901	0.0693069	9.90099e-09	1	0.11878	0.156475	0.666667	0.666667	1.5	1	1	970740	1e+20	3.73185e+07	68.4687	5.97353	25.368	2.11038	46.2362	42.1473	
158000	-133509	-1337.28	-86631.8	-20606.4	0.104627	1	0.129757	15.4135	2.52732	0.00795449	19.6187	0.485322	6362	99	579	-59689.2	42.4418f	29.088	4	1	1	0.0594059	0.118812	0.0594059	9.90099e-09	0	0	0	0	0.781818	0.968701	0.275157	0.536364	0.904239	0.009901	0.0693069	9.90099e-09	1	0.10675	0.160069	0.666667	0.666667	1.5	1	1	970740	1e+20	3.73185e+07	68.4687	5.97353	25.368	2.11038	42.4418	29.088	
159000	-131897	-1337.28	-85019.7	-20276.8	0.104627	1	0.13059	15.3151	2.54355	0.00812053	19.6187	0.479147	6216	99	590	-59689.2	39.1621f	30.3915	4	1	1	0.0594059	0.118812	0.0594059	9.90099e-09	0	0	0	0	0.727273	0.951846	0.250804	0.517544	0.911576	0.009901	0.0693069	9.90099e-09	1	0.101286	0.17474	0.666667	0.666667	1.5	1	1	970740	1e+20	3.73185e+07	68.4687	5.97353	25.368	2.11038	39.1621	30.3915	
160000	-133839	-1337.28	-86961.4	-20653.8	0.104627	1	0.13059	15.3151	2.54355	0.025891	19.6187	0.479147	6383	99	590	-59689.2	17.9046f	10.3741	4	1	1	0.0594059	0.118812	0.0594059	9.90099e-09	0	0	0	0	0.790909	0.971831	0.24252	0.603448	0.904239	0.009901	0.0693069	9.90099e-09	1	0.0755906	0.135739	0.666667	0.666667	1.5	1	1	970740	1e+20	3.73185e+07	68.4687	5.97353	25.368	2.11038	17.9046	10.3741	
161000	-131939	-1337.28	-85061.6	-20344.5	0.104627	1	0.13059	15.3151	2.68731	0.00922314	19.8902	0.453515	6246	99	563	-59689.2	43.744f	25.1305	4	1	1	0.0594059	0.118812	0.0594059	9.90099e-09	0	0	0	0	0.845455	0.949206	0.256778	0.468468	0.898089	0.009901	0.0693069	9.90099e-09	1	0.105263	0.167808	0.666667	0.666667	1.5	1	1	970740	1e+20	3.73185e+07	68.4687	5.97353	25.368	2.11038	43.744	25.1305	
162000	-132884	-1337.28	-86006.3	-20601.9	0.104627	1	0.122661	16.3051	2.52414	0.00546195	19.8902	0.514044	6360	99	526	-59689.2	40.4312f	41.3431	4	1	1	9.90099e-09	0.118812	0.0594059	9.90099e-09	0	0	0	0	0.754545	0.947867	0.253185	0.509615	0.893651	0.009901	0.108911	9.90099e-09	1	0.0894819	0.174905	0.666667	0.666667	1.5	1	1	970740	1e+20	3.73185e+07	68.4687	5.97353	25.368	2.11038	40.4312	41.3431	
163000	-132867	-1337.28	-85989.3	-20562.8	0.106795	1	0.124062	16.121	2.63207	0.0278894	19.94	0.487398	6343	99	542	-59689.2	28.3814f	0.789751	4	1	1	9.90099e-09	0.0693069	0.019802	9.90099e-09	0	0	0	0	0.781818	0.963836	0.280757	0.575472	0.896714	0.009901	0.108911	9.90099e-09	1	0.0929134	0.162362	0.666667	0.666667	1.5	1	1	970740	1e+20	3.73185e+07	68.4687	5.97353	53.4108	10.7512	28.3814	0.789751	
164000	-134474	-1337.28	-87597	-20757.4	0.106795	1	0.125409	15.9478	2.66065	0.0236501	19.94	0.476982	6430	99	591	-59689.2	16.7642f	15.1385	4	1	1	9.90099e-09	0.0693069	0.019802	9.90099e-09	0	0	0	0	0.827273	0.934884	0.287926	0.568	0.885449	0.009901	0.108911	9.90099e-09	1	0.116279	0.148087	0.666667	0.666667	1.5	1	1	970740	1e+20	3.73185e+07	68.4687	5.97353	53.4108	10.7512	16.7642	15.1385	
165000	-132405	-1337.28	-85527.3	-20471	0.106567	1	0.125477	15.9392	2.34047	0.0270693	19.3187	0.541942	6302	99	546	-59689.2	12.5643f	13.708	4	1	1	9.90099e-09	0.0693069	0.019802	9.90099e-09	0	0	0	0	0.781818	0.958861	0.228346	0.554545	0.881064	0.009901	0.108911	9.90099e-09	1	0.118859	0.157116	0.666667	0.666667	1.5	1	1	970740	1e+20	3.73185e+07	68.4687	5.97353	53.4108	10.7512	12.5643	13.708	
166000	-132102	-1337.28	-85224.6	-20462.7	0.103597	1	0.13864	14.4258	2.51393	0.00466984	19.3187	0.456645	6298	99	525	-59689.2	42.2237f	49.7228	4	1	1	9.90099e-09	0.0693069	0.019802	9.90099e-09	0	0	0	0	0.809091	0.969841	0.229794	0.449541	0.88748	0.009901	0.108911	9.90099e-09	1	0.0729002	0.132727	0.666667	0.666667	1.5	1	1	970740	1e+20	3.73185e+07	68.4687	5.97353	30.0025	9.80205	42.2237	49.7228	
167000	-131842	-1337.28	-84964.5	-20356.2	0.103597	1	0.138267	14.4647	2.50716	0.0402586	19.3187	0.459111	6251	99	551	-59689.2	0.463302f	7.38603	4	1	1	9.90099e-09	0.0693069	0.019802	9.90099e-09	0	0	0	0	0.736364	0.96463	0.25641	0.526316	0.888889	0.009901	0.108911	9.90099e-09	1	0.0910543	0.160142	0.666667	0.666667	1.5	1	1	970740	1e+20	3.73185e+07	68.4687	5.97353	30.0025	9.80205	0.463302	7.38603	
168000	-129837	-1337.28	-82959.7	-19995.4	0.103215	1	0.14166	14.1184	2.41816	0.0402586	19.0468	0.46461	6092	99	541	-59689.2	0.463302f	7.38603	4	1	1	9.90099e-09	0.207921	0.019802	9.90099e-09	0	0	0	0	0.709091	0.960331	0.22093	0.481818	0.902479	0.009901	0.138614	9.90099e-09	1	0.092257	0.212569	0.666667	0.666667	1.5	1	1	970740	1e+20	3.73185e+07	68.4687	5.97353	30.0025	9.80205	0.463302	7.38603	
169000	-128789	-1337.28	-81911.4	-19804	0.102771	1	0.15398	12.9887	2.41051	0.00422962	18.6591	0.428792	6008	99	537	-59689.2	54.0334f	43.7947	4	1	1	0.039604	0.207921	0.0594059	9.90099e-09	0	0	0	0	0.790909	0.959933	0.237458	0.491379	0.914858	0.009901	0.138614	9.90099e-09	1	0.0934892	0.154562	0.666667	0.666667	1.5	1	1	970740	1e+20	3.73185e+07	88.6448	7.49366	30.0025	9.80205	54.0334	43.7947	
170000	-130033	-1337.28	-83155.3	-19956.7	0.103103	1	0.16439	12.1662	2.58182	0.0397152	18.6591	0.374989	6075	99	576	-59689.2	5.61586f	2.45969	4	1	1	0.039604	0.207921	0.0594059	9.90099e-09	0	0	0	0	0.809091	0.961857	0.231908	0.469027	0.891447	0.009901	0.138614	9.90099e-09	1	0.0986842	0.14841	0.666667	0.666667	1.5	1	1	970740	1e+20	3.73185e+07	88.6448	7.49366	30.0025	9.80205	5.61586	2.45969	
171000	-129461	-1337.28	-82584.1	-19913.5	0.103103	1	0.147232	13.584	2.25918	0.0268781	18.551	0.478484	6056	99	544	-59689.2	30.9446f	0.881923	4	1	1	0.039604	0.207921	0.0594059	9.90099e-09	0	0	0	0	0.754545	0.961857	0.242175	0.614035	0.883914	0.009901	0.138614	9.90099e-09	1	0.0973597	0.159649	0.666667	0.666667	1.5	1	1	970740	1e+20	3.73185e+07	88.6448	7.49366	30.0025	9.80205	30.9446	0.881923	
172000	-130333	-1337.28	-83455.3	-20005.3	0.104116	1	0.147232	13.584	2.59708	0.0184772	19.1619	0.416229	6096	99	581	-59689.2	10.8187f	39.9956	4	1	1	0.039604	0.207921	0.0594059	9.90099e-09	0	0	0	0	0.827273	0.963816	0.253707	0.560345	0.879736	0.009901	0.138614	9.90099e-09	1	0.107084	0.186207	0.666667	0.666667	1.5	1	1	970740	1e+20	3.73185e+07	88.6448	7.49366	30.0025	9.80205	10.8187	39.9956	
173000	-131448	-1337.28	-84570.6	-20118.4	0.104116	1	0.147232	13.584	2.59708	0.0187403	19.1619	0.416229	6146	99	630	-59689.2	40.2886f	8.49841	4	1	1	0.039604	0.207921	0.0594059	9.90099e-09	0	0	0	0	0.8	0.949593	0.271545	0.612069	0.895425	0.009901	0.118812	9.90099e-09	1	0.126829	0.179775	0.666667	0.666667	1.5	1	1	970740	1e+20	3.73185e+07	88.6448	7.49366	30.0025	9.80205	40.2886	8.49841	
174000	-130219	-1337.28	-83342.2	-20050.4	0.100912	1	0.126699	15.7854	2.16611	0.0202765	19.1619	0.579916	6116	99	547	-59689.2	23.8145f	14.5954	4	1	1	0.039604	0.049505	0.0594059	9.90099e-09	0	0	0	0	0.763636	0.96732	0.21732	0.419048	0.892157	0.009901	0.118812	9.90099e-09	1	0.0915033	0.182815	0.666667	0.666667	1.5	1	1	970740	1e+20	3.73185e+07	88.6448	7.49366	30.0025	9.80205	23.8145	14.5954	
175000	-129185	-1337.28	-82307.9	-19901.4	0.100912	1	0.130943	15.2738	2.23867	0.0136096	19.1619	0.542934	6051	99	522	-59689.2	32.3593f	20.9356	4	1	1	0.039604	0.049505	0.0594059	9.90099e-09	0	0	0	0	0.772727	0.955665	0.265139	0.545455	0.924092	0.009901	0.118812	9.90099e-09	1	0.0738916	0.16791	0.666667	0.666667	1.5	1	1	970740	1e+20	3.73185e+07	88.6448	7.49366	30.0025	9.80205	32.3593	20.9356	
176000	-129061	-1337.28	-82184.1	-19846.3	0.100912	1	0.141824	14.102	2.17247	0.0174826	18.6429	0.516553	6027	99	537	-59689.2	60.004f	9.72088	4	1	1	0.039604	0.049505	0.0594059	0.009901	0	0	0	0	0.845455	0.958541	0.247098	0.513761	0.904605	0.009901	0.118812	9.90099e-09	1	0.114428	0.173675	0.666667	0.666667	1.5	1	1	970740	1e+20	3.73185e+07	88.6448	7.49366	30.0025	9.80205	60.004	9.72088	
177000	-129081	-1337.28	-82204	-19800.5	0.100912	1	0.144818	13.8104	2.21833	0.0228052	18.6429	0.495417	6007	99	562	-59689.2	70.7545f	5.6482	4	1	1	0.039604	0.049505	0.0594059	0.009901	0	0	0	0	0.809091	0.954849	0.233831	0.527273	0.898502	0.009901	0.118812	9.90099e-09	1	0.0948419	0.19573	0.666667	0.666667	1.5	1	1	970740	1e+20	3.73185e+07	88.6448	7.49366	42.7621	5.58171	70.7545	5.6482	
178000	-129104	-1337.28	-82227.2	-19777.5	0.100507	1	0.13929	14.3585	2.26956	0.022953	18.9519	0.503453	5997	99	573	-59689.2	52.2597f	1.37766	4	1	1	0.039604	0.049505	0.0594059	0.009901	0	0	0	0	0.845455	0.973378	0.223684	0.530435	0.882255	9.90099e-09	0.118812	9.90099e-09	1	0.135	0.17962	0.666667	0.666667	1.5	1	1	970740	1e+20	3.73185e+07	88.6448	7.49366	42.7621	5.58171	52.2597	1.37766	
179000	-128927	-1337.28	-82049.5	-19752.5	0.099284	1	0.145856	13.7122	2.30632	0.0164795	18.868	0.473127	5986	99	568	-59689.2	64.7728f	12.6809	4	1	1	0.039604	0.178218	0.0594059	0.009901	0	0	0	0	0.745455	0.953177	0.236181	0.486239	0.883139	9.90099e-09	0.118812	9.90099e-09	1	0.102007	0.15669	0.666667	0.666667	1.5	1	1	970740	1e+20	3.73185e+07	85.0648	26.9239	42.7621	5.58171	64.7728	12.6809	
180000	-128099	-1337.28	-81221.7	-19715.4	0.100387	1	0.145856	13.7122	2.33195	0.0146044	18.868	0.467926	5970	99	513	-59689.2	81.6552f	29.9864	4	1	1	0.039604	0.178218	0.0594059	0.009901	0	0	0	0	0.809091	0.961794	0.215719	0.52381	0.908027	9.90099e-09	0.0693069	9.90099e-09	1	0.107023	0.18677	0.666667	0.666667	1.5	1	1	970740	1e+20	3.73185e+07	81.5287	10.6048	51.135	2.57769	81.6552	29.9864	
181000	-128978	-1337.28	-82100.9	-19952.2	0.100387	1	0.116997	17.0944	2.12424	0.0202691	19.4776	0.640386	6073	99	477	-59689.2	52.3035f	4.87016	4	1	1	0.039604	0.178218	0.029703	0.009901	0	0	0	0	0.8	0.972177	0.242671	0.568627	0.900164	9.90099e-09	0.0693069	9.90099e-09	1	0.0785597	0.203354	0.666667	0.666667	1.5	1	1	970740	1e+20	3.73185e+07	81.5287	10.6048	51.135	2.57769	52.3035	4.87016	
182000	-130220	-1337.28	-83342.4	-20109.3	0.101696	1	0.118101	16.9347	2.17223	0.0251302	19.4776	0.620385	6142	99	518	-59689.2	66.9223f	1.14667	4	1	1	0.049505	0.178218	0.029703	0.009901	0	0	0	0	0.754545	0.975728	0.256078	0.503268	0.896104	9.90099e-09	0.0693069	9.90099e-09	1	0.0914928	0.166667	0.666667	0.666667	1.5	1	1	970740	1e+20	3.73185e+07	81.5287	10.6048	51.135	2.57769	66.9223	1.14667	
183000	-132128	-1337.28	-85251	-20462.9	0.102064	1	0.120127	16.649	2.28277	0.0254492	19.6194	0.580385	6297	99	526	-59689.2	10.3115f	19.4747	4	1	1	0.049505	0.178218	0.029703	0.009901	0	0	0	0	0.781818	0.958599	0.249603	0.564815	0.923688	9.90099e-09	0.0693069	9.90099e-09	1	0.104762	0.159259	0.666667	0.666667	1.5	1	1	970740	1e+20	3.73185e+07	81.5287	10.6048	51.135	2.57769	10.3115	19.4747	
184000	-129674	-1337.28	-82797	-20027.9	0.100507	1	0.127032	15.7441	2.37716	0.00624125	19.6194	0.527046	6106	99	503	-59689.2	59.1217f	34.3269	4	1	1	0.049505	0.178218	0.029703	0.009901	0	0	0	0	0.718182	0.962046	0.213816	0.533333	0.904918	9.90099e-09	0.0693069	9.90099e-09	1	0.105611	0.166344	0.666667	0.666667	1.5	1	1	970740	1e+20	3.73185e+07	81.5287	10.6048	51.135	2.57769	59.1217	34.3269	
185000	-128968	-1337.28	-82090.5	-19850.7	0.0983793	1	0.127032	15.7441	2.46453	0.0165678	19.9034	0.508362	6028	99	521	-59689.2	30.8283f	16.1392	4	1	1	0.049505	0.178218	0.029703	0.009901	0	0	0	0	0.745455	0.954023	0.257377	0.518868	0.914474	9.90099e-09	0.0693069	9.90099e-09	1	0.106732	0.157895	0.666667	0.666667	1.5	1	1	970740	1e+20	3.73185e+07	81.5287	10.6048	50.3859	25.2386	30.8283	16.1392	
186000	-130443	-1337.28	-83565.8	-20143.4	0.101944	1	0.118561	16.869	2.38353	0.00538762	19.9034	0.563195	6157	99	516	-59689.2	50.2126f	35.9542	4	1	1	0.049505	0.0792079	0.029703	0.009901	0	0	0	0	0.8	0.954323	0.283388	0.537736	0.883031	9.90099e-09	0.0693069	9.90099e-09	1	0.0960912	0.15879	0.666667	0.666667	1.5	1	1	970740	1e+20	3.73185e+07	81.5287	10.6048	50.3859	25.2386	50.2126	35.9542	
187000	-130350	-1337.28	-83473.2	-19992.7	0.101944	1	0.134561	14.8631	2.69889	0.0101802	19.8917	0.438243	6091	99	575	-59689.2	43.8823f	22.8064	4	1	1	0.049505	0.0792079	0.039604	0.009901	0	0	0	0	0.763636	0.960656	0.253659	0.586207	0.895082	9.90099e-09	0.0693069	9.90099e-09	1	0.0931373	0.155518	0.666667	0.666667	1.5	1	1	970740	1e+20	3.73185e+07	81.5287	10.6048	50.3859	25.2386	43.8823	22.8064	
188000	-131151	-1337.28	-84273.6	-20250.7	0.101944	1	0.142051	14.0794	2.54637	0.0215133	19.3409	0.440001	6204	99	534	-59689.2	44.2731f	3.78172	4	1	1	0.049505	0.0792079	0.039604	9.90099e-09	0	0	0	0	0.772727	0.960064	0.249603	0.464912	0.877583	9.90099e-09	0.0693069	9.90099e-09	1	0.122383	0.181488	0.666667	0.666667	1.5	1	1	970740	1e+20	3.73185e+07	81.5287	10.6048	50.3859	25.2386	44.2731	3.78172	
189000	-132728	-1337.28	-85850.5	-20458.5	0.101944	1	0.142829	14.0028	2.56032	0.0268175	19.3409	0.435221	6295	99	581	-59689.2	98.802f	26.8491	4	1	1	0.049505	0.0792079	0.039604	9.90099e-09	0	0	0	0	0.772727	0.964968	0.207607	0.521008	0.890476	9.90099e-09	0.0693069	9.90099e-09	1	0.0888889	0.144312	0.666667	0.666667	1.5	1	1	970740	1e+20	3.73185e+07	81.5287	10.6048	69.5637	20.8441	98.802	26.8491	
190000	-130024	-1337.28	-83146.3	-19960.8	0.101944	1	0.142829	14.0028	2.26151	0.0103909	18.75	0.492726	6077	99	572	-59689.2	62.1366f	23.3984	4	1	1	0.049505	0.0792079	0.039604	9.90099e-09	0	0	0	0	0.790909	0.952459	0.21875	0.535088	0.904762	9.90099e-09	0.0693069	9.90099e-09	1	0.0918033	0.175943	0.666667	0.666667	1.5	1	1	970740	1e+20	3.73185e+07	81.5287	10.6048	45.7129	27.1238	62.1366	23.3984	
191000	-130782	-1337.28	-83904.6	-20052.3	0.103409	1	0.137316	14.565	2.23755	0.0112512	18.8179	0.517998	6117	99	598	-59689.2	50.3145f	19.4989	4	1	1	0.049505	0.0891089	0.039604	9.90099e-09	0	0	0	0	0.818182	0.960133	0.201309	0.598291	0.886513	0.009901	0.0693069	9.90099e-09	1	0.103618	0.178388	0.666667	0.666667	1.5	1	1	970740	1e+20	3.73185e+07	81.5287	10.6048	45.7129	27.1238	50.3145	19.4989	
192000	-131910	-1337.28	-85032.9	-20333.6	0.103409	1	0.140567	14.2281	2.29053	0.00826674	18.8179	0.494312	6241	99	572	-59689.2	31.5823f	38.0642	4	1	1	0.049505	0.0891089	0.039604	9.90099e-09	0	0	0	0	0.736364	0.959807	0.229535	0.526316	0.89372	0.009901	0.0693069	9.90099e-09	1	0.104502	0.187279	0.666667	0.666667	1.5	1	1	970740	1e+20	3.73185e+07	81.5287	10.6048	45.7129	27.1238	31.5823	38.0642	
193000	-131490	-1337.28	-84612.3	-20238.1	0.10114	1	0.138527	14.4376	2.20777	0.00931089	18.8179	0.520392	6198	99	578	-59689.2	58.214f	24.6129	4	1	1	0.049505	0.0891089	0.049505	9.90099e-09	0	0	0	0	0.790909	0.964687	0.252443	0.587719	0.873194	0.009901	0.0792079	9.90099e-09	1	0.106452	0.179181	0.666667	0.666667	1.5	1	1	970740	1e+20	3.73185e+07	81.5287	10.6048	45.7129	27.1238	58.214	24.6129	
194000	-131011	-1337.28	-84133.5	-20173	0.102065	1	0.138527	14.4376	2.49797	0.0107673	19.3638	0.459936	6170	99	564	-59689.2	43.6664f	21.5616	4	1	1	0.049505	0.0891089	0.049505	9.90099e-09	0	0	0	0	0.754545	0.957997	0.249595	0.5	0.901771	0.009901	0.0792079	9.90099e-09	1	0.095315	0.17338	0.666667	0.666667	1.5	1	1	970740	1e+20	3.73185e+07	81.5287	10.6048	45.7129	27.1238	43.6664	21.5616	
195000	-131092	-1337.28	-84214.4	-20085.3	0.104893	1	0.140598	14.2249	2.3834	0.0142022	18.9372	0.474944	6131	99	607	-59689.2	37.4478f	16.9527	4	1	1	0.049505	0.0891089	0.049505	9.90099e-09	0	0	0	0	0.790909	0.952459	0.264368	0.508333	0.908795	0.009901	0.0792079	9.90099e-09	1	0.0983607	0.164745	0.666667	0.666667	1.5	1	1	970740	1e+20	3.73185e+07	81.5287	10.6048	45.7129	27.1238	37.4478	16.9527	
196000	-131418	-1337.28	-84540.2	-20290.7	0.103155	1	0.138339	14.4573	2.30625	0.00607159	18.9372	0.49885	6222	99	543	-59689.2	36.222f	44.4509	4	1	1	0.0792079	0.0891089	0.049505	9.90099e-09	0	0	0	0	0.809091	0.959807	0.199678	0.53211	0.914654	0.009901	0.0792079	9.90099e-09	1	0.0948553	0.161972	0.666667	0.666667	1.5	1	1	970740	1e+20	3.73185e+07	81.5287	10.6048	45.7129	27.1238	36.222	44.4509	
197000	-131402	-1337.28	-84524.7	-20208.9	0.103155	1	0.136493	14.6528	2.33849	0.0242236	19.067	0.498627	6186	99	579	-59689.2	72.1138f	4.34071	4	1	1	0.0792079	0.0891089	0.049505	9.90099e-09	0	0	0	0	0.827273	0.969355	0.268174	0.551724	0.907916	0.009901	0.0792079	9.90099e-09	1	0.0872375	0.17069	0.666667	0.666667	1.5	1	1	970740	1e+20	3.73185e+07	81.5287	10.6048	45.7129	27.1238	72.1138	4.34071	
198000	-134602	-1337.28	-87725.1	-20894.8	0.106058	1	0.126953	15.7539	2.23625	0.0219607	19.067	0.560607	6491	99	551	-59689.2	23.1674f	85.7287	4	1	1	0.0792079	0.0891089	0.049505	9.90099e-09	0	0	0	0	0.718182	0.964506	0.211509	0.554622	0.889231	0.009901	0.0792079	9.90099e-09	1	0.0975232	0.166969	0.666667	0.666667	1.5	1	1	970740	1e+20	3.73185e+07	81.5287	10.6048	25.4399	78.1151	23.1674	85.7287	
199000	-133901	-1337.28	-87023.4	-20751	0.106347	1	0.126817	15.7708	2.54373	0.0137454	19.6829	0.493369	6427	99	548	-59689.2	38.5097f	80.6482	4	1	1	0.0792079	0.0891089	0.049505	9.90099e-09	0	0	0	0	0.836364	0.951788	0.265211	0.477064	0.923676	0.009901	0.118812	9.90099e-09	1	0.108865	0.177481	0.666667	0.666667	1.5	1	1	970740	1e+20	3.73185e+07	81.5287	10.6048	25.4399	78.1151	38.5097	80.6482	
200000	-132827	-1337.28	-85949.3	-20517.9	0.106347	1	0.131429	15.2173	2.63624	0.0182034	19.6829	0.45935	6323	99	565	-59689.2	26.8648f	82.1078	4	1	1	0.0792079	0.0891089	0.049505	9.90099e-09	0	0	0	0	0.836364	0.956938	0.227488	0.556522	0.882353	0.009901	0.118812	9.90099e-09	1	0.0742496	0.145907	0.666667	0.666667	1.5	1	1	970740	1e+20	3.73185e+07	81.5287	10.6048	25.4399	78.1151	26.8648	82.1078	
201000	-131309	-1337.28	-84431.2	-20335	0.102133	1	0.115162	17.3669	2.32138	0.0313213	19.9074	0.595341	6241	99	510	-59689.2	19.7242f	96.5363	4	1	1	0.0792079	0.0891089	0.049505	9.90099e-09	0	0	0	0	0.836364	0.9712	0.272436	0.514851	0.896332	0.009901	0.118812	9.90099e-09	1	0.0848	0.200758	0.666667	0.666667	1.5	1	1	970740	1e+20	3.73185e+07	81.5287	10.6048	25.4399	78.1151	19.7242	96.5363	
202000	-129812	-1337.28	-82934.4	-20040.8	0.101592	1	0.115162	17.3669	2.30908	0.0158875	19.9074	0.598512	6112	99	511	-59689.2	16.1511f	62.3151	4	1	1	0.0792079	0.0891089	0.049505	9.90099e-09	0	0	0	0	0.854545	0.95935	0.250814	0.44898	0.922951	0.009901	0.118812	9.90099e-09	1	0.104575	0.17418	0.666667	0.666667	1.5	1	1	970740	1e+20	3.73185e+07	81.5287	10.6048	25.4399	78.1151	16.1511	62.3151	
203000	-130613	-1337.28	-83735.6	-20140.9	0.102328	1	0.124943	16.0073	2.52334	0.0059522	19.9074	0.504816	6156	99	536	-59689.2	38.5681f	57.5219	4	1	1	0.0792079	0.0891089	0.049505	9.90099e-09	0	0	0	0	0.690909	0.965798	0.24065	0.514019	0.9063	0.009901	0.118812	9.90099e-09	1	0.098546	0.171533	0.666667	0.666667	1.5	1	1	970740	1e+20	3.73185e+07	81.5287	10.6048	32.0543	72.4702	38.5681	57.5219	
204000	-130526	-1337.28	-83648.6	-20082	0.101568	1	0.124639	16.0463	2.49852	0.0147206	19.9074	0.511072	6130	99	557	-59689.2	31.7359f	78.9401	4	1	1	0.0792079	0.108911	0.049505	9.90099e-09	0	0	0	0	0.845455	0.964286	0.261866	0.559633	0.880524	0.009901	0.118812	9.90099e-09	1	0.0818331	0.162791	0.666667	0.666667	1.5	1	1	970740	1e+20	3.73185e+07	74.3264	12.0867	32.0543	72.4702	31.7359	78.9401	
205000	-130257	-1337.28	-83379.3	-20086.4	0.103637	1	0.12786	15.6421	2.09104	0.00581614	18.8246	0.595283	6132	99	530	-59689.2	52.8749f	63.8729	4	1	1	0.0792079	0.108911	0.029703	9.90099e-09	0	0	0	0	0.781818	0.956098	0.230392	0.462264	0.912195	0.009901	0.128713	9.90099e-09	1	0.106209	0.148148	0.666667	0.666667	1.5	1	1	970740	1e+20	3.73185e+07	74.3264	12.0867	32.0543	72.4702	52.8749	63.8729	
206000	-131797	-1337.28	-84919.4	-20333.9	0.106017	1	0.12786	15.6421	2.2256	0.0209629	19.0122	0.559292	6241	99	558	-59689.2	52.8041f	94.0532	4	1	1	0.0792079	0.108911	0.029703	9.90099e-09	0	0	0	0	0.790909	0.955056	0.247588	0.529412	0.901929	0.009901	0.128713	9.90099e-09	1	0.0992	0.173996	0.666667	0.666667	1.5	1	1	970740	1e+20	3.73185e+07	74.3264	12.0867	32.0543	72.4702	52.8041	94.0532	
207000	-130284	-1337.28	-83407.2	-20107.1	0.104105	1	0.132976	15.0403	2.6243	0.0107537	19.7079	0.456072	6141	99	526	-59689.2	50.301f	77.4831	4	1	1	0.0792079	0.108911	0.029703	9.90099e-09	0	0	0	0	0.809091	0.964459	0.214516	0.568807	0.891057	0.009901	0.128713	9.90099e-09	1	0.0926829	0.191651	0.666667	0.666667	1.5	1	1	970740	1e+20	3.73185e+07	74.3264	12.0867	32.0543	72.4702	50.301	77.4831	
208000	-131214	-1337.28	-84336.3	-20229.2	0.104105	1	0.122315	16.3513	2.27027	0.0071612	19.4079	0.573145	6195	99	548	-59689.2	64.4009f	63.7233	4	1	1	0.0792079	0.108911	0.029703	9.90099e-09	0	0	0	0	0.790909	0.959807	0.262058	0.5625	0.896	0.009901	0.128713	9.90099e-09	1	0.102894	0.159785	0.666667	0.666667	1.5	1	1	970740	1e+20	3.73185e+07	74.3264	12.0867	32.0543	72.4702	64.4009	63.7233	
209000	-131346	-1337.28	-84468.5	-20275.4	0.102341	1	0.122315	16.3513	2.22108	0.0103184	19.3846	0.585839	6215	99	540	-59689.2	41.378f	74.664	4	1	1	0.0792079	0.108911	0.029703	9.90099e-09	0	0	0	0	0.836364	0.972625	0.220968	0.601852	0.915873	0.009901	0.128713	9.90099e-09	1	0.116613	0.161049	0.666667	0.666667	1.5	1	1	970740	1e+20	3.73185e+07	74.3264	12.0867	32.0543	72.4702	41.378	74.664	
210000	-129928	-1337.28	-83050.5	-20120.3	0.103116	1	0.128592	15.5531	2.34266	0.0210412	19.3638	0.52832	6147	99	488	-59689.2	34.2761f	90.7719	4	1	1	0.0693069	0.0792079	0.029703	9.90099e-09	0	0	0	0	0.809091	0.95581	0.213115	0.6	0.903279	0.009901	0.128713	9.90099e-09	1	0.115447	0.180915	0.666667	0.666667	1.5	1	1	970740	1e+20	3.73185e+07	74.3264	12.0867	32.0543	72.4702	34.2761	90.7719	
211000	-133980	-1337.28	-87102.7	-20824.4	0.104029	1	0.12587	15.8894	2.13171	0.0130302	18.9719	0.593159	6458	99	530	-59689.2	23.6078f	66.5353	4	1	1	0.0693069	0.0792079	0.029703	9.90099e-09	0	0	0	0	0.790909	0.967341	0.229814	0.539823	0.885802	0.009901	0.128713	9.90099e-09	1	0.104199	0.169557	0.666667	0.666667	1.5	1	1	970740	1e+20	3.73185e+07	80.7376	19.2257	24.4339	76.6593	23.6078	66.5353	
212000	-132003	-1337.28	-85125.7	-20524.7	0.103133	1	0.127393	15.6995	2.04566	0.00658949	18.7616	0.610722	6325	99	484	-59689.2	36.6972f	58.8436	4	1	1	0.0693069	0.0792079	0.0792079	9.90099e-09	0	0	0	0	0.763636	0.96038	0.237342	0.513333	0.911532	0.009901	0.128713	9.90099e-09	1	0.0775316	0.180894	0.666667	0.666667	1.5	1	1	970740	1e+20	3.73185e+07	96.4244	35.0735	49.7548	66.2369	36.6972	58.8436	
213000	-132966	-1337.28	-86088.9	-20564.4	0.108684	1	0.127574	15.6772	2.15883	0.0249564	18.7616	0.577882	6343	99	560	-59689.2	49.1562f	99.0293	4	1	1	0.0693069	0.0792079	0.0792079	9.90099e-09	0	0	0	0	0.763636	0.963836	0.246855	0.463636	0.903785	9.90099e-09	0.128713	9.90099e-09	1	0.125984	0.170093	0.666667	0.666667	1.5	1	1	970740	1e+20	3.73185e+07	92.1614	42.7349	49.7548	66.2369	49.1562	99.0293	
214000	-134152	-1337.28	-87274.6	-20817.8	0.109583	1	0.123964	16.1337	2.31626	0.0168408	19.1927	0.554291	6457	99	546	-59689.2	35.4594f	84.8152	4	1	1	0.0693069	0.0792079	0.0792079	9.90099e-09	0	0	0	0	0.772727	0.962963	0.253106	0.526786	0.899068	9.90099e-09	0.128713	9.90099e-09	1	0.0773994	0.184725	0.666667	0.666667	1.5	1	1	970740	1e+20	3.73185e+07	92.1614	42.7349	49.7548	66.2369	35.4594	84.8152	
215000	-136343	-1337.28	-89465.5	-21276.6	0.111253	1	0.11982	16.6918	2.23924	0.00960373	19.1211	0.593187	6665	99	526	-59689.2	70.7687f	66.4149	4	1	1	0.108911	0.0792079	0.0792079	9.90099e-09	0	0	0	0	0.827273	0.96861	0.285501	0.576577	0.916293	9.90099e-09	0.128713	9.90099e-09	1	0.0941704	0.192015	0.666667	0.666667	1.5	1	1	970740	1e+20	3.73185e+07	18.2367	84.3432	49.7548	66.2369	70.7687	66.4149	
216000	-137478	-1337.28	-90600.7	-21423.1	0.112694	1	0.123197	16.2342	2.22128	0.0150114	18.8896	0.581592	6732	99	559	-59689.2	26.5884f	75.4828	4	1	1	0.108911	0.108911	0.0792079	9.90099e-09	0	0	0	0	0.754545	0.976331	0.23477	0.46087	0.908012	9.90099e-09	0.128713	9.90099e-09	1	0.0890208	0.152057	0.666667	0.666667	1.5	1	1	970740	1e+20	3.73185e+07	92.1614	42.7349	49.7548	66.2369	26.5884	75.4828	
217000	-137022	-1337.28	-90145.1	-21252.5	0.111725	1	0.133168	15.0186	2.24401	0.00973534	18.613	0.532592	6654	99	600	-59689.2	37.0556f	70.9771	4	1	1	0.108911	0.108911	0.0792079	9.90099e-09	0	0	0	0	0.809091	0.947289	0.261654	0.578512	0.899096	9.90099e-09	0.128713	9.90099e-09	1	0.123494	0.181356	0.666667	0.666667	1.5	1	1	970740	1e+20	3.73185e+07	92.1614	42.7349	49.7548	66.2369	37.0556	70.9771	
218000	-137449	-1337.28	-90571.8	-21364.2	0.111725	1	0.133168	15.0186	2.52379	0.0197764	19.1678	0.47355	6705	99	584	-59689.2	81.1413f	80.7811	4	1	1	0.108911	0.108911	0.0792079	9.90099e-09	0	0	0	0	0.845455	0.973174	0.241431	0.538462	0.891207	9.90099e-09	0.0990099	9.90099e-09	1	0.126677	0.19171	0.666667	0.666667	1.5	1	1	970740	1e+20	3.73185e+07	92.1614	42.7349	49.7548	66.2369	81.1413	80.7811	
219000	-138508	-1337.28	-91630.9	-21627.2	0.111725	1	0.124376	16.0803	2.35715	0.0152923	19.1678	0.542872	6825	99	556	-59689.2	84.7211f	64.7939	4	1	1	0.108911	0.108911	0.0792079	9.90099e-09	0	0	0	0	0.736364	0.964706	0.207658	0.576923	0.914328	9.90099e-09	0.0990099	9.90099e-09	1	0.0974889	0.155303	0.666667	0.666667	1.5	1	1	970740	1e+20	3.73185e+07	92.1614	42.7349	86.3537	61.8567	84.7211	64.7939	
220000	-138809	-1337.28	-91931.4	-21618.4	0.111758	1	0.141731	14.1113	2.68684	0.0216673	19.1678	0.417941	6821	99	592	-59689.2	92.0123f	70.7401	4	1	1	0.108911	0.108911	0.0792079	9.90099e-09	0	0	0	0	0.836364	0.961933	0.211988	0.55	0.885798	9.90099e-09	0.0990099	9.90099e-09	1	0.101025	0.152209	0.666667	0.666667	1.5	1	1	970740	1e+20	3.73185e+07	67.6564	11.216	86.3537	61.8567	92.0123	70.7401	
221000	-136792	-1337.28	-89914.6	-21310.1	0.113567	1	0.141731	14.1113	2.33969	0.00678414	18.442	0.479953	6680	99	564	-59689.2	67.6286f	57.8259	4	1	1	0.0594059	0.108911	0.0792079	9.90099e-09	0	0	0	0	0.8	0.95045	0.208084	0.582609	0.895366	9.90099e-09	0.0990099	9.90099e-09	1	0.0883234	0.155026	0.666667	0.666667	1.5	1	1	970740	1e+20	3.73185e+07	67.6564	11.216	65.9721	89.4122	67.6286	57.8259	
222000	-139136	-1337.28	-92259	-21732	0.113815	1	0.141731	14.1113	2.3448	0.00678414	18.442	0.478907	6874	99	573	-59689.2	67.6286f	57.8259	4	1	1	0.0594059	0.0594059	0.0792079	9.90099e-09	0	0	0	0	0.772727	0.969343	0.20438	0.454545	0.90073	9.90099e-09	0.0990099	9.90099e-09	1	0.106105	0.183246	0.666667	0.666667	1.5	1	1	970740	1e+20	3.73185e+07	67.6564	11.216	65.9721	89.4122	67.6286	57.8259	
223000	-140573	-1337.28	-93695.7	-21858.9	0.11694	1	0.160215	12.4833	2.72337	0.00796962	18.442	0.364764	6933	99	638	-59689.2	43.9207f	69.5699	4	1	1	0.0594059	0.0594059	0.0792079	9.90099e-09	0	0	0	0	0.8	0.962536	0.248563	0.507813	0.884726	9.90099e-09	0.0990099	9.90099e-09	1	0.121037	0.180534	0.666667	0.666667	1.5	1	1	970740	1e+20	3.73185e+07	78.7561	12.2139	59.7332	86.9677	43.9207	69.5699	
224000	-141708	-1337.28	-94830.9	-21946.9	0.11694	1	0.160432	12.4663	2.72706	0.0213184	18.442	0.363776	6974	99	701	-59689.2	56.5034f	94.2632	4	1	1	0.0594059	0.0594059	0.029703	9.90099e-09	0	0	0	0	0.836364	0.945245	0.259366	0.438849	0.877522	9.90099e-09	0.0990099	9.90099e-09	1	0.110951	0.187679	0.666667	0.666667	1.5	1	1	970740	1e+20	3.73185e+07	78.7561	12.2139	59.7332	86.9677	56.5034	94.2632	
225000	-141043	-1337.28	-94165.6	-21946.9	0.11694	1	0.155003	12.9029	2.64213	0.00674334	18.4548	0.38862	6974	99	639	-59689.2	55.071f	66.9154	4	1	1	0.0594059	0.0594059	0.029703	9.90099e-09	0	0	0	0	0.663636	0.958512	0.238913	0.5625	0.88412	9.90099e-09	0.0891089	9.90099e-09	1	0.118741	0.175274	0.666667	0.666667	1.5	1	1	970740	1e+20	3.73185e+07	78.7561	12.2139	59.7332	86.9677	55.071	66.9154	
226000	-142239	-1337.28	-95361.4	-22212.4	0.117733	1	0.136221	14.682	2.52636	0.0196561	18.8164	0.462468	7098	99	620	-59689.2	50.029f	92.2831	4	1	1	0.0594059	0.0594059	0.029703	9.90099e-09	0	0	0	0	0.709091	0.967651	0.230337	0.487805	0.889045	9.90099e-09	0.0891089	9.90099e-09	1	0.107042	0.154839	0.666667	0.666667	1.5	1	1	970740	1e+20	3.73185e+07	91.6599	25.47	59.7332	86.9677	50.029	92.2831	
227000	-144036	-1337.28	-97158.7	-22507.6	0.119267	1	0.130361	15.342	2.44919	0.010724	18.8164	0.498481	7237	99	634	-59689.2	51.5332f	77.4452	4	1	1	0.0693069	0.0594059	0.029703	9.90099e-09	0	0	0	0	0.772727	0.961272	0.231724	0.47619	0.893646	9.90099e-09	0.0891089	9.90099e-09	1	0.117403	0.183121	0.666667	0.666667	1.5	1	1	970740	1e+20	3.73185e+07	91.6599	25.47	59.7332	86.9677	51.5332	77.4452	
228000	-146265	-1337.28	-99387.3	-22919.7	0.12483	1	0.130361	15.342	2.56342	0.021371	18.8164	0.476268	7434	99	634	-59689.2	61.2235f	93.5572	4	1	1	0.0693069	0.0594059	0.029703	9.90099e-09	0	0	0	0	0.681818	0.973226	0.246649	0.531746	0.895161	9.90099e-09	0.0891089	9.90099e-09	1	0.110215	0.188474	0.666667	0.666667	1.5	1	1	970740	1e+20	3.73185e+07	91.6599	25.47	59.7332	86.9677	61.2235	93.5572	
229000	-145933	-1337.28	-99056	-22848.9	0.12483	1	0.115589	17.3027	2.62676	0.0154282	19.5094	0.524186	7400	99	630	-59689.2	59.6943f	85.1012	4	1	1	0.0693069	0.0891089	0.029703	9.90099e-09	0	0	0	0	0.681818	0.966125	0.286874	0.520325	0.909214	9.90099e-09	0.0891089	9.90099e-09	1	0.107962	0.153094	0.666667	0.666667	1.5	1	1	970740	1e+20	3.73185e+07	84.7029	37.3896	59.7332	86.9677	59.6943	85.1012	
230000	-147403	-1337.28	-100526	-23075.8	0.12483	1	0.11999	16.6681	2.934	0.0187694	19.87	0.45208	7509	99	650	-59689.2	53.5289f	91.0176	4	1	1	0.0693069	0.0891089	0.039604	9.90099e-09	0	0	0	0	0.690909	0.949401	0.246996	0.496241	0.912117	9.90099e-09	0.148515	9.90099e-09	1	0.0907877	0.1536	0.666667	0.666667	1.5	1	1	970740	1e+20	3.73185e+07	84.7029	37.3896	59.7332	86.9677	53.5289	91.0176	
231000	-145871	-1337.28	-98993.7	-22857.2	0.124684	1	0.129958	15.3896	3.17402	0.00430893	19.87	0.385841	7404	99	615	-59689.2	55.3127f	43.6715	4	1	1	0.0693069	0.0891089	0.039604	9.90099e-09	0	0	0	0	0.818182	0.954054	0.275304	0.530769	0.916329	9.90099e-09	0.148515	9.90099e-09	1	0.103914	0.130225	0.666667	0.666667	1.5	1	1	970740	1e+20	3.73185e+07	84.7029	37.3896	52.582	92.0984	55.3127	43.6715	
232000	-146563	-1337.28	-99685.5	-22961.3	0.124684	1	0.129958	15.3896	3.17402	0.0316601	19.87	0.385841	7454	99	636	-59689.2	21.5121f	98.0969	4	1	1	0.0693069	0.0891089	0.039604	9.90099e-09	0	0	0	0	0.781818	0.954545	0.231494	0.496124	0.900404	9.90099e-09	0.148515	9.90099e-09	1	0.0955585	0.132716	0.666667	0.666667	1.5	1	1	970740	1e+20	3.73185e+07	87.4469	16.0399	52.582	92.0984	21.5121	98.0969	
233000	-147829	-1337.28	-100952	-23189.5	0.123694	1	0.117668	16.997	2.65116	0.0124623	19.5121	0.510185	7563	99	631	-59689.2	29.8844f	72.457	4	1	1	0.0693069	0.0891089	0.039604	9.90099e-09	0	0	0	0	0.790909	0.965608	0.253298	0.578125	0.908971	9.90099e-09	0.148515	9.90099e-09	1	0.0976253	0.172093	0.666667	0.666667	1.5	1	1	970740	1e+20	3.73185e+07	87.4469	16.0399	73.935	60.2097	29.8844	72.457	
234000	-144366	-1337.28	-97488.4	-22648.2	0.123694	1	0.123149	16.2405	2.77466	0.00511875	19.5121	0.465778	7304	99	595	-59689.2	59.1196f	58.0274	4	1	1	0.039604	0.0891089	0.039604	9.90099e-09	0	0	0	0	0.781818	0.956581	0.247606	0.469231	0.901218	9.90099e-09	0.148515	9.90099e-09	1	0.110807	0.210963	0.666667	0.666667	1.5	1	1	970740	1e+20	3.73185e+07	92.7949	24.3218	73.935	60.2097	59.1196	58.0274	
235000	-143976	-1337.28	-97098.3	-22644	0.123694	1	0.119518	16.7339	2.51257	0.0297496	19.177	0.529993	7302	99	562	-59689.2	98.0859f	79.1382	4	1	1	0.039604	0.128713	0.039604	0.009901	0	0	0	0	0.8	0.973973	0.237311	0.473214	0.901505	9.90099e-09	0.148515	9.90099e-09	1	0.102599	0.157609	0.666667	0.666667	1.5	1	1	970740	1e+20	3.73185e+07	92.7949	24.3218	73.935	60.2097	98.0859	79.1382	
236000	-145660	-1337.28	-98782.9	-22850.9	0.123694	1	0.125788	15.8997	2.64439	0.0169282	19.177	0.47847	7401	99	607	-59689.2	41.2377f	10.9945	4	1	1	0.039604	0.128713	0.0594059	0.009901	0	0	0	0	0.781818	0.980978	0.227642	0.521368	0.895664	0.009901	0.148515	9.90099e-09	1	0.101902	0.186161	0.666667	0.666667	1.5	1	1	970740	1e+20	3.73185e+07	92.7949	24.3218	44.4205	33.0681	41.2377	10.9945	
237000	-147970	-1337.28	-101093	-23175.2	0.127847	1	0.13196	15.1561	2.86727	0.0113287	19.177	0.420639	7557	99	655	-59689.2	62.611f	21.4857	4	1	1	0.039604	0.128713	0.0594059	0.009901	0	0	0	0	0.863636	0.948276	0.274064	0.438462	0.876	0.009901	0.108911	9.90099e-09	1	0.0901857	0.167905	0.666667	0.666667	1.5	1	1	970740	1e+20	3.73185e+07	92.7949	24.3218	50.0915	23.628	62.611	21.4857	
238000	-149606	-1337.28	-102729	-23383	0.127847	1	0.131984	15.1533	2.73229	0.00976773	18.9464	0.441337	7658	99	704	-59689.2	25.2379f	51.4766	4	1	1	0.039604	0.128713	0.0594059	0.009901	0	0	0	0	0.7	0.951634	0.223529	0.537879	0.891645	0.009901	0.108911	9.90099e-09	1	0.101828	0.14759	0.666667	0.666667	1.5	1	1	970740	1e+20	3.73185e+07	92.7949	24.3218	50.0915	23.628	25.2379	51.4766	
239000	-149412	-1337.28	-102534	-23446.6	0.128558	1	0.129365	15.4602	2.81962	0.020877	19.1653	0.436329	7689	99	651	-59689.2	49.9838f	4.07291	4	1	1	0.039604	0.128713	0.0594059	0.009901	0	0	0	0	0.709091	0.958388	0.207792	0.580153	0.903394	0.009901	0.108911	9.90099e-09	1	0.115584	0.184127	0.666667	0.666667	1.5	1	1	970740	1e+20	3.73185e+07	92.7949	24.3218	48.8577	15.914	49.9838	4.07291	
240000	-149891	-1337.28	-103014	-23495.8	0.128644	1	0.134764	14.8408	2.90417	0.0202678	19.1079	0.406654	7713	99	670	-59689.2	67.4818f	7.86697	4	1	1	0.039604	0.128713	0.0594059	0.009901	0	0	0	0	0.8	0.962484	0.268135	0.536765	0.911917	0.009901	0.108911	9.90099e-09	1	0.106218	0.189394	0.666667	0.666667	1.5	1	1	970740	1e+20	3.73185e+07	92.7949	24.3218	48.8577	15.914	67.4818	7.86697	
241000	-147930	-1337.28	-101053	-23276.3	0.128644	1	0.121998	16.3937	2.62906	0.0169497	19.1079	0.496212	7606	99	602	-59689.2	85.2174f	28.6574	4	1	1	0.0594059	0.0891089	0.0594059	0.009901	0	0	0	0	0.818182	0.958115	0.233903	0.528	0.901832	0.009901	0.108911	9.90099e-09	1	0.0968586	0.170654	0.666667	0.666667	1.5	1	1	970740	1e+20	3.73185e+07	92.7949	24.3218	48.8577	15.914	85.2174	28.6574	
242000	-149988	-1337.28	-103111	-23575.7	0.128644	1	0.124407	16.0763	2.77611	0.0126032	19.2752	0.460828	7752	99	642	-59689.2	81.1651f	36.6714	4	1	1	0.0594059	0.0891089	0.049505	0.009901	0	0	0	0	0.763636	0.957198	0.216602	0.464567	0.894942	0.009901	0.108911	9.90099e-09	1	0.0933852	0.172414	0.666667	0.666667	1.5	1	1	970740	1e+20	3.73185e+07	92.7949	24.3218	48.8577	15.914	81.1651	36.6714	
243000	-148289	-1337.28	-101412	-23225.1	0.128644	1	0.124407	16.0763	3.16395	0.0291891	19.9157	0.40434	7581	99	653	-59689.2	95.4293f	16.1135	4	1	1	0.0594059	0.0891089	0.049505	0.009901	0	0	0	0	0.754545	0.960317	0.27141	0.445313	0.898148	0.009901	0.108911	9.90099e-09	1	0.109354	0.151608	0.666667	0.666667	1.5	1	1	970740	1e+20	3.73185e+07	92.7949	24.3218	48.8577	15.914	95.4293	16.1135	
244000	-148237	-1337.28	-101359	-23337.9	0.128644	1	0.115416	17.3287	2.77429	0.0294369	19.6369	0.497054	7636	99	594	-59689.2	17.2514f	5.74553	4	1	1	0.0594059	0.0891089	0.049505	0.009901	0	0	0	0	0.654545	0.966102	0.240838	0.565574	0.9047	0.009901	0.148515	9.90099e-09	1	0.101961	0.167742	0.666667	0.666667	1.5	1	1	970740	1e+20	3.73185e+07	92.7949	24.3218	48.8577	15.914	17.2514	5.74553	
245000	-153223	-1337.28	-106346	-24121.9	0.131388	1	0.115416	17.3287	2.95736	0.00526887	19.8481	0.466284	8021	99	655	-59689.2	50.3291f	36.4979	4	1	1	0.0594059	0.0891089	0.049505	0.009901	0	0	0	0	0.654545	0.97622	0.245636	0.511111	0.912827	0.009901	0.148515	9.90099e-09	1	0.109863	0.160317	0.666667	0.666667	1.5	1	1	970740	1e+20	3.73185e+07	92.7949	24.3218	54.5648	44.8591	50.3291	36.4979	
246000	-153386	-1337.28	-106509	-24082.6	0.13209	1	0.115233	17.3562	2.90378	0.020799	19.7391	0.475643	8002	99	683	-59689.2	86.7072f	76.7656	4	1	1	0.0594059	0.0891089	0.049505	0.009901	0	0	0	0	0.781818	0.967541	0.254068	0.611111	0.898876	0.009901	0.148515	9.90099e-09	1	0.108614	0.15456	0.666667	0.666667	1.5	1	1	970740	1e+20	3.73185e+07	92.7949	24.3218	54.5648	44.8591	86.7072	76.7656	
247000	-152607	-1337.28	-105730	-23997.6	0.13209	1	0.118758	16.841	2.99261	0.00905686	19.7391	0.447825	7960	99	655	-59689.2	53.5154f	73.6159	4	1	1	0.049505	0.0594059	0.049505	0.009901	0	0	0	0	0.818182	0.969925	0.290363	0.469697	0.914787	0.009901	0.148515	9.90099e-09	1	0.0991217	0.15566	0.666667	0.666667	1.5	1	1	970740	1e+20	3.73185e+07	92.7949	24.3218	72.068	32.2879	53.5154	73.6159	
248000	-150498	-1337.28	-103621	-23661.7	0.132337	1	0.119634	16.7176	2.74666	0.0196935	19.2759	0.48435	7794	99	639	-59689.2	66.7795f	8.43703	4	1	1	0.049505	0.0594059	0.049505	9.90099e-09	0	0	0	0	0.818182	0.942455	0.244845	0.480315	0.891026	0.009901	0.148515	9.90099e-09	1	0.0935897	0.163522	0.666667	0.666667	1.5	1	1	970740	1e+20	3.73185e+07	92.7949	24.3218	72.068	32.2879	66.7795	8.43703	
249000	-149560	-1337.28	-102683	-23505.5	0.126633	1	0.119634	16.7176	2.62827	0.0196935	19.2759	0.506167	7717	99	632	-59689.2	66.7795f	8.43703	4	1	1	0.049505	0.0594059	0.0891089	9.90099e-09	0	0	0	0	0.818182	0.959845	0.27013	0.622047	0.909091	0.009901	0.148515	9.90099e-09	1	0.106218	0.170846	0.666667	0.666667	1.5	1	1	970740	1e+20	3.73185e+07	92.7949	24.3218	72.068	32.2879	66.7795	8.43703	
250000	-147092	-1337.28	-100214	-23112.9	0.126633	1	0.121744	16.4279	2.94022	0.00922247	19.7376	0.444623	7527	99	607	-59689.2	74.0306f	60.0112	4	1	1	0.049505	0.0594059	0.0891089	9.90099e-09	0	0	0	0	0.718182	0.956175	0.254642	0.604839	0.891247	9.90099e-09	0.0990099	9.90099e-09	1	0.110226	0.173984	0.666667	0.666667	1.5	1	1	970740	1e+20	3.73185e+07	92.7949	24.3218	72.068	32.2879	74.0306	60.0112	
251000	-146113	-1337.28	-99236.2	-22996.7	0.125437	1	0.108319	18.4639	2.59129	0.0242591	19.7376	0.56702	7471	99	571	-59689.2	83.6791f	11.7479	4	1	1	0.049505	0.0594059	0.0891089	9.90099e-09	0	0	0	0	0.790909	0.973226	0.246319	0.478992	0.909454	9.90099e-09	0.0990099	9.90099e-09	1	0.0963855	0.163763	0.666667	0.666667	1.5	1	1	970740	1e+20	3.73185e+07	92.7949	24.3218	72.068	32.2879	83.6791	11.7479	