
# before rand glnL: -49515.027016 alnL: -1338.376909
# ninter: 99
# ncoal: 99
# nhits: 99
# true lbda: 0.002162
# true mu: 0.902638
# true rad: 80.030856
# true sigsq: 100.617391
# true neigh. size: 2.215727
# fst-based estimate of neighborhood size: -nan
# nucleotide diversity: 0.000000
# length of a generation: 2089.94 time units
# clock rate: 1 subst. per time unit
# after rand glnL: -49515.027016 alnL: -1338.376909
# ninter: 99
# ncoal: 99
# nhits: 99
# start lbda: 0.002162
# start mu: 0.902638
# start rad: 19.752685
sample	lnP	alnL	glnL	tlnL	lbda	clock	mu	neigh	sigsq	sigsqobs	rad	rhoe	nInt	nCoal	nHit	rootTime	rootLon	rootLat	tstv	alpha	MeanBr	accLbda	accMu	accRad	accInDelDisk	accInDelHit	accScaleTime	accSPR	accSPRlocal	accPath	accIndelDiskSerial	accIndelHitSerial	accLdskGivenDisk	accDiskGivenLdsk	accDiskAndLdsk	accLdskMulti	accDiskMulti	accMoveDiskUD	accAddRemoveJump	accLdskTipToRoot	tuneLbda	tuneRad	tuneMu	tuneIndelDisk	tuneIndelHit	tuneLdskGivenDisk	tuneIndelDiskSerial	tuneIndelHitSerial	c0	c1	rootc0	rootc1	rootldsk0	rootldsk1	
  1000	-53393.6	-1338.38	-6515.23	-1804.06	0.00506055	1	0.223823	8.93561	0.206092	0.0228051	19.5069	3.45027	297	99	120	-46246.7	20.2177f	77.0047	4	1	1	0	0	0	0	0	0	0	0	0.990909	0.886957	0.232759	0.398058	0.54386	0	0	0	1	0.181818	0.125	1	1	1	1	1	2.25	17.0859	0.666667	10.788	37.6486	5.32573	75.6921	20.2177	77.0047	
  2000	-55013.7	-1338.38	-8135.37	-2293.8	0.00756147	1	0.171396	11.6689	0.235812	0.0328345	19.5069	3.9378	398	99	144	-46246.7	14.8161f	86.0626	4	1	1	0	0	0	0	0	0	0	0	0.981818	0.844262	0.239669	0.356436	0.702479	0	0	0	1	0.166667	0.289855	1	1	1	1	1	3.375	985.261	1.5	10.788	37.6486	5.32573	75.6921	14.8161	86.0626	
  3000	-56884.1	-1338.38	-10005.8	-2926.17	0.0122729	1	0.17699	11.3	0.397664	0.0345269	19.5367	2.26128	536	99	142	-46246.7	5.65473f	76.8668	4	1	1	0	0	0	0	0	0	0	0	0.936364	0.814815	0.248366	0.552381	0.701299	0	0	0	1	0.0673077	0.314685	1	1	1	1	1	11.3906	191751	5.0625	28.1114	60.825	5.32573	75.6921	5.65473	76.8668	
  4000	-59598.3	-1338.38	-12719.9	-3711.5	0.0141864	1	0.165604	12.077	0.430927	0.0361518	19.5462	2.23021	718	99	164	-46246.7	17.4481f	92.2744	4	1	1	0	0	0	0	0	0	0	0	0.918182	0.951724	0.278571	0.572816	0.702899	0	0	0	1	0.15	0.121951	1	1	1	1	1	25.6289	1.2595e+08	3.375	39.6492	23.7014	5.32573	75.6921	17.4481	92.2744	
  5000	-60657	-1338.38	-13778.6	-4058.05	0.0170049	1	0.184706	10.828	0.576121	0.0360392	19.5462	1.49563	803	99	160	-46246.7	3.1375f	75.1039	4	1	1	0	0	0	0	0	0	0	0	0.881818	0.932927	0.222222	0.605263	0.810976	0	0	0	1	0.111801	0.133758	1	1	1	1	1	57.665	1.63415e+10	38.4434	39.6492	23.7014	5.32573	75.6921	3.1375	75.1039	
  6000	-61264.1	-1338.38	-14385.7	-4188.17	0.0170984	1	0.175614	11.3886	0.550775	0.00994926	19.5462	1.64545	835	99	178	-46246.7	33.3891f	62.7963	4	1	1	0	0	0	0	0	0	0	0	0.927273	0.933735	0.215569	0.490741	0.819277	0	0	0	1	0.114458	0.283133	1	1	1	1	1	194.62	3.62265e+13	0.666667	41.7533	95.3269	5.32573	75.6921	33.3891	62.7963	
  7000	-62895.3	-1338.38	-16016.9	-4595.02	0.0195098	1	0.182763	10.9431	0.707903	0.0303438	19.9368	1.23015	938	99	199	-46246.7	12.3699f	79.8439	4	1	1	0	0.247525	0.039604	0	0	0	0	0	0.827273	0.914894	0.308511	0.529412	0.747312	0	0	0.0891089	1	0.196809	0.138614	1	0.666667	1.5	1	1	437.894	3.56926e+16	194.62	41.7533	95.3269	5.32573	75.6921	12.3699	79.8439	
  8000	-62746.1	-1338.38	-15867.7	-4599.87	0.0215332	1	0.16085	12.434	0.687639	0.0238374	19.9368	1.43893	939	99	188	-46246.7	14.4812f	71.1189	4	1	1	0.19802	0.247525	0.039604	0	0	0	0	0	0.927273	0.945946	0.196809	0.508772	0.806452	0	0.128713	0.0891089	1	0.175532	0.282723	0.666667	0.666667	1.5	1	1	1477.89	6.94648e+18	7481.83	43.5011	78.5301	5.32573	75.6921	14.4812	71.1189	
  9000	-63851.5	-1338.38	-16973.1	-4921.92	0.0222395	1	0.160505	12.4607	0.661471	0.0322375	19.5962	1.49907	1023	99	184	-46246.7	64.3237f	98.1446	4	1	1	0.19802	0.247525	0.039604	0	0	0	0	0	0.863636	0.95098	0.281553	0.553398	0.823529	0	0.128713	0.0891089	1	0.166667	0.153439	0.666667	0.666667	1.5	1	1	3325.26	1e+20	16834.1	9.01669	47.4598	22.6829	89.3268	64.3237	98.1446	
 10000	-64357.4	-1338.38	-17479	-5043.91	0.0220956	1	0.201703	9.91556	0.75867	0.0327951	19.1847	1.04005	1055	99	197	-46246.7	3.81609f	69.8601	4	1	1	0.19802	0.247525	0.039604	0	0	0	0	0	0.927273	0.971963	0.226415	0.53211	0.721154	0	0.128713	0.0891089	1	0.113208	0.289474	0.666667	0.666667	1.5	1	1	7481.83	1e+20	647160	9.01669	47.4598	22.6829	89.3268	3.81609	69.8601	
 11000	-66474.7	-1338.38	-19596.3	-5548.79	0.0238494	1	0.167516	11.9391	0.760902	0.0286983	19.7309	1.24863	1190	99	229	-46246.7	37.9563f	95.0451	4	1	1	0.19802	0.247525	0.039604	0.049505	0	0	0	0	0.918182	0.974576	0.245763	0.536364	0.805085	0	0.128713	0.0891089	1	0.161017	0.165919	0.666667	0.666667	1.5	1	1	7481.83	1e+20	647160	9.01669	47.4598	30.8667	89.9586	37.9563	95.0451	
 12000	-65598.5	-1338.38	-18720.2	-5343.09	0.0240447	1	0.161523	12.3822	0.765964	0.0237727	19.9038	1.28641	1135	99	215	-46246.7	33.5995f	88.0354	4	1	1	0.19802	0.247525	0.039604	0.049505	0	0	0	0	0.881818	0.955752	0.298246	0.522936	0.850877	0	0.128713	0.009901	1	0.105263	0.172093	0.666667	0.666667	1.5	1	1	7481.83	1e+20	647160	9.01669	47.4598	30.8667	89.9586	33.5995	88.0354	
 13000	-66159.3	-1338.38	-19281	-5520.18	0.0262336	1	0.162773	12.287	0.838081	0.022461	19.8797	1.16668	1183	99	206	-46246.7	42.5852f	89.3281	4	1	1	0.19802	0.118812	0.049505	0.049505	0	0	0	0	0.936364	0.966667	0.3	0.411765	0.823529	0	0.128713	0.009901	1	0.10084	0.180952	0.666667	0.666667	1.5	1	1	7481.83	1e+20	647160	9.01669	47.4598	30.8667	89.9586	42.5852	89.3281	
 14000	-66796.4	-1338.38	-19918	-5652.76	0.0276976	1	0.17592	11.3688	0.95632	0.034205	19.8797	0.946023	1219	99	223	-46246.7	14.5994f	87.5717	4	1	1	0.19802	0.118812	0.049505	0.049505	0	0	0	0	0.890909	0.97541	0.204918	0.603604	0.803279	9.90099e-09	0.168317	0.009901	1	0.138211	0.152381	0.666667	0.666667	1.5	1	1	7481.83	1e+20	647160	28.1625	55.6244	30.8667	89.9586	14.5994	87.5717	
 15000	-67439	-1338.38	-20560.6	-5890.2	0.0255443	1	0.154951	12.9073	0.695468	0.025457	19.3372	1.47689	1284	99	205	-46246.7	15.3828f	75.6767	4	1	1	0.148515	0.118812	0.049505	0.049505	0	0	0	0	0.909091	0.976923	0.230769	0.555556	0.815385	9.90099e-09	0.168317	0.009901	1	0.115385	0.201923	0.666667	0.666667	1.5	1	1	7481.83	1e+20	647160	28.1625	55.6244	30.8667	89.9586	15.3828	75.6767	
 16000	-67863.1	-1338.38	-20984.7	-5962.6	0.0268296	1	0.168753	11.8516	0.76119	0.0322933	19.1251	1.23901	1305	99	220	-46246.7	16.459f	86.9409	4	1	1	0.148515	0.118812	0.049505	0.049505	0	0	0	0	0.872727	0.930769	0.232558	0.5	0.806202	9.90099e-09	0.168317	0.009901	1	0.153846	0.131818	0.666667	0.666667	1.5	1	1	7481.83	1e+20	647160	28.1625	55.6244	30.8667	89.9586	16.459	86.9409	
 17000	-68194.8	-1338.38	-21316.5	-6057.02	0.0286871	1	0.157033	12.7362	0.757362	0.0126972	19.1251	1.33822	1332	99	221	-46246.7	26.8807f	62.4081	4	1	1	0.148515	0.118812	0.049505	0.049505	0	0	0	0	0.845455	0.953846	0.246269	0.586538	0.828358	9.90099e-09	0.168317	0.009901	1	0.150376	0.169903	0.666667	0.666667	1.5	1	1	7481.83	1e+20	647160	22.6492	64.8409	34.3266	72.0646	26.8807	62.4081	
 18000	-68969.1	-1338.38	-22090.7	-6184.87	0.0286871	1	0.168185	11.8917	0.811148	0.0213277	19.1251	1.16663	1368	99	247	-46246.7	44.2702f	88.2825	4	1	1	0.148515	0.118812	0.049505	0.049505	0	0	0	0	0.918182	0.926471	0.217391	0.529412	0.807407	9.90099e-09	0.168317	0.009901	1	0.130435	0.138776	0.666667	0.666667	1.5	1	1	7481.83	1e+20	647160	13.806	32.7186	34.3266	72.0646	44.2702	88.2825	
 19000	-70631.7	-1338.38	-23753.3	-6550	0.0320481	1	0.182771	10.9427	0.984774	0.0187891	19.1251	0.884253	1473	99	277	-46246.7	49.4991f	85.6084	4	1	1	0.148515	0.118812	0.049505	0.049505	0	0	0	0	0.936364	0.918367	0.277027	0.463636	0.816327	9.90099e-09	0.168317	0.009901	1	0.141892	0.210145	0.666667	0.666667	1.5	1	1	7481.83	1e+20	647160	10.5493	40.8107	34.3266	72.0646	49.4991	85.6084	
 20000	-72266.9	-1338.38	-25388.5	-7041.81	0.0331192	1	0.169177	11.822	1.02729	0.0214647	19.5441	0.915767	1617	99	257	-46246.7	33.677f	85.1588	4	1	1	0.148515	0.108911	0.049505	0.049505	0	0	0	0	0.836364	0.950311	0.265432	0.524272	0.839506	9.90099e-09	0.0792079	0.009901	1	0.160494	0.166667	0.666667	0.666667	1.5	1	1	7481.83	1e+20	647160	10.5493	40.8107	2.77606	68.5127	33.677	85.1588	
 21000	-71404.2	-1338.38	-24525.8	-6773.65	0.0345054	1	0.183747	10.8845	1.26385	0.0403952	19.9569	0.685337	1538	99	270	-46246.7	13.3143f	93.4722	4	1	1	0.148515	0.108911	0.049505	0.049505	0	0	0	0	0.863636	0.934641	0.25974	0.425926	0.837662	9.90099e-09	0.0792079	0.009901	1	0.142857	0.179104	0.666667	0.666667	1.5	1	1	7481.83	1e+20	647160	10.5493	40.8107	2.77606	68.5127	13.3143	93.4722	
 22000	-71941.8	-1338.38	-25063.4	-6962.23	0.0322385	1	0.167401	11.9473	1.07577	0.0288636	19.9569	0.883772	1593	99	256	-46246.7	5.06073f	62.0866	4	1	1	0.178218	0.108911	0.049505	0.049505	0	0	0	0	0.863636	0.975	0.28125	0.490566	0.8	9.90099e-09	0.0792079	0.009901	1	0.16875	0.219008	0.666667	0.666667	1.5	1	1	7481.83	1e+20	647160	10.5493	40.8107	2.77606	68.5127	5.06073	62.0866	
 23000	-71910.7	-1338.38	-25032.4	-7004.69	0.0329633	1	0.174362	11.4704	1.07707	0.0307835	19.6511	0.847475	1606	99	241	-46246.7	1.69141f	47.1166	4	1	1	0.178218	0.108911	0.049505	9.90099e-09	0	0	0	0	0.909091	0.93125	0.229814	0.551402	0.84375	9.90099e-09	0.0792079	0.009901	1	0.15625	0.135135	0.666667	0.666667	1.5	1	1	7481.83	1e+20	647160	10.5493	40.8107	2.77606	68.5127	1.69141	47.1166	
 24000	-73014.3	-1338.38	-26136	-7156.47	0.0357041	1	0.20605	9.70638	1.19634	0.0329843	18.9665	0.645645	1652	99	291	-46246.7	8.54268f	78.7946	4	1	1	0.178218	0.108911	0.049505	9.90099e-09	0	0	0	0	0.854545	0.909091	0.23494	0.589286	0.759036	9.90099e-09	0.0792079	0.009901	1	0.126506	0.135231	0.666667	0.666667	1.5	1	1	7481.83	1e+20	647160	10.5493	40.8107	2.77606	68.5127	8.54268	78.7946	
 25000	-73317.3	-1338.38	-26439	-7282.89	0.0371618	1	0.176939	11.3034	1.31858	0.0242538	19.9868	0.682169	1690	99	275	-46246.7	9.14104f	41.3136	4	1	1	0.178218	0.0990099	0.049505	9.90099e-09	0	0	0	0	0.818182	0.933735	0.195266	0.535088	0.820359	9.90099e-09	0.0792079	0.009901	1	0.12426	0.153025	0.666667	0.666667	1.5	1	1	7481.83	1e+20	647160	10.5493	40.8107	2.77606	68.5127	9.14104	41.3136	
 26000	-75313.8	-1338.38	-28435.4	-7795.61	0.0408618	1	0.171983	11.6291	1.40925	0.0406863	19.9868	0.656669	1847	99	278	-46246.7	5.95884f	13.592	4	1	1	0.178218	0.0990099	0.0891089	9.90099e-09	0	0	0	0	0.890909	0.935829	0.251337	0.474138	0.87234	0.009901	0.0792079	0.009901	1	0.140541	0.14539	0.666667	0.666667	1.5	1	1	7481.83	1e+20	647160	10.5493	40.8107	32.9121	52.0301	5.95884	13.592	
 27000	-77509.2	-1338.38	-30630.8	-8323.91	0.0451921	1	0.160033	12.4974	1.3341	0.00969649	19.5739	0.74546	2013	99	285	-46246.7	43.5519f	30.3353	4	1	1	0.178218	0.0990099	0.0891089	9.90099e-09	0	0	0	0	0.836364	0.935323	0.268657	0.614035	0.80303	0.009901	0.0792079	0.009901	1	0.124378	0.191882	0.666667	0.666667	1.5	1	1	7481.83	1e+20	647160	10.5493	40.8107	32.9121	52.0301	43.5519	30.3353	
 28000	-77765.1	-1338.38	-30886.7	-8351.23	0.0447672	1	0.16467	12.1455	1.19999	0.0102042	18.9713	0.805433	2022	99	302	-46246.7	30.1665f	58.2276	4	1	1	0.178218	0.0990099	0.0891089	9.90099e-09	0	0	0	0	0.909091	0.917476	0.256158	0.513043	0.834951	0.009901	0.128713	0.009901	1	0.123153	0.19788	0.666667	0.666667	1.5	1	1	7481.83	1e+20	647160	10.5493	40.8107	32.9121	52.0301	30.1665	58.2276	
 29000	-78251.4	-1338.38	-31373.1	-8512.76	0.0449448	1	0.184081	10.8648	1.29515	0.0127306	18.7869	0.667561	2074	99	286	-46246.7	33.0044f	29.7182	4	1	1	0.118812	0.0990099	0.0891089	9.90099e-09	0	0	0	0	0.872727	0.922705	0.241546	0.581197	0.855769	0.009901	0.128713	0.009901	1	0.115385	0.157343	0.666667	0.666667	1.5	1	1	7481.83	1e+20	647160	10.5493	40.8107	32.9121	52.0301	33.0044	29.7182	
 30000	-80548.8	-1338.38	-33670.4	-8971.05	0.0466766	1	0.170163	11.7535	1.41893	0.0187128	19.4177	0.659165	2223	99	330	-46246.7	27.182f	76.8864	4	1	1	0.118812	0.148515	0.0891089	9.90099e-09	0	0	0	0	0.9	0.923077	0.238739	0.462121	0.873832	0.009901	0.128713	0.009901	1	0.158371	0.193939	0.666667	0.666667	1.5	1	1	7481.83	1e+20	647160	10.5493	40.8107	32.9121	52.0301	27.182	76.8864	
 31000	-80643.1	-1338.38	-33764.7	-9097.13	0.0464891	1	0.158036	12.6554	1.31251	0.0142657	19.4177	0.767294	2264	99	288	-46246.7	53.6763f	20.8996	4	1	1	0.118812	0.148515	0.0891089	9.90099e-09	0	0	0	0	0.836364	0.929825	0.330396	0.467213	0.85022	0.009901	0.128713	9.90099e-09	1	0.118943	0.196491	0.666667	0.666667	1.5	1	1	7481.83	1e+20	647160	10.5493	40.8107	32.9121	52.0301	53.6763	20.8996	
 32000	-80902.6	-1338.38	-34024.2	-9097.64	0.0499741	1	0.165402	12.0918	1.4314	0.019459	19.2671	0.672233	2265	99	313	-46246.7	47.6247f	13.5195	4	1	1	0.118812	0.148515	0.0891089	9.90099e-09	0	0	0	0	0.881818	0.921397	0.254386	0.524752	0.859649	0.009901	0.128713	9.90099e-09	1	0.118943	0.171779	0.666667	0.666667	1.5	1	1	7481.83	1e+20	647160	10.5493	40.8107	53.3814	21.2545	47.6247	13.5195	
 33000	-81927.1	-1338.38	-35048.7	-9325.36	0.0499741	1	0.148809	13.4401	1.2878	0.00693839	19.2671	0.830507	2341	99	322	-46246.7	43.2801f	38.7362	4	1	1	0.118812	0.148515	0.0891089	0.009901	0	0	0	0	0.8	0.931915	0.261603	0.5	0.872881	0.009901	0.128713	9.90099e-09	1	0.119149	0.190909	0.666667	0.666667	1.5	1	1	7481.83	1e+20	647160	10.5493	40.8107	53.3814	21.2545	43.2801	38.7362	
 34000	-82168.7	-1338.38	-35290.3	-9438.93	0.0502067	1	0.153803	13.0036	1.33722	0.0129782	19.2671	0.773841	2379	99	299	-46246.7	46.922f	23.0569	4	1	1	0.118812	0.148515	0.0891089	0.009901	0	0	0	0	0.827273	0.958333	0.242678	0.595041	0.852321	0.009901	0.0891089	9.90099e-09	1	0.113445	0.221184	0.666667	0.666667	1.5	1	1	7481.83	1e+20	647160	10.5493	40.8107	53.3814	21.2545	46.922	23.0569	
 35000	-83075.5	-1338.38	-36197.1	-9565.74	0.0515406	1	0.177425	11.2724	1.43392	0.0231297	18.7948	0.625574	2422	99	338	-46246.7	65.371f	11.8601	4	1	1	0.118812	0.168317	0.0891089	0.009901	0	0	0	0	0.9	0.929752	0.231405	0.458647	0.871901	0.009901	0.0891089	9.90099e-09	1	0.115226	0.182635	0.666667	0.666667	1.5	1	1	7481.83	1e+20	647160	10.5493	40.8107	53.3814	21.2545	65.371	11.8601	
 36000	-82787.5	-1338.38	-35909.1	-9547.95	0.0515406	1	0.171168	11.6845	1.62395	0.0119957	19.5636	0.572566	2416	99	316	-46246.7	58.4314f	25.8605	4	1	1	0.108911	0.168317	0.0891089	0.009901	0	0	0	0	0.872727	0.942387	0.247934	0.594059	0.917695	0.009901	0.0891089	9.90099e-09	1	0.168724	0.200617	0.666667	0.666667	1.5	1	1	7481.83	1e+20	647160	10.5493	40.8107	53.3814	21.2545	58.4314	25.8605	
 37000	-82253.3	-1338.38	-35374.9	-9432.3	0.0515406	1	0.150895	13.2543	1.43161	0.0202432	19.5636	0.736751	2377	99	306	-46246.7	77.6905f	24.1914	4	1	1	0.108911	0.168317	0.0891089	0.009901	0	0	0	0	0.818182	0.950413	0.258333	0.509804	0.857143	9.90099e-09	0.0891089	9.90099e-09	1	0.107884	0.165625	0.666667	0.666667	1.5	1	1	7481.83	1e+20	647160	19.2479	49.0245	62.5986	22.2461	77.6905	24.1914	
 38000	-82619.7	-1338.38	-35741.4	-9506.44	0.0515406	1	0.151535	13.1983	1.47321	0.0218952	19.6833	0.712923	2402	99	313	-46246.7	66.0915f	13.6929	4	1	1	0.108911	0.168317	0.0693069	0.009901	0	0	0	0	0.872727	0.953975	0.254167	0.413534	0.845188	9.90099e-09	0.0891089	9.90099e-09	1	0.104603	0.153374	0.666667	0.666667	1.5	1	1	7481.83	1e+20	647160	19.2479	49.0245	62.5986	22.2461	66.0915	13.6929	
 39000	-82279.9	-1338.38	-35401.5	-9438.39	0.0508533	1	0.151535	13.1983	1.45357	0.00792396	19.6833	0.722557	2379	99	305	-46246.7	40.5483f	36.8934	4	1	1	0.108911	0.168317	0.0693069	0.009901	0	0	0	0	0.8	0.970711	0.25	0.538462	0.857741	9.90099e-09	0.0891089	9.90099e-09	1	0.108787	0.163934	0.666667	0.666667	1.5	1	1	7481.83	1e+20	647160	19.2479	49.0245	62.5986	22.2461	40.5483	36.8934	
 40000	-85178.6	-1338.38	-38300.2	-10069.8	0.0566481	1	0.145537	13.7422	1.65596	0.0153984	19.9949	0.660388	2595	99	329	-46246.7	71.5201f	72.6102	4	1	1	0.108911	0.168317	0.0693069	0.009901	0	0	0	0	0.863636	0.950758	0.210728	0.564815	0.853846	9.90099e-09	0.0891089	9.90099e-09	1	0.1341	0.154971	0.666667	0.666667	1.5	1	1	7481.83	1e+20	647160	19.2479	49.0245	95.222	32.7562	71.5201	72.6102	
 41000	-85087.6	-1338.38	-38209.2	-10153	0.0566481	1	0.131002	15.267	1.49057	0.0226397	19.9949	0.815062	2624	99	288	-46246.7	90.1487f	57.0274	4	1	1	0.108911	0.168317	0.0693069	0.009901	0	0	0	0	0.9	0.962121	0.269962	0.536585	0.839695	9.90099e-09	0.0990099	9.90099e-09	1	0.114068	0.175676	0.666667	0.666667	1.5	1	1	7481.83	1e+20	647160	9.19896	68.4627	95.222	32.7562	90.1487	57.0274	
 42000	-86869.4	-1338.38	-39991	-10464.4	0.0605615	1	0.135918	14.7147	1.65335	0.0279749	19.9949	0.708234	2733	99	332	-46246.7	85.8905f	79.3373	4	1	1	0.108911	0.0891089	0.0693069	9.90099e-09	0	0	0	0	0.845455	0.926471	0.216117	0.480315	0.889706	9.90099e-09	0.0990099	9.90099e-09	1	0.135531	0.164557	0.666667	0.666667	1.5	1	1	7481.83	1e+20	647160	9.19896	68.4627	96.5662	86.8388	85.8905	79.3373	
 43000	-87996	-1338.38	-41117.7	-10675	0.0616259	1	0.135918	14.7147	1.68241	0.0294749	19.9949	0.696	2808	99	345	-46246.7	97.3662f	57.4774	4	1	1	0.0990099	0.0891089	0.0693069	9.90099e-09	0	0	0	0	0.836364	0.960993	0.264286	0.429907	0.875	9.90099e-09	0.0990099	9.90099e-09	1	0.124113	0.2	0.666667	0.666667	1.5	1	1	7481.83	1e+20	647160	32.3618	51.2334	96.5662	86.8388	97.3662	57.4774	
 44000	-88803.6	-1338.38	-41925.2	-10886.9	0.0613769	1	0.135918	14.7147	1.67056	0.0543697	19.9799	0.700937	2884	99	340	-46246.7	96.9555f	98.9122	4	1	1	0.0990099	0.0891089	0.0693069	9.90099e-09	0	0	0	0	0.809091	0.938144	0.229452	0.650943	0.845361	9.90099e-09	0.0990099	9.90099e-09	1	0.158076	0.141176	0.666667	0.666667	1.5	1	1	7481.83	1e+20	647160	32.3618	51.2334	96.5662	86.8388	96.9555	98.9122	
 45000	-90853.9	-1338.38	-43975.5	-11242.7	0.063475	1	0.161812	12.36	2.0568	0.0446153	19.9799	0.478209	3013	99	385	-46246.7	86.6486f	98.4083	4	1	1	0.0990099	0.0891089	0.039604	9.90099e-09	0	0	0	0	0.827273	0.950495	0.195364	0.525	0.884106	9.90099e-09	0.0990099	9.90099e-09	1	0.135314	0.139175	0.666667	0.666667	1.5	1	1	7481.83	1e+20	647160	32.3618	51.2334	96.5662	86.8388	86.6486	98.4083	
 46000	-91819.9	-1338.38	-44941.5	-11450.4	0.0643243	1	0.15144	13.2065	1.95073	0.0358151	19.9799	0.538744	3089	99	388	-46246.7	85.2829f	90.3408	4	1	1	0.0990099	0.0891089	0.039604	9.90099e-09	0	0	0	0	0.890909	0.944984	0.28479	0.415929	0.882911	9.90099e-09	0.0990099	9.90099e-09	1	0.10356	0.151762	0.666667	0.666667	1.5	1	1	7481.83	1e+20	647160	34.5492	61.2961	96.5662	86.8388	85.2829	90.3408	
 47000	-89092.7	-1338.38	-42214.3	-10867.4	0.0631291	1	0.159026	12.5766	1.91911	0.0268345	19.7491	0.521499	2877	99	374	-46246.7	76.7198f	86.3452	4	1	1	0.0990099	0.0891089	0.039604	9.90099e-09	0	0	0	0	0.809091	0.969072	0.239726	0.512195	0.870748	9.90099e-09	0.0990099	9.90099e-09	1	0.146259	0.160891	0.666667	0.666667	1.5	1	1	7481.83	1e+20	647160	34.5492	61.2961	96.5662	86.8388	76.7198	86.3452	
 48000	-88993.3	-1338.38	-42114.9	-10856.4	0.0631291	1	0.159026	12.5766	1.91911	0.00655721	19.7491	0.521499	2873	99	371	-46246.7	38.5336f	49.5944	4	1	1	0.0990099	0.0594059	0.039604	9.90099e-09	0	0	0	0	0.727273	0.937931	0.274914	0.576577	0.822917	9.90099e-09	0.108911	9.90099e-09	1	0.141379	0.16442	0.666667	0.666667	1.5	1	1	7481.83	1e+20	647160	22.0575	44.4472	96.5662	86.8388	38.5336	49.5944	
 49000	-89681.2	-1338.38	-42802.8	-10983.5	0.0631291	1	0.159797	12.5159	1.92841	0.00655721	19.7491	0.51648	2919	99	382	-46246.7	38.5336f	49.5944	4	1	1	0.0990099	0.0594059	0.039604	9.90099e-09	0	0	0	0	0.827273	0.952381	0.233677	0.486957	0.821918	9.90099e-09	0.108911	9.90099e-09	1	0.102041	0.149215	0.666667	0.666667	1.5	1	1	7481.83	1e+20	647160	26.6531	41.2206	96.5662	86.8388	38.5336	49.5944	
 50000	-90618.1	-1338.38	-43739.7	-11162.8	0.0633489	1	0.152828	13.0866	1.85073	0.0236395	19.7491	0.562697	2984	99	395	-46246.7	57.2712f	90.8641	4	1	1	0.0594059	0.0594059	0.039604	9.90099e-09	0	0	0	0	0.836364	0.949833	0.238255	0.530435	0.855705	9.90099e-09	0.108911	9.90099e-09	1	0.124161	0.164894	0.666667	0.666667	1.5	1	1	7481.83	1e+20	647160	26.6531	41.2206	96.5662	86.8388	57.2712	90.8641	
 51000	-90847	-1338.38	-43968.6	-11223.5	0.0633489	1	0.152828	13.0866	1.85073	0.0294737	19.7491	0.562697	3006	99	394	-46246.7	91.608f	73.6976	4	1	1	0.0594059	0.0594059	0.039604	9.90099e-09	0	0	0	0	0.827273	0.926421	0.251656	0.478632	0.876254	9.90099e-09	0.108911	9.90099e-09	1	0.120401	0.158163	0.666667	0.666667	1.5	1	1	7481.83	1e+20	647160	26.6531	41.2206	96.5662	86.8388	91.608	73.6976	
 52000	-92846.8	-1338.38	-45968.4	-11658.4	0.0684273	1	0.153681	13.014	1.73721	0.011387	19.0414	0.596141	3167	99	399	-46246.7	56.9267f	73.3047	4	1	1	0.0594059	0.0594059	0.009901	9.90099e-09	0	0	0	0	0.836364	0.955836	0.273016	0.487805	0.853968	9.90099e-09	0.108911	9.90099e-09	1	0.122186	0.165842	0.666667	0.666667	1.5	1	1	7481.83	1e+20	647160	26.6531	41.2206	96.5662	86.8388	56.9267	73.3047	
 53000	-92351.2	-1338.38	-45472.8	-11587.2	0.0659335	1	0.153681	13.014	1.96941	0.0106605	19.8313	0.525853	3140	99	382	-46246.7	70.9517f	59.9018	4	1	1	0.0594059	0.0594059	0.009901	9.90099e-09	0	0	0	0	0.845455	0.961905	0.232484	0.504202	0.853968	9.90099e-09	0.108911	9.90099e-09	1	0.152381	0.145038	0.666667	0.666667	1.5	1	1	7481.83	1e+20	647160	1.18134	55.4004	96.5662	86.8388	70.9517	59.9018	
 54000	-92207	-1338.38	-45328.6	-11484.7	0.0651866	1	0.173876	11.5025	2.20297	0.0111356	19.8313	0.4155	3102	99	415	-46246.7	65.0877f	68.6413	4	1	1	0.0594059	0.0594059	0.009901	9.90099e-09	0	0	0	0	0.772727	0.957929	0.286174	0.566667	0.819355	9.90099e-09	0.108911	9.90099e-09	1	0.151125	0.155294	0.666667	0.666667	1.5	1	1	7481.83	1e+20	647160	1.18134	55.4004	96.5662	86.8388	65.0877	68.6413	
 55000	-91962.4	-1338.38	-45084	-11467.2	0.0672479	1	0.161597	12.3765	1.54438	0.00724856	18.3383	0.637721	3096	99	402	-46246.7	58.5989f	38.1855	4	1	1	0.0594059	0.0990099	0.009901	9.90099e-09	0	0	0	0	0.872727	0.955128	0.22508	0.487179	0.843949	9.90099e-09	0.0792079	9.90099e-09	1	0.135484	0.206468	0.666667	0.666667	1.5	1	1	7481.83	1e+20	647160	12.2472	54.7123	96.5662	86.8388	58.5989	38.1855	
 56000	-91372.4	-1338.38	-44494.1	-11413.1	0.0669723	1	0.165411	12.0911	1.46644	0.00895701	18.0156	0.65613	3076	99	370	-46246.7	66.8834f	59.5427	4	1	1	0.0990099	0.0990099	0.009901	9.90099e-09	0	0	0	0	0.881818	0.964401	0.256494	0.522523	0.854369	9.90099e-09	0.0792079	9.90099e-09	1	0.12013	0.149718	0.666667	0.666667	1.5	1	1	7481.83	1e+20	647160	12.2472	54.7123	96.5662	86.8388	66.8834	59.5427	
 57000	-92234.3	-1338.38	-45355.9	-11515.9	0.0668614	1	0.155537	12.8586	1.73128	0.0347126	19.0782	0.59104	3114	99	403	-46246.7	94.2576f	78.6408	4	1	1	0.0990099	0.0990099	0.009901	9.90099e-09	0	0	0	0	0.818182	0.958065	0.267742	0.491935	0.848387	9.90099e-09	0.0792079	9.90099e-09	1	0.121795	0.168734	0.666667	0.666667	1.5	1	1	7481.83	1e+20	647160	12.2472	54.7123	96.5662	86.8388	94.2576	78.6408	
 58000	-94792.3	-1338.38	-47913.9	-12020.6	0.0725642	1	0.153641	13.0174	2.01352	0.0257246	19.4706	0.514468	3303	99	425	-46246.7	81.0216f	81.2101	4	1	1	0.0990099	0.0990099	0.0792079	9.90099e-09	0	0	0	0	0.809091	0.954407	0.287009	0.552846	0.848943	9.90099e-09	0.0792079	9.90099e-09	1	0.148036	0.181176	0.666667	0.666667	1.5	1	1	7481.83	1e+20	647160	12.2472	54.7123	96.5662	86.8388	81.0216	81.2101	
 59000	-95579.9	-1338.38	-48701.6	-12256.5	0.0732089	1	0.15482	12.9182	2.05905	0.0248102	19.4992	0.49926	3393	99	400	-46246.7	85.7246f	74.0889	4	1	1	0.0990099	0.0990099	0.0792079	9.90099e-09	0	0	0	0	0.863636	0.955752	0.255882	0.48	0.885294	9.90099e-09	0.0792079	9.90099e-09	1	0.120588	0.205	0.666667	0.666667	1.5	1	1	7481.83	1e+20	647160	1.11055	73.6486	93.4623	81.7274	85.7246	74.0889	
 60000	-96234.6	-1338.38	-49356.3	-12422.5	0.0773534	1	0.152767	13.0918	2.14677	0.0314122	19.4992	0.485295	3456	99	394	-46246.7	98.7549f	60.1232	4	1	1	0.0990099	0.0990099	0.0792079	9.90099e-09	0	0	0	0	0.809091	0.924638	0.251445	0.523077	0.895954	9.90099e-09	0.0792079	9.90099e-09	1	0.106936	0.19715	0.666667	0.666667	1.5	1	1	7481.83	1e+20	647160	1.11055	73.6486	93.4623	81.7274	98.7549	60.1232	
 61000	-95717.7	-1338.38	-48839.3	-12283.2	0.075059	1	0.13653	14.6488	1.86282	0.0314122	19.5022	0.625781	3403	99	405	-46246.7	98.7549f	60.1232	4	1	1	0.0990099	0.0990099	0.0792079	9.90099e-09	0	0	0	0	0.854545	0.932551	0.243402	0.583333	0.864706	9.90099e-09	0.158416	9.90099e-09	1	0.0852941	0.17284	0.666667	0.666667	1.5	1	1	7481.83	1e+20	647160	1.11055	73.6486	93.4623	81.7274	98.7549	60.1232	
 62000	-95472.5	-1338.38	-48594.1	-12259.3	0.0724585	1	0.156801	12.755	2.11811	0.0296491	19.6257	0.479207	3394	99	395	-46246.7	93.9671f	69.4511	4	1	1	0.0990099	0.108911	0.0792079	9.90099e-09	0	0	0	0	0.827273	0.950147	0.25731	0.547009	0.862573	9.90099e-09	0.158416	9.90099e-09	1	0.129412	0.187654	0.666667	0.666667	1.5	1	1	7481.83	1e+20	647160	32.5271	89.6143	93.4623	81.7274	93.9671	69.4511	
 63000	-95256	-1338.38	-48377.7	-12180.7	0.0733439	1	0.142963	13.9896	2.05289	0.00829292	19.8674	0.542289	3364	99	405	-46246.7	58.5459f	65.3001	4	1	1	0.138614	0.108911	0.0792079	9.90099e-09	0	0	0	0	0.836364	0.949405	0.255952	0.565574	0.883929	9.90099e-09	0.158416	9.90099e-09	1	0.136905	0.137056	0.666667	0.666667	1.5	1	1	7481.83	1e+20	647160	32.5271	89.6143	93.4623	81.7274	58.5459	65.3001	
 64000	-95751.1	-1338.38	-48872.7	-12272.1	0.0733439	1	0.142963	13.9896	2.05289	0.0295732	19.8674	0.542289	3399	99	411	-46246.7	70.5901f	93.1097	4	1	1	0.138614	0.108911	0.0693069	9.90099e-09	0	0	0	0	0.809091	0.932749	0.259475	0.552	0.862573	9.90099e-09	0.158416	9.90099e-09	1	0.119534	0.172749	0.666667	0.666667	1.5	1	1	7481.83	1e+20	647160	32.5271	89.6143	93.4623	81.7274	70.5901	93.1097	
 65000	-96570.2	-1338.38	-49691.8	-12452.1	0.0736223	1	0.147166	13.5901	2.08467	0.0286869	19.7812	0.51877	3468	99	411	-46246.7	89.8181f	75.1573	4	1	1	0.138614	0.108911	0.0693069	9.90099e-09	0	0	0	0	0.863636	0.944767	0.266082	0.475806	0.883721	9.90099e-09	0.158416	9.90099e-09	1	0.148256	0.159314	0.666667	0.666667	1.5	1	1	7481.83	1e+20	647160	32.5271	89.6143	93.4623	81.7274	89.8181	75.1573	
 66000	-97855.4	-1338.38	-50977	-12600.1	0.0783485	1	0.151809	13.1744	2.30343	0.023439	19.8134	0.455142	3525	99	466	-46246.7	86.5801f	69.8184	4	1	1	0.138614	0.108911	0.0693069	9.90099e-09	0	0	0	0	0.8	0.928977	0.235795	0.489209	0.843305	9.90099e-09	0.158416	9.90099e-09	1	0.13881	0.15	0.666667	0.666667	1.5	1	1	7481.83	1e+20	647160	32.5271	89.6143	95.6563	74.6885	86.5801	69.8184	
 67000	-96845.2	-1338.38	-49966.8	-12485.7	0.073952	1	0.14069	14.2157	2.02475	0.0439394	19.8375	0.55871	3481	99	417	-46246.7	98.3105f	86.0709	4	1	1	0.138614	0.108911	0.0693069	9.90099e-09	0	0	0	0	0.863636	0.954286	0.293447	0.516129	0.902857	9.90099e-09	0.0693069	9.90099e-09	1	0.12	0.15311	0.666667	0.666667	1.5	1	1	7481.83	1e+20	647160	32.5271	89.6143	95.6563	74.6885	98.3105	86.0709	
 68000	-98063.7	-1338.38	-51185.3	-12696.9	0.0756661	1	0.127964	15.6293	1.8843	0.040309	19.8375	0.660055	3563	99	438	-46246.7	93.3464f	87.63	4	1	1	0.138614	0.0693069	0.0693069	9.90099e-09	0	0	0	0	0.809091	0.951977	0.332386	0.543307	0.872881	9.90099e-09	0.0693069	9.90099e-09	1	0.142857	0.135011	0.666667	0.666667	1.5	1	1	7481.83	1e+20	647160	51.4027	93.2608	95.6563	74.6885	93.3464	87.63	
 69000	-94834.7	-1338.38	-47956.3	-12252.9	0.0756661	1	0.127964	15.6293	1.8843	0.020857	19.8375	0.660055	3391	99	335	-46246.7	80.4351f	73.6692	4	1	1	0.0792079	0.0693069	0.0693069	9.90099e-09	0	0	0	0	0.809091	0.952802	0.252941	0.522124	0.87574	9.90099e-09	0.0693069	9.90099e-09	1	0.0766962	0.142857	0.666667	0.666667	1.5	1	1	7481.83	1e+20	647160	51.4027	93.2608	95.6563	74.6885	80.4351	73.6692	
 70000	-96562.5	-1338.38	-49684.1	-12531.5	0.072895	1	0.138409	14.4499	1.96346	0.0118541	19.8375	0.585642	3498	99	377	-46246.7	68.054f	67.8382	4	1	1	0.0792079	0.0693069	0.0693069	9.90099e-09	0	0	0	0	0.881818	0.954155	0.191977	0.531532	0.897143	9.90099e-09	0.0693069	9.90099e-09	1	0.111429	0.156593	0.666667	0.666667	1.5	1	1	7481.83	1e+20	647160	51.4027	93.2608	72.3661	73.9021	68.054	67.8382	
 71000	-96679.1	-1338.38	-49800.8	-12498.2	0.0748811	1	0.139345	14.3528	2.0306	0.0312937	19.8375	0.562474	3486	99	404	-46246.7	52.0027f	99.2077	4	1	1	0.0792079	0.0693069	0.039604	9.90099e-09	0	0	0	0	0.827273	0.934473	0.267241	0.653226	0.876437	9.90099e-09	0.0693069	9.90099e-09	1	0.163324	0.162095	0.666667	0.666667	1.5	1	1	7481.83	1e+20	647160	51.4027	93.2608	72.3661	73.9021	52.0027	99.2077	
 72000	-97607.7	-1338.38	-50729.3	-12639.9	0.0765226	1	0.148815	13.4395	1.78611	0.0206216	18.796	0.598775	3541	99	430	-46246.7	17.2611f	68.4638	4	1	1	0.0792079	0.0693069	0.039604	9.90099e-09	0	0	0	0	0.827273	0.954802	0.235127	0.52459	0.867232	9.90099e-09	0.0693069	9.90099e-09	1	0.0985916	0.168766	0.666667	0.666667	1.5	1	1	7481.83	1e+20	647160	51.4027	93.2608	72.3661	73.9021	17.2611	68.4638	
 73000	-97830.5	-1338.38	-50952.2	-12699.3	0.0759913	1	0.159438	12.544	1.73192	0.0292247	18.365	0.576368	3564	99	426	-46246.7	67.5812f	94.028	4	1	1	0.0792079	0.0693069	0.039604	9.90099e-09	0	0	0	0	0.772727	0.952381	0.240896	0.601563	0.868347	9.90099e-09	0.0693069	9.90099e-09	1	0.128852	0.191038	0.666667	0.666667	1.5	1	1	7481.83	1e+20	647160	51.4027	93.2608	72.3661	73.9021	67.5812	94.028	
 74000	-96543.3	-1338.38	-49665	-12500.8	0.0748294	1	0.1609	12.4301	1.66803	0.00715676	18.2218	0.593008	3487	99	399	-46246.7	49.8006f	63.9595	4	1	1	0.0792079	0.0693069	0.039604	9.90099e-09	0	0	0	0	0.790909	0.942529	0.175793	0.571429	0.876437	9.90099e-09	0.138614	9.90099e-09	1	0.117479	0.179487	0.666667	0.666667	1.5	1	1	7481.83	1e+20	647160	51.4027	93.2608	51.3135	98.0464	49.8006	63.9595	
 75000	-97961.9	-1338.38	-51083.5	-12728.5	0.073688	1	0.1609	12.4301	1.64258	0.016752	18.2218	0.602193	3574	99	430	-46246.7	69.443f	76.82	4	1	1	0.0693069	0.0693069	0.039604	9.90099e-09	0	0	0	0	0.818182	0.941667	0.215686	0.563492	0.871148	9.90099e-09	0.138614	9.90099e-09	1	0.105556	0.18287	0.666667	0.666667	1.5	1	1	7481.83	1e+20	647160	51.4027	93.2608	51.3135	98.0464	69.443	76.82	
 76000	-95464	-1338.38	-48585.6	-12253.9	0.073688	1	0.167677	11.9277	1.71177	0.0123678	18.2218	0.554501	3392	99	397	-46246.7	47.6004f	75.8459	4	1	1	0.0693069	0.0693069	0.039604	0.019802	0	0	0	0	0.836364	0.944282	0.222222	0.520325	0.859649	9.90099e-09	0.138614	9.90099e-09	1	0.120235	0.179361	0.666667	0.666667	1.5	1	1	7481.83	1e+20	647160	42.5873	78.5299	51.3135	98.0464	47.6004	75.8459	
 77000	-97552	-1338.38	-50673.6	-12630	0.0753333	1	0.152904	13.0801	1.62852	0.0121925	18.3145	0.639158	3537	99	432	-46246.7	57.9901f	74.5459	4	1	1	0.0693069	0.0693069	0.039604	0.019802	0	0	0	0	0.872727	0.95493	0.209632	0.443396	0.88169	9.90099e-09	0.138614	9.90099e-09	1	0.0819209	0.180929	0.666667	0.666667	1.5	1	1	7481.83	1e+20	647160	82.5475	69.6391	51.3135	98.0464	57.9901	74.5459	
 78000	-97416.1	-1338.38	-50537.7	-12702.4	0.0753333	1	0.152904	13.0801	1.62852	0.042728	18.3145	0.639158	3565	99	387	-46246.7	86.4753f	96.7067	4	1	1	0.0693069	0.0693069	0.0693069	0.019802	0	0	0	0	0.818182	0.946023	0.258427	0.457627	0.869688	9.90099e-09	0.138614	9.90099e-09	1	0.0980392	0.195313	0.666667	0.666667	1.5	1	1	7481.83	1e+20	647160	36.4691	83.64	51.3135	98.0464	86.4753	96.7067	
 79000	-97394.9	-1338.38	-50516.5	-12637.4	0.0761072	1	0.152904	13.0801	1.91346	0.0351114	19.0192	0.543977	3540	99	412	-46246.7	86.5799f	88.3456	4	1	1	0.0693069	0.0693069	0.0693069	0.019802	0	0	0	0	0.754545	0.940678	0.231638	0.508197	0.858357	9.90099e-09	0.138614	9.90099e-09	1	0.160563	0.194245	0.666667	0.666667	1.5	1	1	7481.83	1e+20	647160	36.4691	83.64	51.3135	98.0464	86.5799	88.3456	
 80000	-98518.8	-1338.38	-51640.4	-12810.2	0.0801748	1	0.159568	12.5338	1.86197	0.0298494	18.4478	0.535674	3607	99	442	-46246.7	78.5228f	88.7489	4	1	1	0.0693069	0.0693069	0.0693069	0.019802	0	0	0	0	0.881818	0.952909	0.263889	0.534351	0.850829	9.90099e-09	0.0594059	9.90099e-09	1	0.113573	0.166287	0.666667	0.666667	1.5	1	1	7481.83	1e+20	647160	36.4691	83.64	51.3135	98.0464	78.5228	88.7489	
 81000	-99605.5	-1338.38	-52727.1	-13050	0.0801748	1	0.168714	11.8544	1.88846	0.0283598	18.2569	0.499531	3702	99	442	-46246.7	37.5832f	94.5911	4	1	1	0.0693069	0.0891089	0.0693069	0.019802	0	0	0	0	0.836364	0.930108	0.221024	0.511278	0.879032	9.90099e-09	0.0594059	9.90099e-09	1	0.142473	0.155606	0.666667	0.666667	1.5	1	1	7481.83	1e+20	647160	36.4691	83.64	51.3135	98.0464	37.5832	94.5911	
 82000	-100783	-1338.38	-53904.8	-13257.7	0.0842081	1	0.168714	11.8544	2.21282	0.0202626	18.7632	0.426309	3784	99	458	-46246.7	58.9566f	86.4973	4	1	1	0.039604	0.0891089	0.0693069	0.019802	0	0	0	0	0.818182	0.944591	0.240106	0.567164	0.876963	9.90099e-09	0.0594059	9.90099e-09	1	0.126649	0.175705	0.666667	0.666667	1.5	1	1	7481.83	1e+20	647160	4.98191	37.0518	53.9044	94.9286	58.9566	86.4973	
 83000	-102513	-1338.38	-55634.3	-13692.7	0.0858393	1	0.154564	12.9396	1.92696	0.0106857	18.4381	0.534367	3960	99	426	-46246.7	50.2536f	72.8181	4	1	1	0.039604	0.0891089	0.039604	0.019802	0	0	0	0	0.790909	0.957071	0.29156	0.576642	0.856423	9.90099e-09	0.0594059	9.90099e-09	1	0.151515	0.185615	0.666667	0.666667	1.5	1	1	7481.83	1e+20	647160	14.8378	48.0604	53.9044	94.9286	50.2536	72.8181	
 84000	-104878	-1338.38	-57999.2	-14041.9	0.0875853	1	0.16109	12.4155	2.11932	0.0112662	18.594	0.466183	4103	99	487	-46246.7	39.0626f	71.1107	4	1	1	0.039604	0.0891089	0.039604	9.90099e-09	0	0	0	0	0.8	0.963325	0.241463	0.525926	0.85679	9.90099e-09	0.0594059	9.90099e-09	1	0.117073	0.184444	0.666667	0.666667	1.5	1	1	7481.83	1e+20	647160	14.8378	48.0604	68.4141	44.9708	39.0626	71.1107	
 85000	-107520	-1338.38	-60641.6	-14554.7	0.0923593	1	0.165407	12.0914	2.29474	0.00996387	18.594	0.419307	4317	99	502	-46246.7	52.2945f	71.2266	4	1	1	0.039604	0.0891089	0.039604	9.90099e-09	0	0	0	0	0.854545	0.935335	0.224018	0.490566	0.870588	9.90099e-09	0.0594059	9.90099e-09	1	0.122402	0.198842	0.666667	0.666667	1.5	1	1	7481.83	1e+20	647160	14.8378	48.0604	68.4141	44.9708	52.2945	71.2266	
 86000	-106903	-1338.38	-60024.9	-14507.2	0.0919205	1	0.165407	12.0914	1.9974	0.00665785	17.9813	0.481728	4297	99	475	-46246.7	49.1342f	37.7398	4	1	1	0.039604	0.0891089	0.039604	9.90099e-09	0	0	0	0	0.772727	0.951276	0.211137	0.472222	0.865429	9.90099e-09	0.0594059	9.90099e-09	1	0.111369	0.161638	0.666667	0.666667	1.5	1	1	7481.83	1e+20	647160	11.9659	55.4642	59.0327	55.4258	49.1342	37.7398	
 87000	-107190	-1338.38	-60311.5	-14402.8	0.0903839	1	0.165475	12.0864	2.33837	0.0150959	18.7811	0.411314	4253	99	542	-46246.7	20.2461f	54.5138	4	1	1	0.039604	0.049505	0.039604	9.90099e-09	0	0	0	0	0.790909	0.93007	0.220141	0.509259	0.871795	9.90099e-09	0.0792079	9.90099e-09	1	0.126464	0.182657	0.666667	0.666667	1.5	1	1	7481.83	1e+20	647160	11.9659	55.4642	46.599	64.8395	20.2461	54.5138	
 88000	-105466	-1338.38	-58588	-14167.3	0.0903839	1	0.147143	13.5922	2.11894	0.00890924	18.8699	0.51046	4155	99	485	-46246.7	69.0793f	53.1926	4	1	1	0.108911	0.049505	0.039604	9.90099e-09	0	0	0	0	0.827273	0.951691	0.255474	0.386207	0.854722	9.90099e-09	0.0792079	9.90099e-09	1	0.131387	0.186975	0.666667	0.666667	1.5	1	1	7481.83	1e+20	647160	11.9659	55.4642	57.9097	37.1987	69.0793	53.1926	
 89000	-105507	-1338.38	-58628.5	-14210.6	0.0896366	1	0.150898	13.254	2.36885	0.0317328	19.3215	0.445246	4173	99	470	-46246.7	55.6085f	0.51964	4	1	1	0.108911	0.049505	0.0990099	9.90099e-09	0	0	0	0	0.809091	0.952267	0.202353	0.481752	0.889952	9.90099e-09	0.0792079	9.90099e-09	1	0.126794	0.152034	0.666667	0.666667	1.5	1	1	7481.83	1e+20	647160	11.9659	55.4642	57.9097	37.1987	55.6085	0.51964	
 90000	-105509	-1338.38	-58630.5	-14150.3	0.0896366	1	0.14579	13.7183	2.04044	0.0161764	18.7748	0.535017	4148	99	493	-46246.7	81.8159f	43.2317	4	1	1	0.108911	0.049505	0.0990099	9.90099e-09	0	0	0	0	0.781818	0.971084	0.274038	0.466019	0.827338	9.90099e-09	0.0792079	9.90099e-09	1	0.101205	0.183071	0.666667	0.666667	1.5	1	1	7481.83	1e+20	647160	50.6741	77.6671	57.9097	37.1987	81.8159	43.2317	
 91000	-105964	-1338.38	-59085.4	-14266	0.0915508	1	0.14579	13.7183	2.08402	0.0107752	18.7748	0.523831	4196	99	485	-46246.7	42.4183f	28.3241	4	1	1	0.108911	0.049505	0.0990099	9.90099e-09	0	0	0	0	0.736364	0.952719	0.258824	0.537415	0.858824	9.90099e-09	0.0792079	9.90099e-09	1	0.134752	0.17732	0.666667	0.666667	1.5	1	1	7481.83	1e+20	647160	26.6888	94.8342	57.9097	37.1987	42.4183	28.3241	
 92000	-107470	-1338.38	-60591.3	-14514.6	0.0915508	1	0.161855	12.3568	2.3443	0.024163	18.8367	0.419452	4300	99	515	-46246.7	85.918f	27.377	4	1	1	0.108911	0.049505	0.0990099	9.90099e-09	0	0	0	0	0.745455	0.955607	0.252927	0.514851	0.864802	9.90099e-09	0.0792079	9.90099e-09	1	0.128806	0.1917	0.666667	0.666667	1.5	1	1	7481.83	1e+20	647160	26.6888	94.8342	57.9097	37.1987	85.918	27.377	
 93000	-106744	-1338.38	-59865.5	-14421.8	0.0906965	1	0.161855	12.3568	2.32242	0.0234025	18.8367	0.423403	4261	99	489	-46246.7	54.3617f	8.91118	4	1	1	0.108911	0.108911	0.0990099	9.90099e-09	0	0	0	0	0.836364	0.950935	0.240654	0.534653	0.890187	9.90099e-09	0.0990099	9.90099e-09	1	0.158879	0.164969	0.666667	0.666667	1.5	1	1	7481.83	1e+20	647160	26.6888	94.8342	57.9097	37.1987	54.3617	8.91118	
 94000	-105963	-1338.38	-59084.6	-14277.8	0.0905335	1	0.161264	12.402	2.25065	0.0158982	18.7149	0.438506	4201	99	487	-46246.7	74.9491f	29.8602	4	1	1	0.0792079	0.108911	0.0990099	9.90099e-09	0	0	0	0	0.8	0.955083	0.270784	0.530612	0.857482	9.90099e-09	0.0990099	9.90099e-09	1	0.125891	0.186441	0.666667	0.666667	1.5	1	1	7481.83	1e+20	647160	26.6888	94.8342	57.9097	37.1987	74.9491	29.8602	
 95000	-104204	-1338.38	-57325.7	-14007.9	0.0893297	1	0.162015	12.3445	1.81645	0.0130872	17.7773	0.540807	4089	99	449	-46246.7	48.3827f	22.7213	4	1	1	0.0792079	0.108911	0.0594059	9.90099e-09	0	0	0	0	0.790909	0.965686	0.200489	0.458904	0.9022	9.90099e-09	0.0990099	9.90099e-09	1	0.105392	0.205817	0.666667	0.666667	1.5	1	1	7481.83	1e+20	647160	49.619	86.4533	57.9097	37.1987	48.3827	22.7213	
 96000	-102992	-1338.38	-56114	-13827.5	0.0872474	1	0.133504	14.9808	1.63923	0.0317959	18.2935	0.727251	4015	99	415	-46246.7	86.1062f	84.6145	4	1	1	0.0792079	0.108911	0.0594059	9.90099e-09	0	0	0	0	0.836364	0.935	0.243781	0.464567	0.891688	9.90099e-09	0.0990099	9.90099e-09	1	0.106965	0.197044	0.666667	0.666667	1.5	1	1	7481.83	1e+20	647160	49.619	86.4533	57.9097	37.1987	86.1062	84.6145	
 97000	-103329	-1338.38	-56450.8	-13883.6	0.0872474	1	0.146701	13.6332	1.51396	0.00533255	17.5158	0.716594	4038	99	422	-46246.7	53.876f	45.9368	4	1	1	0.0792079	0.108911	0.0594059	9.90099e-09	0	0	0	0	0.781818	0.960688	0.240786	0.504	0.874384	9.90099e-09	0.0990099	9.90099e-09	1	0.0717822	0.184834	0.666667	0.666667	1.5	1	1	7481.83	1e+20	647160	49.619	86.4533	57.9097	37.1987	53.876	45.9368	
 98000	-105245	-1338.38	-58366.8	-14234.8	0.0913893	1	0.152519	13.1131	1.71895	0.0134221	17.6994	0.607064	4183	99	443	-46246.7	22.9843f	54.8215	4	1	1	0.108911	0.108911	0.0594059	9.90099e-09	0	0	0	0	0.763636	0.942446	0.229469	0.4375	0.915254	9.90099e-09	0.0990099	9.90099e-09	1	0.0823245	0.221477	0.666667	0.666667	1.5	1	1	7481.83	1e+20	647160	49.619	86.4533	57.9097	37.1987	22.9843	54.8215	
 99000	-106011	-1338.38	-59132.9	-14292.3	0.0916127	1	0.161301	12.3992	1.77523	0.0264393	17.5838	0.555815	4207	99	486	-46246.7	93.9693f	59.077	4	1	1	0.108911	0.108911	0.0594059	9.90099e-09	0	0	0	0	0.772727	0.966903	0.21513	0.564626	0.849057	9.90099e-09	0.0594059	9.90099e-09	1	0.101655	0.207317	0.666667	0.666667	1.5	1	1	7481.83	1e+20	647160	49.619	86.4533	57.9097	37.1987	93.9693	59.077	
100000	-104225	-1338.38	-57347.1	-14023.3	0.0864642	1	0.161301	12.3992	1.67546	0.0264393	17.5838	0.588911	4095	99	444	-46246.7	93.9693f	59.077	4	1	1	0.108911	0.108911	0.0594059	9.90099e-09	0	0	0	0	0.8	0.951456	0.187805	0.568345	0.9	9.90099e-09	0.0594059	9.90099e-09	1	0.129268	0.195228	0.666667	0.666667	1.5	1	1	7481.83	1e+20	647160	49.619	86.4533	51.2371	11.7596	93.9693	59.077	
101000	-103393	-1338.38	-56514.8	-13872.2	0.0854877	1	0.157325	12.7125	1.61572	0.0264393	17.5838	0.626119	4033	99	434	-46246.7	93.9693f	59.077	4	1	1	0.108911	0.108911	0.0594059	9.90099e-09	0	0	0	0	0.818182	0.960396	0.232673	0.478261	0.863861	9.90099e-09	0.0594059	9.90099e-09	1	0.101485	0.173913	0.666667	0.666667	1.5	1	1	7481.83	1e+20	647160	39.4859	73.8806	51.2371	11.7596	93.9693	59.077	
102000	-103012	-1338.38	-56133.2	-13776.2	0.0856976	1	0.154171	12.9726	1.82189	0.0264393	18.2006	0.566624	3994	99	437	-46246.7	93.9693f	59.077	4	1	1	0.108911	0.108911	0.0594059	9.90099e-09	0	0	0	0	0.781818	0.9599	0.244332	0.511628	0.884131	9.90099e-09	0.0594059	9.90099e-09	1	0.1025	0.189189	0.666667	0.666667	1.5	1	1	7481.83	1e+20	647160	39.4859	73.8806	51.2371	11.7596	93.9693	59.077	
103000	-104087	-1338.38	-57208.1	-13899.1	0.0856976	1	0.159991	12.5007	1.89067	0.0277287	18.2006	0.526147	4044	99	482	-46246.7	17.3185f	18.2582	4	1	1	0.108911	0.108911	0.0792079	9.90099e-09	0	0	0	0	0.8	0.967901	0.185185	0.452055	0.857143	0.009901	0.0594059	9.90099e-09	1	0.123457	0.214859	0.666667	0.666667	1.5	1	1	7481.83	1e+20	647160	39.4859	73.8806	51.2371	11.7596	17.3185	18.2582	
104000	-105342	-1338.38	-58463.5	-14173.5	0.0875193	1	0.151865	13.1696	1.8328	0.0193336	18.2006	0.571804	4157	99	478	-46246.7	32.4726f	18.3057	4	1	1	0.118812	0.108911	0.0792079	9.90099e-09	0	0	0	0	0.827273	0.952153	0.213942	0.548148	0.872596	0.009901	0.0594059	9.90099e-09	1	0.125	0.228188	0.666667	0.666667	1.5	1	1	7481.83	1e+20	647160	29.032	71.727	51.2371	11.7596	32.4726	18.3057	
105000	-104914	-1338.38	-58035.1	-14160	0.0894775	1	0.154278	12.9636	1.64861	0.0267312	17.5579	0.625747	4152	99	441	-46246.7	6.02164f	43.9111	4	1	1	0.118812	0.0990099	0.0792079	9.90099e-09	0	0	0	0	0.772727	0.949761	0.200483	0.533333	0.887019	0.009901	0.0594059	9.90099e-09	1	0.103865	0.205607	0.666667	0.666667	1.5	1	1	7481.83	1e+20	647160	29.032	71.727	51.2371	11.7596	6.02164	43.9111	
106000	-106367	-1338.38	-59488.3	-14370.1	0.093973	1	0.158043	12.6548	2.19661	0.017607	18.5221	0.45845	4239	99	481	-46246.7	60.1992f	17.2709	4	1	1	0.118812	0.0990099	0.0792079	9.90099e-09	0	0	0	0	0.881818	0.948478	0.254118	0.528986	0.851765	0.009901	0.039604	9.90099e-09	1	0.122353	0.189024	0.666667	0.666667	1.5	1	1	7481.83	1e+20	647160	29.032	71.727	51.2371	11.7596	60.1992	17.2709	
107000	-108506	-1338.38	-61627.9	-14691.7	0.0942013	1	0.158043	12.6548	2.39208	0.0196353	18.9097	0.420987	4375	99	526	-46246.7	67.6872f	17.5009	4	1	1	0.118812	0.0990099	0.0792079	9.90099e-09	0	0	0	0	0.881818	0.94023	0.217391	0.627451	0.857471	0.009901	0.039604	9.90099e-09	1	0.143836	0.195029	0.666667	0.666667	1.5	1	1	7481.83	1e+20	647160	23.5789	96.9319	51.2371	11.7596	67.6872	17.5009	
108000	-109287	-1338.38	-62408.6	-14885.4	0.0942013	1	0.158043	12.6548	2.39208	0.0205692	18.9097	0.420987	4457	99	516	-46246.7	73.3928f	19.7894	4	1	1	0.118812	0.0990099	0.0792079	9.90099e-09	0	0	0	0	0.772727	0.966368	0.223714	0.5	0.85906	0.009901	0.039604	9.90099e-09	1	0.118834	0.184825	0.666667	0.666667	1.5	1	1	7481.83	1e+20	647160	14.0572	53.1536	51.2371	11.7596	73.3928	19.7894	
109000	-108097	-1338.38	-61218.6	-14670.7	0.0956072	1	0.152834	13.0861	2.35124	0.0158808	18.9167	0.442898	4366	99	502	-46246.7	57.3328f	19.0288	4	1	1	0.118812	0.0990099	0.0792079	9.90099e-09	0	0	0	0	0.836364	0.952273	0.25	0.5	0.872727	0.009901	0.039604	9.90099e-09	1	0.107551	0.177291	0.666667	0.666667	1.5	1	1	7481.83	1e+20	647160	14.0572	53.1536	51.2371	11.7596	57.3328	19.0288	
110000	-110568	-1338.38	-63689.9	-15165.5	0.0959566	1	0.150672	13.2739	2.10323	0.0189673	18.4456	0.502229	4577	99	506	-46246.7	41.8597f	15.075	4	1	1	0.0693069	0.0990099	0.0792079	9.90099e-09	0	0	0	0	0.790909	0.953744	0.280973	0.506667	0.857143	0.009901	0.039604	9.90099e-09	1	0.132743	0.148	0.666667	0.666667	1.5	1	1	7481.83	1e+20	647160	14.0572	53.1536	51.2371	11.7596	41.8597	15.075	
111000	-112106	-1338.38	-65228	-15478.8	0.103558	1	0.143348	13.9521	2.15952	0.0161597	18.4456	0.51413	4714	99	499	-46246.7	54.282f	18.0938	4	1	1	0.0693069	0.0990099	0.0792079	9.90099e-09	0	0	0	0	0.863636	0.957356	0.214894	0.485437	0.880342	0.009901	0.039604	9.90099e-09	1	0.104701	0.193676	0.666667	0.666667	1.5	1	1	7481.83	1e+20	647160	14.0572	53.1536	51.2371	11.7596	54.282	18.0938	
112000	-112956	-1338.38	-66077.9	-15735.1	0.103505	1	0.141475	14.1367	2.13022	0.051422	18.4456	0.528099	4827	99	458	-46246.7	4.68456f	3.0452	4	1	1	0.0693069	0.0990099	0.0792079	9.90099e-09	0	0	0	0	0.8	0.960499	0.229339	0.486111	0.884298	0.009901	0.0594059	9.90099e-09	1	0.118503	0.184549	0.666667	0.666667	1.5	1	1	7481.83	1e+20	647160	7.05547	76.0054	51.2371	11.7596	4.68456	3.0452	
113000	-109664	-1338.38	-62785.7	-15108.2	0.0970858	1	0.129717	15.4182	2.09182	0.0109289	19.0674	0.586541	4553	99	442	-46246.7	70.9503f	38.8096	4	1	1	0.0693069	0.0990099	0.0792079	9.90099e-09	0	0	0	0	0.836364	0.960352	0.246154	0.56391	0.907692	9.90099e-09	0.0594059	9.90099e-09	1	0.0945055	0.165158	0.666667	0.666667	1.5	1	1	7481.83	1e+20	647160	98.2493	3.81639	51.2371	11.7596	70.9503	38.8096	
114000	-110104	-1338.38	-63225.5	-15135.8	0.0997284	1	0.127655	15.6672	2.19562	0.0253601	19.2474	0.567837	4565	99	469	-46246.7	46.1643f	6.79028	4	1	1	0.0693069	0.0990099	0.0792079	9.90099e-09	0	0	0	0	0.763636	0.956616	0.222222	0.503546	0.88121	9.90099e-09	0.0594059	9.90099e-09	1	0.0958606	0.139785	0.666667	0.666667	1.5	1	1	7481.83	1e+20	647160	27.6721	68.0355	51.2371	11.7596	46.1643	6.79028	
115000	-110598	-1338.38	-63719.5	-15292.9	0.101366	1	0.127655	15.6672	2.4153	0.0114287	19.6317	0.516191	4633	99	443	-46246.7	64.298f	29.9661	4	1	1	0.0990099	0.0990099	0.0792079	9.90099e-09	0	0	0	0	0.836364	0.956989	0.195279	0.574627	0.888889	9.90099e-09	0.0594059	9.90099e-09	1	0.122318	0.2	0.666667	0.666667	1.5	1	1	7481.83	1e+20	647160	27.6721	68.0355	51.2371	11.7596	64.298	29.9661	
116000	-109977	-1338.38	-63098.6	-15092.1	0.0967743	1	0.13295	15.0432	2.28649	0.00688452	19.3922	0.523555	4546	99	480	-46246.7	40.7393f	41.1166	4	1	1	0.0990099	0.0990099	0.039604	0.009901	0	0	0	0	0.781818	0.960352	0.230769	0.514286	0.863736	9.90099e-09	0.0594059	9.90099e-09	1	0.153846	0.175705	0.666667	0.666667	1.5	1	1	7481.83	1e+20	647160	27.6721	68.0355	48.9457	28.6264	40.7393	41.1166	
117000	-110528	-1338.38	-63649.2	-15255.6	0.0967743	1	0.139381	14.3492	2.22028	0.0148915	19.0243	0.514291	4616	99	457	-46246.7	31.0801f	26.7441	4	1	1	0.0990099	0.0990099	0.039604	0.009901	0	0	0	0	0.845455	0.95671	0.185996	0.496599	0.891775	9.90099e-09	0.0594059	9.90099e-09	1	0.112554	0.186147	0.666667	0.666667	1.5	1	1	7481.83	1e+20	647160	27.6721	68.0355	48.9457	28.6264	31.0801	26.7441	
118000	-112801	-1338.38	-65922.8	-15719.6	0.105767	1	0.142454	14.0396	2.02836	0.00556109	18.0917	0.550807	4820	99	456	-46246.7	53.0604f	43.4504	4	1	1	0.0990099	0.0990099	0.039604	0.009901	0	0	0	0	0.772727	0.964583	0.185417	0.507246	0.898551	9.90099e-09	0.0594059	9.90099e-09	1	0.101449	0.18595	0.666667	0.666667	1.5	1	1	7481.83	1e+20	647160	27.6721	68.0355	48.9457	28.6264	53.0604	43.4504	
119000	-114866	-1338.38	-67987.5	-15966.8	0.105514	1	0.150687	13.2726	2.14045	0.0117848	18.0917	0.493446	4930	99	522	-46246.7	49.1072f	24.9832	4	1	1	0.0990099	0.0990099	0.039604	0.009901	0	0	0	0	0.809091	0.955645	0.220202	0.536364	0.8583	9.90099e-09	0.0792079	9.90099e-09	1	0.119433	0.187732	0.666667	0.666667	1.5	1	1	7481.83	1e+20	647160	22.9122	48.7232	48.9457	28.6264	49.1072	24.9832	
120000	-115453	-1338.38	-68575	-16103.7	0.105798	1	0.138119	14.4803	2.19218	0.0441054	18.588	0.525642	4991	99	509	-46246.7	95.0991f	9.72506	4	1	1	0.0990099	0.0792079	0.039604	0.009901	0	0	0	0	0.781818	0.949698	0.238477	0.62	0.885312	9.90099e-09	0.0792079	9.90099e-09	1	0.122984	0.175889	0.666667	0.666667	1.5	1	1	7481.83	1e+20	647160	22.9122	48.7232	48.9457	28.6264	95.0991	9.72506	
121000	-116796	-1338.38	-69918	-16365.6	0.107779	1	0.138119	14.4803	2.23323	0.0141668	18.588	0.515981	5109	99	506	-46246.7	45.8891f	21.2288	4	1	1	0.0792079	0.0792079	0.039604	0.009901	0	0	0	0	0.890909	0.964844	0.273973	0.5	0.889764	9.90099e-09	0.0792079	9.90099e-09	1	0.111546	0.161538	0.666667	0.666667	1.5	1	1	7481.83	1e+20	647160	22.9122	48.7232	48.9457	28.6264	45.8891	21.2288	
122000	-115217	-1338.38	-68338.9	-16053.7	0.107779	1	0.137176	14.5798	2.64783	0.00956151	19.4297	0.438179	4969	99	509	-46246.7	53.0144f	29.6369	4	1	1	0.0792079	0.0792079	0.0693069	0.009901	0	0	0	0	0.809091	0.948104	0.213147	0.490741	0.892857	9.90099e-09	0.0792079	9.90099e-09	1	0.0945674	0.142582	0.666667	0.666667	1.5	1	1	7481.83	1e+20	647160	22.9122	48.7232	48.9457	28.6264	53.0144	29.6369	
123000	-114605	-1338.38	-67726.7	-15955.7	0.107779	1	0.137176	14.5798	2.46773	0.0144108	19.0906	0.470158	4925	99	501	-46246.7	25.8076f	33.7548	4	1	1	0.0792079	0.0792079	0.0693069	0.009901	0	0	0	0	0.781818	0.955645	0.23494	0.514563	0.870707	9.90099e-09	0.0792079	9.90099e-09	1	0.139113	0.172816	0.666667	0.666667	1.5	1	1	7481.83	1e+20	647160	22.9122	48.7232	48.9457	28.6264	25.8076	33.7548	
124000	-115563	-1338.38	-68684.4	-16039.3	0.109672	1	0.15542	12.8683	2.66179	0.0270762	18.7754	0.384715	4962	99	549	-46246.7	27.5361f	11.0136	4	1	1	0.0792079	0.0792079	0.0693069	0.009901	0	0	0	0	0.8	0.963636	0.260081	0.481132	0.877016	9.90099e-09	0.0792079	9.90099e-09	1	0.110664	0.167598	0.666667	0.666667	1.5	1	1	7481.83	1e+20	647160	22.9122	48.7232	48.9457	28.6264	27.5361	11.0136	
125000	-117271	-1338.38	-70393	-16384.1	0.109672	1	0.156711	12.7624	2.68389	0.0286634	18.7754	0.378405	5118	99	548	-46246.7	83.7721f	17.1834	4	1	1	0.0792079	0.0594059	0.0693069	0.009901	0	0	0	0	0.818182	0.941061	0.224609	0.554795	0.888016	9.90099e-09	0.0792079	9.90099e-09	1	0.129666	0.195519	0.666667	0.666667	1.5	1	1	7481.83	1e+20	647160	22.9122	48.7232	48.9457	28.6264	83.7721	17.1834	
126000	-116878	-1338.38	-69999.5	-16302.3	0.109522	1	0.158893	12.5871	2.43763	0.0120764	18.2721	0.41091	5081	99	551	-46246.7	29.2518f	35.6668	4	1	1	0.0792079	0.0594059	0.0693069	0.009901	0	0	0	0	0.854545	0.939096	0.25098	0.473214	0.876228	9.90099e-09	0.0792079	9.90099e-09	1	0.111984	0.171629	0.666667	0.666667	1.5	1	1	7481.83	1e+20	647160	8.47794	91.4042	48.9457	28.6264	29.2518	35.6668	
127000	-118106	-1338.38	-71227.3	-16541.9	0.111673	1	0.159186	12.5639	2.50051	0.00760384	18.2912	0.399839	5190	99	547	-46246.7	63.6734f	57.8427	4	1	1	0.0594059	0.0594059	0.0693069	0.009901	0	0	0	0	0.818182	0.960861	0.217726	0.491071	0.882466	9.90099e-09	0.0792079	9.90099e-09	1	0.119231	0.170909	0.666667	0.666667	1.5	1	1	7481.83	1e+20	647160	8.47794	91.4042	47.5673	60.2128	63.6734	57.8427	
128000	-118833	-1338.38	-71954.4	-16716.2	0.114043	1	0.159186	12.5639	2.49889	0.0095119	18.1924	0.400099	5270	99	527	-46246.7	46.1894f	69.8639	4	1	1	0.0594059	0.0594059	0.039604	0.009901	0	0	0	0	0.736364	0.958412	0.181474	0.415929	0.875717	9.90099e-09	0.0990099	9.90099e-09	1	0.104167	0.177215	0.666667	0.666667	1.5	1	1	7481.83	1e+20	647160	8.47794	91.4042	47.5673	60.2128	46.1894	69.8639	
129000	-117214	-1338.38	-70335.9	-16453.5	0.114043	1	0.149976	13.3354	2.26537	0.00909069	18.0181	0.468445	5149	99	513	-46246.7	50.6007f	69.3263	4	1	1	0.0594059	0.0594059	0.039604	0.009901	0	0	0	0	0.736364	0.969112	0.240848	0.485714	0.87767	9.90099e-09	0.0990099	9.90099e-09	1	0.116505	0.181287	0.666667	0.666667	1.5	1	1	7481.83	1e+20	647160	11.3161	51.0238	47.5673	60.2128	50.6007	69.3263	
130000	-118622	-1338.38	-71743.4	-16725.1	0.114982	1	0.148235	13.4921	2.05091	0.00962012	17.5909	0.523509	5274	99	513	-46246.7	40.0789f	67.7713	4	1	1	0.0594059	0.0594059	0.039604	0.009901	0	0	0	0	0.781818	0.967864	0.200758	0.490385	0.873106	9.90099e-09	0.0990099	9.90099e-09	1	0.11553	0.212406	0.666667	0.666667	1.5	1	1	7481.83	1e+20	647160	11.3161	51.0238	47.5673	60.2128	40.0789	67.7713	
131000	-117767	-1338.38	-70888.6	-16528.7	0.112239	1	0.148235	13.4921	2.00197	0.00565934	17.5909	0.536305	5184	99	529	-46246.7	55.2748f	55.8329	4	1	1	0.0594059	0.108911	0.039604	0.009901	0	0	0	0	0.836364	0.942085	0.238462	0.382353	0.865125	9.90099e-09	0.0990099	9.90099e-09	1	0.0924856	0.168651	0.666667	0.666667	1.5	1	1	7481.83	1e+20	647160	6.08564	64.6361	47.5673	60.2128	55.2748	55.8329	
132000	-117956	-1338.38	-71078.1	-16673.7	0.109656	1	0.131806	15.1738	2.0181	0.00597671	18.2575	0.598334	5249	99	473	-46246.7	47.3867f	41.0886	4	1	1	0.0594059	0.108911	0.039604	0.009901	0	0	0	0	0.863636	0.977186	0.268571	0.542857	0.899048	9.90099e-09	0.0990099	9.90099e-09	1	0.102857	0.198718	0.666667	0.666667	1.5	1	1	7481.83	1e+20	647160	6.08564	64.6361	47.5673	60.2128	47.3867	41.0886	
133000	-117287	-1338.38	-70408.5	-16533.8	0.110281	1	0.131806	15.1738	1.97836	0.0239994	18.1412	0.610352	5186	99	482	-46246.7	71.5719f	13.7928	4	1	1	0.0594059	0.108911	0.039604	0.009901	0	0	0	0	0.845455	0.98062	0.237452	0.425743	0.876686	9.90099e-09	0.0990099	9.90099e-09	1	0.102317	0.177453	0.666667	0.666667	1.5	1	1	7481.83	1e+20	647160	6.08564	64.6361	64.4773	23.7958	71.5719	13.7928	
134000	-120875	-1338.38	-73997	-17108.5	0.117297	1	0.143989	13.8899	2.35326	0.00672701	18.2478	0.469699	5452	99	528	-46246.7	49.6456f	62.4527	4	1	1	0.0891089	0.108911	0.0693069	0.009901	0	0	0	0	0.763636	0.946886	0.244037	0.522936	0.884404	9.90099e-09	0.0990099	9.90099e-09	1	0.0990826	0.181474	0.666667	0.666667	1.5	1	1	7481.83	1e+20	647160	6.08564	64.6361	64.4773	23.7958	49.6456	62.4527	
135000	-121269	-1338.38	-74390.3	-17113	0.116615	1	0.151445	13.2061	2.1754	0.0100108	17.6942	0.483087	5454	99	572	-46246.7	61.3781f	31.4908	4	1	1	0.0891089	0.108911	0.0693069	0.009901	0	0	0	0	0.772727	0.954044	0.228782	0.548673	0.883978	9.90099e-09	0.128713	9.90099e-09	1	0.126838	0.178378	0.666667	0.666667	1.5	1	1	7481.83	1e+20	647160	6.08564	64.6361	64.4773	23.7958	61.3781	31.4908	
136000	-121844	-1338.38	-74966	-17251.5	0.120571	1	0.147814	13.5305	2.19527	0.0143279	17.6942	0.490474	5519	99	554	-46246.7	59.9407f	22.2087	4	1	1	0.0891089	0.108911	0.0693069	0.009901	0	0	0	0	0.781818	0.936709	0.233696	0.577586	0.884058	9.90099e-09	0.128713	9.90099e-09	1	0.106884	0.208406	0.666667	0.666667	1.5	1	1	7481.83	1e+20	647160	6.08564	64.6361	64.4773	23.7958	59.9407	22.2087	
137000	-122303	-1338.38	-75424.6	-17334.6	0.118481	1	0.149043	13.419	2.11148	0.0271058	17.5632	0.505735	5558	99	548	-46246.7	83.6251f	19.3012	4	1	1	0.0891089	0.108911	0.0693069	0.009901	0	0	0	0	0.736364	0.976619	0.258528	0.446429	0.886691	0.019802	0.128713	9.90099e-09	1	0.102518	0.192793	0.666667	0.666667	1.5	1	1	7481.83	1e+20	647160	6.08564	64.6361	64.4773	23.7958	83.6251	19.3012	
138000	-121800	-1338.38	-74922	-17245	0.118481	1	0.155447	12.8662	2.20221	0.0416731	17.5632	0.464923	5516	99	549	-46246.7	97.3545f	15.5061	4	1	1	0.0891089	0.0990099	0.0693069	0.009901	0	0	0	0	0.863636	0.955036	0.193141	0.522936	0.869091	0.019802	0.128713	9.90099e-09	1	0.121157	0.198182	0.666667	0.666667	1.5	1	1	7481.83	1e+20	647160	44.0326	80.0515	77.0869	12.736	97.3545	15.5061	
139000	-123824	-1338.38	-76946	-17478.5	0.119582	1	0.161109	12.414	2.63523	0.0416731	18.1638	0.374872	5626	99	618	-46246.7	97.3545f	15.5061	4	1	1	0.0891089	0.0990099	0.0693069	0.009901	0	0	0	0	0.809091	0.944643	0.223801	0.535433	0.85968	0.019802	0.128713	9.90099e-09	1	0.133215	0.174267	0.666667	0.666667	1.5	1	1	7481.83	1e+20	647160	34.9098	91.3372	56.1716	28.0697	97.3545	15.5061	
140000	-122134	-1338.38	-75256	-17204.5	0.119512	1	0.160341	12.4735	2.62013	0.0416731	18.162	0.378839	5497	99	591	-46246.7	97.3545f	15.5061	4	1	1	0.0693069	0.0990099	0.0792079	0.009901	0	0	0	0	0.845455	0.954545	0.214936	0.521368	0.903811	0.019802	0.138614	9.90099e-09	1	0.12204	0.157712	0.666667	0.666667	1.5	1	1	7481.83	1e+20	647160	34.9098	91.3372	56.1716	28.0697	97.3545	15.5061	
141000	-120515	-1338.38	-73636.5	-16986.2	0.116686	1	0.161082	12.416	2.51178	0.0124334	18.0583	0.393362	5395	99	559	-46246.7	51.4266f	23.7959	4	1	1	0.0693069	0.0990099	0.0792079	0.009901	0	0	0	0	0.745455	0.957407	0.257463	0.54955	0.87963	0.019802	0.138614	9.90099e-09	1	0.103704	0.207513	0.666667	0.666667	1.5	1	1	7481.83	1e+20	647160	34.9098	91.3372	56.1716	28.0697	51.4266	23.7959	
142000	-123765	-1338.38	-76887	-17566.6	0.12084	1	0.138566	14.4335	2.58832	0.0175486	18.7277	0.443757	5668	99	563	-46246.7	76.9146f	28.5969	4	1	1	0.0693069	0.0990099	0.0792079	0.009901	0	0	0	0	0.781818	0.962766	0.204947	0.469027	0.888693	0.019802	0.138614	9.90099e-09	1	0.114841	0.154529	0.666667	0.666667	1.5	1	1	7481.83	1e+20	647160	34.9098	91.3372	56.1716	28.0697	76.9146	28.5969	
143000	-121668	-1338.38	-74789.6	-17255.9	0.12084	1	0.138566	14.4335	2.47863	0.0116146	18.5261	0.463396	5521	99	524	-46246.7	53.7913f	25.4976	4	1	1	0.0693069	0.0990099	0.0792079	0.009901	0	0	0	0	0.736364	0.960217	0.235081	0.518868	0.902351	0.019802	0.138614	9.90099e-09	1	0.122966	0.171154	0.666667	0.666667	1.5	1	1	7481.83	1e+20	647160	6.19112	29.7434	56.1716	28.0697	53.7913	25.4976	
144000	-122289	-1338.38	-75410.5	-17268.6	0.12084	1	0.147742	13.5372	2.08069	0.0322999	17.451	0.517738	5527	99	582	-46246.7	64.1203f	1.62857	4	1	1	0.0693069	0.0990099	0.0792079	0.009901	0	0	0	0	0.681818	0.951351	0.202532	0.559633	0.89009	0.019802	0.138614	9.90099e-09	1	0.106306	0.203297	0.666667	0.666667	1.5	1	1	7481.83	1e+20	647160	9.07529	39.4111	56.1716	28.0697	64.1203	1.62857	
145000	-120531	-1338.38	-73652.4	-16946.6	0.118753	1	0.153859	12.9989	2.38034	0.00845232	17.9438	0.434568	5376	99	572	-46246.7	36.7978f	38.4938	4	1	1	0.0693069	0.0990099	0.0792079	9.90099e-09	0	0	0	0	0.763636	0.958955	0.233333	0.478261	0.873606	0.019802	0.138614	9.90099e-09	1	0.10223	0.195804	0.666667	0.666667	1.5	1	1	7481.83	1e+20	647160	34.9098	91.3372	56.1716	28.0697	36.7978	38.4938	
146000	-121531	-1338.38	-74652.4	-17208.7	0.119122	1	0.161188	12.4079	2.17963	0.0198637	17.3365	0.453009	5499	99	542	-46246.7	33.2912f	17.1003	4	1	1	0.0693069	0.0990099	0.0792079	9.90099e-09	0	0	0	0	0.818182	0.963702	0.194545	0.564103	0.896364	0.019802	0.0792079	9.90099e-09	1	0.107078	0.234317	0.666667	0.666667	1.5	1	1	7481.83	1e+20	647160	34.9098	91.3372	56.1716	28.0697	33.2912	17.1003	
147000	-122564	-1338.38	-75685.4	-17342.5	0.119823	1	0.148165	13.4985	2.01532	0.014701	17.3365	0.533004	5562	99	573	-46246.7	62.0484f	22.3912	4	1	1	0.0693069	0.0990099	0.0693069	9.90099e-09	0	0	0	0	0.754545	0.955277	0.222621	0.526316	0.871199	0.019802	0.0792079	9.90099e-09	1	0.10772	0.208481	0.666667	0.666667	1.5	1	1	7481.83	1e+20	647160	34.9098	91.3372	56.1716	28.0697	62.0484	22.3912	
148000	-122124	-1338.38	-75245.9	-17293.7	0.119823	1	0.148165	13.4985	2.14622	0.00848417	17.6114	0.500495	5539	99	558	-46246.7	63.2822f	37.5356	4	1	1	0.0693069	0.0990099	0.0693069	9.90099e-09	0	0	0	0	0.836364	0.956835	0.172662	0.554545	0.870036	0.019802	0.0792079	9.90099e-09	1	0.0956679	0.198077	0.666667	0.666667	1.5	1	1	7481.83	1e+20	647160	25.4333	67.5544	56.1716	28.0697	63.2822	37.5356	
149000	-121862	-1338.38	-74983.3	-17359.4	0.120297	1	0.153673	13.0146	2.11642	0.0210851	17.3734	0.489352	5570	99	497	-46246.7	75.4955f	20.687	4	1	1	0.0693069	0.0990099	0.0693069	9.90099e-09	0	0	0	0	0.745455	0.938959	0.204301	0.460784	0.897849	0.019802	0.0792079	9.90099e-09	1	0.104129	0.215686	0.666667	0.666667	1.5	1	1	7481.83	1e+20	647160	25.4333	67.5544	56.1716	28.0697	75.4955	20.687	
150000	-121538	-1338.38	-74659.5	-17202.7	0.120297	1	0.1401	14.2755	2.03747	0.0116247	17.6115	0.557561	5496	99	537	-46246.7	32.7437f	32.6911	4	1	1	0.0693069	0.0594059	0.0693069	9.90099e-09	0	0	0	0	0.818182	0.952468	0.254579	0.495238	0.875458	0.019802	0.0792079	9.90099e-09	1	0.123162	0.230912	0.666667	0.666667	1.5	1	1	7481.83	1e+20	647160	25.4333	67.5544	56.1716	28.0697	32.7437	32.6911	
151000	-120957	-1338.38	-74078.6	-17223.8	0.120122	1	0.127099	15.7357	1.84572	0.0135218	17.6115	0.678439	5506	99	480	-46246.7	75.2881f	37.0276	4	1	1	0.039604	0.0594059	0.0693069	9.90099e-09	0	0	0	0	0.781818	0.965455	0.213768	0.564626	0.900181	0.019802	0.0792079	9.90099e-09	1	0.0852995	0.190275	0.666667	0.666667	1.5	1	1	7481.83	1e+20	647160	25.4333	67.5544	56.1716	28.0697	75.2881	37.0276	
152000	-121011	-1338.38	-74132.2	-17206.6	0.118964	1	0.127227	15.72	1.82975	0.00858857	17.6115	0.683675	5498	99	488	-46246.7	62.5266f	36.435	4	1	1	0.039604	0.0594059	0.0693069	9.90099e-09	0	0	0	0	0.818182	0.976577	0.211573	0.466667	0.885455	0.009901	0.0792079	9.90099e-09	1	0.0909091	0.212302	0.666667	0.666667	1.5	1	1	7481.83	1e+20	647160	25.4333	67.5544	56.1716	28.0697	62.5266	36.435	
153000	-122160	-1338.38	-75281.7	-17415.2	0.118964	1	0.143346	13.9522	1.61065	0.00852865	16.5576	0.689341	5596	99	498	-46246.7	32.5199f	51.786	4	1	1	0.039604	0.0594059	0.049505	9.90099e-09	0	0	0	0	0.881818	0.966132	0.22898	0.548077	0.896243	0.009901	0.0792079	9.90099e-09	1	0.0980392	0.180723	0.666667	0.666667	1.5	1	1	7481.83	1e+20	647160	25.4333	67.5544	23.7634	36.1162	32.5199	51.786	
154000	-124136	-1338.38	-77258	-17815	0.12359	1	0.139497	14.3372	1.62836	0.0221018	16.5576	0.700657	5787	99	485	-46246.7	20.1754f	24.1659	4	1	1	0.039604	0.0594059	0.049505	9.90099e-09	0	0	0	0	0.7	0.963731	0.207679	0.507042	0.908463	0.009901	0.0792079	9.90099e-09	1	0.0690846	0.198704	0.666667	0.666667	1.5	1	1	7481.83	1e+20	647160	25.4333	67.5544	23.7634	36.1162	20.1754	24.1659	
155000	-124250	-1338.38	-77371.9	-17838.6	0.122864	1	0.153338	13.0431	1.62314	0.0227093	16.1815	0.639462	5798	99	479	-46246.7	13.2003f	65.7655	4	1	1	0.039604	0.0594059	0.049505	9.90099e-09	0	0	0	0	0.836364	0.951807	0.222031	0.544643	0.910345	0.009901	0.0792079	9.90099e-09	1	0.0827586	0.223382	0.666667	0.666667	1.5	1	1	7481.83	1e+20	647160	25.4333	67.5544	23.7634	36.1162	13.2003	65.7655	
156000	-125815	-1338.38	-78936.5	-18026.5	0.125262	1	0.155452	12.8657	1.78361	0.0161035	16.4312	0.574018	5889	99	537	-46246.7	38.2123f	20.3592	4	1	1	0.039604	0.0891089	0.049505	9.90099e-09	0	0	0	0	0.854545	0.94898	0.160745	0.490909	0.893761	0.009901	0.0792079	9.90099e-09	1	0.0986395	0.225632	0.666667	0.666667	1.5	1	1	7481.83	1e+20	647160	25.4333	67.5544	23.7634	36.1162	38.2123	20.3592	
157000	-124870	-1338.38	-77991.4	-17843.6	0.12541	1	0.157731	12.6799	1.81189	0.0105173	16.4312	0.556895	5801	99	541	-46246.7	31.1816f	61.6774	4	1	1	0.039604	0.0891089	0.049505	9.90099e-09	0	0	0	0	0.736364	0.953767	0.172414	0.462264	0.884682	0.009901	0.0792079	9.90099e-09	1	0.0965517	0.232902	0.666667	0.666667	1.5	1	1	7481.83	1e+20	647160	62.6082	88.2739	23.7634	36.1162	31.1816	61.6774	
158000	-124082	-1338.38	-77203.4	-17671.3	0.12541	1	0.154143	12.975	2.09167	0.0333404	17.13	0.493634	5718	99	548	-46246.7	17.6408f	10.6471	4	1	1	0.0891089	0.0891089	0.049505	9.90099e-09	0	0	0	0	0.772727	0.961739	0.237347	0.486239	0.884817	0.009901	0.0990099	9.90099e-09	1	0.101399	0.169118	0.666667	0.666667	1.5	1	1	7481.83	1e+20	647160	62.6082	88.2739	23.7634	36.1162	17.6408	10.6471	
159000	-123036	-1338.38	-76157.2	-17526.1	0.122708	1	0.154143	12.975	1.82168	0.00809269	16.6386	0.566793	5649	99	527	-46246.7	34.6551f	55.8557	4	1	1	0.0891089	0.0891089	0.049505	9.90099e-09	0	0	0	0	0.790909	0.954225	0.194346	0.436364	0.874336	0.009901	0.0990099	9.90099e-09	1	0.118584	0.196597	0.666667	0.666667	1.5	1	1	7481.83	1e+20	647160	62.6082	88.2739	33.829	40.5235	34.6551	55.8557	
160000	-123404	-1338.38	-76525.3	-17518.4	0.124098	1	0.152471	13.1172	1.82235	0.0224828	16.6386	0.572795	5645	99	569	-46246.7	16.7269f	28.0512	4	1	1	0.0891089	0.0891089	0.0693069	9.90099e-09	0	0	0	0	0.709091	0.952212	0.209139	0.468468	0.900885	0.009901	0.0990099	9.90099e-09	1	0.0814159	0.206148	0.666667	0.666667	1.5	1	1	7481.83	1e+20	647160	67.4751	93.1766	7.98394	54.0162	16.7269	28.0512	
161000	-123591	-1338.38	-76712.2	-17660.3	0.123413	1	0.156794	12.7556	1.7517	0.023772	16.3829	0.579471	5713	99	520	-46246.7	9.1236f	55.2844	4	1	1	0.0891089	0.0891089	0.0693069	9.90099e-09	0	0	0	0	0.718182	0.97007	0.174912	0.594059	0.894075	0.009901	0.0990099	9.90099e-09	1	0.100352	0.2249	0.666667	0.666667	1.5	1	1	7481.83	1e+20	647160	67.4751	93.1766	7.98394	54.0162	9.1236	55.2844	
162000	-125352	-1338.38	-78473.3	-17899.6	0.125924	1	0.150328	13.3042	1.70959	0.028219	16.3732	0.619282	5828	99	555	-46246.7	10.432f	26.5754	4	1	1	0.0891089	0.0891089	0.0693069	9.90099e-09	0	0	0	0	0.809091	0.948718	0.203767	0.432432	0.880342	0.009901	0.0990099	9.90099e-09	1	0.0994854	0.234043	0.666667	0.666667	1.5	1	1	7481.83	1e+20	647160	67.4751	93.1766	7.98394	54.0162	10.432	26.5754	
163000	-125324	-1338.38	-78445.4	-17912.1	0.125924	1	0.162809	12.2843	1.85153	0.0272854	16.3732	0.527972	5834	99	550	-46246.7	6.35594f	39.1175	4	1	1	0.0891089	0.0693069	0.0693069	9.90099e-09	0	0	0	0	0.818182	0.967687	0.181197	0.589286	0.87372	0.009901	0.0990099	9.90099e-09	1	0.106164	0.230909	0.666667	0.666667	1.5	1	1	7481.83	1e+20	647160	66.1954	92.4888	7.98394	54.0162	6.35594	39.1175	
164000	-124547	-1338.38	-77669.1	-17849.9	0.125346	1	0.157353	12.7103	1.52998	0.0257432	15.7624	0.661088	5804	99	515	-46246.7	7.08784f	43.7356	4	1	1	0.0693069	0.0693069	0.0693069	9.90099e-09	0	0	0	0	0.736364	0.953608	0.190395	0.518519	0.892123	0.009901	0.0990099	9.90099e-09	1	0.072165	0.268714	0.666667	0.666667	1.5	1	1	7481.83	1e+20	647160	66.1954	92.4888	8.74692	37.5311	7.08784	43.7356	
165000	-124995	-1338.38	-78116.8	-17938.6	0.12947	1	0.147045	13.6013	1.47679	0.0144	15.7624	0.732913	5846	99	509	-46246.7	21.7998f	43.0293	4	1	1	0.0693069	0.0693069	0.0693069	9.90099e-09	0	0	0	0	0.781818	0.950427	0.186325	0.485981	0.902564	9.90099e-09	0.118812	9.90099e-09	1	0.0905983	0.239252	0.666667	0.666667	1.5	1	1	7481.83	1e+20	647160	66.1954	92.4888	8.74692	37.5311	21.7998	43.0293	
166000	-123641	-1338.38	-76762.3	-17706.6	0.12763	1	0.149202	13.4046	1.47715	0.0201733	15.7624	0.722135	5734	99	502	-46246.7	17.1777f	32.7429	4	1	1	0.0693069	0.0693069	0.029703	9.90099e-09	0	0	0	0	0.781818	0.961806	0.168696	0.470199	0.899306	9.90099e-09	0.118812	9.90099e-09	1	0.0798611	0.23506	0.666667	0.666667	1.5	1	1	7481.83	1e+20	647160	66.1954	92.4888	8.74692	37.5311	17.1777	32.7429	
167000	-124997	-1338.38	-78118.2	-17922.9	0.124554	1	0.140746	14.21	1.63689	0.0161405	16.5103	0.690817	5839	99	510	-46246.7	30.494f	24.8296	4	1	1	0.0693069	0.0693069	0.029703	9.90099e-09	0	0	0	0	0.745455	0.954003	0.226027	0.518868	0.875214	9.90099e-09	0.118812	9.90099e-09	1	0.0787671	0.219512	0.666667	0.666667	1.5	1	1	7481.83	1e+20	647160	74.7576	55.7237	8.74692	37.5311	30.494	24.8296	
168000	-124401	-1338.38	-77522.5	-17835.5	0.124554	1	0.139391	14.3481	1.70643	0.0073603	16.7233	0.669108	5797	99	505	-46246.7	52.248f	35.3772	4	1	1	0.0693069	0.0990099	0.029703	9.90099e-09	0	0	0	0	0.790909	0.958904	0.217094	0.465347	0.902397	9.90099e-09	0.118812	9.90099e-09	1	0.0844828	0.228175	0.666667	0.666667	1.5	1	1	7481.83	1e+20	647160	74.7576	55.7237	35.1477	49.4784	52.248	35.3772	
169000	-126269	-1338.38	-79390.8	-18153.1	0.128523	1	0.152414	13.1221	1.94863	0.028298	16.7737	0.535878	5951	99	509	-46246.7	96.709f	46.9203	4	1	1	0.0693069	0.0990099	0.029703	9.90099e-09	0	0	0	0	0.772727	0.94958	0.206723	0.5	0.897651	9.90099e-09	0.118812	9.90099e-09	1	0.121008	0.214559	0.666667	0.666667	1.5	1	1	7481.83	1e+20	647160	74.7576	55.7237	67.2757	25.352	96.709	46.9203	
170000	-126709	-1338.38	-79830.5	-18200.3	0.128523	1	0.146675	13.6356	1.73786	0.0166252	16.4576	0.624381	5974	99	527	-46246.7	83.1497f	48.9256	4	1	1	0.049505	0.0990099	0.029703	9.90099e-09	0	0	0	0	0.845455	0.960067	0.19598	0.581818	0.874372	9.90099e-09	0.118812	9.90099e-09	1	0.100503	0.22007	0.666667	0.666667	1.5	1	1	7481.83	1e+20	647160	74.7576	55.7237	87.5607	29.3676	83.1497	48.9256	
171000	-126024	-1338.38	-79146	-18128.5	0.128523	1	0.146675	13.6356	1.73786	0.0174556	16.4576	0.624381	5939	99	502	-46246.7	68.9552f	21.5618	4	1	1	0.049505	0.0990099	0.029703	9.90099e-09	0	0	0	0	0.809091	0.949664	0.16723	0.533981	0.892797	9.90099e-09	0.0792079	9.90099e-09	1	0.0721477	0.205179	0.666667	0.666667	1.5	1	1	7481.83	1e+20	647160	54.3099	71.4396	87.5607	29.3676	68.9552	21.5618	
172000	-124251	-1338.38	-77372.5	-17828.6	0.128223	1	0.150451	13.2934	1.77843	0.0380773	16.4576	0.594825	5793	99	489	-46246.7	78.6754f	2.42588	4	1	1	0.049505	0.0990099	0.029703	9.90099e-09	0	0	0	0	0.790909	0.963731	0.19105	0.483444	0.878261	9.90099e-09	0.0792079	9.90099e-09	1	0.0817391	0.198	0.666667	0.666667	1.5	1	1	7481.83	1e+20	647160	54.3099	71.4396	87.5607	29.3676	78.6754	2.42588	
173000	-124478	-1338.38	-77599.7	-17806	0.128223	1	0.147619	13.5484	2.0044	0.0334377	17.0379	0.537892	5782	99	523	-46246.7	94.7144f	24.1536	4	1	1	0.049505	0.0990099	0.0594059	9.90099e-09	0	0	0	0	0.827273	0.925347	0.17301	0.466019	0.881944	9.90099e-09	0.0792079	9.90099e-09	1	0.0846287	0.191205	0.666667	0.666667	1.5	1	1	7481.83	1e+20	647160	64.3598	57.5493	87.5607	29.3676	94.7144	24.1536	
174000	-128053	-1338.38	-81174.3	-18432.5	0.128223	1	0.147619	13.5484	2.0044	0.0279376	17.0379	0.537892	6087	99	530	-46246.7	95.672f	41.5343	4	1	1	0.049505	0.0990099	0.0594059	9.90099e-09	0	0	0	0	0.872727	0.96072	0.22186	0.401869	0.900327	9.90099e-09	0.0792079	9.90099e-09	1	0.0851064	0.200772	0.666667	0.666667	1.5	1	1	7481.83	1e+20	647160	45.3719	77.2222	87.5607	29.3676	95.672	41.5343	
175000	-127636	-1338.38	-80757.2	-18342	0.132959	1	0.149955	13.3373	1.91972	0.0233782	16.6375	0.552866	6043	99	539	-46246.7	81.0953f	22.4515	4	1	1	0.049505	0.0891089	0.0594059	9.90099e-09	0	0	0	0	0.745455	0.963756	0.186469	0.428571	0.889256	9.90099e-09	0.0792079	9.90099e-09	1	0.0906096	0.213504	0.666667	0.666667	1.5	1	1	7481.83	1e+20	647160	45.3719	77.2222	87.5607	29.3676	81.0953	22.4515	
176000	-129220	-1338.38	-82341.8	-18638	0.130862	1	0.145427	13.7526	1.83239	0.0452393	16.6375	0.597249	6189	99	530	-46246.7	92.6304f	5.93314	4	1	1	0.0693069	0.0891089	0.0594059	9.90099e-09	0	0	0	0	0.736364	0.969106	0.189542	0.5	0.876221	9.90099e-09	0.0792079	9.90099e-09	1	0.102941	0.198113	0.666667	0.666667	1.5	1	1	7481.83	1e+20	647160	45.3719	77.2222	87.5607	29.3676	92.6304	5.93314	
177000	-130492	-1338.38	-83613.1	-18732.9	0.134123	1	0.153053	13.0674	1.97653	0.0391398	16.6375	0.52611	6237	99	599	-46246.7	99.4749f	22.5921	4	1	1	0.0693069	0.0891089	0.0594059	9.90099e-09	0	0	0	0	0.790909	0.960064	0.1984	0.445378	0.894569	9.90099e-09	0.0891089	9.90099e-09	1	0.0832	0.191987	0.666667	0.666667	1.5	1	1	7481.83	1e+20	647160	45.3719	77.2222	87.5607	29.3676	99.4749	22.5921	
178000	-131809	-1338.38	-84930.3	-18986	0.134123	1	0.153053	13.0674	2.09863	0.0175765	16.8887	0.495499	6363	99	593	-46246.7	64.0634f	18.7322	4	1	1	0.0693069	0.0891089	0.049505	9.90099e-09	0	0	0	0	0.754545	0.96355	0.247244	0.521739	0.883465	9.90099e-09	0.0891089	9.90099e-09	1	0.096063	0.195164	0.666667	0.666667	1.5	1	1	7481.83	1e+20	647160	45.3719	77.2222	87.5607	29.3676	64.0634	18.7322	
179000	-129131	-1338.38	-82252.2	-18650.5	0.134123	1	0.141471	14.1371	1.93983	0.0226977	16.8887	0.579945	6196	99	520	-46246.7	90.7647f	47.4571	4	1	1	0.0693069	0.0891089	0.049505	9.90099e-09	0	0	0	0	0.8	0.953376	0.21865	0.522936	0.911576	9.90099e-09	0.0891089	9.90099e-09	1	0.101286	0.217153	0.666667	0.666667	1.5	1	1	7481.83	1e+20	647160	45.3719	77.2222	87.5607	29.3676	90.7647	47.4571	
180000	-130746	-1338.38	-83868.1	-18720.8	0.134123	1	0.161002	12.4222	2.17181	0.0267669	16.8197	0.455163	6231	99	634	-46246.7	93.8967f	38.9908	4	1	1	0.0693069	0.0891089	0.049505	9.90099e-09	0	0	0	0	0.809091	0.962963	0.1952	0.492063	0.877193	9.90099e-09	0.0891089	9.90099e-09	1	0.138486	0.197452	0.666667	0.666667	1.5	1	1	7481.83	1e+20	647160	45.3719	77.2222	87.5607	29.3676	93.8967	38.9908	
181000	-129669	-1338.38	-82790.5	-18616.3	0.133492	1	0.154203	12.97	2.07031	0.0112486	16.8197	0.498533	6179	99	586	-46246.7	63.8854f	30.1008	4	1	1	0.0693069	0.0990099	0.049505	9.90099e-09	0	0	0	0	0.763636	0.958065	0.192557	0.55	0.879421	9.90099e-09	0.0891089	9.90099e-09	1	0.0938511	0.181818	0.666667	0.666667	1.5	1	1	7481.83	1e+20	647160	45.3719	77.2222	87.5607	29.3676	63.8854	30.1008	
182000	-130694	-1338.38	-83815.3	-18864	0.133492	1	0.15703	12.7365	1.83074	0.042945	16.2366	0.553621	6302	99	558	-46246.7	93.7993f	9.63642	4	1	1	0.0693069	0.0990099	0.049505	9.90099e-09	0	0	0	0	0.781818	0.955696	0.209192	0.53913	0.885895	9.90099e-09	0.0891089	9.90099e-09	1	0.0871632	0.210054	0.666667	0.666667	1.5	1	1	7481.83	1e+20	647160	45.3719	77.2222	87.5607	29.3676	93.7993	9.63642	
183000	-130981	-1338.38	-84102.2	-18869.1	0.134706	1	0.15703	12.7365	1.84738	0.0273167	16.2366	0.548634	6305	99	579	-46246.7	94.9275f	40.9925	4	1	1	0.0594059	0.0990099	0.049505	9.90099e-09	0	0	0	0	0.736364	0.957278	0.232484	0.432203	0.893987	9.90099e-09	0.108911	9.90099e-09	1	0.0812102	0.206522	0.666667	0.666667	1.5	1	1	7481.83	1e+20	647160	45.3719	77.2222	87.5607	29.3676	94.9275	40.9925	
184000	-132433	-1338.38	-85554.7	-19063.3	0.13758	1	0.153194	13.0553	2.20639	0.0155458	16.989	0.470864	6403	99	611	-46246.7	78.569f	36.5252	4	1	1	0.0594059	0.0990099	0.049505	9.90099e-09	0	0	0	0	0.818182	0.951487	0.221698	0.515625	0.888889	9.90099e-09	0.108911	9.90099e-09	1	0.0951638	0.199362	0.666667	0.666667	1.5	1	1	7481.83	1e+20	647160	45.3719	77.2222	87.5607	29.3676	78.569	36.5252	
185000	-133702	-1338.38	-86823.4	-19340.4	0.141548	1	0.143719	13.916	2.12963	0.0166619	16.989	0.519999	6544	99	570	-46246.7	77.0787f	30.8397	4	1	1	0.0594059	0.0990099	0.029703	9.90099e-09	0	0	0	0	0.736364	0.966258	0.201229	0.5	0.889571	9.90099e-09	0.108911	9.90099e-09	1	0.0969231	0.193202	0.666667	0.666667	1.5	1	1	7481.83	1e+20	647160	10.3811	61.4203	89.5859	29.1979	77.0787	30.8397	
186000	-134655	-1338.38	-87776.6	-19477.7	0.145235	1	0.143719	13.916	2.10263	0.0253668	16.8264	0.526676	6614	99	595	-46246.7	87.5587f	27.5513	4	1	1	0.0594059	0.0990099	0.029703	9.90099e-09	0	0	0	0	0.763636	0.962349	0.177979	0.536	0.90512	9.90099e-09	0.108911	9.90099e-09	1	0.10423	0.232745	0.666667	0.666667	1.5	1	1	7481.83	1e+20	647160	29.0375	79.212	89.5859	29.1979	87.5587	27.5513	
187000	-136688	-1338.38	-89809.1	-19718.9	0.145235	1	0.155352	12.874	2.27283	0.0285528	16.8264	0.45075	6739	99	649	-46246.7	95.9296f	39.7342	4	1	1	0.0594059	0.0990099	0.029703	9.90099e-09	0	0	0	0	0.654545	0.955357	0.227003	0.440945	0.89153	9.90099e-09	0.108911	9.90099e-09	1	0.120178	0.214176	0.666667	0.666667	1.5	1	1	7481.83	1e+20	647160	43.5253	84.6115	89.5859	29.1979	95.9296	39.7342	
188000	-136535	-1338.38	-89656.7	-19682.2	0.145235	1	0.155477	12.8637	2.37682	0.0159112	17.0123	0.430685	6720	99	654	-46246.7	69.7244f	24.7725	4	1	1	0.0594059	0.0792079	0.029703	9.90099e-09	0	0	0	0	0.8	0.940565	0.203566	0.437037	0.876672	9.90099e-09	0.108911	9.90099e-09	1	0.109955	0.195876	0.666667	0.666667	1.5	1	1	7481.83	1e+20	647160	43.5253	84.6115	89.5859	29.1979	69.7244	24.7725	
189000	-134923	-1338.38	-88044.9	-19567.1	0.141725	1	0.140146	14.2709	2.22729	0.0336905	17.2836	0.509875	6660	99	568	-46246.7	92.9396f	20.9162	4	1	1	0.049505	0.0792079	0.029703	9.90099e-09	0	0	0	0	0.818182	0.948872	0.199095	0.517544	0.912913	9.90099e-09	0.049505	9.90099e-09	1	0.0917293	0.200704	0.666667	0.666667	1.5	1	1	7481.83	1e+20	647160	43.5253	84.6115	89.5859	29.1979	92.9396	20.9162	
190000	-133769	-1338.38	-86890.5	-19245.7	0.143244	1	0.140146	14.2709	2.44431	0.0140117	17.643	0.464606	6495	99	625	-46246.7	78.5932f	43.875	4	1	1	0.049505	0.0792079	0.0594059	9.90099e-09	0	0	0	0	0.672727	0.947773	0.232666	0.491667	0.88408	9.90099e-09	0.049505	9.90099e-09	1	0.107692	0.149406	0.666667	0.666667	1.5	1	1	7481.83	1e+20	647160	30.3218	52.4438	89.5859	29.1979	78.5932	43.875	
191000	-135874	-1338.38	-88995.2	-19647.9	0.143336	1	0.143409	13.9461	2.15891	0.0359265	17.0029	0.514053	6702	99	616	-46246.7	77.8447f	4.06048	4	1	1	0.049505	0.0792079	0.0594059	9.90099e-09	0	0	0	0	0.8	0.955157	0.208644	0.408333	0.876488	9.90099e-09	0.049505	9.90099e-09	1	0.107303	0.224026	0.666667	0.666667	1.5	1	1	7481.83	1e+20	647160	33.8581	57.5685	89.5859	29.1979	77.8447	4.06048	
192000	-136425	-1338.38	-89546.3	-19718.9	0.146424	1	0.141562	14.1281	2.3298	0.0362189	17.2937	0.482565	6739	99	621	-46246.7	99.5968f	28.3569	4	1	1	0.049505	0.0792079	0.0594059	9.90099e-09	0	0	0	0	0.790909	0.946746	0.220566	0.508065	0.888724	9.90099e-09	0.049505	9.90099e-09	1	0.107988	0.214058	0.666667	0.666667	1.5	1	1	7481.83	1e+20	647160	33.8581	57.5685	89.5859	29.1979	99.5968	28.3569	
193000	-134871	-1338.38	-87992.8	-19525.5	0.143898	1	0.141562	14.1281	2.36078	0.0288983	17.4265	0.476232	6639	99	581	-46246.7	96.6359f	41.4932	4	1	1	0.049505	0.0792079	0.0594059	9.90099e-09	0	0	0	0	0.709091	0.957831	0.206637	0.586207	0.881024	9.90099e-09	0.049505	9.90099e-09	1	0.115964	0.212418	0.666667	0.666667	1.5	1	1	7481.83	1e+20	647160	33.8581	57.5685	89.5859	29.1979	96.6359	41.4932	
194000	-134752	-1338.38	-87873.9	-19541	0.143467	1	0.131426	15.2177	2.18518	0.0288983	17.4265	0.55418	6647	99	565	-46246.7	96.6359f	41.4932	4	1	1	0.049505	0.0693069	0.0594059	9.90099e-09	0	0	0	0	0.763636	0.954683	0.239458	0.522523	0.903614	9.90099e-09	0.049505	9.90099e-09	1	0.103916	0.206714	0.666667	0.666667	1.5	1	1	7481.83	1e+20	647160	33.8581	57.5685	89.5859	29.1979	96.6359	41.4932	
195000	-134449	-1338.38	-87571.1	-19535.3	0.144661	1	0.134783	14.8387	2.22842	0.0169256	17.366	0.529894	6644	99	540	-46246.7	60.9979f	18.5076	4	1	1	0.0594059	0.0693069	0.0594059	9.90099e-09	0	0	0	0	0.827273	0.959215	0.176205	0.5	0.902695	9.90099e-09	0.049505	9.90099e-09	1	0.0895522	0.184061	0.666667	0.666667	1.5	1	1	7481.83	1e+20	647160	47.7099	96.0805	89.5859	29.1979	60.9979	18.5076	
196000	-136962	-1338.38	-90083.8	-19869.8	0.144659	1	0.141164	14.1679	2.19728	0.019218	17.1061	0.51311	6817	99	589	-46246.7	80.4903f	29.7492	4	1	1	0.0594059	0.0693069	0.0594059	9.90099e-09	0	0	0	0	0.772727	0.954545	0.208824	0.531532	0.892171	9.90099e-09	0.128713	9.90099e-09	1	0.0779412	0.187826	0.666667	0.666667	1.5	1	1	7481.83	1e+20	647160	47.7099	96.0805	89.5859	29.1979	80.4903	29.7492	
197000	-135452	-1338.38	-88574	-19612.7	0.144659	1	0.133081	15.0284	2.07147	0.00886341	17.1061	0.577332	6684	99	590	-46246.7	67.3066f	41.6191	4	1	1	0.0594059	0.0693069	0.0594059	9.90099e-09	0	0	0	0	0.809091	0.970238	0.210448	0.550847	0.892857	9.90099e-09	0.128713	9.90099e-09	1	0.0848214	0.198305	0.666667	0.666667	1.5	1	1	7481.83	1e+20	647160	63.0152	94.1566	89.5859	29.1979	67.3066	41.6191	
198000	-136819	-1338.38	-89940.3	-19804.2	0.144556	1	0.143695	13.9183	2.23509	0.0310735	17.1061	0.495546	6783	99	614	-46246.7	90.7471f	21.9758	4	1	1	0.0594059	0.0693069	0.0594059	9.90099e-09	0	0	0	0	0.727273	0.964602	0.20059	0.528455	0.89528	9.90099e-09	0.128713	9.90099e-09	1	0.0970588	0.198675	0.666667	0.666667	1.5	1	1	7481.83	1e+20	647160	47.7099	96.0805	89.5859	29.1979	90.7471	21.9758	
199000	-135170	-1338.38	-88291.9	-19572	0.144195	1	0.14216	14.0687	2.14988	0.015106	16.9969	0.520748	6663	99	589	-46246.7	77.5915f	36.0346	4	1	1	0.0594059	0.0693069	0.0594059	9.90099e-09	0	0	0	0	0.736364	0.956716	0.184132	0.565574	0.893393	9.90099e-09	0.128713	9.90099e-09	1	0.103448	0.200675	0.666667	0.666667	1.5	1	1	7481.83	1e+20	647160	16.9915	48.4535	89.5859	29.1979	77.5915	36.0346	
200000	-133629	-1338.38	-86750.6	-19228.7	0.139721	1	0.135697	14.7387	2.18309	0.0281191	17.3983	0.537253	6487	99	622	-46246.7	93.8651f	34.203	4	1	1	0.0594059	0.0693069	0.0594059	9.90099e-09	0	0	0	0	0.772727	0.958716	0.240909	0.449612	0.905199	9.90099e-09	0.128713	9.90099e-09	1	0.117103	0.200965	0.666667	0.666667	1.5	1	1	7481.83	1e+20	647160	16.9915	48.4535	89.5859	29.1979	93.8651	34.203	
201000	-132908	-1338.38	-86029.2	-19136.2	0.139721	1	0.135697	14.7387	2.64667	0.0270763	18.2564	0.44315	6440	99	603	-46246.7	85.1254f	21.0586	4	1	1	0.0594059	0.0792079	0.0594059	9.90099e-09	0	0	0	0	0.745455	0.959565	0.218069	0.519685	0.900467	9.90099e-09	0.128713	9.90099e-09	1	0.0856698	0.201299	0.666667	0.666667	1.5	1	1	7481.83	1e+20	647160	16.9915	48.4535	94.0973	2.45987	85.1254	21.0586	
202000	-131394	-1338.38	-84515.4	-18955.2	0.139721	1	0.135697	14.7387	2.64667	0.0140811	18.2564	0.44315	6348	99	557	-46246.7	61.2125f	23.1004	4	1	1	0.0594059	0.0792079	0.0594059	9.90099e-09	0	0	0	0	0.827273	0.967085	0.240188	0.535088	0.901743	9.90099e-09	0.128713	9.90099e-09	1	0.100471	0.160142	0.666667	0.666667	1.5	1	1	7481.83	1e+20	647160	18.3663	54.8023	31.7013	18.352	61.2125	23.1004	
203000	-129871	-1338.38	-82992.5	-18644.7	0.13497	1	0.128084	15.6148	2.24197	0.00919987	17.9235	0.554239	6193	99	583	-46246.7	46.4416f	30.7116	4	1	1	0.0594059	0.0792079	0.0693069	9.90099e-09	0	0	0	0	0.754545	0.949757	0.206119	0.539823	0.898223	9.90099e-09	0.128713	9.90099e-09	1	0.0935484	0.17122	0.666667	0.666667	1.5	1	1	7481.83	1e+20	647160	18.3663	54.8023	31.7013	18.352	46.4416	30.7116	
204000	-128558	-1338.38	-81679.3	-18521.5	0.132263	1	0.128084	15.6148	2.19701	0.0148018	17.9235	0.565582	6132	99	522	-46246.7	58.3149f	20.937	4	1	1	0.0594059	0.0792079	0.0693069	9.90099e-09	0	0	0	0	0.754545	0.959481	0.192869	0.528846	0.915721	9.90099e-09	0.128713	9.90099e-09	1	0.125407	0.208171	0.666667	0.666667	1.5	1	1	7481.83	1e+20	647160	6.5974	90.754	31.7013	18.352	58.3149	20.937	
205000	-131668	-1338.38	-84789.4	-18981.6	0.140689	1	0.128084	15.6148	2.33697	0.0305329	17.9235	0.531709	6361	99	564	-46246.7	39.4138f	2.63961	4	1	1	0.0594059	0.0792079	0.0693069	9.90099e-09	0	0	0	0	0.736364	0.951334	0.20315	0.486486	0.907378	9.90099e-09	0.128713	9.90099e-09	1	0.100471	0.181319	0.666667	0.666667	1.5	1	1	7481.83	1e+20	647160	6.5974	90.754	31.7013	18.352	39.4138	2.63961	
206000	-132700	-1338.38	-85821.6	-19185.6	0.140689	1	0.135324	14.7794	2.46907	0.00811024	17.9235	0.476336	6465	99	562	-46246.7	44.5819f	34.105	4	1	1	0.0594059	0.0792079	0.0693069	9.90099e-09	0	0	0	0	0.754545	0.953416	0.214286	0.454545	0.878882	9.90099e-09	0.128713	9.90099e-09	1	0.0931677	0.213689	0.666667	0.666667	1.5	1	1	7481.83	1e+20	647160	30.6056	61.323	47.3013	24.5916	44.5819	34.105	
207000	-132365	-1338.38	-85486.2	-19134.9	0.137214	1	0.134101	14.9142	2.39276	0.0178233	17.9356	0.49601	6439	99	551	-46246.7	55.4096f	15.9101	4	1	1	0.0693069	0.039604	0.0693069	9.90099e-09	0	0	0	0	0.809091	0.962963	0.15969	0.580357	0.905864	9.90099e-09	0.128713	9.90099e-09	1	0.0807453	0.184015	0.666667	0.666667	1.5	1	1	7481.83	1e+20	647160	87.546	88.7759	47.3013	24.5916	55.4096	15.9101	
208000	-131750	-1338.38	-84871.3	-18926.5	0.136127	1	0.134101	14.9142	2.23839	0.00667292	17.6741	0.530216	6334	99	607	-46246.7	49.8627f	37.6285	4	1	1	0.0693069	0.039604	0.0693069	9.90099e-09	0	0	0	0	0.763636	0.969889	0.222749	0.512397	0.911392	9.90099e-09	0.0594059	9.90099e-09	1	0.101426	0.18593	0.666667	0.666667	1.5	1	1	7481.83	1e+20	647160	87.546	88.7759	47.3013	24.5916	49.8627	37.6285	
209000	-128629	-1338.38	-81750.3	-18485.8	0.136127	1	0.131726	15.1831	2.44628	0.0379284	18.1518	0.493904	6113	99	545	-46246.7	92.1943f	13.9245	4	1	1	0.0693069	0.039604	0.0693069	9.90099e-09	0	0	0	0	0.772727	0.947712	0.231767	0.567568	0.897059	9.90099e-09	0.0594059	9.90099e-09	1	0.0833333	0.194495	0.666667	0.666667	1.5	1	1	7481.83	1e+20	647160	87.546	88.7759	47.3013	24.5916	92.1943	13.9245	
210000	-129525	-1338.38	-82646.5	-18560	0.133848	1	0.132413	15.1043	2.71246	0.0171815	18.6811	0.443126	6151	99	580	-46246.7	65.8627f	20.19	4	1	1	0.0693069	0.039604	0.0693069	9.90099e-09	0	0	0	0	0.763636	0.953301	0.237013	0.529412	0.867099	9.90099e-09	0.0594059	9.90099e-09	1	0.125	0.186207	0.666667	0.666667	1.5	1	1	7481.83	1e+20	647160	87.546	88.7759	66.6543	22.8376	65.8627	20.19	
211000	-128482	-1338.38	-81603.7	-18388.1	0.13236	1	0.130602	15.3137	2.65018	0.0211842	18.6892	0.459826	6066	99	574	-46246.7	77.8588f	22.7223	4	1	1	0.0693069	0.039604	0.0594059	9.90099e-09	0	0	0	0	0.809091	0.962046	0.236453	0.612069	0.887789	9.90099e-09	0.0594059	9.90099e-09	1	0.116969	0.149406	0.666667	0.666667	1.5	1	1	7481.83	1e+20	647160	46.2398	63.4946	66.6543	22.8376	77.8588	22.7223	
212000	-127115	-1338.38	-80236.4	-18192.2	0.130137	1	0.130602	15.3137	2.29905	0.0112437	18.1133	0.530054	5970	99	555	-46246.7	55.0383f	26.4207	4	1	1	0.0693069	0.039604	0.0594059	9.90099e-09	0	0	0	0	0.690909	0.951424	0.20938	0.5	0.892797	9.90099e-09	0.0594059	9.90099e-09	1	0.105528	0.191228	0.666667	0.666667	1.5	1	1	7481.83	1e+20	647160	46.2398	63.4946	66.6543	22.8376	55.0383	26.4207	
213000	-128599	-1338.38	-81720.8	-18404.6	0.135174	1	0.13343	14.9892	2.43974	0.0204907	18.1133	0.488906	6073	99	579	-46246.7	84.7857f	65.7188	4	1	1	0.0693069	0.0792079	0.0594059	9.90099e-09	0	0	0	0	0.790909	0.958949	0.259016	0.5	0.878289	9.90099e-09	0.0594059	9.90099e-09	1	0.0870279	0.172712	0.666667	0.666667	1.5	1	1	7481.83	1e+20	647160	46.9783	63.8155	83.2785	66.1097	84.7857	65.7188	
214000	-130347	-1338.38	-83468.2	-18759.3	0.133397	1	0.120919	16.54	2.18191	0.0238543	18.1133	0.60324	6250	99	557	-46246.7	82.6866f	76.3991	4	1	1	0.0693069	0.0792079	0.0594059	9.90099e-09	0	0	0	0	0.809091	0.961415	0.217252	0.521739	0.904153	9.90099e-09	0.0594059	9.90099e-09	1	0.102236	0.202847	0.666667	0.666667	1.5	1	1	7481.83	1e+20	647160	46.9783	63.8155	83.2785	66.1097	82.6866	76.3991	
215000	-130194	-1338.38	-83315.3	-18726.8	0.134749	1	0.135766	14.7312	2.3288	0.0444966	17.8403	0.50338	6234	99	562	-46246.7	89.1821f	96.2883	4	1	1	0.0693069	0.0792079	0.0594059	9.90099e-09	0	0	0	0	0.854545	0.966454	0.195513	0.598291	0.876603	9.90099e-09	0.0990099	9.90099e-09	1	0.0930979	0.16899	0.666667	0.666667	1.5	1	1	7481.83	1e+20	647160	55.537	87.357	97.7764	92.4122	89.1821	96.2883	