
# before rand glnL: -35233.628727 alnL: -1201.912448
# ninter: 98
# ncoal: 98
# nhits: 98
# true lbda: 0.004009
# true mu: 0.526796
# true rad: 22.429022
# true sigsq: 0.671548
# true neigh. size: 3.796539
# fst-based estimate of neighborhood size: -nan
# nucleotide diversity: 0.000000
# length of a generation: 13649.9 time units
# clock rate: 1 subst. per time unit
# after rand glnL: -35233.628727 alnL: -1201.912448
# ninter: 98
# ncoal: 98
# nhits: 98
# start lbda: 0.004009
# start mu: 0.526796
# start rad: 7.430735
sample	lnP	alnL	glnL	tlnL	lbda	clock	mu	neigh	sigsq	sigsqobs	rad	rhoe	nInt	nCoal	nHit	rootTime	rootLon	rootLat	tstv	alpha	MeanBr	accLbda	accMu	accRad	accInDelDisk	accInDelHit	accScaleTime	accSPR	accSPRlocal	accPath	accIndelDiskSerial	accIndelHitSerial	accLdskGivenDisk	accDiskGivenLdsk	accDiskAndLdsk	accLdskMulti	accDiskMulti	accMoveDiskUD	accAddRemoveJump	accLdskTipToRoot	tuneLbda	tuneRad	tuneMu	tuneIndelDisk	tuneIndelHit	tuneLdskGivenDisk	tuneIndelDiskSerial	tuneIndelHitSerial	c0	c1	rootc0	rootc1	rootldsk0	rootldsk1	
  1000	-52613.1	-1201.91	-5871.18	-1447.95	0.00939296	1	0.174956	11.4314	0.147231	0.0596171	16.3405	6.17859	260	98	119	-24946.9	97.5626f	22.9666	4	1	1	0	0	0	0	0	0	0	0	0.981818	0.8	0.186275	0.386139	0.5	0	0	0	1	0.158416	0.184211	1	1	1	1	1	1.5	7.59375	0.296296	34.3455	23.0261	87.4834	1.26612	97.5626	22.9666	
  2000	-54175.6	-1201.91	-7433.72	-1868.96	0.0139205	1	0.160237	12.4815	0.346945	0.00720713	18.7568	2.86285	356	98	151	-24946.9	31.7526f	49.1822	4	1	1	0	0	0	0	0	0	0	0	0.945455	0.826923	0.158879	0.451327	0.613208	0	0	0	1	0.240741	0.17931	1	1	1	1	1	3.375	437.894	0.131687	65.0126	92.9106	47.0499	52.0011	31.7526	49.1822	
  3000	-55963.7	-1201.91	-9221.79	-2408.15	0.0189284	1	0.153485	13.0306	0.497625	0.00340371	19.2145	2.08378	488	98	155	-24946.9	38.6296f	45.598	4	1	1	0	0	0	0	0	0	0	0	0.936364	0.886525	0.242647	0.53211	0.73913	0	0	0	1	0.123188	0.152318	1	1	1	1	1	7.59375	25251.2	0.197531	54.8959	93.5302	47.0499	52.0011	38.6296	45.598	
  4000	-58285.4	-1201.91	-11543.5	-3035.78	0.0254248	1	0.147698	13.5411	0.668552	0.0121843	19.401	1.6118	654	98	169	-24946.9	37.618f	29.1257	4	1	1	0	0	0	0	0	0	0	0	0.909091	0.914729	0.292308	0.516949	0.753846	0	0	0	1	0.146154	0.173653	1	1	1	1	1	17.0859	1.10573e+07	0.666667	54.8959	93.5302	47.0499	52.0011	37.618	29.1257	
  5000	-59636.3	-1201.91	-12894.4	-3421.76	0.0286832	1	0.162875	12.2793	0.823567	0.0148385	19.3531	1.1865	762	98	169	-24946.9	36.1667f	26.9865	4	1	1	0	0	0	0	0	0	0	0	0.936364	0.947368	0.181818	0.432432	0.785714	0	0	0	1	0.155844	0.201183	1	1	1	1	1	38.4434	1.43465e+09	3.375	42.9231	94.8977	47.0499	52.0011	36.1667	26.9865	
  6000	-62708	-1201.91	-15966.1	-4078.53	0.0365993	1	0.170332	11.7418	1.09897	0.0150998	19.3531	0.850236	957	98	222	-24946.9	42.0862f	24.0097	4	1	1	0.217822	0.237624	0	0	0	0	0	0	0.881818	0.958549	0.340314	0.539216	0.78453	0	0.128713	0.0693069	1	0.1875	0.155556	0.666667	1	1.5	1	1	129.746	3.18038e+12	1477.89	42.9231	94.8977	47.0499	52.0011	42.0862	24.0097	
  7000	-64139.5	-1201.91	-17397.6	-4427.25	0.0437995	1	0.18308	10.9242	1.46566	0.00138447	19.5289	0.593123	1066	98	225	-24946.9	47.9799f	56.892	4	1	1	0.217822	0.237624	0	0	0	0	0	0	0.945455	0.892157	0.216981	0.555556	0.732673	0	0.128713	0.0693069	1	0.207547	0.203704	0.666667	1	1.5	1	1	437.894	4.70026e+15	127834	42.9231	94.8977	47.0499	52.0011	47.9799	56.892	
  8000	-65491.4	-1201.91	-18749.5	-4694.71	0.0464912	1	0.183244	10.9144	1.55712	0.0174055	19.5289	0.557787	1152	98	255	-24946.9	23.3574f	61.2002	4	1	1	0.217822	0.237624	0.0891089	0	0	0	0	0	0.963636	0.947826	0.280702	0.5	0.793103	0	0.128713	0.0693069	1	0.132743	0.164706	0.666667	0.666667	1.5	1	1	2216.84	1e+20	4.25081e+08	42.9231	94.8977	47.0499	52.0011	23.3574	61.2002	
  9000	-66550.2	-1201.91	-19808.3	-4954.9	0.0523673	1	0.179554	11.1387	1.56306	0.00579835	19.0712	0.567086	1237	98	255	-24946.9	34.1657f	46.1773	4	1	1	0.217822	0.237624	0.0891089	0	0	0	0	0	0.9	0.895161	0.260163	0.495238	0.774194	0	0.128713	0.0693069	1	0.169355	0.203187	0.666667	0.666667	1.5	1	1	11222.7	1e+20	1.63415e+10	32.3809	83.716	47.0499	52.0011	34.1657	46.1773	
 10000	-68461.6	-1201.91	-21719.7	-5341.07	0.052548	1	0.186968	10.697	1.90147	0.00247559	19.8102	0.447675	1368	98	281	-24946.9	41.718f	55.8164	4	1	1	0.217822	0.237624	0.0891089	0.049505	0	0	0	0	0.945455	0.927007	0.29927	0.535088	0.858209	0	0.128713	0.0693069	1	0.19708	0.204225	0.666667	0.666667	1.5	0.666667	1	37876.8	1e+20	2.4151e+13	51.6902	86.5648	47.0499	52.0011	41.718	55.8164	
 11000	-71082.6	-1201.91	-24340.7	-5934.62	0.0647008	1	0.149966	13.3364	1.86769	0.009142	19.7833	0.568229	1578	98	288	-24946.9	40.3065f	68.3848	4	1	1	0.217822	0.237624	0.0891089	0.049505	0	0	0	0	0.890909	0.919255	0.23125	0.535088	0.833333	0	0.128713	0.0693069	1	0.132911	0.144828	0.666667	0.666667	1.5	0.666667	1	37876.8	1e+20	2.4151e+13	51.6902	86.5648	42.0843	54.8659	40.3065	68.3848	
 12000	-72465.6	-1201.91	-25723.7	-6246.75	0.0647008	1	0.158302	12.6341	1.98174	0.0188225	19.8089	0.507327	1692	98	288	-24946.9	71.1464f	72.041	4	1	1	0.19802	0.108911	0.0891089	0.049505	0	0	0	0	0.936364	0.97619	0.279762	0.483051	0.788235	0	0.118812	0.019802	1	0.170588	0.207612	0.666667	0.666667	1.5	0.666667	1	37876.8	1e+20	2.4151e+13	47.4201	24.3551	48.2098	68.2455	71.1464	72.041	
 13000	-73175.4	-1201.91	-26433.5	-6357.11	0.0731772	1	0.170838	11.707	2.41885	0.0018208	19.8089	0.385148	1733	98	308	-24946.9	46.3709f	57.6855	4	1	1	0.19802	0.108911	0.0891089	0.049505	0	0	0	0	0.954545	0.930233	0.244186	0.555556	0.780347	0	0.118812	0.019802	1	0.201149	0.170418	0.666667	0.666667	1.5	0.666667	1	37876.8	1e+20	2.4151e+13	45.3148	5.08799	48.2098	68.2455	46.3709	57.6855	
 14000	-73609.1	-1201.91	-26867.2	-6382.57	0.0724937	1	0.181807	11.0007	2.34595	0.0320035	19.3999	0.373157	1743	98	338	-24946.9	39.6145f	88.2209	4	1	1	0.19802	0.108911	0.0891089	0.049505	0	0	0	0	0.863636	0.9375	0.258427	0.587156	0.8125	0	0.118812	0.019802	1	0.176136	0.198198	0.666667	0.666667	1.5	0.666667	1	37876.8	1e+20	2.4151e+13	45.3148	5.08799	49.5749	98.8983	39.6145	88.2209	
 15000	-74867.1	-1201.91	-28125.2	-6589.9	0.073659	1	0.188747	10.5962	2.51579	0.0536935	19.48	0.335169	1822	98	367	-24946.9	92.9238f	79.0226	4	1	1	0.19802	0.108911	0.0990099	0.049505	0	0	0	0	0.945455	0.875676	0.234973	0.572727	0.733696	0.029703	0.118812	0.019802	1	0.196721	0.202667	0.666667	0.666667	1.5	0.666667	1	37876.8	1e+20	2.4151e+13	45.3148	5.08799	49.5749	98.8983	92.9238	79.0226	
 16000	-75651.3	-1201.91	-28909.4	-6751.62	0.073659	1	0.188747	10.5962	2.59814	0.0458697	19.6375	0.324546	1884	98	371	-24946.9	41.8163f	96.8334	4	1	1	0.19802	0.108911	0.0990099	0.049505	0	0	0	0	0.863636	0.915789	0.284211	0.557522	0.767196	0.029703	0.118812	0.019802	1	0.179894	0.184783	0.666667	0.666667	1.5	0.666667	1	37876.8	1e+20	2.4151e+13	45.3148	5.08799	49.5749	98.8983	41.8163	96.8334	
 17000	-76266.2	-1201.91	-29524.3	-6843.75	0.0775485	1	0.186671	10.714	2.72475	0.0271468	19.6728	0.312908	1920	98	384	-24946.9	34.482f	82.915	4	1	1	0.19802	0.108911	0.0990099	0.049505	0	0	0	0	0.827273	0.932642	0.307292	0.571429	0.84127	0.029703	0.118812	0.019802	1	0.182292	0.194737	0.666667	0.666667	1.5	0.666667	1	37876.8	1e+20	2.4151e+13	22.1136	20.6242	49.5749	98.8983	34.482	82.915	
 18000	-76787.5	-1201.91	-30045.5	-6932.14	0.0814939	1	0.193753	10.3224	3.147	0.0409255	19.9562	0.26102	1954	98	398	-24946.9	55.3339f	94.6517	4	1	1	0.19802	0.118812	0.0990099	0.049505	0	0	0	0	0.918182	0.93401	0.219388	0.545455	0.782828	0.029703	0.0990099	0.019802	1	0.183673	0.18593	0.666667	0.666667	1.5	0.666667	1	37876.8	1e+20	2.4151e+13	90.1915	28.9379	49.5749	98.8983	55.3339	94.6517	
 19000	-77715.2	-1201.91	-30973.3	-7125.2	0.0814324	1	0.193753	10.3224	3.14463	0.0404532	19.9562	0.261217	2031	98	399	-24946.9	55.5728f	94.3599	4	1	1	0.138614	0.118812	0.0990099	0.049505	0	0	0	0	0.9	0.920792	0.230392	0.492308	0.794118	0.029703	0.0990099	9.90099e-09	1	0.206897	0.170792	0.666667	0.666667	1.5	0.666667	1	37876.8	1e+20	2.4151e+13	3.79967	59.0708	49.5749	98.8983	55.5728	94.3599	
 20000	-78429.5	-1201.91	-31687.6	-7300.62	0.0868996	1	0.163813	12.209	2.79795	0.042595	19.8869	0.347241	2101	98	387	-24946.9	39.1977f	94.487	4	1	1	0.138614	0.118812	0.0990099	0.049505	0	0	0	0	0.936364	0.925234	0.251185	0.544715	0.827103	0.029703	0.0990099	9.90099e-09	1	0.175355	0.215	0.666667	0.666667	1.5	0.666667	1	37876.8	1e+20	2.4151e+13	3.79967	59.0708	49.5749	98.8983	39.1977	94.487	
 21000	-79959	-1201.91	-33217.1	-7527.82	0.0868996	1	0.188791	10.5937	3.22458	0.0524071	19.8869	0.261437	2194	98	431	-24946.9	60.7199f	99.8248	4	1	1	0.138614	0.118812	0.0990099	0.049505	0	0	0	0	0.872727	0.97235	0.202765	0.530303	0.806452	0.029703	0.0990099	9.90099e-09	1	0.177273	0.173397	0.666667	0.666667	1.5	0.666667	1	37876.8	1e+20	2.4151e+13	3.79967	59.0708	49.5749	98.8983	60.7199	99.8248	
 22000	-80609.3	-1201.91	-33867.4	-7694.33	0.0905167	1	0.188154	10.6296	3.34747	0.0296147	19.8869	0.252691	2263	98	414	-24946.9	68.4412f	83.5811	4	1	1	0.138614	0.118812	0.049505	0.049505	0	0	0	0	0.872727	0.964912	0.299559	0.536	0.828194	0.029703	0.0990099	9.90099e-09	1	0.211454	0.163462	0.666667	0.666667	1.5	0.666667	1	37876.8	1e+20	2.4151e+13	3.79967	59.0708	49.5749	98.8983	68.4412	83.5811	
 23000	-83245.1	-1201.91	-36503.2	-8213.09	0.0943568	1	0.17642	11.3366	3.27186	0.0601419	19.8869	0.275726	2482	98	421	-24946.9	9.65839f	86.4331	4	1	1	0.138614	0.118812	0.049505	9.90099e-09	0	0	0	0	0.945455	0.943548	0.330645	0.532258	0.823293	0.029703	0.0990099	9.90099e-09	1	0.16129	0.205314	0.666667	0.666667	1.5	0.666667	1	37876.8	1e+20	2.4151e+13	3.79967	59.0708	49.5749	98.8983	9.65839	86.4331	
 24000	-84095	-1201.91	-37353.1	-8331.66	0.100226	1	0.17642	11.3366	3.4957	0.0144778	19.9159	0.258071	2535	98	438	-24946.9	68.1182f	69.6602	4	1	1	0.138614	0.118812	0.049505	9.90099e-09	0	0	0	0	0.881818	0.933071	0.278431	0.553191	0.818898	0.029703	0.118812	9.90099e-09	1	0.185039	0.171053	0.666667	0.666667	1.5	0.666667	1	37876.8	1e+20	2.4151e+13	3.79967	59.0708	49.5749	98.8983	68.1182	69.6602	
 25000	-84721.2	-1201.91	-37979.3	-8401.22	0.0994827	1	0.184227	10.8562	3.62332	0.00240409	19.9159	0.238429	2565	98	467	-24946.9	49.2287f	60.1019	4	1	1	0.138614	0.0891089	0.049505	9.90099e-09	0	0	0	0	0.9	0.936255	0.242188	0.482014	0.801587	0.029703	0.118812	9.90099e-09	1	0.178988	0.2125	0.666667	0.666667	1.5	0.666667	1	37876.8	1e+20	2.4151e+13	3.79967	59.0708	49.5749	98.8983	49.2287	60.1019	
 26000	-84881.6	-1201.91	-38139.7	-8389.68	0.0994853	1	0.173675	11.5157	3.41589	0.0328687	19.9159	0.268274	2560	98	482	-24946.9	51.6055f	90.2019	4	1	1	0.0891089	0.0891089	0.049505	9.90099e-09	0	0	0	0	0.863636	0.952191	0.27668	0.527132	0.827309	0.009901	0.118812	9.90099e-09	1	0.178988	0.210638	0.666667	0.666667	1.5	0.666667	1	37876.8	1e+20	2.4151e+13	3.79967	59.0708	43.0327	85.2293	51.6055	90.2019	
 27000	-84268.7	-1201.91	-37526.7	-8352.9	0.0992527	1	0.185814	10.7635	3.64608	0.0252242	19.9159	0.234918	2544	98	445	-24946.9	28.3622f	77.5196	4	1	1	0.0891089	0.0891089	0.009901	9.90099e-09	0	0	0	0	0.854545	0.949219	0.244094	0.567376	0.818182	0.009901	0.118812	9.90099e-09	1	0.152941	0.200913	0.666667	0.666667	1.5	0.666667	1	37876.8	1e+20	2.4151e+13	3.79967	59.0708	43.0327	85.2293	28.3622	77.5196	
 28000	-83848.6	-1201.91	-37106.7	-8395.77	0.104744	1	0.143392	13.9478	2.98889	0.0300983	19.9485	0.371352	2563	98	388	-24946.9	33.8448f	84.7816	4	1	1	0.0891089	0.0891089	0.009901	9.90099e-09	0	0	0	0	0.918182	0.964286	0.254902	0.55303	0.837945	0.009901	0.118812	9.90099e-09	1	0.167315	0.221636	0.666667	0.666667	1.5	0.666667	1	37876.8	1e+20	2.4151e+13	31.1433	95.5808	43.0327	85.2293	33.8448	84.7816	
 29000	-86615.2	-1201.91	-39873.3	-8798.91	0.10862	1	0.147507	13.5587	3.18845	0.0205281	19.9485	0.338398	2743	98	446	-24946.9	77.5103f	66.3132	4	1	1	0.0891089	0.0891089	0.009901	9.90099e-09	0	0	0	0	0.827273	0.966912	0.260073	0.578947	0.840741	0.009901	0.118812	9.90099e-09	1	0.152727	0.21256	0.666667	0.666667	1.5	0.666667	1	37876.8	1e+20	2.4151e+13	20.6317	70.951	43.0327	85.2293	77.5103	66.3132	
 30000	-87121.9	-1201.91	-40380	-8982.91	0.112804	1	0.14569	13.7278	3.27811	0.0396098	19.9602	0.333247	2827	98	409	-24946.9	18.4895f	80.7218	4	1	1	0.0891089	0.0891089	0.009901	9.90099e-09	0	0	0	0	0.890909	0.933566	0.293706	0.5	0.839161	0.009901	0.118812	9.90099e-09	1	0.125874	0.193705	0.666667	0.666667	1.5	0.666667	1	37876.8	1e+20	2.4151e+13	20.6317	70.951	43.0327	85.2293	18.4895	80.7218	
 31000	-90319.8	-1201.91	-43577.9	-9430.46	0.121321	1	0.148463	13.4714	3.59271	0.025538	19.9602	0.298387	3036	98	480	-24946.9	20.218f	31.093	4	1	1	0.0891089	0.0891089	0.009901	9.90099e-09	0	0	0	0	0.836364	0.966777	0.258389	0.503597	0.805921	0.009901	0.108911	9.90099e-09	1	0.164474	0.207469	0.666667	0.666667	1.5	0.666667	1	37876.8	1e+20	2.4151e+13	20.6317	70.951	7.85151	55.9529	20.218	31.093	
 32000	-91420.9	-1201.91	-44679	-9550.69	0.121321	1	0.166077	12.0426	3.98642	0.0364776	19.9197	0.240396	3093	98	519	-24946.9	11.3311f	32.9922	4	1	1	0.0891089	0.178218	0.009901	9.90099e-09	0	0	0	0	0.890909	0.941748	0.290323	0.509615	0.838188	0.009901	0.108911	9.90099e-09	1	0.18123	0.2158	0.666667	0.666667	1.5	0.666667	1	37876.8	1e+20	2.4151e+13	20.6317	70.951	4.10043	44.1654	11.3311	32.9922	
 33000	-91501	-1201.91	-44759	-9524.89	0.123398	1	0.166077	12.0426	3.9513	0.0824952	19.7915	0.242533	3081	98	540	-24946.9	7.80472f	2.00596	4	1	1	0.108911	0.178218	0.029703	9.90099e-09	0	0	0	0	0.9	0.928803	0.239482	0.495496	0.789644	0.009901	0.108911	9.90099e-09	1	0.190323	0.177778	0.666667	0.666667	1.5	0.666667	1	37876.8	1e+20	2.4151e+13	20.6317	70.951	4.10043	44.1654	7.80472	2.00596	
 34000	-93273.8	-1201.91	-46531.9	-9846.24	0.132974	1	0.159597	12.5315	4.09183	0.00357352	19.7915	0.243712	3236	98	545	-24946.9	50.0483f	62.6897	4	1	1	0.108911	0.178218	0.029703	9.90099e-09	0	0	0	0	0.827273	0.953988	0.265432	0.472727	0.787692	0.009901	0.108911	9.90099e-09	1	0.171254	0.195313	0.666667	0.666667	1.5	0.666667	1	37876.8	1e+20	2.4151e+13	20.6317	70.951	4.10043	44.1654	50.0483	62.6897	
 35000	-93161.9	-1201.91	-46420	-9962.14	0.128803	1	0.148429	13.4745	3.3657	0.0439742	19.3467	0.318587	3293	98	472	-24946.9	5.18139f	61.8768	4	1	1	0.108911	0.178218	0.029703	9.90099e-09	0	0	0	0	0.9	0.945455	0.243161	0.506944	0.890578	0.009901	0.108911	9.90099e-09	1	0.160121	0.192389	0.666667	0.666667	1.5	0.666667	1	37876.8	1e+20	2.4151e+13	20.6317	70.951	4.10043	44.1654	5.18139	61.8768	
 36000	-93061.2	-1201.91	-46319.3	-9959.6	0.129747	1	0.148429	13.4745	3.3097	0.0512919	19.2305	0.323977	3292	98	464	-24946.9	2.38309f	65.6571	4	1	1	0.108911	0.178218	0.029703	9.90099e-09	0	0	0	0	0.881818	0.960366	0.266667	0.477941	0.809816	0.009901	0.108911	9.90099e-09	1	0.142424	0.196162	0.666667	0.666667	1.5	0.666667	1	37876.8	1e+20	2.4151e+13	20.6317	70.951	4.10043	44.1654	2.38309	65.6571	
 37000	-93162.9	-1201.91	-46421	-9943.26	0.129747	1	0.144532	13.8378	3.34588	0.00791297	19.4115	0.329114	3284	98	484	-24946.9	37.3225f	35.3733	4	1	1	0.108911	0.178218	0.029703	9.90099e-09	0	0	0	0	0.909091	0.95107	0.224924	0.496552	0.829787	9.90099e-09	0.168317	9.90099e-09	1	0.170213	0.204167	0.666667	0.666667	1.5	0.666667	1	37876.8	1e+20	2.4151e+13	20.6317	70.951	4.10043	44.1654	37.3225	35.3733	
 38000	-94422.7	-1201.91	-47680.8	-10068.2	0.135244	1	0.151659	13.1875	3.95188	0.00132199	19.788	0.265551	3346	98	532	-24946.9	56.7721f	52.936	4	1	1	0.108911	0.178218	0.029703	9.90099e-09	0	0	0	0	0.763636	0.958702	0.244048	0.57971	0.854651	9.90099e-09	0.168317	9.90099e-09	1	0.135693	0.22736	0.666667	0.666667	1.5	0.666667	1	37876.8	1e+20	2.4151e+13	20.6317	70.951	30.7297	40.6308	56.7721	52.936	
 39000	-95164.2	-1201.91	-48422.2	-10173	0.13313	1	0.151659	13.1875	3.89012	0.0131502	19.788	0.269767	3398	98	544	-24946.9	26.3372f	58.0862	4	1	1	0.108911	0.0891089	0.0792079	9.90099e-09	0	0	0	0	0.863636	0.956012	0.249267	0.427273	0.83871	9.90099e-09	0.168317	9.90099e-09	1	0.151604	0.209945	0.666667	0.666667	1.5	0.666667	1	37876.8	1e+20	2.4151e+13	20.6317	70.951	30.7297	40.6308	26.3372	58.0862	
 40000	-96162.9	-1201.91	-49421	-10287	0.134136	1	0.165255	12.1025	4.43461	0.0120616	19.975	0.217175	3455	98	577	-24946.9	26.7715f	44.1556	4	1	1	0.0792079	0.0891089	0.0792079	9.90099e-09	0	0	0	0	0.9	0.959302	0.265306	0.464912	0.835777	9.90099e-09	0.168317	9.90099e-09	1	0.174419	0.173989	0.666667	0.666667	1.5	0.666667	1	37876.8	1e+20	2.4151e+13	20.6317	70.951	30.7297	40.6308	26.7715	44.1556	
 41000	-97583.1	-1201.91	-50841.2	-10582.9	0.142262	1	0.136192	14.6852	3.8761	0.0376366	19.975	0.30149	3607	98	544	-24946.9	14.9002f	25.2228	4	1	1	0.0792079	0.0891089	0.0792079	9.90099e-09	0	0	0	0	0.872727	0.950139	0.238095	0.418182	0.823529	9.90099e-09	0.168317	9.90099e-09	1	0.213296	0.192446	0.666667	0.666667	1.5	0.666667	1	37876.8	1e+20	2.4151e+13	20.6317	70.951	24.1532	63.094	14.9002	25.2228	
 42000	-96794	-1201.91	-50052.1	-10477.8	0.14361	1	0.136981	14.6005	3.9355	0.0528708	19.975	0.295229	3553	98	527	-24946.9	3.27859f	70.2025	4	1	1	0.0792079	0.0891089	0.0792079	9.90099e-09	0	0	0	0	0.881818	0.935211	0.267606	0.529412	0.833803	9.90099e-09	0.168317	9.90099e-09	1	0.154494	0.187251	0.666667	0.666667	1.5	0.666667	1	37876.8	1e+20	2.4151e+13	24.7877	85.5096	7.83839	38.8725	3.27859	70.2025	
 43000	-95238.9	-1201.91	-48496.9	-10218.9	0.133781	1	0.136981	14.6005	3.66615	0.0056657	19.975	0.31692	3421	98	528	-24946.9	38.2254f	38.8724	4	1	1	0.0792079	0.0891089	0.0792079	9.90099e-09	0	0	0	0	0.836364	0.947674	0.274854	0.533981	0.842566	9.90099e-09	0.168317	9.90099e-09	1	0.149123	0.17782	0.666667	0.666667	1.5	0.666667	1	37876.8	1e+20	2.4151e+13	24.7877	85.5096	22.3086	37.9122	38.2254	38.8724	
 44000	-96792.5	-1201.91	-50050.6	-10523.7	0.139575	1	0.143363	13.9506	4.00312	0.0316247	19.975	0.277321	3576	98	511	-24946.9	21.0375f	23.3323	4	1	1	0.0792079	0.0891089	0.009901	9.90099e-09	0	0	0	0	0.827273	0.966292	0.296296	0.534653	0.88169	9.90099e-09	0.128713	9.90099e-09	1	0.156425	0.191753	0.666667	0.666667	1.5	0.666667	1	37876.8	1e+20	2.4151e+13	24.7877	85.5096	22.3086	37.9122	21.0375	23.3323	
 45000	-98891.9	-1201.91	-52150	-10845.9	0.146479	1	0.143363	13.9506	4.20116	0.0264451	19.975	0.264249	3744	98	526	-24946.9	72.2982f	21.2644	4	1	1	0.0792079	0.0594059	0.009901	9.90099e-09	0	0	0	0	0.927273	0.957333	0.277333	0.556604	0.832418	9.90099e-09	0.128713	9.90099e-09	1	0.167116	0.192308	0.666667	0.666667	1.5	0.666667	1	37876.8	1e+20	2.4151e+13	24.7877	85.5096	22.3086	37.9122	72.2982	21.2644	
 46000	-101162	-1201.91	-54419.6	-11136	0.154086	1	0.142691	14.0163	4.3986	0.0261967	19.975	0.253576	3899	98	569	-24946.9	14.6279f	54.3184	4	1	1	0.108911	0.0594059	0.009901	9.90099e-09	0	0	0	0	0.881818	0.953728	0.276923	0.546218	0.802057	9.90099e-09	0.128713	9.90099e-09	1	0.174807	0.184534	0.666667	0.666667	1.5	0.666667	1	37876.8	1e+20	2.4151e+13	23.1687	71.2865	22.3086	37.9122	14.6279	54.3184	
 47000	-101045	-1201.91	-54302.9	-11085.4	0.155169	1	0.151331	13.2161	4.69772	0.0421195	19.975	0.223876	3872	98	593	-24946.9	5.02244f	55.933	4	1	1	0.108911	0.0594059	0.009901	9.90099e-09	0	0	0	0	0.854545	0.936061	0.290488	0.565574	0.820513	9.90099e-09	0.128713	9.90099e-09	1	0.167095	0.190083	0.666667	0.666667	1.5	0.666667	1	37876.8	1e+20	2.4151e+13	23.1687	71.2865	29.5923	50.3573	5.02244	55.933	
 48000	-104031	-1201.91	-57289.5	-11555.8	0.160741	1	0.140744	14.2102	4.52594	0.03845	19.975	0.249851	4128	98	599	-24946.9	27.5349f	87.1287	4	1	1	0.108911	0.0594059	0.009901	9.90099e-09	0	0	0	0	0.863636	0.94431	0.269417	0.391667	0.8625	9.90099e-09	0.128713	9.90099e-09	1	0.176755	0.207705	0.666667	0.666667	1.5	0.666667	1	37876.8	1e+20	2.4151e+13	23.1687	71.2865	40.5009	97.3761	27.5349	87.1287	
 49000	-103195	-1201.91	-56453.4	-11400.4	0.160741	1	0.150231	13.3128	4.83104	0.0129882	19.975	0.21929	4043	98	616	-24946.9	55.278f	74.5758	4	1	1	0.108911	0.0594059	0.009901	9.90099e-09	0	0	0	0	0.863636	0.950739	0.253695	0.528	0.830049	9.90099e-09	0.128713	9.90099e-09	1	0.148148	0.190397	0.666667	0.666667	1.5	0.666667	1	37876.8	1e+20	2.4151e+13	23.1687	71.2865	40.5009	97.3761	55.278	74.5758	
 50000	-101741	-1201.91	-54999	-11250.5	0.160741	1	0.143509	13.9364	4.61487	0.0347036	19.975	0.240315	3961	98	560	-24946.9	37.093f	89.1807	4	1	1	0.108911	0.0594059	0.009901	9.90099e-09	0	0	0	0	0.872727	0.952381	0.297229	0.543103	0.856423	9.90099e-09	0.128713	9.90099e-09	1	0.171285	0.201786	0.666667	0.666667	1.5	0.666667	1	37876.8	1e+20	2.4151e+13	23.1687	71.2865	40.5009	97.3761	37.093	89.1807	
 51000	-101723	-1201.91	-54981.1	-11283.3	0.159261	1	0.127976	15.6279	4.07749	0.0366962	19.975	0.304999	3979	98	543	-24946.9	41.0984f	91.52	4	1	1	0.108911	0.0990099	9.90099e-09	9.90099e-09	0	0	0	0	0.9	0.952736	0.258065	0.464286	0.835411	9.90099e-09	0.0891089	9.90099e-09	1	0.196517	0.194757	0.666667	0.666667	1.5	0.666667	1	37876.8	1e+20	2.4151e+13	8.07758	64.817	40.5009	97.3761	41.0984	91.52	
 52000	-101251	-1201.91	-54509.6	-11191.3	0.156532	1	0.142026	14.0819	4.42203	0.0237461	19.9462	0.253414	3929	98	554	-24946.9	39.0706f	82.2176	4	1	1	0.108911	0.0990099	9.90099e-09	9.90099e-09	0	0	0	0	0.863636	0.974425	0.282443	0.509091	0.826972	9.90099e-09	0.0891089	9.90099e-09	1	0.175573	0.180297	0.666667	0.666667	1.5	0.666667	1	37876.8	1e+20	2.4151e+13	8.07758	64.817	31.5762	86.5158	39.0706	82.2176	
 53000	-102620	-1201.91	-55877.6	-11413.1	0.161274	1	0.140327	14.2524	4.50152	0.0265938	19.9462	0.251952	4050	98	555	-24946.9	56.2455f	85.6412	4	1	1	0.0792079	0.0990099	9.90099e-09	9.90099e-09	0	0	0	0	0.918182	0.953086	0.224138	0.495575	0.842365	9.90099e-09	0.0891089	9.90099e-09	1	0.137931	0.189716	0.666667	0.666667	1.5	0.666667	1	37876.8	1e+20	2.4151e+13	8.07758	64.817	51.8182	67.0336	56.2455	85.6412	
 54000	-103767	-1201.91	-57025	-11588.3	0.165166	1	0.129402	15.4557	4.25123	0.00743563	19.9462	0.28931	4147	98	556	-24946.9	37.7932f	64.0381	4	1	1	0.0792079	0.0990099	9.90099e-09	9.90099e-09	0	0	0	0	0.9	0.927885	0.272289	0.517241	0.826506	9.90099e-09	0.0891089	9.90099e-09	1	0.132212	0.197208	0.666667	0.666667	1.5	0.666667	1	37876.8	1e+20	2.4151e+13	8.07758	64.817	51.8182	67.0336	37.7932	64.0381	
 55000	-103840	-1201.91	-57098.5	-11549.7	0.169058	1	0.131626	15.1945	4.4262	0.00592772	19.9462	0.273178	4125	98	585	-24946.9	52.3754f	66.5401	4	1	1	0.0792079	0.0990099	9.90099e-09	9.90099e-09	0	0	0	0	0.863636	0.958738	0.282927	0.53913	0.856796	9.90099e-09	0.0891089	9.90099e-09	1	0.160194	0.194107	0.666667	0.666667	1.5	0.666667	1	37876.8	1e+20	2.4151e+13	8.07758	64.817	51.8182	67.0336	52.3754	66.5401	
 56000	-104225	-1201.91	-57482.7	-11715.2	0.170451	1	0.119106	16.7918	4.03817	0.00670476	19.9462	0.330904	4218	98	525	-24946.9	32.669f	52.8487	4	1	1	0.0792079	0.0990099	9.90099e-09	9.90099e-09	0	0	0	0	0.9	0.961995	0.275943	0.527778	0.836493	9.90099e-09	0.0891089	9.90099e-09	1	0.118483	0.220974	0.666667	0.666667	1.5	0.666667	1	37876.8	1e+20	2.4151e+13	8.07758	64.817	51.8182	67.0336	32.669	52.8487	
 57000	-105260	-1201.91	-58518.3	-11830.1	0.171143	1	0.122381	16.3424	4.16606	0.0038718	19.9462	0.312162	4283	98	556	-24946.9	38.2241f	55.598	4	1	1	0.0792079	0.138614	0.009901	9.90099e-09	0	0	0	0	0.890909	0.964871	0.28103	0.590909	0.846154	9.90099e-09	0.118812	9.90099e-09	1	0.170163	0.18854	0.666667	0.666667	1.5	0.666667	1	37876.8	1e+20	2.4151e+13	8.07758	64.817	44.3708	62.6039	38.2241	55.598	
 58000	-107247	-1201.91	-60504.8	-12092.3	0.180544	1	0.127314	15.7093	4.61178	0.00548841	19.9894	0.271067	4433	98	588	-24946.9	64.7771f	56.9378	4	1	1	0.108911	0.138614	0.009901	9.90099e-09	0	0	0	0	0.836364	0.936508	0.276404	0.512605	0.863326	9.90099e-09	0.118812	9.90099e-09	1	0.189189	0.167266	0.666667	0.666667	1.5	0.666667	1	37876.8	1e+20	2.4151e+13	8.07758	64.817	44.3708	62.6039	64.7771	56.9378	
 59000	-108291	-1201.91	-61549.5	-12243.8	0.184858	1	0.130996	15.2676	4.85855	0.0173959	19.9894	0.250066	4521	98	591	-24946.9	76.0837f	36.1888	4	1	1	0.108911	0.138614	0.009901	9.90099e-09	0	0	0	0	0.854545	0.960089	0.242291	0.520661	0.845815	9.90099e-09	0.118812	9.90099e-09	1	0.10643	0.222951	0.666667	0.666667	1.5	0.666667	1	37876.8	1e+20	2.4151e+13	8.07758	64.817	44.3708	62.6039	76.0837	36.1888	
 60000	-108650	-1201.91	-61908.5	-12332.2	0.180011	1	0.1183	16.9062	3.91196	0.0147604	19.5535	0.343907	4573	98	573	-24946.9	29.0573f	66.3475	4	1	1	0.108911	0.138614	0.009901	9.90099e-09	0	0	0	0	0.845455	0.956236	0.265217	0.456897	0.854348	9.90099e-09	0.118812	9.90099e-09	1	0.179039	0.15669	0.666667	0.666667	1.5	0.666667	1	37876.8	1e+20	2.4151e+13	8.07758	64.817	44.3708	62.6039	29.0573	66.3475	
 61000	-107882	-1201.91	-61140.2	-12292	0.189046	1	0.122426	16.3365	4.14774	0.000674566	19.433	0.313427	4548	98	538	-24946.9	48.3579f	53.774	4	1	1	0.108911	0.138614	0.009901	9.90099e-09	0	0	0	0	0.854545	0.949561	0.29386	0.59633	0.845161	9.90099e-09	0.118812	9.90099e-09	1	0.164474	0.16826	0.666667	0.666667	1.5	0.666667	1	37876.8	1e+20	2.4151e+13	34.7227	94.9708	44.3708	62.6039	48.3579	53.774	
 62000	-110603	-1201.91	-63861.3	-12616.8	0.190919	1	0.123615	16.1792	4.22953	0.0420716	19.433	0.304408	4743	98	585	-24946.9	22.8576f	86.3937	4	1	1	0.108911	0.138614	0.039604	9.90099e-09	0	0	0	0	0.809091	0.963983	0.271762	0.533898	0.849257	9.90099e-09	0.118812	9.90099e-09	1	0.170526	0.183746	0.666667	0.666667	1.5	0.666667	1	37876.8	1e+20	2.4151e+13	34.7227	94.9708	44.3708	62.6039	22.8576	86.3937	
 63000	-111050	-1201.91	-64308	-12732.5	0.192197	1	0.115985	17.2437	4.02195	0.00111448	19.4657	0.34118	4813	98	561	-24946.9	51.5155f	43.6528	4	1	1	0.108911	0.0693069	0.039604	9.90099e-09	0	0	0	0	0.845455	0.971014	0.221294	0.478261	0.863354	9.90099e-09	0.158416	9.90099e-09	1	0.128364	0.181185	0.666667	0.666667	1.5	0.666667	1	37876.8	1e+20	2.4151e+13	34.7227	94.9708	40.1309	51.4781	51.5155	43.6528	
 64000	-115124	-1201.91	-68381.7	-13177.3	0.202549	1	0.116459	17.1734	4.66772	0.0129092	19.9204	0.29278	5088	98	650	-24946.9	32.2845f	67.3613	4	1	1	0.108911	0.0693069	0.039604	9.90099e-09	0	0	0	0	0.872727	0.946955	0.216535	0.471074	0.864706	9.90099e-09	0.158416	9.90099e-09	1	0.129666	0.173167	0.666667	0.666667	1.5	0.666667	1	37876.8	1e+20	2.4151e+13	32.7521	94.2379	40.1309	51.4781	32.2845	67.3613	
 65000	-114704	-1201.91	-67962.5	-13040	0.202549	1	0.136397	14.6631	5.46682	0.00815917	19.9204	0.213443	5002	98	695	-24946.9	35.0967f	62.597	4	1	1	0.138614	0.0693069	0.039604	9.90099e-09	0	0	0	0	0.845455	0.964072	0.272727	0.468085	0.842315	9.90099e-09	0.158416	9.90099e-09	1	0.163673	0.219858	0.666667	0.666667	1.5	0.666667	1	37876.8	1e+20	2.4151e+13	32.7521	94.2379	40.1309	51.4781	35.0967	62.597	
 66000	-115351	-1201.91	-68608.6	-13105.6	0.201073	1	0.126866	15.7647	5.04779	0.00498881	19.9204	0.248528	5043	98	716	-24946.9	61.8767f	39.9123	4	1	1	0.138614	0.0693069	0.039604	9.90099e-09	0	0	0	0	0.9	0.954635	0.292969	0.535211	0.835616	9.90099e-09	0.158416	9.90099e-09	1	0.163708	0.20088	0.666667	0.666667	1.5	0.666667	1	37876.8	1e+20	2.4151e+13	32.7521	94.2379	68.5821	56.2116	61.8767	39.9123	
 67000	-114659	-1201.91	-67916.7	-13072.2	0.2036	1	0.126866	15.7647	5.08656	0.0095332	19.8963	0.246633	5022	98	672	-24946.9	58.6517f	69.685	4	1	1	0.138614	0.0693069	0.039604	9.90099e-09	0	0	0	0	0.927273	0.97619	0.293651	0.456522	0.840954	9.90099e-09	0.158416	9.90099e-09	1	0.180556	0.198185	0.666667	0.666667	1.5	0.666667	1	37876.8	1e+20	2.4151e+13	32.7521	94.2379	68.5821	56.2116	58.6517	69.685	
 68000	-115018	-1201.91	-68276.1	-13152.1	0.201105	1	0.12531	15.9604	4.86039	0.0203782	19.7931	0.261313	5072	98	654	-24946.9	72.8364f	72.1382	4	1	1	0.138614	0.0693069	0.049505	9.90099e-09	0	0	0	0	0.809091	0.964427	0.251984	0.546154	0.865878	9.90099e-09	0.158416	9.90099e-09	1	0.153543	0.192733	0.666667	0.666667	1.5	0.666667	1	37876.8	1e+20	2.4151e+13	7.80542	46.9469	99.9992	36.5002	72.8364	72.1382	
 69000	-114549	-1201.91	-67806.9	-13072.2	0.203629	1	0.134053	14.9194	5.26474	0.0493819	19.7931	0.22551	5022	98	658	-24946.9	95.7123f	30.2435	4	1	1	0.138614	0.0693069	0.049505	9.90099e-09	0	0	0	0	0.890909	0.942346	0.264414	0.583333	0.87747	9.90099e-09	0.158416	9.90099e-09	1	0.157791	0.197568	0.666667	0.666667	1.5	0.666667	1	37876.8	1e+20	2.4151e+13	7.80542	46.9469	92.2695	62.4097	95.7123	30.2435	
 70000	-116122	-1201.91	-69379.8	-13220.2	0.203629	1	0.143707	13.9173	5.6585	0.0538508	19.8059	0.195723	5115	98	714	-24946.9	67.1155f	98.7911	4	1	1	0.138614	0.0693069	0.049505	9.90099e-09	0	0	0	0	0.854545	0.953307	0.282353	0.544828	0.839844	9.90099e-09	0.0990099	9.90099e-09	1	0.144531	0.189632	0.666667	0.666667	1.5	0.666667	1	37876.8	1e+20	2.4151e+13	7.80542	46.9469	88.3364	82.2537	67.1155	98.7911	
 71000	-116191	-1201.91	-69449.1	-13301.4	0.203629	1	0.143707	13.9173	5.24352	0.0193955	19.4323	0.211213	5166	98	676	-24946.9	80.6037f	44.0304	4	1	1	0.049505	0.0693069	0.049505	9.90099e-09	0	0	0	0	0.854545	0.972763	0.262646	0.50365	0.858801	9.90099e-09	0.0990099	9.90099e-09	1	0.133462	0.203488	0.666667	0.666667	1.5	0.666667	1	37876.8	1e+20	2.4151e+13	7.80542	46.9469	77.3232	64.9062	80.6037	44.0304	
 72000	-115097	-1201.91	-68355.3	-13217	0.205817	1	0.130476	15.3285	4.81195	0.0361578	19.4323	0.253495	5113	98	623	-24946.9	92.4218f	53.7915	4	1	1	0.049505	0.0693069	0.049505	9.90099e-09	0	0	0	0	0.845455	0.957447	0.283495	0.503817	0.865234	9.90099e-09	0.0990099	9.90099e-09	1	0.136719	0.173844	0.666667	0.666667	1.5	0.666667	1	37876.8	1e+20	2.4151e+13	9.55579	92.6756	77.3232	64.9062	92.4218	53.7915	
 73000	-113995	-1201.91	-67253	-13121.5	0.203442	1	0.11765	16.9996	4.66577	0.0267561	19.8459	0.289938	5053	98	580	-24946.9	83.8554f	63.8476	4	1	1	0.049505	0.0693069	0.049505	9.90099e-09	0	0	0	0	0.845455	0.950593	0.29783	0.475	0.889328	9.90099e-09	0.0990099	9.90099e-09	1	0.142292	0.213445	0.666667	0.666667	1.5	0.666667	1	37876.8	1e+20	2.4151e+13	9.55579	92.6756	77.3232	64.9062	83.8554	63.8476	
 74000	-115470	-1201.91	-68728.2	-13244.1	0.203442	1	0.11765	16.9996	4.37527	0.0133457	19.5295	0.309189	5130	98	639	-24946.9	70.8919f	64.9779	4	1	1	0.049505	0.0693069	0.049505	9.90099e-09	0	0	0	0	0.863636	0.96699	0.235409	0.496	0.873541	9.90099e-09	0.0990099	9.90099e-09	1	0.126459	0.162754	0.666667	0.666667	1.5	0.666667	1	37876.8	1e+20	2.4151e+13	9.55579	92.6756	77.3232	64.9062	70.8919	64.9779	
 75000	-114979	-1201.91	-68237.4	-13166.1	0.203442	1	0.126564	15.8023	5.07896	0.0191888	19.9046	0.247591	5081	98	644	-24946.9	54.896f	80.2654	4	1	1	0.049505	0.108911	0.049505	9.90099e-09	0	0	0	0	0.845455	0.970472	0.255403	0.620155	0.850688	9.90099e-09	0.0990099	9.90099e-09	1	0.131631	0.203101	0.666667	0.666667	1.5	0.666667	1	37876.8	1e+20	2.4151e+13	33.2566	58.1365	77.3232	64.9062	54.896	80.2654	
 76000	-115546	-1201.91	-68803.7	-13255.3	0.203442	1	0.131721	15.1836	4.8267	0.0263571	19.4574	0.25033	5137	98	645	-24946.9	39.8321f	84.4149	4	1	1	0.029703	0.108911	0.049505	9.90099e-09	0	0	0	0	0.9	0.957282	0.24952	0.559701	0.857143	9.90099e-09	0.148515	9.90099e-09	1	0.0875486	0.200608	0.666667	0.666667	1.5	0.666667	1	37876.8	1e+20	2.4151e+13	27.9523	23.0075	77.3232	64.9062	39.8321	84.4149	
 77000	-116783	-1201.91	-70041	-13316.9	0.210562	1	0.134184	14.9049	5.08902	0.0599237	19.4574	0.233069	5176	98	714	-24946.9	3.23458f	77.4703	4	1	1	0.029703	0.108911	0.049505	9.90099e-09	0	0	0	0	0.818182	0.967118	0.266925	0.548611	0.824903	9.90099e-09	0.148515	9.90099e-09	1	0.15251	0.162693	0.666667	0.666667	1.5	0.666667	1	37876.8	1e+20	2.4151e+13	27.9523	23.0075	32.8337	68.2822	3.23458	77.4703	
 78000	-117370	-1201.91	-70627.9	-13427.6	0.210795	1	0.128893	15.5168	5.34563	0.00034424	19.8918	0.23099	5247	98	691	-24946.9	50.7352f	51.3365	4	1	1	0.029703	0.108911	0.049505	9.90099e-09	0	0	0	0	0.745455	0.956274	0.282732	0.481752	0.833017	9.90099e-09	0.148515	9.90099e-09	1	0.172348	0.186686	0.666667	0.666667	1.5	0.666667	1	37876.8	1e+20	2.4151e+13	5.92654	45.5132	32.8337	68.2822	50.7352	51.3365	
 79000	-119023	-1201.91	-72280.8	-13583.4	0.210393	1	0.128893	15.5168	5.23903	0.00407146	19.8014	0.23569	5347	98	743	-24946.9	47.5811f	36.4665	4	1	1	0.029703	0.108911	0.049505	9.90099e-09	0	0	0	0	0.872727	0.957009	0.277154	0.558621	0.850187	9.90099e-09	0.148515	9.90099e-09	1	0.132959	0.214088	0.666667	0.666667	1.5	0.666667	1	37876.8	1e+20	2.4151e+13	12.8031	86.4867	32.8337	68.2822	47.5811	36.4665	
 80000	-120456	-1201.91	-73714	-13772.1	0.220076	1	0.128893	15.5168	5.62978	0.0267553	19.9352	0.219331	5471	98	751	-24946.9	21.6937f	72.306	4	1	1	0.029703	0.108911	0.049505	9.90099e-09	0	0	0	0	0.872727	0.962162	0.261261	0.444444	0.854054	9.90099e-09	0.148515	9.90099e-09	1	0.155109	0.212963	0.666667	0.666667	1.5	0.666667	1	37876.8	1e+20	2.4151e+13	12.8031	86.4867	32.8337	68.2822	21.6937	72.306	
 81000	-122013	-1201.91	-75270.8	-14120.1	0.224744	1	0.121133	16.5108	5.40308	0.0310964	19.9352	0.243174	5703	98	670	-24946.9	27.8369f	82.0342	4	1	1	0.029703	0.049505	0.049505	0.009901	0	0	0	0	0.836364	0.973822	0.33275	0.52518	0.853147	9.90099e-09	0.148515	9.90099e-09	1	0.155867	0.1994	0.666667	0.666667	1.5	0.666667	1	37876.8	1e+20	2.4151e+13	12.8031	86.4867	32.8337	68.2822	27.8369	82.0342	
 82000	-123376	-1201.91	-76634.1	-14184.2	0.232054	1	0.127314	15.7092	5.86347	0.0152363	19.9352	0.213202	5747	98	744	-24946.9	34.8776f	27.3882	4	1	1	0.108911	0.049505	0.029703	0.009901	0	0	0	0	0.854545	0.954939	0.276042	0.524476	0.881739	9.90099e-09	0.148515	9.90099e-09	1	0.154783	0.208731	0.666667	0.666667	1.5	0.666667	1	37876.8	1e+20	2.4151e+13	12.8031	86.4867	32.8337	68.2822	34.8776	27.3882	
 83000	-123808	-1201.91	-77065.7	-14293.7	0.232054	1	0.127405	15.698	5.71693	0.0464862	19.8059	0.21851	5822	98	712	-24946.9	7.28811f	71.2232	4	1	1	0.108911	0.049505	0.029703	0.009901	0	0	0	0	0.890909	0.955479	0.233564	0.489362	0.892734	9.90099e-09	0.0792079	9.90099e-09	1	0.142367	0.192082	0.666667	0.666667	1.5	0.666667	1	37876.8	1e+20	2.4151e+13	12.8031	86.4867	39.0097	69.827	7.28811	71.2232	
 84000	-124543	-1201.91	-77800.6	-14385.1	0.237834	1	0.119531	16.7321	5.32219	0.0458133	19.6464	0.250178	5885	98	721	-24946.9	7.59309f	71.0481	4	1	1	0.108911	0.049505	0.029703	0.009901	0	0	0	0	0.863636	0.961149	0.267677	0.510345	0.880068	9.90099e-09	0.0792079	9.90099e-09	1	0.127946	0.179666	0.666667	0.666667	1.5	0.666667	1	37876.8	1e+20	2.4151e+13	12.8031	86.4867	39.0097	69.827	7.59309	71.0481	
 85000	-125743	-1201.91	-79001.1	-14560.4	0.237834	1	0.124277	16.0931	5.53353	0.0433724	19.6464	0.231434	6007	98	712	-24946.9	17.1129f	82.277	4	1	1	0.108911	0.049505	0.029703	0.009901	0	0	0	0	0.8	0.961603	0.253731	0.5	0.847176	9.90099e-09	0.0792079	9.90099e-09	1	0.133111	0.20927	0.666667	0.666667	1.5	0.666667	1	37876.8	1e+20	2.4151e+13	12.8031	86.4867	39.0097	69.827	17.1129	82.277	
 86000	-127573	-1201.91	-80830.6	-14747.9	0.247316	1	0.122436	16.3351	5.66889	0.0262817	19.6464	0.229305	6140	98	738	-24946.9	63.0254f	83.5936	4	1	1	0.108911	0.0792079	0.029703	0.009901	0	0	0	0	0.909091	0.951613	0.236629	0.510345	0.881301	0.009901	0.0792079	9.90099e-09	1	0.146774	0.220867	0.666667	0.666667	1.5	0.666667	1	37876.8	1e+20	2.4151e+13	71.3805	87.9091	39.0097	69.827	63.0254	83.5936	
 87000	-126631	-1201.91	-79888.9	-14637.5	0.247316	1	0.122436	16.3351	5.66889	0.0153116	19.6464	0.229305	6061	98	736	-24946.9	32.476f	70.6774	4	1	1	0.108911	0.0792079	0.029703	0.009901	0	0	0	0	0.854545	0.983498	0.237705	0.553333	0.849835	0.009901	0.0792079	9.90099e-09	1	0.158416	0.194215	0.666667	0.666667	1.5	0.666667	1	37876.8	1e+20	2.4151e+13	71.3805	87.9091	39.0097	69.827	32.476	70.6774	
 88000	-128207	-1201.91	-81464.7	-14797.4	0.244078	1	0.127325	15.7078	5.8181	0.00592945	19.6464	0.214845	6175	98	769	-24946.9	40.883f	63.7739	4	1	1	0.0594059	0.0792079	0.029703	0.009901	0	0	0	0	0.845455	0.967427	0.252033	0.546667	0.86252	0.009901	0.0792079	9.90099e-09	1	0.141694	0.183355	0.666667	0.666667	1.5	0.666667	1	37876.8	1e+20	2.4151e+13	71.3805	87.9091	39.0097	69.827	40.883	63.7739	
 89000	-127748	-1201.91	-81006.3	-14760.7	0.244078	1	0.125095	15.9879	5.15873	0.0429688	19.1488	0.246626	6149	98	760	-24946.9	37.2168f	94.1575	4	1	1	0.0594059	0.0792079	0.029703	0.009901	0	0	0	0	0.818182	0.946429	0.258537	0.5	0.860163	0.009901	0.0792079	9.90099e-09	1	0.146341	0.181935	0.666667	0.666667	1.5	0.666667	1	37876.8	1e+20	2.4151e+13	71.3805	87.9091	39.0097	69.827	37.2168	94.1575	
 90000	-126725	-1201.91	-79982.9	-14733.9	0.244078	1	0.115588	17.3028	4.76669	0.00931964	19.1488	0.288862	6130	98	686	-24946.9	37.1829f	66.5824	4	1	1	0.0594059	0.0792079	0.029703	0.009901	0	0	0	0	0.818182	0.959283	0.250814	0.514493	0.868078	0.009901	0.118812	9.90099e-09	1	0.141694	0.193878	0.666667	0.666667	1.5	0.666667	1	37876.8	1e+20	2.4151e+13	71.3805	87.9091	39.0097	69.827	37.1829	66.5824	
 91000	-127745	-1201.91	-81003.4	-14849.6	0.244078	1	0.115588	17.3028	4.8941	0.00689554	19.2755	0.281342	6212	98	693	-24946.9	39.1329f	64.206	4	1	1	0.0594059	0.0792079	0.029703	0.009901	0	0	0	0	0.936364	0.963259	0.26248	0.533835	0.879227	0.009901	0.118812	9.90099e-09	1	0.135266	0.188953	0.666667	0.666667	1.5	0.666667	1	37876.8	1e+20	2.4151e+13	71.3805	87.9091	39.0097	69.827	39.1329	64.206	
 92000	-126132	-1201.91	-79390.5	-14643.9	0.240864	1	0.115007	17.3903	5.19651	0.0285715	19.6563	0.266309	6066	98	686	-24946.9	18.0652f	69.182	4	1	1	0.0594059	0.029703	0.029703	0.009901	0	0	0	0	0.809091	0.95915	0.290164	0.547297	0.899836	0.009901	0.118812	9.90099e-09	1	0.130148	0.205318	0.666667	0.666667	1.5	0.666667	1	37876.8	1e+20	2.4151e+13	71.3805	87.9091	39.0097	69.827	18.0652	69.182	
 93000	-127260	-1201.91	-80518	-14769.7	0.253407	1	0.115007	17.3903	5.37201	0.00838712	19.5702	0.257609	6154	98	706	-24946.9	31.2999f	56.4238	4	1	1	0.0594059	0.029703	0.029703	9.90099e-09	0	0	0	0	0.872727	0.957929	0.26699	0.568345	0.868932	0.009901	0.118812	9.90099e-09	1	0.13474	0.208976	0.666667	0.666667	1.5	0.666667	1	37876.8	1e+20	2.4151e+13	71.3805	87.9091	39.0097	69.827	31.2999	56.4238	
 94000	-130416	-1201.91	-83674.2	-15110.1	0.253407	1	0.115007	17.3903	5.5497	0.00990664	19.7301	0.24936	6402	98	757	-24946.9	28.4102f	50.1283	4	1	1	0.029703	0.029703	0.029703	9.90099e-09	0	0	0	0	0.790909	0.962559	0.269891	0.538961	0.848674	0.009901	0.118812	9.90099e-09	1	0.135725	0.173299	0.666667	0.666667	1.5	0.666667	1	37876.8	1e+20	2.4151e+13	71.3805	87.9091	39.0097	69.827	28.4102	50.1283	
 95000	-129965	-1201.91	-83222.8	-15093.9	0.249684	1	0.115007	17.3903	5.44643	0.011663	19.7105	0.254089	6389	98	720	-24946.9	27.836f	42.0244	4	1	1	0.029703	0.029703	0.029703	9.90099e-09	0	0	0	0	0.890909	0.954545	0.283255	0.453333	0.898279	0.009901	0.118812	9.90099e-09	1	0.13928	0.204167	0.666667	0.666667	1.5	0.666667	1	37876.8	1e+20	2.4151e+13	75.2562	69.962	39.0097	69.827	27.836	42.0244	
 96000	-129123	-1201.91	-82381.1	-14897	0.251556	1	0.124745	16.0327	6.13295	0.0306673	19.8587	0.20803	6247	98	779	-24946.9	13.3529f	62.1543	4	1	1	0.029703	0.029703	0.029703	9.90099e-09	0	0	0	0	0.863636	0.9472	0.298077	0.535948	0.892283	0.009901	0.118812	9.90099e-09	1	0.1376	0.215343	0.666667	0.666667	1.5	0.666667	1	37876.8	1e+20	2.4151e+13	75.2562	69.962	39.0097	69.827	13.3529	62.1543	
 97000	-128974	-1201.91	-82231.9	-14892.8	0.251556	1	0.124745	16.0327	6.23392	0.00631893	19.9399	0.204661	6244	98	772	-24946.9	43.0822f	65.6657	4	1	1	0.029703	0.039604	0.0792079	9.90099e-09	0	0	0	0	0.872727	0.952077	0.260383	0.522013	0.8656	0.009901	0.0693069	9.90099e-09	1	0.1472	0.19305	0.666667	0.666667	1.5	0.666667	1	37876.8	1e+20	2.4151e+13	75.2562	69.962	49.2874	70.0919	43.0822	65.6657	
 98000	-129393	-1201.91	-82650.9	-14952.2	0.252424	1	0.125474	15.9396	6.25901	0.0116026	19.9137	0.202657	6287	98	773	-24946.9	38.2722f	70.3864	4	1	1	0.029703	0.039604	0.0792079	9.90099e-09	0	0	0	0	0.836364	0.945946	0.259141	0.464516	0.868045	0.009901	0.0693069	9.90099e-09	1	0.162162	0.179389	0.666667	0.666667	1.5	0.666667	1	37876.8	1e+20	2.4151e+13	87.6585	75.509	49.2874	70.0919	38.2722	70.3864	
 99000	-127792	-1201.91	-81049.8	-14784.2	0.247355	1	0.129069	15.4956	4.93621	0.0216559	18.7288	0.249808	6166	98	751	-24946.9	60.7333f	18.9807	4	1	1	0.029703	0.039604	0.0792079	9.90099e-09	0	0	0	0	0.872727	0.969156	0.251216	0.513333	0.855769	0.009901	0.0693069	9.90099e-09	1	0.132901	0.184595	0.666667	0.666667	1.5	0.666667	1	37876.8	1e+20	2.4151e+13	86.4731	37.8567	67.519	33.1527	60.7333	18.9807	
100000	-128495	-1201.91	-81753.5	-14763.3	0.247355	1	0.132869	15.0524	5.08155	0.00700658	18.7288	0.235722	6151	98	832	-24946.9	53.3478f	67.9494	4	1	1	0.049505	0.039604	0.0792079	9.90099e-09	0	0	0	0	0.818182	0.949593	0.267101	0.475904	0.850407	0.009901	0.0693069	9.90099e-09	1	0.125	0.175333	0.666667	0.666667	1.5	0.666667	1	37876.8	1e+20	2.4151e+13	97.8675	60.6823	67.519	33.1527	53.3478	67.9494	
101000	-128075	-1201.91	-81332.7	-14789.3	0.243052	1	0.132869	15.0524	4.99315	0.0155358	18.7288	0.239895	6169	98	766	-24946.9	26.3974f	63.6496	4	1	1	0.049505	0.039604	0.0792079	9.90099e-09	0	0	0	0	0.836364	0.949838	0.252818	0.519481	0.878444	0.009901	0.0693069	9.90099e-09	1	0.139647	0.194481	0.666667	0.666667	1.5	0.666667	1	37876.8	1e+20	2.4151e+13	54.5868	91.119	36.8901	47.0702	26.3974	63.6496	
102000	-127018	-1201.91	-80275.8	-14677.6	0.243052	1	0.139186	14.3692	5.23056	0.0374907	18.7288	0.218612	6090	98	752	-24946.9	90.3201f	65.8551	4	1	1	0.049505	0.039604	0.019802	9.90099e-09	0	0	0	0	0.890909	0.944171	0.201309	0.522876	0.840984	0.009901	0.0693069	9.90099e-09	1	0.129508	0.185539	0.666667	0.666667	1.5	0.666667	1	37876.8	1e+20	2.4151e+13	54.5868	91.119	61.2578	56.734	90.3201	65.8551	
103000	-128968	-1201.91	-82226.2	-14843.5	0.245155	1	0.139073	14.3809	5.42527	0.00217756	18.8639	0.210938	6208	98	810	-24946.9	53.6821f	58.9819	4	1	1	0.049505	0.039604	0.019802	9.90099e-09	0	0	0	0	0.827273	0.962903	0.273021	0.556962	0.858065	0.009901	0.0792079	9.90099e-09	1	0.161551	0.179587	0.666667	0.666667	1.5	0.666667	1	37876.8	1e+20	2.4151e+13	73.9595	57.8531	61.2578	56.734	53.6821	58.9819	
104000	-130501	-1201.91	-83759.3	-15067.4	0.254141	1	0.123387	16.2092	5.32278	0.0300436	19.1711	0.242333	6371	98	797	-24946.9	78.2359f	76.4401	4	1	1	0.049505	0.0693069	0.019802	0.009901	0	0	0	0	0.781818	0.948276	0.238619	0.592593	0.875981	0.009901	0.0792079	9.90099e-09	1	0.153605	0.191411	0.666667	0.666667	1.5	0.666667	1	37876.8	1e+20	2.4151e+13	78.6118	64.3311	61.2578	56.734	78.2359	76.4401	
105000	-128050	-1201.91	-81307.8	-14842.9	0.250424	1	0.123999	16.1292	5.51313	0.003884	19.3876	0.232811	6208	98	719	-24946.9	53.8931f	62.7935	4	1	1	0.049505	0.0693069	0.019802	0.009901	0	0	0	0	0.854545	0.953526	0.247987	0.587838	0.862682	0.009901	0.0792079	9.90099e-09	1	0.124194	0.173387	0.666667	0.666667	1.5	0.666667	1	37876.8	1e+20	2.4151e+13	77.1253	84.834	61.2578	56.734	53.8931	62.7935	
106000	-128961	-1201.91	-82219.5	-14894.7	0.246981	1	0.123999	16.1292	5.65674	0.0286737	19.5803	0.2269	6245	98	778	-24946.9	32.7212f	83.1771	4	1	1	0.118812	0.0693069	0.019802	0.009901	0	0	0	0	0.827273	0.959807	0.22807	0.525316	0.8544	0.009901	0.0792079	9.90099e-09	1	0.144	0.199229	0.666667	0.666667	1.5	0.666667	1	37876.8	1e+20	2.4151e+13	77.1253	84.834	61.2578	56.734	32.7212	83.1771	
107000	-127036	-1201.91	-80294.2	-14721.2	0.244088	1	0.117439	17.0302	4.7421	0.0535839	19.0481	0.285784	6121	98	720	-24946.9	1.64919f	66.9822	4	1	1	0.118812	0.0693069	0.019802	0.009901	0	0	0	0	0.836364	0.959283	0.254545	0.486301	0.879282	0.009901	0.0792079	9.90099e-09	1	0.125	0.190278	0.666667	0.666667	1.5	0.666667	1	37876.8	1e+20	2.4151e+13	77.1253	84.834	6.64786	67.518	1.64919	66.9822	
108000	-129716	-1201.91	-82973.8	-15037.3	0.254053	1	0.117439	17.0302	4.93571	0.0314025	19.0481	0.274574	6349	98	747	-24946.9	26.7705f	81.5041	4	1	1	0.118812	0.0693069	0.118812	0.009901	0	0	0	0	0.9	0.971474	0.280507	0.479167	0.868463	0.009901	0.0792079	9.90099e-09	1	0.187898	0.174029	0.666667	0.666667	1.5	0.666667	1	37876.8	1e+20	2.4151e+13	77.1253	84.834	6.64786	67.518	26.7705	81.5041	
109000	-130326	-1201.91	-83584.5	-15145	0.258679	1	0.117439	17.0302	5.02558	0.0356771	19.0481	0.269664	6428	98	721	-24946.9	8.70404f	55.8002	4	1	1	0.118812	0.0693069	0.118812	0.009901	0	0	0	0	0.872727	0.962848	0.254658	0.517241	0.85559	0.009901	0.0792079	9.90099e-09	1	0.133748	0.198312	0.666667	0.666667	1.5	0.666667	1	37876.8	1e+20	2.4151e+13	77.1253	84.834	6.64786	67.518	8.70404	55.8002	
110000	-131470	-1201.91	-84728.3	-15304.5	0.258679	1	0.110003	18.1814	4.8112	0.0328808	19.1523	0.300721	6546	98	707	-24946.9	20.6984f	77.283	4	1	1	0.118812	0.0693069	0.118812	0.009901	0	0	0	0	0.854545	0.960184	0.227481	0.486486	0.874809	0.009901	0.0792079	9.90099e-09	1	0.131298	0.199442	0.666667	0.666667	1.5	0.666667	1	37876.8	1e+20	2.4151e+13	77.1253	84.834	20.2677	86.0897	20.6984	77.283	
111000	-129631	-1201.91	-82889.2	-15092	0.257067	1	0.110003	18.1814	4.96281	0.0289237	19.3316	0.291534	6389	98	697	-24946.9	12.62f	47.0513	4	1	1	0.118812	0.049505	0.118812	0.009901	0	0	0	0	0.845455	0.962617	0.25972	0.489796	0.864697	0.009901	0.0990099	9.90099e-09	1	0.116822	0.176712	0.666667	0.666667	1.5	0.666667	1	37876.8	1e+20	2.4151e+13	77.1253	84.834	24.8725	48.0134	12.62	47.0513	
112000	-128882	-1201.91	-82140.3	-15068.8	0.253857	1	0.103267	19.3673	4.60075	0.0125819	19.3316	0.33499	6372	98	640	-24946.9	42.4894f	26.4224	4	1	1	0.118812	0.049505	0.118812	0.009901	0	0	0	0	0.854545	0.970266	0.249216	0.5	0.879499	9.90099e-09	0.0990099	9.90099e-09	1	0.136364	0.190184	0.666667	0.666667	1.5	0.666667	1	37876.8	1e+20	2.4151e+13	77.1253	84.834	24.8725	48.0134	42.4894	26.4224	
113000	-129129	-1201.91	-82387.5	-15101.8	0.253857	1	0.0949214	21.0701	4.4576	0.016386	19.5877	0.376144	6396	98	632	-24946.9	22.2356f	46.0579	4	1	1	0.0891089	0.049505	0.118812	0.009901	0	0	0	0	0.845455	0.979592	0.284579	0.539063	0.881703	9.90099e-09	0.0990099	9.90099e-09	1	0.117274	0.186813	0.666667	0.666667	1.5	0.666667	1	37876.8	1e+20	2.4151e+13	77.1253	84.834	24.8725	48.0134	22.2356	46.0579	
114000	-129822	-1201.91	-83080.3	-15133.3	0.253857	1	0.103563	19.312	4.86341	0.00302682	19.5877	0.315992	6419	98	674	-24946.9	38.6828f	50.9333	4	1	1	0.0891089	0.049505	0.118812	0.009901	0	0	0	0	0.854545	0.973479	0.233177	0.510638	0.895149	9.90099e-09	0.0990099	9.90099e-09	1	0.129283	0.201717	0.666667	0.666667	1.5	0.666667	1	37876.8	1e+20	2.4151e+13	51.3393	78.1455	24.8725	48.0134	38.6828	50.9333	
115000	-128280	-1201.91	-81538	-14921.6	0.258264	1	0.110329	18.1276	5.27111	0.0303655	19.5877	0.27367	6263	98	689	-24946.9	11.7217f	53.3191	4	1	1	0.0891089	0.049505	0.029703	9.90099e-09	0	0	0	0	0.872727	0.966454	0.251994	0.507463	0.888357	9.90099e-09	0.0990099	9.90099e-09	1	0.143541	0.20178	0.666667	0.666667	1.5	0.666667	1	37876.8	1e+20	2.4151e+13	25.3532	76.363	24.8725	48.0134	11.7217	53.3191	
116000	-130829	-1201.91	-84086.9	-15124.6	0.256488	1	0.118936	16.8158	5.64324	0.034329	19.5877	0.237125	6413	98	777	-24946.9	10.5851f	60.8832	4	1	1	0.0891089	0.049505	0.029703	9.90099e-09	0	0	0	0	0.845455	0.955178	0.278891	0.541401	0.859813	9.90099e-09	0.0990099	9.90099e-09	1	0.144615	0.203846	0.666667	0.666667	1.5	0.666667	1	37876.8	1e+20	2.4151e+13	25.3532	76.363	24.8725	48.0134	10.5851	60.8832	
117000	-133019	-1201.91	-86277.3	-15324.3	0.257029	1	0.118936	16.8158	5.65515	0.0246812	19.5877	0.236626	6560	98	821	-24946.9	30.9264f	20.911	4	1	1	0.0891089	0.049505	0.029703	9.90099e-09	0	0	0	0	0.854545	0.957704	0.261069	0.5	0.849315	9.90099e-09	0.0990099	9.90099e-09	1	0.152672	0.192453	0.666667	0.666667	1.5	0.666667	1	37876.8	1e+20	2.4151e+13	25.3532	76.363	24.8725	48.0134	30.9264	20.911	
118000	-130785	-1201.91	-84043	-15146.3	0.257029	1	0.11753	17.017	5.35651	0.00929042	19.3814	0.252808	6429	98	759	-24946.9	49.5865f	71.0793	4	1	1	0.0891089	0.0990099	0.029703	9.90099e-09	0	0	0	0	0.872727	0.965732	0.245342	0.474359	0.870918	9.90099e-09	0.0990099	9.90099e-09	1	0.147745	0.194409	0.666667	0.666667	1.5	0.666667	1	37876.8	1e+20	2.4151e+13	25.3532	76.363	24.8725	48.0134	49.5865	71.0793	
119000	-129617	-1201.91	-82875.4	-15056.6	0.257029	1	0.119791	16.6958	5.73763	0.00812159	19.6236	0.23156	6363	98	714	-24946.9	35.0305f	62.4427	4	1	1	0.0891089	0.0990099	0.029703	9.90099e-09	0	0	0	0	0.836364	0.951181	0.257098	0.533784	0.842271	9.90099e-09	0.0792079	9.90099e-09	1	0.16063	0.177807	0.666667	0.666667	1.5	0.666667	1	37876.8	1e+20	2.4151e+13	18.8532	46.5372	24.8725	48.0134	35.0305	62.4427	
120000	-130444	-1201.91	-83702.3	-15141.1	0.259663	1	0.120662	16.5752	5.83859	0.0147635	19.6236	0.225913	6425	98	733	-24946.9	23.6844f	53.5349	4	1	1	0.0693069	0.0990099	0.029703	9.90099e-09	0	0	0	0	0.863636	0.946875	0.253499	0.573333	0.867807	9.90099e-09	0.0792079	9.90099e-09	1	0.136858	0.185539	0.666667	0.666667	1.5	0.666667	1	37876.8	1e+20	2.4151e+13	18.8532	46.5372	27.4227	48.0241	23.6844	53.5349	
121000	-129490	-1201.91	-82748.2	-15051.9	0.259384	1	0.110318	18.1295	5.35176	0.0472554	19.6415	0.269574	6359	98	706	-24946.9	15.8295f	15.9354	4	1	1	0.0693069	0.0990099	0.039604	9.90099e-09	0	0	0	0	0.909091	0.968553	0.251177	0.493151	0.894654	9.90099e-09	0.0792079	9.90099e-09	1	0.110063	0.177596	0.666667	0.666667	1.5	0.666667	1	37876.8	1e+20	2.4151e+13	18.8532	46.5372	27.4227	48.0241	15.8295	15.9354	
122000	-128926	-1201.91	-82184.4	-15064.1	0.259384	1	0.106544	18.7717	5.16867	0.0195517	19.6415	0.289011	6368	98	648	-24946.9	19.4577f	52.9359	4	1	1	0.0693069	0.0990099	0.039604	9.90099e-09	0	0	0	0	0.854545	0.946792	0.261346	0.53125	0.885759	9.90099e-09	0.0792079	9.90099e-09	1	0.128326	0.187595	0.666667	0.666667	1.5	0.666667	1	37876.8	1e+20	2.4151e+13	18.8532	46.5372	27.4227	48.0241	19.4577	52.9359	
123000	-129365	-1201.91	-82623.2	-15088.4	0.259384	1	0.105541	18.9499	5.04489	0.00421321	19.569	0.298913	6386	98	672	-24946.9	49.5078f	63.8625	4	1	1	0.0693069	0.0990099	0.039604	9.90099e-09	0	0	0	0	0.881818	0.962733	0.260938	0.551471	0.8625	9.90099e-09	0.0792079	9.90099e-09	1	0.131045	0.18448	0.666667	0.666667	1.5	0.666667	1	37876.8	1e+20	2.4151e+13	27.6885	79.2331	57.137	49.3195	49.5078	63.8625	
124000	-130364	-1201.91	-83622.2	-15236.8	0.259384	1	0.105541	18.9499	5.11205	0.0234221	19.6338	0.294987	6496	98	658	-24946.9	19.4141f	35.7852	4	1	1	0.0693069	0.0792079	0.039604	9.90099e-09	0	0	0	0	0.845455	0.978462	0.247692	0.541985	0.890769	0.009901	0.0792079	9.90099e-09	1	0.123077	0.159639	0.666667	0.666667	1.5	0.666667	1	37876.8	1e+20	2.4151e+13	27.6885	79.2331	57.137	49.3195	19.4141	35.7852	
125000	-129718	-1201.91	-82975.9	-15157.6	0.261065	1	0.11044	18.1095	5.3208	0.0307056	19.576	0.270844	6437	98	656	-24946.9	86.9145f	36.622	4	1	1	0.0693069	0.0792079	0.039604	9.90099e-09	0	0	0	0	0.890909	0.964174	0.290373	0.537313	0.859813	0.009901	0.108911	9.90099e-09	1	0.119565	0.190405	0.666667	0.666667	1.5	0.666667	1	37876.8	1e+20	2.4151e+13	27.6885	79.2331	75.723	45.2705	86.9145	36.622	
126000	-129571	-1201.91	-82829.5	-15141.4	0.261065	1	0.11064	18.0767	5.52154	0.0351136	19.7491	0.260525	6425	98	653	-24946.9	88.4587f	66.6777	4	1	1	0.019802	0.0792079	0.039604	9.90099e-09	0	0	0	0	0.836364	0.956386	0.224111	0.503759	0.894246	0.009901	0.108911	9.90099e-09	1	0.130841	0.200613	0.666667	0.666667	1.5	0.666667	1	37876.8	1e+20	2.4151e+13	9.0889	43.1226	75.723	45.2705	88.4587	66.6777	
127000	-131175	-1201.91	-84433.4	-15226	0.261065	1	0.11064	18.0767	5.77068	0.0341213	19.9682	0.249277	6488	98	729	-24946.9	91.2409f	53.3073	4	1	1	0.019802	0.0792079	0.0693069	9.90099e-09	0	0	0	0	0.9	0.978362	0.256923	0.492754	0.872111	0.009901	0.108911	9.90099e-09	1	0.146379	0.205761	0.666667	0.666667	1.5	0.666667	1	37876.8	1e+20	2.4151e+13	0.458602	78.0763	86.3728	38.9476	91.2409	53.3073	
128000	-131255	-1201.91	-84513	-15238.1	0.261065	1	0.11064	18.0767	5.77068	0.0392645	19.9682	0.249277	6497	98	727	-24946.9	90.5314f	31.8638	4	1	1	0.019802	0.0792079	0.0693069	9.90099e-09	0	0	0	0	0.890909	0.961715	0.243451	0.611111	0.84639	0.009901	0.108911	9.90099e-09	1	0.14	0.200549	0.666667	0.666667	1.5	0.666667	1	37876.8	1e+20	2.4151e+13	0.458602	78.0763	86.3728	38.9476	90.5314	31.8638	
129000	-132142	-1201.91	-85400	-15289.3	0.259869	1	0.11064	18.0767	5.74425	0.0392645	19.9682	0.250424	6535	98	770	-24946.9	90.5314f	31.8638	4	1	1	0.019802	0.0792079	0.0693069	9.90099e-09	0	0	0	0	0.809091	0.966412	0.263804	0.479452	0.850153	0.009901	0.108911	9.90099e-09	1	0.146565	0.19016	0.666667	0.666667	1.5	0.666667	1	37876.8	1e+20	2.4151e+13	31.3549	53.025	87.0561	35.0694	90.5314	31.8638	
130000	-134121	-1201.91	-87379.1	-15538.3	0.269048	1	0.11064	18.0767	5.94714	0.0391957	19.9682	0.241881	6723	98	769	-24946.9	78.2763f	83.9431	4	1	1	0.019802	0.029703	0.0693069	9.90099e-09	0	0	0	0	0.827273	0.960059	0.283159	0.570513	0.864583	0.009901	0.108911	9.90099e-09	1	0.152367	0.192722	0.666667	0.666667	1.5	0.666667	1	37876.8	1e+20	2.4151e+13	31.3549	53.025	87.0561	35.0694	78.2763	83.9431	
131000	-136896	-1201.91	-90154.3	-15891	0.278281	1	0.10835	18.4586	6.02398	0.0538279	19.9682	0.243841	6996	98	756	-24946.9	89.5308f	16.2687	4	1	1	0.019802	0.029703	0.0693069	9.90099e-09	0	0	0	0	0.863636	0.967236	0.281429	0.536913	0.89	0.009901	0.0792079	9.90099e-09	1	0.164286	0.178191	0.666667	0.666667	1.5	0.666667	1	37876.8	1e+20	2.4151e+13	31.3549	53.025	87.0561	35.0694	89.5308	16.2687	
132000	-137375	-1201.91	-90632.9	-15896.1	0.278281	1	0.10835	18.4586	6.02398	0.00165991	19.9682	0.243841	7000	98	796	-24946.9	55.5314f	43.5463	4	1	1	0.039604	0.029703	0.0693069	9.90099e-09	0	0	0	0	0.827273	0.972973	0.262108	0.553333	0.877667	0.009901	0.0792079	9.90099e-09	1	0.170455	0.220844	0.666667	0.666667	1.5	0.666667	1	37876.8	1e+20	2.4151e+13	79.7199	65.0221	87.0561	35.0694	55.5314	43.5463	
133000	-139231	-1201.91	-92489.2	-16118.7	0.286457	1	0.109168	18.3204	5.71853	0.0485291	19.5312	0.254941	7177	98	802	-24946.9	98.7396f	42.1536	4	1	1	0.039604	0.029703	9.90099e-09	9.90099e-09	0	0	0	0	0.9	0.965035	0.26676	0.537037	0.886396	0.009901	0.0792079	9.90099e-09	1	0.143058	0.176166	0.666667	0.666667	1.5	0.666667	1	37876.8	1e+20	2.4151e+13	79.7199	65.0221	87.0561	35.0694	98.7396	42.1536	
134000	-139576	-1201.91	-92833.7	-16159.9	0.286457	1	0.114061	17.5345	5.97482	0.0150675	19.5312	0.233538	7210	98	803	-24946.9	76.9338f	44.6596	4	1	1	0.039604	0.029703	9.90099e-09	9.90099e-09	0	0	0	0	0.836364	0.966527	0.239612	0.570513	0.875698	0.009901	0.0792079	9.90099e-09	1	0.137119	0.191624	0.666667	0.666667	1.5	0.666667	1	37876.8	1e+20	2.4151e+13	79.7199	65.0221	87.0561	35.0694	76.9338	44.6596	
135000	-139010	-1201.91	-92268.2	-16107.4	0.287729	1	0.110728	18.0624	6.31308	0.0255027	19.9273	0.227679	7168	98	786	-24946.9	59.727f	84.0973	4	1	1	0.039604	0.029703	9.90099e-09	9.90099e-09	0	0	0	0	0.809091	0.97486	0.25802	0.590361	0.8625	0.009901	0.0792079	9.90099e-09	1	0.154812	0.213094	0.666667	0.666667	1.5	0.666667	1	37876.8	1e+20	2.4151e+13	79.7199	65.0221	87.0561	35.0694	59.727	84.0973	
136000	-139920	-1201.91	-93177.8	-16231.9	0.287729	1	0.109971	18.1866	6.01407	0.0519562	19.7208	0.240642	7268	98	779	-24946.9	95.3945f	26.587	4	1	1	0.039604	0.029703	9.90099e-09	9.90099e-09	0	0	0	0	0.845455	0.961219	0.246217	0.585987	0.885042	0.009901	0.0792079	9.90099e-09	1	0.11967	0.194444	0.666667	0.666667	1.5	0.666667	1	37876.8	1e+20	2.4151e+13	36.5214	23.2908	87.0561	35.0694	95.3945	26.587	
137000	-139692	-1201.91	-92950.5	-16215.3	0.290473	1	0.108585	18.4187	5.9949	0.0428949	19.7208	0.244494	7255	98	771	-24946.9	95.2111f	60.3255	4	1	1	0.039604	0.0594059	9.90099e-09	9.90099e-09	0	0	0	0	0.863636	0.969571	0.231087	0.461538	0.887967	0.009901	0.118812	9.90099e-09	1	0.123626	0.179747	0.666667	0.666667	1.5	0.666667	1	37876.8	1e+20	2.4151e+13	36.5214	23.2908	96.8717	44.028	95.2111	60.3255	
138000	-142417	-1201.91	-95675	-16424.3	0.290473	1	0.113359	17.6431	6.25844	0.00798453	19.7208	0.224336	7424	98	852	-24946.9	68.7674f	43.3951	4	1	1	0.039604	0.0594059	9.90099e-09	0.009901	0	0	0	0	0.845455	0.968877	0.255088	0.558282	0.863329	0.009901	0.118812	9.90099e-09	1	0.145357	0.191539	0.666667	0.666667	1.5	0.666667	1	37876.8	1e+20	2.4151e+13	36.5214	23.2908	67.5518	56.5895	68.7674	43.3951	
139000	-140365	-1201.91	-93623.1	-16135	0.290473	1	0.122091	16.3812	6.63975	0.0509717	19.6466	0.19633	7190	98	884	-24946.9	87.8919f	83.3072	4	1	1	0.039604	0.0594059	0.029703	0.009901	0	0	0	0	0.827273	0.965278	0.266017	0.497006	0.865465	9.90099e-09	0.118812	9.90099e-09	1	0.179167	0.206897	0.666667	0.666667	1.5	0.666667	1	37876.8	1e+20	2.4151e+13	36.5214	23.2908	78.9006	74.8095	87.8919	83.3072	
140000	-141799	-1201.91	-95057	-16351.5	0.290032	1	0.122091	16.3812	6.62965	0.0405683	19.6466	0.196628	7365	98	855	-24946.9	86.2747f	76.654	4	1	1	0.039604	0.0594059	0.029703	0.009901	0	0	0	0	0.818182	0.972826	0.268392	0.548571	0.862585	9.90099e-09	0.118812	9.90099e-09	1	0.17232	0.184149	0.666667	0.666667	1.5	0.666667	1	37876.8	1e+20	2.4151e+13	36.5214	23.2908	78.9006	74.8095	86.2747	76.654	
141000	-141773	-1201.91	-95031.5	-16364.7	0.300384	1	0.11709	17.0809	6.44075	0.00492007	19.5381	0.21104	7376	98	842	-24946.9	46.2036f	64.531	4	1	1	0.039604	0.0594059	0.029703	0.009901	0	0	0	0	0.863636	0.963315	0.246612	0.542683	0.856369	9.90099e-09	0.118812	9.90099e-09	1	0.153117	0.191847	0.666667	0.666667	1.5	0.666667	1	37876.8	1e+20	2.4151e+13	36.5214	23.2908	78.9006	74.8095	46.2036	64.531	
142000	-143056	-1201.91	-96314.5	-16475.6	0.301923	1	0.11709	17.0809	6.47374	0.024211	19.5381	0.209965	7468	98	870	-24946.9	71.3622f	77.2889	4	1	1	0.039604	0.0594059	0.029703	0.009901	0	0	0	0	0.872727	0.94913	0.301736	0.568182	0.874163	9.90099e-09	0.118812	9.90099e-09	1	0.148594	0.204128	0.666667	0.666667	1.5	0.666667	1	37876.8	1e+20	2.4151e+13	36.5214	23.2908	78.9006	74.8095	71.3622	77.2889	
143000	-145311	-1201.91	-98568.9	-16707.9	0.301923	1	0.123898	16.1423	6.10558	0.0245005	18.9841	0.210392	7662	98	895	-24946.9	76.7013f	72.5076	4	1	1	0.039604	0.0891089	0.029703	0.009901	0	0	0	0	0.863636	0.968668	0.239474	0.567416	0.872703	9.90099e-09	0.0594059	9.90099e-09	1	0.151239	0.189636	0.666667	0.666667	1.5	0.666667	1	37876.8	1e+20	2.4151e+13	36.5214	23.2908	78.9006	74.8095	76.7013	72.5076	
144000	-142798	-1201.91	-96055.7	-16517.5	0.301923	1	0.122125	16.3767	6.07129	0.0344567	19.0258	0.214652	7503	98	822	-24946.9	66.6554f	87.8169	4	1	1	0.0693069	0.0891089	0.029703	0.009901	0	0	0	0	0.9	0.949062	0.262317	0.487952	0.866756	9.90099e-09	0.0594059	9.90099e-09	1	0.157124	0.18262	0.666667	0.666667	1.5	0.666667	1	37876.8	1e+20	2.4151e+13	28.2447	30.5174	38.3819	79.2818	66.6554	87.8169	
145000	-144323	-1201.91	-97580.9	-16664.4	0.303718	1	0.122125	16.3767	5.74916	0.0427902	18.7404	0.226679	7626	98	840	-24946.9	52.4758f	95.904	4	1	1	0.0693069	0.0891089	0.029703	0.009901	0	0	0	0	0.827273	0.960682	0.246736	0.443787	0.87287	9.90099e-09	0.0594059	9.90099e-09	1	0.133683	0.18171	0.666667	0.666667	1.5	0.666667	1	37876.8	1e+20	2.4151e+13	28.2447	30.5174	38.3819	79.2818	52.4758	95.904	
146000	-142783	-1201.91	-96041.3	-16502.3	0.303718	1	0.116788	17.1251	5.83383	0.0298361	19.0204	0.233598	7490	98	832	-24946.9	30.8869f	83.0285	4	1	1	0.0693069	0.0891089	0.0792079	0.009901	0	0	0	0	0.854545	0.956349	0.234908	0.579268	0.876984	9.90099e-09	0.0594059	9.90099e-09	1	0.149471	0.189904	0.666667	0.666667	1.5	0.666667	1	37876.8	1e+20	2.4151e+13	28.2447	30.5174	38.3819	79.2818	30.8869	83.0285	
147000	-141731	-1201.91	-94989	-16486.2	0.300826	1	0.114047	17.5367	4.98174	0.0408754	18.4371	0.280128	7477	98	753	-24946.9	45.5671f	94.656	4	1	1	0.0693069	0.0891089	0.0792079	0.009901	0	0	0	0	0.827273	0.97319	0.269076	0.471338	0.878342	9.90099e-09	0.0594059	9.90099e-09	1	0.125668	0.188462	0.666667	0.666667	1.5	0.666667	1	37876.8	1e+20	2.4151e+13	28.2447	30.5174	38.3819	79.2818	45.5671	94.656	
148000	-140449	-1201.91	-93706.6	-16321.3	0.30019	1	0.114047	17.5367	5.50397	0.0468056	18.9124	0.253549	7340	98	760	-24946.9	24.8997f	90.8392	4	1	1	0.0693069	0.0891089	0.0792079	0.009901	0	0	0	0	0.854545	0.964578	0.244565	0.559211	0.86921	9.90099e-09	0.0594059	9.90099e-09	1	0.118529	0.150266	0.666667	0.666667	1.5	0.666667	1	37876.8	1e+20	2.4151e+13	1.31019	57.3743	38.3819	79.2818	24.8997	90.8392	
149000	-144194	-1201.91	-97452.1	-16635.3	0.300407	1	0.120315	16.6231	5.69355	0.00264687	18.8164	0.232337	7601	98	852	-24946.9	40.7956f	55.0812	4	1	1	0.0693069	0.0594059	0.0792079	0.009901	0	0	0	0	0.836364	0.952569	0.239843	0.488636	0.883049	9.90099e-09	0.108911	9.90099e-09	1	0.147175	0.179157	0.666667	0.666667	1.5	0.666667	1	37876.8	1e+20	2.4151e+13	20.7617	60.084	38.3819	79.2818	40.7956	55.0812	
150000	-144797	-1201.91	-98054.8	-16709.9	0.300407	1	0.111778	17.8926	5.28958	0.0166135	18.8164	0.26918	7663	98	839	-24946.9	22.1038f	45.5773	4	1	1	0.0693069	0.0594059	0.0792079	0.009901	0	0	0	0	0.845455	0.965834	0.240209	0.559006	0.87287	9.90099e-09	0.108911	9.90099e-09	1	0.14472	0.189157	0.666667	0.666667	1.5	0.666667	1	37876.8	1e+20	2.4151e+13	38.5667	8.3752	38.3819	79.2818	22.1038	45.5773	
151000	-147853	-1201.91	-101112	-17025.4	0.318669	1	0.128171	15.6042	6.43407	0.0406828	18.8164	0.192994	7936	98	863	-24946.9	20.5693f	83.5391	4	1	1	0.0594059	0.0594059	0.0792079	0.009901	0	0	0	0	0.863636	0.963384	0.22796	0.52907	0.853535	0.009901	0.108911	9.90099e-09	1	0.141414	0.146002	0.666667	0.666667	1.5	0.666667	1	37876.8	1e+20	2.4151e+13	38.5667	8.3752	38.3819	79.2818	20.5693	83.5391	
152000	-147548	-1201.91	-100806	-16940.3	0.315544	1	0.128171	15.6042	6.08616	0.0142925	18.6025	0.204027	7862	98	912	-24946.9	49.6572f	76.3264	4	1	1	0.0594059	0.0594059	0.029703	0.009901	0	0	0	0	0.881818	0.968314	0.252538	0.525424	0.860406	0.009901	0.108911	9.90099e-09	1	0.138325	0.178649	0.666667	0.666667	1.5	0.666667	1	37876.8	1e+20	2.4151e+13	38.5667	8.3752	38.3819	79.2818	49.6572	76.3264	
153000	-151301	-1201.91	-104559	-17236.4	0.327405	1	0.133887	14.938	7.02369	0.042737	18.8966	0.169246	8122	98	1001	-24946.9	7.2951f	66.2737	4	1	1	0.0594059	0.0594059	0.029703	0.009901	0	0	0	0	0.790909	0.960736	0.233496	0.460784	0.872079	0.009901	0.108911	9.90099e-09	1	0.152147	0.18408	0.666667	0.666667	1.5	0.666667	1	37876.8	1e+20	2.4151e+13	52.9485	7.12544	38.3819	79.2818	7.2951	66.2737	
154000	-151391	-1201.91	-104649	-17309	0.327405	1	0.117667	16.9972	6.17279	0.0140556	18.8966	0.219122	8187	98	951	-24946.9	35.4246f	71.4752	4	1	1	0.0594059	0.0594059	0.029703	0.009901	0	0	0	0	0.854545	0.95716	0.235006	0.47449	0.862027	0.009901	0.108911	9.90099e-09	1	0.137973	0.195846	0.666667	0.666667	1.5	0.666667	1	37876.8	1e+20	2.4151e+13	52.9485	7.12544	38.3819	79.2818	35.4246	71.4752	
155000	-149910	-1201.91	-103168	-17207.1	0.324534	1	0.112584	17.7645	6.78826	0.0161039	19.6089	0.208249	8096	98	885	-24946.9	25.2859f	62.6669	4	1	1	0.0594059	0.0990099	0.029703	0.009901	0	0	0	0	0.890909	0.961586	0.240741	0.505495	0.880247	0.009901	0.0990099	9.90099e-09	1	0.141975	0.177754	0.666667	0.666667	1.5	0.666667	1	37876.8	1e+20	2.4151e+13	81.1213	32.147	38.3819	79.2818	25.2859	62.6669	
156000	-147037	-1201.91	-100295	-16990	0.311043	1	0.0969479	20.6296	6.05365	0.00275681	19.9923	0.271184	7904	98	803	-24946.9	44.4291f	59.2975	4	1	1	0.0594059	0.0990099	0.029703	0.009901	0	0	0	0	0.881818	0.982323	0.267427	0.469512	0.879899	0.009901	0.0990099	9.90099e-09	1	0.147914	0.21464	0.666667	0.666667	1.5	0.666667	1	37876.8	1e+20	2.4151e+13	81.1213	32.147	38.3819	79.2818	44.4291	59.2975	
157000	-146851	-1201.91	-100109	-16995.9	0.311043	1	0.0990611	20.1896	6.18559	0.0274445	19.9923	0.259738	7909	98	787	-24946.9	69.0907f	81.5561	4	1	1	0.0594059	0.0990099	0.029703	0.009901	0	0	0	0	0.881818	0.970886	0.26043	0.542484	0.904337	0.009901	0.0990099	9.90099e-09	1	0.128951	0.204574	0.666667	0.666667	1.5	0.666667	1	37876.8	1e+20	2.4151e+13	81.1213	32.147	38.3819	79.2818	69.0907	81.5561	
158000	-149060	-1201.91	-102318	-17086.5	0.323905	1	0.112641	17.7555	7.32443	0.0115776	19.9923	0.192907	7989	98	910	-24946.9	28.1362f	58.3585	4	1	1	0.0594059	0.0990099	0.029703	0.009901	0	0	0	0	0.809091	0.95734	0.244055	0.464088	0.85875	0.009901	0.0990099	9.90099e-09	1	0.132666	0.216	0.666667	0.666667	1.5	0.666667	1	37876.8	1e+20	2.4151e+13	81.1213	32.147	38.3819	79.2818	28.1362	58.3585	
159000	-148776	-1201.91	-102034	-17081.9	0.323905	1	0.107397	18.6225	6.98342	0.0302355	19.9923	0.212207	7985	98	885	-24946.9	16.6089f	68.8417	4	1	1	0.0594059	0.0990099	0.0891089	9.90099e-09	0	0	0	0	0.827273	0.978643	0.250627	0.515789	0.896985	0.009901	0.0990099	9.90099e-09	1	0.158291	0.187171	0.666667	0.666667	1.5	0.666667	1	37876.8	1e+20	2.4151e+13	81.1213	32.147	38.3819	79.2818	16.6089	68.8417	
160000	-151088	-1201.91	-104346	-17331.1	0.323905	1	0.107053	18.6823	6.96104	0.061163	19.9923	0.213573	8206	98	890	-24946.9	13.8262f	91.2176	4	1	1	0.0594059	0.0990099	0.0891089	9.90099e-09	0	0	0	0	0.836364	0.969363	0.264634	0.594286	0.859069	0.009901	0.0990099	9.90099e-09	1	0.157125	0.198113	0.666667	0.666667	1.5	0.666667	1	37876.8	1e+20	2.4151e+13	17.811	41.714	38.3819	79.2818	13.8262	91.2176	
161000	-149861	-1201.91	-103119	-17172.2	0.321533	1	0.110506	18.0985	7.13299	0.0148137	19.9923	0.201912	8065	98	908	-24946.9	54.3806f	76.5111	4	1	1	0.0594059	0.158416	0.0891089	9.90099e-09	0	0	0	0	0.827273	0.964109	0.266089	0.447368	0.860149	0.009901	0.0990099	9.90099e-09	1	0.132426	0.202355	0.666667	0.666667	1.5	0.666667	1	37876.8	1e+20	2.4151e+13	17.811	41.714	45.1245	69.3225	54.3806	76.5111	
162000	-150150	-1201.91	-103408	-17209.7	0.321634	1	0.110506	18.0985	7.13049	0.00535144	19.9889	0.201982	8098	98	910	-24946.9	37.8482f	40.0662	4	1	1	0.0594059	0.158416	0.0891089	9.90099e-09	0	0	0	0	0.854545	0.962963	0.236094	0.527473	0.885185	0.009901	0.0990099	9.90099e-09	1	0.146914	0.190578	0.666667	0.666667	1.5	0.666667	1	37876.8	1e+20	2.4151e+13	17.811	41.714	45.1245	69.3225	37.8482	40.0662	
163000	-148771	-1201.91	-102029	-17107.6	0.321634	1	0.10627	18.82	6.83123	0.00727911	19.9701	0.219236	8008	98	870	-24946.9	58.0124f	66.9054	4	1	1	0.0594059	0.158416	0.0891089	9.90099e-09	0	0	0	0	0.754545	0.970037	0.278402	0.523256	0.892634	0.009901	0.0990099	9.90099e-09	1	0.142322	0.203895	0.666667	0.666667	1.5	0.666667	1	37876.8	1e+20	2.4151e+13	65.1668	88.1178	45.1245	69.3225	58.0124	66.9054	
164000	-148084	-1201.91	-101342	-17029.3	0.321634	1	0.10627	18.82	6.5922	0.00390591	19.793	0.227185	7939	98	871	-24946.9	60.558f	58.5575	4	1	1	0.029703	0.158416	0.0891089	9.90099e-09	0	0	0	0	0.890909	0.961202	0.276035	0.517045	0.874534	0.009901	0.0990099	9.90099e-09	1	0.124685	0.197474	0.666667	0.666667	1.5	0.666667	1	37876.8	1e+20	2.4151e+13	37.0898	38.7157	56.602	78.5155	60.558	58.5575	
165000	-148524	-1201.91	-101782	-17128	0.322104	1	0.10627	18.82	6.60184	0.00347872	19.793	0.226853	8026	98	836	-24946.9	44.7412f	61.2114	4	1	1	0.029703	0.158416	0.029703	9.90099e-09	0	0	0	0	0.845455	0.972534	0.2397	0.650888	0.894147	0.009901	0.0990099	9.90099e-09	1	0.125935	0.186603	0.666667	0.666667	1.5	0.666667	1	37876.8	1e+20	2.4151e+13	37.3605	57.2859	46.5511	57.763	44.7412	61.2114	
166000	-149736	-1201.91	-102994	-17266.7	0.328736	1	0.099168	20.1678	6.2947	0.00380116	19.7987	0.254961	8149	98	829	-24946.9	40.3991f	41.1586	4	1	1	0.029703	0.158416	0.029703	9.90099e-09	0	0	0	0	0.909091	0.963325	0.27451	0.424051	0.878528	0.009901	0.0990099	9.90099e-09	1	0.134969	0.213155	0.666667	0.666667	1.5	0.666667	1	37876.8	1e+20	2.4151e+13	16.9725	21.3823	46.5511	57.763	40.3991	41.1586	
167000	-148087	-1201.91	-101345	-17139.6	0.325002	1	0.099168	20.1678	6.22321	0.00664436	19.7987	0.25789	8036	98	787	-24946.9	36.3707f	60.9779	4	1	1	0.029703	0.158416	0.029703	9.90099e-09	0	0	0	0	0.845455	0.965087	0.236546	0.519481	0.897756	0.009901	0.0990099	9.90099e-09	1	0.114428	0.177296	0.666667	0.666667	1.5	0.666667	1	37876.8	1e+20	2.4151e+13	16.9725	21.3823	46.5511	57.763	36.3707	60.9779	
168000	-151262	-1201.91	-104520	-17311.2	0.327266	1	0.113662	17.5961	7.18244	0.0401838	19.7987	0.194955	8189	98	919	-24946.9	8.50125f	65.488	4	1	1	0.029703	0.049505	0.029703	9.90099e-09	0	0	0	0	0.845455	0.974328	0.286585	0.471591	0.887393	0.009901	0.0990099	9.90099e-09	1	0.134474	0.18872	0.666667	0.666667	1.5	0.666667	1	37876.8	1e+20	2.4151e+13	16.9725	21.3823	46.5511	57.763	8.50125	65.488	
169000	-151278	-1201.91	-104536	-17340.4	0.326404	1	0.113662	17.5961	7.16352	0.00512965	19.7987	0.195469	8215	98	898	-24946.9	50.9952f	34.4038	4	1	1	0.029703	0.049505	0.029703	9.90099e-09	0	0	0	0	0.845455	0.959658	0.249695	0.541436	0.882927	0.009901	0.0990099	9.90099e-09	1	0.137637	0.225113	0.666667	0.666667	1.5	0.666667	1	37876.8	1e+20	2.4151e+13	17.4273	89.123	45.6632	60.5981	50.9952	34.4038	
170000	-149933	-1201.91	-103191	-17282.2	0.326404	1	0.109253	18.3061	6.3215	0.0105408	19.3801	0.230444	8163	98	834	-24946.9	28.5887f	56.1943	4	1	1	0.029703	0.049505	0.029703	9.90099e-09	0	0	0	0	0.772727	0.96577	0.253676	0.494118	0.886061	0.009901	0.0990099	9.90099e-09	1	0.126225	0.178738	0.666667	0.666667	1.5	0.666667	1	37876.8	1e+20	2.4151e+13	17.4273	89.123	45.6632	60.5981	28.5887	56.1943	
171000	-149855	-1201.91	-103113	-17230.7	0.326404	1	0.109253	18.3061	6.50644	0.0582281	19.5203	0.223894	8117	98	874	-24946.9	29.0932f	0.511184	4	1	1	0.0594059	0.049505	0.029703	9.90099e-09	0	0	0	0	0.845455	0.975309	0.2873	0.548571	0.883436	0.009901	0.0990099	9.90099e-09	1	0.12716	0.184211	0.666667	0.666667	1.5	0.666667	1	37876.8	1e+20	2.4151e+13	17.4273	89.123	45.6632	60.5981	29.0932	0.511184	
172000	-153099	-1201.91	-106357	-17530.8	0.326404	1	0.117207	17.0638	6.98013	0.0340333	19.5203	0.194537	8385	98	913	-24946.9	84.3447f	27.016	4	1	1	0.0594059	0.049505	0.029703	9.90099e-09	0	0	0	0	0.763636	0.959427	0.235364	0.510989	0.869305	0.009901	0.0990099	9.90099e-09	1	0.140644	0.206704	0.666667	0.666667	1.5	0.666667	1	37876.8	1e+20	2.4151e+13	17.4273	89.123	71.6268	22.3922	84.3447	27.016	
173000	-150634	-1201.91	-103892	-17276.7	0.325313	1	0.110875	18.0383	6.58094	0.00641384	19.5203	0.218122	8158	98	901	-24946.9	66.9432f	44.6072	4	1	1	0.0594059	0.049505	0.029703	9.90099e-09	0	0	0	0	0.890909	0.95197	0.240491	0.515152	0.896088	0.009901	0.128713	9.90099e-09	1	0.13865	0.16472	0.666667	0.666667	1.5	0.666667	1	37876.8	1e+20	2.4151e+13	17.4273	89.123	83.5419	38.4365	66.9432	44.6072	
174000	-149541	-1201.91	-102799	-17223.9	0.325313	1	0.110875	18.0383	6.58094	0.0396008	19.5203	0.218122	8111	98	849	-24946.9	90.9419f	32.3245	4	1	1	0.0594059	0.0594059	0.029703	9.90099e-09	0	0	0	0	0.845455	0.96433	0.28589	0.488636	0.873918	0.009901	0.128713	9.90099e-09	1	0.1133	0.19515	0.666667	0.666667	1.5	0.666667	1	37876.8	1e+20	2.4151e+13	17.4273	89.123	83.5419	38.4365	90.9419	32.3245	
175000	-149538	-1201.91	-102796	-17274.5	0.325313	1	0.0982396	20.3584	6.07452	0.0103602	19.721	0.266699	8156	98	803	-24946.9	68.0608f	36.2519	4	1	1	0.0594059	0.0594059	0.029703	9.90099e-09	0	0	0	0	0.881818	0.966993	0.253988	0.515723	0.895833	0.009901	0.128713	9.90099e-09	1	0.126225	0.193827	0.666667	0.666667	1.5	0.666667	1	37876.8	1e+20	2.4151e+13	50.9807	72.357	73.526	32.6389	68.0608	36.2519	
176000	-148913	-1201.91	-102172	-17187.9	0.323588	1	0.0982396	20.3584	6.04233	0.00291172	19.721	0.26812	8079	98	820	-24946.9	49.8339f	38.5057	4	1	1	0.0594059	0.0594059	0.019802	9.90099e-09	0	0	0	0	0.836364	0.965475	0.236094	0.534591	0.90099	0.009901	0.128713	9.90099e-09	1	0.117574	0.191489	0.666667	0.666667	1.5	0.666667	1	37876.8	1e+20	2.4151e+13	91.1734	55.3036	74.4157	34.3716	49.8339	38.5057	
177000	-148284	-1201.91	-101542	-17197.1	0.326235	1	0.0982396	20.3584	6.09175	0.0157993	19.721	0.265945	8087	98	760	-24946.9	77.446f	43.8654	4	1	1	0.0594059	0.0594059	0.019802	9.90099e-09	0	0	0	0	0.827273	0.96683	0.25495	0.549383	0.894089	0.009901	0.128713	9.90099e-09	1	0.121287	0.178153	0.666667	0.666667	1.5	0.666667	1	37876.8	1e+20	2.4151e+13	46.7675	83.66	74.4157	34.3716	77.446	43.8654	
178000	-149202	-1201.91	-102460	-17244.1	0.326235	1	0.0948465	21.0867	5.88135	0.0322878	19.721	0.285313	8129	98	794	-24946.9	87.8154f	36.172	4	1	1	0.029703	0.0594059	0.019802	9.90099e-09	0	0	0	0	0.845455	0.974328	0.265683	0.50641	0.894219	0.009901	0.178218	9.90099e-09	1	0.116564	0.20529	0.666667	0.666667	1.5	0.666667	1	37876.8	1e+20	2.4151e+13	46.7675	83.66	74.4157	34.3716	87.8154	36.172	
179000	-149597	-1201.91	-102855	-17309.1	0.326235	1	0.0980682	20.394	6.28789	0.0187596	19.8865	0.2581	8187	98	783	-24946.9	78.7485f	60.488	4	1	1	0.029703	0.0594059	0.019802	9.90099e-09	0	0	0	0	0.872727	0.967233	0.25122	0.506098	0.906553	0.009901	0.178218	9.90099e-09	1	0.118293	0.181354	0.666667	0.666667	1.5	0.666667	1	37876.8	1e+20	2.4151e+13	34.6421	7.11833	74.4157	34.3716	78.7485	60.488	
180000	-148794	-1201.91	-102052	-17235.2	0.326235	1	0.0980682	20.394	6.28789	0.0140393	19.8865	0.2581	8121	98	766	-24946.9	76.3872f	47.6519	4	1	1	0.029703	0.0594059	0.019802	9.90099e-09	0	0	0	0	0.881818	0.97171	0.270603	0.560976	0.908979	0.009901	0.178218	9.90099e-09	1	0.116851	0.200247	0.666667	0.666667	1.5	0.666667	1	37876.8	1e+20	2.4151e+13	46.7675	83.66	74.4157	34.3716	76.3872	47.6519	
181000	-150076	-1201.91	-103334	-17328.2	0.325867	1	0.0960218	20.8286	6.14973	0.0305219	19.8865	0.269522	8204	98	799	-24946.9	44.4652f	11.5215	4	1	1	0.029703	0.0594059	0.009901	9.90099e-09	0	0	0	0	0.854545	0.958435	0.246944	0.518519	0.887531	0.009901	0.178218	9.90099e-09	1	0.137637	0.222362	0.666667	0.666667	1.5	0.666667	1	37876.8	1e+20	2.4151e+13	46.7675	83.66	89.2196	21.8653	44.4652	11.5215	
182000	-148762	-1201.91	-102020	-17189.2	0.325867	1	0.0950854	21.0337	6.08975	0.0643781	19.8865	0.274857	8080	98	801	-24946.9	84.3665f	4.7814	4	1	1	0.029703	0.0594059	0.009901	9.90099e-09	0	0	0	0	0.863636	0.969363	0.244444	0.592105	0.909988	0.009901	0.178218	9.90099e-09	1	0.13848	0.186312	0.666667	0.666667	1.5	0.666667	1	37876.8	1e+20	2.4151e+13	53.4623	91.4067	89.2196	21.8653	84.3665	4.7814	
183000	-151319	-1201.91	-104578	-17432.1	0.334843	1	0.0950854	21.0337	5.88559	0.0709705	19.5842	0.284391	8298	98	826	-24946.9	93.7786f	9.46614	4	1	1	0.029703	0.0594059	0.009901	9.90099e-09	0	0	0	0	0.909091	0.961399	0.264174	0.511765	0.907674	0.009901	0.178218	9.90099e-09	1	0.121687	0.207617	0.666667	0.666667	1.5	0.666667	1	37876.8	1e+20	2.4151e+13	53.4623	91.4067	89.2196	21.8653	93.7786	9.46614	
184000	-154067	-1201.91	-107325	-17714.3	0.334843	1	0.0950854	21.0337	6.03211	0.0437726	19.705	0.277483	8556	98	829	-24946.9	92.0427f	29.2533	4	1	1	0.029703	0.0594059	0.009901	9.90099e-09	0	0	0	0	0.845455	0.968384	0.283041	0.541667	0.91345	0.009901	0.178218	9.90099e-09	1	0.120327	0.197062	0.666667	0.666667	1.5	0.666667	1	37876.8	1e+20	2.4151e+13	53.4623	91.4067	89.2196	21.8653	92.0427	29.2533	
185000	-154815	-1201.91	-108073	-17740.8	0.344599	1	0.104432	19.1512	6.69712	0.045279	19.617	0.227561	8583	98	875	-24946.9	75.4068f	9.7377	4	1	1	0.029703	0.0594059	0.009901	9.90099e-09	0	0	0	0	0.872727	0.958285	0.221187	0.477528	0.882966	0.009901	0.178218	9.90099e-09	1	0.123399	0.191393	0.666667	0.666667	1.5	0.666667	1	37876.8	1e+20	2.4151e+13	53.4623	91.4067	89.2196	21.8653	75.4068	9.7377	
186000	-153286	-1201.91	-106544	-17633.5	0.339352	1	0.104432	19.1512	6.42319	0.052947	19.4879	0.237266	8483	98	842	-24946.9	77.3398f	6.37163	4	1	1	0.029703	0.0594059	0.009901	9.90099e-09	0	0	0	0	0.8	0.957597	0.252644	0.494382	0.881316	0.009901	0.178218	9.90099e-09	1	0.12926	0.211283	0.666667	0.666667	1.5	0.666667	1	37876.8	1e+20	2.4151e+13	23.343	80.0088	89.2196	21.8653	77.3398	6.37163	
187000	-154611	-1201.91	-107869	-17735.8	0.340669	1	0.104757	19.0917	6.4682	0.0650235	19.4879	0.234883	8578	98	862	-24946.9	96.0609f	16.215	4	1	1	0.029703	0.019802	0.049505	9.90099e-09	0	0	0	0	0.863636	0.9662	0.263953	0.54023	0.895349	0.009901	0.178218	9.90099e-09	1	0.136364	0.190476	0.666667	0.666667	1.5	0.666667	1	37876.8	1e+20	2.4151e+13	23.343	80.0088	89.2196	21.8653	96.0609	16.215	
188000	-154964	-1201.91	-108222	-17753	0.337961	1	0.101636	19.6781	6.88083	0.0488748	19.9816	0.22758	8593	98	882	-24946.9	91.8025f	23.4291	4	1	1	0.029703	0.019802	0.049505	9.90099e-09	0	0	0	0	0.836364	0.970726	0.256977	0.528736	0.902696	9.90099e-09	0.178218	9.90099e-09	1	0.156359	0.206897	0.666667	0.666667	1.5	0.666667	1	37876.8	1e+20	2.4151e+13	23.343	80.0088	73.7556	30.3877	91.8025	23.4291	
189000	-154028	-1201.91	-107286	-17710.7	0.337961	1	0.104843	19.0762	6.85597	0.0606468	19.809	0.221418	8554	98	834	-24946.9	93.9185f	16.6165	4	1	1	0.029703	0.019802	0.049505	9.90099e-09	0	0	0	0	0.827273	0.9637	0.245018	0.533708	0.88993	9.90099e-09	0.178218	9.90099e-09	1	0.112412	0.191142	0.666667	0.666667	1.5	0.666667	1	37876.8	1e+20	2.4151e+13	23.343	80.0088	73.7556	30.3877	93.9185	16.6165	
190000	-152226	-1201.91	-105485	-17481.8	0.337961	1	0.104843	19.0762	6.85597	0.000423183	19.809	0.221418	8343	98	869	-24946.9	51.6112f	47.804	4	1	1	0.049505	0.019802	0.049505	9.90099e-09	0	0	0	0	0.890909	0.961768	0.270983	0.550562	0.903571	9.90099e-09	0.178218	9.90099e-09	1	0.138387	0.16263	0.666667	0.666667	1.5	0.666667	1	37876.8	1e+20	2.4151e+13	84.2086	64.5422	73.7556	30.3877	51.6112	47.804	
191000	-154301	-1201.91	-107559	-17758.9	0.343735	1	0.103648	19.2962	6.14721	0.0304778	19.2496	0.249794	8600	98	823	-24946.9	85.9183f	34.5102	4	1	1	0.049505	0.019802	0.049505	9.90099e-09	0	0	0	0	0.809091	0.970964	0.226218	0.557576	0.889663	9.90099e-09	0.148515	9.90099e-09	1	0.131243	0.194884	0.666667	0.666667	1.5	0.666667	1	37876.8	1e+20	2.4151e+13	84.2086	64.5422	73.7556	30.3877	85.9183	34.5102	
192000	-156338	-1201.91	-109596	-17969.6	0.354017	1	0.103648	19.2962	6.77264	0.0643905	19.5768	0.226727	8800	98	812	-24946.9	79.6259f	1.56036	4	1	1	0.049505	0.019802	0.0693069	9.90099e-09	0	0	0	0	0.872727	0.956867	0.258797	0.542857	0.896708	9.90099e-09	0.148515	9.90099e-09	1	0.124858	0.182139	0.666667	0.666667	1.5	0.666667	1	37876.8	1e+20	2.4151e+13	62.0948	91.2926	72.7662	0.931244	79.6259	1.56036	
193000	-156222	-1201.91	-109480	-17871	0.354017	1	0.103648	19.2962	6.77264	0.0162371	19.5768	0.226727	8705	98	891	-24946.9	53.8297f	21.9345	4	1	1	0.049505	0.029703	0.0693069	9.90099e-09	0	0	0	0	0.845455	0.96789	0.236782	0.50289	0.881881	9.90099e-09	0.148515	9.90099e-09	1	0.129736	0.204413	0.666667	0.666667	1.5	0.666667	1	37876.8	1e+20	2.4151e+13	62.3437	79.4954	72.7662	0.931244	53.8297	21.9345	
194000	-157786	-1201.91	-111044	-18025.7	0.354017	1	0.0997777	20.0446	6.70152	0.0277633	19.7118	0.23802	8854	98	889	-24946.9	61.2865f	14.562	4	1	1	0.049505	0.029703	0.0693069	9.90099e-09	0	0	0	0	0.845455	0.98307	0.266366	0.511111	0.886005	9.90099e-09	0.148515	9.90099e-09	1	0.115124	0.206459	0.666667	0.666667	1.5	0.666667	1	37876.8	1e+20	2.4151e+13	62.3437	79.4954	72.7662	0.931244	61.2865	14.562	
195000	-158782	-1201.91	-112040	-18126.8	0.356466	1	0.095298	20.9868	6.44491	0.0396117	19.7118	0.259131	8952	98	889	-24946.9	59.3503f	6.558	4	1	1	0.049505	0.029703	0.0693069	9.90099e-09	0	0	0	0	0.836364	0.965247	0.242152	0.464286	0.89128	9.90099e-09	0.148515	9.90099e-09	1	0.135045	0.186712	0.666667	0.666667	1.5	0.666667	1	37876.8	1e+20	2.4151e+13	62.3437	79.4954	72.7662	0.931244	59.3503	6.558	
196000	-163406	-1201.91	-116665	-18561.4	0.366306	1	0.101347	19.7341	7.35556	0.0410247	19.9268	0.213497	9383	98	901	-24946.9	24.9913f	12.6122	4	1	1	0.0792079	0.029703	0.0693069	0.009901	0	0	0	0	0.881818	0.961538	0.259338	0.558011	0.882479	9.90099e-09	0.168317	9.90099e-09	1	0.125	0.209713	0.666667	0.666667	1.5	0.666667	1	37876.8	1e+20	2.4151e+13	47.9399	86.4657	72.7662	0.931244	24.9913	12.6122	
197000	-159627	-1201.91	-112885	-18279.2	0.366306	1	0.0856825	23.342	6.21865	0.0679381	19.9268	0.298698	9102	98	824	-24946.9	1.26933f	18.7594	4	1	1	0.0792079	0.029703	0.0693069	0.009901	0	0	0	0	0.881818	0.980285	0.291167	0.555556	0.911765	9.90099e-09	0.168317	9.90099e-09	1	0.119387	0.196602	0.666667	0.666667	1.5	0.666667	1	37876.8	1e+20	2.4151e+13	21.6493	86.4887	40.6447	6.82521	1.26933	18.7594	
198000	-162445	-1201.91	-115703	-18503.2	0.366306	1	0.0909124	21.9992	6.59822	0.0110404	19.9268	0.26532	9325	98	870	-24946.9	28.5548f	41.9792	4	1	1	0.0792079	0.029703	0.019802	0.009901	0	0	0	0	0.818182	0.963519	0.271459	0.508671	0.903433	9.90099e-09	0.168317	9.90099e-09	1	0.133047	0.196841	0.666667	0.666667	1.5	0.666667	1	37876.8	1e+20	2.4151e+13	13.2642	62.0258	40.6447	6.82521	28.5548	41.9792	
199000	-165606	-1201.91	-118864	-18777.7	0.373882	1	0.0909124	21.9992	6.62683	0.0527801	19.8465	0.264175	9606	98	899	-24946.9	78.1514f	6.98306	4	1	1	0.0792079	0.0792079	0.019802	0.009901	0	0	0	0	0.845455	0.968454	0.253125	0.532164	0.900419	9.90099e-09	0.168317	9.90099e-09	1	0.117032	0.215795	0.666667	0.666667	1.5	0.666667	1	37876.8	1e+20	2.4151e+13	13.2642	62.0258	40.6447	6.82521	78.1514	6.98306	
200000	-168013	-1201.91	-121271	-19030.6	0.398938	1	0.0838753	23.8449	6.5236	0.0371607	19.8465	0.29087	9879	98	861	-24946.9	39.4789f	8.4151	4	1	1	0.0792079	0.0792079	0.019802	0.009901	0	0	0	0	0.781818	0.967579	0.258847	0.590643	0.908907	9.90099e-09	0.168317	9.90099e-09	1	0.103239	0.20197	0.666667	0.666667	1.5	0.666667	1	37876.8	1e+20	2.4151e+13	13.2642	62.0258	40.6447	6.82521	39.4789	8.4151	
201000	-168500	-1201.91	-121758	-19034.9	0.396875	1	0.090099	22.1978	6.97143	0.0513249	19.8465	0.253384	9884	98	896	-24946.9	20.9814f	8.84966	4	1	1	0.0792079	0.0792079	0.019802	0.009901	0	0	0	0	0.9	0.967513	0.253049	0.55	0.89126	9.90099e-09	0.168317	9.90099e-09	1	0.124873	0.224118	0.666667	0.666667	1.5	0.666667	1	37876.8	1e+20	2.4151e+13	13.2642	62.0258	40.6447	6.82521	20.9814	8.84966	
202000	-167695	-1201.91	-120953	-18967.5	0.396875	1	0.0936653	21.3526	7.24737	0.0391824	19.8465	0.234456	9811	98	893	-24946.9	65.5161f	8.57727	4	1	1	0.0792079	0.0792079	0.019802	0.009901	0	0	0	0	0.8	0.968528	0.255838	0.588889	0.88641	0.009901	0.168317	9.90099e-09	1	0.132383	0.195842	0.666667	0.666667	1.5	0.666667	1	37876.8	1e+20	2.4151e+13	13.2642	62.0258	40.6447	6.82521	65.5161	8.57727	
203000	-170182	-1201.91	-123440	-19169.9	0.396875	1	0.0936653	21.3526	7.24737	0.00727065	19.8465	0.234456	10030	98	915	-24946.9	44.4503f	67.6192	4	1	1	0.0594059	0.0792079	0.019802	0.009901	0	0	0	0	0.827273	0.977114	0.273632	0.494792	0.879602	0.009901	0.128713	9.90099e-09	1	0.133333	0.190164	0.666667	0.666667	1.5	0.666667	1	37876.8	1e+20	2.4151e+13	13.2642	62.0258	56.3571	36.0875	44.4503	67.6192	
204000	-170314	-1201.91	-123573	-19135.7	0.396875	1	0.0917904	21.7888	7.18956	0.0012522	19.9072	0.241169	9993	98	962	-24946.9	51.3716f	56.7218	4	1	1	0.0594059	0.0792079	0.019802	0.009901	0	0	0	0	0.836364	0.970913	0.244489	0.526882	0.905812	0.009901	0.128713	9.90099e-09	1	0.137275	0.183607	0.666667	0.666667	1.5	0.666667	1	37876.8	1e+20	2.4151e+13	13.2642	62.0258	56.3571	36.0875	51.3716	56.7218	
205000	-168281	-1201.91	-121539	-19046.9	0.396875	1	0.0899439	22.2361	7.04493	0.046028	19.9072	0.251173	9897	98	867	-24946.9	97.2949f	41.3521	4	1	1	0.0594059	0.0792079	0.019802	0.009901	0	0	0	0	0.8	0.966599	0.263847	0.536723	0.908081	0.009901	0.128713	9.90099e-09	1	0.128543	0.193933	0.666667	0.666667	1.5	0.666667	1	37876.8	1e+20	2.4151e+13	13.2642	62.0258	56.3571	36.0875	97.2949	41.3521	
206000	-168470	-1201.91	-121728	-19031.8	0.400295	1	0.0899439	22.2361	7.10563	0.00279716	19.9072	0.249027	9880	98	894	-24946.9	59.5678f	43.6863	4	1	1	0.0594059	0.0792079	0.019802	0.009901	0	0	0	0	0.854545	0.971916	0.262892	0.554348	0.901921	0.009901	0.128713	9.90099e-09	1	0.143579	0.218579	0.666667	0.666667	1.5	0.666667	1	37876.8	1e+20	2.4151e+13	13.2642	62.0258	56.3571	36.0875	59.5678	43.6863	
207000	-169354	-1201.91	-122612	-19093.1	0.400295	1	0.0927192	21.5705	7.01909	0.00572356	19.6961	0.244551	9947	98	922	-24946.9	49.9879f	33.4646	4	1	1	0.0594059	0.0792079	0.019802	0.009901	0	0	0	0	0.763636	0.972892	0.238431	0.466667	0.902584	0.009901	0.128713	9.90099e-09	1	0.142857	0.196167	0.666667	0.666667	1.5	0.666667	1	37876.8	1e+20	2.4151e+13	13.2642	62.0258	56.3571	36.0875	49.9879	33.4646	
208000	-170128	-1201.91	-123387	-19143.5	0.400295	1	0.0953829	20.9681	7.22075	0.0090034	19.6961	0.231083	10002	98	935	-24946.9	69.7181f	42.3428	4	1	1	0.0594059	0.0792079	0.019802	9.90099e-09	0	0	0	0	0.845455	0.973134	0.254726	0.521505	0.87996	0.009901	0.128713	9.90099e-09	1	0.117882	0.186896	0.666667	0.666667	1.5	0.666667	1	37876.8	1e+20	2.4151e+13	13.2642	62.0258	56.3571	36.0875	69.7181	42.3428	
209000	-171802	-1201.91	-125060	-19222.2	0.400295	1	0.0991969	20.1619	7.69497	0.0019107	19.8166	0.208504	10088	98	997	-24946.9	48.9485f	41.0495	4	1	1	0.0594059	0.0792079	0.019802	9.90099e-09	0	0	0	0	0.827273	0.974155	0.270833	0.577889	0.894841	0.009901	0.128713	9.90099e-09	1	0.130952	0.218462	0.666667	0.666667	1.5	0.666667	1	37876.8	1e+20	2.4151e+13	13.2642	62.0258	56.3571	36.0875	48.9485	41.0495	
210000	-172542	-1201.91	-125800	-19303.6	0.413135	1	0.0979737	20.4136	7.91389	0.010749	19.8607	0.205268	10178	98	991	-24946.9	73.1351f	50.0693	4	1	1	0.009901	0.0792079	0.019802	9.90099e-09	0	0	0	0	0.854545	0.964567	0.270138	0.529412	0.886051	0.009901	0.029703	9.90099e-09	1	0.140472	0.181363	0.666667	0.666667	1.5	0.666667	1	37876.8	1e+20	2.4151e+13	13.2642	62.0258	56.3571	36.0875	73.1351	50.0693	
211000	-174367	-1201.91	-127625	-19478.6	0.413135	1	0.0979737	20.4136	7.96608	0.0213423	19.8934	0.203923	10376	98	971	-24946.9	32.9311f	22.56	4	1	1	0.009901	0.0792079	0.039604	9.90099e-09	0	0	0	0	0.845455	0.970106	0.263715	0.562189	0.899807	0.009901	0.029703	9.90099e-09	1	0.151252	0.194185	0.666667	0.666667	1.5	0.666667	1	37876.8	1e+20	2.4151e+13	13.2642	62.0258	56.3571	36.0875	32.9311	22.56	
212000	-175240	-1201.91	-128498	-19498.1	0.413135	1	0.102672	19.4794	8.34812	0.00441514	19.8934	0.185685	10398	98	1039	-24946.9	52.883f	64.0069	4	1	1	0.009901	0.049505	0.039604	9.90099e-09	0	0	0	0	0.890909	0.971042	0.260116	0.578431	0.893269	0.009901	0.029703	9.90099e-09	1	0.124038	0.194418	0.666667	0.666667	1.5	0.666667	1	37876.8	1e+20	2.4151e+13	13.2642	62.0258	56.3571	36.0875	52.883	64.0069	
213000	-173399	-1201.91	-126657	-19392	0.413041	1	0.0937783	21.3269	7.62322	0.0376042	19.8934	0.222628	10278	98	973	-24946.9	61.5893f	8.27215	4	1	1	0.009901	0.049505	0.039604	9.90099e-09	0	0	0	0	0.918182	0.964981	0.254386	0.475248	0.893969	0.019802	0.029703	9.90099e-09	1	0.145224	0.186023	0.666667	0.666667	1.5	0.666667	1	37876.8	1e+20	2.4151e+13	13.2642	62.0258	56.3571	36.0875	61.5893	8.27215	
214000	-176045	-1201.91	-129303	-19574.1	0.413041	1	0.0937783	21.3269	7.71717	0.019115	19.9544	0.219917	10484	98	1023	-24946.9	37.9376f	21.8784	4	1	1	0.009901	0.049505	0.039604	9.90099e-09	0	0	0	0	0.809091	0.970221	0.259542	0.461929	0.908397	0.019802	0.029703	9.90099e-09	1	0.124521	0.214214	0.666667	0.666667	1.5	0.666667	1	37876.8	1e+20	2.4151e+13	13.2642	62.0258	56.3571	36.0875	37.9376	21.8784	
215000	-172405	-1201.91	-125663	-19344.3	0.413512	1	0.0937783	21.3269	7.72597	0.0332431	19.9544	0.219667	10224	98	937	-24946.9	86.9485f	32.5701	4	1	1	0.009901	0.049505	0.039604	9.90099e-09	0	0	0	0	0.836364	0.965854	0.235582	0.494737	0.890078	0.019802	0.029703	9.90099e-09	1	0.121212	0.220682	0.666667	0.666667	1.5	0.666667	1	37876.8	1e+20	2.4151e+13	43.95	73.3857	56.3571	36.0875	86.9485	32.5701	
216000	-172308	-1201.91	-125566	-19259.6	0.413512	1	0.0939926	21.2783	7.74363	0.0159901	19.9544	0.218666	10128	98	1007	-24946.9	58.0184f	23.0173	4	1	1	0.029703	0.049505	0.039604	9.90099e-09	0	0	0	0	0.863636	0.973294	0.239367	0.529101	0.882527	0.019802	0.0594059	9.90099e-09	1	0.125	0.213505	0.666667	0.666667	1.5	0.666667	1	37876.8	1e+20	2.4151e+13	43.95	73.3857	56.3571	36.0875	58.0184	23.0173	
217000	-175893	-1201.91	-129151	-19550.1	0.413512	1	0.0975664	20.4989	8.03805	0.00601044	19.9544	0.202941	10457	98	1028	-24946.9	43.7014f	34.3764	4	1	1	0.029703	0.049505	0.039604	9.90099e-09	0	0	0	0	0.845455	0.966571	0.299522	0.572816	0.889101	0.019802	0.0594059	9.90099e-09	1	0.147368	0.184825	0.666667	0.666667	1.5	0.666667	1	37876.8	1e+20	2.4151e+13	43.95	73.3857	53.2835	27.3705	43.7014	34.3764	
218000	-174467	-1201.91	-127726	-19478.4	0.415654	1	0.0975664	20.4989	8.07971	0.00748643	19.9544	0.201894	10376	98	981	-24946.9	63.8907f	36.7236	4	1	1	0.029703	0.049505	0.009901	9.90099e-09	0	0	0	0	0.818182	0.977778	0.264479	0.460784	0.890504	0.019802	0.0594059	9.90099e-09	1	0.125241	0.199408	0.666667	0.666667	1.5	0.666667	1	37876.8	1e+20	2.4151e+13	27.497	93.8527	53.2835	27.3705	63.8907	36.7236	
219000	-178187	-1201.91	-131445	-19655.3	0.423734	1	0.0975664	20.4989	8.23676	0.0105069	19.9544	0.198045	10580	98	1126	-24946.9	72.3513f	54.7203	4	1	1	0.029703	0.049505	0.009901	9.90099e-09	0	0	0	0	0.863636	0.963103	0.264901	0.540541	0.889309	0.019802	0.0594059	9.90099e-09	1	0.114259	0.162727	0.666667	0.666667	1.5	0.666667	1	37876.8	1e+20	2.4151e+13	27.497	93.8527	53.2835	27.3705	72.3513	54.7203	
220000	-178255	-1201.91	-131513	-19718.6	0.42561	1	0.0975664	20.4989	7.87001	0.0375188	19.7067	0.207274	10654	98	1064	-24946.9	62.9784f	8.72546	4	1	1	0.029703	0.049505	0.009901	9.90099e-09	0	0	0	0	0.790909	0.960674	0.279135	0.579439	0.893996	0.019802	0.0594059	9.90099e-09	1	0.131579	0.213346	0.666667	0.666667	1.5	0.666667	1	37876.8	1e+20	2.4151e+13	27.497	93.8527	53.2835	27.3705	62.9784	8.72546	
221000	-178419	-1201.91	-131677	-19769.4	0.429926	1	0.0975664	20.4989	7.73887	0.0163114	19.5746	0.210786	10714	98	1029	-24946.9	35.0591f	26.1102	4	1	1	0.029703	0.049505	0.009901	9.90099e-09	0	0	0	0	0.845455	0.971216	0.265858	0.52381	0.876866	0.019802	0.0594059	9.90099e-09	1	0.134328	0.197252	0.666667	0.666667	1.5	0.666667	1	37876.8	1e+20	2.4151e+13	21.0191	89.9207	53.2835	27.3705	35.0591	26.1102	
222000	-179586	-1201.91	-132845	-19831.1	0.429926	1	0.0989642	20.2093	8.53568	0.0106421	19.9889	0.18841	10787	98	1066	-24946.9	36.1486f	32.1444	4	1	1	0.039604	0.049505	0.009901	9.90099e-09	0	0	0	0	0.9	0.969529	0.273909	0.560748	0.914657	0.019802	0.0792079	9.90099e-09	1	0.131603	0.19606	0.666667	0.666667	1.5	0.666667	1	37876.8	1e+20	2.4151e+13	22.3347	83.1913	53.2835	27.3705	36.1486	32.1444	
223000	-181378	-1201.91	-134636	-19954.7	0.430972	1	0.0995454	20.0913	8.60668	0.00373567	19.9889	0.185765	10934	98	1092	-24946.9	48.7393f	36.9124	4	1	1	0.039604	0.049505	0.009901	9.90099e-09	0	0	0	0	0.827273	0.968807	0.267709	0.472362	0.882998	0.019802	0.0792079	9.90099e-09	1	0.130635	0.202993	0.666667	0.666667	1.5	0.666667	1	37876.8	1e+20	2.4151e+13	22.3347	83.1913	53.2835	27.3705	48.7393	36.9124	
224000	-181643	-1201.91	-134901	-20012.2	0.448513	1	0.102213	19.567	9.19699	0.0420235	19.9889	0.169305	11004	98	1054	-24946.9	55.9911f	4.64164	4	1	1	0.039604	0.049505	0.029703	9.90099e-09	0	0	0	0	0.790909	0.959891	0.25433	0.542056	0.892434	0.009901	0.0792079	9.90099e-09	1	0.123063	0.210576	0.666667	0.666667	1.5	0.666667	1	37876.8	1e+20	2.4151e+13	7.14411	63.7989	53.2835	27.3705	55.9911	4.64164	
225000	-183540	-1201.91	-136798	-20159.8	0.449653	1	0.094474	21.1699	8.52226	0.000970224	19.9889	0.197676	11188	98	1049	-24946.9	45.7033f	46.4052	4	1	1	0.039604	0.049505	0.029703	9.90099e-09	0	0	0	0	0.872727	0.9625	0.275893	0.424528	0.896243	0.009901	0.0792079	9.90099e-09	1	0.134821	0.182336	0.666667	0.666667	1.5	0.666667	1	37876.8	1e+20	2.4151e+13	7.14411	63.7989	53.2835	27.3705	45.7033	46.4052	
226000	-183352	-1201.91	-136610	-20142.2	0.453451	1	0.0977405	20.4623	8.63091	0.00308555	19.8409	0.188664	11165	98	1058	-24946.9	42.4148f	41.1497	4	1	1	0.039604	0.049505	0.029703	9.90099e-09	0	0	0	0	0.827273	0.966011	0.222422	0.571429	0.894737	0.009901	0.0792079	9.90099e-09	1	0.121755	0.192817	0.666667	0.666667	1.5	0.666667	1	37876.8	1e+20	2.4151e+13	7.14411	63.7989	53.2835	27.3705	42.4148	41.1497	
227000	-184330	-1201.91	-137588	-20195.7	0.449881	1	0.0977405	20.4623	8.33767	0.0231899	19.7091	0.195299	11233	98	1086	-24946.9	32.2115f	21.3673	4	1	1	0.039604	0.049505	0.029703	9.90099e-09	0	0	0	0	0.890909	0.968113	0.254675	0.539823	0.887892	0.009901	0.0792079	9.90099e-09	1	0.131673	0.202002	0.666667	0.666667	1.5	0.666667	1	37876.8	1e+20	2.4151e+13	7.14411	63.7989	53.2835	27.3705	32.2115	21.3673	
228000	-183615	-1201.91	-136873	-20217.3	0.449881	1	0.0908357	22.0178	7.74866	0.00478559	19.7091	0.226119	11260	98	1002	-24946.9	64.6541f	54.1361	4	1	1	0.039604	0.049505	0.029703	9.90099e-09	0	0	0	0	0.845455	0.968917	0.279359	0.519608	0.903111	0.009901	0.0792079	9.90099e-09	1	0.124224	0.172	0.666667	0.666667	1.5	0.666667	1	37876.8	1e+20	2.4151e+13	7.14411	63.7989	53.2835	27.3705	64.6541	54.1361	
229000	-184243	-1201.91	-137501	-20263.6	0.449881	1	0.0884935	22.6005	7.73253	0.0224794	19.8279	0.232588	11318	98	997	-24946.9	41.4443f	17.8469	4	1	1	0.0792079	0.049505	0.029703	9.90099e-09	0	0	0	0	0.836364	0.971831	0.263668	0.525	0.900885	0.009901	0.108911	9.90099e-09	1	0.116197	0.211211	0.666667	0.666667	1.5	0.666667	1	37876.8	1e+20	2.4151e+13	26.3142	57.858	53.2835	27.3705	41.4443	17.8469	
230000	-186009	-1201.91	-139267	-20318.7	0.449881	1	0.0921322	21.7079	8.05048	0.0269454	19.8279	0.214579	11387	98	1092	-24946.9	15.015f	40.7336	4	1	1	0.0792079	0.049505	0.039604	9.90099e-09	0	0	0	0	0.8	0.963061	0.248246	0.486239	0.892011	0.009901	0.108911	9.90099e-09	1	0.128947	0.191095	0.666667	0.666667	1.5	0.666667	1	37876.8	1e+20	2.4151e+13	26.3142	57.858	53.2835	27.3705	15.015	40.7336	
231000	-184279	-1201.91	-137537	-20230.9	0.449881	1	0.0882836	22.6543	7.7142	0.00242506	19.8279	0.233695	11277	98	1041	-24946.9	40.0061f	50.0587	4	1	1	0.0792079	0.0693069	0.039604	9.90099e-09	0	0	0	0	0.836364	0.968833	0.251786	0.588235	0.904	0.009901	0.108911	9.90099e-09	1	0.128228	0.20365	0.666667	0.666667	1.5	0.666667	1	37876.8	1e+20	2.4151e+13	34.2456	62.1692	53.2835	27.3705	40.0061	50.0587	
232000	-183094	-1201.91	-136352	-20150.5	0.451554	1	0.0882836	22.6543	7.74288	0.0332505	19.8279	0.232829	11176	98	1020	-24946.9	40.1377f	10.66	4	1	1	0.0792079	0.0693069	0.039604	9.90099e-09	0	0	0	0	0.790909	0.959786	0.265233	0.582524	0.884409	0.009901	0.108911	9.90099e-09	1	0.121646	0.208008	0.666667	0.666667	1.5	0.666667	1	37876.8	1e+20	2.4151e+13	34.2456	62.1692	53.2835	27.3705	40.1377	10.66	
233000	-183182	-1201.91	-136440	-20191	0.451554	1	0.0882836	22.6543	7.74288	0.00707748	19.8279	0.232829	11227	98	991	-24946.9	43.7003f	32.7486	4	1	1	0.0792079	0.0693069	0.039604	9.90099e-09	0	0	0	0	0.818182	0.965364	0.254902	0.455446	0.900178	0.009901	0.108911	9.90099e-09	1	0.113191	0.19397	0.666667	0.666667	1.5	0.666667	1	37876.8	1e+20	2.4151e+13	34.2456	62.1692	53.2835	27.3705	43.7003	32.7486	
234000	-184538	-1201.91	-137796	-20312.6	0.451554	1	0.0855313	23.3832	7.5015	0.0427595	19.8279	0.248054	11380	98	975	-24946.9	46.6525f	4.02989	4	1	1	0.0792079	0.0693069	0.039604	9.90099e-09	0	0	0	0	0.890909	0.971781	0.259127	0.576531	0.907706	9.90099e-09	0.108911	9.90099e-09	1	0.112191	0.216931	0.666667	0.666667	1.5	0.666667	1	37876.8	1e+20	2.4151e+13	74.0375	31.3565	35.9124	18.6054	46.6525	4.02989	
235000	-186907	-1201.91	-140166	-20466	0.46089	1	0.0905701	22.0823	7.50435	0.0134451	19.4482	0.234165	11578	98	1013	-24946.9	72.9607f	37.9755	4	1	1	0.019802	0.0693069	0.039604	9.90099e-09	0	0	0	0	0.845455	0.973207	0.267301	0.607477	0.893414	9.90099e-09	0.0990099	9.90099e-09	1	0.116782	0.173021	0.666667	0.666667	1.5	0.666667	1	37876.8	1e+20	2.4151e+13	21.0735	56.0557	68.6592	32.5014	72.9607	37.9755	
236000	-190048	-1201.91	-143306	-20662.5	0.473117	1	0.0876513	22.8177	7.45516	0.0273245	19.4482	0.243559	11838	98	1057	-24946.9	52.0919f	13.2353	4	1	1	0.019802	0.0693069	0.019802	9.90099e-09	0	0	0	0	0.845455	0.973795	0.218274	0.561905	0.9	9.90099e-09	0.0990099	9.90099e-09	1	0.114865	0.178295	0.666667	0.666667	1.5	0.666667	1	37876.8	1e+20	2.4151e+13	21.0735	56.0557	68.6592	32.5014	52.0919	13.2353	
237000	-190210	-1201.91	-143468	-20705.9	0.473117	1	0.0848266	23.5775	7.33931	0.0426846	19.5315	0.255642	11896	98	1020	-24946.9	39.8427f	5.13091	4	1	1	0.019802	0.049505	0.019802	9.90099e-09	0	0	0	0	0.818182	0.971548	0.271657	0.466019	0.915481	9.90099e-09	0.0990099	9.90099e-09	1	0.115966	0.197059	0.666667	0.666667	1.5	0.666667	1	37876.8	1e+20	2.4151e+13	21.0735	56.0557	60.8196	32.2404	39.8427	5.13091	
238000	-188768	-1201.91	-142026	-20618	0.476319	1	0.0833143	24.0055	7.24983	0.0277065	19.5265	0.263495	11778	98	995	-24946.9	74.9936f	22.3841	4	1	1	0.019802	0.049505	0.019802	9.90099e-09	0	0	0	0	0.890909	0.963713	0.273961	0.558824	0.888041	9.90099e-09	0.0990099	9.90099e-09	1	0.114601	0.200198	0.666667	0.666667	1.5	0.666667	1	37876.8	1e+20	2.4151e+13	21.0735	56.0557	52.6523	21.9258	74.9936	22.3841	
239000	-190167	-1201.91	-143425	-20713	0.476319	1	0.0833143	24.0055	7.24983	0.000763632	19.5265	0.263495	11906	98	996	-24946.9	50.2185f	45.1019	4	1	1	0.019802	0.049505	0.019802	9.90099e-09	0	0	0	0	0.781818	0.979764	0.258606	0.489796	0.907173	9.90099e-09	0.0990099	9.90099e-09	1	0.131822	0.18345	0.666667	0.666667	1.5	0.666667	1	37876.8	1e+20	2.4151e+13	21.0735	56.0557	47.8079	34.937	50.2185	45.1019	
240000	-192496	-1201.91	-145755	-20756	0.476319	1	0.100368	19.9267	8.73382	0.00677537	19.5265	0.18156	11964	98	1164	-24946.9	39.7474f	35.3626	4	1	1	0.019802	0.049505	0.019802	9.90099e-09	0	0	0	0	0.818182	0.964824	0.231993	0.465517	0.893901	9.90099e-09	0.0990099	9.90099e-09	1	0.130435	0.214223	0.666667	0.666667	1.5	0.666667	1	37876.8	1e+20	2.4151e+13	21.0735	56.0557	47.8079	34.937	39.7474	35.3626	
241000	-192683	-1201.91	-145941	-20796.4	0.475027	1	0.0923359	21.6601	8.01308	0.00234984	19.5265	0.215105	12018	98	1128	-24946.9	48.2799f	40.0026	4	1	1	0.039604	0.049505	0.019802	9.90099e-09	0	0	0	0	0.809091	0.96589	0.272199	0.466102	0.900916	9.90099e-09	0.118812	9.90099e-09	1	0.127288	0.208297	0.666667	0.666667	1.5	0.666667	1	37876.8	1e+20	2.4151e+13	26.0515	68.5002	47.8079	34.937	48.2799	40.0026	
242000	-192100	-1201.91	-145358	-20786.7	0.47832	1	0.0923359	21.6601	8.06863	0.0128219	19.5265	0.213624	12006	98	1085	-24946.9	33.5739f	31.3396	4	1	1	0.039604	0.049505	0.039604	9.90099e-09	0	0	0	0	0.745455	0.969295	0.24376	0.464286	0.89678	9.90099e-09	0.118812	9.90099e-09	1	0.117304	0.202166	0.666667	0.666667	1.5	0.666667	1	37876.8	1e+20	2.4151e+13	72.8482	17.4488	37.651	59.6804	33.5739	31.3396	
243000	-191058	-1201.91	-144316	-20682	0.47832	1	0.0923359	21.6601	8.06863	0.00379177	19.5265	0.213624	11864	98	1120	-24946.9	38.8834f	43.2914	4	1	1	0.039604	0.049505	0.039604	9.90099e-09	0	0	0	0	0.809091	0.980672	0.245585	0.412281	0.902275	9.90099e-09	0.118812	9.90099e-09	1	0.108403	0.203953	0.666667	0.666667	1.5	0.666667	1	37876.8	1e+20	2.4151e+13	72.8482	17.4488	37.651	59.6804	38.8834	43.2914	