
# before rand glnL: -80333.992451 alnL: -1332.365962
# ninter: 99
# ncoal: 99
# nhits: 99
# true lbda: 0.001339
# true mu: 0.028577
# true rad: 54.991026
# true sigsq: 0.439785
# true neigh. size: 69.986503
# fst-based estimate of neighborhood size: -nan
# nucleotide diversity: 0.000000
# length of a generation: 624718 time units
# clock rate: 1 subst. per time unit
# after rand glnL: -80333.992451 alnL: -1332.365962
# ninter: 99
# ncoal: 99
# nhits: 99
# start lbda: 0.001339
# start mu: 0.028577
# start rad: 8.158987
sample	lnP	alnL	glnL	tlnL	lbda	clock	mu	neigh	sigsq	sigsqobs	rad	rhoe	nInt	nCoal	nHit	rootTime	rootLon	rootLat	tstv	alpha	MeanBr	accLbda	accMu	accRad	accInDelDisk	accInDelHit	accScaleTime	accSPR	accSPRlocal	accPath	accIndelDiskSerial	accIndelHitSerial	accLdskGivenDisk	accDiskGivenLdsk	accDiskAndLdsk	accLdskMulti	accDiskMulti	accMoveDiskUD	accAddRemoveJump	accLdskTipToRoot	tuneLbda	tuneRad	tuneMu	tuneIndelDisk	tuneIndelHit	tuneLdskGivenDisk	tuneIndelDiskSerial	tuneIndelHitSerial	c0	c1	rootc0	rootc1	rootldsk0	rootldsk1	
  1000	-52442.1	-1332.37	-5569.78	-1537.31	0.00284193	1	0.160735	12.4428	0.0691181	0.00580054	18.6279	14.3257	226	99	115	-74671.1	58.2651f	70.9805	4	1	1	0	0	0	0	0	0	0	0	0.972727	0.947826	0.353448	0.454545	0.481818	0	0	0	1	0.0720721	0.181818	1	1	1	1	1	1.5	7.59375	0.666667	13.3572	15.1118	65.0617	76.8776	58.2651	70.9805	
  2000	-53786.9	-1332.37	-6914.56	-2035.27	0.00327914	1	0.169734	11.7832	0.1101	0.0101894	19.9188	8.51656	313	99	123	-74671.1	79.2738f	66.5625	4	1	1	0	0	0	0	0	0	0	0	0.945455	0.880952	0.246032	0.472727	0.700855	0	0	0	1	0.148438	0.226563	1	1	1	1	1	3.375	291.929	17.0859	34.1077	2.31008	65.0617	76.8776	79.2738	66.5625	
  3000	-55128.9	-1332.37	-8256.49	-2489.99	0.00467001	1	0.157168	12.7253	0.145191	0.0161455	19.9188	6.97457	399	99	136	-74671.1	34.4028f	93.8533	4	1	1	0	0	0	0	0	0	0	0	0.963636	0.89916	0.235294	0.509434	0.75	0	0	0	1	0.1	0.189781	1	1	1	1	1	5.0625	7481.83	129.746	34.1077	2.31008	65.0617	76.8776	34.4028	93.8533	
  4000	-56172.6	-1332.37	-9300.25	-2864.94	0.00565837	1	0.158449	12.6223	0.177354	0.00300544	19.9188	5.66355	472	99	136	-74671.1	52.7659f	50.5624	4	1	1	0	0	0	0	0	0	0	0	0.990909	0.94964	0.304348	0.485437	0.755396	0	0	0	1	0.202899	0.205882	1	1	1	1	1	11.3906	647160	4987.89	34.1077	2.31008	65.0617	76.8776	52.7659	50.5624	
  5000	-57406.7	-1332.37	-10534.3	-3281.27	0.0070478	1	0.167524	11.9386	0.233555	0.0031194	19.9188	4.06776	556	99	146	-74671.1	44.2821f	52.2915	4	1	1	0.168317	0	0	0	0	0	0	0	0.945455	0.918182	0.240741	0.464286	0.768519	0	0	0	1	0.0892857	0.234483	0.666667	1	1	1	1	17.0859	1.88925e+08	56815.1	34.1077	2.31008	56.1035	61.0012	44.2821	52.2915	
  6000	-57638.9	-1332.37	-10766.5	-3373.23	0.00765863	1	0.145336	13.7612	0.222856	0.00555884	19.9789	4.91385	575	99	143	-74671.1	58.4438f	69.9108	4	1	1	0.168317	0.178218	0	0	0	0	0	0	0.963636	0.820513	0.218487	0.491071	0.830508	0	0.158416	0	1	0.118644	0.217687	0.666667	1	0.666667	1	1	38.4434	5.51527e+10	127834	15.9506	23.1342	56.2472	86.9233	58.4438	69.9108	
  7000	-58714	-1332.37	-11841.7	-3719.3	0.00859116	1	0.172093	11.6216	0.286969	0.0139084	19.8245	3.22272	647	99	148	-74671.1	62.3284f	90.5954	4	1	1	0.168317	0.178218	0.0693069	0	0	0	0	0	0.936364	0.914063	0.15625	0.477876	0.773438	0	0.158416	0	1	0.0866142	0.155405	0.666667	0.666667	0.666667	1	1	129.746	5.43398e+13	37876.8	34.1077	2.31008	56.2472	86.9233	62.3284	90.5954	
  8000	-60522.1	-1332.37	-13649.8	-4320.02	0.0101257	1	0.167091	11.9695	0.328395	0.0108572	19.8245	2.90049	776	99	150	-74671.1	58.8771f	85.288	4	1	1	0.168317	0.178218	0.0693069	0	0	0	0	0	0.945455	0.928105	0.256579	0.570175	0.820513	0	0.158416	0.118812	1	0.142857	0.231788	0.666667	0.666667	0.666667	1	1	291.929	5.35389e+16	287627	34.1077	2.31008	56.2472	86.9233	58.8771	85.288	
  9000	-62616.8	-1332.37	-15744.4	-4877.6	0.0114957	1	0.19316	10.3541	0.430996	0.00417368	19.8245	1.91174	900	99	183	-74671.1	38.4654f	59.9327	4	1	1	0.168317	0.178218	0.0693069	0	0	0	0	0	0.927273	0.949721	0.275281	0.440367	0.769663	0	0.158416	0.118812	1	0.101124	0.207865	0.666667	0.666667	0.666667	1	1	985.261	1e+20	1.6586e+07	19.0548	12.2875	56.2472	86.9233	38.4654	59.9327	
 10000	-63350.9	-1332.37	-16478.5	-5053.13	0.0121241	1	0.188587	10.6052	0.443792	0.011534	19.8245	1.90164	940	99	201	-74671.1	51.4241f	87.9379	4	1	1	0.168317	0.178218	0.0693069	0	0	0	0	0	0.918182	0.930108	0.281915	0.453782	0.736264	0.029703	0.158416	0.118812	1	0.111702	0.194872	0.666667	0.666667	0.666667	1	1	2216.84	1e+20	6.37622e+08	19.0548	12.2875	56.2472	86.9233	51.4241	87.9379	
 11000	-63969.6	-1332.37	-17097.2	-5264.93	0.0121241	1	0.188587	10.6052	0.436684	0.00787289	19.7446	1.9326	988	99	199	-74671.1	65.4739f	74.241	4	1	1	0.168317	0.178218	0.0693069	0.019802	0	0	0	0	0.909091	0.927835	0.218274	0.541667	0.795812	0.029703	0.158416	0.118812	1	0.20202	0.192661	0.666667	0.666667	0.666667	1	1	2216.84	1e+20	6.37622e+08	11.0447	57.7322	56.2472	86.9233	65.4739	74.241	
 12000	-64788.8	-1332.37	-17916.4	-5478.64	0.0129842	1	0.197824	10.11	0.49057	0.0229643	19.7446	1.63998	1038	99	212	-74671.1	91.445f	87.4442	4	1	1	0.128713	0.178218	0.0693069	0.019802	0	0	0	0	0.881818	0.923077	0.219048	0.553719	0.75	0.029703	0.158416	0.118812	1	0.134615	0.233184	0.666667	0.666667	0.666667	1	1	2216.84	1e+20	6.37622e+08	11.0447	57.7322	56.2472	86.9233	91.445	87.4442	
 13000	-65220.4	-1332.37	-18348	-5781.72	0.014771	1	0.167404	11.9471	0.445837	0.00961768	19.4625	2.13244	1110	99	165	-74671.1	70.5863f	75.8304	4	1	1	0.128713	0.306931	0.0693069	0.019802	0	0	0	0	0.872727	0.945946	0.214286	0.517544	0.833333	0.029703	0.158416	0.118812	1	0.116071	0.1875	0.666667	0.666667	0.666667	1	1	2216.84	1e+20	6.37622e+08	11.0447	57.7322	56.2472	86.9233	70.5863	75.8304	
 14000	-66980.3	-1332.37	-20108	-6202.52	0.0159192	1	0.159413	12.546	0.487542	0.0120074	19.7737	2.04779	1211	99	202	-74671.1	62.412f	86.6787	4	1	1	0.128713	0.306931	0.039604	0.019802	0	0	0	0	0.936364	0.983333	0.216667	0.470085	0.816667	0.029703	0.158416	9.90099e-09	1	0.116667	0.190722	0.666667	0.666667	0.666667	1	1	2216.84	1e+20	6.37622e+08	11.0447	57.7322	56.2472	86.9233	62.412	86.6787	
 15000	-68238.3	-1332.37	-21366	-6632.46	0.0167182	1	0.148662	13.4533	0.477482	0.00374262	19.7737	2.24213	1316	99	185	-74671.1	42.6359f	60.648	4	1	1	0.128713	0.306931	0.039604	0.019802	0	0	0	0	0.927273	0.923664	0.189394	0.571429	0.870229	0.029703	0.158416	9.90099e-09	1	0.136364	0.190476	0.666667	0.666667	0.666667	1	1	2216.84	1e+20	6.37622e+08	11.0447	57.7322	56.2472	86.9233	42.6359	60.648	
 16000	-68809.6	-1332.37	-21937.2	-6671.46	0.0172975	1	0.159311	12.5541	0.529412	0.0221056	19.7737	1.88704	1326	99	222	-74671.1	24.5583f	99.3887	4	1	1	0.128713	0.306931	0.039604	0.019802	0	0	0	0	0.890909	0.962121	0.363636	0.514286	0.838462	0.029703	0.158416	9.90099e-09	1	0.0977444	0.208531	0.666667	0.666667	0.666667	1	1	2216.84	1e+20	6.37622e+08	11.0447	57.7322	56.2472	86.9233	24.5583	99.3887	
 17000	-69903.2	-1332.37	-23030.8	-7047.87	0.0182433	1	0.151231	13.2248	0.53778	0.0121346	19.8455	1.95693	1420	99	207	-74671.1	64.945f	85.9183	4	1	1	0.128713	0.306931	0.039604	0.019802	0	0	0	0	0.9	0.957746	0.274648	0.54386	0.830986	0.029703	0.158416	9.90099e-09	1	0.112676	0.167442	0.666667	0.666667	0.666667	1	1	2216.84	1e+20	6.37622e+08	11.0447	57.7322	56.2472	86.9233	64.945	85.9183	
 18000	-72962.9	-1332.37	-26090.6	-7870.27	0.0206578	1	0.16234	12.3198	0.653687	0.0213879	19.8455	1.49977	1631	99	235	-74671.1	98.807f	70.6385	4	1	1	0.168317	0.306931	0.039604	0.019802	0	0	0	0	0.954545	0.932515	0.152439	0.516949	0.840764	0.029703	0.0792079	9.90099e-09	1	0.158537	0.213389	0.666667	0.666667	0.666667	1	1	2216.84	1e+20	6.37622e+08	11.0447	57.7322	65.5667	87.1458	98.807	70.6385	
 19000	-73649.2	-1332.37	-26776.8	-8039.3	0.0226307	1	0.17392	11.4995	0.752776	0.0173204	19.7516	1.21564	1676	99	245	-74671.1	29.1353f	93.696	4	1	1	0.168317	0.306931	0.039604	0.019802	0	0	0	0	0.890909	0.957576	0.238095	0.464	0.866667	0.029703	0.0792079	9.90099e-09	1	0.159763	0.176	0.666667	0.666667	0.666667	1	1	2216.84	1e+20	6.37622e+08	11.0447	57.7322	65.5667	87.1458	29.1353	93.696	
 20000	-74780.9	-1332.37	-27908.5	-8383.39	0.0228482	1	0.159787	12.5166	0.723297	0.00415631	19.9264	1.37709	1767	99	241	-74671.1	56.0146f	64.109	4	1	1	0.168317	0.19802	0.019802	0.019802	0	0	0	0	0.890909	0.960674	0.297753	0.508333	0.88764	0.029703	0.0792079	9.90099e-09	1	0.113636	0.145228	0.666667	0.666667	0.666667	1	1	2216.84	1e+20	6.37622e+08	11.0447	57.7322	65.5667	87.1458	56.0146	64.109	
 21000	-75587.2	-1332.37	-28714.8	-8573.07	0.0237532	1	0.16228	12.3244	0.763674	0.00733686	19.9264	1.28424	1818	99	252	-74671.1	42.9529f	76.8988	4	1	1	0.168317	0.19802	0.019802	0.019802	0	0	0	0	0.881818	0.961538	0.20765	0.5	0.870787	0.029703	0.0792079	9.90099e-09	1	0.126374	0.195122	0.666667	0.666667	0.666667	1	1	2216.84	1e+20	6.37622e+08	11.0447	57.7322	65.5667	87.1458	42.9529	76.8988	
 22000	-75986.8	-1332.37	-29114.4	-8718.93	0.0237532	1	0.166279	12.028	0.718287	0.0124616	19.5044	1.33256	1857	99	244	-74671.1	38.9873f	88.3199	4	1	1	0.168317	0.19802	0.019802	0.019802	0	0	0	0	0.881818	0.946524	0.27027	0.525	0.833333	0.029703	0.0792079	9.90099e-09	1	0.102703	0.188525	0.666667	0.666667	0.666667	1	1	2216.84	1e+20	6.37622e+08	7.47787	47.266	65.5667	87.1458	38.9873	88.3199	
 23000	-75951.3	-1332.37	-29078.9	-8672.68	0.0248955	1	0.16769	11.9268	0.75922	0.0209719	19.5044	1.2501	1845	99	254	-74671.1	96.4488f	74.6372	4	1	1	0.168317	0.19802	0.019802	9.90099e-09	0	0	0	0	0.863636	0.961957	0.256831	0.52459	0.87027	0.009901	0.0792079	9.90099e-09	1	0.152174	0.200787	0.666667	0.666667	0.666667	1	1	2216.84	1e+20	6.37622e+08	7.47787	47.266	81.0783	80.1756	96.4488	74.6372	
 24000	-79838.8	-1332.37	-32966.4	-9710.32	0.0279806	1	0.165056	12.1171	0.839901	0.0161671	19.5044	1.14805	2131	99	274	-74671.1	78.9588f	85.5866	4	1	1	0.148515	0.19802	0.019802	9.90099e-09	0	0	0	0	0.918182	0.96729	0.205607	0.504587	0.806604	0.009901	0.168317	9.90099e-09	1	0.113744	0.183824	0.666667	0.666667	0.666667	1	1	2216.84	1e+20	6.37622e+08	7.47787	47.266	81.0783	80.1756	78.9588	85.5866	
 25000	-79553.4	-1332.37	-32681	-9628.06	0.0279806	1	0.167035	11.9736	0.906764	0.00435001	19.8223	1.0508	2108	99	270	-74671.1	38.1881f	61.1251	4	1	1	0.148515	0.19802	0.019802	9.90099e-09	0	0	0	0	0.872727	0.976526	0.306604	0.424779	0.864734	0.009901	0.168317	9.90099e-09	1	0.14218	0.206767	0.666667	0.666667	0.666667	1	1	2216.84	1e+20	6.37622e+08	7.47787	47.266	81.0783	80.1756	38.1881	61.1251	
 26000	-80884.7	-1332.37	-34012.3	-10017.6	0.029858	1	0.144152	13.8743	0.842419	0.0120216	19.866	1.31061	2218	99	266	-74671.1	50.3852f	88.9753	4	1	1	0.148515	0.19802	0.019802	9.90099e-09	0	0	0	0	0.872727	0.955157	0.310811	0.452174	0.905405	0.009901	0.168317	9.90099e-09	1	0.134529	0.183521	0.666667	0.666667	0.666667	1	1	2216.84	1e+20	6.37622e+08	7.47787	47.266	81.0783	80.1756	50.3852	88.9753	
 27000	-81558.9	-1332.37	-34686.5	-10238.3	0.0308114	1	0.137907	14.5025	0.78246	0.0230491	19.5654	1.47493	2281	99	257	-74671.1	98.234f	77.5574	4	1	1	0.148515	0.267327	0.0693069	9.90099e-09	0	0	0	0	0.909091	0.960699	0.269565	0.601852	0.857759	0.009901	0.168317	9.90099e-09	1	0.108696	0.162264	0.666667	0.666667	0.666667	1	1	2216.84	1e+20	6.37622e+08	7.47787	47.266	81.0783	80.1756	98.234	77.5574	
 28000	-82362	-1332.37	-35489.6	-10388.4	0.0304126	1	0.172593	11.588	0.966588	0.0287057	19.5654	0.954017	2324	99	280	-74671.1	96.6611f	92.6446	4	1	1	0.148515	0.267327	0.0693069	9.90099e-09	0	0	0	0	0.909091	0.948498	0.181034	0.555556	0.858369	0.009901	0.168317	9.90099e-09	1	0.12069	0.213768	0.666667	0.666667	0.666667	1	1	2216.84	1e+20	6.37622e+08	7.47787	47.266	81.0783	80.1756	96.6611	92.6446	
 29000	-83404.3	-1332.37	-36532	-10618	0.0333736	1	0.171582	11.6562	1.05448	0.0109994	19.5654	0.879645	2390	99	295	-74671.1	80.9948f	67.1098	4	1	1	0.148515	0.267327	0.0693069	9.90099e-09	0	0	0	0	0.872727	0.946058	0.242678	0.523077	0.846473	0.009901	0.168317	9.90099e-09	1	0.108787	0.189831	0.666667	0.666667	0.666667	1	1	2216.84	1e+20	6.37622e+08	18.1302	54.8538	81.0783	80.1756	80.9948	67.1098	
 30000	-82828.7	-1332.37	-35956.3	-10446.9	0.0309539	1	0.171582	11.6562	1.05503	0.00423784	19.9396	0.879193	2341	99	299	-74671.1	56.5135f	64.3402	4	1	1	0.118812	0.267327	0.0693069	9.90099e-09	0	0	0	0	0.809091	0.95279	0.270386	0.504065	0.84188	0.009901	0.148515	9.90099e-09	1	0.13617	0.197324	0.666667	0.666667	0.666667	1	1	2216.84	1e+20	6.37622e+08	18.1302	54.8538	81.0783	80.1756	56.5135	64.3402	
 31000	-84274.8	-1332.37	-37402.4	-10780.9	0.0321676	1	0.171128	11.6872	1.06072	0.0230245	19.7885	0.876792	2438	99	317	-74671.1	82.0521f	96.3175	4	1	1	0.118812	0.267327	0.0693069	9.90099e-09	0	0	0	0	0.890909	0.967213	0.270492	0.58871	0.881148	0.009901	0.148515	9.90099e-09	1	0.139918	0.192926	0.666667	0.666667	0.666667	1	1	2216.84	1e+20	6.37622e+08	18.1302	54.8538	81.0783	80.1756	82.0521	96.3175	
 32000	-86206.9	-1332.37	-39334.5	-11185.2	0.0347398	1	0.165885	12.0566	1.11044	0.00756516	19.7885	0.864008	2557	99	360	-74671.1	75.8631f	49.5046	4	1	1	0.118812	0.267327	0.0693069	9.90099e-09	0	0	0	0	0.918182	0.941634	0.273438	0.485294	0.859922	0.009901	0.148515	9.90099e-09	1	0.120623	0.200542	0.666667	0.666667	0.666667	1	1	2216.84	1e+20	6.37622e+08	18.1302	54.8538	81.0783	80.1756	75.8631	49.5046	
 33000	-85802.2	-1332.37	-38929.8	-11198.8	0.0337392	1	0.158324	12.6323	1.0293	0.0188735	19.7885	0.976632	2561	99	314	-74671.1	96.6627f	65.2923	4	1	1	0.118812	0.188119	0.019802	9.90099e-09	0	0	0	0	0.890909	0.953488	0.253906	0.596774	0.882813	0.009901	0.148515	9.90099e-09	1	0.163424	0.224422	0.666667	0.666667	0.666667	1	1	2216.84	1e+20	6.37622e+08	18.1302	54.8538	81.0783	80.1756	96.6627	65.2923	
 34000	-86160.8	-1332.37	-39288.5	-11271.4	0.0331816	1	0.161775	12.3628	1.03436	0.0272999	19.7885	0.951124	2582	99	322	-74671.1	92.1855f	94.9326	4	1	1	0.118812	0.188119	0.019802	9.90099e-09	0	0	0	0	0.936364	0.964981	0.273077	0.543689	0.883268	0.009901	0.148515	9.90099e-09	1	0.177606	0.203226	0.666667	0.666667	0.666667	1	1	2216.84	1e+20	6.37622e+08	18.1302	54.8538	81.0783	80.1756	92.1855	94.9326	
 35000	-88071.9	-1332.37	-41199.5	-11675.6	0.0348122	1	0.177614	11.2604	1.19144	0.0105437	19.7885	0.752091	2703	99	359	-74671.1	81.7696f	41.7627	4	1	1	0.118812	0.188119	0.019802	9.90099e-09	0	0	0	0	0.872727	0.974359	0.185185	0.542857	0.845018	9.90099e-09	0.148515	9.90099e-09	1	0.114391	0.18663	0.666667	0.666667	0.666667	1	1	2216.84	1e+20	6.37622e+08	2.70074	65.7845	81.0783	80.1756	81.7696	41.7627	
 36000	-89274.2	-1332.37	-42401.8	-11911.9	0.0377663	1	0.195583	10.2258	1.4233	0.00308015	19.7885	0.571731	2775	99	384	-74671.1	53.7777f	54.6354	4	1	1	0.138614	0.188119	0.019802	0.009901	0	0	0	0	0.827273	0.934783	0.247273	0.495727	0.842294	9.90099e-09	0.108911	9.90099e-09	1	0.0755396	0.174564	0.666667	0.666667	0.666667	1	1	2216.84	1e+20	6.37622e+08	2.70074	65.7845	73.3812	52.0617	53.7777	54.6354	
 37000	-88600.7	-1332.37	-41728.4	-11780.8	0.0377663	1	0.185752	10.7671	1.35176	0.0096394	19.7885	0.633853	2735	99	375	-74671.1	73.8239f	31.6472	4	1	1	0.138614	0.188119	0.019802	0.009901	0	0	0	0	0.9	0.90942	0.33935	0.548673	0.852518	9.90099e-09	0.108911	9.90099e-09	1	0.153285	0.214286	0.666667	0.666667	0.666667	1	1	2216.84	1e+20	6.37622e+08	2.70074	65.7845	73.3812	52.0617	73.8239	31.6472	
 38000	-89385	-1332.37	-42512.6	-12115	0.0377663	1	0.185752	10.7671	1.11951	0.0171191	18.8775	0.765351	2837	99	328	-74671.1	90.7443f	72.9238	4	1	1	0.138614	0.188119	0.019802	0.009901	0	0	0	0	0.872727	0.933333	0.219081	0.537736	0.843206	9.90099e-09	0.108911	9.90099e-09	1	0.112281	0.172308	0.666667	0.666667	0.666667	1	1	2216.84	1e+20	6.37622e+08	2.70074	65.7845	73.3812	52.0617	90.7443	72.9238	
 39000	-88990	-1332.37	-42117.7	-11987.2	0.0373973	1	0.175645	11.3866	1.05734	0.0104088	18.9183	0.856982	2798	99	341	-74671.1	80.7886f	39.9075	4	1	1	0.138614	0.168317	0.019802	0.009901	0	0	0	0	0.890909	0.95	0.323843	0.455446	0.882979	9.90099e-09	0.108911	9.90099e-09	1	0.14539	0.171429	0.666667	0.666667	0.666667	1	1	2216.84	1e+20	6.37622e+08	2.70074	65.7845	73.3812	52.0617	80.7886	39.9075	
 40000	-90099.8	-1332.37	-43227.5	-12242.9	0.039312	1	0.170893	11.7032	1.17566	0.0131476	19.3177	0.792166	2876	99	351	-74671.1	77.3105f	79.7399	4	1	1	0.138614	0.168317	0.019802	0.009901	0	0	0	0	0.909091	0.941379	0.237931	0.504762	0.872414	9.90099e-09	0.108911	9.90099e-09	1	0.180556	0.167647	0.666667	0.666667	0.666667	1	1	2216.84	1e+20	6.37622e+08	2.70074	65.7845	73.3812	52.0617	77.3105	79.7399	
 41000	-91681.7	-1332.37	-44809.4	-12595.5	0.0405391	1	0.165146	12.1105	1.22272	0.0218749	19.5251	0.788179	2985	99	369	-74671.1	96.2124f	26.3605	4	1	1	0.138614	0.168317	0.0594059	0.009901	0	0	0	0	0.809091	0.946667	0.246667	0.553398	0.86	9.90099e-09	0.108911	9.90099e-09	1	0.12	0.186992	0.666667	0.666667	0.666667	1	1	2216.84	1e+20	6.37622e+08	2.70074	65.7845	73.3812	52.0617	96.2124	26.3605	
 42000	-92088.8	-1332.37	-45216.5	-12791	0.0405391	1	0.152217	13.1392	1.17893	0.015779	19.7463	0.886888	3046	99	332	-74671.1	81.5714f	82.1559	4	1	1	0.138614	0.168317	0.0594059	0.009901	0	0	0	0	0.9	0.947883	0.271242	0.522523	0.852941	9.90099e-09	0.0693069	9.90099e-09	1	0.121311	0.183735	0.666667	0.666667	0.666667	1	1	2216.84	1e+20	6.37622e+08	2.70074	65.7845	73.3812	52.0617	81.5714	82.1559	
 43000	-92267.7	-1332.37	-45395.4	-12691.6	0.0404107	1	0.173455	11.5304	1.33917	0.0165778	19.7463	0.685168	3015	99	387	-74671.1	92.8787f	39.0135	4	1	1	0.0792079	0.168317	0.0594059	0.009901	0	0	0	0	0.872727	0.953947	0.243421	0.5	0.861842	9.90099e-09	0.0693069	9.90099e-09	1	0.15894	0.153652	0.666667	0.666667	0.666667	1	1	2216.84	1e+20	6.37622e+08	2.70074	65.7845	73.3812	52.0617	92.8787	39.0135	
 44000	-93038	-1332.37	-46165.6	-12877.2	0.041157	1	0.177788	11.2494	1.28028	0.00480147	19.3169	0.699217	3073	99	392	-74671.1	65.3851f	46.3568	4	1	1	0.0792079	0.168317	0.0594059	0.009901	0	0	0	0	0.790909	0.964052	0.256579	0.60177	0.854305	9.90099e-09	0.0693069	9.90099e-09	1	0.0986842	0.21447	0.666667	0.666667	0.666667	1	1	2216.84	1e+20	6.37622e+08	2.70074	65.7845	73.3812	52.0617	65.3851	46.3568	
 45000	-92009.2	-1332.37	-45136.9	-12704.5	0.0403816	1	0.184228	10.8561	1.28401	0.0137708	19.2511	0.672819	3019	99	365	-74671.1	77.8779f	80.8297	4	1	1	0.0792079	0.168317	0.0594059	0.009901	0	0	0	0	0.836364	0.947368	0.249169	0.553571	0.847176	9.90099e-09	0.0693069	9.90099e-09	1	0.152318	0.176152	0.666667	0.666667	0.666667	1	1	2216.84	1e+20	6.37622e+08	2.70074	65.7845	73.3812	52.0617	77.8779	80.8297	
 46000	-92908.4	-1332.37	-46036	-12870.9	0.0412624	1	0.178779	11.187	1.27321	0.0129091	19.2511	0.699204	3071	99	379	-74671.1	87.385f	60.4054	4	1	1	0.0792079	0.158416	0.0594059	0.009901	0	0	0	0	0.909091	0.937908	0.266234	0.46789	0.857616	9.90099e-09	0.0693069	9.90099e-09	1	0.165584	0.194444	0.666667	0.666667	0.666667	1	1	2216.84	1e+20	6.37622e+08	2.70074	65.7845	73.3812	52.0617	87.385	60.4054	
 47000	-91664.8	-1332.37	-44792.4	-12564.1	0.0387574	1	0.178779	11.187	1.3194	0.0149067	19.7298	0.674728	2975	99	374	-74671.1	91.7738f	48.0517	4	1	1	0.0792079	0.158416	0.0594059	9.90099e-09	0	0	0	0	0.845455	0.965986	0.301003	0.530973	0.842282	9.90099e-09	0.0693069	9.90099e-09	1	0.118644	0.184492	0.666667	0.666667	0.666667	1	1	2216.84	1e+20	6.37622e+08	2.70074	65.7845	73.3812	52.0617	91.7738	48.0517	
 48000	-91312.5	-1332.37	-44440.1	-12579.1	0.0399497	1	0.168084	11.8988	1.23428	0.0183711	19.5565	0.76715	2980	99	342	-74671.1	97.6874f	51.1147	4	1	1	0.158416	0.158416	0.0594059	9.90099e-09	0	0	0	0	0.872727	0.950166	0.180602	0.550459	0.84	9.90099e-09	0.0693069	9.90099e-09	1	0.113712	0.171745	0.666667	0.666667	0.666667	1	1	2216.84	1e+20	6.37622e+08	7.18011	81.9028	73.3812	52.0617	97.6874	51.1147	
 49000	-92126	-1332.37	-45253.6	-12660.6	0.0391927	1	0.18138	11.0265	1.30667	0.00386823	19.5565	0.671525	3005	99	385	-74671.1	57.59f	43.2844	4	1	1	0.158416	0.158416	0.0594059	9.90099e-09	0	0	0	0	0.9	0.956954	0.196013	0.555556	0.843137	9.90099e-09	0.0693069	9.90099e-09	1	0.112583	0.202597	0.666667	0.666667	0.666667	1	1	2216.84	1e+20	6.37622e+08	7.18011	81.9028	63.156	45.4067	57.59	43.2844	
 50000	-90833.3	-1332.37	-43961	-12297.8	0.0391927	1	0.193677	10.3265	1.35418	0.00877175	19.4109	0.606829	2893	99	396	-74671.1	64.5562f	26.5985	4	1	1	0.158416	0.158416	0.0594059	9.90099e-09	0	0	0	0	0.890909	0.934028	0.270833	0.449153	0.871528	9.90099e-09	0.0693069	9.90099e-09	1	0.175862	0.164491	0.666667	0.666667	0.666667	1	1	2216.84	1e+20	6.37622e+08	87.5636	89.0341	63.156	45.4067	64.5562	26.5985	
 51000	-92148.9	-1332.37	-45276.5	-12686.5	0.0391586	1	0.179466	11.1442	1.25372	0.00518377	19.4109	0.707352	3013	99	380	-74671.1	46.0098f	34.1254	4	1	1	0.158416	0.158416	0.0594059	9.90099e-09	0	0	0	0	0.881818	0.973154	0.285714	0.529915	0.85034	9.90099e-09	0.0693069	9.90099e-09	1	0.129139	0.195122	0.666667	0.666667	0.666667	1	1	2216.84	1e+20	6.37622e+08	7.18011	81.9028	63.156	45.4067	46.0098	34.1254	
 52000	-92241	-1332.37	-45368.6	-12537.4	0.0392739	1	0.205181	9.74751	1.49754	0.00653152	19.6102	0.517973	2967	99	437	-74671.1	26.6162f	54.8046	4	1	1	0.158416	0.158416	0.0594059	9.90099e-09	0	0	0	0	0.827273	0.939394	0.252525	0.556391	0.841216	9.90099e-09	0.0693069	9.90099e-09	1	0.0942761	0.18894	0.666667	0.666667	0.666667	1	1	2216.84	1e+20	6.37622e+08	7.18011	81.9028	63.156	45.4067	26.6162	54.8046	
 53000	-92922.7	-1332.37	-46050.3	-12807.6	0.0416874	1	0.201883	9.90675	1.56401	0.0061285	19.6102	0.504059	3051	99	408	-74671.1	28.9142f	45.2199	4	1	1	0.158416	0.168317	0.0693069	9.90099e-09	0	0	0	0	0.9	0.947541	0.264706	0.578512	0.859477	9.90099e-09	0.0693069	9.90099e-09	1	0.147059	0.162291	0.666667	0.666667	0.666667	1	1	2216.84	1e+20	6.37622e+08	7.18011	81.9028	63.156	45.4067	28.9142	45.2199	
 54000	-94308.4	-1332.37	-47436	-13156.7	0.0421806	1	0.177228	11.2849	1.38926	0.0146926	19.6102	0.646405	3161	99	410	-74671.1	79.9778f	23.1621	4	1	1	0.158416	0.168317	0.0693069	9.90099e-09	0	0	0	0	0.827273	0.946372	0.29653	0.487603	0.851735	9.90099e-09	0.049505	9.90099e-09	1	0.154574	0.182927	0.666667	0.666667	0.666667	1	1	2216.84	1e+20	6.37622e+08	7.18011	81.9028	63.156	45.4067	79.9778	23.1621	
 55000	-96200.2	-1332.37	-49327.8	-13602.8	0.0437915	1	0.188797	10.5934	1.51994	0.0119958	19.5573	0.554626	3303	99	421	-74671.1	85.3302f	43.0164	4	1	1	0.0594059	0.168317	0.0693069	9.90099e-09	0	0	0	0	0.827273	0.933131	0.227273	0.445313	0.836858	9.90099e-09	0.049505	9.90099e-09	1	0.154079	0.167883	0.666667	0.666667	0.666667	1	1	2216.84	1e+20	6.37622e+08	7.18011	81.9028	63.156	45.4067	85.3302	43.0164	
 56000	-94988.3	-1332.37	-48116	-13346.3	0.0437915	1	0.184711	10.8277	1.48705	0.00731202	19.5573	0.579433	3221	99	407	-74671.1	63.0292f	73.9573	4	1	1	0.0594059	0.168317	0.0693069	9.90099e-09	0	0	0	0	0.836364	0.938462	0.229814	0.52459	0.835913	9.90099e-09	0.049505	9.90099e-09	1	0.145511	0.176904	0.666667	0.666667	0.666667	1	1	2216.84	1e+20	6.37622e+08	7.18011	81.9028	63.156	45.4067	63.0292	73.9573	
 57000	-96104.6	-1332.37	-49232.2	-13718.5	0.0437915	1	0.169981	11.766	1.36846	0.00486905	19.5573	0.684204	3340	99	372	-74671.1	51.3778f	35.1705	4	1	1	0.0594059	0.168317	0.0693069	9.90099e-09	0	0	0	0	0.845455	0.937685	0.269461	0.552846	0.861862	9.90099e-09	0.049505	9.90099e-09	1	0.109792	0.191436	0.666667	0.666667	0.666667	1	1	2216.84	1e+20	6.37622e+08	7.18011	81.9028	63.156	45.4067	51.3778	35.1705	
 58000	-98853.2	-1332.37	-51980.9	-14154	0.045466	1	0.189412	10.559	1.4659	0.00813022	19.1845	0.573201	3481	99	465	-74671.1	76.99f	46.5615	4	1	1	0.0594059	0.168317	0.0693069	9.90099e-09	0	0	0	0	0.845455	0.965616	0.238506	0.459259	0.876791	9.90099e-09	0.049505	9.90099e-09	1	0.137536	0.158482	0.666667	0.666667	0.666667	1	1	2216.84	1e+20	6.37622e+08	7.92719	67.2099	63.156	45.4067	76.99	46.5615	
 59000	-99624.8	-1332.37	-52752.5	-14457.6	0.0453145	1	0.178307	11.2166	1.37536	0.00615227	19.1845	0.648986	3579	99	419	-74671.1	70.0517f	60.281	4	1	1	0.0594059	0.168317	0.0693069	9.90099e-09	0	0	0	0	0.872727	0.957983	0.25	0.522388	0.857542	9.90099e-09	0.049505	9.90099e-09	1	0.117978	0.159251	0.666667	0.666667	0.666667	1	1	2216.84	1e+20	6.37622e+08	7.92719	67.2099	63.156	45.4067	70.0517	60.281	
 60000	-99768.1	-1332.37	-52895.7	-14537.1	0.0480213	1	0.162332	12.3204	1.32344	0.00441322	19.1719	0.740818	3607	99	401	-74671.1	51.6535f	37.3481	4	1	1	0.0594059	0.287129	0.019802	9.90099e-09	0	0	0	0	0.763636	0.966942	0.232044	0.464	0.853994	9.90099e-09	0.138614	9.90099e-09	1	0.121547	0.139651	0.666667	0.666667	0.666667	1	1	2216.84	1e+20	6.37622e+08	9.74417	23.4602	63.156	45.4067	51.6535	37.3481	
 61000	-98345.8	-1332.37	-51473.4	-14202.2	0.0463251	1	0.171908	11.6341	1.35201	0.00494604	19.1719	0.684769	3497	99	401	-74671.1	32.2968f	52.3405	4	1	1	0.0594059	0.287129	0.019802	9.90099e-09	0	0	0	0	0.845455	0.954674	0.216524	0.504065	0.869318	0.019802	0.138614	9.90099e-09	1	0.12	0.160401	0.666667	0.666667	0.666667	1	1	2216.84	1e+20	6.37622e+08	11.248	52.231	63.156	45.4067	32.2968	52.3405	
 62000	-98349.7	-1332.37	-51477.4	-14205.2	0.0463251	1	0.173603	11.5206	1.43473	0.0101222	19.411	0.638987	3498	99	399	-74671.1	52.1822f	19.4354	4	1	1	0.0594059	0.287129	0.019802	9.90099e-09	0	0	0	0	0.845455	0.957507	0.225071	0.508772	0.922857	0.019802	0.138614	9.90099e-09	1	0.13881	0.191436	0.666667	0.666667	0.666667	1	1	2216.84	1e+20	6.37622e+08	11.248	52.231	63.156	45.4067	52.1822	19.4354	
 63000	-98924.2	-1332.37	-52051.8	-14294.3	0.0463251	1	0.177808	11.2481	1.52348	0.00294583	19.5869	0.587534	3527	99	409	-74671.1	50.4054f	50.5162	4	1	1	0.0594059	0.287129	0.019802	9.90099e-09	0	0	0	0	0.9	0.963277	0.269122	0.512195	0.880682	0.019802	0.138614	9.90099e-09	1	0.116147	0.179551	0.666667	0.666667	0.666667	1	1	2216.84	1e+20	6.37622e+08	11.248	52.231	57.0054	59.3551	50.4054	50.5162	
 64000	-102024	-1332.37	-55151.5	-15021.7	0.0497596	1	0.165348	12.0957	1.43517	0.00460232	19.3021	0.670685	3768	99	429	-74671.1	60.9947f	41.0678	4	1	1	0.0594059	0.287129	0.019802	9.90099e-09	0	0	0	0	0.863636	0.949333	0.237968	0.475806	0.854111	0.019802	0.138614	9.90099e-09	1	0.116711	0.191489	0.666667	0.666667	0.666667	1	1	2216.84	1e+20	6.37622e+08	11.248	52.231	57.0054	59.3551	60.9947	41.0678	
 65000	-100850	-1332.37	-53977.7	-14745.6	0.0496677	1	0.160653	12.4492	1.39185	0.00856786	19.3021	0.711771	3676	99	422	-74671.1	73.5595f	35.6322	4	1	1	0.0594059	0.188119	0.019802	9.90099e-09	0	0	0	0	0.836364	0.934605	0.254743	0.55303	0.873315	0.019802	0.138614	9.90099e-09	1	0.124661	0.206977	0.666667	0.666667	0.666667	1	1	2216.84	1e+20	6.37622e+08	11.248	52.231	57.0054	59.3551	73.5595	35.6322	
 66000	-105244	-1332.37	-58371.6	-15717.2	0.0549234	1	0.167426	11.9456	1.68883	0.00902455	19.5523	0.562875	4003	99	460	-74671.1	28.3692f	30.7407	4	1	1	0.0693069	0.188119	0.019802	9.90099e-09	0	0	0	0	0.8	0.935	0.24812	0.459854	0.874687	0.019802	0.138614	9.90099e-09	1	0.16792	0.222958	0.666667	0.666667	0.666667	1	1	2216.84	1e+20	6.37622e+08	11.248	52.231	20.5172	42.6814	28.3692	30.7407	
 67000	-108062	-1332.37	-61190	-16385.2	0.054676	1	0.161969	12.3481	1.62641	0.0146875	19.5523	0.604169	4233	99	455	-74671.1	19.2661f	23.2743	4	1	1	0.0693069	0.188119	0.039604	9.90099e-09	0	0	0	0	0.818182	0.969555	0.213615	0.571429	0.891509	0.019802	0.148515	9.90099e-09	1	0.106132	0.199115	0.666667	0.666667	0.666667	1	1	2216.84	1e+20	6.37622e+08	11.248	52.231	20.5172	42.6814	19.2661	23.2743	
 68000	-107698	-1332.37	-60826	-16393.9	0.054676	1	0.147472	13.5619	1.50453	0.00296908	19.6301	0.717316	4236	99	419	-74671.1	50.4199f	54.581	4	1	1	0.0693069	0.188119	0.039604	9.90099e-09	0	0	0	0	0.836364	0.978873	0.258824	0.548872	0.877647	0.019802	0.148515	9.90099e-09	1	0.115023	0.203661	0.666667	0.666667	0.666667	1	1	2216.84	1e+20	6.37622e+08	11.248	52.231	20.5172	42.6814	50.4199	54.581	
 69000	-109697	-1332.37	-62825	-16779.2	0.0586328	1	0.147532	13.5564	1.66958	0.013156	19.7967	0.646137	4372	99	451	-74671.1	29.2052f	18.82	4	1	1	0.0693069	0.188119	0.039604	9.90099e-09	0	0	0	0	0.872727	0.951835	0.242009	0.533835	0.885584	0.019802	0.148515	9.90099e-09	1	0.109589	0.183445	0.666667	0.666667	0.666667	1	1	2216.84	1e+20	6.37622e+08	11.248	52.231	20.5172	42.6814	29.2052	18.82	
 70000	-109922	-1332.37	-63049.9	-16833.1	0.0586328	1	0.147532	13.5564	1.66958	0.0209035	19.7967	0.646137	4391	99	453	-74671.1	14.339f	14.2197	4	1	1	0.0693069	0.188119	0.039604	0.009901	0	0	0	0	0.827273	0.954338	0.271071	0.511278	0.879545	0.019802	0.148515	9.90099e-09	1	0.118182	0.196468	0.666667	0.666667	0.666667	1	1	2216.84	1e+20	6.37622e+08	17.3567	57.4714	20.5172	42.6814	14.339	14.2197	
 71000	-111325	-1332.37	-64452.3	-17191.2	0.06003	1	0.141166	14.1677	1.63561	0.00578702	19.7967	0.689303	4518	99	438	-74671.1	63.755f	67.2577	4	1	1	0.0693069	0.188119	0.039604	0.009901	0	0	0	0	0.854545	0.946667	0.260579	0.476563	0.89823	0.019802	0.148515	9.90099e-09	1	0.112832	0.16895	0.666667	0.666667	0.666667	1	1	2216.84	1e+20	6.37622e+08	23.3076	45.2672	34.7692	45.3534	63.755	67.2577	
 72000	-112652	-1332.37	-65779.2	-17526.6	0.0629804	1	0.150817	13.2611	1.44402	0.00531044	18.6499	0.730799	4638	99	432	-74671.1	62.1908f	38.0007	4	1	1	0.0693069	0.188119	0.039604	0.009901	0	0	0	0	0.872727	0.958963	0.223913	0.534351	0.89154	0.019802	0.148515	9.90099e-09	1	0.114471	0.180095	0.666667	0.666667	0.666667	1	1	2216.84	1e+20	6.37622e+08	23.3076	45.2672	53.8797	37.084	62.1908	38.0007	
 73000	-115328	-1332.37	-68455.2	-17984.9	0.0634764	1	0.170081	11.7591	1.64128	0.0052914	18.6499	0.570139	4804	99	495	-74671.1	47.2309f	33.4834	4	1	1	0.0693069	0.188119	0.039604	0.009901	0	0	0	0	0.845455	0.945946	0.281837	0.52349	0.855649	0.019802	0.148515	9.90099e-09	1	0.128898	0.162887	0.666667	0.666667	0.666667	1	1	2216.84	1e+20	6.37622e+08	23.3076	45.2672	53.8797	37.084	47.2309	33.4834	
 74000	-116556	-1332.37	-69683.5	-18323.1	0.0661963	1	0.163092	12.263	1.64128	0.0105164	18.6499	0.594571	4928	99	468	-74671.1	49.574f	18.4534	4	1	1	0.0693069	0.188119	0.049505	0.009901	0	0	0	0	0.881818	0.94898	0.27459	0.42446	0.89959	0.019802	0.019802	9.90099e-09	1	0.0901639	0.156317	0.666667	0.666667	0.666667	1	1	2216.84	1e+20	6.37622e+08	23.3076	45.2672	53.8797	37.084	49.574	18.4534	
 75000	-117803	-1332.37	-70930.7	-18543	0.0661963	1	0.157853	12.67	1.58855	0.0033323	18.6499	0.634696	5009	99	499	-74671.1	47.2219f	44.7177	4	1	1	0.0693069	0.188119	0.049505	0.009901	0	0	0	0	0.818182	0.966337	0.264414	0.594406	0.906931	0.019802	0.019802	9.90099e-09	1	0.101796	0.183128	0.666667	0.666667	0.666667	1	1	2216.84	1e+20	6.37622e+08	23.3076	45.2672	53.8797	37.084	47.2219	44.7177	
 76000	-120201	-1332.37	-73328.9	-19058.1	0.0687928	1	0.151459	13.2049	1.63781	0.020255	18.8063	0.641595	5201	99	502	-74671.1	57.3464f	1.83325	4	1	1	0.0693069	0.188119	0.049505	0.009901	0	0	0	0	0.872727	0.957529	0.238921	0.548077	0.894231	9.90099e-09	0.019802	9.90099e-09	1	0.0994264	0.179381	0.666667	0.666667	0.666667	1	1	2216.84	1e+20	6.37622e+08	22.1621	25.5466	53.8797	37.084	57.3464	1.83325	
 77000	-123585	-1332.37	-76713.1	-19812.8	0.0722105	1	0.146986	13.6067	1.43323	0.0181335	18.1054	0.755486	5487	99	506	-74671.1	89.1514f	25.4325	4	1	1	0.0693069	0.188119	0.049505	0.009901	0	0	0	0	0.809091	0.963636	0.247273	0.539216	0.87963	9.90099e-09	0.019802	9.90099e-09	1	0.105455	0.148221	0.666667	0.666667	0.666667	1	1	2216.84	1e+20	6.37622e+08	22.1621	25.5466	53.8797	37.084	89.1514	25.4325	
 78000	-127045	-1332.37	-80173.1	-20515.8	0.0762854	1	0.148666	13.453	1.7269	0.00679867	18.6574	0.619931	5759	99	525	-74671.1	69.5053f	38.521	4	1	1	0.0990099	0.168317	0.049505	0.009901	0	0	0	0	0.863636	0.947644	0.22807	0.536364	0.894097	9.90099e-09	0.019802	9.90099e-09	1	0.0964912	0.185874	0.666667	0.666667	0.666667	1	1	2216.84	1e+20	6.37622e+08	22.1621	25.5466	53.8797	37.084	69.5053	38.521	
 79000	-127787	-1332.37	-80915	-20652.2	0.0762854	1	0.141967	14.0878	1.65306	0.00655774	18.6686	0.67818	5812	99	531	-74671.1	72.7243f	55.4405	4	1	1	0.0990099	0.168317	0.049505	0.009901	0	0	0	0	0.809091	0.956897	0.227586	0.509259	0.907057	9.90099e-09	0.019802	9.90099e-09	1	0.0982759	0.218456	0.666667	0.666667	0.666667	1	1	2216.84	1e+20	6.37622e+08	22.1621	25.5466	53.8797	37.084	72.7243	55.4405	
 80000	-128371	-1332.37	-81499	-20756.5	0.0769474	1	0.142386	14.0464	1.67232	0.00600027	18.6686	0.668398	5853	99	545	-74671.1	56.169f	31.7026	4	1	1	0.0990099	0.168317	0.049505	0.009901	0	0	0	0	0.818182	0.964286	0.218058	0.580952	0.9046	9.90099e-09	0.019802	9.90099e-09	1	0.107692	0.16946	0.666667	0.666667	0.666667	1	1	2216.84	1e+20	6.37622e+08	22.1621	25.5466	53.8797	37.084	56.169	31.7026	
 81000	-128152	-1332.37	-81279.8	-20709.7	0.0781332	1	0.149987	13.3345	1.77627	0.00555281	18.636	0.597391	5835	99	539	-74671.1	42.5117f	33.6517	4	1	1	0.0990099	0.168317	0.049505	0.009901	0	0	0	0	0.827273	0.962199	0.248288	0.535088	0.91453	9.90099e-09	0.049505	9.90099e-09	1	0.104452	0.189239	0.666667	0.666667	0.666667	1	1	2216.84	1e+20	6.37622e+08	22.1621	25.5466	53.8797	37.084	42.5117	33.6517	
 82000	-126848	-1332.37	-79975.9	-20423.7	0.0755535	1	0.158858	12.5898	1.71971	0.00473991	18.3758	0.582579	5723	99	547	-74671.1	64.5169f	45.0106	4	1	1	0.0990099	0.168317	0.0693069	0.009901	0	0	0	0	0.809091	0.96	0.237347	0.504425	0.887737	9.90099e-09	0.049505	9.90099e-09	1	0.095986	0.13894	0.666667	0.666667	0.666667	1	1	2216.84	1e+20	6.37622e+08	22.1621	25.5466	53.8252	39.4883	64.5169	45.0106	
 83000	-128547	-1332.37	-81674.7	-20656.2	0.0782188	1	0.157516	12.6971	2.19495	0.00315303	19.4042	0.460331	5814	99	592	-74671.1	55.1525f	54.1253	4	1	1	0.0990099	0.168317	0.0693069	0.009901	0	0	0	0	0.872727	0.943005	0.2513	0.486957	0.87175	9.90099e-09	0.049505	9.90099e-09	1	0.108247	0.199013	0.666667	0.666667	0.666667	1	1	2216.84	1e+20	6.37622e+08	22.1621	25.5466	53.8252	39.4883	55.1525	54.1253	
 84000	-129414	-1332.37	-82541.8	-20867.4	0.0766684	1	0.148738	13.4465	2.03156	0.00450851	19.4042	0.526707	5896	99	585	-74671.1	55.6224f	37.9446	4	1	1	0.0693069	0.148515	0.0693069	0.009901	0	0	0	0	0.863636	0.959114	0.269949	0.5	0.868601	9.90099e-09	0.049505	9.90099e-09	1	0.11414	0.190635	0.666667	0.666667	0.666667	1	1	2216.84	1e+20	6.37622e+08	22.1621	25.5466	53.8252	39.4883	55.6224	37.9446	
 85000	-127767	-1332.37	-80895.1	-20658.8	0.0773677	1	0.147666	13.5441	2.03531	0.015422	19.4042	0.529554	5815	99	521	-74671.1	28.826f	14.2836	4	1	1	0.0693069	0.148515	0.0693069	0.009901	0	0	0	0	0.818182	0.960481	0.246552	0.495413	0.889465	9.90099e-09	0.049505	9.90099e-09	1	0.113402	0.208015	0.666667	0.666667	0.666667	1	1	2216.84	1e+20	6.37622e+08	22.1621	25.5466	53.8252	39.4883	28.826	14.2836	
 86000	-127373	-1332.37	-80500.7	-20437	0.0752721	1	0.151275	13.2209	2.16615	0.00518722	19.7251	0.485694	5728	99	580	-74671.1	65.6753f	43.0873	4	1	1	0.0693069	0.148515	0.0693069	0.009901	0	0	0	0	0.8	0.947826	0.253472	0.526316	0.883681	9.90099e-09	0.049505	9.90099e-09	1	0.115385	0.186125	0.666667	0.666667	0.666667	1	1	2216.84	1e+20	6.37622e+08	17.0533	11.7869	61.2204	26.8728	65.6753	43.0873	
 87000	-126727	-1332.37	-79854.9	-20389.7	0.0787733	1	0.143995	13.8893	2.15782	0.00803643	19.7251	0.51222	5709	99	537	-74671.1	30.8898f	31.8582	4	1	1	0.0693069	0.148515	0.0693069	0.009901	0	0	0	0	0.809091	0.966957	0.255692	0.5	0.897569	9.90099e-09	0.158416	9.90099e-09	1	0.0980736	0.194853	0.666667	0.666667	0.666667	1	1	2216.84	1e+20	6.37622e+08	17.0533	11.7869	71.3151	12.8705	30.8898	31.8582	
 88000	-128019	-1332.37	-81146.2	-20758.9	0.079698	1	0.145473	13.7483	1.94318	0.00686125	19.1103	0.563023	5854	99	504	-74671.1	70.8167f	40.2647	4	1	1	0.0693069	0.148515	0.0594059	0.009901	0	0	0	0	0.736364	0.955172	0.233788	0.504673	0.918966	9.90099e-09	0.158416	9.90099e-09	1	0.0887372	0.179283	0.666667	0.666667	0.666667	1	1	2216.84	1e+20	6.37622e+08	17.0533	11.7869	71.3151	12.8705	70.8167	40.2647	
 89000	-129031	-1332.37	-82158.5	-20900.7	0.0784081	1	0.134319	14.8899	2.01167	0.0189263	19.7452	0.589014	5910	99	532	-74671.1	82.4945f	15.9001	4	1	1	0.0693069	0.148515	0.0594059	0.009901	0	0	0	0	0.872727	0.969492	0.224109	0.53271	0.895009	9.90099e-09	0.158416	9.90099e-09	1	0.110544	0.197393	0.666667	0.666667	0.666667	1	1	2216.84	1e+20	6.37622e+08	17.0533	11.7869	71.3151	12.8705	82.4945	15.9001	
 90000	-127994	-1332.37	-81122.1	-20737.7	0.0784081	1	0.135996	14.7063	2.05643	0.0151293	19.7927	0.569087	5846	99	507	-74671.1	90.8195f	40.7539	4	1	1	0.0693069	0.207921	0.0594059	0.009901	0	0	0	0	0.918182	0.958834	0.240137	0.431193	0.894558	9.90099e-09	0.158416	9.90099e-09	1	0.105983	0.204724	0.666667	0.666667	0.666667	1	1	2216.84	1e+20	6.37622e+08	0.940867	53.529	48.607	16.9762	90.8195	40.7539	
 91000	-129763	-1332.37	-82890.3	-20928.3	0.0790467	1	0.153979	12.9887	2.34732	0.00629413	19.7927	0.440337	5921	99	589	-74671.1	53.6784f	74.1943	4	1	1	0.0693069	0.207921	0.0594059	0.009901	0	0	0	0	0.8	0.947279	0.219595	0.456897	0.902192	9.90099e-09	0.158416	9.90099e-09	1	0.112985	0.189329	0.666667	0.666667	0.666667	1	1	2216.84	1e+20	6.37622e+08	0.940867	53.529	50.7315	26.4816	53.6784	74.1943	
 92000	-129925	-1332.37	-83052.7	-21045.1	0.0790467	1	0.135827	14.7246	2.03181	0.00713298	19.6993	0.576702	5967	99	550	-74671.1	24.6393f	53.5212	4	1	1	0.0693069	0.207921	0.0594059	9.90099e-09	0	0	0	0	0.772727	0.973199	0.235	0.526786	0.919598	9.90099e-09	0.158416	9.90099e-09	1	0.118928	0.179396	0.666667	0.666667	0.666667	1	1	2216.84	1e+20	6.37622e+08	0.940867	53.529	50.7315	26.4816	24.6393	53.5212	
 93000	-131415	-1332.37	-84542.5	-21242.8	0.0791772	1	0.146181	13.6817	2.21746	0.0139539	19.7601	0.49099	6045	99	606	-74671.1	10.71f	40.7535	4	1	1	0.0693069	0.207921	0.0594059	9.90099e-09	0	0	0	0	0.818182	0.970395	0.222772	0.568966	0.891089	9.90099e-09	0.118812	9.90099e-09	1	0.115132	0.168576	0.666667	0.666667	0.666667	1	1	2216.84	1e+20	6.37622e+08	0.940867	53.529	50.7315	26.4816	10.71	40.7535	
 94000	-128985	-1332.37	-82112.3	-20951.6	0.0784006	1	0.124751	16.032	1.87381	0.00480778	19.7601	0.680849	5930	99	509	-74671.1	65.2452f	45.9127	4	1	1	0.0693069	0.207921	0.049505	9.90099e-09	0	0	0	0	0.763636	0.966387	0.292437	0.462264	0.890572	9.90099e-09	0.118812	9.90099e-09	1	0.102521	0.170923	0.666667	0.666667	0.666667	1	1	2216.84	1e+20	6.37622e+08	0.940867	53.529	50.7315	26.4816	65.2452	45.9127	
 95000	-128195	-1332.37	-81322.9	-20770.8	0.078564	1	0.125947	15.8797	1.93678	0.0144796	19.8662	0.652456	5859	99	508	-74671.1	51.8609f	10.6416	4	1	1	0.0693069	0.207921	0.049505	9.90099e-09	0	0	0	0	0.845455	0.962585	0.247019	0.476636	0.901193	9.90099e-09	0.118812	9.90099e-09	1	0.117547	0.194118	0.666667	0.666667	0.666667	1	1	2216.84	1e+20	6.37622e+08	0.940867	53.529	50.7315	26.4816	51.8609	10.6416	
 96000	-129630	-1332.37	-82757.5	-20997.2	0.078564	1	0.119158	16.7845	1.83238	0.0100618	19.8662	0.728926	5948	99	550	-74671.1	67.3437f	24.6751	4	1	1	0.0693069	0.207921	0.049505	9.90099e-09	0	0	0	0	0.781818	0.96995	0.246644	0.563636	0.919866	9.90099e-09	0.118812	9.90099e-09	1	0.117647	0.185662	0.666667	0.666667	0.666667	1	1	2216.84	1e+20	6.37622e+08	0.940867	53.529	50.7315	26.4816	67.3437	24.6751	
 97000	-128770	-1332.37	-81897.2	-20826.5	0.0809726	1	0.130489	15.3269	1.98992	0.00824861	19.6756	0.612927	5880	99	536	-74671.1	74.5187f	38.7992	4	1	1	0.0792079	0.148515	0.049505	9.90099e-09	0	0	0	0	0.790909	0.959459	0.285229	0.62069	0.874582	9.90099e-09	0.118812	9.90099e-09	1	0.114865	0.239252	0.666667	0.666667	0.666667	1	1	2216.84	1e+20	6.37622e+08	0.940867	53.529	50.7315	26.4816	74.5187	38.7992	
 98000	-129231	-1332.37	-82358.7	-20964.8	0.0809726	1	0.149738	13.3566	2.28346	0.00720565	19.6756	0.465472	5935	99	530	-74671.1	67.8229f	34.5248	4	1	1	0.0792079	0.148515	0.049505	9.90099e-09	0	0	0	0	0.790909	0.954774	0.209732	0.5	0.854027	9.90099e-09	0.118812	9.90099e-09	1	0.112416	0.180357	0.666667	0.666667	0.666667	1	1	2216.84	1e+20	6.37622e+08	0.940867	53.529	88.7177	32.4166	67.8229	34.5248	
 99000	-130532	-1332.37	-83659.9	-21188.4	0.0829626	1	0.135218	14.7909	2.0757	0.00761018	19.5889	0.567049	6023	99	546	-74671.1	76.047f	54.1033	4	1	1	0.0792079	0.148515	0.049505	9.90099e-09	0	0	0	0	0.790909	0.95	0.251248	0.545455	0.898333	9.90099e-09	0.0792079	9.90099e-09	1	0.0829187	0.186813	0.666667	0.666667	0.666667	1	1	2216.84	1e+20	6.37622e+08	0.940867	53.529	88.7177	32.4166	76.047	54.1033	
100000	-129906	-1332.37	-83034.1	-21098.6	0.0788651	1	0.134055	14.9193	1.90242	0.00984872	19.4528	0.624069	5988	99	528	-74671.1	77.3493f	35.7587	4	1	1	0.0792079	0.148515	0.039604	9.90099e-09	0	0	0	0	0.772727	0.957983	0.268007	0.482456	0.8798	9.90099e-09	0.0792079	9.90099e-09	1	0.100503	0.154255	0.666667	0.666667	0.666667	1	1	2216.84	1e+20	6.37622e+08	0.741013	23.614	88.7177	32.4166	77.3493	35.7587	
101000	-129578	-1332.37	-82705.3	-21039.9	0.0806116	1	0.13154	15.2045	1.98909	0.0143794	19.6561	0.608286	5965	99	522	-74671.1	75.9749f	20.2079	4	1	1	0.0792079	0.148515	0.039604	9.90099e-09	0	0	0	0	0.809091	0.961279	0.270134	0.590909	0.902848	0.019802	0.0792079	9.90099e-09	1	0.122483	0.214545	0.666667	0.666667	0.666667	1	1	2216.84	1e+20	6.37622e+08	0.741013	23.614	88.7177	32.4166	75.9749	20.2079	
102000	-130341	-1332.37	-83468.8	-20968.8	0.0797331	1	0.158066	12.6529	2.45276	0.0183193	19.8377	0.410512	5937	99	625	-74671.1	96.778f	43.1917	4	1	1	0.0792079	0.148515	0.039604	9.90099e-09	0	0	0	0	0.827273	0.947279	0.234401	0.544715	0.877104	0.019802	0.0792079	9.90099e-09	1	0.12963	0.194346	0.666667	0.666667	0.666667	1	1	2216.84	1e+20	6.37622e+08	0.741013	23.614	88.7177	32.4166	96.778	43.1917	
103000	-131504	-1332.37	-84631.2	-21357.3	0.0804597	1	0.135577	14.7518	2.12296	0.0200292	19.8377	0.552957	6091	99	562	-74671.1	87.0445f	18.1025	4	1	1	0.0792079	0.227723	0.039604	9.90099e-09	0	0	0	0	0.763636	0.972131	0.258224	0.548077	0.903333	0.019802	0.0792079	9.90099e-09	1	0.108197	0.202847	0.666667	0.666667	0.666667	1	1	2216.84	1e+20	6.37622e+08	0.741013	23.614	88.7177	32.4166	87.0445	18.1025	
104000	-132553	-1332.37	-85680.8	-21628	0.0812138	1	0.135246	14.7879	2.13763	0.0167966	19.8377	0.550509	6199	99	539	-74671.1	84.1749f	22.4427	4	1	1	0.0693069	0.227723	0.039604	0.009901	0	0	0	0	0.863636	0.951378	0.251216	0.495413	0.890323	0.019802	0.0792079	9.90099e-09	1	0.101613	0.186441	0.666667	0.666667	0.666667	1	1	2216.84	1e+20	6.37622e+08	0.741013	23.614	88.7177	32.4166	84.1749	22.4427	
105000	-131909	-1332.37	-85036.5	-21412	0.0812138	1	0.122701	16.2998	1.93934	0.00997647	19.8377	0.668835	6113	99	575	-74671.1	81.1496f	60.0028	4	1	1	0.0693069	0.227723	0.039604	0.009901	0	0	0	0	0.809091	0.968543	0.261866	0.518182	0.896721	0.019802	0.0792079	9.90099e-09	1	0.122549	0.215302	0.666667	0.666667	0.666667	1	1	2216.84	1e+20	6.37622e+08	8.69394	41.2825	88.7177	32.4166	81.1496	60.0028	
106000	-131922	-1332.37	-85049.4	-21427.4	0.0829927	1	0.135111	14.8026	2.18227	0.024268	19.8377	0.539785	6119	99	572	-74671.1	91.8627f	14.6125	4	1	1	0.0693069	0.227723	0.029703	0.009901	0	0	0	0	0.8	0.949264	0.26873	0.598361	0.876847	0.019802	0.0792079	9.90099e-09	1	0.0765472	0.201389	0.666667	0.666667	0.666667	1	1	2216.84	1e+20	6.37622e+08	8.69394	41.2825	88.7177	32.4166	91.8627	14.6125	
107000	-132931	-1332.37	-86058.5	-21561.9	0.0832448	1	0.147554	13.5544	2.30327	0.00554444	19.6543	0.4683	6173	99	606	-74671.1	68.4785f	58.2411	4	1	1	0.0693069	0.227723	0.029703	0.009901	0	0	0	0	0.836364	0.962783	0.246353	0.558333	0.896104	0.019802	0.0792079	9.90099e-09	1	0.12966	0.185309	0.666667	0.666667	0.666667	1	1	2216.84	1e+20	6.37622e+08	8.69394	41.2825	88.7177	32.4166	68.4785	58.2411	
108000	-133699	-1332.37	-86826.4	-21728.5	0.0830925	1	0.147554	13.5544	2.29906	0.00304511	19.6543	0.469158	6240	99	603	-74671.1	52.5231f	48.9922	4	1	1	0.0693069	0.178218	0.029703	0.009901	0	0	0	0	0.772727	0.967949	0.2832	0.512195	0.875	0.019802	0.0792079	9.90099e-09	1	0.0929487	0.20197	0.666667	0.666667	0.666667	1	1	2216.84	1e+20	6.37622e+08	8.69394	41.2825	95.7681	45.933	52.5231	48.9922	
109000	-133461	-1332.37	-86588.8	-21761.2	0.0825883	1	0.140122	14.2733	2.17001	0.0179599	19.6543	0.523422	6253	99	565	-74671.1	96.6674f	46.0802	4	1	1	0.0693069	0.178218	0.029703	0.009901	0	0	0	0	0.854545	0.972843	0.264753	0.5	0.902556	0.019802	0.0792079	9.90099e-09	1	0.0974441	0.19823	0.666667	0.666667	0.666667	1	1	2216.84	1e+20	6.37622e+08	8.69394	41.2825	95.7681	45.933	96.6674	46.0802	
110000	-134174	-1332.37	-87301.6	-21933.3	0.0825883	1	0.122776	16.2898	1.92149	0.0296441	19.706	0.674635	6322	99	556	-74671.1	92.9349f	6.09838	4	1	1	0.0693069	0.178218	0.029703	0.009901	0	0	0	0	0.827273	0.957211	0.280757	0.535088	0.914692	0.019802	0.0792079	9.90099e-09	1	0.118297	0.199643	0.666667	0.666667	0.666667	1	1	2216.84	1e+20	6.37622e+08	8.69394	41.2825	93.1719	23.837	92.9349	6.09838	
111000	-131488	-1332.37	-84615.1	-21406.9	0.0815533	1	0.12438	16.0797	1.85857	0.010709	19.5409	0.688477	6111	99	539	-74671.1	41.6124f	18.9943	4	1	1	0.108911	0.178218	0.029703	0.009901	0	0	0	0	0.827273	0.957586	0.242226	0.472222	0.895595	0.019802	0.0792079	9.90099e-09	1	0.0931373	0.190291	0.666667	0.666667	0.666667	1	1	2216.84	1e+20	6.37622e+08	8.69394	41.2825	93.1719	23.837	41.6124	18.9943	
112000	-131355	-1332.37	-84482.5	-21364.4	0.0811497	1	0.131156	15.249	1.86922	0.0110215	19.335	0.649189	6094	99	545	-74671.1	80.1594f	35.4054	4	1	1	0.108911	0.178218	0.029703	0.009901	0	0	0	0	0.827273	0.964052	0.241436	0.469565	0.905383	0.019802	0.0693069	9.90099e-09	1	0.0918033	0.168157	0.666667	0.666667	0.666667	1	1	2216.84	1e+20	6.37622e+08	8.69394	41.2825	93.1719	23.837	80.1594	35.4054	
113000	-132973	-1332.37	-86100.1	-21589.1	0.0829516	1	0.131037	15.2628	2.096	0.0094989	19.792	0.579473	6184	99	591	-74671.1	73.005f	31.2144	4	1	1	0.108911	0.178218	0.0594059	0.009901	0	0	0	0	0.854545	0.965909	0.272285	0.513043	0.894309	0.019802	0.0693069	9.90099e-09	1	0.136143	0.196277	0.666667	0.666667	0.666667	1	1	2216.84	1e+20	6.37622e+08	8.69394	41.2825	93.1719	23.837	73.005	31.2144	
114000	-134183	-1332.37	-87310.3	-21875.4	0.0829516	1	0.139738	14.3125	2.11837	0.0225833	19.5282	0.537656	6299	99	582	-74671.1	95.6145f	23.404	4	1	1	0.108911	0.188119	0.0594059	0.009901	0	0	0	0	0.754545	0.969841	0.246445	0.530435	0.88746	0.019802	0.0693069	9.90099e-09	1	0.112698	0.215517	0.666667	0.666667	0.666667	1	1	2216.84	1e+20	6.37622e+08	8.69394	41.2825	93.1719	23.837	95.6145	23.404	
115000	-137732	-1332.37	-90859.4	-22583.3	0.0846398	1	0.145158	13.7781	2.24532	0.0228583	19.5282	0.488317	6586	99	597	-74671.1	96.1439f	23.541	4	1	1	0.108911	0.188119	0.0594059	0.009901	0	0	0	0	0.763636	0.951145	0.251515	0.5	0.899237	0.009901	0.0693069	9.90099e-09	1	0.119697	0.184692	0.666667	0.666667	0.666667	1	1	2216.84	1e+20	6.37622e+08	8.69394	41.2825	93.1719	23.837	96.1439	23.541	
116000	-134166	-1332.37	-87293.8	-21812.7	0.0842924	1	0.145158	13.7781	2.2361	0.00682227	19.5282	0.49033	6274	99	609	-74671.1	73.786f	51.4785	4	1	1	0.108911	0.188119	0.0594059	0.009901	0	0	0	0	0.736364	0.943307	0.248819	0.554622	0.879365	0.009901	0.0693069	9.90099e-09	1	0.105512	0.205255	0.666667	0.666667	0.666667	1	1	2216.84	1e+20	6.37622e+08	8.69394	41.2825	93.1719	23.837	73.786	51.4785	
117000	-134267	-1332.37	-87394.8	-21879.5	0.0842924	1	0.135036	14.8108	2.09333	0.0116101	19.559	0.563031	6301	99	590	-74671.1	85.2339f	57.7998	4	1	1	0.108911	0.188119	0.0594059	9.90099e-09	0	0	0	0	0.809091	0.95283	0.250789	0.641026	0.890476	0.009901	0.0693069	9.90099e-09	1	0.12126	0.2	0.666667	0.666667	0.666667	1	1	2216.84	1e+20	6.37622e+08	8.69394	41.2825	93.1719	23.837	85.2339	57.7998	
118000	-133874	-1332.37	-87001.3	-21822.6	0.0840006	1	0.135036	14.8108	2.21854	0.0135783	19.8624	0.531255	6278	99	574	-74671.1	73.0134f	19.7815	4	1	1	0.108911	0.188119	0.039604	9.90099e-09	0	0	0	0	0.745455	0.968454	0.247634	0.452991	0.911672	0.009901	0.0693069	9.90099e-09	1	0.116904	0.190153	0.666667	0.666667	0.666667	1	1	2216.84	1e+20	6.37622e+08	8.69394	41.2825	93.1719	23.837	73.0134	19.7815	
119000	-134840	-1332.37	-87968	-22052.2	0.0850772	1	0.132423	15.1031	2.21884	0.0191416	19.8969	0.541664	6371	99	562	-74671.1	86.9483f	19.9978	4	1	1	0.108911	0.188119	0.039604	9.90099e-09	0	0	0	0	0.772727	0.956182	0.247261	0.526316	0.876369	0.009901	0.039604	9.90099e-09	1	0.103125	0.209877	0.666667	0.666667	0.666667	1	1	2216.84	1e+20	6.37622e+08	8.69394	41.2825	93.1719	23.837	86.9483	19.9978	
120000	-133966	-1332.37	-87093.4	-21899.4	0.083922	1	0.132129	15.1367	1.95605	0.0264226	19.3564	0.615803	6309	99	556	-74671.1	82.5098f	2.82214	4	1	1	0.108911	0.128713	0.039604	9.90099e-09	0	0	0	0	0.781818	0.970126	0.212598	0.598214	0.909667	0.009901	0.039604	9.90099e-09	1	0.115689	0.189873	0.666667	0.666667	0.666667	1	1	2216.84	1e+20	6.37622e+08	0.832443	39.7289	85.3076	23.9983	82.5098	2.82214	
121000	-136419	-1332.37	-89546.7	-22431.8	0.087679	1	0.125537	15.9316	1.98147	0.0121701	19.4549	0.639825	6526	99	550	-74671.1	81.4579f	32.8843	4	1	1	0.108911	0.128713	0.039604	9.90099e-09	0	0	0	0	0.781818	0.958398	0.25192	0.557522	0.900459	0.009901	0.039604	9.90099e-09	1	0.104135	0.190476	0.666667	0.666667	0.666667	1	1	2216.84	1e+20	6.37622e+08	0.832443	39.7289	85.3076	23.9983	81.4579	32.8843	
122000	-137106	-1332.37	-90233.2	-22585.7	0.0894841	1	0.135419	14.769	1.78289	0.0195232	18.4979	0.659197	6589	99	553	-74671.1	90.3854f	23.4708	4	1	1	0.108911	0.128713	0.039604	9.90099e-09	0	0	0	0	0.827273	0.968278	0.213636	0.513514	0.907436	0.009901	0.039604	9.90099e-09	1	0.0925645	0.152134	0.666667	0.666667	0.666667	1	1	2216.84	1e+20	6.37622e+08	0.832443	39.7289	64.3219	24.1041	90.3854	23.4708	
123000	-139205	-1332.37	-92332.2	-23020.2	0.0894841	1	0.142092	14.0754	1.71954	0.00924149	18.1122	0.651384	6769	99	556	-74671.1	79.2606f	43.8975	4	1	1	0.0594059	0.128713	0.039604	9.90099e-09	0	0	0	0	0.781818	0.966077	0.209913	0.423423	0.92029	0.009901	0.039604	9.90099e-09	1	0.0878477	0.169065	0.666667	0.666667	0.666667	1	1	2216.84	1e+20	6.37622e+08	0.832443	39.7289	64.3219	24.1041	79.2606	43.8975	
124000	-137955	-1332.37	-91083	-22790.9	0.0894841	1	0.142092	14.0754	1.6894	0.00853746	18.0323	0.663006	6674	99	543	-74671.1	40.7459f	24.582	4	1	1	0.0594059	0.128713	0.0990099	9.90099e-09	0	0	0	0	0.809091	0.959337	0.212894	0.594595	0.893553	0.009901	0.039604	9.90099e-09	1	0.0914543	0.157706	0.666667	0.666667	0.666667	1	1	2216.84	1e+20	6.37622e+08	0.832443	39.7289	64.3219	24.1041	40.7459	24.582	
125000	-139228	-1332.37	-92355.4	-23022.6	0.0894841	1	0.148207	13.4946	1.52122	0.0165353	17.3817	0.705926	6770	99	558	-74671.1	92.3042f	37.4663	4	1	1	0.0594059	0.128713	0.0990099	0.009901	0	0	0	0	0.818182	0.963072	0.245199	0.537037	0.908555	0.009901	0.0891089	9.90099e-09	1	0.0974889	0.174229	0.666667	0.666667	0.666667	1	1	2216.84	1e+20	6.37622e+08	0.832443	39.7289	64.3219	24.1041	92.3042	37.4663	
126000	-138530	-1332.37	-91657.2	-22848.8	0.0898332	1	0.148207	13.4946	1.52716	0.00531786	17.3817	0.703183	6698	99	571	-74671.1	47.5455f	33.3395	4	1	1	0.0594059	0.0990099	0.0990099	0.009901	0	0	0	0	0.827273	0.958146	0.227886	0.45614	0.901198	0.009901	0.0891089	9.90099e-09	1	0.11194	0.160069	0.666667	0.666667	0.666667	1	1	2216.84	1e+20	6.37622e+08	0.832443	39.7289	64.3219	24.1041	47.5455	33.3395	
127000	-139358	-1332.37	-92485.7	-23026.8	0.0905463	1	0.14869	13.4508	1.6989	0.0138735	17.8013	0.630041	6772	99	563	-74671.1	55.4301f	12.1004	4	1	1	0.0594059	0.0990099	0.0990099	0.009901	0	0	0	0	0.781818	0.964758	0.244118	0.521368	0.890208	0.009901	0.0891089	9.90099e-09	1	0.106195	0.179104	0.666667	0.666667	0.666667	1	1	2216.84	1e+20	6.37622e+08	0.832443	39.7289	64.3219	24.1041	55.4301	12.1004	
128000	-139040	-1332.37	-92167.2	-22907.5	0.0914751	1	0.156668	12.7659	1.80841	0.0144921	17.8013	0.56175	6722	99	587	-74671.1	80.708f	24.4826	4	1	1	0.0594059	0.0990099	0.0990099	0.009901	0	0	0	0	0.809091	0.958457	0.237389	0.430894	0.893175	0.009901	0.0891089	9.90099e-09	1	0.0995542	0.183391	0.666667	0.666667	0.666667	1	1	2216.84	1e+20	6.37622e+08	0.832443	39.7289	64.3219	24.1041	80.708	24.4826	
129000	-140577	-1332.37	-93704.7	-23206.4	0.0914751	1	0.156668	12.7659	1.91913	0.0116106	18.0677	0.529343	6847	99	596	-74671.1	70.8927f	23.0258	4	1	1	0.0594059	0.0990099	0.0990099	0.009901	0	0	0	0	0.827273	0.96793	0.236152	0.459016	0.897511	0.009901	0.0891089	9.90099e-09	1	0.0860058	0.177152	0.666667	0.666667	0.666667	1	1	2216.84	1e+20	6.37622e+08	0.832443	39.7289	64.3219	24.1041	70.8927	23.0258	
130000	-141404	-1332.37	-94531.6	-23390.1	0.0933339	1	0.151102	13.2361	1.88856	0.0112389	18.0677	0.557726	6924	99	590	-74671.1	57.6346f	86.4487	4	1	1	0.049505	0.0990099	0.039604	0.009901	0	0	0	0	0.790909	0.965368	0.218208	0.491667	0.919192	0.009901	0.118812	9.90099e-09	1	0.0851371	0.186047	0.666667	0.666667	0.666667	1	1	2216.84	1e+20	6.37622e+08	0.832443	39.7289	64.3219	24.1041	57.6346	86.4487	
131000	-141916	-1332.37	-95044.1	-23428	0.0927672	1	0.162165	12.3331	2.03421	0.00892946	18.1117	0.482466	6940	99	618	-74671.1	63.3355f	25.4789	4	1	1	0.049505	0.0990099	0.039604	0.009901	0	0	0	0	0.809091	0.961207	0.194842	0.484615	0.893831	0.009901	0.118812	9.90099e-09	1	0.100287	0.158805	0.666667	0.666667	0.666667	1	1	2216.84	1e+20	6.37622e+08	0.832443	39.7289	64.3219	24.1041	63.3355	25.4789	
132000	-141493	-1332.37	-94620.8	-23432.8	0.0927672	1	0.140425	14.2425	1.59311	0.0124721	17.6624	0.711429	6942	99	585	-74671.1	70.7772f	20.815	4	1	1	0.049505	0.0990099	0.039604	0.009901	0	0	0	0	0.790909	0.95389	0.227994	0.508772	0.914986	0.009901	0.118812	9.90099e-09	1	0.092219	0.157989	0.666667	0.666667	0.666667	1	1	2216.84	1e+20	6.37622e+08	0.93824	50.2761	64.3219	24.1041	70.7772	20.815	
133000	-139588	-1332.37	-92715.4	-22985.7	0.0927492	1	0.150894	13.2544	1.71155	0.00368469	17.6624	0.616252	6754	99	602	-74671.1	58.4624f	46.1117	4	1	1	0.049505	0.138614	0.039604	0.009901	0	0	0	0	0.854545	0.947839	0.217778	0.540984	0.904335	0.009901	0.118812	9.90099e-09	1	0.108148	0.181513	0.666667	0.666667	0.666667	1	1	2216.84	1e+20	6.37622e+08	18.1856	35.9638	53.0673	36.6097	58.4624	46.1117	
134000	-140128	-1332.37	-93255.5	-23299.6	0.0927492	1	0.138546	14.4357	1.39426	0.0078894	17.1418	0.823919	6886	99	519	-74671.1	42.998f	25.7251	4	1	1	0.049505	0.138614	0.039604	9.90099e-09	0	0	0	0	0.781818	0.969477	0.149492	0.566038	0.918605	0.009901	0.118812	9.90099e-09	1	0.0725689	0.184158	0.666667	0.666667	0.666667	1	1	2216.84	1e+20	6.37622e+08	18.1856	35.9638	53.0673	36.6097	42.998	25.7251	
135000	-141216	-1332.37	-94343.5	-23455	0.091647	1	0.149137	13.4105	1.63641	0.0129342	17.5689	0.652145	6951	99	548	-74671.1	12.4433f	41.6815	4	1	1	0.049505	0.138614	0.039604	9.90099e-09	0	0	0	0	0.809091	0.962536	0.213564	0.540541	0.902299	0.009901	0.118812	9.90099e-09	1	0.0933908	0.145648	0.666667	0.666667	0.666667	1	1	2216.84	1e+20	6.37622e+08	18.1856	35.9638	53.0673	36.6097	12.4433	41.6815	
136000	-143640	-1332.37	-96767.4	-23959	0.0963765	1	0.144263	13.8636	1.66462	0.0211597	17.5689	0.662748	7165	99	537	-74671.1	38.6113f	1.12466	4	1	1	0.0990099	0.138614	0.0891089	9.90099e-09	0	0	0	0	0.809091	0.963636	0.21519	0.412844	0.911142	0.009901	0.118812	9.90099e-09	1	0.112518	0.155109	0.666667	0.666667	0.666667	1	1	2216.84	1e+20	6.37622e+08	18.1856	35.9638	53.0673	36.6097	38.6113	1.12466	
137000	-141556	-1332.37	-94684.1	-23402.2	0.0918285	1	0.154542	12.9415	1.69908	0.00861525	17.5689	0.606123	6929	99	604	-74671.1	43.0727f	23.7287	4	1	1	0.0990099	0.138614	0.0891089	9.90099e-09	0	0	0	0	0.881818	0.963925	0.199422	0.487179	0.896104	0.009901	0.0693069	9.90099e-09	1	0.0890805	0.152801	0.666667	0.666667	0.666667	1	1	2216.84	1e+20	6.37622e+08	18.1856	35.9638	53.0673	36.6097	43.0727	23.7287	
138000	-142183	-1332.37	-95310.4	-23504.9	0.0918285	1	0.162396	12.3156	1.78772	0.00753556	17.5746	0.548208	6972	99	616	-74671.1	43.9388f	26.5169	4	1	1	0.0990099	0.138614	0.0891089	9.90099e-09	0	0	0	0	0.772727	0.957326	0.200573	0.58871	0.881259	0.009901	0.0693069	9.90099e-09	1	0.0725462	0.152733	0.666667	0.666667	0.666667	1	1	2216.84	1e+20	6.37622e+08	18.1856	35.9638	53.0673	36.6097	43.9388	26.5169	
139000	-139974	-1332.37	-93101.2	-23132.4	0.0918285	1	0.155919	12.8271	1.5802	0.0100685	17.215	0.645965	6816	99	581	-74671.1	57.5702f	20.4317	4	1	1	0.0990099	0.138614	0.0891089	9.90099e-09	0	0	0	0	0.809091	0.95	0.217327	0.389831	0.901615	0.009901	0.0693069	9.90099e-09	1	0.0807636	0.172061	0.666667	0.666667	0.666667	1	1	2216.84	1e+20	6.37622e+08	18.1856	35.9638	53.0673	36.6097	57.5702	20.4317	
140000	-139937	-1332.37	-93064.3	-23146.7	0.091656	1	0.156177	12.806	1.34151	0.00385027	16.5254	0.759643	6822	99	567	-74671.1	47.5133f	40.5677	4	1	1	0.0990099	0.178218	0.0891089	9.90099e-09	0	0	0	0	0.8	0.963397	0.219298	0.483051	0.890029	9.90099e-09	0.0693069	9.90099e-09	1	0.0980966	0.131313	0.666667	0.666667	0.666667	1	1	2216.84	1e+20	6.37622e+08	18.1856	35.9638	54.3223	44.9092	47.5133	40.5677	
141000	-139986	-1332.37	-93114	-23146.7	0.091656	1	0.15509	12.8957	1.33217	0.0107086	16.5254	0.770325	6822	99	579	-74671.1	32.8749f	22.4528	4	1	1	0.0990099	0.178218	0.0891089	9.90099e-09	0	0	0	0	0.845455	0.957353	0.221733	0.530973	0.914454	9.90099e-09	0.0693069	9.90099e-09	1	0.10162	0.157143	0.666667	0.666667	0.666667	1	1	2216.84	1e+20	6.37622e+08	18.1856	35.9638	72.9083	39.4826	32.8749	22.4528	
142000	-140212	-1332.37	-93340.1	-23235.1	0.091656	1	0.15785	12.6702	1.39142	0.012487	16.6326	0.724631	6859	99	558	-74671.1	85.7418f	40.8639	4	1	1	0.0990099	0.178218	0.0891089	9.90099e-09	0	0	0	0	0.836364	0.959064	0.22807	0.536364	0.912979	9.90099e-09	0.049505	9.90099e-09	1	0.0947522	0.157068	0.666667	0.666667	0.666667	1	1	2216.84	1e+20	6.37622e+08	18.1856	35.9638	72.9083	39.4826	85.7418	40.8639	
143000	-141362	-1332.37	-94489.9	-23488.4	0.091656	1	0.166085	12.042	1.40801	0.0139219	16.4712	0.68059	6965	99	555	-74671.1	89.8561f	57.3511	4	1	1	0.039604	0.178218	0.0594059	9.90099e-09	0	0	0	0	0.745455	0.952722	0.191092	0.5	0.902439	9.90099e-09	0.049505	9.90099e-09	1	0.097561	0.123457	0.666667	0.666667	0.666667	1	1	2216.84	1e+20	6.37622e+08	18.1856	35.9638	72.9083	39.4826	89.8561	57.3511	
144000	-140166	-1332.37	-93293.2	-23208.8	0.0918201	1	0.166085	12.042	1.34467	0.0128687	16.2755	0.712647	6848	99	573	-74671.1	36.2805f	15.9885	4	1	1	0.039604	0.178218	0.0594059	9.90099e-09	0	0	0	0	0.818182	0.972303	0.176128	0.516667	0.875723	9.90099e-09	0.049505	9.90099e-09	1	0.0861314	0.137631	0.666667	0.666667	0.666667	1	1	2216.84	1e+20	6.37622e+08	18.1856	35.9638	72.9083	39.4826	36.2805	15.9885	
145000	-140522	-1332.37	-93650.1	-23199.3	0.0919384	1	0.182949	10.932	1.30066	0.00638073	15.75	0.668846	6844	99	614	-74671.1	27.0894f	49.6226	4	1	1	0.039604	0.178218	0.0594059	9.90099e-09	0	0	0	0	0.827273	0.953148	0.205839	0.529915	0.907625	9.90099e-09	0.049505	9.90099e-09	1	0.0963504	0.096248	0.666667	0.666667	0.666667	1	1	2216.84	1e+20	6.37622e+08	18.1856	35.9638	47.1142	29.7318	27.0894	49.6226	
146000	-140313	-1332.37	-93440.7	-23211.2	0.0920552	1	0.16487	12.1308	1.22107	0.00399888	15.9069	0.790563	6849	99	585	-74671.1	37.1507f	50.2057	4	1	1	0.039604	0.0990099	0.0594059	9.90099e-09	0	0	0	0	0.854545	0.95	0.184366	0.542373	0.896755	9.90099e-09	0.049505	9.90099e-09	1	0.0963504	0.10772	0.666667	0.666667	0.666667	1	1	2216.84	1e+20	6.37622e+08	18.1856	35.9638	47.1142	29.7318	37.1507	50.2057	
147000	-142586	-1332.37	-95713.3	-23659.7	0.0920552	1	0.178084	11.2306	1.31895	0.00482237	15.9069	0.67759	7037	99	599	-74671.1	62.9679f	41.8034	4	1	1	0.039604	0.0990099	0.0594059	9.90099e-09	0	0	0	0	0.754545	0.954738	0.194602	0.558333	0.895332	9.90099e-09	0.049505	9.90099e-09	1	0.0848656	0.125654	0.666667	0.666667	0.666667	1	1	2216.84	1e+20	6.37622e+08	39.2526	11.0051	47.1142	29.7318	62.9679	41.8034	
148000	-141996	-1332.37	-95124	-23570.4	0.0942771	1	0.175683	11.3841	1.33257	0.00423902	15.9069	0.679832	7000	99	585	-74671.1	44.8888f	38.9558	4	1	1	0.039604	0.0990099	0.0594059	0.009901	0	0	0	0	0.836364	0.95279	0.195402	0.564103	0.88412	9.90099e-09	0.029703	9.90099e-09	1	0.105563	0.139535	0.666667	0.666667	0.666667	1	1	2216.84	1e+20	6.37622e+08	18.1856	35.9638	47.1142	29.7318	44.8888	38.9558	
149000	-142412	-1332.37	-95539.7	-23608.2	0.0942771	1	0.168323	11.8819	1.44788	0.0110367	16.4151	0.653048	7016	99	597	-74671.1	29.7426f	23.587	4	1	1	0.0990099	0.0990099	0.0990099	0.009901	0	0	0	0	0.809091	0.948864	0.191155	0.458333	0.900568	9.90099e-09	0.029703	9.90099e-09	1	0.103693	0.160804	0.666667	0.666667	0.666667	1	1	2216.84	1e+20	6.37622e+08	18.1856	35.9638	47.1142	29.7318	29.7426	23.587	
150000	-140912	-1332.37	-94039.6	-23425.7	0.0925459	1	0.160477	12.4628	1.3696	0.00380203	16.459	0.724127	6939	99	543	-74671.1	60.6438f	55.372	4	1	1	0.0990099	0.0990099	0.0990099	0.009901	0	0	0	0	0.8	0.961207	0.206052	0.54955	0.882857	9.90099e-09	0.029703	9.90099e-09	1	0.0850144	0.168478	0.666667	0.666667	0.666667	1	1	2216.84	1e+20	6.37622e+08	18.1856	35.9638	47.1142	29.7318	60.6438	55.372	
151000	-140870	-1332.37	-93998	-23228.5	0.0906224	1	0.167875	11.9136	1.57649	0.00759517	16.9459	0.601372	6856	99	616	-74671.1	23.3069f	53.7057	4	1	1	0.0990099	0.0990099	0.0990099	0.009901	0	0	0	0	0.754545	0.95481	0.25254	0.460317	0.886297	9.90099e-09	0.029703	9.90099e-09	1	0.123907	0.136012	0.666667	0.666667	0.666667	1	1	2216.84	1e+20	6.37622e+08	18.1856	35.9638	47.1142	29.7318	23.3069	53.7057	
152000	-141749	-1332.37	-94876.2	-23423.3	0.0933643	1	0.163501	12.2323	1.58187	0.00553781	16.9459	0.615357	6938	99	614	-74671.1	69.324f	50.1484	4	1	1	0.0990099	0.158416	0.0990099	0.009901	0	0	0	0	0.818182	0.962482	0.208934	0.5	0.897695	9.90099e-09	0.029703	9.90099e-09	1	0.100865	0.143322	0.666667	0.666667	0.666667	1	1	2216.84	1e+20	6.37622e+08	18.1856	35.9638	47.1142	29.7318	69.324	50.1484	
153000	-145228	-1332.37	-98355.9	-24042.9	0.0941835	1	0.177574	11.2629	1.73406	0.00629709	16.9483	0.516865	7200	99	655	-74671.1	55.351f	30.414	4	1	1	0.0990099	0.158416	0.0990099	0.009901	0	0	0	0	0.781818	0.962656	0.206371	0.515873	0.898752	9.90099e-09	0.029703	9.90099e-09	1	0.0943135	0.157729	0.666667	0.666667	0.666667	1	1	2216.84	1e+20	6.37622e+08	18.1856	35.9638	47.1142	29.7318	55.351	30.414	
154000	-146161	-1332.37	-99289	-24125.2	0.0976714	1	0.188124	10.6313	1.90512	0.00653847	16.9483	0.444072	7236	99	702	-74671.1	32.8963f	36.0514	4	1	1	0.0990099	0.158416	0.0990099	0.009901	0	0	0	0	0.781818	0.941748	0.218056	0.527778	0.883333	9.90099e-09	0.0990099	9.90099e-09	1	0.0980663	0.123611	0.666667	0.666667	0.666667	1	1	2216.84	1e+20	6.37622e+08	18.1856	35.9638	47.1142	29.7318	32.8963	36.0514	
155000	-149011	-1332.37	-102139	-24828.3	0.100612	1	0.173845	11.5045	1.93866	0.00901745	17.2333	0.472233	7540	99	638	-74671.1	21.632f	40.9979	4	1	1	0.0792079	0.158416	0.0792079	0.009901	0	0	0	0	0.827273	0.964096	0.215426	0.514925	0.906915	9.90099e-09	0.0990099	9.90099e-09	1	0.107713	0.129032	0.666667	0.666667	0.666667	1	1	2216.84	1e+20	6.37622e+08	18.1856	35.9638	47.1142	29.7318	21.632	40.9979	
156000	-149063	-1332.37	-102191	-24819.1	0.101321	1	0.161855	12.3567	1.61212	0.0104258	16.724	0.609953	7536	99	654	-74671.1	75.1786f	30.4568	4	1	1	0.0792079	0.158416	0.0792079	9.90099e-09	0	0	0	0	0.754545	0.951187	0.176393	0.515385	0.901055	9.90099e-09	0.0990099	9.90099e-09	1	0.0870712	0.172783	0.666667	0.666667	0.666667	1	1	2216.84	1e+20	6.37622e+08	18.1856	35.9638	47.1142	29.7318	75.1786	30.4568	
157000	-151705	-1332.37	-104833	-25229.9	0.102685	1	0.170002	11.7645	1.71607	0.00864702	16.724	0.545544	7716	99	700	-74671.1	30.454f	30.0938	4	1	1	0.0792079	0.158416	0.0792079	9.90099e-09	0	0	0	0	0.745455	0.957364	0.196636	0.529412	0.903394	9.90099e-09	0.0990099	9.90099e-09	1	0.0983182	0.135693	0.666667	0.666667	0.666667	1	1	2216.84	1e+20	6.37622e+08	36.9263	39.0957	44.0617	38.3845	30.454	30.0938	
158000	-150792	-1332.37	-103920	-25120.7	0.102685	1	0.162699	12.2927	1.71581	0.00308369	16.908	0.570122	7668	99	666	-74671.1	46.5847f	48.3555	4	1	1	0.0792079	0.19802	0.0792079	9.90099e-09	0	0	0	0	0.745455	0.956919	0.217731	0.521429	0.889908	9.90099e-09	0.0990099	9.90099e-09	1	0.108214	0.119225	0.666667	0.666667	0.666667	1	1	2216.84	1e+20	6.37622e+08	36.9263	39.0957	44.0617	38.3845	46.5847	48.3555	
159000	-152378	-1332.37	-105506	-25355.1	0.102685	1	0.162699	12.2927	1.80092	0.00597662	17.1139	0.543177	7771	99	700	-74671.1	64.3063f	36.5837	4	1	1	0.0792079	0.19802	0.0792079	9.90099e-09	0	0	0	0	0.745455	0.956072	0.256113	0.496599	0.891613	9.90099e-09	0.0990099	9.90099e-09	1	0.12	0.141844	0.666667	0.666667	0.666667	1	1	2216.84	1e+20	6.37622e+08	36.9263	39.0957	57.0463	7.82065	64.3063	36.5837	
160000	-151180	-1332.37	-104308	-25142.9	0.105038	1	0.15499	12.9041	1.98024	0.0128811	17.6386	0.518561	7677	99	682	-74671.1	52.2627f	13.6513	4	1	1	0.0792079	0.19802	0.0792079	9.90099e-09	0	0	0	0	0.836364	0.953125	0.207572	0.55814	0.885863	9.90099e-09	0.0990099	9.90099e-09	1	0.104712	0.170111	0.666667	0.666667	0.666667	1	1	2216.84	1e+20	6.37622e+08	36.9263	39.0957	57.0463	7.82065	52.2627	13.6513	
161000	-152905	-1332.37	-106032	-25370.6	0.105175	1	0.168052	11.9011	2.50352	0.0129486	18.323	0.378292	7778	99	734	-74671.1	25.9275f	21.5741	4	1	1	0.0792079	0.19802	0.0693069	9.90099e-09	0	0	0	0	0.8	0.971539	0.241956	0.47973	0.904762	9.90099e-09	0.128713	9.90099e-09	1	0.105398	0.174286	0.666667	0.666667	0.666667	1	1	2216.84	1e+20	6.37622e+08	31.3889	59.2129	57.0463	7.82065	25.9275	21.5741	
162000	-152566	-1332.37	-105694	-25397.6	0.105175	1	0.164138	12.1849	2.29893	0.0169267	18.0426	0.421778	7790	99	696	-74671.1	56.7863f	6.95324	4	1	1	0.0792079	0.19802	0.0693069	9.90099e-09	0	0	0	0	0.763636	0.956354	0.241997	0.547945	0.898977	9.90099e-09	0.128713	9.90099e-09	1	0.103846	0.148359	0.666667	0.666667	0.666667	1	1	2216.84	1e+20	6.37622e+08	20.1559	55.512	57.0463	7.82065	56.7863	6.95324	
163000	-152905	-1332.37	-106033	-25505.7	0.105175	1	0.149131	13.4111	2.006	0.0225712	17.8612	0.532014	7838	99	672	-74671.1	66.6541f	0.689379	4	1	1	0.0792079	0.19802	0.0693069	9.90099e-09	0	0	0	0	0.736364	0.974651	0.234474	0.582734	0.893536	9.90099e-09	0.128713	9.90099e-09	1	0.0988593	0.142643	0.666667	0.666667	0.666667	1	1	2216.84	1e+20	6.37622e+08	20.1559	55.512	57.0463	7.82065	66.6541	0.689379	
164000	-152580	-1332.37	-105708	-25444.9	0.105175	1	0.142866	13.9991	1.90812	0.0187487	17.8295	0.583827	7811	99	673	-74671.1	23.1468f	11.3844	4	1	1	0.0792079	0.118812	0.0693069	9.90099e-09	0	0	0	0	0.845455	0.970588	0.220382	0.525926	0.88491	9.90099e-09	0.128713	9.90099e-09	1	0.0882353	0.14771	0.666667	0.666667	0.666667	1	1	2216.84	1e+20	6.37622e+08	4.43528	32.1959	33.7259	25.0951	23.1468	11.3844	
165000	-153666	-1332.37	-106794	-25652.3	0.104795	1	0.142866	13.9991	1.90123	0.0176466	17.8295	0.585944	7903	99	672	-74671.1	31.8663f	8.74625	4	1	1	0.0792079	0.118812	0.0693069	9.90099e-09	0	0	0	0	0.836364	0.965866	0.231939	0.443609	0.881313	9.90099e-09	0.128713	9.90099e-09	1	0.10493	0.173252	0.666667	0.666667	0.666667	1	1	2216.84	1e+20	6.37622e+08	4.43528	32.1959	33.7259	25.0951	31.8663	8.74625	
166000	-152906	-1332.37	-106034	-25462.9	0.104795	1	0.164515	12.1569	2.18933	0.00630233	17.8295	0.441878	7819	99	694	-74671.1	52.6575f	29.8651	4	1	1	0.0792079	0.118812	0.0693069	9.90099e-09	0	0	0	0	0.836364	0.947771	0.213282	0.56338	0.891582	9.90099e-09	0.0594059	9.90099e-09	1	0.101023	0.147222	0.666667	0.666667	0.666667	1	1	2216.84	1e+20	6.37622e+08	4.43528	32.1959	35.3072	34.9105	52.6575	29.8651	
167000	-150827	-1332.37	-103955	-25153.8	0.104795	1	0.154965	12.9061	2.01881	0.0070831	17.7348	0.508734	7682	99	653	-74671.1	29.2314f	37.866	4	1	1	0.0792079	0.118812	0.0594059	9.90099e-09	0	0	0	0	0.809091	0.953428	0.242268	0.530769	0.880155	9.90099e-09	0.0594059	9.90099e-09	1	0.0850515	0.173252	0.666667	0.666667	0.666667	1	1	2216.84	1e+20	6.37622e+08	4.43528	32.1959	35.3072	34.9105	29.2314	37.866	
168000	-152321	-1332.37	-105449	-25336.5	0.104795	1	0.17653	11.3295	1.8364	0.0151212	16.7648	0.490948	7763	99	710	-74671.1	26.2101f	16.4717	4	1	1	0.0792079	0.118812	0.0594059	9.90099e-09	0	0	0	0	0.836364	0.962581	0.223803	0.510638	0.880309	9.90099e-09	0.0594059	9.90099e-09	1	0.0941935	0.139007	0.666667	0.666667	0.666667	1	1	2216.84	1e+20	6.37622e+08	4.43528	32.1959	35.3072	34.9105	26.2101	16.4717	
169000	-154990	-1332.37	-108117	-25699.7	0.104795	1	0.184057	10.8662	1.94406	0.0150419	16.8287	0.444792	7924	99	783	-74671.1	35.2515f	12.1027	4	1	1	0.009901	0.118812	0.0594059	9.90099e-09	0	0	0	0	0.790909	0.957071	0.21942	0.503145	0.87768	9.90099e-09	0.0594059	9.90099e-09	1	0.119798	0.149485	0.666667	0.666667	0.666667	1	1	2216.84	1e+20	6.37622e+08	4.43528	32.1959	35.3072	34.9105	35.2515	12.1027	
170000	-153750	-1332.37	-106878	-25578.3	0.104156	1	0.191963	10.4187	1.78131	0.0166854	16.3176	0.465439	7870	99	734	-74671.1	44.7596f	7.05835	4	1	1	0.009901	0.108911	0.0594059	9.90099e-09	0	0	0	0	0.736364	0.952866	0.215561	0.482993	0.876117	9.90099e-09	0.0594059	9.90099e-09	1	0.105732	0.154812	0.666667	0.666667	0.666667	1	1	2216.84	1e+20	6.37622e+08	4.43528	32.1959	35.3072	34.9105	44.7596	7.05835	
171000	-148984	-1332.37	-102111	-24828.4	0.101626	1	0.191963	10.4187	1.73804	0.00612299	16.3176	0.477028	7540	99	640	-74671.1	49.4852f	30.2706	4	1	1	0.009901	0.108911	0.0594059	9.90099e-09	0	0	0	0	0.745455	0.959049	0.169312	0.481752	0.880795	9.90099e-09	0.0594059	9.90099e-09	1	0.0675497	0.140649	0.666667	0.666667	0.666667	1	1	2216.84	1e+20	6.37622e+08	4.43528	32.1959	35.3072	34.9105	49.4852	30.2706	
172000	-148728	-1332.37	-101856	-24691.2	0.101626	1	0.179729	11.1279	1.85365	0.0138279	16.8577	0.477723	7480	99	683	-74671.1	17.4349f	27.8499	4	1	1	0.009901	0.108911	0.0594059	9.90099e-09	0	0	0	0	0.818182	0.96	0.2	0.56391	0.87717	9.90099e-09	0.0594059	9.90099e-09	1	0.0975936	0.147877	0.666667	0.666667	0.666667	1	1	2216.84	1e+20	6.37622e+08	16.6018	33.7921	35.3072	34.9105	17.4349	27.8499	
173000	-148436	-1332.37	-101564	-24602	0.101626	1	0.179729	11.1279	1.85365	0.00658565	16.8577	0.477723	7441	99	688	-74671.1	42.9725f	29.7219	4	1	1	0.009901	0.108911	0.0594059	9.90099e-09	0	0	0	0	0.827273	0.957162	0.217795	0.481752	0.908367	9.90099e-09	0.029703	9.90099e-09	1	0.0941645	0.135965	0.666667	0.666667	0.666667	1	1	2216.84	1e+20	6.37622e+08	16.6018	33.7921	52.3874	29.6336	42.9725	29.7219	
174000	-145737	-1332.37	-98864.8	-24244.7	0.0961086	1	0.149369	13.3896	1.4569	0.00545775	16.8577	0.731354	7287	99	604	-74671.1	60.6096f	36.0441	4	1	1	0.009901	0.108911	0.0693069	9.90099e-09	0	0	0	0	0.763636	0.971193	0.190672	0.563025	0.884774	9.90099e-09	0.029703	9.90099e-09	1	0.0823045	0.184692	0.666667	0.666667	0.666667	1	1	2216.84	1e+20	6.37622e+08	16.6018	33.7921	52.3874	29.6336	60.6096	36.0441	
175000	-145125	-1332.37	-98252.3	-24258.8	0.0961086	1	0.151997	13.1581	1.55581	0.00829341	17.0623	0.673019	7293	99	542	-74671.1	55.7595f	24.4718	4	1	1	0.049505	0.108911	0.0693069	9.90099e-09	0	0	0	0	0.790909	0.957359	0.182192	0.513761	0.891967	9.90099e-09	0.029703	9.90099e-09	1	0.0941828	0.150442	0.666667	0.666667	0.666667	1	1	2216.84	1e+20	6.37622e+08	16.6018	33.7921	52.3874	29.6336	55.7595	24.4718	
176000	-146011	-1332.37	-99139.1	-24350.8	0.0979434	1	0.151997	13.1581	1.58551	0.00474744	17.0623	0.660411	7333	99	584	-74671.1	64.3966f	44.6888	4	1	1	0.049505	0.108911	0.0693069	9.90099e-09	0	0	0	0	0.872727	0.956344	0.200549	0.512195	0.889495	9.90099e-09	0.029703	9.90099e-09	1	0.100817	0.17541	0.666667	0.666667	0.666667	1	1	2216.84	1e+20	6.37622e+08	16.6018	33.7921	52.3874	29.6336	64.3966	44.6888	
177000	-146167	-1332.37	-99294.8	-24445.9	0.0981713	1	0.141266	14.1577	1.79484	0.0158442	17.9142	0.627706	7374	99	555	-74671.1	49.7804f	8.19927	4	1	1	0.049505	0.108911	0.0693069	9.90099e-09	0	0	0	0	0.790909	0.97023	0.222222	0.571429	0.911924	9.90099e-09	0.029703	9.90099e-09	1	0.097561	0.160069	0.666667	0.666667	0.666667	1	1	2216.84	1e+20	6.37622e+08	16.6018	33.7921	52.3874	29.6336	49.7804	8.19927	
178000	-143102	-1332.37	-96229.8	-23726.4	0.0952685	1	0.152046	13.1539	1.87468	0.00381022	17.9142	0.558364	7066	99	597	-74671.1	45.0067f	41.6132	4	1	1	0.049505	0.108911	0.0693069	9.90099e-09	0	0	0	0	0.790909	0.971429	0.236052	0.491228	0.896747	9.90099e-09	0.029703	9.90099e-09	1	0.10043	0.155779	0.666667	0.666667	0.666667	1	1	2216.84	1e+20	6.37622e+08	16.6018	33.7921	49.6495	25.2429	45.0067	41.6132	
179000	-143774	-1332.37	-96902.1	-23829.8	0.0952685	1	0.135306	14.7813	1.68794	0.00934332	17.9668	0.696859	7110	99	610	-74671.1	33.1985f	25.9084	4	1	1	0.049505	0.148515	0.0693069	9.90099e-09	0	0	0	0	0.763636	0.971831	0.228491	0.508475	0.891854	9.90099e-09	0.029703	9.90099e-09	1	0.0814607	0.145025	0.666667	0.666667	0.666667	1	1	2216.84	1e+20	6.37622e+08	16.6018	33.7921	49.6495	25.2429	33.1985	25.9084	
180000	-145373	-1332.37	-98500.3	-24199.6	0.0975985	1	0.156491	12.7803	1.79283	0.012891	17.4823	0.567273	7268	99	590	-74671.1	32.5463f	17.5528	4	1	1	0.049505	0.148515	0.029703	9.90099e-09	0	0	0	0	0.827273	0.953361	0.245542	0.484848	0.897119	9.90099e-09	0.0891089	9.90099e-09	1	0.112792	0.155932	0.666667	0.666667	0.666667	1	1	2216.84	1e+20	6.37622e+08	16.6018	33.7921	49.6495	25.2429	32.5463	17.5528	
181000	-144450	-1332.37	-97578	-24041	0.0958276	1	0.142033	14.0812	1.64637	0.00296085	17.614	0.680618	7200	99	576	-74671.1	50.8341f	54.1275	4	1	1	0.0594059	0.148515	0.029703	9.90099e-09	0	0	0	0	0.836364	0.961111	0.231944	0.564103	0.908333	0.009901	0.0891089	9.90099e-09	1	0.0859917	0.166954	0.666667	0.666667	0.666667	1	1	2216.84	1e+20	6.37622e+08	16.6018	33.7921	49.6495	25.2429	50.8341	54.1275	
182000	-144762	-1332.37	-97890	-23980.1	0.0957856	1	0.144563	13.8348	2.12592	0.0057596	18.6958	0.517863	7174	99	625	-74671.1	30.5513f	44.5182	4	1	1	0.0594059	0.148515	0.029703	9.90099e-09	0	0	0	0	0.818182	0.961326	0.231198	0.552	0.905687	0.009901	0.0891089	9.90099e-09	1	0.0807799	0.1488	0.666667	0.666667	0.666667	1	1	2216.84	1e+20	6.37622e+08	16.6018	33.7921	49.6495	25.2429	30.5513	44.5182	
183000	-144581	-1332.37	-97708.2	-24006.1	0.0952935	1	0.144563	13.8348	1.93305	0.0185186	18.2801	0.569535	7185	99	600	-74671.1	37.8091f	5.34666	4	1	1	0.0594059	0.148515	0.029703	9.90099e-09	0	0	0	0	0.809091	0.966805	0.237898	0.532787	0.901389	0.009901	0.0891089	9.90099e-09	1	0.0982019	0.173045	0.666667	0.666667	0.666667	1	1	2216.84	1e+20	6.37622e+08	16.6018	33.7921	49.6495	25.2429	37.8091	5.34666	
184000	-143289	-1332.37	-96416.7	-23780.4	0.0952935	1	0.138598	14.4302	1.75383	0.015095	18.0297	0.654752	7089	99	586	-74671.1	58.5514f	10.4274	4	1	1	0.0594059	0.158416	0.029703	9.90099e-09	0	0	0	0	0.772727	0.954993	0.231638	0.454545	0.908836	0.009901	0.0891089	9.90099e-09	1	0.100141	0.155483	0.666667	0.666667	0.666667	1	1	2216.84	1e+20	6.37622e+08	16.6018	33.7921	64.8834	38.5865	58.5514	10.4274	
185000	-144711	-1332.37	-97838.9	-23995.3	0.0931259	1	0.142842	14.0015	1.75761	0.0103138	18.0072	0.633929	7179	99	619	-74671.1	80.5771f	39.9517	4	1	1	0.0594059	0.158416	0.0990099	9.90099e-09	0	0	0	0	0.781818	0.977839	0.23301	0.475806	0.894737	0.009901	0.0891089	9.90099e-09	1	0.124118	0.147516	0.666667	0.666667	0.666667	1	1	2216.84	1e+20	6.37622e+08	16.6018	33.7921	64.8834	38.5865	80.5771	39.9517	
186000	-141543	-1332.37	-94671.1	-23546.7	0.0931259	1	0.138255	14.466	1.70117	0.0142589	18.0072	0.67669	6990	99	537	-74671.1	46.0011f	11.1461	4	1	1	0.0891089	0.158416	0.0990099	9.90099e-09	0	0	0	0	0.772727	0.963121	0.216833	0.473684	0.913475	0.009901	0.049505	9.90099e-09	1	0.0985714	0.151246	0.666667	0.666667	0.666667	1	1	2216.84	1e+20	6.37622e+08	15.7973	29.2264	64.8834	38.5865	46.0011	11.1461	
187000	-141634	-1332.37	-94762	-23451.7	0.0931259	1	0.151758	13.1789	1.82662	0.00879818	17.9083	0.574142	6950	99	578	-74671.1	77.3228f	62.7261	4	1	1	0.0891089	0.158416	0.0990099	9.90099e-09	0	0	0	0	0.736364	0.959828	0.209469	0.465517	0.895265	0.009901	0.049505	9.90099e-09	1	0.0989957	0.162562	0.666667	0.666667	0.666667	1	1	2216.84	1e+20	6.37622e+08	15.7973	29.2264	77.3428	82.7393	77.3228	62.7261	
188000	-140260	-1332.37	-93388.1	-23185.1	0.0909198	1	0.150492	13.2897	1.76848	0.00820815	17.9083	0.598007	6838	99	577	-74671.1	77.4537f	56.2507	4	1	1	0.0891089	0.158416	0.0990099	9.90099e-09	0	0	0	0	0.818182	0.962044	0.210835	0.410256	0.899709	0.009901	0.049505	9.90099e-09	1	0.100877	0.193717	0.666667	0.666667	0.666667	1	1	2216.84	1e+20	6.37622e+08	15.7973	29.2264	77.3428	82.7393	77.4537	56.2507	
189000	-138990	-1332.37	-92117.3	-22875.8	0.0909198	1	0.153583	13.0223	1.8048	0.0100777	17.9083	0.57418	6709	99	601	-74671.1	55.8453f	84.2189	4	1	1	0.0891089	0.158416	0.0990099	9.90099e-09	0	0	0	0	0.781818	0.95549	0.233284	0.533333	0.889881	0.009901	0.049505	9.90099e-09	1	0.106825	0.159933	0.666667	0.666667	0.666667	1	1	2216.84	1e+20	6.37622e+08	15.7973	29.2264	77.3428	82.7393	55.8453	84.2189	
190000	-140013	-1332.37	-93140.2	-22945.3	0.0909198	1	0.156176	12.806	2.16255	0.0067808	18.6582	0.471237	6738	99	658	-74671.1	69.0501f	37.974	4	1	1	0.0891089	0.188119	0.0990099	9.90099e-09	0	0	0	0	0.863636	0.964339	0.223704	0.476563	0.873887	0.009901	0.049505	9.90099e-09	1	0.102222	0.164087	0.666667	0.666667	0.666667	1	1	2216.84	1e+20	6.37622e+08	15.7973	29.2264	77.3428	82.7393	69.0501	37.974	
191000	-139636	-1332.37	-92763.5	-22925.9	0.0905344	1	0.158873	12.5886	2.03593	0.0114275	18.3199	0.492046	6730	99	630	-74671.1	85.2955f	51.3753	4	1	1	0.019802	0.188119	0.039604	9.90099e-09	0	0	0	0	0.818182	0.962963	0.224369	0.507813	0.903561	0.009901	0.049505	9.90099e-09	1	0.132047	0.168254	0.666667	0.666667	0.666667	1	1	2216.84	1e+20	6.37622e+08	15.7973	29.2264	77.3428	82.7393	85.2955	51.3753	
192000	-140032	-1332.37	-93159.6	-23029.2	0.0907925	1	0.154173	12.9725	1.98133	0.0120368	18.3199	0.521023	6773	99	627	-74671.1	83.8882f	65.9026	4	1	1	0.019802	0.188119	0.039604	9.90099e-09	0	0	0	0	0.818182	0.966325	0.246696	0.46281	0.898678	0.009901	0.108911	9.90099e-09	1	0.118943	0.179276	0.666667	0.666667	0.666667	1	1	2216.84	1e+20	6.37622e+08	15.7973	29.2264	77.3428	82.7393	83.8882	65.9026	
193000	-140860	-1332.37	-93988	-23287.7	0.0926291	1	0.140726	14.212	2.01865	0.021267	18.7362	0.560251	6881	99	585	-74671.1	78.0125f	96.1231	4	1	1	0.019802	0.188119	0.039604	9.90099e-09	0	0	0	0	0.863636	0.953353	0.240175	0.465116	0.901306	0.009901	0.108911	9.90099e-09	1	0.0758018	0.169231	0.666667	0.666667	0.666667	1	1	2216.84	1e+20	6.37622e+08	15.7973	29.2264	77.3428	82.7393	78.0125	96.1231	
194000	-140985	-1332.37	-94113.1	-23344.8	0.0926291	1	0.138122	14.48	2.03	0.0147375	18.8503	0.567626	6905	99	563	-74671.1	62.8462f	92.005	4	1	1	0.019802	0.188119	0.039604	9.90099e-09	0	0	0	0	0.790909	0.971014	0.224163	0.5	0.913169	0.009901	0.108911	9.90099e-09	1	0.0926194	0.159858	0.666667	0.666667	0.666667	1	1	2216.84	1e+20	6.37622e+08	15.7973	29.2264	93.0712	86.5781	62.8462	92.005	
195000	-142566	-1332.37	-95693.6	-23608.1	0.0937663	1	0.143291	13.9576	1.94404	0.0236382	18.4207	0.571341	7016	99	596	-74671.1	88.5535f	91.8906	4	1	1	0.019802	0.188119	0.039604	9.90099e-09	0	0	0	0	0.809091	0.974286	0.235378	0.45045	0.883191	9.90099e-09	0.108911	9.90099e-09	1	0.0968661	0.182444	0.666667	0.666667	0.666667	1	1	2216.84	1e+20	6.37622e+08	15.7973	29.2264	93.0712	86.5781	88.5535	91.8906	
196000	-142498	-1332.37	-95625.8	-23681.5	0.0937663	1	0.138636	14.4262	1.88089	0.0108116	18.4207	0.610352	7047	99	557	-74671.1	66.5369f	82.012	4	1	1	0.019802	0.188119	0.039604	9.90099e-09	0	0	0	0	0.818182	0.968616	0.222695	0.522124	0.900709	9.90099e-09	0.108911	9.90099e-09	1	0.0765957	0.192101	0.666667	0.666667	0.666667	1	1	2216.84	1e+20	6.37622e+08	15.7973	29.2264	93.0712	86.5781	66.5369	82.012	
197000	-145061	-1332.37	-98188.5	-24062	0.0970566	1	0.137158	14.5817	1.88643	0.0119395	18.3251	0.615115	7209	99	615	-74671.1	80.0823f	72.6497	4	1	1	0.0594059	0.168317	0.0693069	9.90099e-09	0	0	0	0	0.8	0.972337	0.224688	0.492857	0.895978	9.90099e-09	0.108911	9.90099e-09	1	0.114168	0.204583	0.666667	0.666667	0.666667	1	1	2216.84	1e+20	6.37622e+08	15.7973	29.2264	93.0712	86.5781	80.0823	72.6497	
198000	-146224	-1332.37	-99351.1	-24211.3	0.0970566	1	0.149247	13.4006	2.22812	0.00731147	18.7046	0.478604	7273	99	658	-74671.1	67.9768f	70.0107	4	1	1	0.0594059	0.168317	0.0693069	9.90099e-09	0	0	0	0	0.827273	0.9573	0.220386	0.522388	0.892562	9.90099e-09	0.0990099	9.90099e-09	1	0.0989011	0.180534	0.666667	0.666667	0.666667	1	1	2216.84	1e+20	6.37622e+08	15.7973	29.2264	93.0712	86.5781	67.9768	70.0107	
199000	-148040	-1332.37	-101168	-24563.7	0.0993679	1	0.149247	13.4006	2.36712	0.0220707	18.8784	0.4505	7425	99	663	-74671.1	93.7625f	82.3738	4	1	1	0.0594059	0.168317	0.0693069	9.90099e-09	0	0	0	0	0.845455	0.973009	0.233288	0.496183	0.893387	9.90099e-09	0.0990099	9.90099e-09	1	0.0850202	0.187029	0.666667	0.666667	0.666667	1	1	2216.84	1e+20	6.37622e+08	15.7973	29.2264	93.0712	86.5781	93.7625	82.3738	
200000	-148814	-1332.37	-101942	-24605.4	0.0988756	1	0.149247	13.4006	2.35539	0.0287009	18.8784	0.452743	7443	99	706	-74671.1	89.7222f	99.5075	4	1	1	0.0594059	0.168317	0.0693069	9.90099e-09	0	0	0	0	0.681818	0.950469	0.257373	0.463768	0.890244	9.90099e-09	0.0990099	9.90099e-09	1	0.12786	0.181686	0.666667	0.666667	0.666667	1	1	2216.84	1e+20	6.37622e+08	15.7973	29.2264	93.0712	86.5781	89.7222	99.5075	
201000	-149196	-1332.37	-102324	-24774.4	0.0988756	1	0.142025	14.0821	2.24141	0.0181324	18.8784	0.49996	7516	99	669	-74671.1	94.6743f	67.7976	4	1	1	0.0594059	0.168317	0.0693069	9.90099e-09	0	0	0	0	0.790909	0.962815	0.202128	0.5	0.895086	9.90099e-09	0.0990099	9.90099e-09	1	0.111702	0.171386	0.666667	0.666667	0.666667	1	1	2216.84	1e+20	6.37622e+08	15.7973	29.2264	93.0712	86.5781	94.6743	67.7976	
202000	-148573	-1332.37	-101700	-24700.6	0.0986005	1	0.142025	14.0821	2.23517	0.0108349	18.8784	0.501355	7484	99	640	-74671.1	77.1015f	72.8308	4	1	1	0.0594059	0.168317	0.0693069	9.90099e-09	0	0	0	0	0.736364	0.960916	0.256342	0.476563	0.907877	9.90099e-09	0.0990099	9.90099e-09	1	0.108144	0.165869	0.666667	0.666667	0.666667	1	1	2216.84	1e+20	6.37622e+08	15.7973	29.2264	93.0712	86.5781	77.1015	72.8308	
203000	-147366	-1332.37	-100494	-24494.5	0.0996743	1	0.137782	14.5157	1.96945	0.00751099	18.3798	0.586521	7395	99	626	-74671.1	72.942f	64.0936	4	1	1	0.0594059	0.0792079	0.0693069	9.90099e-09	0	0	0	0	0.818182	0.95424	0.245968	0.488	0.894166	9.90099e-09	0.0990099	9.90099e-09	1	0.0837838	0.162829	0.666667	0.666667	0.666667	1	1	2216.84	1e+20	6.37622e+08	59.2076	97.91	93.0712	86.5781	72.942	64.0936	
204000	-146637	-1332.37	-99765	-24441.5	0.0996743	1	0.138599	14.4301	1.98114	0.0186334	18.3798	0.579622	7372	99	587	-74671.1	81.911f	88.2684	4	1	1	0.0594059	0.0792079	0.039604	9.90099e-09	0	0	0	0	0.809091	0.966262	0.219512	0.491525	0.897574	9.90099e-09	0.049505	9.90099e-09	1	0.109164	0.155259	0.666667	0.666667	0.666667	1	1	2216.84	1e+20	6.37622e+08	15.7973	29.2264	93.0712	86.5781	81.911	88.2684	
205000	-147605	-1332.37	-100733	-24575.2	0.0996743	1	0.138728	14.4167	1.98297	0.0234853	18.3798	0.578549	7430	99	614	-74671.1	95.4479f	83.3466	4	1	1	0.0594059	0.0792079	0.039604	9.90099e-09	0	0	0	0	0.754545	0.962008	0.212366	0.512	0.884668	9.90099e-09	0.049505	9.90099e-09	1	0.104478	0.156766	0.666667	0.666667	0.666667	1	1	2216.84	1e+20	6.37622e+08	15.7973	29.2264	93.0712	86.5781	95.4479	83.3466	
206000	-147054	-1332.37	-100182	-24390.3	0.0990248	1	0.152088	13.1503	2.15978	0.00934388	18.3798	0.484523	7350	99	652	-74671.1	67.8927f	77.1546	4	1	1	0.0594059	0.0792079	0.039604	9.90099e-09	0	0	0	0	0.736364	0.953867	0.237838	0.523438	0.883469	9.90099e-09	0.049505	9.90099e-09	1	0.105548	0.170623	0.666667	0.666667	0.666667	1	1	2216.84	1e+20	6.37622e+08	15.7973	29.2264	85.1761	90.17	67.8927	77.1546	
207000	-145584	-1332.37	-98711.3	-24188.3	0.0981704	1	0.146262	13.6741	2.05913	0.0156986	18.3798	0.528451	7263	99	604	-74671.1	40.7124f	94.8725	4	1	1	0.0594059	0.0792079	0.039604	9.90099e-09	0	0	0	0	0.845455	0.966759	0.207469	0.418033	0.893646	0.009901	0.049505	9.90099e-09	1	0.0976616	0.170692	0.666667	0.666667	0.666667	1	1	2216.84	1e+20	6.37622e+08	18.1441	27.2906	85.1761	90.17	40.7124	94.8725	
208000	-147964	-1332.37	-101092	-24578.2	0.0981704	1	0.149782	13.3527	2.10868	0.0133215	18.3798	0.503906	7431	99	645	-74671.1	86.937f	64.9212	4	1	1	0.0594059	0.0792079	0.039604	9.90099e-09	0	0	0	0	0.763636	0.955526	0.228188	0.538462	0.887097	0.009901	0.049505	9.90099e-09	1	0.112903	0.164869	0.666667	0.666667	0.666667	1	1	2216.84	1e+20	6.37622e+08	3.97864	39.2544	85.1761	90.17	86.937	64.9212	
209000	-146679	-1332.37	-99806.3	-24295.4	0.0989347	1	0.149822	13.3492	2.12567	0.0160904	18.3798	0.499745	7309	99	657	-74671.1	45.2506f	96.2448	4	1	1	0.0594059	0.158416	0.039604	9.90099e-09	0	0	0	0	0.872727	0.948299	0.210383	0.423077	0.90847	0.009901	0.049505	9.90099e-09	1	0.107483	0.175633	0.666667	0.666667	0.666667	1	1	2216.84	1e+20	6.37622e+08	3.97864	39.2544	85.1761	90.17	45.2506	96.2448	
210000	-147063	-1332.37	-100191	-24549.9	0.0989347	1	0.149822	13.3492	2.12567	0.0173582	18.3798	0.499745	7419	99	579	-74671.1	72.2732f	92.6772	4	1	1	0.0594059	0.158416	0.039604	9.90099e-09	0	0	0	0	0.863636	0.963415	0.247606	0.495727	0.90027	0.009901	0.049505	9.90099e-09	1	0.105121	0.183074	0.666667	0.666667	0.666667	1	1	2216.84	1e+20	6.37622e+08	3.97864	39.2544	85.1761	90.17	72.2732	92.6772	
211000	-145826	-1332.37	-98953.2	-24147.1	0.0940742	1	0.14452	13.8389	1.94971	0.0148198	18.3798	0.564838	7244	99	646	-74671.1	60.5979f	92.83	4	1	1	0.0594059	0.158416	0.039604	9.90099e-09	0	0	0	0	0.818182	0.977839	0.242424	0.535433	0.909465	0.009901	0.0891089	9.90099e-09	1	0.103448	0.167442	0.666667	0.666667	0.666667	1	1	2216.84	1e+20	6.37622e+08	3.97864	39.2544	85.1761	90.17	60.5979	92.83	
212000	-144738	-1332.37	-97865.8	-23920.1	0.0941145	1	0.167468	11.9426	2.26027	0.0148383	18.3798	0.420464	7148	99	658	-74671.1	88.6817f	68.1615	4	1	1	0.0594059	0.158416	9.90099e-09	9.90099e-09	0	0	0	0	0.790909	0.95927	0.203626	0.422222	0.897902	0.009901	0.0891089	9.90099e-09	1	0.120787	0.176556	0.666667	0.666667	0.666667	1	1	2216.84	1e+20	6.37622e+08	3.97864	39.2544	85.1761	90.17	88.6817	68.1615	
213000	-145589	-1332.37	-98717	-24015.4	0.095525	1	0.17323	11.5453	2.12894	0.00868806	17.8876	0.431553	7189	99	691	-74671.1	78.7109f	56.2788	4	1	1	0.0594059	0.158416	9.90099e-09	9.90099e-09	0	0	0	0	0.818182	0.954167	0.217753	0.531469	0.885635	0.009901	0.0891089	9.90099e-09	1	0.102921	0.156028	0.666667	0.666667	0.666667	1	1	2216.84	1e+20	6.37622e+08	3.97864	39.2544	85.1761	90.17	78.7109	56.2788	
214000	-144680	-1332.37	-97807.5	-23912	0.095525	1	0.149646	13.3649	2.00307	0.0124345	18.2737	0.530954	7145	99	651	-74671.1	85.4386f	63.9871	4	1	1	0.0594059	0.158416	9.90099e-09	9.90099e-09	0	0	0	0	0.763636	0.951049	0.242297	0.565891	0.903226	0.009901	0.0891089	9.90099e-09	1	0.109244	0.185583	0.666667	0.666667	0.666667	1	1	2216.84	1e+20	6.37622e+08	3.97864	39.2544	85.1761	90.17	85.4386	63.9871	
215000	-145094	-1332.37	-98221.2	-23994.1	0.0964787	1	0.153801	13.0038	2.07924	0.0165901	18.2737	0.497687	7180	99	657	-74671.1	71.7764f	91.5202	4	1	1	0.0594059	0.158416	9.90099e-09	9.90099e-09	0	0	0	0	0.818182	0.965278	0.232591	0.472	0.891365	0.009901	0.0891089	9.90099e-09	1	0.110028	0.17757	0.666667	0.666667	0.666667	1	1	2216.84	1e+20	6.37622e+08	3.97864	39.2544	85.1761	90.17	71.7764	91.5202	
216000	-144636	-1332.37	-97763.2	-23982.4	0.0964787	1	0.154801	12.9198	2.09276	0.0219186	18.2737	0.491278	7175	99	615	-74671.1	74.9826f	98.9834	4	1	1	0.0594059	0.168317	9.90099e-09	9.90099e-09	0	0	0	0	0.854545	0.958159	0.225313	0.459259	0.910739	0.009901	0.0891089	9.90099e-09	1	0.105702	0.187599	0.666667	0.666667	0.666667	1	1	2216.84	1e+20	6.37622e+08	15.9737	29.0898	85.1761	90.17	74.9826	98.9834	
217000	-142946	-1332.37	-96073.6	-23657.8	0.0945231	1	0.140507	14.2342	1.88829	0.0131261	18.3403	0.599867	7037	99	602	-74671.1	41.7856f	90.3512	4	1	1	0.0594059	0.168317	9.90099e-09	9.90099e-09	0	0	0	0	0.818182	0.961864	0.241185	0.508065	0.895565	0.009901	0.0891089	9.90099e-09	1	0.111582	0.140033	0.666667	0.666667	0.666667	1	1	2216.84	1e+20	6.37622e+08	15.9737	29.0898	85.1761	90.17	41.7856	90.3512	
218000	-141321	-1332.37	-94448.2	-23413.9	0.0935233	1	0.145134	13.7804	1.75402	0.0125836	17.9075	0.625196	6934	99	566	-74671.1	69.3851f	84.5855	4	1	1	0.0594059	0.168317	0.029703	9.90099e-09	0	0	0	0	0.790909	0.964029	0.228121	0.538462	0.912356	0.009901	0.118812	9.90099e-09	1	0.0964029	0.188525	0.666667	0.666667	0.666667	1	1	2216.84	1e+20	6.37622e+08	15.9737	29.0898	85.1761	90.17	69.3851	84.5855	
219000	-143244	-1332.37	-96372	-23667.5	0.0934218	1	0.150864	13.257	1.61173	0.0114313	17.3685	0.654548	7041	99	633	-74671.1	62.8563f	85.2369	4	1	1	0.0594059	0.168317	0.029703	9.90099e-09	0	0	0	0	0.845455	0.96875	0.248933	0.53719	0.895863	0.009901	0.118812	9.90099e-09	1	0.110795	0.162717	0.666667	0.666667	0.666667	1	1	2216.84	1e+20	6.37622e+08	15.9737	29.0898	85.1761	90.17	62.8563	85.2369	
220000	-141946	-1332.37	-95073.5	-23406.8	0.0934652	1	0.160264	12.4794	1.84366	0.0299091	17.6908	0.538646	6931	99	628	-74671.1	95.1886f	96.3717	4	1	1	0.0594059	0.168317	0.029703	9.90099e-09	0	0	0	0	0.790909	0.953623	0.227994	0.557377	0.894203	9.90099e-09	0.118812	9.90099e-09	1	0.105187	0.135048	0.666667	0.666667	0.666667	1	1	2216.84	1e+20	6.37622e+08	15.9737	29.0898	85.1761	90.17	95.1886	96.3717	
221000	-141778	-1332.37	-94905.6	-23347.5	0.0934652	1	0.159883	12.5092	2.12091	0.0122147	18.3322	0.469349	6906	99	644	-74671.1	82.0696f	70.4974	4	1	1	0.0594059	0.168317	0.029703	9.90099e-09	0	0	0	0	0.827273	0.958273	0.232996	0.515625	0.889843	9.90099e-09	0.118812	9.90099e-09	1	0.123033	0.156006	0.666667	0.666667	0.666667	1	1	2216.84	1e+20	6.37622e+08	15.9737	29.0898	85.1761	90.17	82.0696	70.4974	
222000	-143085	-1332.37	-96212.3	-23591.6	0.0934652	1	0.152289	13.133	2.0231	0.0131265	18.3389	0.516577	7009	99	647	-74671.1	84.3319f	70.0689	4	1	1	0.0594059	0.257426	0.029703	9.90099e-09	0	0	0	0	0.836364	0.969914	0.234621	0.520325	0.891117	9.90099e-09	0.118812	9.90099e-09	1	0.112696	0.165316	0.666667	0.666667	0.666667	1	1	2216.84	1e+20	6.37622e+08	15.9737	29.0898	85.1761	90.17	84.3319	70.0689	
223000	-141466	-1332.37	-94593.7	-23432.8	0.0934652	1	0.14541	13.7542	1.84445	0.0316446	18.1281	0.593416	6942	99	570	-74671.1	95.655f	98.7541	4	1	1	0.0693069	0.257426	0.029703	9.90099e-09	0	0	0	0	0.772727	0.966954	0.25	0.452381	0.879137	9.90099e-09	0.108911	9.90099e-09	1	0.100719	0.163366	0.666667	0.666667	0.666667	1	1	2216.84	1e+20	6.37622e+08	15.9737	29.0898	89.5705	89.0928	95.655	98.7541	
224000	-140043	-1332.37	-93170.5	-23276.6	0.0936158	1	0.124207	16.1021	1.57804	0.0223526	18.1281	0.812	6876	99	515	-74671.1	94.8273f	81.4858	4	1	1	0.0693069	0.257426	0.0693069	9.90099e-09	0	0	0	0	0.836364	0.965418	0.221418	0.432432	0.915473	9.90099e-09	0.108911	9.90099e-09	1	0.0848921	0.145631	0.666667	0.666667	0.666667	1	1	2216.84	1e+20	6.37622e+08	15.9737	29.0898	89.5705	89.0928	94.8273	81.4858	
225000	-143730	-1332.37	-96857.4	-23987.1	0.0959825	1	0.122447	16.3337	1.77444	0.0181256	18.6178	0.732509	7177	99	530	-74671.1	76.3337f	91.6096	4	1	1	0.0693069	0.257426	0.0693069	9.90099e-09	0	0	0	0	0.818182	0.963585	0.228731	0.556604	0.913043	9.90099e-09	0.108911	9.90099e-09	1	0.0767085	0.192678	0.666667	0.666667	0.666667	1	1	2216.84	1e+20	6.37622e+08	15.9737	29.0898	89.5705	89.0928	76.3337	91.6096	
226000	-145344	-1332.37	-98472.1	-24185.9	0.0964362	1	0.125077	15.9902	1.82112	0.0256261	18.6178	0.698722	7262	99	582	-74671.1	92.3223f	91.7592	4	1	1	0.0693069	0.257426	0.0693069	9.90099e-09	0	0	0	0	0.8	0.965706	0.234568	0.521368	0.899863	9.90099e-09	0.108911	9.90099e-09	1	0.100137	0.198333	0.666667	0.666667	0.666667	1	1	2216.84	1e+20	6.37622e+08	15.9737	29.0898	89.5705	89.0928	92.3223	91.7592	
227000	-144730	-1332.37	-97857.7	-24146.1	0.0964362	1	0.113092	17.6847	1.8764	0.0222518	19.2358	0.750004	7245	99	542	-74671.1	79.1526f	97.0356	4	1	1	0.0693069	0.19802	0.0693069	9.90099e-09	0	0	0	0	0.854545	0.962656	0.222069	0.580357	0.924138	9.90099e-09	0.108911	9.90099e-09	1	0.0882759	0.182657	0.666667	0.666667	0.666667	1	1	2216.84	1e+20	6.37622e+08	15.9737	29.0898	89.5705	89.0928	79.1526	97.0356	