
# before rand glnL: -39984.367871 alnL: -1189.523667
# ninter: 99
# ncoal: 99
# nhits: 99
# true lbda: 0.002794
# true mu: 0.725588
# true rad: 48.598662
# true sigsq: 14.210060
# true neigh. size: 2.756384
# fst-based estimate of neighborhood size: -nan
# nucleotide diversity: 0.000000
# length of a generation: 2109.03 time units
# clock rate: 1 subst. per time unit
# after rand glnL: -39984.367871 alnL: -1189.523667
# ninter: 99
# ncoal: 99
# nhits: 99
# start lbda: 0.002794
# start mu: 0.725588
# start rad: 19.294075
sample	lnP	alnL	glnL	tlnL	lbda	clock	mu	neigh	sigsq	sigsqobs	rad	rhoe	nInt	nCoal	nHit	rootTime	rootLon	rootLat	tstv	alpha	MeanBr	accLbda	accMu	accRad	accInDelDisk	accInDelHit	accScaleTime	accSPR	accSPRlocal	accPath	accIndelDiskSerial	accIndelHitSerial	accLdskGivenDisk	accDiskGivenLdsk	accDiskAndLdsk	accLdskMulti	accDiskMulti	accMoveDiskUD	accAddRemoveJump	accLdskTipToRoot	tuneLbda	tuneRad	tuneMu	tuneIndelDisk	tuneIndelHit	tuneLdskGivenDisk	tuneIndelDiskSerial	tuneIndelHitSerial	c0	c1	rootc0	rootc1	rootldsk0	rootldsk1	
  1000	-52908.4	-1189.52	-6178.86	-1628.5	0.00778901	1	0.323693	6.17869	0.460953	0.0165357	19.5302	1.06667	278	99	130	-35793.3	83.1101f	41.4795	4	1	1	0	0	0	0	0	0	0	0	0.936364	0.81982	0.265487	0.386792	0.5625	0	0	0	1	0.144144	0.253846	1	1	1	1	1	1.5	11.3906	2.25	89.1073	91.0179	83.894	53.9608	83.1101	41.4795	
  2000	-55363.2	-1189.52	-8633.71	-2341.57	0.0130637	1	0.284211	7.03703	0.678809	0.00790125	19.5302	0.824959	432	99	160	-35793.3	56.4879f	27.3872	4	1	1	0	0	0	0	0	0	0	0	0.927273	0.860465	0.253846	0.528302	0.655738	0	0	0	1	0.229008	0.287671	1	1	1	1	1	5.0625	985.261	11.3906	89.1073	91.0179	57.082	35.4326	56.4879	27.3872	
  3000	-56719.3	-1189.52	-9989.75	-2739.69	0.0133102	1	0.256838	7.78701	0.626786	0.0137481	19.5441	0.988648	524	99	170	-35793.3	79.9443f	41.4739	4	1	1	0	0	0	0	0	0	0	0	0.909091	0.906542	0.266667	0.403846	0.682692	0	0	0	1	0.160377	0.131737	1	1	1	1	1	11.3906	431440	1477.89	89.1073	91.0179	49.1454	45.6807	79.9443	41.4739	
  4000	-58657	-1189.52	-11927.5	-3313.07	0.0210208	1	0.256406	7.80012	1.03916	0.0091777	19.7913	0.59732	663	99	175	-35793.3	25.0771f	54.4039	4	1	1	0	0	0	0	0	0	0	0	0.927273	0.933824	0.284672	0.486486	0.684615	0	0	0	1	0.179104	0.397727	1	1	1	1	1	57.665	1.88925e+08	25251.2	89.1073	91.0179	31.6302	55.9655	25.0771	54.4039	
  5000	-60736.3	-1189.52	-14006.8	-3842.2	0.0210208	1	0.19742	10.1307	0.800104	0.0117695	19.7913	1.00759	800	99	197	-35793.3	21.3271f	47.7375	4	1	1	0	0	0	0	0	0	0	0	0.890909	0.94375	0.34375	0.504854	0.727273	0	0	0	1	0.107595	0.169231	1	1	1	1	1	194.62	3.18038e+12	3.27625e+06	63.841	91.2526	31.6302	55.9655	21.3271	47.7375	
  6000	-61087.8	-1189.52	-14358.3	-3934.89	0.0210208	1	0.192742	10.3766	0.781144	0.0246919	19.7913	1.05709	824	99	203	-35793.3	8.14249f	49.7277	4	1	1	0	0	0	0	0	0	0	0	0.927273	0.91716	0.276471	0.50495	0.785276	0	0	0	1	0.142857	0.141361	1	1	1	1	1	985.261	4.70026e+15	8.39666e+07	82.3908	84.8409	1.37935	63.0513	8.14249	49.7277	
  7000	-62811.1	-1189.52	-16081.6	-4423.35	0.0292258	1	0.197043	10.1501	1.11028	0.0108503	19.7913	0.727489	956	99	203	-35793.3	22.8911f	55.03	4	1	1	0	0.237624	0.019802	0	0	0	0	0	0.909091	0.884211	0.315789	0.427273	0.819149	0	0.138614	0.0693069	1	0.147368	0.40367	1	0.666667	1.5	1	1	3325.26	1.04197e+19	9.56432e+08	82.3908	84.8409	1.37935	63.0513	22.8911	55.03	
  8000	-65374.5	-1189.52	-18645	-5004.82	0.0327851	1	0.221	9.04976	1.39694	0.0329735	19.7913	0.515526	1121	99	246	-35793.3	16.7583f	85.1264	4	1	1	0.188119	0.237624	0.019802	0	0	0	0	0	0.927273	0.936364	0.25	0.551724	0.747748	0	0.138614	0.0693069	1	0.169643	0.146341	0.666667	0.666667	1.5	1	1	16834.1	1e+20	3.67685e+10	82.3908	84.8409	1.37935	63.0513	16.7583	85.1264	
  9000	-66010.9	-1189.52	-19281.4	-5131.29	0.0319037	1	0.213642	9.36144	1.31412	0.0259591	19.7913	0.56689	1158	99	263	-35793.3	23.9959f	84.0679	4	1	1	0.188119	0.237624	0.019802	0	0	0	0	0	0.872727	0.898305	0.239316	0.485981	0.758621	0	0.138614	0.0693069	1	0.189655	0.127341	0.666667	0.666667	1.5	1	1	56815.1	1e+20	2.4151e+13	82.3908	84.8409	1.37935	63.0513	23.9959	84.0679	
 10000	-66321.9	-1189.52	-19592.4	-5268.26	0.0324882	1	0.229173	8.72703	1.25788	0.0353372	19.1485	0.552098	1198	99	245	-35793.3	3.19338f	67.8966	4	1	1	0.188119	0.237624	0.019802	0	0	0	0	0	0.872727	0.933333	0.191667	0.544554	0.816667	0	0.138614	0.0693069	1	0.116667	0.162996	0.666667	0.666667	1.5	1	1	431440	1e+20	9.28447e+14	82.3908	84.8409	1.37935	63.0513	3.19338	67.8966	
 11000	-67655.4	-1189.52	-20925.9	-5603.4	0.0360916	1	0.241738	8.27343	1.59153	0.0269714	19.5193	0.413676	1298	99	251	-35793.3	10.0968f	67.8867	4	1	1	0.188119	0.237624	0.019802	0	0	0	0	0	0.909091	0.96124	0.198473	0.533333	0.838462	0	0.138614	0.0693069	1	0.0923077	0.346939	0.666667	0.666667	1.5	1	1	431440	1e+20	9.28447e+14	82.3908	84.8409	1.37935	63.0513	10.0968	67.8867	
 12000	-69856.4	-1189.52	-23126.9	-6176.52	0.0398509	1	0.181803	11.0009	1.43413	0.0335521	19.9221	0.610423	1474	99	253	-35793.3	12.2657f	80.9382	4	1	1	0.188119	0.237624	0.019802	0.009901	0	0	0	0	0.9	0.938776	0.175676	0.472222	0.851351	0	0.118812	0.0693069	1	0.0884354	0.344	0.666667	0.666667	1.5	1	1	431440	1e+20	9.28447e+14	82.3908	84.8409	1.37935	63.0513	12.2657	80.9382	
 13000	-72076.4	-1189.52	-25346.8	-6671.66	0.0461598	1	0.187795	10.6499	1.62512	0.0343293	19.6531	0.521496	1632	99	275	-35793.3	11.8502f	81.3244	4	1	1	0.188119	0.0990099	0.019802	0.009901	0	0	0	0	0.909091	0.90184	0.257669	0.462963	0.853659	9.90099e-09	0.118812	0.0693069	1	0.141104	0.318352	0.666667	0.666667	1.5	1	1	431440	1e+20	9.28447e+14	82.3908	84.8409	1.37935	63.0513	11.8502	81.3244	
 14000	-74309.3	-1189.52	-27579.8	-7150.31	0.0481103	1	0.189809	10.5369	1.56649	0.0386843	19.2217	0.535273	1789	99	298	-35793.3	17.2895f	90.9478	4	1	1	0.118812	0.0990099	0.0693069	0.009901	0	0	0	0	0.881818	0.943182	0.232955	0.457627	0.785311	9.90099e-09	0.118812	0.0693069	1	0.122905	0.333333	0.666667	0.666667	1.5	1	1	431440	1e+20	9.28447e+14	76.0472	81.3379	1.37935	63.0513	17.2895	90.9478	
 15000	-75843.2	-1189.52	-29113.7	-7507.6	0.0537122	1	0.18928	10.5664	1.8339	0.00931389	19.4647	0.458502	1910	99	308	-35793.3	24.5647f	47.8895	4	1	1	0.118812	0.0990099	0.0693069	0.009901	0	0	0	0	0.918182	0.910526	0.219895	0.516129	0.882353	9.90099e-09	0.118812	9.90099e-09	1	0.203125	0.337705	0.666667	0.666667	1.5	1	1	431440	1e+20	9.28447e+14	76.0472	81.3379	13.9827	39.0184	24.5647	47.8895	
 16000	-76976.9	-1189.52	-30247.4	-7721.06	0.0537122	1	0.192372	10.3965	1.74561	0.00672802	19.1483	0.473949	1983	99	328	-35793.3	46.6225f	28.6006	4	1	1	0.118812	0.0990099	0.0693069	0.009901	0	0	0	0	0.854545	0.939394	0.221106	0.467742	0.834171	9.90099e-09	0.118812	9.90099e-09	1	0.135678	0.283951	0.666667	0.666667	1.5	1	1	431440	1e+20	9.28447e+14	76.0472	81.3379	13.9827	39.0184	46.6225	28.6006	
 17000	-77632.5	-1189.52	-30903	-7822.18	0.0545252	1	0.178805	11.1854	1.94059	0.0227921	19.9497	0.458677	2018	99	344	-35793.3	9.86869f	52.2695	4	1	1	0.118812	0.0990099	0.0693069	0.009901	0	0	0	0	0.881818	0.920792	0.26601	0.490196	0.821782	9.90099e-09	0.118812	9.90099e-09	1	0.188119	0.296512	0.666667	0.666667	1.5	1	1	431440	1e+20	9.28447e+14	76.0472	81.3379	13.9827	39.0184	9.86869	52.2695	
 18000	-76986.6	-1189.52	-30257	-7746.53	0.0567666	1	0.178805	11.1854	1.88043	0.0184112	19.5949	0.473351	1992	99	315	-35793.3	14.9629f	58.564	4	1	1	0.118812	0.0990099	0.0693069	0.009901	0	0	0	0	0.909091	0.935323	0.313433	0.54902	0.81592	9.90099e-09	0.0594059	9.90099e-09	1	0.165	0.276923	0.666667	0.666667	1.5	1	1	431440	1e+20	9.28447e+14	76.0472	81.3379	13.9827	39.0184	14.9629	58.564	
 19000	-77233.5	-1189.52	-30504	-7806.69	0.0561514	1	0.18359	10.8938	1.98529	0.00636198	19.7857	0.436663	2013	99	316	-35793.3	43.4552f	29.9975	4	1	1	0.118812	0.0990099	0.0693069	0.009901	0	0	0	0	0.890909	0.949749	0.313433	0.540323	0.861386	9.90099e-09	0.0594059	9.90099e-09	1	0.148515	0.279365	0.666667	0.666667	1.5	1	1	431440	1e+20	9.28447e+14	76.0472	81.3379	24.8764	40.3906	43.4552	29.9975	
 20000	-78814.9	-1189.52	-32085.4	-8106.86	0.0577024	1	0.174311	11.4737	1.91912	0.0135271	19.7398	0.475766	2118	99	343	-35793.3	22.7766f	35.3698	4	1	1	0.158416	0.0693069	0.0693069	0.009901	0	0	0	0	0.845455	0.906103	0.227488	0.533333	0.830189	9.90099e-09	0.0594059	9.90099e-09	1	0.150943	0.274052	0.666667	0.666667	1.5	1	1	431440	1e+20	9.28447e+14	76.0472	81.3379	24.8764	40.3906	22.7766	35.3698	
 21000	-78788	-1189.52	-32058.5	-8168.81	0.0584735	1	0.174311	11.4737	1.94476	0.0196923	19.7398	0.469492	2140	99	317	-35793.3	31.6516f	17.3994	4	1	1	0.158416	0.0693069	0.0693069	0.009901	0	0	0	0	0.8	0.949309	0.226852	0.518797	0.834101	9.90099e-09	0.0594059	9.90099e-09	1	0.195349	0.249211	0.666667	0.666667	1.5	1	1	431440	1e+20	9.28447e+14	76.0472	81.3379	24.8764	40.3906	31.6516	17.3994	
 22000	-78158.2	-1189.52	-31428.7	-7950.28	0.0586377	1	0.171456	11.6648	1.8981	0.030061	19.6877	0.489042	2063	99	340	-35793.3	7.88727f	68.9666	4	1	1	0.158416	0.0693069	0.0693069	0.009901	0	0	0	0	0.881818	0.918269	0.191388	0.568182	0.863415	9.90099e-09	0.0594059	9.90099e-09	1	0.153846	0.312121	0.666667	0.666667	1.5	1	1	431440	1e+20	9.28447e+14	76.0472	81.3379	24.8764	40.3906	7.88727	68.9666	
 23000	-79712.2	-1189.52	-32982.7	-8361.27	0.0587989	1	0.165275	12.101	1.8347	0.00584914	19.6877	0.524863	2208	99	326	-35793.3	62.9712f	34.6056	4	1	1	0.158416	0.0693069	0.0693069	0.009901	0	0	0	0	0.881818	0.954545	0.263636	0.490196	0.831818	9.90099e-09	0.0594059	9.90099e-09	1	0.109589	0.265781	0.666667	0.666667	1.5	1	1	431440	1e+20	9.28447e+14	76.0472	81.3379	50.6725	30.7201	62.9712	34.6056	
 24000	-79352.3	-1189.52	-32622.8	-8270.23	0.0591234	1	0.165275	12.101	1.84483	0.00543704	19.6877	0.521982	2176	99	327	-35793.3	58.4597f	32.5482	4	1	1	0.158416	0.0693069	0.0693069	0.009901	0	0	0	0	0.881818	0.945455	0.275229	0.53125	0.844037	9.90099e-09	0.0891089	9.90099e-09	1	0.151376	0.287097	0.666667	0.666667	1.5	1	1	431440	1e+20	9.28447e+14	76.0472	81.3379	50.6725	30.7201	58.4597	32.5482	
 25000	-79130.9	-1189.52	-32401.4	-8255.47	0.0601294	1	0.165275	12.101	1.93789	0.00768416	19.8475	0.496915	2171	99	309	-35793.3	69.7585f	61.8953	4	1	1	0.158416	0.0693069	0.0693069	0.009901	0	0	0	0	0.918182	0.934884	0.236111	0.552	0.865741	9.90099e-09	0.0891089	9.90099e-09	1	0.138889	0.282051	0.666667	0.666667	1.5	1	1	431440	1e+20	9.28447e+14	76.0472	81.3379	68.3589	48.4478	69.7585	61.8953	
 26000	-81109.3	-1189.52	-34379.8	-8592.15	0.0621931	1	0.165275	12.101	2.00441	0.0114948	19.8475	0.480426	2292	99	359	-35793.3	77.9837f	54.7671	4	1	1	0.118812	0.049505	0.0693069	0.009901	0	0	0	0	0.863636	0.96087	0.262009	0.456311	0.865217	9.90099e-09	0.0891089	9.90099e-09	1	0.126087	0.298246	0.666667	0.666667	1.5	1	1	431440	1e+20	9.28447e+14	76.0472	81.3379	68.3589	48.4478	77.9837	54.7671	
 27000	-80549.8	-1189.52	-33820.2	-8481.05	0.0621931	1	0.185261	10.7956	2.24679	0.00657923	19.8475	0.382361	2252	99	354	-35793.3	57.9716f	30.1312	4	1	1	0.118812	0.049505	0.039604	0.009901	0	0	0	0	0.8	0.929204	0.265487	0.523364	0.795556	9.90099e-09	0.0891089	9.90099e-09	1	0.119469	0.28655	0.666667	0.666667	1.5	1	1	431440	1e+20	9.28447e+14	76.0472	81.3379	77.4728	37.0848	57.9716	30.1312	
 28000	-81680.6	-1189.52	-34951	-8703.53	0.0654875	1	0.180105	11.1046	2.12857	0.0392437	19.467	0.41515	2333	99	370	-35793.3	96.4029f	24.6237	4	1	1	0.118812	0.049505	0.039604	0.009901	0	0	0	0	0.854545	0.953191	0.255319	0.504348	0.833333	9.90099e-09	0.0891089	9.90099e-09	1	0.162393	0.304233	0.666667	0.666667	1.5	1	1	431440	1e+20	9.28447e+14	76.0472	81.3379	77.4728	37.0848	96.4029	24.6237	
 29000	-80839.3	-1189.52	-34109.8	-8563.71	0.0640652	1	0.17463	11.4528	2.01904	0.0416433	19.467	0.451393	2282	99	345	-35793.3	93.3866f	17.0168	4	1	1	0.118812	0.049505	0.039604	0.009901	0	0	0	0	0.845455	0.929825	0.262009	0.571429	0.837719	9.90099e-09	0.0891089	9.90099e-09	1	0.0964912	0.342029	0.666667	0.666667	1.5	1	1	431440	1e+20	9.28447e+14	76.0472	81.3379	77.4728	37.0848	93.3866	17.0168	
 30000	-82520.5	-1189.52	-35791	-8897.4	0.0651544	1	0.186361	10.7319	2.27194	0.0168736	19.6437	0.375897	2404	99	369	-35793.3	77.281f	28.7623	4	1	1	0.118812	0.049505	0.039604	0.009901	0	0	0	0	0.890909	0.958333	0.274262	0.556522	0.80083	9.90099e-09	0.0990099	9.90099e-09	1	0.128631	0.269022	0.666667	0.666667	1.5	1	1	431440	1e+20	9.28447e+14	76.0472	81.3379	77.4728	37.0848	77.281	28.7623	
 31000	-80836.1	-1189.52	-34106.6	-8569.68	0.0651544	1	0.167871	11.9139	2.16407	0.045506	19.9198	0.4381	2284	99	345	-35793.3	80.1026f	1.59129	4	1	1	0.118812	0.049505	0.039604	0.009901	0	0	0	0	0.8	0.943478	0.248908	0.54717	0.842795	9.90099e-09	0.0990099	9.90099e-09	1	0.139738	0.281159	0.666667	0.666667	1.5	1	1	431440	1e+20	9.28447e+14	76.0472	81.3379	77.4728	37.0848	80.1026	1.59129	
 32000	-80636.6	-1189.52	-33907.1	-8528.39	0.064776	1	0.167871	11.9139	2.15413	0.0139571	19.9259	0.440121	2269	99	341	-35793.3	41.5233f	19.7254	4	1	1	0.118812	0.049505	0.039604	0.009901	0	0	0	0	0.9	0.942982	0.220264	0.456311	0.84141	9.90099e-09	0.0990099	9.90099e-09	1	0.171806	0.230548	0.666667	0.666667	1.5	1	1	431440	1e+20	9.28447e+14	76.0472	81.3379	77.4728	37.0848	41.5233	19.7254	
 33000	-82850	-1189.52	-36120.5	-8999	0.0670447	1	0.160347	12.4729	2.12966	0.0124375	19.9259	0.466067	2442	99	350	-35793.3	61.4176f	22.6402	4	1	1	0.0990099	0.0990099	0.039604	0.009901	0	0	0	0	0.881818	0.966667	0.282787	0.514019	0.807377	9.90099e-09	0.0990099	9.90099e-09	1	0.204918	0.28	0.666667	0.666667	1.5	1	1	431440	1e+20	9.28447e+14	76.0472	81.3379	77.4728	37.0848	61.4176	22.6402	
 34000	-82147.5	-1189.52	-35418	-8928.69	0.0676789	1	0.166306	12.026	2.22969	0.0233415	19.9259	0.429207	2416	99	319	-35793.3	85.6703f	30.3641	4	1	1	0.0990099	0.0990099	0.039604	0.009901	0	0	0	0	0.9	0.941909	0.18595	0.523077	0.874477	9.90099e-09	0.0990099	9.90099e-09	1	0.132231	0.296296	0.666667	0.666667	1.5	1	1	431440	1e+20	9.28447e+14	76.0472	81.3379	77.4728	37.0848	85.6703	30.3641	
 35000	-85284.8	-1189.52	-38555.3	-9504.2	0.0738726	1	0.175958	11.3664	2.57953	0.0158045	19.9347	0.350649	2633	99	371	-35793.3	66.7337f	21.0144	4	1	1	0.0990099	0.0990099	0.049505	0.009901	0	0	0	0	0.818182	0.954545	0.198473	0.504587	0.780303	9.90099e-09	0.0990099	9.90099e-09	1	0.122137	0.269542	0.666667	0.666667	1.5	1	1	431440	1e+20	9.28447e+14	76.0472	81.3379	77.4728	37.0848	66.7337	21.0144	
 36000	-87168.8	-1189.52	-40439.3	-9785.12	0.0742536	1	0.189845	10.5349	2.79748	0.0248669	19.9347	0.299678	2741	99	424	-35793.3	90.2778f	38.0214	4	1	1	0.0990099	0.0990099	0.049505	9.90099e-09	0	0	0	0	0.909091	0.941392	0.235294	0.503876	0.849817	9.90099e-09	0.0990099	9.90099e-09	1	0.123636	0.254717	0.666667	0.666667	1.5	1	1	431440	1e+20	9.28447e+14	76.0472	81.3379	77.4728	37.0848	90.2778	38.0214	
 37000	-86398.9	-1189.52	-39669.4	-9707.37	0.0775872	1	0.170722	11.7149	2.62863	0.0131567	19.9347	0.354651	2711	99	383	-35793.3	62.5723f	22.2078	4	1	1	0.0990099	0.0990099	0.049505	9.90099e-09	0	0	0	0	0.9	0.922509	0.273063	0.516949	0.855072	9.90099e-09	0.0792079	9.90099e-09	1	0.169742	0.270833	0.666667	0.666667	1.5	1	1	431440	1e+20	9.28447e+14	76.0472	81.3379	77.4728	37.0848	62.5723	22.2078	
 38000	-88399.6	-1189.52	-41670	-10058.6	0.0766646	1	0.179683	11.1307	2.60536	0.000349032	19.6965	0.339973	2848	99	420	-35793.3	50.9327f	52.77	4	1	1	0.0990099	0.0990099	0.049505	9.90099e-09	0	0	0	0	0.881818	0.919298	0.266667	0.476563	0.789474	9.90099e-09	0.0792079	9.90099e-09	1	0.157895	0.32783	0.666667	0.666667	1.5	1	1	431440	1e+20	9.28447e+14	76.0472	81.3379	77.4728	37.0848	50.9327	52.77	
 39000	-88261.3	-1189.52	-41531.8	-10061.6	0.0829092	1	0.177507	11.2672	2.92578	0.0187494	19.9436	0.306453	2849	99	402	-35793.3	71.2378f	20.335	4	1	1	0.138614	0.0990099	0.049505	9.90099e-09	0	0	0	0	0.9	0.926829	0.300699	0.573529	0.804878	9.90099e-09	0.0792079	9.90099e-09	1	0.157895	0.29976	0.666667	0.666667	1.5	1	1	431440	1e+20	9.28447e+14	54.0789	99.4996	77.4728	37.0848	71.2378	20.335	
 40000	-86995.7	-1189.52	-40266.2	-9747.96	0.0754233	1	0.172618	11.5863	2.58831	0.00489774	19.9436	0.35622	2727	99	418	-35793.3	67.5046f	55.2128	4	1	1	0.138614	0.0990099	0.029703	9.90099e-09	0	0	0	0	0.818182	0.930909	0.269091	0.54918	0.846154	9.90099e-09	0.0792079	9.90099e-09	1	0.186813	0.291262	0.666667	0.666667	1.5	1	1	431440	1e+20	9.28447e+14	54.0789	99.4996	72.7109	39.3723	67.5046	55.2128	
 41000	-86335.1	-1189.52	-39605.5	-9657.72	0.0762102	1	0.181765	11.0032	2.616	0.0396723	19.6891	0.334714	2692	99	397	-35793.3	95.6639f	77.0884	4	1	1	0.138614	0.0990099	0.029703	9.90099e-09	0	0	0	0	0.890909	0.936803	0.243542	0.570313	0.833333	9.90099e-09	0.0792079	9.90099e-09	1	0.122222	0.301663	0.666667	0.666667	1.5	1	1	431440	1e+20	9.28447e+14	81.4441	88.3594	72.7109	39.3723	95.6639	77.0884	
 42000	-86795.8	-1189.52	-40066.3	-9830.14	0.0763605	1	0.162113	12.3371	2.4625	0.0176973	19.9466	0.398682	2759	99	366	-35793.3	85.2895f	52.2001	4	1	1	0.138614	0.0990099	0.029703	9.90099e-09	0	0	0	0	0.9	0.967626	0.308244	0.566372	0.870968	0.009901	0.0792079	9.90099e-09	1	0.146429	0.309524	0.666667	0.666667	1.5	1	1	431440	1e+20	9.28447e+14	58.6129	90.7382	73.5634	62.5444	85.2895	52.2001	
 43000	-89682	-1189.52	-42952.5	-10343.1	0.0820369	1	0.16976	11.7813	2.77035	0.0315207	19.9466	0.338416	2962	99	414	-35793.3	92.7902f	70.1404	4	1	1	0.138614	0.0990099	0.029703	9.90099e-09	0	0	0	0	0.854545	0.922297	0.259259	0.559322	0.87291	0.009901	0.049505	9.90099e-09	1	0.111111	0.312039	0.666667	0.666667	1.5	1	1	431440	1e+20	9.28447e+14	58.6129	90.7382	73.5634	62.5444	92.7902	70.1404	
 44000	-91022.1	-1189.52	-44292.6	-10553.2	0.0820369	1	0.177748	11.2519	2.89737	0.0276255	19.9409	0.309039	3046	99	444	-35793.3	89.6848f	69.5713	4	1	1	0.138614	0.0990099	0.029703	9.90099e-09	0	0	0	0	0.827273	0.95098	0.285246	0.471014	0.851974	0.009901	0.049505	9.90099e-09	1	0.140984	0.281046	0.666667	0.666667	1.5	1	1	431440	1e+20	9.28447e+14	58.6129	90.7382	73.5634	62.5444	89.6848	69.5713	
 45000	-91219.1	-1189.52	-44489.5	-10556.2	0.0859129	1	0.176156	11.3536	3.00708	0.0131584	19.9409	0.300454	3048	99	463	-35793.3	67.2952f	74.9492	4	1	1	0.138614	0.0990099	0.029703	9.90099e-09	0	0	0	0	0.818182	0.95098	0.24183	0.546154	0.832237	0.009901	0.049505	9.90099e-09	1	0.156863	0.269807	0.666667	0.666667	1.5	1	1	431440	1e+20	9.28447e+14	58.6129	90.7382	73.5634	62.5444	67.2952	74.9492	
 46000	-91859	-1189.52	-45129.5	-10735.4	0.0859129	1	0.176156	11.3536	3.00708	0.0203971	19.9409	0.300454	3121	99	445	-35793.3	61.519f	86.1283	4	1	1	0.128713	0.0990099	0.029703	9.90099e-09	0	0	0	0	0.890909	0.945338	0.25	0.55303	0.852564	0.009901	0.049505	9.90099e-09	1	0.159744	0.299517	0.666667	0.666667	1.5	1	1	431440	1e+20	9.28447e+14	58.6129	90.7382	73.5634	62.5444	61.519	86.1283	
 47000	-92009	-1189.52	-45279.5	-10742.7	0.0859129	1	0.174645	11.4518	2.98129	0.00943423	19.9409	0.305676	3124	99	451	-35793.3	48.0227f	75.5182	4	1	1	0.128713	0.049505	0.019802	9.90099e-09	0	0	0	0	0.863636	0.932039	0.300971	0.496	0.831715	0.009901	0.049505	9.90099e-09	1	0.184466	0.256522	0.666667	0.666667	1.5	1	1	431440	1e+20	9.28447e+14	43.6752	97.7022	73.5634	62.5444	48.0227	75.5182	
 48000	-91955.4	-1189.52	-45225.9	-10764.8	0.0859129	1	0.170235	11.7485	2.90601	0.0282295	19.9409	0.321717	3133	99	434	-35793.3	83.2366f	79.9131	4	1	1	0.128713	0.049505	0.019802	9.90099e-09	0	0	0	0	0.881818	0.942492	0.283439	0.474074	0.856688	0.009901	0.049505	9.90099e-09	1	0.181529	0.305489	0.666667	0.666667	1.5	1	1	431440	1e+20	9.28447e+14	43.6752	97.7022	73.5634	62.5444	83.2366	79.9131	
 49000	-91749.2	-1189.52	-45019.7	-10647	0.0859129	1	0.170235	11.7485	2.90601	0.0327077	19.9409	0.321717	3085	99	469	-35793.3	96.6771f	37.8218	4	1	1	0.128713	0.049505	0.019802	0.019802	0	0	0	0	0.827273	0.929936	0.273312	0.475524	0.807074	0.009901	0.128713	9.90099e-09	1	0.160772	0.304527	0.666667	0.666667	1.5	1	1	431440	1e+20	9.28447e+14	43.6752	97.7022	73.5634	62.5444	96.6771	37.8218	
 50000	-91771.5	-1189.52	-45042	-10701	0.0859129	1	0.170235	11.7485	2.90601	0.0289519	19.9409	0.321717	3107	99	448	-35793.3	89.7211f	71.7882	4	1	1	0.128713	0.049505	0.019802	0.019802	0	0	0	0	0.836364	0.916667	0.237179	0.474453	0.833866	0.009901	0.128713	9.90099e-09	1	0.163462	0.274123	0.666667	0.666667	1.5	1	1	431440	1e+20	9.28447e+14	43.6752	97.7022	77.0381	64.1644	89.7211	71.7882	
 51000	-91562.6	-1189.52	-44833.1	-10693.6	0.0873479	1	0.170818	11.7084	2.96466	0.028874	19.9409	0.314277	3104	99	434	-35793.3	80.3894f	83.4889	4	1	1	0.128713	0.049505	0.019802	0.019802	0	0	0	0	0.872727	0.922581	0.23871	0.526718	0.847619	0.009901	0.128713	9.90099e-09	1	0.161905	0.290023	0.666667	0.666667	1.5	1	1	431440	1e+20	9.28447e+14	43.6752	97.7022	77.0381	64.1644	80.3894	83.4889	
 52000	-93155.1	-1189.52	-46425.5	-11007.7	0.0930323	1	0.167361	11.9502	3.0937	0.00945498	19.9409	0.307388	3233	99	435	-35793.3	75.5192f	46.8489	4	1	1	0.039604	0.049505	0.019802	0.019802	0	0	0	0	0.809091	0.935185	0.286154	0.503817	0.854938	0.009901	0.128713	9.90099e-09	1	0.114198	0.311927	0.666667	0.666667	1.5	1	1	431440	1e+20	9.28447e+14	43.6752	97.7022	77.0381	64.1644	75.5192	46.8489	
 53000	-95747.3	-1189.52	-49017.8	-11468.4	0.0930323	1	0.164513	12.1571	3.04105	0.00428476	19.9409	0.318124	3427	99	468	-35793.3	58.6401f	64.6132	4	1	1	0.039604	0.049505	9.90099e-09	0.019802	0	0	0	0	0.836364	0.938416	0.259587	0.567376	0.846154	0.009901	0.128713	9.90099e-09	1	0.134897	0.286611	0.666667	0.666667	1.5	1	1	431440	1e+20	9.28447e+14	43.6752	97.7022	77.0381	64.1644	58.6401	64.6132	
 54000	-95093.3	-1189.52	-48363.8	-11342.3	0.0944978	1	0.164513	12.1571	3.08895	0.0110997	19.9409	0.313191	3374	99	462	-35793.3	75.1579f	37.8547	4	1	1	0.039604	0.0792079	9.90099e-09	0.019802	0	0	0	0	0.872727	0.941176	0.252199	0.5	0.825959	0.009901	0.128713	9.90099e-09	1	0.118343	0.247191	0.666667	0.666667	1.5	1	1	431440	1e+20	9.28447e+14	43.6752	97.7022	77.0381	64.1644	75.1579	37.8547	
 55000	-97706.4	-1189.52	-50976.9	-11804.3	0.0988801	1	0.170051	11.7612	3.32641	0.0173318	19.9191	0.281363	3572	99	489	-35793.3	73.1634f	76.1445	4	1	1	0.039604	0.0792079	9.90099e-09	0.019802	0	0	0	0	0.872727	0.938889	0.293296	0.52349	0.860335	0.009901	0.128713	9.90099e-09	1	0.162921	0.286585	0.666667	0.666667	1.5	1	1	431440	1e+20	9.28447e+14	75.198	90.8898	77.0381	64.1644	73.1634	76.1445	
 56000	-98456.2	-1189.52	-51726.7	-11993.1	0.0998511	1	0.15119	13.2284	2.87581	0.00896028	19.7319	0.366048	3654	99	474	-35793.3	65.0366f	69.8957	4	1	1	0.039604	0.0792079	9.90099e-09	0.019802	0	0	0	0	0.836364	0.961538	0.269755	0.451389	0.838356	0.009901	0.029703	9.90099e-09	1	0.133515	0.30608	0.666667	0.666667	1.5	1	1	431440	1e+20	9.28447e+14	75.198	90.8898	77.0381	64.1644	65.0366	69.8957	
 57000	-97325.8	-1189.52	-50596.3	-11801.9	0.0998511	1	0.15119	13.2284	2.87581	0.0215761	19.7319	0.366048	3571	99	454	-35793.3	85.5043f	66.276	4	1	1	0.039604	0.0792079	9.90099e-09	0.019802	0	0	0	0	0.827273	0.963788	0.243017	0.5	0.879888	0.009901	0.029703	9.90099e-09	1	0.142458	0.27193	0.666667	0.666667	1.5	1	1	431440	1e+20	9.28447e+14	75.198	90.8898	77.0381	64.1644	85.5043	66.276	
 58000	-99854.7	-1189.52	-53125.1	-12192.1	0.105529	1	0.163078	12.2641	3.27942	0.0143513	19.7336	0.297596	3742	99	511	-35793.3	81.2037f	56.0317	4	1	1	0.108911	0.0792079	9.90099e-09	0.019802	0	0	0	0	0.872727	0.944	0.229947	0.47651	0.841823	0.009901	0.029703	9.90099e-09	1	0.115282	0.34004	0.666667	0.666667	1.5	1	1	431440	1e+20	9.28447e+14	90.5829	64.5926	92.8178	70.87	81.2037	56.0317	
 59000	-100033	-1189.52	-53303.4	-12277.6	0.105529	1	0.168669	11.8576	3.39185	0.0355352	19.7336	0.278195	3780	99	486	-35793.3	97.9188f	65.1199	4	1	1	0.108911	0.0792079	0.039604	0.019802	0	0	0	0	0.836364	0.957447	0.212366	0.495146	0.845109	0.009901	0.029703	9.90099e-09	1	0.134565	0.281837	0.666667	0.666667	1.5	1	1	431440	1e+20	9.28447e+14	90.5829	64.5926	92.8178	70.87	97.9188	65.1199	
 60000	-101678	-1189.52	-54948.6	-12588.1	0.105361	1	0.151637	13.1894	3.04448	0.0127617	19.7336	0.344749	3918	99	481	-35793.3	74.6215f	66.9779	4	1	1	0.108911	0.049505	0.039604	0.019802	0	0	0	0	0.8	0.941327	0.272265	0.524138	0.857143	0.009901	0.029703	9.90099e-09	1	0.158163	0.28629	0.666667	0.666667	1.5	1	1	431440	1e+20	9.28447e+14	90.5829	64.5926	84.4679	62.8553	74.6215	66.9779	
 61000	-104720	-1189.52	-57990.9	-13094.7	0.113789	1	0.151637	13.1894	3.28802	0.0196075	19.7336	0.319214	4151	99	521	-35793.3	75.9618f	76.6245	4	1	1	0.108911	0.049505	0.039604	0.019802	0	0	0	0	0.836364	0.961538	0.260241	0.575472	0.86506	0.009901	0.029703	9.90099e-09	1	0.117788	0.275665	0.666667	0.666667	1.5	1	1	431440	1e+20	9.28447e+14	90.5829	64.5926	84.4679	62.8553	75.9618	76.6245	
 62000	-104446	-1189.52	-57716.4	-13018.5	0.114441	1	0.158034	12.6555	3.31891	0.0166043	19.5485	0.303441	4116	99	531	-35793.3	50.3065f	84.1582	4	1	1	0.108911	0.049505	0.039604	0.019802	0	0	0	0	0.845455	0.956204	0.227384	0.524272	0.865854	0.009901	0.029703	9.90099e-09	1	0.157767	0.296512	0.666667	0.666667	1.5	1	1	431440	1e+20	9.28447e+14	90.5829	64.5926	50.4667	61.0339	50.3065	84.1582	
 63000	-102956	-1189.52	-56226	-12739.6	0.111185	1	0.158034	12.6555	3.22449	0.0119883	19.5485	0.312327	3988	99	532	-35793.3	46.9109f	21.058	4	1	1	0.108911	0.049505	0.039604	0.009901	0	0	0	0	0.836364	0.959494	0.248101	0.519231	0.855696	0.009901	0.049505	9.90099e-09	1	0.112782	0.273973	0.666667	0.666667	1.5	1	1	431440	1e+20	9.28447e+14	90.5829	64.5926	50.4667	61.0339	46.9109	21.058	
 64000	-104167	-1189.52	-57437	-12973	0.113725	1	0.16878	11.8497	3.52242	0.0188148	19.5485	0.267705	4095	99	535	-35793.3	84.5786f	38.3006	4	1	1	0.0891089	0.049505	0.039604	0.009901	0	0	0	0	0.845455	0.932203	0.285024	0.495496	0.857143	0.009901	0.049505	9.90099e-09	1	0.142857	0.301498	0.666667	0.666667	1.5	1	1	431440	1e+20	9.28447e+14	90.5829	64.5926	50.4667	61.0339	84.5786	38.3006	
 65000	-103799	-1189.52	-57069.3	-12968.8	0.115545	1	0.15717	12.7251	3.33262	0.0130549	19.5485	0.303854	4093	99	503	-35793.3	73.3424f	30.5892	4	1	1	0.0891089	0.049505	0.009901	0.009901	0	0	0	0	0.845455	0.934146	0.317961	0.588785	0.854369	9.90099e-09	0.049505	9.90099e-09	1	0.133495	0.314711	0.666667	0.666667	1.5	1	1	431440	1e+20	9.28447e+14	90.5829	64.5926	50.4667	61.0339	73.3424	30.5892	
 66000	-104335	-1189.52	-57605.7	-13027.1	0.115545	1	0.15717	12.7251	3.64372	0.00373722	19.9896	0.277911	4120	99	517	-35793.3	61.1394f	38.6289	4	1	1	0.0891089	0.0792079	0.009901	0.009901	0	0	0	0	0.836364	0.963504	0.270531	0.52381	0.877108	9.90099e-09	0.049505	9.90099e-09	1	0.13012	0.292365	0.666667	0.666667	1.5	1	1	431440	1e+20	9.28447e+14	90.5829	64.5926	50.4667	61.0339	61.1394	38.6289	
 67000	-103200	-1189.52	-56470.4	-12816.2	0.112899	1	0.16602	12.0467	3.76074	0.00894019	19.9896	0.25491	4023	99	517	-35793.3	29.5592f	35.5476	4	1	1	0.0891089	0.0792079	0.009901	0.009901	0	0	0	0	0.836364	0.95297	0.284653	0.509259	0.841191	9.90099e-09	0.049505	9.90099e-09	1	0.113861	0.246183	0.666667	0.666667	1.5	1	1	431440	1e+20	9.28447e+14	98.0123	59.2437	54.1754	53.6609	29.5592	35.5476	
 68000	-104912	-1189.52	-58182.2	-13103.1	0.114217	1	0.160785	12.439	3.68467	0.0109497	19.9896	0.268644	4155	99	534	-35793.3	48.4138f	22.2492	4	1	1	0.0891089	0.0792079	0.009901	0.009901	0	0	0	0	0.836364	0.944578	0.25908	0.554545	0.858173	9.90099e-09	0.049505	9.90099e-09	1	0.154217	0.280899	0.666667	0.666667	1.5	1	1	431440	1e+20	9.28447e+14	98.0123	59.2437	54.1754	53.6609	48.4138	22.2492	
 69000	-105156	-1189.52	-58427	-13141.5	0.117591	1	0.160785	12.439	3.70187	0.000654036	19.8677	0.267395	4173	99	542	-35793.3	51.299f	44.5148	4	1	1	0.0891089	0.0792079	0.009901	0.009901	0	0	0	0	0.8	0.951691	0.22542	0.598131	0.859564	9.90099e-09	0.0990099	9.90099e-09	1	0.145933	0.283582	0.666667	0.666667	1.5	1	1	431440	1e+20	9.28447e+14	98.0123	59.2437	68.243	49.8686	51.299	44.5148	
 70000	-104445	-1189.52	-57715.9	-13032.3	0.117591	1	0.168487	11.8704	3.8792	0.0107527	19.8677	0.243508	4122	99	528	-35793.3	68.4529f	29.5905	4	1	1	0.039604	0.0792079	0.009901	0.009901	0	0	0	0	0.845455	0.932692	0.200969	0.611111	0.847458	9.90099e-09	0.0990099	9.90099e-09	1	0.142857	0.291902	0.666667	0.666667	1.5	1	1	431440	1e+20	9.28447e+14	98.0123	59.2437	68.243	49.8686	68.4529	29.5905	
 71000	-107132	-1189.52	-60402.1	-13382.4	0.114607	1	0.168487	11.8704	3.66113	0.014237	19.7087	0.258012	4284	99	601	-35793.3	81.1079f	43.982	4	1	1	0.039604	0.049505	0.009901	0.009901	0	0	0	0	0.863636	0.952941	0.288056	0.433628	0.854801	9.90099e-09	0.0990099	9.90099e-09	1	0.161593	0.314879	0.666667	0.666667	1.5	1	1	431440	1e+20	9.28447e+14	93.3496	95.8598	63.9532	54.1276	81.1079	43.982	
 72000	-107233	-1189.52	-60504	-13520.1	0.120981	1	0.158871	12.5888	3.82926	0.0262711	19.9543	0.261613	4351	99	540	-35793.3	81.0068f	19.8657	4	1	1	0.039604	0.049505	0.039604	0.009901	0	0	0	0	0.845455	0.954023	0.24424	0.522936	0.866359	9.90099e-09	0.0990099	9.90099e-09	1	0.15367	0.290844	0.666667	0.666667	1.5	1	1	431440	1e+20	9.28447e+14	92.7688	78.0328	63.9532	54.1276	81.0068	19.8657	
 73000	-111355	-1189.52	-64625.9	-14160.8	0.131443	1	0.158871	12.5888	3.92225	0.0231075	19.6624	0.255411	4660	99	596	-35793.3	34.1721f	87.1692	4	1	1	0.039604	0.049505	0.039604	0.009901	0	0	0	0	0.881818	0.942308	0.24197	0.420168	0.850427	9.90099e-09	0.0990099	9.90099e-09	1	0.132479	0.284539	0.666667	0.666667	1.5	1	1	431440	1e+20	9.28447e+14	92.7688	78.0328	63.9532	54.1276	34.1721	87.1692	
 74000	-112028	-1189.52	-65298.7	-14241.9	0.131443	1	0.16108	12.4162	4.11932	0.018275	19.8362	0.239857	4700	99	611	-35793.3	29.6695f	79.5658	4	1	1	0.039604	0.049505	0.039604	0.009901	0	0	0	0	0.781818	0.953092	0.279318	0.552846	0.875527	9.90099e-09	0.0990099	9.90099e-09	1	0.133758	0.277597	0.666667	0.666667	1.5	1	1	431440	1e+20	9.28447e+14	53.2041	89.5236	63.9532	54.1276	29.6695	79.5658	
 75000	-111740	-1189.52	-65010.4	-14319	0.131443	1	0.158535	12.6155	4.05322	0.00690238	19.835	0.247683	4738	99	553	-35793.3	28.9555f	55.8739	4	1	1	0.039604	0.049505	0.039604	9.90099e-09	0	0	0	0	0.754545	0.945263	0.23431	0.608333	0.858628	9.90099e-09	0.0594059	9.90099e-09	1	0.111579	0.318426	0.666667	0.666667	1.5	1	1	431440	1e+20	9.28447e+14	7.65758	64.4783	63.9532	54.1276	28.9555	55.8739	
 76000	-111760	-1189.52	-65030.8	-14331.2	0.131443	1	0.139979	14.2879	3.61157	0.0277968	19.8802	0.31482	4744	99	538	-35793.3	94.4214f	50.3643	4	1	1	0.0891089	0.049505	0.039604	9.90099e-09	0	0	0	0	0.854545	0.939076	0.227368	0.527273	0.854737	9.90099e-09	0.0594059	9.90099e-09	1	0.111579	0.280374	0.666667	0.666667	1.5	1	1	431440	1e+20	9.28447e+14	7.65758	64.4783	63.9532	54.1276	94.4214	50.3643	
 77000	-112670	-1189.52	-65940.1	-14428	0.13272	1	0.152056	13.1531	3.9613	0.0204792	19.8802	0.264228	4792	99	572	-35793.3	56.8419f	87.3744	4	1	1	0.0891089	0.049505	0.0594059	9.90099e-09	0	0	0	0	0.881818	0.951883	0.284519	0.473214	0.887064	0.009901	0.0594059	9.90099e-09	1	0.146444	0.276271	0.666667	0.666667	1.5	1	1	431440	1e+20	9.28447e+14	7.65758	64.4783	62.1415	67.6374	56.8419	87.3744	
 78000	-111930	-1189.52	-65200.7	-14391.6	0.133368	1	0.131881	15.1652	3.52619	0.00681546	19.9855	0.342241	4774	99	529	-35793.3	52.5405f	71.4896	4	1	1	0.0891089	0.0792079	0.0594059	9.90099e-09	0	0	0	0	0.854545	0.955882	0.266949	0.563636	0.887029	0.009901	0.0594059	9.90099e-09	1	0.121339	0.266409	0.666667	0.666667	1.5	1	1	431440	1e+20	9.28447e+14	37.5702	91.3509	50.5769	57.0007	52.5405	71.4896	
 79000	-115048	-1189.52	-68318.3	-14925.5	0.137607	1	0.124143	16.1104	3.42482	0.01474	19.9855	0.374335	5042	99	538	-35793.3	81.9987f	53.7863	4	1	1	0.0891089	0.0792079	0.0594059	9.90099e-09	0	0	0	0	0.809091	0.972222	0.239604	0.59633	0.892857	0.009901	0.0594059	9.90099e-09	1	0.114851	0.280899	0.666667	0.666667	1.5	1	1	431440	1e+20	9.28447e+14	37.5702	91.3509	50.5769	57.0007	81.9987	53.7863	
 80000	-114257	-1189.52	-67527.6	-14784.7	0.137607	1	0.124143	16.1104	3.42482	0.01474	19.9855	0.374335	4971	99	533	-35793.3	81.9987f	53.7863	4	1	1	0.0891089	0.0792079	0.0594059	9.90099e-09	0	0	0	0	0.845455	0.961538	0.274747	0.509615	0.878788	0.009901	0.0594059	9.90099e-09	1	0.135354	0.25098	0.666667	0.666667	1.5	1	1	431440	1e+20	9.28447e+14	65.4011	90.5206	50.5769	57.0007	81.9987	53.7863	
 81000	-114280	-1189.52	-67550.4	-14873.4	0.138489	1	0.125631	15.9196	3.48808	0.0263593	19.9855	0.363191	5016	99	495	-35793.3	93.2481f	50.3326	4	1	1	0.0891089	0.0792079	0.0594059	9.90099e-09	0	0	0	0	0.836364	0.94012	0.209581	0.47619	0.892216	0.009901	0.0594059	9.90099e-09	1	0.115538	0.260692	0.666667	0.666667	1.5	1	1	431440	1e+20	9.28447e+14	65.4011	90.5206	88.4027	36.0507	93.2481	50.3326	
 82000	-115416	-1189.52	-68686.6	-14986.8	0.141167	1	0.117922	16.9604	3.33734	0.0341023	19.9855	0.404413	5074	99	540	-35793.3	99.238f	49.2656	4	1	1	0.0891089	0.0792079	0.0594059	9.90099e-09	0	0	0	0	0.863636	0.960474	0.283168	0.563636	0.876471	0.009901	0.0594059	9.90099e-09	1	0.128458	0.316081	0.666667	0.666667	1.5	1	1	431440	1e+20	9.28447e+14	65.4011	90.5206	88.4027	36.0507	99.238	49.2656	
 83000	-115289	-1189.52	-68559.8	-14965.2	0.141167	1	0.124047	16.1229	3.46702	0.0453957	19.9231	0.370063	5063	99	535	-35793.3	96.5703f	17.2885	4	1	1	0.118812	0.0792079	0.0594059	9.90099e-09	0	0	0	0	0.881818	0.945205	0.242661	0.556604	0.888454	0.009901	0.0594059	9.90099e-09	1	0.11546	0.2603	0.666667	0.666667	1.5	1	1	431440	1e+20	9.28447e+14	65.4011	90.5206	88.4027	36.0507	96.5703	17.2885	
 84000	-115406	-1189.52	-68676.2	-14977	0.141167	1	0.121918	16.4044	3.40752	0.0104636	19.9231	0.3831	5069	99	541	-35793.3	71.0714f	32.9188	4	1	1	0.118812	0.0792079	0.029703	9.90099e-09	0	0	0	0	0.954545	0.96063	0.287109	0.5	0.859961	0.009901	0.0594059	9.90099e-09	1	0.127953	0.32902	0.666667	0.666667	1.5	1	1	431440	1e+20	9.28447e+14	65.4011	90.5206	88.4027	36.0507	71.0714	32.9188	
 85000	-118374	-1189.52	-71644.5	-15424.2	0.145358	1	0.134865	14.8296	3.77945	0.0169914	19.7911	0.312243	5300	99	578	-35793.3	84.3735f	54.2171	4	1	1	0.118812	0.0792079	0.029703	9.90099e-09	0	0	0	0	0.854545	0.960227	0.227704	0.567568	0.895437	0.009901	0.0594059	9.90099e-09	1	0.120527	0.315884	0.666667	0.666667	1.5	1	1	431440	1e+20	9.28447e+14	65.4011	90.5206	88.4027	36.0507	84.3735	54.2171	
 86000	-120338	-1189.52	-73608.9	-15654.3	0.15478	1	0.139525	14.3343	4.29937	0.0343813	19.9506	0.265315	5421	99	626	-35793.3	69.6453f	4.5373	4	1	1	0.118812	0.0792079	0.029703	9.90099e-09	0	0	0	0	0.854545	0.94291	0.245387	0.539683	0.867647	0.009901	0.118812	9.90099e-09	1	0.145488	0.282989	0.666667	0.666667	1.5	1	1	431440	1e+20	9.28447e+14	65.4011	90.5206	88.4027	36.0507	69.6453	4.5373	
 87000	-120323	-1189.52	-73593.6	-15698	0.148444	1	0.139709	14.3155	4.1288	0.0331704	19.9506	0.275913	5444	99	608	-35793.3	88.6968f	20.5764	4	1	1	0.118812	0.0792079	0.029703	9.90099e-09	0	0	0	0	0.890909	0.961326	0.239927	0.576923	0.886447	0.009901	0.118812	9.90099e-09	1	0.100917	0.319079	0.666667	0.666667	1.5	1	1	431440	1e+20	9.28447e+14	57.7545	86.9493	88.4027	36.0507	88.6968	20.5764	
 88000	-118794	-1189.52	-72064.5	-15394.7	0.148444	1	0.143289	13.9578	4.15706	0.020184	19.8587	0.267191	5285	99	629	-35793.3	87.069f	57.2945	4	1	1	0.118812	0.0792079	0.029703	9.90099e-09	0	0	0	0	0.845455	0.965909	0.238185	0.547619	0.846591	9.90099e-09	0.118812	9.90099e-09	1	0.122873	0.294852	0.666667	0.666667	1.5	1	1	431440	1e+20	9.28447e+14	57.7545	86.9493	88.4027	36.0507	87.069	57.2945	
 89000	-119464	-1189.52	-72734.3	-15511.8	0.14663	1	0.1397	14.3164	4.06125	0.0161384	19.93	0.28052	5346	99	623	-35793.3	83.7451f	50.4235	4	1	1	0.049505	0.0792079	0.029703	9.90099e-09	0	0	0	0	0.890909	0.958569	0.283302	0.478632	0.881801	9.90099e-09	0.118812	9.90099e-09	1	0.131827	0.262799	0.666667	0.666667	1.5	1	1	431440	1e+20	9.28447e+14	57.7545	86.9493	88.4027	36.0507	83.7451	50.4235	
 90000	-120730	-1189.52	-74001	-15803.2	0.149926	1	0.13991	14.2949	4.15881	0.0116579	19.93	0.273528	5500	99	583	-35793.3	78.5071f	52.2908	4	1	1	0.049505	0.0792079	0.039604	9.90099e-09	0	0	0	0	0.818182	0.961887	0.246377	0.504065	0.867514	9.90099e-09	0.118812	9.90099e-09	1	0.139746	0.275862	0.666667	0.666667	1.5	1	1	431440	1e+20	9.28447e+14	57.7545	86.9493	88.4027	36.0507	78.5071	52.2908	
 91000	-119542	-1189.52	-72812.4	-15604	0.149926	1	0.13991	14.2949	4.15881	0.0356777	19.93	0.273528	5395	99	581	-35793.3	99.6893f	58.1946	4	1	1	0.049505	0.0792079	0.039604	9.90099e-09	0	0	0	0	0.872727	0.955556	0.263941	0.587719	0.909594	9.90099e-09	0.118812	9.90099e-09	1	0.0944444	0.269982	0.666667	0.666667	1.5	1	1	431440	1e+20	9.28447e+14	57.7545	86.9493	88.4027	36.0507	99.6893	58.1946	
 92000	-118466	-1189.52	-71736.6	-15300.8	0.147346	1	0.139697	14.3167	4.08099	0.0214322	19.93	0.27917	5236	99	653	-35793.3	85.5915f	65.7638	4	1	1	0.049505	0.0990099	0.039604	9.90099e-09	0	0	0	0	0.836364	0.950192	0.245714	0.564516	0.864504	9.90099e-09	0.108911	9.90099e-09	1	0.141221	0.272293	0.666667	0.666667	1.5	1	1	431440	1e+20	9.28447e+14	57.7545	86.9493	88.4027	36.0507	85.5915	65.7638	
 93000	-118989	-1189.52	-72259.9	-15489.5	0.145637	1	0.127472	15.6898	3.68067	0.0263674	19.93	0.339218	5334	99	593	-35793.3	88.6727f	69.296	4	1	1	0.049505	0.0990099	0.039604	9.90099e-09	0	0	0	0	0.863636	0.951493	0.258912	0.52	0.856874	9.90099e-09	0.108911	9.90099e-09	1	0.11985	0.319039	0.666667	0.666667	1.5	1	1	431440	1e+20	9.28447e+14	28.3462	80.673	88.4027	36.0507	88.6727	69.296	
 94000	-119604	-1189.52	-72874.2	-15609.6	0.150076	1	0.129007	15.503	3.83854	0.0199747	19.93	0.321396	5398	99	586	-35793.3	85.5386f	37.6431	4	1	1	0.049505	0.0990099	0.039604	9.90099e-09	0	0	0	0	0.845455	0.970205	0.246269	0.508475	0.883459	9.90099e-09	0.108911	9.90099e-09	1	0.121043	0.292388	0.666667	0.666667	1.5	1	1	431440	1e+20	9.28447e+14	11.2681	81.7297	88.4027	36.0507	85.5386	37.6431	
 95000	-119843	-1189.52	-73113.5	-15702.7	0.149765	1	0.12719	15.7245	3.77664	0.0112551	19.93	0.33133	5447	99	563	-35793.3	75.2001f	62.343	4	1	1	0.0891089	0.0990099	0.039604	9.90099e-09	0	0	0	0	0.809091	0.95064	0.232601	0.470085	0.869963	9.90099e-09	0.108911	9.90099e-09	1	0.144689	0.317869	0.666667	0.666667	1.5	1	1	431440	1e+20	9.28447e+14	11.2681	81.7297	88.4027	36.0507	75.2001	62.343	
 96000	-118892	-1189.52	-72162.3	-15492	0.149765	1	0.12719	15.7245	3.77664	0.0354111	19.93	0.33133	5336	99	589	-35793.3	86.06f	15.0108	4	1	1	0.0891089	0.0990099	0.039604	9.90099e-09	0	0	0	0	0.818182	0.956929	0.266417	0.483051	0.8829	9.90099e-09	0.108911	9.90099e-09	1	0.114232	0.285714	0.666667	0.666667	1.5	1	1	431440	1e+20	9.28447e+14	17.6807	32.9762	88.4027	36.0507	86.06	15.0108	
 97000	-119774	-1189.52	-73044.2	-15619.2	0.149765	1	0.125537	15.9315	3.72757	0.023227	19.93	0.340112	5403	99	600	-35793.3	90.5042f	47.5129	4	1	1	0.0891089	0.0990099	9.90099e-09	9.90099e-09	0	0	0	0	0.890909	0.966605	0.239332	0.522523	0.879406	9.90099e-09	0.0792079	9.90099e-09	1	0.130755	0.308642	0.666667	0.666667	1.5	1	1	431440	1e+20	9.28447e+14	18.9734	22.6767	88.4027	36.0507	90.5042	47.5129	
 98000	-120354	-1189.52	-73625	-15852.1	0.154157	1	0.125537	15.9315	3.83688	0.00781051	19.93	0.330422	5527	99	526	-35793.3	66.5933f	33.5547	4	1	1	0.0891089	0.0990099	9.90099e-09	9.90099e-09	0	0	0	0	0.854545	0.938406	0.264493	0.482143	0.889493	9.90099e-09	0.0792079	9.90099e-09	1	0.106884	0.299065	0.666667	0.666667	1.5	1	1	431440	1e+20	9.28447e+14	18.9734	22.6767	77.823	48.4501	66.5933	33.5547	
 99000	-121180	-1189.52	-74450.7	-15938.1	0.154157	1	0.123126	16.2435	3.74865	0.000527404	19.9108	0.344821	5573	99	551	-35793.3	54.5998f	50.6854	4	1	1	0.0891089	0.0990099	9.90099e-09	9.90099e-09	0	0	0	0	0.818182	0.953321	0.21544	0.5	0.897849	9.90099e-09	0.0792079	9.90099e-09	1	0.111311	0.275	0.666667	0.666667	1.5	1	1	431440	1e+20	9.28447e+14	34.0424	7.06436	77.823	48.4501	54.5998	50.6854	
100000	-121061	-1189.52	-74331.2	-15878.3	0.154157	1	0.123687	16.1698	3.78314	0.0218954	19.9337	0.340129	5541	99	575	-35793.3	88.7167f	57.1319	4	1	1	0.0891089	0.0990099	9.90099e-09	9.90099e-09	0	0	0	0	0.872727	0.940966	0.257603	0.508621	0.876344	9.90099e-09	0.0792079	9.90099e-09	1	0.123656	0.282686	0.666667	0.666667	1.5	1	1	431440	1e+20	9.28447e+14	34.0424	7.06436	90.8322	40.1365	88.7167	57.1319	
101000	-121194	-1189.52	-74464.2	-15860.7	0.157752	1	0.123687	16.1698	3.87137	0.00311345	19.9337	0.332377	5531	99	592	-35793.3	55.8374f	63.06	4	1	1	0.0891089	0.0990099	9.90099e-09	9.90099e-09	0	0	0	0	0.818182	0.947748	0.25859	0.478632	0.879562	9.90099e-09	0.0792079	9.90099e-09	1	0.132007	0.294314	0.666667	0.666667	1.5	1	1	431440	1e+20	9.28447e+14	34.0424	7.06436	90.8322	40.1365	55.8374	63.06	
102000	-122215	-1189.52	-75485	-15981	0.154292	1	0.141044	14.1799	4.31783	0.00155873	19.9337	0.261336	5596	99	625	-35793.3	49.5981f	40.1442	4	1	1	0.0891089	0.0990099	9.90099e-09	9.90099e-09	0	0	0	0	0.827273	0.941071	0.258467	0.52381	0.873214	9.90099e-09	0.0792079	9.90099e-09	1	0.105357	0.28481	0.666667	0.666667	1.5	1	1	431440	1e+20	9.28447e+14	35.4491	33.9775	90.8322	40.1365	49.5981	40.1442	
103000	-124075	-1189.52	-77345.4	-16189.7	0.154868	1	0.141044	14.1799	4.33395	0.0188329	19.9337	0.260364	5708	99	679	-35793.3	86.1667f	45.0336	4	1	1	0.049505	0.0990099	0.019802	9.90099e-09	0	0	0	0	0.827273	0.968586	0.263158	0.460317	0.867725	9.90099e-09	0.0792079	9.90099e-09	1	0.147368	0.310751	0.666667	0.666667	1.5	1	1	431440	1e+20	9.28447e+14	19.6762	49.4016	90.8322	40.1365	86.1667	45.0336	
104000	-121564	-1189.52	-74834.3	-15913.7	0.156166	1	0.135849	14.7222	4.138	0.0372855	19.8488	0.283122	5560	99	602	-35793.3	98.4677f	32.4919	4	1	1	0.049505	0.0594059	0.019802	9.90099e-09	0	0	0	0	0.872727	0.962162	0.251347	0.601626	0.868231	9.90099e-09	0.118812	9.90099e-09	1	0.117329	0.305466	0.666667	0.666667	1.5	1	1	431440	1e+20	9.28447e+14	19.6762	49.4016	90.8322	40.1365	98.4677	32.4919	
105000	-120079	-1189.52	-73349.3	-15690.8	0.151733	1	0.143069	13.9792	4.23425	0.0246983	19.8488	0.262722	5441	99	587	-35793.3	77.3283f	18.2134	4	1	1	0.049505	0.0594059	0.019802	9.90099e-09	0	0	0	0	0.863636	0.95438	0.23766	0.508065	0.875229	9.90099e-09	0.118812	9.90099e-09	1	0.155109	0.264659	0.666667	0.666667	1.5	1	1	431440	1e+20	9.28447e+14	2.13694	64.1806	90.8322	40.1365	77.3283	18.2134	
106000	-117735	-1189.52	-71005.4	-15309.9	0.151733	1	0.130146	15.3673	3.85178	0.0111811	19.8488	0.317487	5239	99	575	-35793.3	77.979f	51.0757	4	1	1	0.049505	0.0594059	0.019802	9.90099e-09	0	0	0	0	0.836364	0.958412	0.280835	0.504	0.879771	9.90099e-09	0.118812	9.90099e-09	1	0.129771	0.289831	0.666667	0.666667	1.5	1	1	431440	1e+20	9.28447e+14	2.13694	64.1806	90.8322	40.1365	77.979	51.0757	
107000	-120137	-1189.52	-73407.1	-15664.4	0.151733	1	0.13076	15.2952	3.86994	0.0253392	19.8488	0.314515	5427	99	609	-35793.3	83.9827f	24.5613	4	1	1	0.049505	0.0594059	0.019802	9.90099e-09	0	0	0	0	0.845455	0.948148	0.230627	0.516667	0.866913	9.90099e-09	0.118812	9.90099e-09	1	0.110701	0.323826	0.666667	0.666667	1.5	1	1	431440	1e+20	9.28447e+14	2.13694	64.1806	61.1493	47.483	83.9827	24.5613	
108000	-121367	-1189.52	-74637.9	-15844.6	0.153728	1	0.13076	15.2952	3.9208	0.000976605	19.8488	0.310435	5523	99	622	-35793.3	56.2001f	45.9844	4	1	1	0.049505	0.0594059	0.019802	9.90099e-09	0	0	0	0	0.790909	0.960217	0.249545	0.520325	0.900917	9.90099e-09	0.118812	9.90099e-09	1	0.133816	0.318328	0.666667	0.666667	1.5	1	1	431440	1e+20	9.28447e+14	43.1012	88.822	68.1459	37.5177	56.2001	45.9844	
109000	-121392	-1189.52	-74662.3	-15893.3	0.153728	1	0.13076	15.2952	3.9208	0.00292874	19.8488	0.310435	5549	99	599	-35793.3	63.8691f	48.8168	4	1	1	0.049505	0.0594059	0.009901	9.90099e-09	0	0	0	0	0.836364	0.942238	0.23049	0.495935	0.845735	9.90099e-09	0.118812	9.90099e-09	1	0.138739	0.312914	0.666667	0.666667	1.5	1	1	431440	1e+20	9.28447e+14	43.1012	88.822	73.0466	60.5416	63.8691	48.8168	
110000	-121986	-1189.52	-75256.8	-15930.7	0.1573	1	0.137736	14.5205	4.22596	0.0263405	19.8488	0.273431	5569	99	631	-35793.3	85.0334f	75.2522	4	1	1	0.049505	0.0594059	0.009901	9.90099e-09	0	0	0	0	0.836364	0.955437	0.222621	0.516393	0.869801	9.90099e-09	0.118812	9.90099e-09	1	0.157324	0.327332	0.666667	0.666667	1.5	1	1	431440	1e+20	9.28447e+14	43.1012	88.822	81.539	59.4914	85.0334	75.2522	
111000	-124144	-1189.52	-77414.1	-16365	0.160205	1	0.137736	14.5205	3.84342	0.0290947	19.295	0.300646	5805	99	594	-35793.3	45.673f	4.65856	4	1	1	0.049505	0.0594059	0.009901	9.90099e-09	0	0	0	0	0.827273	0.967128	0.234888	0.525	0.887543	9.90099e-09	0.0990099	9.90099e-09	1	0.108997	0.287145	0.666667	0.666667	1.5	1	1	431440	1e+20	9.28447e+14	40.4881	77.4554	75.6017	19.8524	45.673	4.65856	
112000	-124452	-1189.52	-77722.9	-16399.5	0.160768	1	0.140101	14.2754	4.02936	0.0147856	19.4243	0.281931	5824	99	601	-35793.3	43.12f	18.3678	4	1	1	0.049505	0.0693069	0.009901	9.90099e-09	0	0	0	0	0.827273	0.956971	0.224138	0.504132	0.879518	9.90099e-09	0.0990099	9.90099e-09	1	0.128645	0.347967	0.666667	0.666667	1.5	1	1	431440	1e+20	9.28447e+14	23.7986	35.4345	75.6017	19.8524	43.12	18.3678	
113000	-126259	-1189.52	-79529.2	-16673.6	0.160768	1	0.140101	14.2754	4.02936	0.00972779	19.4243	0.281931	5974	99	614	-35793.3	33.9541f	29.3452	4	1	1	0.049505	0.0693069	0.009901	9.90099e-09	0	0	0	0	0.909091	0.967905	0.237856	0.441667	0.889447	9.90099e-09	0.0990099	9.90099e-09	1	0.135452	0.300987	0.666667	0.666667	1.5	1	1	431440	1e+20	9.28447e+14	3.49912	77.1677	75.6017	19.8524	33.9541	29.3452	
114000	-126425	-1189.52	-79695.4	-16680.9	0.16954	1	0.140101	14.2754	4.16133	0.00993112	19.3231	0.27299	5980	99	623	-35793.3	62.0952f	26.4937	4	1	1	0.049505	0.0693069	0.009901	9.90099e-09	0	0	0	0	0.909091	0.954849	0.244966	0.591667	0.884615	9.90099e-09	0.0990099	9.90099e-09	1	0.108514	0.304976	0.666667	0.666667	1.5	1	1	431440	1e+20	9.28447e+14	3.49912	77.1677	75.6017	19.8524	62.0952	26.4937	
115000	-128134	-1189.52	-81404.9	-16915.7	0.173277	1	0.13125	15.2381	4.14233	0.0261697	19.5119	0.292737	6112	99	639	-35793.3	78.7778f	17.8373	4	1	1	0.049505	0.0693069	0.009901	9.90099e-09	0	0	0	0	0.845455	0.949511	0.25938	0.535433	0.892333	9.90099e-09	0.0990099	9.90099e-09	1	0.137031	0.256651	0.666667	0.666667	1.5	1	1	431440	1e+20	9.28447e+14	3.49912	77.1677	75.6017	19.8524	78.7778	17.8373	
116000	-130676	-1189.52	-83946.3	-17174.8	0.174613	1	0.13125	15.2381	4.17426	0.0116975	19.5119	0.290498	6260	99	720	-35793.3	59.1846f	22.7678	4	1	1	0.0792079	0.0693069	0.0693069	9.90099e-09	0	0	0	0	0.818182	0.943548	0.2304	0.510791	0.8752	9.90099e-09	0.0891089	9.90099e-09	1	0.1008	0.285714	0.666667	0.666667	1.5	1	1	431440	1e+20	9.28447e+14	3.49912	77.1677	75.6017	19.8524	59.1846	22.7678	
117000	-128895	-1189.52	-82165.8	-17068.2	0.172708	1	0.13125	15.2381	4.12872	0.0169227	19.5119	0.293702	6199	99	627	-35793.3	84.3245f	45.7972	4	1	1	0.0792079	0.0693069	0.0693069	9.90099e-09	0	0	0	0	0.881818	0.959807	0.249191	0.507813	0.890323	9.90099e-09	0.0891089	9.90099e-09	1	0.133871	0.299353	0.666667	0.666667	1.5	1	1	431440	1e+20	9.28447e+14	3.49912	77.1677	75.6017	19.8524	84.3245	45.7972	
118000	-130579	-1189.52	-83849.1	-17243.8	0.179316	1	0.13125	15.2381	4.2867	0.0307419	19.5119	0.282878	6299	99	677	-35793.3	64.3918f	5.44623	4	1	1	0.0792079	0.0693069	0.0693069	9.90099e-09	0	0	0	0	0.854545	0.950479	0.217949	0.488722	0.874404	9.90099e-09	0.0891089	9.90099e-09	1	0.128205	0.310192	0.666667	0.666667	1.5	1	1	431440	1e+20	9.28447e+14	3.49912	77.1677	75.6017	19.8524	64.3918	5.44623	
119000	-130094	-1189.52	-83364.3	-17281	0.175516	1	0.130092	15.3737	4.15885	0.010069	19.5119	0.294168	6321	99	608	-35793.3	67.8658f	30.2815	4	1	1	0.0792079	0.049505	0.0693069	9.90099e-09	0	0	0	0	0.836364	0.952532	0.220285	0.504132	0.874802	9.90099e-09	0.0891089	9.90099e-09	1	0.104265	0.279221	0.666667	0.666667	1.5	1	1	431440	1e+20	9.28447e+14	9.44035	73.6403	75.6017	19.8524	67.8658	30.2815	
120000	-133464	-1189.52	-86734.4	-17673.8	0.182672	1	0.120132	16.6483	4.09854	0.029606	19.6346	0.323245	6550	99	681	-35793.3	82.4242f	17.484	4	1	1	0.0792079	0.049505	0.0693069	9.90099e-09	0	0	0	0	0.881818	0.955725	0.262595	0.524823	0.882443	9.90099e-09	0.0891089	9.90099e-09	1	0.12	0.294643	0.666667	0.666667	1.5	1	1	431440	1e+20	9.28447e+14	9.44035	73.6403	75.6017	19.8524	82.4242	17.484	
121000	-133476	-1189.52	-86746.5	-17807.5	0.185126	1	0.113504	17.6206	3.99071	0.0150717	19.717	0.351367	6629	99	604	-35793.3	80.9295f	39.6184	4	1	1	0.0792079	0.049505	0.0693069	9.90099e-09	0	0	0	0	0.845455	0.944193	0.246246	0.5	0.891566	9.90099e-09	0.0891089	9.90099e-09	1	0.126126	0.276699	0.666667	0.666667	1.5	1	1	431440	1e+20	9.28447e+14	9.44035	73.6403	75.6017	19.8524	80.9295	39.6184	
122000	-135877	-1189.52	-89147.6	-18142.9	0.187362	1	0.111317	17.9668	3.96111	0.0261948	19.717	0.360947	6829	99	625	-35793.3	76.0342f	15.5467	4	1	1	0.108911	0.049505	0.019802	9.90099e-09	0	0	0	0	0.827273	0.959124	0.25183	0.559055	0.893275	9.90099e-09	0.0891089	9.90099e-09	1	0.112573	0.305281	0.666667	0.666667	1.5	1	1	431440	1e+20	9.28447e+14	9.44035	73.6403	75.6017	19.8524	76.0342	15.5467	
123000	-131634	-1189.52	-84904.1	-17525.8	0.17884	1	0.111317	17.9668	3.78094	0.0195941	19.717	0.378146	6463	99	604	-35793.3	79.0113f	26.5749	4	1	1	0.108911	0.049505	0.019802	9.90099e-09	0	0	0	0	0.809091	0.959938	0.238462	0.467213	0.884438	9.90099e-09	0.148515	9.90099e-09	1	0.0942813	0.31457	0.666667	0.666667	1.5	1	1	431440	1e+20	9.28447e+14	17.6648	39.7023	75.6017	19.8524	79.0113	26.5749	
124000	-133434	-1189.52	-86704.9	-17785.9	0.183142	1	0.111317	17.9668	3.87189	0.0362329	19.717	0.369264	6616	99	615	-35793.3	97.0698f	30.8946	4	1	1	0.108911	0.049505	0.019802	9.90099e-09	0	0	0	0	0.836364	0.960725	0.246596	0.555556	0.902108	9.90099e-09	0.148515	9.90099e-09	1	0.108761	0.276339	0.666667	0.666667	1.5	1	1	431440	1e+20	9.28447e+14	17.6648	39.7023	75.6017	19.8524	97.0698	30.8946	
125000	-137608	-1189.52	-90878.8	-18369.2	0.195907	1	0.131907	15.1622	4.17491	0.011223	18.9356	0.289005	6967	99	658	-35793.3	60.7085f	23.9791	4	1	1	0.108911	0.108911	0.019802	9.90099e-09	0	0	0	0	0.836364	0.951359	0.230329	0.544776	0.908441	9.90099e-09	0.148515	9.90099e-09	1	0.104435	0.307463	0.666667	0.666667	1.5	1	1	431440	1e+20	9.28447e+14	17.6648	39.7023	75.6017	19.8524	60.7085	23.9791	
126000	-138044	-1189.52	-91314.6	-18483.3	0.195907	1	0.124445	16.0714	3.93873	0.00786923	18.9356	0.324703	7037	99	621	-35793.3	72.5718f	43.7787	4	1	1	0.108911	0.108911	0.019802	9.90099e-09	0	0	0	0	0.927273	0.951705	0.230441	0.528455	0.896307	9.90099e-09	0.148515	9.90099e-09	1	0.107955	0.291465	0.666667	0.666667	1.5	1	1	431440	1e+20	9.28447e+14	17.4865	23.6318	75.6017	19.8524	72.5718	43.7787	
127000	-140389	-1189.52	-93659.9	-18651.2	0.195907	1	0.137206	14.5766	4.34262	0.0357263	18.9356	0.267113	7140	99	732	-35793.3	89.24f	18.2704	4	1	1	0.108911	0.108911	0.019802	9.90099e-09	0	0	0	0	0.854545	0.957983	0.239377	0.534247	0.887165	9.90099e-09	0.148515	9.90099e-09	1	0.123077	0.284519	0.666667	0.666667	1.5	1	1	431440	1e+20	9.28447e+14	17.4865	23.6318	75.6017	19.8524	89.24	18.2704	
128000	-138919	-1189.52	-92189.1	-18489.6	0.200744	1	0.142824	14.0033	4.84312	0.008346	19.1478	0.230089	7040	99	692	-35793.3	30.4341f	35.8125	4	1	1	0.0693069	0.108911	0.019802	9.90099e-09	0	0	0	0	0.863636	0.961593	0.226496	0.554795	0.896011	9.90099e-09	0.148515	9.90099e-09	1	0.129445	0.291908	0.666667	0.666667	1.5	1	1	431440	1e+20	9.28447e+14	17.4865	23.6318	75.6017	19.8524	30.4341	35.8125	
129000	-138319	-1189.52	-91589.6	-18370.8	0.19355	1	0.142824	14.0033	4.66956	0.0303374	19.1478	0.23864	6968	99	711	-35793.3	68.1108f	7.16458	4	1	1	0.0693069	0.108911	0.019802	9.90099e-09	0	0	0	0	0.872727	0.959943	0.249284	0.475862	0.89049	9.90099e-09	0.0990099	9.90099e-09	1	0.119424	0.300985	0.666667	0.666667	1.5	1	1	431440	1e+20	9.28447e+14	17.4865	23.6318	75.6017	19.8524	68.1108	7.16458	
130000	-140263	-1189.52	-93533.4	-18514.6	0.194843	1	0.148075	13.5066	4.79603	0.00907091	19.0711	0.224107	7056	99	800	-35793.3	51.8052f	24.8129	4	1	1	0.0693069	0.108911	0.019802	9.90099e-09	0	0	0	0	0.827273	0.957567	0.271693	0.466667	0.885269	9.90099e-09	0.0990099	9.90099e-09	1	0.118812	0.290698	0.666667	0.666667	1.5	1	1	431440	1e+20	9.28447e+14	16.7874	49.9722	75.6017	19.8524	51.8052	24.8129	
131000	-141067	-1189.52	-94337.8	-18709.2	0.194843	1	0.137089	14.589	4.78957	0.0340345	19.4357	0.242393	7175	99	753	-35793.3	62.431f	2.31464	4	1	1	0.0693069	0.0891089	0.019802	9.90099e-09	0	0	0	0	0.872727	0.955307	0.2567	0.493243	0.875524	9.90099e-09	0.0990099	9.90099e-09	1	0.12117	0.269283	0.666667	0.666667	1.5	1	1	431440	1e+20	9.28447e+14	13.735	44.8561	75.6017	19.8524	62.431	2.31464	
132000	-142378	-1189.52	-95648.4	-18822.4	0.205295	1	0.136579	14.6436	5.01591	0.00669572	19.4243	0.232321	7247	99	794	-35793.3	66.3944f	35.9716	4	1	1	0.0693069	0.0891089	0.019802	9.90099e-09	0	0	0	0	0.845455	0.937759	0.239281	0.557692	0.875	9.90099e-09	0.0990099	9.90099e-09	1	0.107586	0.262887	0.666667	0.666667	1.5	1	1	431440	1e+20	9.28447e+14	13.735	44.8561	75.6017	19.8524	66.3944	35.9716	
133000	-139902	-1189.52	-93172.9	-18555.1	0.20001	1	0.124096	16.1165	4.67596	0.0262126	19.6772	0.274277	7081	99	736	-35793.3	86.3342f	26.678	4	1	1	0.0693069	0.0891089	0.0594059	9.90099e-09	0	0	0	0	0.845455	0.956215	0.239038	0.561644	0.881356	9.90099e-09	0.0990099	9.90099e-09	1	0.11174	0.292649	0.666667	0.666667	1.5	1	1	431440	1e+20	9.28447e+14	13.735	44.8561	75.6017	19.8524	86.3342	26.678	
134000	-140116	-1189.52	-93386.1	-18682.2	0.20001	1	0.124096	16.1165	4.60493	0.00765498	19.602	0.278508	7160	99	678	-35793.3	67.2229f	34.5778	4	1	1	0.0792079	0.0891089	0.0594059	0.009901	0	0	0	0	0.809091	0.956944	0.239161	0.477941	0.891213	9.90099e-09	0.0990099	9.90099e-09	1	0.112033	0.311209	0.666667	0.666667	1.5	1	1	431440	1e+20	9.28447e+14	13.735	44.8561	75.6017	19.8524	67.2229	34.5778	
135000	-140647	-1189.52	-93917.1	-18696.7	0.20001	1	0.121954	16.3996	4.52544	0.0314509	19.602	0.288378	7169	99	723	-35793.3	59.9234f	3.68814	4	1	1	0.0792079	0.0891089	0.0594059	0.009901	0	0	0	0	0.872727	0.953846	0.246862	0.534722	0.87972	9.90099e-09	0.0990099	9.90099e-09	1	0.125523	0.324513	0.666667	0.666667	1.5	1	1	431440	1e+20	9.28447e+14	13.735	44.8561	59.0251	7.27111	59.9234	3.68814	
136000	-141437	-1189.52	-94707.2	-18781.5	0.197825	1	0.125211	15.9731	4.85566	0.0193931	19.8737	0.261776	7221	99	736	-35793.3	55.2076f	13.2387	4	1	1	0.0792079	0.0792079	0.0594059	0.009901	0	0	0	0	0.863636	0.955923	0.253814	0.546763	0.878453	9.90099e-09	0.0693069	9.90099e-09	1	0.134535	0.29023	0.666667	0.666667	1.5	1	1	431440	1e+20	9.28447e+14	13.735	44.8561	59.0251	7.27111	55.2076	13.2387	
137000	-138556	-1189.52	-91826.4	-18351	0.194604	1	0.124773	16.0291	4.75992	0.0177026	19.8737	0.267978	6956	99	737	-35793.3	66.4127f	18.5819	4	1	1	0.0792079	0.0792079	0.0594059	0.009901	0	0	0	0	0.836364	0.963925	0.252511	0.496732	0.883117	9.90099e-09	0.0693069	9.90099e-09	1	0.125	0.291723	0.666667	0.666667	1.5	1	1	431440	1e+20	9.28447e+14	13.735	44.8561	59.0251	7.27111	66.4127	18.5819	
138000	-139723	-1189.52	-92993.2	-18552.3	0.194604	1	0.124773	16.0291	4.75992	0.0195308	19.8737	0.267978	7079	99	721	-35793.3	60.5362f	14.2631	4	1	1	0.0792079	0.0792079	0.0594059	0.009901	0	0	0	0	0.836364	0.947518	0.275813	0.555556	0.896011	9.90099e-09	0.0693069	9.90099e-09	1	0.112994	0.305204	0.666667	0.666667	1.5	1	1	431440	1e+20	9.28447e+14	13.735	44.8561	59.0251	7.27111	60.5362	14.2631	
139000	-137417	-1189.52	-90687.2	-18344.5	0.194897	1	0.114446	17.4755	4.37251	0.0178811	19.8737	0.318046	6952	99	640	-35793.3	51.3068f	14.3852	4	1	1	0.0792079	0.0792079	0.0594059	0.009901	0	0	0	0	0.836364	0.968391	0.252874	0.474074	0.896601	9.90099e-09	0.0693069	9.90099e-09	1	0.103448	0.26087	0.666667	0.666667	1.5	1	1	431440	1e+20	9.28447e+14	13.735	44.8561	59.0251	7.27111	51.3068	14.3852	
140000	-139161	-1189.52	-92431.9	-18552.2	0.194897	1	0.115545	17.3093	4.4145	0.0284239	19.8737	0.312024	7079	99	670	-35793.3	83.0571f	19.4898	4	1	1	0.049505	0.0792079	0.019802	0.009901	0	0	0	0	0.781818	0.958865	0.236729	0.548148	0.91092	9.90099e-09	0.0693069	9.90099e-09	1	0.121777	0.268025	0.666667	0.666667	1.5	1	1	431440	1e+20	9.28447e+14	13.735	44.8561	59.0251	7.27111	83.0571	19.4898	
141000	-141607	-1189.52	-94877.7	-18788.1	0.201926	1	0.115545	17.3093	4.57372	0.0346633	19.8737	0.301162	7226	99	745	-35793.3	31.1177f	3.98992	4	1	1	0.049505	0.0792079	0.019802	0.009901	0	0	0	0	0.854545	0.969317	0.248963	0.513514	0.899861	9.90099e-09	0.0693069	9.90099e-09	1	0.108333	0.340675	0.666667	0.666667	1.5	1	1	431440	1e+20	9.28447e+14	13.735	44.8561	59.0251	7.27111	31.1177	3.98992	
142000	-142244	-1189.52	-95514.1	-18924.1	0.201926	1	0.117276	17.0538	4.64225	0.00648729	19.8737	0.292336	7311	99	723	-35793.3	57.0466f	29.9471	4	1	1	0.049505	0.0792079	0.019802	0.009901	0	0	0	0	0.9	0.963265	0.242134	0.548611	0.859269	9.90099e-09	0.0693069	9.90099e-09	1	0.107923	0.286501	0.666667	0.666667	1.5	1	1	431440	1e+20	9.28447e+14	21.6721	67.5038	59.0251	7.27111	57.0466	29.9471	
143000	-140635	-1189.52	-93905.6	-18796.1	0.201926	1	0.117276	17.0538	4.64225	0.0141348	19.8737	0.292336	7231	99	662	-35793.3	18.442f	49.349	4	1	1	0.049505	0.0594059	0.019802	0.009901	0	0	0	0	0.818182	0.954294	0.214681	0.552239	0.896409	9.90099e-09	0.0693069	9.90099e-09	1	0.109116	0.293944	0.666667	0.666667	1.5	1	1	431440	1e+20	9.28447e+14	26.4859	29.4078	28.3411	39.2265	18.442	49.349	
144000	-142726	-1189.52	-95996.4	-18987.5	0.200561	1	0.122448	16.3334	4.81421	0.00815223	19.8737	0.269987	7350	99	728	-35793.3	28.4708f	39.6998	4	1	1	0.049505	0.0594059	0.019802	0.009901	0	0	0	0	0.809091	0.954856	0.255088	0.552632	0.888587	9.90099e-09	0.108911	9.90099e-09	1	0.147743	0.30914	0.666667	0.666667	1.5	1	1	431440	1e+20	9.28447e+14	31.6426	89.1752	28.3411	39.2265	28.4708	39.6998	
145000	-140228	-1189.52	-93498.5	-18696.8	0.201348	1	0.109888	18.2003	4.24811	0.00711947	19.7707	0.340937	7169	99	681	-35793.3	54.0226f	71.7664	4	1	1	0.049505	0.0594059	0.019802	9.90099e-09	0	0	0	0	0.827273	0.953975	0.262204	0.532847	0.90795	9.90099e-09	0.108911	9.90099e-09	1	0.114365	0.296623	0.666667	0.666667	1.5	1	1	431440	1e+20	9.28447e+14	31.6426	89.1752	28.3411	39.2265	54.0226	71.7664	
146000	-140965	-1189.52	-94235.2	-18907.9	0.202878	1	0.103057	19.4068	4.0143	0.0118633	19.7707	0.38471	7301	99	618	-35793.3	38.9863f	23.2297	4	1	1	0.049505	0.0594059	0.019802	9.90099e-09	0	0	0	0	0.845455	0.96978	0.240664	0.598291	0.888736	9.90099e-09	0.108911	9.90099e-09	1	0.105769	0.268421	0.666667	0.666667	1.5	1	1	431440	1e+20	9.28447e+14	31.6426	89.1752	28.3411	39.2265	38.9863	23.2297	
147000	-142807	-1189.52	-96077.8	-18974.7	0.207078	1	0.127242	15.7181	5.06077	0.0121627	19.7724	0.247157	7343	99	741	-35793.3	26.7603f	32.1701	4	1	1	0.039604	0.0594059	0.019802	9.90099e-09	0	0	0	0	0.772727	0.959294	0.261937	0.486486	0.896366	9.90099e-09	0.108911	9.90099e-09	1	0.11869	0.282086	0.666667	0.666667	1.5	1	1	431440	1e+20	9.28447e+14	31.6426	89.1752	28.3411	39.2265	26.7603	32.1701	
148000	-144506	-1189.52	-97776.4	-19251.7	0.20732	1	0.123269	16.2247	5.07782	0.00206839	19.9408	0.254266	7519	99	717	-35793.3	38.5191f	50.5634	4	1	1	0.039604	0.0594059	0.019802	9.90099e-09	0	0	0	0	0.863636	0.952318	0.252324	0.460432	0.895225	9.90099e-09	0.108911	9.90099e-09	1	0.130319	0.295393	0.666667	0.666667	1.5	1	1	431440	1e+20	9.28447e+14	31.6426	89.1752	28.3411	39.2265	38.5191	50.5634	
149000	-144214	-1189.52	-97484.8	-19176.1	0.208452	1	0.120004	16.6661	4.97031	0.00331647	19.9408	0.266834	7471	99	746	-35793.3	37.0839f	42.5147	4	1	1	0.039604	0.148515	0.019802	9.90099e-09	0	0	0	0	0.845455	0.963661	0.239305	0.503185	0.902406	9.90099e-09	0.108911	9.90099e-09	1	0.116059	0.305898	0.666667	0.666667	1.5	1	1	431440	1e+20	9.28447e+14	31.6426	89.1752	28.3411	39.2265	37.0839	42.5147	
150000	-143195	-1189.52	-96465.2	-19080.4	0.208452	1	0.115815	17.269	4.79679	0.00300154	19.9408	0.286487	7410	99	713	-35793.3	59.1878f	60.611	4	1	1	0.039604	0.148515	0.019802	9.90099e-09	0	0	0	0	0.863636	0.96748	0.283401	0.564286	0.878706	9.90099e-09	0.108911	9.90099e-09	1	0.106469	0.326389	0.666667	0.666667	1.5	1	1	431440	1e+20	9.28447e+14	31.6426	89.1752	28.3411	39.2265	59.1878	60.611	
151000	-143722	-1189.52	-96992	-19149.4	0.208452	1	0.115815	17.269	4.79679	0.0243271	19.9408	0.286487	7454	99	715	-35793.3	13.7294f	29.6579	4	1	1	0.039604	0.148515	0.019802	9.90099e-09	0	0	0	0	0.827273	0.966667	0.245989	0.539568	0.901202	0.009901	0.108911	9.90099e-09	1	0.118037	0.283916	0.666667	0.666667	1.5	1	1	431440	1e+20	9.28447e+14	31.6426	89.1752	28.3411	39.2265	13.7294	29.6579	
152000	-142312	-1189.52	-95582.8	-18943.8	0.208148	1	0.122867	16.2778	4.98489	0.0271949	19.8454	0.259854	7323	99	713	-35793.3	22.6187f	84.2862	4	1	1	0.039604	0.148515	0.019802	9.90099e-09	0	0	0	0	0.8	0.956284	0.244233	0.524823	0.892224	0.009901	0.108911	9.90099e-09	1	0.105048	0.316474	0.666667	0.666667	1.5	1	1	431440	1e+20	9.28447e+14	31.6426	89.1752	37.4163	52.9649	22.6187	84.2862	
153000	-143154	-1189.52	-96424.3	-19044.2	0.208148	1	0.122867	16.2778	4.73027	0.00218675	19.587	0.273842	7387	99	726	-35793.3	42.0551f	58.7212	4	1	1	0.0594059	0.148515	0.019802	9.90099e-09	0	0	0	0	0.809091	0.95393	0.26387	0.486111	0.889946	0.009901	0.108911	9.90099e-09	1	0.110961	0.305634	0.666667	0.666667	1.5	1	1	431440	1e+20	9.28447e+14	31.6426	89.1752	37.4163	52.9649	42.0551	58.7212	
154000	-146562	-1189.52	-99832.4	-19534.4	0.215642	1	0.121562	16.4526	4.79335	0.0113345	19.531	0.27314	7702	99	730	-35793.3	32.7556f	72.2366	4	1	1	0.0594059	0.148515	0.039604	9.90099e-09	0	0	0	0	0.845455	0.950327	0.245431	0.524823	0.891219	0.009901	0.108911	9.90099e-09	1	0.126632	0.269394	0.666667	0.666667	1.5	1	1	431440	1e+20	9.28447e+14	31.6426	89.1752	37.4163	52.9649	32.7556	72.2366	
155000	-147602	-1189.52	-100872	-19732.3	0.215661	1	0.121562	16.4526	4.79376	0.00270398	19.531	0.273116	7831	99	701	-35793.3	55.3942f	62.0995	4	1	1	0.0594059	0.148515	0.039604	9.90099e-09	0	0	0	0	0.854545	0.94898	0.225478	0.47619	0.890446	0.009901	0.108911	9.90099e-09	1	0.117347	0.288112	0.666667	0.666667	1.5	1	1	431440	1e+20	9.28447e+14	31.6426	89.1752	37.4163	52.9649	55.3942	62.0995	
156000	-147646	-1189.52	-100917	-19789.2	0.219093	1	0.112472	17.7822	4.71231	0.0196581	19.7509	0.300291	7869	99	668	-35793.3	60.8403f	14.2265	4	1	1	0.0594059	0.0693069	0.039604	9.90099e-09	0	0	0	0	0.854545	0.96056	0.258599	0.492647	0.900889	0.009901	0.128713	9.90099e-09	1	0.129606	0.333832	0.666667	0.666667	1.5	1	1	431440	1e+20	9.28447e+14	31.6426	89.1752	37.4163	52.9649	60.8403	14.2265	
157000	-146528	-1189.52	-99798.3	-19563	0.219093	1	0.118371	16.8961	4.69275	0.00988327	19.4799	0.286516	7720	99	710	-35793.3	41.8355f	74.9147	4	1	1	0.0594059	0.0693069	0.039604	9.90099e-09	0	0	0	0	0.790909	0.953608	0.243622	0.423611	0.911311	0.009901	0.128713	9.90099e-09	1	0.119231	0.298592	0.666667	0.666667	1.5	1	1	431440	1e+20	9.28447e+14	31.6426	89.1752	37.4163	52.9649	41.8355	74.9147	
158000	-148448	-1189.52	-101718	-19786	0.215726	1	0.118371	16.8961	4.45579	0.0100749	19.3038	0.301753	7866	99	741	-35793.3	23.7303f	53.8456	4	1	1	0.0594059	0.0693069	0.039604	9.90099e-09	0	0	0	0	0.863636	0.965605	0.232947	0.513699	0.887597	0.009901	0.128713	9.90099e-09	1	0.101652	0.294355	0.666667	0.666667	1.5	1	1	431440	1e+20	9.28447e+14	31.6426	89.1752	37.4163	52.9649	23.7303	53.8456	
159000	-147584	-1189.52	-100854	-19721.6	0.215726	1	0.118371	16.8961	4.45579	0.0050837	19.3038	0.301753	7824	99	706	-35793.3	52.03f	31.3725	4	1	1	0.0594059	0.0693069	0.039604	9.90099e-09	0	0	0	0	0.809091	0.958816	0.237852	0.528169	0.903185	0.009901	0.128713	9.90099e-09	1	0.106138	0.315864	0.666667	0.666667	1.5	1	1	431440	1e+20	9.28447e+14	31.6426	89.1752	37.4163	52.9649	52.03	31.3725	
160000	-146912	-1189.52	-100183	-19641.7	0.21678	1	0.126021	15.8703	4.42878	0.00723084	18.9519	0.285162	7772	99	698	-35793.3	32.0393f	36.5258	4	1	1	0.0594059	0.0693069	0.0594059	9.90099e-09	0	0	0	0	0.872727	0.966624	0.20844	0.557143	0.904516	0.009901	0.128713	9.90099e-09	1	0.118252	0.306475	0.666667	0.666667	1.5	1	1	431440	1e+20	9.28447e+14	31.6426	89.1752	37.4163	52.9649	32.0393	36.5258	
161000	-147767	-1189.52	-101038	-19767.6	0.223158	1	0.116803	17.1228	4.22562	0.00914253	18.9519	0.322458	7854	99	700	-35793.3	60.2833f	72.9948	4	1	1	0.0594059	0.0693069	0.0594059	9.90099e-09	0	0	0	0	0.836364	0.965605	0.227214	0.567568	0.878981	0.009901	0.0891089	9.90099e-09	1	0.0941476	0.325811	0.666667	0.666667	1.5	1	1	431440	1e+20	9.28447e+14	31.6426	89.1752	37.4163	52.9649	60.2833	72.9948	
162000	-148615	-1189.52	-101885	-19860.5	0.222771	1	0.116803	17.1228	4.21829	0.00496077	18.9519	0.323019	7916	99	711	-35793.3	67.5627f	55.4413	4	1	1	0.0594059	0.0594059	0.0594059	9.90099e-09	0	0	0	0	0.881818	0.962264	0.242119	0.550336	0.887077	0.009901	0.0891089	9.90099e-09	1	0.131313	0.272099	0.666667	0.666667	1.5	1	1	431440	1e+20	9.28447e+14	44.9006	90.172	37.4163	52.9649	67.5627	55.4413	
163000	-148652	-1189.52	-101923	-19861.8	0.225553	1	0.113764	17.5803	4.15982	0.0044572	18.9519	0.336312	7916	99	710	-35793.3	67.1068f	53.1248	4	1	1	0.0594059	0.0594059	0.0594059	9.90099e-09	0	0	0	0	0.818182	0.959698	0.213654	0.546099	0.920755	0.009901	0.0891089	9.90099e-09	1	0.111111	0.288301	0.666667	0.666667	1.5	1	1	431440	1e+20	9.28447e+14	44.9006	90.172	37.4163	52.9649	67.1068	53.1248	
164000	-149765	-1189.52	-103035	-20067.3	0.225553	1	0.114652	17.4441	4.19228	0.00636962	18.9519	0.331123	8054	99	680	-35793.3	45.6983f	70.4471	4	1	1	0.0594059	0.0594059	0.0594059	9.90099e-09	0	0	0	0	0.854545	0.969212	0.239157	0.507042	0.908189	0.009901	0.0891089	9.90099e-09	1	0.103832	0.30226	0.666667	0.666667	1.5	1	1	431440	1e+20	9.28447e+14	44.9006	90.172	37.4163	52.9649	45.6983	70.4471	
165000	-152988	-1189.52	-106259	-20438.1	0.225553	1	0.114652	17.4441	4.7277	0.00238157	19.53	0.293623	8303	99	727	-35793.3	38.0715f	46.3986	4	1	1	0.039604	0.0594059	0.0594059	9.90099e-09	0	0	0	0	0.818182	0.96368	0.236145	0.520548	0.889157	0.009901	0.0891089	9.90099e-09	1	0.0819277	0.278393	0.666667	0.666667	1.5	1	1	431440	1e+20	9.28447e+14	44.9006	90.172	37.4163	52.9649	38.0715	46.3986	
166000	-148964	-1189.52	-102234	-20062.8	0.225553	1	0.0913129	21.9027	3.76532	0.00166069	19.53	0.462899	8051	99	608	-35793.3	45.4611f	58.991	4	1	1	0.039604	0.0594059	0.0594059	9.90099e-09	0	0	0	0	0.836364	0.975217	0.243812	0.474576	0.915633	0.009901	0.0891089	9.90099e-09	1	0.0831266	0.32483	0.666667	0.666667	1.5	1	1	431440	1e+20	9.28447e+14	64.7096	87.5758	37.4163	52.9649	45.4611	58.991	
167000	-150286	-1189.52	-103556	-20223.6	0.225773	1	0.0924263	21.6389	3.81495	0.00599201	19.53	0.451373	8159	99	624	-35793.3	33.9387f	37.4575	4	1	1	0.039604	0.0594059	0.009901	9.90099e-09	0	0	0	0	0.827273	0.963145	0.232759	0.533333	0.928571	0.009901	0.138614	9.90099e-09	1	0.0970516	0.319865	0.666667	0.666667	1.5	1	1	431440	1e+20	9.28447e+14	64.7096	87.5758	37.4163	52.9649	33.9387	37.4575	
168000	-149404	-1189.52	-102674	-20068.8	0.225773	1	0.0961105	20.8094	3.96702	0.00646832	19.53	0.417431	8055	99	638	-35793.3	42.5417f	30.1277	4	1	1	0.039604	0.0594059	0.009901	9.90099e-09	0	0	0	0	0.845455	0.967782	0.245353	0.469231	0.910781	0.009901	0.138614	9.90099e-09	1	0.0744417	0.296584	0.666667	0.666667	1.5	1	1	431440	1e+20	9.28447e+14	64.7096	87.5758	37.4163	52.9649	42.5417	30.1277	
169000	-150147	-1189.52	-103417	-20129.8	0.225773	1	0.0991961	20.1621	4.42619	0.0242953	19.9142	0.362489	8096	99	662	-35793.3	10.5838f	62.9547	4	1	1	0.039604	0.108911	0.009901	9.90099e-09	0	0	0	0	0.827273	0.96925	0.240444	0.537879	0.923457	0.009901	0.138614	9.90099e-09	1	0.111111	0.300296	0.666667	0.666667	1.5	1	1	431440	1e+20	9.28447e+14	64.7096	87.5758	37.4163	52.9649	10.5838	62.9547	
170000	-149664	-1189.52	-102935	-20027.1	0.225773	1	0.0991961	20.1621	4.42619	0.0296291	19.9142	0.362489	8027	99	686	-35793.3	4.56023f	56.3014	4	1	1	0.039604	0.108911	0.009901	9.90099e-09	0	0	0	0	0.809091	0.968905	0.23354	0.525926	0.907846	0.009901	0.138614	9.90099e-09	1	0.119255	0.313218	0.666667	0.666667	1.5	1	1	431440	1e+20	9.28447e+14	64.7096	87.5758	37.4163	52.9649	4.56023	56.3014	
171000	-150520	-1189.52	-103791	-20184.9	0.225773	1	0.102432	19.5251	4.42583	0.0293734	19.7546	0.351066	8133	99	663	-35793.3	4.54454f	45.3261	4	1	1	0.009901	0.108911	0.009901	9.90099e-09	0	0	0	0	0.818182	0.965644	0.287469	0.535714	0.889571	0.009901	0.138614	9.90099e-09	1	0.110565	0.280401	0.666667	0.666667	1.5	1	1	431440	1e+20	9.28447e+14	64.7096	87.5758	37.4163	52.9649	4.54454	45.3261	
172000	-151367	-1189.52	-104637	-20280.1	0.225773	1	0.105543	18.9496	4.68399	0.00907718	19.8873	0.32194	8197	99	681	-35793.3	24.8199f	49.6476	4	1	1	0.009901	0.108911	0.009901	9.90099e-09	0	0	0	0	0.818182	0.967113	0.230207	0.56338	0.900122	0.009901	0.138614	9.90099e-09	1	0.0926829	0.28821	0.666667	0.666667	1.5	1	1	431440	1e+20	9.28447e+14	64.7096	87.5758	37.4163	52.9649	24.8199	49.6476	
173000	-149475	-1189.52	-102745	-20012.5	0.226549	1	0.108236	18.4782	4.82002	0.00932386	19.8873	0.305071	8017	99	682	-35793.3	32.6911f	68.6791	4	1	1	0.009901	0.108911	0.009901	9.90099e-09	0	0	0	0	0.854545	0.965304	0.246575	0.510791	0.914179	0.009901	0.0693069	9.90099e-09	1	0.105985	0.269886	0.666667	0.666667	1.5	1	1	431440	1e+20	9.28447e+14	64.7096	87.5758	37.4163	52.9649	32.6911	68.6791	
174000	-150242	-1189.52	-103512	-20082.6	0.223041	1	0.108236	18.4782	4.74538	0.0078398	19.8873	0.309869	8064	99	705	-35793.3	31.1531f	36.1217	4	1	1	0.009901	0.108911	0.049505	9.90099e-09	0	0	0	0	0.845455	0.960445	0.263614	0.506849	0.909542	0.009901	0.0693069	9.90099e-09	1	0.101611	0.298755	0.666667	0.666667	1.5	1	1	431440	1e+20	9.28447e+14	43.7555	8.82825	37.4163	52.9649	31.1531	36.1217	
175000	-150987	-1189.52	-104257	-20157.6	0.223041	1	0.111509	17.9357	4.88889	0.00453943	19.8873	0.291943	8114	99	724	-35793.3	38.4708f	36.641	4	1	1	0.009901	0.049505	0.049505	9.90099e-09	0	0	0	0	0.872727	0.971744	0.231242	0.537931	0.884379	0.009901	0.0693069	9.90099e-09	1	0.115621	0.298103	0.666667	0.666667	1.5	1	1	431440	1e+20	9.28447e+14	42.8476	91.1366	57.2242	38.2505	38.4708	36.641	
176000	-149240	-1189.52	-102510	-20028.6	0.223041	1	0.111509	17.9357	4.88889	0.0135162	19.8873	0.291943	8028	99	661	-35793.3	80.808f	48.4414	4	1	1	0.009901	0.049505	0.049505	9.90099e-09	0	0	0	0	0.827273	0.95398	0.229814	0.478873	0.9066	9.90099e-09	0.0693069	9.90099e-09	1	0.0896638	0.30674	0.666667	0.666667	1.5	1	1	431440	1e+20	9.28447e+14	42.8476	91.1366	57.2242	38.2505	80.808	48.4414	
177000	-148585	-1189.52	-101856	-19814	0.223041	1	0.121703	16.4334	5.33583	0.0315626	19.8873	0.245084	7885	99	732	-35793.3	90.8653f	73.8548	4	1	1	0.019802	0.049505	0.049505	9.90099e-09	0	0	0	0	0.845455	0.970738	0.24586	0.561644	0.902778	9.90099e-09	0.0693069	9.90099e-09	1	0.119745	0.267983	0.666667	0.666667	1.5	1	1	431440	1e+20	9.28447e+14	42.8476	91.1366	57.2242	38.2505	90.8653	73.8548	
178000	-150871	-1189.52	-104141	-20112.6	0.223041	1	0.114232	17.5082	4.91516	0.0127555	19.7942	0.283461	8084	99	746	-35793.3	20.639f	43.9656	4	1	1	0.019802	0.049505	0.049505	9.90099e-09	0	0	0	0	0.845455	0.960543	0.238155	0.447368	0.887515	9.90099e-09	0.0693069	9.90099e-09	1	0.103832	0.30068	0.666667	0.666667	1.5	1	1	431440	1e+20	9.28447e+14	42.8476	91.1366	57.2242	38.2505	20.639	43.9656	
179000	-151402	-1189.52	-104673	-20228.8	0.224234	1	0.121488	16.4626	5.2553	0.000474299	19.7942	0.249281	8162	99	720	-35793.3	51.0913f	45.8169	4	1	1	0.019802	0.049505	0.049505	9.90099e-09	0	0	0	0	0.818182	0.959608	0.244499	0.573333	0.875769	9.90099e-09	0.0693069	9.90099e-09	1	0.118727	0.276653	0.666667	0.666667	1.5	1	1	431440	1e+20	9.28447e+14	42.8476	91.1366	57.2242	38.2505	51.0913	45.8169	
180000	-150925	-1189.52	-104196	-20077.7	0.225242	1	0.123964	16.1338	5.38652	0.0103229	19.7942	0.238351	8061	99	778	-35793.3	51.0348f	23.0461	4	1	1	0.019802	0.049505	0.009901	9.90099e-09	0	0	0	0	0.845455	0.964109	0.260546	0.539877	0.893564	9.90099e-09	0.108911	9.90099e-09	1	0.122677	0.286967	0.666667	0.666667	1.5	1	1	431440	1e+20	9.28447e+14	47.4592	98.6489	57.2242	38.2505	51.0348	23.0461	
181000	-150393	-1189.52	-103663	-19977.8	0.225242	1	0.120715	16.5679	5.24536	0.00878333	19.7942	0.251353	7994	99	793	-35793.3	65.9983f	68.8016	4	1	1	0.019802	0.049505	0.009901	9.90099e-09	0	0	0	0	0.918182	0.962594	0.257179	0.48366	0.895522	9.90099e-09	0.108911	9.90099e-09	1	0.134831	0.328662	0.666667	0.666667	1.5	1	1	431440	1e+20	9.28447e+14	47.4592	98.6489	72.1187	73.9223	65.9983	68.8016	
182000	-152668	-1189.52	-105938	-20326.4	0.229882	1	0.116933	17.1039	5.18567	0.00259627	19.7942	0.26247	8229	99	764	-35793.3	62.774f	52.483	4	1	1	0.019802	0.0990099	0.009901	9.90099e-09	0	0	0	0	0.845455	0.958888	0.309091	0.585526	0.894417	9.90099e-09	0.108911	9.90099e-09	1	0.133495	0.298836	0.666667	0.666667	1.5	1	1	431440	1e+20	9.28447e+14	47.4592	98.6489	72.1187	73.9223	62.774	52.483	
183000	-151718	-1189.52	-104988	-20204.4	0.229882	1	0.116933	17.1039	5.18567	0.012708	19.7942	0.26247	8146	99	764	-35793.3	78.711f	58.2309	4	1	1	0.019802	0.0990099	0.009901	9.90099e-09	0	0	0	0	0.854545	0.957002	0.276074	0.585526	0.89246	9.90099e-09	0.108911	9.90099e-09	1	0.124079	0.261968	0.666667	0.666667	1.5	1	1	431440	1e+20	9.28447e+14	47.4592	98.6489	68.1579	53.5614	78.711	58.2309	
184000	-150262	-1189.52	-103533	-20026.5	0.229882	1	0.116933	17.1039	4.7901	0.0178953	19.4054	0.284145	8025	99	740	-35793.3	82.1578f	65.1024	4	1	1	0.019802	0.0990099	0.009901	9.90099e-09	0	0	0	0	0.827273	0.952441	0.264669	0.559211	0.884901	9.90099e-09	0.108911	9.90099e-09	1	0.128269	0.297226	0.666667	0.666667	1.5	1	1	431440	1e+20	9.28447e+14	47.4592	98.6489	71.1105	50.6408	82.1578	65.1024	
185000	-151474	-1189.52	-104744	-20147.1	0.229882	1	0.125154	15.9803	5.12689	0.00253345	19.4054	0.248039	8107	99	782	-35793.3	62.7597f	48.3451	4	1	1	0.029703	0.0990099	0.009901	9.90099e-09	0	0	0	0	0.772727	0.95449	0.253695	0.521739	0.887793	9.90099e-09	0.108911	9.90099e-09	1	0.117139	0.290281	0.666667	0.666667	1.5	1	1	431440	1e+20	9.28447e+14	24.4894	76.433	71.1105	50.6408	62.7597	48.3451	
186000	-152411	-1189.52	-105681	-20282.3	0.229882	1	0.126623	15.7949	5.18706	0.00904246	19.4054	0.242318	8199	99	772	-35793.3	68.5547f	32.9771	4	1	1	0.029703	0.0990099	0.009901	9.90099e-09	0	0	0	0	0.818182	0.962379	0.253659	0.493671	0.890244	9.90099e-09	0.108911	9.90099e-09	1	0.118293	0.305236	0.666667	0.666667	1.5	1	1	431440	1e+20	9.28447e+14	24.4894	76.433	71.1105	50.6408	68.5547	32.9771	
187000	-149036	-1189.52	-102306	-19914.5	0.222799	1	0.126623	15.7949	4.59036	0.0015113	18.9694	0.273817	7952	99	714	-35793.3	59.5939f	50.2154	4	1	1	0.029703	0.0990099	0.009901	9.90099e-09	0	0	0	0	0.854545	0.966376	0.217337	0.446667	0.884422	9.90099e-09	0.0990099	9.90099e-09	1	0.10804	0.324359	0.666667	0.666667	1.5	1	1	431440	1e+20	9.28447e+14	19.224	86.3585	71.1105	50.6408	59.5939	50.2154	
188000	-149624	-1189.52	-102894	-19855	0.218028	1	0.143485	13.9387	5.09028	0.0134652	18.9694	0.217907	7912	99	813	-35793.3	74.77f	68.1952	4	1	1	0.029703	0.0594059	0.009901	9.90099e-09	0	0	0	0	0.790909	0.948298	0.228247	0.541667	0.885246	9.90099e-09	0.0990099	9.90099e-09	1	0.127525	0.281955	0.666667	0.666667	1.5	1	1	431440	1e+20	9.28447e+14	13.5927	80.7333	71.1105	50.6408	74.77	68.1952	
189000	-149787	-1189.52	-103058	-19938.6	0.2221	1	0.139557	14.3311	4.80615	0.0325319	18.7423	0.237286	7968	99	774	-35793.3	90.8501f	24.5431	4	1	1	0.029703	0.0594059	0.009901	9.90099e-09	0	0	0	0	0.809091	0.964736	0.213836	0.519231	0.883985	0.009901	0.0990099	9.90099e-09	1	0.117128	0.307494	0.666667	0.666667	1.5	1	1	431440	1e+20	9.28447e+14	13.5927	80.7333	71.1105	50.6408	90.8501	24.5431	
190000	-147923	-1189.52	-101193	-19679.6	0.221888	1	0.133062	15.0305	4.57811	0.0350133	18.7423	0.261263	7796	99	761	-35793.3	99.8069f	46.8679	4	1	1	0.029703	0.0594059	0.009901	9.90099e-09	0	0	0	0	0.845455	0.960205	0.260483	0.56129	0.888041	0.009901	0.0990099	9.90099e-09	1	0.123077	0.292149	0.666667	0.666667	1.5	1	1	431440	1e+20	9.28447e+14	13.5927	80.7333	92.3054	37.3898	99.8069	46.8679	
191000	-150290	-1189.52	-103561	-19916	0.221888	1	0.134406	14.8803	4.62434	0.0205535	18.7423	0.256066	7953	99	827	-35793.3	82.8194f	30.4741	4	1	1	0.0594059	0.0594059	0.009901	9.90099e-09	0	0	0	0	0.8	0.961104	0.244417	0.49697	0.89715	0.009901	0.0990099	9.90099e-09	1	0.101631	0.309553	0.666667	0.666667	1.5	1	1	431440	1e+20	9.28447e+14	13.5927	80.7333	92.3054	37.3898	82.8194	30.4741	
192000	-152253	-1189.52	-105524	-20201.3	0.225741	1	0.131512	15.2077	5.51321	0.0104609	19.6067	0.219508	8144	99	816	-35793.3	63.1036f	26.2283	4	1	1	0.0594059	0.0594059	0.009901	9.90099e-09	0	0	0	0	0.827273	0.965644	0.267157	0.545455	0.892025	0.009901	0.0990099	9.90099e-09	1	0.109202	0.28202	0.666667	0.666667	1.5	1	1	431440	1e+20	9.28447e+14	13.5927	80.7333	80.8244	34.8809	63.1036	26.2283	
193000	-149496	-1189.52	-102766	-19860.4	0.225741	1	0.133545	14.9762	5.59846	0.0346583	19.6067	0.212874	7915	99	791	-35793.3	99.6166f	51.5871	4	1	1	0.0594059	0.0594059	0.039604	9.90099e-09	0	0	0	0	0.845455	0.941992	0.226582	0.557576	0.886364	0.009901	0.0990099	9.90099e-09	1	0.108449	0.316056	0.666667	0.666667	1.5	1	1	431440	1e+20	9.28447e+14	13.5927	80.7333	89.3085	41.0188	99.6166	51.5871	
194000	-150814	-1189.52	-104084	-20076.5	0.223215	1	0.124057	16.1217	5.14248	0.0151221	19.6067	0.249476	8060	99	765	-35793.3	33.7586f	21.5785	4	1	1	0.0594059	0.0594059	0.039604	9.90099e-09	0	0	0	0	0.9	0.961586	0.234491	0.532051	0.888476	0.009901	0.0990099	9.90099e-09	1	0.114144	0.313316	0.666667	0.666667	1.5	1	1	431440	1e+20	9.28447e+14	5.34047	74.9053	89.3085	41.0188	33.7586	21.5785	
195000	-149255	-1189.52	-102526	-19852.7	0.220776	1	0.124057	16.1217	5.08628	0.0186387	19.6067	0.252232	7911	99	770	-35793.3	71.1162f	20.3819	4	1	1	0.0594059	0.118812	0.039604	9.90099e-09	0	0	0	0	0.809091	0.962312	0.251572	0.550633	0.891414	0.009901	0.0990099	9.90099e-09	1	0.126408	0.279683	0.666667	0.666667	1.5	1	1	431440	1e+20	9.28447e+14	5.34047	74.9053	89.3085	41.0188	71.1162	20.3819	
196000	-149369	-1189.52	-102640	-19864.8	0.220776	1	0.122407	16.339	5.01863	0.0179803	19.6067	0.259078	7919	99	771	-35793.3	83.8635f	61.0555	4	1	1	0.0594059	0.118812	0.039604	9.90099e-09	0	0	0	0	0.845455	0.957016	0.250633	0.587838	0.87199	0.009901	0.0990099	9.90099e-09	1	0.12263	0.248619	0.666667	0.666667	1.5	1	1	431440	1e+20	9.28447e+14	5.34047	74.9053	89.3085	41.0188	83.8635	61.0555	
197000	-148714	-1189.52	-101984	-19743.7	0.218426	1	0.122407	16.339	4.93399	0.00652798	19.5758	0.263522	7839	99	793	-35793.3	69.2121f	40.8566	4	1	1	0.039604	0.118812	0.039604	9.90099e-09	0	0	0	0	0.863636	0.948849	0.261814	0.537037	0.899743	0.009901	0.0990099	9.90099e-09	1	0.107143	0.31652	0.666667	0.666667	1.5	1	1	431440	1e+20	9.28447e+14	5.34047	74.9053	89.3085	41.0188	69.2121	40.8566	
198000	-148350	-1189.52	-101620	-19742.2	0.218426	1	0.122407	16.339	4.93399	0.00750578	19.5758	0.263522	7838	99	757	-35793.3	58.0865f	28.5637	4	1	1	0.039604	0.118812	0.039604	9.90099e-09	0	0	0	0	0.845455	0.955357	0.245211	0.486667	0.892308	0.009901	0.0990099	9.90099e-09	1	0.131378	0.302989	0.666667	0.666667	1.5	1	1	431440	1e+20	9.28447e+14	5.34047	74.9053	89.3085	41.0188	58.0865	28.5637	
199000	-149192	-1189.52	-102463	-19873	0.218426	1	0.121702	16.4336	4.90559	0.0148984	19.5758	0.266583	7924	99	754	-35793.3	68.7986f	76.3156	4	1	1	0.039604	0.118812	0.009901	9.90099e-09	0	0	0	0	0.781818	0.958281	0.224747	0.522293	0.905303	0.009901	0.0990099	9.90099e-09	1	0.106061	0.283854	0.666667	0.666667	1.5	1	1	431440	1e+20	9.28447e+14	37.1271	82.309	89.3085	41.0188	68.7986	76.3156	
200000	-149718	-1189.52	-102988	-19898	0.220972	1	0.121702	16.4336	4.96276	0.0112177	19.5758	0.263512	7941	99	786	-35793.3	67.2529f	27.7964	4	1	1	0.039604	0.049505	0.009901	9.90099e-09	0	0	0	0	0.809091	0.953401	0.264151	0.527027	0.879093	0.009901	0.0990099	9.90099e-09	1	0.122013	0.29479	0.666667	0.666667	1.5	1	1	431440	1e+20	9.28447e+14	37.1271	82.309	53.3034	91.0269	67.2529	27.7964	
201000	-149908	-1189.52	-103179	-19965.9	0.22522	1	0.124057	16.1216	5.15605	0.0159904	19.5758	0.248818	7986	99	758	-35793.3	66.3426f	20.5639	4	1	1	0.039604	0.049505	0.009901	9.90099e-09	0	0	0	0	0.772727	0.96	0.249373	0.532051	0.888611	0.009901	0.0990099	9.90099e-09	1	0.129838	0.29397	0.666667	0.666667	1.5	1	1	431440	1e+20	9.28447e+14	55.7164	77.5401	66.9759	34.2814	66.3426	20.5639	
202000	-150521	-1189.52	-103792	-19983.8	0.22522	1	0.124057	16.1216	5.15605	0.00631936	19.5758	0.248818	7998	99	798	-35793.3	36.3126f	34.1283	4	1	1	0.039604	0.049505	0.009901	9.90099e-09	0	0	0	0	0.827273	0.958647	0.219178	0.553459	0.867995	0.009901	0.0990099	9.90099e-09	1	0.125313	0.290365	0.666667	0.666667	1.5	1	1	431440	1e+20	9.28447e+14	55.7164	77.5401	66.9759	34.2814	36.3126	34.1283	
203000	-149984	-1189.52	-103255	-19895.9	0.22522	1	0.122783	16.2889	5.10309	0.000532144	19.5758	0.254009	7939	99	802	-35793.3	52.4369f	53.9368	4	1	1	0.039604	0.049505	0.009901	9.90099e-09	0	0	0	0	0.8	0.94598	0.256281	0.530488	0.875315	9.90099e-09	0.0990099	9.90099e-09	1	0.11335	0.274876	0.666667	0.666667	1.5	1	1	431440	1e+20	9.28447e+14	55.7164	77.5401	58.3223	43.3921	52.4369	53.9368	
204000	-151180	-1189.52	-104450	-20165.6	0.225674	1	0.114755	17.4284	4.77906	0.00852272	19.5758	0.290205	8120	99	741	-35793.3	74.3114f	51.6063	4	1	1	0.039604	0.049505	9.90099e-09	9.90099e-09	0	0	0	0	0.836364	0.965517	0.273736	0.547771	0.908755	9.90099e-09	0.0990099	9.90099e-09	1	0.109606	0.31105	0.666667	0.666667	1.5	1	1	431440	1e+20	9.28447e+14	50.4172	84.2105	73.3104	42.193	74.3114	51.6063	
205000	-150375	-1189.52	-103646	-20024.1	0.225674	1	0.115085	17.3785	5.13029	0.00773706	19.9117	0.269563	8025	99	757	-35793.3	32.651f	34.5169	4	1	1	0.039604	0.049505	9.90099e-09	9.90099e-09	0	0	0	0	0.772727	0.957659	0.254364	0.556291	0.922403	9.90099e-09	0.0990099	9.90099e-09	1	0.127024	0.298246	0.666667	0.666667	1.5	1	1	431440	1e+20	9.28447e+14	50.4172	84.2105	73.3104	42.193	32.651	34.5169	
206000	-150409	-1189.52	-103680	-20046.5	0.225674	1	0.115831	17.2665	5.16357	0.0323363	19.9117	0.2661	8040	99	743	-35793.3	97.5413f	43.7329	4	1	1	0.039604	0.0594059	9.90099e-09	9.90099e-09	0	0	0	0	0.872727	0.956468	0.273292	0.489933	0.897022	9.90099e-09	0.0792079	9.90099e-09	1	0.10199	0.274667	0.666667	0.666667	1.5	1	1	431440	1e+20	9.28447e+14	50.4172	84.2105	86.2536	35.6471	97.5413	43.7329	
207000	-150731	-1189.52	-104002	-20131.3	0.225674	1	0.118054	16.9414	5.35508	0.0129394	19.9986	0.251753	8097	99	720	-35793.3	79.3612f	42.9903	4	1	1	0.039604	0.0594059	9.90099e-09	9.90099e-09	0	0	0	0	0.818182	0.956737	0.246609	0.524138	0.899752	9.90099e-09	0.0792079	9.90099e-09	1	0.110149	0.296296	0.666667	0.666667	1.5	1	1	431440	1e+20	9.28447e+14	17.4212	83.6026	86.2536	35.6471	79.3612	42.9903	
208000	-154393	-1189.52	-107663	-20582.2	0.232549	1	0.127299	15.711	5.04908	0.0223342	19.194	0.247618	8404	99	762	-35793.3	69.4799f	15.2278	4	1	1	0.039604	0.0594059	9.90099e-09	9.90099e-09	0	0	0	0	0.836364	0.966706	0.247325	0.547771	0.906287	9.90099e-09	0.0792079	9.90099e-09	1	0.117717	0.311392	0.666667	0.666667	1.5	1	1	431440	1e+20	9.28447e+14	17.4212	83.6026	68.8571	15.3038	69.4799	15.2278	
209000	-156010	-1189.52	-109281	-20710.4	0.236277	1	0.127299	15.711	5.13003	0.0304592	19.194	0.243711	8493	99	820	-35793.3	37.8705f	4.99834	4	1	1	0.039604	0.0594059	9.90099e-09	9.90099e-09	0	0	0	0	0.881818	0.957746	0.244418	0.47561	0.889671	9.90099e-09	0.0792079	9.90099e-09	1	0.132941	0.315121	0.666667	0.666667	1.5	1	1	431440	1e+20	9.28447e+14	24.3069	75.0511	68.8571	15.3038	37.8705	4.99834	
210000	-157331	-1189.52	-110601	-20814.3	0.236277	1	0.131846	15.1693	5.46171	0.0304592	19.3267	0.221017	8565	99	868	-35793.3	37.8705f	4.99834	4	1	1	0.039604	0.0594059	0.029703	9.90099e-09	0	0	0	0	0.836364	0.962617	0.254948	0.471264	0.87907	9.90099e-09	0.0792079	9.90099e-09	1	0.110337	0.293642	0.666667	0.666667	1.5	1	1	431440	1e+20	9.28447e+14	24.3069	75.0511	68.8571	15.3038	37.8705	4.99834	
211000	-159040	-1189.52	-112310	-20990.1	0.241996	1	0.131846	15.1693	6.18694	0.0110598	19.8197	0.19511	8689	99	893	-35793.3	71.0693f	31.704	4	1	1	0.039604	0.0594059	0.029703	9.90099e-09	0	0	0	0	0.809091	0.940367	0.275229	0.530387	0.882966	9.90099e-09	0.0792079	9.90099e-09	1	0.118527	0.281147	0.666667	0.666667	1.5	1	1	431440	1e+20	9.28447e+14	24.3069	75.0511	68.8571	15.3038	71.0693	31.704	
212000	-158250	-1189.52	-111520	-20976.7	0.247952	1	0.122308	16.3521	5.88064	0.020557	19.8197	0.221279	8678	99	837	-35793.3	81.3653f	28.2001	4	1	1	0.039604	0.049505	0.029703	9.90099e-09	0	0	0	0	0.781818	0.958573	0.257209	0.609756	0.90289	9.90099e-09	0.0792079	9.90099e-09	1	0.133487	0.326627	0.666667	0.666667	1.5	1	1	431440	1e+20	9.28447e+14	24.3069	75.0511	58.663	43.4191	81.3653	28.2001	
213000	-157375	-1189.52	-110645	-20954.3	0.247952	1	0.115994	17.2422	5.57707	0.00703415	19.8197	0.246024	8662	99	773	-35793.3	48.2512f	71.9277	4	1	1	0.039604	0.049505	0.029703	9.90099e-09	0	0	0	0	0.836364	0.959584	0.228507	0.522293	0.8903	9.90099e-09	0.0792079	9.90099e-09	1	0.103806	0.317559	0.666667	0.666667	1.5	1	1	431440	1e+20	9.28447e+14	24.3069	75.0511	58.663	43.4191	48.2512	71.9277	
214000	-157563	-1189.52	-110834	-20978.1	0.247952	1	0.117694	16.9932	5.65879	0.01545	19.8197	0.238969	8679	99	774	-35793.3	78.8612f	33.8904	4	1	1	0.039604	0.049505	0.029703	9.90099e-09	0	0	0	0	0.845455	0.956422	0.258918	0.551282	0.895161	9.90099e-09	0.0792079	9.90099e-09	1	0.130184	0.297818	0.666667	0.666667	1.5	1	1	431440	1e+20	9.28447e+14	24.3069	75.0511	58.663	43.4191	78.8612	33.8904	
215000	-157552	-1189.52	-110823	-20954.8	0.243448	1	0.112989	17.7008	5.33393	0.0188278	19.8197	0.26408	8664	99	789	-35793.3	52.7761f	13.5266	4	1	1	0.039604	0.049505	0.029703	9.90099e-09	0	0	0	0	0.754545	0.955275	0.248848	0.55	0.905421	9.90099e-09	0.0792079	9.90099e-09	1	0.110599	0.314322	0.666667	0.666667	1.5	1	1	431440	1e+20	9.28447e+14	24.3069	75.0511	58.663	43.4191	52.7761	13.5266	
216000	-155762	-1189.52	-109032	-20731.8	0.241956	1	0.112989	17.7008	5.30122	0.00298433	19.8197	0.265709	8507	99	769	-35793.3	64.017f	50.9445	4	1	1	0.0990099	0.049505	0.029703	9.90099e-09	0	0	0	0	0.845455	0.942488	0.243816	0.519481	0.911661	9.90099e-09	0.0792079	9.90099e-09	1	0.130435	0.281541	0.666667	0.666667	1.5	1	1	431440	1e+20	9.28447e+14	24.3069	75.0511	58.663	43.4191	64.017	50.9445	
217000	-153987	-1189.52	-107257	-20544.1	0.23843	1	0.112989	17.7008	5.27369	0.00330549	19.8667	0.267096	8377	99	743	-35793.3	60.6454f	39.5595	4	1	1	0.0990099	0.049505	0.019802	9.90099e-09	0	0	0	0	0.9	0.971429	0.236686	0.503067	0.887839	9.90099e-09	0.0792079	9.90099e-09	1	0.105952	0.28886	0.666667	0.666667	1.5	1	1	431440	1e+20	9.28447e+14	24.3069	75.0511	58.663	43.4191	60.6454	39.5595	
218000	-155158	-1189.52	-108429	-20713.3	0.23843	1	0.105446	18.9671	4.59745	0.00540499	19.5312	0.328303	8495	99	729	-35793.3	68.7126f	45.3748	4	1	1	0.0990099	0.0792079	0.019802	9.90099e-09	0	0	0	0	0.845455	0.963572	0.264085	0.576389	0.899179	9.90099e-09	0.118812	9.90099e-09	1	0.105758	0.302817	0.666667	0.666667	1.5	1	1	431440	1e+20	9.28447e+14	52.6059	93.8481	58.663	43.4191	68.7126	45.3748	
219000	-155072	-1189.52	-108342	-20801.6	0.233512	1	0.105446	18.9671	4.50261	0.0164693	19.5312	0.335218	8555	99	668	-35793.3	81.9837f	61.7364	4	1	1	0.0990099	0.0792079	0.019802	9.90099e-09	0	0	0	0	0.854545	0.96266	0.249409	0.5	0.907801	9.90099e-09	0.118812	9.90099e-09	1	0.125	0.321114	0.666667	0.666667	1.5	1	1	431440	1e+20	9.28447e+14	61.7181	89.7292	67.637	44.2117	81.9837	61.7364	
220000	-152904	-1189.52	-106174	-20519.5	0.232488	1	0.102664	19.4811	4.36459	0.0386641	19.5312	0.35519	8361	99	662	-35793.3	99.2463f	31.8549	4	1	1	0.0990099	0.0792079	0.019802	9.90099e-09	0	0	0	0	0.863636	0.95933	0.242243	0.452555	0.924911	9.90099e-09	0.118812	9.90099e-09	1	0.0921053	0.305109	0.666667	0.666667	1.5	1	1	431440	1e+20	9.28447e+14	61.7181	89.7292	67.637	44.2117	99.2463	31.8549	
221000	-153813	-1189.52	-107083	-20627.5	0.232488	1	0.103569	19.3109	4.65408	0.0236448	19.8038	0.330186	8435	99	666	-35793.3	86.008f	30.428	4	1	1	0.0990099	0.0792079	0.019802	9.90099e-09	0	0	0	0	0.836364	0.961085	0.259479	0.48855	0.915094	9.90099e-09	0.118812	9.90099e-09	1	0.0901542	0.306154	0.666667	0.666667	1.5	1	1	431440	1e+20	9.28447e+14	61.7181	89.7292	67.637	44.2117	86.008	30.428	
222000	-154031	-1189.52	-107302	-20566.2	0.236514	1	0.103569	19.3109	4.73467	0.00255003	19.8038	0.324565	8393	99	733	-35793.3	52.5819f	37.27	4	1	1	0.049505	0.0792079	0.019802	9.90099e-09	0	0	0	0	0.809091	0.961814	0.268496	0.472973	0.909308	9.90099e-09	0.118812	9.90099e-09	1	0.0966587	0.283044	0.666667	0.666667	1.5	1	1	431440	1e+20	9.28447e+14	61.7181	89.7292	67.637	44.2117	52.5819	37.27	
223000	-155234	-1189.52	-108505	-20734.4	0.234007	1	0.107155	18.6646	4.84669	0.0413642	19.8038	0.306452	8509	99	721	-35793.3	78.3825f	3.6625	4	1	1	0.049505	0.0792079	0.039604	9.90099e-09	0	0	0	0	0.836364	0.970554	0.293979	0.503546	0.905325	9.90099e-09	0.118812	9.90099e-09	1	0.107185	0.294964	0.666667	0.666667	1.5	1	1	431440	1e+20	9.28447e+14	61.7181	89.7292	67.637	44.2117	78.3825	3.6625	
224000	-155847	-1189.52	-109117	-20755.7	0.234863	1	0.107155	18.6646	4.86984	0.0270073	19.8093	0.304996	8524	99	764	-35793.3	85.0942f	23.7341	4	1	1	0.049505	0.0792079	0.039604	9.90099e-09	0	0	0	0	0.772727	0.962573	0.254673	0.589744	0.916959	9.90099e-09	0.0891089	9.90099e-09	1	0.112019	0.26658	0.666667	0.666667	1.5	1	1	431440	1e+20	9.28447e+14	50.9205	81.1092	67.637	44.2117	85.0942	23.7341	
225000	-153852	-1189.52	-107123	-20494.9	0.234863	1	0.104584	19.1233	4.75303	0.00739187	19.8093	0.320172	8344	99	757	-35793.3	31.0606f	37.4773	4	1	1	0.049505	0.039604	0.039604	9.90099e-09	0	0	0	0	0.881818	0.956731	0.282452	0.516779	0.914663	9.90099e-09	0.0891089	9.90099e-09	1	0.113772	0.287634	0.666667	0.666667	1.5	1	1	431440	1e+20	9.28447e+14	50.9205	81.1092	37.2307	34.3055	31.0606	37.4773	
226000	-153833	-1189.52	-107103	-20482.2	0.235713	1	0.112033	17.8519	5.10995	0.0286915	19.8093	0.278009	8335	99	772	-35793.3	40.8967f	5.69755	4	1	1	0.049505	0.039604	0.039604	9.90099e-09	0	0	0	0	0.845455	0.960714	0.263473	0.560811	0.913095	9.90099e-09	0.0891089	9.90099e-09	1	0.097619	0.293651	0.666667	0.666667	1.5	1	1	431440	1e+20	9.28447e+14	54.324	87.8171	39.167	6.62204	40.8967	5.69755	
227000	-153800	-1189.52	-107071	-20511.1	0.235713	1	0.112096	17.8419	5.11282	0.0289078	19.8093	0.277696	8355	99	747	-35793.3	50.0843f	4.60012	4	1	1	0.039604	0.039604	0.039604	9.90099e-09	0	0	0	0	0.881818	0.956835	0.233533	0.569536	0.897129	9.90099e-09	0.0891089	9.90099e-09	1	0.102748	0.317568	0.666667	0.666667	1.5	1	1	431440	1e+20	9.28447e+14	54.324	87.8171	39.167	6.62204	50.0843	4.60012	
228000	-153047	-1189.52	-106317	-20459.1	0.235713	1	0.10124	19.7551	4.61767	0.0310657	19.8093	0.340445	8319	99	708	-35793.3	15.7569f	17.7329	4	1	1	0.039604	0.039604	0.039604	9.90099e-09	0	0	0	0	0.827273	0.951865	0.262335	0.465753	0.906137	9.90099e-09	0.0891089	9.90099e-09	1	0.1071	0.255878	0.666667	0.666667	1.5	1	1	431440	1e+20	9.28447e+14	15.0644	64.6548	39.167	6.62204	15.7569	17.7329	
229000	-154543	-1189.52	-107813	-20570.3	0.235713	1	0.108838	18.3759	4.96424	0.0381934	19.8093	0.294569	8396	99	770	-35793.3	14.8741f	11.3832	4	1	1	0.039604	0.039604	0.009901	9.90099e-09	0	0	0	0	0.818182	0.964455	0.254739	0.547945	0.89893	9.90099e-09	0.0891089	9.90099e-09	1	0.115339	0.281379	0.666667	0.666667	1.5	1	1	431440	1e+20	9.28447e+14	15.0644	64.6548	44.5357	2.7433	14.8741	11.3832	
230000	-152534	-1189.52	-105805	-20380.9	0.232479	1	0.110628	18.0786	4.97665	0.0174963	19.8093	0.28908	8266	99	712	-35793.3	53.3437f	14.9103	4	1	1	0.039604	0.039604	0.009901	9.90099e-09	0	0	0	0	0.863636	0.96506	0.242497	0.554054	0.911515	9.90099e-09	0.0891089	9.90099e-09	1	0.127251	0.279555	0.666667	0.666667	1.5	1	1	431440	1e+20	9.28447e+14	54.3578	11.6792	44.5357	2.7433	53.3437	14.9103	
231000	-153756	-1189.52	-107026	-20547.7	0.237194	1	0.105191	19.0131	4.82804	0.00110204	19.8093	0.31338	8380	99	712	-35793.3	42.6411f	46.9388	4	1	1	0.039604	0.0693069	0.009901	9.90099e-09	0	0	0	0	0.845455	0.965394	0.264286	0.506667	0.900238	9.90099e-09	0.0990099	9.90099e-09	1	0.0965435	0.2786	0.666667	0.666667	1.5	1	1	431440	1e+20	9.28447e+14	21.0245	66.7251	48.1247	22.078	42.6411	46.9388	
232000	-154605	-1189.52	-107876	-20626.4	0.239543	1	0.107041	18.6844	4.96162	0.0293009	19.8093	0.299672	8434	99	737	-35793.3	42.6459f	4.88633	4	1	1	0.039604	0.0693069	0.009901	9.90099e-09	0	0	0	0	0.827273	0.953737	0.271327	0.506667	0.895735	9.90099e-09	0.0990099	9.90099e-09	1	0.107948	0.279352	0.666667	0.666667	1.5	1	1	431440	1e+20	9.28447e+14	24.0975	25.0218	42.7343	10.811	42.6459	4.88633	
233000	-157773	-1189.52	-111044	-20975.1	0.239543	1	0.107041	18.6844	5.01226	0.0250081	19.8597	0.296644	8678	99	790	-35793.3	11.5462f	32.7108	4	1	1	0.039604	0.0693069	0.009901	9.90099e-09	0	0	0	0	0.8	0.964409	0.28555	0.54375	0.904707	9.90099e-09	0.0990099	9.90099e-09	1	0.117107	0.3	0.666667	0.666667	1.5	1	1	431440	1e+20	9.28447e+14	29.9391	28.8006	42.7343	10.811	11.5462	32.7108	
234000	-157426	-1189.52	-110697	-20952	0.243803	1	0.106404	18.7963	5.07103	0.029862	19.8597	0.294962	8662	99	771	-35793.3	31.8473f	7.57799	4	1	1	0.039604	0.0693069	0.009901	9.90099e-09	0	0	0	0	0.872727	0.94925	0.248268	0.571429	0.901961	9.90099e-09	0.0990099	9.90099e-09	1	0.106236	0.293821	0.666667	0.666667	1.5	1	1	431440	1e+20	9.28447e+14	29.9391	28.8006	42.7343	10.811	31.8473	7.57799	
235000	-156458	-1189.52	-109728	-20874.4	0.243803	1	0.106404	18.7963	4.98117	0.0344033	19.7711	0.300284	8607	99	739	-35793.3	45.9127f	0.618076	4	1	1	0.039604	0.0693069	0.019802	9.90099e-09	0	0	0	0	0.845455	0.967555	0.224797	0.54	0.885284	9.90099e-09	0.0990099	9.90099e-09	1	0.114716	0.330137	0.666667	0.666667	1.5	1	1	431440	1e+20	9.28447e+14	25.8006	68.491	42.7343	10.811	45.9127	0.618076	