
# before rand glnL: -58522.616434 alnL: -1167.563142
# ninter: 99
# ncoal: 99
# nhits: 99
# true lbda: 0.002111
# true mu: 0.109285
# true rad: 39.014426
# true sigsq: 0.671548
# true neigh. size: 18.300778
# fst-based estimate of neighborhood size: -nan
# nucleotide diversity: 0.000000
# length of a generation: 55266.2 time units
# clock rate: 1 subst. per time unit
# after rand glnL: -58522.616434 alnL: -1167.563142
# ninter: 99
# ncoal: 99
# nhits: 99
# start lbda: 0.002111
# start mu: 0.109285
# start rad: 11.173703
sample	lnP	alnL	glnL	tlnL	lbda	clock	mu	neigh	sigsq	sigsqobs	rad	rhoe	nInt	nCoal	nHit	rootTime	rootLon	rootLat	tstv	alpha	MeanBr	accLbda	accMu	accRad	accInDelDisk	accInDelHit	accScaleTime	accSPR	accSPRlocal	accPath	accIndelDiskSerial	accIndelHitSerial	accLdskGivenDisk	accDiskGivenLdsk	accDiskAndLdsk	accLdskMulti	accDiskMulti	accMoveDiskUD	accAddRemoveJump	accLdskTipToRoot	tuneLbda	tuneRad	tuneMu	tuneIndelDisk	tuneIndelHit	tuneLdskGivenDisk	tuneIndelDiskSerial	tuneIndelHitSerial	c0	c1	rootc0	rootc1	rootldsk0	rootldsk1	
  1000	-53592.6	-1167.56	-6885.08	-1948.47	0.00533054	1	0.1357	14.7384	0.124265	0.0169925	19.2286	9.43824	324	99	113	-47379.9	59.9318f	10.9375	4	1	1	0	0	0	0	0	0	0	0	0.972727	0.853448	0.256	0.490196	0.692308	0	0	0	1	0.173228	0.267241	1	1	1	1	1	1.5	7.59375	1	34.8382	53.8435	78.1965	1.25861	59.9318	10.9375	
  2000	-54824.1	-1167.56	-8116.54	-2347.91	0.00863589	1	0.134572	14.8619	0.199376	0.0177643	19.2221	5.93187	408	99	126	-47379.9	83.5617f	26.5635	4	1	1	0	0	0	0	0	0	0	0	0.945455	0.841667	0.198347	0.495238	0.717949	0	0	0	1	0.157025	0.269841	1	1	1	1	1	3.375	194.62	2.25	22.7032	60.4012	73.6178	16.5414	83.5617	26.5635	
  3000	-55599.5	-1167.56	-8891.92	-2589.53	0.00877057	1	0.184511	10.8395	0.277626	0.0419109	19.2221	3.10698	459	99	134	-47379.9	92.0794f	2.98478	4	1	1	0	0	0	0	0	0	0	0	0.954545	0.94964	0.259259	0.485437	0.666667	0	0	0	1	0.0962963	0.292857	1	1	1	1	1	11.3906	11222.7	38.4434	22.7032	60.4012	73.6178	16.5414	92.0794	2.98478	
  4000	-58582.7	-1167.56	-11875.1	-3433.66	0.0134475	1	0.199797	10.0101	0.507462	0.0419109	19.6898	1.56973	649	99	171	-47379.9	92.0794f	2.98478	4	1	1	0	0	0	0	0	0	0	0	0.945455	0.853846	0.224806	0.529412	0.726563	0	0	0	1	0.166667	0.231214	1	1	1	1	1	25.6289	7.37155e+06	656.841	56.301	18.9248	73.6178	16.5414	92.0794	2.98478	
  5000	-60813.8	-1167.56	-14106.3	-4061.19	0.0172476	1	0.218326	9.16063	0.71721	0.0138101	19.7311	1.01641	799	99	193	-47379.9	74.0227f	22.974	4	1	1	0	0	0	0	0	0	0	0	0.918182	0.89375	0.177914	0.575221	0.766871	0	0	0	1	0.142857	0.241758	1	1	1	1	1	86.4976	3.67685e+10	4987.89	49.6665	96.7986	73.6178	16.5414	74.0227	22.974	
  6000	-62382.2	-1167.56	-15674.6	-4534.91	0.0187294	1	0.186176	10.7425	0.673177	0.0204002	19.7978	1.26989	917	99	190	-47379.9	54.1328f	5.99187	4	1	1	0.168317	0.158416	0	0	0	0	0	0	0.9	0.92973	0.315217	0.561905	0.782609	0	0	0	1	0.184783	0.270408	0.666667	1	0.666667	1	1	291.929	5.43398e+13	1.45611e+06	22.1774	94.8493	73.6178	16.5414	54.1328	5.99187	
  7000	-63343.2	-1167.56	-16635.7	-4755.11	0.0194354	1	0.261188	7.65731	0.980006	0.00442633	19.7978	0.621781	973	99	216	-47379.9	67.5141f	40.0439	4	1	1	0.168317	0.158416	0.0594059	0	0	0	0	0	0.936364	0.924623	0.243655	0.518182	0.79798	0	0.138614	0.0792079	1	0.158163	0.290323	0.666667	0.666667	0.666667	1	1	985.261	2.71041e+17	3.73185e+07	22.1774	94.8493	73.6178	16.5414	67.5141	40.0439	
  8000	-64083.7	-1167.56	-17376.2	-4917.02	0.0204562	1	0.237441	8.42314	0.964752	0.0290656	19.9391	0.694782	1015	99	231	-47379.9	73.2613f	2.77989	4	1	1	0.168317	0.158416	0.0594059	0	0	0	0	0	0.918182	0.951456	0.264706	0.6	0.785714	0	0.138614	0.0792079	1	0.135922	0.270531	0.666667	0.666667	0.666667	1	1	3325.26	1e+20	9.56432e+08	22.1774	94.8493	78.9326	4.09999	73.2613	2.77989	
  9000	-65692.5	-1167.56	-18984.9	-5351.51	0.0219791	1	0.254546	7.85714	1.04984	0.0236179	19.6578	0.595568	1129	99	247	-47379.9	91.275f	27.1206	4	1	1	0.168317	0.158416	0.0594059	0	0	0	0	0	0.927273	0.929825	0.210526	0.442623	0.830357	0	0.138614	0.0792079	1	0.192982	0.252252	0.666667	0.666667	0.666667	1	1	11222.7	1e+20	7.26291e+09	22.1774	94.8493	78.9326	4.09999	91.275	27.1206	
 10000	-66232.5	-1167.56	-19525	-5482.59	0.0237414	1	0.233921	8.5499	1.04213	0.0392741	19.6578	0.652871	1165	99	253	-47379.9	89.2618f	3.19626	4	1	1	0.168317	0.158416	0.0594059	0	0	0	0	0	0.936364	0.949153	0.279661	0.474576	0.786325	0	0.138614	0.0792079	1	0.144068	0.173913	0.666667	0.666667	0.666667	1	1	56815.1	1e+20	5.51527e+10	22.1774	94.8493	78.9326	4.09999	89.2618	3.19626	
 11000	-67542.8	-1167.56	-20835.2	-5927.88	0.0268169	1	0.243822	8.20271	0.97689	0.0275469	18.569	0.668193	1287	99	225	-47379.9	86.1592f	13.8723	4	1	1	0.168317	0.158416	0.0594059	0	0	0	0	0	0.909091	0.937984	0.193798	0.532787	0.891473	0.009901	0.138614	0.0792079	1	0.116279	0.24898	0.666667	0.666667	0.666667	1	1	56815.1	1e+20	5.51527e+10	9.87097	61.1335	78.9326	4.09999	86.1592	13.8723	
 12000	-69107.5	-1167.56	-22400	-6365.61	0.0296551	1	0.243822	8.20271	1.08028	0.0280419	18.569	0.604243	1410	99	227	-47379.9	82.4892f	9.88996	4	1	1	0.217822	0.158416	0.0594059	0.049505	0	0	0	0	0.945455	0.921429	0.219858	0.528455	0.848921	0.009901	0.0990099	0.0792079	1	0.170213	0.252066	0.666667	0.666667	0.666667	1	1	56815.1	1e+20	5.51527e+10	9.87097	61.1335	78.9326	4.09999	82.4892	9.88996	
 13000	-70746	-1167.56	-24038.5	-6675.75	0.0320196	1	0.23057	8.67417	1.21135	0.0241801	19.0091	0.569833	1499	99	267	-47379.9	54.6895f	2.11328	4	1	1	0.217822	0.247525	0.0594059	0.049505	0	0	0	0	0.890909	0.88	0.331081	0.529915	0.838926	0.009901	0.0990099	0.009901	1	0.127517	0.239382	0.666667	0.666667	0.666667	1	1	56815.1	1e+20	5.51527e+10	9.87097	61.1335	78.9326	4.09999	54.6895	2.11328	
 14000	-73173.9	-1167.56	-26466.3	-7232.75	0.0330956	1	0.207843	9.62264	1.34515	0.0393503	19.8616	0.569264	1662	99	299	-47379.9	95.242f	8.94717	4	1	1	0.217822	0.247525	0.039604	0.049505	0	0	0	0	0.890909	0.957317	0.301205	0.577982	0.853659	0.009901	0.0990099	0.009901	1	0.171779	0.263941	0.666667	0.666667	0.666667	1	1	56815.1	1e+20	5.51527e+10	9.87097	61.1335	78.9326	4.09999	95.242	8.94717	
 15000	-73216.9	-1167.56	-26509.3	-7228.67	0.0333537	1	0.210992	9.47905	1.37618	0.0420167	19.8616	0.548126	1661	99	304	-47379.9	91.1629f	2.06384	4	1	1	0.217822	0.247525	0.039604	0.049505	0	0	0	0	0.872727	0.951807	0.179641	0.550847	0.844311	0.009901	0.0990099	0.009901	1	0.125	0.282895	0.666667	0.666667	0.666667	1	1	56815.1	1e+20	5.51527e+10	9.87097	61.1335	78.9326	4.09999	91.1629	2.06384	
 16000	-73230.2	-1167.56	-26522.6	-7213.47	0.0355683	1	0.206157	9.70133	1.47013	0.0183478	19.9858	0.525127	1657	99	310	-47379.9	15.5869f	26.0936	4	1	1	0.217822	0.247525	0.039604	0.049505	0	0	0	0	0.927273	0.933735	0.215569	0.5	0.819277	0.009901	0.0990099	0.009901	1	0.168675	0.26129	0.666667	0.666667	0.666667	1	1	56815.1	1e+20	5.51527e+10	9.87097	61.1335	78.9326	4.09999	15.5869	26.0936	
 17000	-74897.6	-1167.56	-28190	-7658.21	0.0365986	1	0.196821	10.1615	1.44421	0.0183537	19.9858	0.559912	1791	99	311	-47379.9	66.8634f	11.712	4	1	1	0.217822	0.247525	0.039604	0.049505	0	0	0	0	0.872727	0.921788	0.251397	0.488189	0.82659	0.009901	0.0990099	0.009901	1	0.15	0.313333	0.666667	0.666667	0.666667	1	1	56815.1	1e+20	5.51527e+10	9.87097	61.1335	78.9326	4.09999	66.8634	11.712	
 18000	-74489.9	-1167.56	-27782.3	-7595.36	0.0365986	1	0.216791	9.22546	1.59075	0.0215045	19.9858	0.461505	1772	99	294	-47379.9	82.987f	19.2022	4	1	1	0.217822	0.247525	0.039604	0.049505	0	0	0	0	0.918182	0.955056	0.258242	0.435484	0.843575	0.009901	0.0891089	0.009901	1	0.146067	0.336735	0.666667	0.666667	0.666667	1	1	56815.1	1e+20	5.51527e+10	9.87097	61.1335	78.9326	4.09999	82.987	19.2022	
 19000	-77006.9	-1167.56	-30299.4	-8203.49	0.0405462	1	0.195115	10.2503	1.58612	0.0212318	19.9858	0.514271	1960	99	305	-47379.9	80.5075f	17.0939	4	1	1	0.217822	0.247525	0.039604	0.049505	0	0	0	0	0.909091	0.944444	0.284264	0.491525	0.807107	0.009901	0.0891089	0.009901	1	0.167513	0.301639	0.666667	0.666667	0.666667	1	1	56815.1	1e+20	5.51527e+10	9.87097	61.1335	63.1398	7.41148	80.5075	17.0939	
 20000	-78663.1	-1167.56	-31955.6	-8541.42	0.0428046	1	0.205538	9.73055	1.76391	0.0231679	19.9858	0.438986	2067	99	335	-47379.9	74.5229f	9.95082	4	1	1	0.138614	0.257426	0.039604	0.049505	0	0	0	0	0.927273	0.938095	0.241546	0.471698	0.798995	0.009901	0.0891089	0.009901	1	0.149758	0.319527	0.666667	0.666667	0.666667	1	1	56815.1	1e+20	5.51527e+10	9.87097	61.1335	63.1398	7.41148	74.5229	9.95082	
 21000	-80016.8	-1167.56	-33309.3	-8833.7	0.0464225	1	0.208286	9.60216	1.93858	0.0229827	19.9858	0.394162	2161	99	353	-47379.9	61.0044f	4.43366	4	1	1	0.138614	0.257426	0.009901	0.049505	0	0	0	0	0.9	0.92093	0.236111	0.59633	0.824074	0.009901	0.0891089	0.009901	1	0.162791	0.249284	0.666667	0.666667	0.666667	1	1	56815.1	1e+20	5.51527e+10	9.87097	61.1335	47.9768	14.7093	61.0044	4.43366	
 22000	-81469.6	-1167.56	-34762	-9122.28	0.0464225	1	0.215472	9.28196	2.00546	0.0316076	19.9858	0.368312	2255	99	380	-47379.9	9.49933f	12.7755	4	1	1	0.138614	0.257426	0.009901	9.90099e-09	0	0	0	0	0.9	0.942478	0.19469	0.518182	0.814159	0.009901	0.0891089	0.009901	1	0.150442	0.272487	0.666667	0.666667	0.666667	1	1	56815.1	1e+20	5.51527e+10	9.87097	61.1335	50.3046	12.2489	9.49933	12.7755	
 23000	-80713.9	-1167.56	-34006.3	-9082.6	0.046201	1	0.196106	10.1986	1.81651	0.0316076	19.9858	0.446778	2242	99	320	-47379.9	9.49933f	12.7755	4	1	1	0.138614	0.257426	0.009901	9.90099e-09	0	0	0	0	0.909091	0.942731	0.285714	0.470149	0.848214	0.009901	0.0891089	0.009901	1	0.133333	0.319088	0.666667	0.666667	0.666667	1	1	56815.1	1e+20	5.51527e+10	9.87097	61.1335	50.3046	12.2489	9.49933	12.7755	
 24000	-82681.7	-1167.56	-35974.1	-9466.54	0.0488315	1	0.209428	9.54984	1.98033	0.0105978	19.8129	0.383751	2369	99	363	-47379.9	27.2981f	27.6286	4	1	1	0.138614	0.257426	0.009901	9.90099e-09	0	0	0	0	0.918182	0.962025	0.279661	0.603604	0.831224	0.009901	0.0891089	0.009901	1	0.139241	0.30163	0.666667	0.666667	0.666667	1	1	56815.1	1e+20	5.51527e+10	9.87097	61.1335	54.0651	24.045	27.2981	27.6286	
 25000	-82704	-1167.56	-35996.4	-9412.43	0.0506845	1	0.226269	8.83903	2.22077	0.0177527	19.8129	0.316732	2351	99	388	-47379.9	53.675f	8.92643	4	1	1	0.138614	0.247525	0.009901	9.90099e-09	0	0	0	0	0.927273	0.931915	0.241525	0.486726	0.800847	0.009901	0.0891089	9.90099e-09	1	0.135593	0.270777	0.666667	0.666667	0.666667	1	1	56815.1	1e+20	5.51527e+10	9.87097	61.1335	50.3184	26.2954	53.675	8.92643	
 26000	-84923.4	-1167.56	-38215.8	-9949.21	0.0506845	1	0.225318	8.87636	2.07178	0.00132058	19.4924	0.340943	2531	99	388	-47379.9	58.1335f	55.921	4	1	1	0.118812	0.247525	0.009901	9.90099e-09	0	0	0	0	0.863636	0.968379	0.246032	0.533898	0.832669	0.009901	0.0891089	9.90099e-09	1	0.177165	0.278772	0.666667	0.666667	0.666667	1	1	56815.1	1e+20	5.51527e+10	9.87097	61.1335	62.3437	3.59969	58.1335	55.921	
 27000	-85590.4	-1167.56	-38882.9	-10074.3	0.0541453	1	0.225318	8.87636	2.21324	0.0185202	19.4924	0.319151	2575	99	401	-47379.9	59.4219f	8.98309	4	1	1	0.118812	0.247525	0.019802	9.90099e-09	0	0	0	0	0.918182	0.914063	0.284047	0.471074	0.828794	0.009901	0.0891089	9.90099e-09	1	0.131783	0.280788	0.666667	0.666667	0.666667	1	1	56815.1	1e+20	5.51527e+10	9.87097	61.1335	62.3437	3.59969	59.4219	8.98309	
 28000	-85402.7	-1167.56	-38695.1	-10019.2	0.0531581	1	0.21912	9.12743	2.31403	0.0292069	19.9401	0.313884	2556	99	407	-47379.9	27.3342f	2.1722	4	1	1	0.118812	0.247525	0.019802	9.90099e-09	0	0	0	0	0.890909	0.929688	0.22619	0.544	0.832031	0.009901	0.0891089	9.90099e-09	1	0.160156	0.297297	0.666667	0.666667	0.666667	1	1	56815.1	1e+20	5.51527e+10	9.87097	61.1335	33.0897	15.7495	27.3342	2.1722	
 29000	-84882	-1167.56	-38174.4	-9925.41	0.0538603	1	0.199952	10.0024	2.1395	0.0317714	19.9401	0.372032	2524	99	392	-47379.9	21.1606f	2.94589	4	1	1	0.118812	0.247525	0.019802	9.90099e-09	0	0	0	0	0.872727	0.960159	0.245059	0.482759	0.849802	0.009901	0.0891089	9.90099e-09	1	0.142292	0.257653	0.666667	0.666667	0.666667	1	1	56815.1	1e+20	5.51527e+10	9.87097	61.1335	33.0897	15.7495	21.1606	2.94589	
 30000	-85022.8	-1167.56	-38315.3	-9992.6	0.0538603	1	0.195367	10.2371	2.09044	0.0150176	19.9401	0.389701	2547	99	383	-47379.9	71.4498f	18.9154	4	1	1	0.118812	0.247525	0.019802	9.90099e-09	0	0	0	0	0.936364	0.957364	0.178295	0.486726	0.872093	0.009901	0.0891089	9.90099e-09	1	0.155039	0.300261	0.666667	0.666667	0.666667	1	1	56815.1	1e+20	5.51527e+10	9.87097	61.1335	33.0897	15.7495	71.4498	18.9154	
 31000	-87868.8	-1167.56	-41161.2	-10514.3	0.0555075	1	0.22927	8.72333	2.4018	0.0382757	19.686	0.289025	2727	99	440	-47379.9	1.97691f	13.2038	4	1	1	0.118812	0.247525	0.019802	9.90099e-09	0	0	0	0	0.909091	0.911439	0.263736	0.519685	0.813187	0.009901	0.108911	9.90099e-09	1	0.143911	0.314286	0.666667	0.666667	0.666667	1	1	56815.1	1e+20	5.51527e+10	9.87097	61.1335	33.0897	15.7495	1.97691	13.2038	
 32000	-89082.4	-1167.56	-42374.9	-10785.1	0.0589709	1	0.228073	8.76911	2.53834	0.0139574	19.686	0.274913	2823	99	445	-47379.9	17.343f	33.6883	4	1	1	0.118812	0.247525	0.019802	9.90099e-09	0	0	0	0	0.845455	0.932624	0.285211	0.602837	0.846975	0.009901	0.108911	9.90099e-09	1	0.16726	0.273707	0.666667	0.666667	0.666667	1	1	56815.1	1e+20	5.51527e+10	9.87097	61.1335	33.0897	15.7495	17.343	33.6883	
 33000	-90085.3	-1167.56	-43377.7	-11040.2	0.0615413	1	0.212884	9.39477	2.47257	0.000658726	19.686	0.302362	2914	99	436	-47379.9	54.007f	44.1617	4	1	1	0.118812	0.247525	0.019802	9.90099e-09	0	0	0	0	0.890909	0.941581	0.255973	0.481481	0.840136	0.009901	0.108911	9.90099e-09	1	0.15411	0.272517	0.666667	0.666667	0.666667	1	1	56815.1	1e+20	5.51527e+10	9.87097	61.1335	33.0897	15.7495	54.007	44.1617	
 34000	-90479.1	-1167.56	-43771.5	-11257.7	0.0615413	1	0.188607	10.604	2.28964	0.0115512	19.9048	0.368547	2992	99	381	-47379.9	53.7454f	16.9561	4	1	1	0.118812	0.247525	0.0594059	9.90099e-09	0	0	0	0	0.9	0.940199	0.243333	0.467742	0.843854	0.009901	0.108911	9.90099e-09	1	0.14	0.283619	0.666667	0.666667	0.666667	1	1	56815.1	1e+20	5.51527e+10	3.43661	36.8051	33.0897	15.7495	53.7454	16.9561	
 35000	-94405.2	-1167.56	-47697.7	-11935	0.0670448	1	0.196798	10.1627	2.60273	0.0119161	19.9048	0.310721	3241	99	471	-47379.9	33.2448f	20.6065	4	1	1	0.118812	0.247525	0.0594059	9.90099e-09	0	0	0	0	0.9	0.953988	0.290625	0.526316	0.86646	0.009901	0.108911	9.90099e-09	1	0.12	0.298969	0.666667	0.666667	0.666667	1	1	56815.1	1e+20	5.51527e+10	3.43661	36.8051	33.0897	15.7495	33.2448	20.6065	
 36000	-93871.8	-1167.56	-47164.2	-11921.4	0.0671511	1	0.177697	11.2551	2.36245	0.0261172	19.923	0.379122	3236	99	424	-47379.9	16.6383f	12.7148	4	1	1	0.118812	0.247525	0.0594059	9.90099e-09	0	0	0	0	0.909091	0.941176	0.23913	0.539683	0.82716	0.009901	0.108911	9.90099e-09	1	0.12037	0.271226	0.666667	0.666667	0.666667	1	1	56815.1	1e+20	5.51527e+10	3.43661	36.8051	33.0897	15.7495	16.6383	12.7148	
 37000	-93893	-1167.56	-47185.5	-11883.9	0.0692403	1	0.183657	10.8899	2.51766	0.0247823	19.923	0.344205	3222	99	442	-47379.9	26.0673f	7.51435	4	1	1	0.0891089	0.178218	0.0594059	9.90099e-09	0	0	0	0	0.836364	0.944444	0.233846	0.488889	0.851852	0.009901	0.108911	9.90099e-09	1	0.136223	0.289593	0.666667	0.666667	0.666667	1	1	56815.1	1e+20	5.51527e+10	3.43661	36.8051	33.0897	15.7495	26.0673	7.51435	
 38000	-94144.4	-1167.56	-47436.8	-12068.1	0.0692403	1	0.170501	11.7302	2.3373	0.00565413	19.923	0.399373	3291	99	390	-47379.9	61.8631f	30.2005	4	1	1	0.0891089	0.178218	0.0594059	9.90099e-09	0	0	0	0	0.927273	0.95107	0.224242	0.535433	0.89697	0.009901	0.108911	9.90099e-09	1	0.136364	0.335025	0.666667	0.666667	0.666667	1	1	56815.1	1e+20	5.51527e+10	3.43661	36.8051	33.0897	15.7495	61.8631	30.2005	
 39000	-93462.4	-1167.56	-46754.9	-11867.3	0.0683684	1	0.195165	10.2478	2.64475	0.0236194	19.9287	0.308343	3216	99	409	-47379.9	8.04407f	27.7219	4	1	1	0.0891089	0.178218	0.0594059	9.90099e-09	0	0	0	0	0.918182	0.937888	0.225	0.546875	0.846626	0.009901	0.108911	9.90099e-09	1	0.158385	0.277108	0.666667	0.666667	0.666667	1	1	56815.1	1e+20	5.51527e+10	13.7063	38.3152	33.0897	15.7495	8.04407	27.7219	
 40000	-96388.4	-1167.56	-49680.9	-12288.7	0.0721216	1	0.215584	9.27711	3.08185	0.0255633	19.9287	0.239548	3374	99	504	-47379.9	58.115f	1.21585	4	1	1	0.0891089	0.178218	0.019802	9.90099e-09	0	0	0	0	0.890909	0.949704	0.248521	0.382353	0.83432	0.009901	0.108911	9.90099e-09	1	0.186391	0.297619	0.666667	0.666667	0.666667	1	1	56815.1	1e+20	5.51527e+10	13.7063	38.3152	33.0897	15.7495	58.115	1.21585	
 41000	-100498	-1167.56	-53790.7	-13047.7	0.0774656	1	0.21609	9.2554	3.31797	0.0238416	19.9287	0.22198	3666	99	562	-47379.9	20.3282f	12.5034	4	1	1	0.0891089	0.178218	0.019802	9.90099e-09	0	0	0	0	0.845455	0.930748	0.281421	0.486726	0.790055	0.009901	0.108911	9.90099e-09	1	0.128415	0.276867	0.666667	0.666667	0.666667	1	1	56815.1	1e+20	5.51527e+10	13.7063	38.3152	33.0897	15.7495	20.3282	12.5034	
 42000	-101115	-1167.56	-54407.9	-13254.1	0.0789489	1	0.189161	10.573	2.96011	0.00726184	19.9287	0.284237	3747	99	533	-47379.9	26.8443f	37.5444	4	1	1	0.0891089	0.178218	0.019802	9.90099e-09	0	0	0	0	0.872727	0.968	0.260638	0.490741	0.837766	0.009901	0.108911	9.90099e-09	1	0.125	0.338318	0.666667	0.666667	0.666667	1	1	56815.1	1e+20	5.51527e+10	13.7063	38.3152	33.0897	15.7495	26.8443	37.5444	
 43000	-102961	-1167.56	-56253.1	-13619.2	0.0823295	1	0.188613	10.6037	2.84677	0.00101369	19.5436	0.296412	3892	99	543	-47379.9	55.7845f	42.8731	4	1	1	0.128713	0.178218	0.019802	9.90099e-09	0	0	0	0	0.945455	0.953964	0.237245	0.590909	0.846547	0.009901	0.108911	9.90099e-09	1	0.177378	0.299228	0.666667	0.666667	0.666667	1	1	56815.1	1e+20	5.51527e+10	3.18901	46.2069	33.0897	15.7495	55.7845	42.8731	
 44000	-104349	-1167.56	-57641.1	-13956.8	0.0846348	1	0.178119	11.2285	3.00511	0.0215589	19.9571	0.297338	4028	99	521	-47379.9	46.3853f	4.67397	4	1	1	0.128713	0.207921	0.019802	9.90099e-09	0	0	0	0	0.945455	0.955	0.308458	0.518868	0.868486	0.009901	0.049505	9.90099e-09	1	0.131841	0.29703	0.666667	0.666667	0.666667	1	1	56815.1	1e+20	5.51527e+10	3.18901	46.2069	33.0897	15.7495	46.3853	4.67397	
 45000	-102244	-1167.56	-55536.1	-13716.5	0.0828129	1	0.169541	11.7965	2.6865	0.0137717	19.7538	0.349428	3931	99	435	-47379.9	36.4216f	16.2539	4	1	1	0.128713	0.207921	0.019802	9.90099e-09	0	0	0	0	0.945455	0.962025	0.255	0.538462	0.838384	0.009901	0.049505	9.90099e-09	1	0.118987	0.251656	0.666667	0.666667	0.666667	1	1	56815.1	1e+20	5.51527e+10	3.79036	45.0778	33.0897	15.7495	36.4216	16.2539	
 46000	-102618	-1167.56	-55910.8	-13636.7	0.0828129	1	0.185091	10.8055	2.93289	0.00285295	19.7538	0.293183	3899	99	502	-47379.9	38.6555f	38.165	4	1	1	0.128713	0.207921	0.019802	9.90099e-09	0	0	0	0	0.9	0.956853	0.229592	0.578431	0.841432	0.009901	0.049505	9.90099e-09	1	0.153453	0.289883	0.666667	0.666667	0.666667	1	1	56815.1	1e+20	5.51527e+10	3.79036	45.0778	33.0897	15.7495	38.6555	38.165	
 47000	-102517	-1167.56	-55809.6	-13684.1	0.0828129	1	0.171547	11.6586	2.85251	0.0207987	19.9933	0.325244	3918	99	472	-47379.9	8.8156f	33.0203	4	1	1	0.128713	0.207921	0.039604	9.90099e-09	0	0	0	0	0.945455	0.928934	0.259542	0.5625	0.858974	0.009901	0.049505	9.90099e-09	1	0.149746	0.277895	0.666667	0.666667	0.666667	1	1	56815.1	1e+20	5.51527e+10	3.79036	45.0778	33.0897	15.7495	8.8156	33.0203	
 48000	-105099	-1167.56	-58391.3	-14133.6	0.0865098	1	0.172751	11.5774	3.00075	0.039187	19.9933	0.307022	4100	99	516	-47379.9	11.3768f	2.45329	4	1	1	0.128713	0.207921	0.039604	9.90099e-09	0	0	0	0	0.863636	0.933824	0.223039	0.563107	0.867647	9.90099e-09	0.049505	9.90099e-09	1	0.114355	0.263862	0.666667	0.666667	0.666667	1	1	56815.1	1e+20	5.51527e+10	3.79036	45.0778	33.0897	15.7495	11.3768	2.45329	
 49000	-105370	-1167.56	-58662.1	-14202.4	0.0859135	1	0.169651	11.7889	2.90304	0.00447382	19.9529	0.323155	4128	99	505	-47379.9	56.2283f	30.405	4	1	1	0.0891089	0.207921	0.039604	9.90099e-09	0	0	0	0	0.845455	0.94878	0.229268	0.514851	0.830467	9.90099e-09	0.049505	9.90099e-09	1	0.145278	0.318271	0.666667	0.666667	0.666667	1	1	56815.1	1e+20	5.51527e+10	3.79036	45.0778	33.0897	15.7495	56.2283	30.405	
 50000	-105489	-1167.56	-58781.5	-14229.2	0.0862041	1	0.162885	12.2786	2.777	0.0250481	19.9177	0.351855	4139	99	502	-47379.9	31.6965f	4.5188	4	1	1	0.0891089	0.138614	0.039604	9.90099e-09	0	0	0	0	0.863636	0.952153	0.275362	0.514563	0.869565	9.90099e-09	0.158416	9.90099e-09	1	0.145278	0.262745	0.666667	0.666667	0.666667	1	1	56815.1	1e+20	5.51527e+10	3.79036	45.0778	33.0897	15.7495	31.6965	4.5188	
 51000	-105279	-1167.56	-58571.4	-14265.8	0.0864071	1	0.158484	12.6196	2.70833	0.0130616	19.9177	0.370793	4154	99	468	-47379.9	54.7435f	14.9583	4	1	1	0.0891089	0.138614	0.039604	9.90099e-09	0	0	0	0	0.9	0.940048	0.254808	0.554054	0.868106	9.90099e-09	0.158416	9.90099e-09	1	0.120192	0.258449	0.666667	0.666667	0.666667	1	1	56815.1	1e+20	5.51527e+10	3.79036	45.0778	33.0897	15.7495	54.7435	14.9583	
 52000	-108357	-1167.56	-61649.2	-14735.6	0.0911096	1	0.161472	12.386	2.90957	0.0201164	19.9177	0.338761	4349	99	540	-47379.9	90.5794f	34.4264	4	1	1	0.0891089	0.138614	0.039604	9.90099e-09	0	0	0	0	0.836364	0.947368	0.288018	0.522523	0.84186	9.90099e-09	0.158416	9.90099e-09	1	0.103926	0.292593	0.666667	0.666667	0.666667	1	1	56815.1	1e+20	5.51527e+10	27.342	91.3873	66.4706	44.3488	90.5794	34.4264	
 53000	-110099	-1167.56	-63391.5	-15134.1	0.0968851	1	0.159336	12.5521	3.05308	0.0115984	19.9177	0.327165	4517	99	519	-47379.9	82.3767f	54.4136	4	1	1	0.0891089	0.138614	0.049505	9.90099e-09	0	0	0	0	0.863636	0.940659	0.242826	0.5	0.887665	9.90099e-09	0.158416	9.90099e-09	1	0.147577	0.315992	0.666667	0.666667	0.666667	1	1	56815.1	1e+20	5.51527e+10	2.72408	40.1376	66.4706	44.3488	82.3767	54.4136	
 54000	-112047	-1167.56	-65339.4	-15529.3	0.0962855	1	0.151942	13.1629	2.73493	0.00580178	19.6392	0.382999	4686	99	522	-47379.9	71.9862f	43.0269	4	1	1	0.0891089	0.138614	0.049505	9.90099e-09	0	0	0	0	0.881818	0.934043	0.240938	0.509434	0.884861	9.90099e-09	0.158416	9.90099e-09	1	0.134328	0.304924	0.666667	0.666667	0.666667	1	1	56815.1	1e+20	5.51527e+10	2.72408	40.1376	66.4706	44.3488	71.9862	43.0269	
 55000	-113754	-1167.56	-67046.6	-15866.8	0.0995667	1	0.156087	12.8134	2.89006	0.00319949	19.6135	0.352814	4833	99	523	-47379.9	58.4524f	34.9731	4	1	1	0.0891089	0.138614	0.049505	9.90099e-09	0	0	0	0	0.918182	0.9625	0.246347	0.522936	0.877637	9.90099e-09	0.158416	9.90099e-09	1	0.122363	0.303191	0.666667	0.666667	0.666667	1	1	56815.1	1e+20	5.51527e+10	16.0624	84.5818	66.4706	44.3488	58.4524	34.9731	
 56000	-113558	-1167.56	-66850.3	-15767.1	0.101132	1	0.169777	11.7801	3.03145	0.0138367	19.3606	0.309236	4790	99	548	-47379.9	73.867f	22.7861	4	1	1	0.0990099	0.178218	0.049505	9.90099e-09	0	0	0	0	0.890909	0.938947	0.240506	0.527778	0.876569	9.90099e-09	0.118812	9.90099e-09	1	0.122363	0.259962	0.666667	0.666667	0.666667	1	1	56815.1	1e+20	5.51527e+10	16.0624	84.5818	66.4706	44.3488	73.867	22.7861	
 57000	-114288	-1167.56	-67580.1	-15795.4	0.0965626	1	0.175953	11.3667	2.95002	0.00120268	19.2798	0.306619	4800	99	609	-47379.9	56.693f	42.4217	4	1	1	0.0990099	0.178218	0.049505	9.90099e-09	0	0	0	0	0.872727	0.962105	0.258873	0.508475	0.834043	9.90099e-09	0.118812	9.90099e-09	1	0.139293	0.328696	0.666667	0.666667	0.666667	1	1	56815.1	1e+20	5.51527e+10	13.9078	81.1549	66.4706	44.3488	56.693	42.4217	
 58000	-114374	-1167.56	-67666.3	-15948.3	0.100937	1	0.178087	11.2304	2.97764	0.00576887	19.0544	0.300134	4869	99	540	-47379.9	68.6301f	36.2567	4	1	1	0.0990099	0.178218	0.049505	9.90099e-09	0	0	0	0	0.918182	0.962733	0.252567	0.513514	0.833676	9.90099e-09	0.118812	9.90099e-09	1	0.170431	0.289855	0.666667	0.666667	0.666667	1	1	56815.1	1e+20	5.51527e+10	0.819928	63.8809	66.4706	44.3488	68.6301	36.2567	
 59000	-114293	-1167.56	-67585.6	-15978.6	0.100483	1	0.159228	12.5606	2.66542	0.0153779	19.0814	0.375003	4882	99	519	-47379.9	86.411f	59.7003	4	1	1	0.0990099	0.178218	0.118812	9.90099e-09	0	0	0	0	0.890909	0.942857	0.259714	0.546296	0.858896	9.90099e-09	0.118812	9.90099e-09	1	0.128049	0.307978	0.666667	0.666667	0.666667	1	1	56815.1	1e+20	5.51527e+10	0.819928	63.8809	66.4706	44.3488	86.411	59.7003	
 60000	-114409	-1167.56	-67701.8	-16022.2	0.100483	1	0.150436	13.2946	2.51825	0.00160242	19.0814	0.420115	4901	99	510	-47379.9	47.7068f	61.0443	4	1	1	0.0990099	0.178218	0.118812	9.90099e-09	0	0	0	0	0.9	0.965306	0.217923	0.528846	0.90224	9.90099e-09	0.118812	9.90099e-09	1	0.105906	0.291016	0.666667	0.666667	0.666667	1	1	56815.1	1e+20	5.51527e+10	0.819928	63.8809	66.4706	44.3488	47.7068	61.0443	
 61000	-116505	-1167.56	-69797.4	-16246.4	0.104296	1	0.157721	12.6807	3.13293	0.0121871	19.7309	0.322093	5001	99	595	-47379.9	65.9789f	79.2002	4	1	1	0.0990099	0.178218	0.118812	9.90099e-09	0	0	0	0	0.881818	0.960159	0.250493	0.465517	0.88247	0.009901	0.118812	9.90099e-09	1	0.10978	0.287145	0.666667	0.666667	0.666667	1	1	56815.1	1e+20	5.51527e+10	46.9586	85.9979	67.6056	46.1568	65.9789	79.2002	
 62000	-118100	-1167.56	-71392	-16450	0.108375	1	0.169592	11.793	3.5005	0.0121871	19.7309	0.268092	5092	99	644	-47379.9	65.9789f	79.2002	4	1	1	0.0990099	0.148515	0.118812	9.90099e-09	0	0	0	0	0.890909	0.947266	0.272549	0.511628	0.872093	0.009901	0.118812	9.90099e-09	1	0.152941	0.298869	0.666667	0.666667	0.666667	1	1	56815.1	1e+20	5.51527e+10	10.8237	82.7261	67.6056	46.1568	65.9789	79.2002	
 63000	-118765	-1167.56	-72057	-16716.2	0.109505	1	0.155585	12.8547	3.24489	0.0206272	19.7309	0.315248	5212	99	584	-47379.9	62.6504f	91.6908	4	1	1	0.138614	0.148515	0.118812	9.90099e-09	0	0	0	0	0.845455	0.952562	0.260536	0.566667	0.898855	0.009901	0.0594059	9.90099e-09	1	0.195402	0.29983	0.666667	0.666667	0.666667	1	1	56815.1	1e+20	5.51527e+10	43.3073	99.4055	74.2591	78.0846	62.6504	91.6908	
 64000	-122941	-1167.56	-76233.1	-17366.2	0.118121	1	0.172398	11.6011	3.87844	0.0279115	19.7309	0.238029	5510	99	649	-47379.9	63.9458f	98.8597	4	1	1	0.138614	0.148515	0.019802	9.90099e-09	0	0	0	0	0.927273	0.952727	0.249091	0.484375	0.856884	0.009901	0.0594059	9.90099e-09	1	0.132246	0.30956	0.666667	0.666667	0.666667	1	1	56815.1	1e+20	5.51527e+10	43.3073	99.4055	74.2591	78.0846	63.9458	98.8597	
 65000	-124175	-1167.56	-77467.5	-17539.2	0.117875	1	0.173374	11.5357	3.89227	0.0270335	19.7309	0.235848	5591	99	676	-47379.9	77.4805f	91.7689	4	1	1	0.138614	0.148515	0.019802	9.90099e-09	0	0	0	0	0.881818	0.940754	0.237925	0.507353	0.853047	0.009901	0.0594059	9.90099e-09	1	0.137809	0.300151	0.666667	0.666667	0.666667	1	1	56815.1	1e+20	5.51527e+10	7.96457	49.4608	74.2591	78.0846	77.4805	91.7689	
 66000	-122974	-1167.56	-76266.1	-17419.3	0.116425	1	0.173804	11.5072	3.99258	0.0391901	19.906	0.229355	5535	99	632	-47379.9	92.2172f	93.1623	4	1	1	0.138614	0.148515	0.019802	9.90099e-09	0	0	0	0	0.863636	0.956835	0.257194	0.539063	0.874101	0.009901	0.0594059	9.90099e-09	1	0.104317	0.299841	0.666667	0.666667	0.666667	1	1	56815.1	1e+20	5.51527e+10	7.96457	49.4608	74.2591	78.0846	92.2172	93.1623	
 67000	-122341	-1167.56	-75633.3	-17279.9	0.117145	1	0.181119	11.0424	3.76456	0.00412982	19.3845	0.233422	5470	99	645	-47379.9	64.6025f	62.1043	4	1	1	0.138614	0.148515	0.019802	9.90099e-09	0	0	0	0	0.827273	0.963437	0.256831	0.590909	0.887273	0.009901	0.0594059	9.90099e-09	1	0.147273	0.288889	0.666667	0.666667	0.666667	1	1	56815.1	1e+20	5.51527e+10	7.96457	49.4608	74.2591	78.0846	64.6025	62.1043	
 68000	-123884	-1167.56	-77176.1	-17472.9	0.117145	1	0.186241	10.7388	3.99164	0.0211814	19.5338	0.214089	5560	99	689	-47379.9	93.1511f	60.2415	4	1	1	0.138614	0.118812	0.019802	9.90099e-09	0	0	0	0	0.909091	0.942959	0.244643	0.543478	0.855615	0.009901	0.0594059	9.90099e-09	1	0.140036	0.287373	0.666667	0.666667	0.666667	1	1	56815.1	1e+20	5.51527e+10	7.96457	49.4608	74.2591	78.0846	93.1511	60.2415	
 69000	-122280	-1167.56	-75572.7	-17264.2	0.115024	1	0.180673	11.0697	3.8022	0.0174628	19.5338	0.231682	5463	99	641	-47379.9	80.8829f	75.5336	4	1	1	0.0594059	0.118812	0.019802	9.90099e-09	0	0	0	0	0.872727	0.952468	0.21978	0.541353	0.877514	0.009901	0.0990099	9.90099e-09	1	0.11883	0.270479	0.666667	0.666667	0.666667	1	1	56815.1	1e+20	5.51527e+10	7.96457	49.4608	74.2591	78.0846	80.8829	75.5336	
 70000	-122422	-1167.56	-75714.2	-17376.7	0.117819	1	0.163852	12.2062	3.47965	0.0236506	19.461	0.279148	5515	99	597	-47379.9	86.7061f	78.977	4	1	1	0.0594059	0.118812	0.019802	9.90099e-09	0	0	0	0	0.854545	0.958106	0.235935	0.516129	0.854317	0.009901	0.0990099	9.90099e-09	1	0.110507	0.303777	0.666667	0.666667	0.666667	1	1	56815.1	1e+20	5.51527e+10	7.96457	49.4608	74.2591	78.0846	86.7061	78.977	
 71000	-123278	-1167.56	-76570.2	-17496.4	0.117787	1	0.166787	11.9914	3.74359	0.0258227	19.7335	0.2549	5571	99	615	-47379.9	35.3555f	96.7064	4	1	1	0.0594059	0.118812	0.0693069	9.90099e-09	0	0	0	0	0.890909	0.958409	0.277778	0.560976	0.867384	0.009901	0.0990099	9.90099e-09	1	0.154122	0.280255	0.666667	0.666667	0.666667	1	1	56815.1	1e+20	5.51527e+10	7.96457	49.4608	74.2591	78.0846	35.3555	96.7064	
 72000	-124337	-1167.56	-77629.5	-17614.1	0.117787	1	0.178677	11.1934	4.07802	0.0112992	19.8161	0.218424	5626	99	658	-47379.9	81.3089f	57.5374	4	1	1	0.0594059	0.118812	0.0693069	9.90099e-09	0	0	0	0	0.854545	0.950089	0.26643	0.420635	0.855615	0.009901	0.0990099	9.90099e-09	1	0.15508	0.25841	0.666667	0.666667	0.666667	1	1	56815.1	1e+20	5.51527e+10	7.96457	49.4608	74.2591	78.0846	81.3089	57.5374	
 73000	-122622	-1167.56	-75914.7	-17379.5	0.118792	1	0.172236	11.612	3.96455	0.01251	19.8161	0.233078	5516	99	616	-47379.9	83.6809f	54.3891	4	1	1	0.0594059	0.118812	0.0693069	9.90099e-09	0	0	0	0	0.818182	0.958333	0.236462	0.4375	0.895495	0.009901	0.0990099	9.90099e-09	1	0.130435	0.296238	0.666667	0.666667	0.666667	1	1	56815.1	1e+20	5.51527e+10	7.96457	49.4608	74.2591	78.0846	83.6809	54.3891	
 74000	-123753	-1167.56	-77045.1	-17637.5	0.118085	1	0.161582	12.3776	3.69715	0.00783707	19.8161	0.266416	5637	99	593	-47379.9	76.6617f	52.1199	4	1	1	0.0990099	0.118812	0.0693069	9.90099e-09	0	0	0	0	0.863636	0.934281	0.227599	0.508333	0.867021	0.019802	0.0990099	9.90099e-09	1	0.113309	0.307942	0.666667	0.666667	0.666667	1	1	56815.1	1e+20	5.51527e+10	25.6492	66.8094	74.2591	78.0846	76.6617	52.1199	
 75000	-122296	-1167.56	-75588.6	-17430.2	0.118085	1	0.147104	13.5958	3.20021	0.0218485	19.5676	0.338078	5540	99	563	-47379.9	93.8274f	60.4336	4	1	1	0.0990099	0.168317	0.0693069	9.90099e-09	0	0	0	0	0.845455	0.965766	0.243243	0.571429	0.866184	0.019802	0.0990099	9.90099e-09	1	0.122523	0.309059	0.666667	0.666667	0.666667	1	1	56815.1	1e+20	5.51527e+10	25.6492	66.8094	74.2591	78.0846	93.8274	60.4336	
 76000	-123608	-1167.56	-76899.9	-17630.9	0.118967	1	0.145496	13.7461	3.40031	0.0223768	19.8842	0.3217	5634	99	582	-47379.9	78.3545f	85.4921	4	1	1	0.0990099	0.168317	0.0693069	9.90099e-09	0	0	0	0	0.927273	0.966431	0.240708	0.560345	0.902482	0.019802	0.0990099	9.90099e-09	1	0.124113	0.294807	0.666667	0.666667	0.666667	1	1	56815.1	1e+20	5.51527e+10	25.6492	66.8094	83.5708	49.1744	78.3545	85.4921	
 77000	-124900	-1167.56	-78192	-17839.4	0.122877	1	0.148154	13.4995	3.57622	0.0116556	19.8842	0.300388	5732	99	590	-47379.9	81.224f	39.4371	4	1	1	0.0990099	0.168317	0.0594059	9.90099e-09	0	0	0	0	0.890909	0.966841	0.250871	0.491525	0.890435	0.019802	0.0990099	9.90099e-09	1	0.149826	0.322742	0.666667	0.666667	0.666667	1	1	56815.1	1e+20	5.51527e+10	25.6492	66.8094	83.5708	49.1744	81.224	39.4371	
 78000	-125692	-1167.56	-78984.2	-17979.7	0.125567	1	0.153735	13.0094	3.79218	0.00147002	19.8842	0.272997	5798	99	599	-47379.9	60.5204f	52.5914	4	1	1	0.0990099	0.168317	0.0594059	9.90099e-09	0	0	0	0	0.854545	0.949914	0.225862	0.552846	0.87931	0.019802	0.0990099	9.90099e-09	1	0.108621	0.315702	0.666667	0.666667	0.666667	1	1	56815.1	1e+20	5.51527e+10	25.6492	66.8094	83.5708	49.1744	60.5204	52.5914	
 79000	-126753	-1167.56	-80045.3	-17973.7	0.121483	1	0.171046	11.6928	3.76161	0.00797616	19.482	0.247362	5796	99	691	-47379.9	71.3194f	32.8961	4	1	1	0.0990099	0.168317	0.0594059	9.90099e-09	0	0	0	0	0.818182	0.948187	0.305172	0.478571	0.875648	0.019802	0.0990099	9.90099e-09	1	0.124138	0.305204	0.666667	0.666667	0.666667	1	1	56815.1	1e+20	5.51527e+10	25.6492	66.8094	83.5708	49.1744	71.3194	32.8961	
 80000	-126874	-1167.56	-80166.4	-18076.5	0.122501	1	0.150725	13.2692	3.6829	0.0086696	19.9601	0.286711	5845	99	662	-47379.9	71.2022f	68.2408	4	1	1	0.0891089	0.168317	0.0594059	9.90099e-09	0	0	0	0	0.927273	0.943878	0.255102	0.511628	0.872014	0.019802	0.0990099	9.90099e-09	1	0.126496	0.307927	0.666667	0.666667	0.666667	1	1	56815.1	1e+20	5.51527e+10	25.6492	66.8094	94.2581	58.5332	71.2022	68.2408	
 81000	-126784	-1167.56	-80076.3	-18059.7	0.122501	1	0.15354	13.0259	3.75166	0.0214966	19.9601	0.276297	5837	99	654	-47379.9	93.5673f	59.9388	4	1	1	0.0891089	0.138614	0.0594059	9.90099e-09	0	0	0	0	0.890909	0.975945	0.216495	0.563492	0.86747	0.019802	0.0792079	9.90099e-09	1	0.131849	0.297254	0.666667	0.666667	0.666667	1	1	56815.1	1e+20	5.51527e+10	7.9554	68.6443	94.2581	58.5332	93.5673	59.9388	
 82000	-127334	-1167.56	-80626.1	-18133.1	0.122577	1	0.164628	12.1486	4.02511	0.00684915	19.9601	0.240181	5872	99	670	-47379.9	74.8705f	51.9856	4	1	1	0.0891089	0.138614	0.0594059	9.90099e-09	0	0	0	0	0.872727	0.952218	0.261538	0.518519	0.862245	0.019802	0.0792079	9.90099e-09	1	0.105442	0.288084	0.666667	0.666667	0.666667	1	1	56815.1	1e+20	5.51527e+10	7.9554	68.6443	70.9019	50.5952	74.8705	51.9856	
 83000	-125562	-1167.56	-78854.3	-17919	0.122577	1	0.166292	12.027	3.83401	0.0358099	19.6694	0.249629	5770	99	613	-47379.9	91.5682f	9.13522	4	1	1	0.0891089	0.138614	0.0594059	9.90099e-09	0	0	0	0	0.854545	0.946181	0.247387	0.48	0.866319	0.019802	0.0792079	9.90099e-09	1	0.128028	0.2576	0.666667	0.666667	0.666667	1	1	56815.1	1e+20	5.51527e+10	7.9554	68.6443	90.8838	48.9658	91.5682	9.13522	
 84000	-127150	-1167.56	-80442.1	-18277.9	0.122577	1	0.159586	12.5325	3.67938	0.0256349	19.6694	0.271052	5941	99	582	-47379.9	96.8964f	35.5199	4	1	1	0.0891089	0.138614	0.0594059	9.90099e-09	0	0	0	0	0.863636	0.956303	0.222037	0.569231	0.872269	0.019802	0.0792079	9.90099e-09	1	0.144538	0.299685	0.666667	0.666667	0.666667	1	1	56815.1	1e+20	5.51527e+10	7.9554	68.6443	90.8838	48.9658	96.8964	35.5199	
 85000	-126672	-1167.56	-79964.9	-18191.2	0.124344	1	0.148815	13.4395	3.44251	0.00310996	19.6155	0.31067	5900	99	583	-47379.9	65.0029f	56.5338	4	1	1	0.0891089	0.138614	0.0594059	9.90099e-09	0	0	0	0	0.836364	0.973019	0.237288	0.591667	0.883446	0.019802	0.0792079	9.90099e-09	1	0.108108	0.330465	0.666667	0.666667	0.666667	1	1	56815.1	1e+20	5.51527e+10	7.9554	68.6443	90.8838	48.9658	65.0029	56.5338	
 86000	-127969	-1167.56	-81261.6	-18431.7	0.127056	1	0.137205	14.5767	3.20891	0.0192245	19.5634	0.361486	6016	99	580	-47379.9	91.1458f	39.6553	4	1	1	0.0792079	0.138614	0.0594059	9.90099e-09	0	0	0	0	0.909091	0.955075	0.238333	0.534483	0.913478	0.019802	0.118812	9.90099e-09	1	0.121464	0.297012	0.666667	0.666667	0.666667	1	1	56815.1	1e+20	5.51527e+10	7.9554	68.6443	90.8838	48.9658	91.1458	39.6553	
 87000	-128109	-1167.56	-81401.5	-18472.9	0.127056	1	0.143729	13.9151	3.36149	0.0253364	19.5634	0.329415	6036	99	575	-47379.9	91.0312f	23.3595	4	1	1	0.0792079	0.178218	0.0594059	9.90099e-09	0	0	0	0	0.872727	0.966942	0.261944	0.490909	0.897521	9.90099e-09	0.118812	9.90099e-09	1	0.127273	0.312057	0.666667	0.666667	0.666667	1	1	56815.1	1e+20	5.51527e+10	7.9554	68.6443	90.8838	48.9658	91.0312	23.3595	
 88000	-129105	-1167.56	-82397.5	-18427.2	0.129992	1	0.159961	12.5031	3.82756	0.0171806	19.5634	0.259947	6013	99	688	-47379.9	86.4389f	66.0433	4	1	1	0.0792079	0.178218	0.0594059	9.90099e-09	0	0	0	0	0.836364	0.958333	0.288333	0.519685	0.875	9.90099e-09	0.118812	9.90099e-09	1	0.151163	0.310606	0.666667	0.666667	0.666667	1	1	56815.1	1e+20	5.51527e+10	7.9554	68.6443	90.8838	48.9658	86.4389	66.0433	
 89000	-128898	-1167.56	-82190.1	-18543.1	0.129301	1	0.148339	13.4826	3.76498	0.0168111	19.8803	0.284971	6070	99	604	-47379.9	89.268f	44.9605	4	1	1	0.0792079	0.178218	0.029703	9.90099e-09	0	0	0	0	0.845455	0.969005	0.276316	0.581967	0.886513	9.90099e-09	0.118812	9.90099e-09	1	0.113487	0.262321	0.666667	0.666667	0.666667	1	1	56815.1	1e+20	5.51527e+10	7.9554	68.6443	90.8838	48.9658	89.268	44.9605	
 90000	-130186	-1167.56	-83478.5	-18727.8	0.131848	1	0.148339	13.4826	3.93068	0.0156124	19.9978	0.272958	6160	99	630	-47379.9	88.0767f	50.0296	4	1	1	0.0792079	0.178218	0.029703	9.90099e-09	0	0	0	0	0.918182	0.943548	0.275527	0.401575	0.898223	9.90099e-09	0.118812	9.90099e-09	1	0.129032	0.294393	0.666667	0.666667	0.666667	1	1	56815.1	1e+20	5.51527e+10	23.7734	63.699	90.8838	48.9658	88.0767	50.0296	
 91000	-132413	-1167.56	-85705.6	-19049.8	0.132111	1	0.161979	12.3473	4.24485	0.0212002	19.9326	0.231473	6319	99	665	-47379.9	85.5661f	22.8188	4	1	1	0.0792079	0.178218	0.029703	9.90099e-09	0	0	0	0	0.845455	0.954186	0.240126	0.590909	0.895238	9.90099e-09	0.118812	9.90099e-09	1	0.120253	0.267341	0.666667	0.666667	0.666667	1	1	56815.1	1e+20	5.51527e+10	29.677	16.3384	90.8838	48.9658	85.5661	22.8188	
 92000	-132394	-1167.56	-85686.2	-19053.8	0.132111	1	0.160902	12.4299	4.21663	0.0149575	19.9326	0.234581	6321	99	676	-47379.9	85.8844f	39.5135	4	1	1	0.0792079	0.178218	0.029703	9.90099e-09	0	0	0	0	0.9	0.958926	0.26875	0.56391	0.87874	9.90099e-09	0.118812	9.90099e-09	1	0.113744	0.276627	0.666667	0.666667	0.666667	1	1	56815.1	1e+20	5.51527e+10	29.677	16.3384	80.9229	48.1679	85.8844	39.5135	
 93000	-134947	-1167.56	-88239.7	-19574	0.138518	1	0.137183	14.579	3.81194	0.0277083	19.9886	0.304349	6582	99	623	-47379.9	86.728f	84.8919	4	1	1	0.0792079	0.158416	0.029703	9.90099e-09	0	0	0	0	0.845455	0.969466	0.277017	0.484375	0.894656	9.90099e-09	0.128713	9.90099e-09	1	0.0806697	0.307937	0.666667	0.666667	0.666667	1	1	56815.1	1e+20	5.51527e+10	29.677	16.3384	80.9229	48.1679	86.728	84.8919	
 94000	-134127	-1167.56	-87419.1	-19384.2	0.138511	1	0.149287	13.397	4.14804	0.00191601	19.9886	0.257013	6486	99	657	-47379.9	60.9359f	43.061	4	1	1	0.0792079	0.158416	0.029703	9.90099e-09	0	0	0	0	0.872727	0.955316	0.24	0.544118	0.898462	9.90099e-09	0.128713	9.90099e-09	1	0.120185	0.287009	0.666667	0.666667	0.666667	1	1	56815.1	1e+20	5.51527e+10	16.4973	55.9318	80.9229	48.1679	60.9359	43.061	
 95000	-135061	-1167.56	-88353.6	-19437.6	0.138511	1	0.14659	13.6435	4.0731	0.00185269	19.9886	0.266558	6513	99	711	-47379.9	62.4618f	49.2707	4	1	1	0.0792079	0.158416	0.039604	9.90099e-09	0	0	0	0	0.936364	0.966258	0.29313	0.535714	0.866564	9.90099e-09	0.128713	9.90099e-09	1	0.113497	0.296765	0.666667	0.666667	0.666667	1	1	56815.1	1e+20	5.51527e+10	16.4973	55.9318	80.9229	48.1679	62.4618	49.2707	
 96000	-134511	-1167.56	-87803.1	-19423.7	0.138511	1	0.143127	13.9736	3.97689	0.0243247	19.9886	0.279612	6506	99	667	-47379.9	77.4236f	10.4859	4	1	1	0.0792079	0.158416	0.039604	9.90099e-09	0	0	0	0	0.945455	0.956656	0.266154	0.55814	0.876543	9.90099e-09	0.128713	9.90099e-09	1	0.143519	0.265244	0.666667	0.666667	0.666667	1	1	56815.1	1e+20	5.51527e+10	16.4973	55.9318	72.754	23.3328	77.4236	10.4859	
 97000	-135474	-1167.56	-88766.2	-19498.8	0.138511	1	0.148615	13.4576	4.12939	0.0169906	19.9886	0.259341	6544	99	716	-47379.9	88.6845f	40.4058	4	1	1	0.0792079	0.158416	0.039604	9.90099e-09	0	0	0	0	0.918182	0.967742	0.259146	0.468966	0.873476	9.90099e-09	0.128713	9.90099e-09	1	0.126718	0.289256	0.666667	0.666667	0.666667	1	1	56815.1	1e+20	5.51527e+10	16.4973	55.9318	68.4136	46.1326	88.6845	40.4058	
 98000	-135016	-1167.56	-88308.7	-19538.8	0.140013	1	0.144822	13.8101	4.06764	0.0156195	19.9886	0.270174	6564	99	653	-47379.9	26.034f	79.5451	4	1	1	0.0792079	0.178218	0.039604	9.90099e-09	0	0	0	0	0.890909	0.954338	0.26015	0.58209	0.909228	9.90099e-09	0.128713	9.90099e-09	1	0.15	0.290965	0.666667	0.666667	0.666667	1	1	56815.1	1e+20	5.51527e+10	16.4973	55.9318	68.4136	46.1326	26.034	79.5451	
 99000	-135634	-1167.56	-88926.2	-19513.9	0.133987	1	0.14482	13.8103	3.8925	0.00796163	19.9886	0.282335	6550	99	719	-47379.9	61.2711f	24.9171	4	1	1	0.029703	0.178218	0.039604	9.90099e-09	0	0	0	0	0.854545	0.966514	0.264122	0.513699	0.878049	9.90099e-09	0.128713	9.90099e-09	1	0.0990854	0.291248	0.666667	0.666667	0.666667	1	1	56815.1	1e+20	5.51527e+10	16.4973	55.9318	68.4136	46.1326	61.2711	24.9171	
100000	-132779	-1167.56	-86071.3	-19090.2	0.132245	1	0.150617	13.2787	3.99571	0.00264683	19.9886	0.264455	6339	99	681	-47379.9	42.1723f	36.2767	4	1	1	0.029703	0.178218	0.039604	9.90099e-09	0	0	0	0	0.890909	0.968504	0.278041	0.597015	0.859621	9.90099e-09	0.118812	9.90099e-09	1	0.160883	0.321981	0.666667	0.666667	0.666667	1	1	56815.1	1e+20	5.51527e+10	16.4973	55.9318	68.4136	46.1326	42.1723	36.2767	
101000	-131981	-1167.56	-85273.3	-19057.6	0.134106	1	0.146749	13.6287	3.94786	0.000195812	19.9886	0.274716	6323	99	627	-47379.9	49.9258f	47.8716	4	1	1	0.029703	0.178218	0.039604	9.90099e-09	0	0	0	0	0.872727	0.963492	0.253165	0.504065	0.889415	9.90099e-09	0.118812	9.90099e-09	1	0.123613	0.277686	0.666667	0.666667	0.666667	1	1	56815.1	1e+20	5.51527e+10	16.4973	55.9318	68.4136	46.1326	49.9258	47.8716	
102000	-133303	-1167.56	-86595	-19282.6	0.134106	1	0.150769	13.2653	3.29601	0.0131203	18.9782	0.320272	6435	99	641	-47379.9	77.4137f	27.9755	4	1	1	0.029703	0.178218	0.029703	9.90099e-09	0	0	0	0	0.872727	0.960938	0.277519	0.515385	0.89375	9.90099e-09	0.118812	9.90099e-09	1	0.107981	0.299532	0.666667	0.666667	0.666667	1	1	56815.1	1e+20	5.51527e+10	16.4973	55.9318	68.4136	46.1326	77.4137	27.9755	
103000	-130881	-1167.56	-84173.3	-18828.2	0.128385	1	0.152271	13.1345	3.44466	0.00192216	19.3509	0.303429	6209	99	656	-47379.9	59.0677f	40.5698	4	1	1	0.029703	0.178218	0.029703	9.90099e-09	0	0	0	0	0.827273	0.969404	0.251208	0.574803	0.867314	9.90099e-09	0.118812	9.90099e-09	1	0.128824	0.323398	0.666667	0.666667	0.666667	1	1	56815.1	1e+20	5.51527e+10	16.4973	55.9318	68.4136	46.1326	59.0677	40.5698	
104000	-130637	-1167.56	-83929.6	-18762.5	0.128385	1	0.158478	12.6201	3.58508	0.0288017	19.3509	0.280126	6177	99	658	-47379.9	98.9271f	32.1865	4	1	1	0.029703	0.178218	0.029703	9.90099e-09	0	0	0	0	0.872727	0.965742	0.203252	0.401515	0.867314	9.90099e-09	0.118812	9.90099e-09	1	0.120718	0.287129	0.666667	0.666667	0.666667	1	1	56815.1	1e+20	5.51527e+10	16.4973	55.9318	68.4136	46.1326	98.9271	32.1865	
105000	-129003	-1167.56	-82295.7	-18606.7	0.129799	1	0.139354	14.352	3.26976	0.00422463	19.4751	0.34929	6101	99	590	-47379.9	62.8177f	34.8801	4	1	1	0.0693069	0.178218	0.029703	9.90099e-09	0	0	0	0	0.863636	0.96732	0.24183	0.487179	0.871126	9.90099e-09	0.0792079	9.90099e-09	1	0.119086	0.314662	0.666667	0.666667	0.666667	1	1	56815.1	1e+20	5.51527e+10	16.4973	55.9318	68.4136	46.1326	62.8177	34.8801	
106000	-131190	-1167.56	-84482.9	-18874.5	0.129311	1	0.150427	13.2955	3.16219	0.009618	18.9651	0.334584	6232	99	653	-47379.9	79.7402f	48.8373	4	1	1	0.0693069	0.138614	0.029703	9.90099e-09	0	0	0	0	0.872727	0.958199	0.268058	0.555556	0.907051	9.90099e-09	0.0792079	9.90099e-09	1	0.115385	0.295559	0.666667	0.666667	0.666667	1	1	56815.1	1e+20	5.51527e+10	8.02928	21.7783	68.4136	46.1326	79.7402	48.8373	
107000	-133075	-1167.56	-86367.4	-19050.1	0.131471	1	0.184881	10.8178	4.04606	0.00199435	19.0777	0.212763	6319	99	743	-47379.9	62.8058f	51.7346	4	1	1	0.0693069	0.138614	0.029703	9.90099e-09	0	0	0	0	0.890909	0.943307	0.219589	0.471429	0.860759	9.90099e-09	0.0792079	9.90099e-09	1	0.158228	0.306958	0.666667	0.666667	0.666667	1	1	56815.1	1e+20	5.51527e+10	8.02928	21.7783	57.5495	68.7439	62.8058	51.7346	
108000	-130324	-1167.56	-83616.5	-18606.6	0.12935	1	0.169975	11.7665	4.00368	0.015861	19.5108	0.233871	6101	99	706	-47379.9	81.0346f	72.2172	4	1	1	0.0693069	0.138614	0.029703	9.90099e-09	0	0	0	0	0.854545	0.954323	0.238562	0.553191	0.844771	9.90099e-09	0.0792079	9.90099e-09	1	0.0915033	0.302425	0.666667	0.666667	0.666667	1	1	56815.1	1e+20	5.51527e+10	22.2753	24.1269	57.5495	68.7439	81.0346	72.2172	
109000	-129218	-1167.56	-82510.4	-18527.7	0.125316	1	0.148918	13.4302	3.57912	0.0164352	19.7653	0.298605	6062	99	645	-47379.9	20.5706f	75.7627	4	1	1	0.0693069	0.138614	0.0990099	9.90099e-09	0	0	0	0	0.918182	0.953719	0.261944	0.496124	0.895868	9.90099e-09	0.0792079	9.90099e-09	1	0.123558	0.273141	0.666667	0.666667	0.666667	1	1	56815.1	1e+20	5.51527e+10	11.8609	81.4748	37.4592	52.17	20.5706	75.7627	
110000	-127777	-1167.56	-81069.4	-18297.2	0.125316	1	0.15086	13.2573	3.69705	0.01029	19.8617	0.285358	5951	99	625	-47379.9	18.868f	50.7325	4	1	1	0.0693069	0.138614	0.0990099	9.90099e-09	0	0	0	0	0.872727	0.959732	0.263866	0.512	0.864094	9.90099e-09	0.0792079	9.90099e-09	1	0.13255	0.2672	0.666667	0.666667	0.666667	1	1	56815.1	1e+20	5.51527e+10	8.40589	87.2909	37.4592	52.17	18.868	50.7325	
111000	-129037	-1167.56	-82329.6	-18506	0.126993	1	0.151579	13.1945	3.57648	0.00828926	19.6091	0.293579	6052	99	637	-47379.9	22.4897f	44.7873	4	1	1	0.0693069	0.138614	0.0990099	9.90099e-09	0	0	0	0	0.818182	0.961794	0.293532	0.461538	0.875622	9.90099e-09	0.0792079	9.90099e-09	1	0.141196	0.295796	0.666667	0.666667	0.666667	1	1	56815.1	1e+20	5.51527e+10	69.7687	67.6114	37.4592	52.17	22.4897	44.7873	
112000	-129548	-1167.56	-82840.2	-18680.2	0.12934	1	0.133996	14.9258	3.32182	0.0129835	19.7622	0.357563	6137	99	597	-47379.9	15.9726f	57.8728	4	1	1	0.0792079	0.207921	0.0990099	9.90099e-09	0	0	0	0	0.890909	0.95114	0.261438	0.564103	0.885808	9.90099e-09	0.0693069	9.90099e-09	1	0.115824	0.275742	0.666667	0.666667	0.666667	1	1	56815.1	1e+20	5.51527e+10	69.7687	67.6114	37.4592	52.17	15.9726	57.8728	
113000	-132481	-1167.56	-85773.4	-19125.1	0.128752	1	0.136093	14.6958	3.49509	0.0223176	19.9602	0.334599	6354	99	631	-47379.9	35.8741f	93.21	4	1	1	0.0792079	0.207921	0.0990099	9.90099e-09	0	0	0	0	0.936364	0.968652	0.283019	0.552846	0.855326	9.90099e-09	0.0693069	9.90099e-09	1	0.146226	0.313531	0.666667	0.666667	0.666667	1	1	56815.1	1e+20	5.51527e+10	69.7687	67.6114	37.4592	52.17	35.8741	93.21	
114000	-129365	-1167.56	-82657.8	-18581.9	0.128752	1	0.144333	13.8569	3.7067	0.0106064	19.9602	0.297487	6089	99	625	-47379.9	27.0548f	71.273	4	1	1	0.0792079	0.207921	0.0990099	9.90099e-09	0	0	0	0	0.909091	0.967213	0.284072	0.445313	0.901478	9.90099e-09	0.0693069	9.90099e-09	1	0.131363	0.2768	0.666667	0.666667	0.666667	1	1	56815.1	1e+20	5.51527e+10	69.7687	67.6114	37.4592	52.17	27.0548	71.273	
115000	-128975	-1167.56	-82267.2	-18455.4	0.129619	1	0.148725	13.4476	3.84521	0.00646281	19.9602	0.278302	6027	99	653	-47379.9	63.5289f	29.3484	4	1	1	0.0792079	0.207921	0.0990099	9.90099e-09	0	0	0	0	0.9	0.955372	0.29538	0.530769	0.864686	9.90099e-09	0.0693069	9.90099e-09	1	0.127063	0.264931	0.666667	0.666667	0.666667	1	1	56815.1	1e+20	5.51527e+10	69.7687	67.6114	37.4592	52.17	63.5289	29.3484	
116000	-129495	-1167.56	-82787.9	-18587.8	0.125489	1	0.145907	13.7073	3.65216	0.00527073	19.9602	0.298671	6091	99	636	-47379.9	67.6402f	36.6744	4	1	1	0.0792079	0.207921	0.049505	9.90099e-09	0	0	0	0	0.9	0.955446	0.268412	0.562963	0.901639	9.90099e-09	0.0693069	9.90099e-09	1	0.132013	0.293155	0.666667	0.666667	0.666667	1	1	56815.1	1e+20	5.51527e+10	69.7687	67.6114	37.4592	52.17	67.6402	36.6744	
117000	-127837	-1167.56	-81129.9	-18371.8	0.126374	1	0.148744	13.446	3.74943	0.026214	19.9602	0.285376	5987	99	601	-47379.9	44.0029f	98.9086	4	1	1	0.0594059	0.178218	0.049505	9.90099e-09	0	0	0	0	0.836364	0.956882	0.238731	0.48062	0.903814	9.90099e-09	0.0693069	9.90099e-09	1	0.133556	0.283414	0.666667	0.666667	0.666667	1	1	56815.1	1e+20	5.51527e+10	41.5188	79.0146	37.4592	52.17	44.0029	98.9086	
118000	-130154	-1167.56	-83446.2	-18677.5	0.126689	1	0.148141	13.5007	3.68934	0.0144137	19.8875	0.291203	6135	99	653	-47379.9	80.5773f	29.4634	4	1	1	0.0594059	0.178218	0.049505	9.90099e-09	0	0	0	0	0.854545	0.977199	0.309446	0.587786	0.835505	9.90099e-09	0.138614	9.90099e-09	1	0.128664	0.280245	0.666667	0.666667	0.666667	1	1	56815.1	1e+20	5.51527e+10	41.5188	79.0146	52.2595	53.9033	80.5773	29.4634	
119000	-129220	-1167.56	-82512	-18551.1	0.127748	1	0.151612	13.1916	3.80735	0.0144137	19.8875	0.275717	6074	99	632	-47379.9	80.5773f	29.4634	4	1	1	0.0594059	0.178218	0.049505	9.90099e-09	0	0	0	0	0.836364	0.968852	0.239274	0.507576	0.876238	9.90099e-09	0.138614	9.90099e-09	1	0.108911	0.301223	0.666667	0.666667	0.666667	1	1	56815.1	1e+20	5.51527e+10	33.4383	95.6045	52.2595	53.9033	80.5773	29.4634	
120000	-130616	-1167.56	-83908.2	-18770	0.131115	1	0.151612	13.1916	3.90771	0.00716347	19.8875	0.268636	6181	99	649	-47379.9	68.1782f	67.6269	4	1	1	0.0594059	0.178218	0.049505	9.90099e-09	0	0	0	0	0.845455	0.954545	0.263328	0.460938	0.901135	9.90099e-09	0.138614	9.90099e-09	1	0.106624	0.273585	0.666667	0.666667	0.666667	1	1	56815.1	1e+20	5.51527e+10	33.4383	95.6045	67.8118	58.747	68.1782	67.6269	
121000	-131107	-1167.56	-84399.4	-18908.1	0.132001	1	0.144755	13.8164	3.75618	0.0127114	19.8875	0.292711	6249	99	621	-47379.9	84.0693f	53.5521	4	1	1	0.0594059	0.178218	0.009901	9.90099e-09	0	0	0	0	0.890909	0.975884	0.199357	0.48855	0.8896	9.90099e-09	0.138614	9.90099e-09	1	0.1168	0.286634	0.666667	0.666667	0.666667	1	1	56815.1	1e+20	5.51527e+10	33.4383	95.6045	97.7005	79.7565	84.0693	53.5521	
122000	-132683	-1167.56	-85975	-19169.3	0.132001	1	0.133391	14.9935	3.46129	0.0167172	19.8875	0.34471	6378	99	630	-47379.9	79.3497f	75.9585	4	1	1	0.0594059	0.178218	0.009901	9.90099e-09	0	0	0	0	0.954545	0.955836	0.276295	0.491935	0.889068	0.019802	0.138614	9.90099e-09	1	0.11146	0.275244	0.666667	0.666667	0.666667	1	1	56815.1	1e+20	5.51527e+10	33.4383	95.6045	97.7005	79.7565	79.3497	75.9585	
123000	-131111	-1167.56	-84403.7	-18863.5	0.132001	1	0.158396	12.6265	3.96856	0.0331446	19.714	0.253187	6227	99	650	-47379.9	86.7036f	91.5765	4	1	1	0.0594059	0.148515	0.009901	9.90099e-09	0	0	0	0	0.818182	0.951846	0.232745	0.525547	0.853933	0.019802	0.138614	9.90099e-09	1	0.129808	0.300142	0.666667	0.666667	0.666667	1	1	56815.1	1e+20	5.51527e+10	33.4383	95.6045	97.7005	79.7565	86.7036	91.5765	
124000	-134318	-1167.56	-87610.5	-19288.8	0.132001	1	0.158221	12.6405	3.98977	0.0238837	19.7458	0.25212	6437	99	720	-47379.9	67.9988f	93.3523	4	1	1	0.0792079	0.148515	0.009901	9.90099e-09	0	0	0	0	0.845455	0.965679	0.26209	0.427586	0.881988	0.019802	0.148515	9.90099e-09	1	0.121118	0.297222	0.666667	0.666667	0.666667	1	1	56815.1	1e+20	5.51527e+10	33.4383	95.6045	97.7005	79.7565	67.9988	93.3523	
125000	-132782	-1167.56	-86074.2	-19063.6	0.133628	1	0.159461	12.5423	4.19368	0.0344988	19.8934	0.237996	6326	99	701	-47379.9	89.2587f	90.7751	4	1	1	0.0792079	0.148515	0.009901	9.90099e-09	0	0	0	0	0.809091	0.943038	0.265403	0.489655	0.884676	0.019802	0.148515	9.90099e-09	1	0.121643	0.287373	0.666667	0.666667	0.666667	1	1	56815.1	1e+20	5.51527e+10	33.4383	95.6045	97.7005	79.7565	89.2587	90.7751	
126000	-131877	-1167.56	-85169.5	-19136	0.133628	1	0.126056	15.866	3.3356	0.034179	19.924	0.378516	6362	99	573	-47379.9	95.5362f	83.2307	4	1	1	0.0792079	0.148515	0.009901	9.90099e-09	0	0	0	0	0.827273	0.978022	0.266458	0.610169	0.910658	0.019802	0.148515	9.90099e-09	1	0.124019	0.267016	0.666667	0.666667	0.666667	1	1	56815.1	1e+20	5.51527e+10	33.4383	95.6045	97.7005	79.7565	95.5362	83.2307	
127000	-133728	-1167.56	-87020.3	-19469.2	0.138344	1	0.125531	15.9323	3.43895	0.00641632	19.924	0.368674	6529	99	570	-47379.9	73.4339f	55.4622	4	1	1	0.0792079	0.148515	0.0693069	9.90099e-09	0	0	0	0	0.890909	0.980153	0.253049	0.557377	0.910061	0.019802	0.148515	9.90099e-09	1	0.120185	0.276382	0.666667	0.666667	0.666667	1	1	56815.1	1e+20	5.51527e+10	33.4383	95.6045	97.7005	79.7565	73.4339	55.4622	
128000	-134439	-1167.56	-87731.8	-19635.2	0.140403	1	0.121974	16.397	3.39122	0.00920689	19.924	0.384768	6613	99	550	-47379.9	78.7577f	45.1622	4	1	1	0.0792079	0.148515	0.0693069	9.90099e-09	0	0	0	0	0.918182	0.955927	0.231467	0.598291	0.9	0.019802	0.148515	9.90099e-09	1	0.125378	0.301587	0.666667	0.666667	0.666667	1	1	56815.1	1e+20	5.51527e+10	33.4383	95.6045	97.7005	79.7565	78.7577	45.1622	
129000	-133943	-1167.56	-87235.2	-19504.8	0.138016	1	0.115013	17.3894	3.14333	0.0191117	19.924	0.440235	6547	99	573	-47379.9	91.6189f	56.5134	4	1	1	0.0792079	0.178218	0.0693069	9.90099e-09	0	0	0	0	0.909091	0.974046	0.268702	0.482143	0.912173	0.019802	0.148515	9.90099e-09	1	0.108397	0.299652	0.666667	0.666667	0.666667	1	1	56815.1	1e+20	5.51527e+10	33.4383	95.6045	97.7005	79.7565	91.6189	56.5134	
130000	-135242	-1167.56	-88534.4	-19700.8	0.138016	1	0.125478	15.9391	3.25841	0.0191117	19.6709	0.389267	6646	99	596	-47379.9	91.6189f	56.5134	4	1	1	0.0594059	0.178218	0.0693069	9.90099e-09	0	0	0	0	0.827273	0.980626	0.251488	0.458333	0.897168	0.019802	0.148515	9.90099e-09	1	0.126677	0.30156	0.666667	0.666667	0.666667	1	1	56815.1	1e+20	5.51527e+10	33.4383	95.6045	97.7005	79.7565	91.6189	56.5134	
131000	-136275	-1167.56	-89567.1	-19790.6	0.139669	1	0.140282	14.257	3.68647	0.029746	19.6709	0.307757	6692	99	638	-47379.9	98.9044f	69.4125	4	1	1	0.0594059	0.178218	0.0693069	9.90099e-09	0	0	0	0	0.881818	0.961424	0.260805	0.539683	0.886736	0.019802	0.0891089	9.90099e-09	1	0.129657	0.298643	0.666667	0.666667	0.666667	1	1	56815.1	1e+20	5.51527e+10	33.4383	95.6045	97.7005	79.7565	98.9044	69.4125	
132000	-136090	-1167.56	-89382.8	-19724.7	0.146083	1	0.14424	13.8657	4.01723	0.0327622	19.7359	0.274667	6656	99	658	-47379.9	94.5521f	82.5518	4	1	1	0.0594059	0.178218	0.0693069	9.90099e-09	0	0	0	0	0.872727	0.954887	0.240964	0.431818	0.876506	0.019802	0.0891089	9.90099e-09	1	0.143072	0.302432	0.666667	0.666667	0.666667	1	1	56815.1	1e+20	5.51527e+10	33.4383	95.6045	97.7005	79.7565	94.5521	82.5518	
133000	-135792	-1167.56	-89084.7	-19727.7	0.141847	1	0.138009	14.4918	3.45766	0.0276284	19.3625	0.333526	6660	99	626	-47379.9	95.8597f	71.54	4	1	1	0.0594059	0.178218	0.0693069	9.90099e-09	0	0	0	0	0.918182	0.949405	0.268256	0.569231	0.906627	0.019802	0.0891089	9.90099e-09	1	0.107143	0.278333	0.666667	0.666667	0.666667	1	1	56815.1	1e+20	5.51527e+10	52.8926	96.0007	97.7005	79.7565	95.8597	71.54	
134000	-134113	-1167.56	-87405.7	-19419.1	0.141847	1	0.158842	12.5911	4.17788	0.0134971	19.5993	0.239827	6502	99	638	-47379.9	67.702f	80.2852	4	1	1	0.0594059	0.178218	0.039604	9.90099e-09	0	0	0	0	0.854545	0.954058	0.248855	0.459259	0.890937	0.019802	0.0891089	9.90099e-09	1	0.116743	0.286834	0.666667	0.666667	0.666667	1	1	56815.1	1e+20	5.51527e+10	52.8926	96.0007	97.7005	79.7565	67.702	80.2852	
135000	-135056	-1167.56	-88348.2	-19369.2	0.139503	1	0.172359	11.6037	4.67551	0.0223907	19.8336	0.197496	6478	99	749	-47379.9	90.0661f	71.6212	4	1	1	0.0594059	0.188119	0.039604	9.90099e-09	0	0	0	0	0.9	0.934985	0.24537	0.509804	0.867601	0.019802	0.0891089	9.90099e-09	1	0.108025	0.300606	0.666667	0.666667	0.666667	1	1	56815.1	1e+20	5.51527e+10	18.3752	78.8439	97.7005	79.7565	90.0661	71.6212	
136000	-136633	-1167.56	-89925.6	-19652.8	0.139503	1	0.165187	12.1075	4.43222	0.0258668	19.7794	0.217382	6622	99	744	-47379.9	77.1993f	90.6269	4	1	1	0.0990099	0.188119	0.039604	9.90099e-09	0	0	0	0	0.863636	0.948795	0.27534	0.52381	0.858006	0.009901	0.148515	9.90099e-09	1	0.149547	0.290634	0.666667	0.666667	0.666667	1	1	56815.1	1e+20	5.51527e+10	32.8258	85.9384	97.7005	79.7565	77.1993	90.6269	
137000	-135010	-1167.56	-88302.9	-19424.3	0.139503	1	0.152042	13.1543	4.10359	0.0163051	19.8085	0.25509	6506	99	714	-47379.9	72.8066f	81.2069	4	1	1	0.0990099	0.188119	0.039604	9.90099e-09	0	0	0	0	0.854545	0.946646	0.257274	0.513514	0.890937	0.009901	0.148515	9.90099e-09	1	0.116743	0.306497	0.666667	0.666667	0.666667	1	1	56815.1	1e+20	5.51527e+10	32.8258	85.9384	97.7005	79.7565	72.8066	81.2069	
138000	-138568	-1167.56	-91860.6	-19966.3	0.141276	1	0.167982	11.906	4.59145	0.0219171	19.8085	0.206351	6782	99	753	-47379.9	63.5061f	92.8563	4	1	1	0.0990099	0.188119	0.039604	9.90099e-09	0	0	0	0	0.918182	0.946824	0.257353	0.536424	0.883481	0.009901	0.148515	9.90099e-09	1	0.141176	0.292165	0.666667	0.666667	0.666667	1	1	56815.1	1e+20	5.51527e+10	32.8258	85.9384	68.435	46.8809	63.5061	92.8563	
139000	-138614	-1167.56	-91906.1	-19944.6	0.141686	1	0.167982	11.906	4.67187	0.00785336	19.8803	0.202799	6771	99	770	-47379.9	61.7703f	25.3662	4	1	1	0.0990099	0.188119	0.039604	9.90099e-09	0	0	0	0	0.954545	0.965875	0.241532	0.558442	0.869436	0.009901	0.148515	9.90099e-09	1	0.135693	0.267663	0.666667	0.666667	0.666667	1	1	56815.1	1e+20	5.51527e+10	32.8258	85.9384	68.435	46.8809	61.7703	25.3662	
140000	-138386	-1167.56	-91678.8	-19973.9	0.141686	1	0.149045	13.4188	4.14519	0.00534341	19.8803	0.257607	6786	99	733	-47379.9	69.1324f	38.718	4	1	1	0.0990099	0.188119	0.0594059	9.90099e-09	0	0	0	0	0.890909	0.969027	0.235725	0.54375	0.85567	0.009901	0.148515	9.90099e-09	1	0.138439	0.268759	0.666667	0.666667	0.666667	1	1	56815.1	1e+20	5.51527e+10	32.8258	85.9384	68.435	46.8809	69.1324	38.718	
141000	-136588	-1167.56	-89880.4	-19903.1	0.137814	1	0.13082	15.2882	3.53615	0.00968901	19.8764	0.344045	6748	99	607	-47379.9	79.83f	48.1944	4	1	1	0.0990099	0.118812	0.0594059	9.90099e-09	0	0	0	0	0.890909	0.959881	0.251852	0.51938	0.915556	0.009901	0.148515	9.90099e-09	1	0.103704	0.287129	0.666667	0.666667	0.666667	1	1	56815.1	1e+20	5.51527e+10	24.334	60.3817	58.8005	62.3311	79.83	48.1944	
142000	-134310	-1167.56	-87602.3	-19469.1	0.137814	1	0.134575	14.8616	3.63764	0.0159692	19.8764	0.325114	6529	99	627	-47379.9	73.9423f	79.8283	4	1	1	0.0990099	0.118812	0.0594059	9.90099e-09	0	0	0	0	0.918182	0.960123	0.241113	0.519685	0.906442	0.009901	0.148515	9.90099e-09	1	0.11026	0.342314	0.666667	0.666667	0.666667	1	1	56815.1	1e+20	5.51527e+10	24.334	60.3817	58.8005	62.3311	73.9423	79.8283	
143000	-135289	-1167.56	-88581	-19588	0.137814	1	0.138004	14.4923	3.73033	0.00312165	19.8764	0.309158	6589	99	654	-47379.9	61.863f	61.1916	4	1	1	0.029703	0.118812	0.0594059	9.90099e-09	0	0	0	0	0.909091	0.962006	0.301973	0.537879	0.864947	0.009901	0.0891089	9.90099e-09	1	0.112291	0.291541	0.666667	0.666667	0.666667	1	1	56815.1	1e+20	5.51527e+10	24.334	60.3817	58.8005	62.3311	61.863	61.1916	
144000	-134315	-1167.56	-87607.2	-19477.1	0.13817	1	0.134633	14.8552	3.64864	0.000969591	19.8764	0.323994	6533	99	629	-47379.9	43.2982f	55.3706	4	1	1	0.029703	0.118812	0.0594059	9.90099e-09	0	0	0	0	0.881818	0.978593	0.240798	0.569106	0.889571	0.009901	0.0891089	9.90099e-09	1	0.134557	0.307818	0.666667	0.666667	0.666667	1	1	56815.1	1e+20	5.51527e+10	24.334	60.3817	58.8005	62.3311	43.2982	55.3706	
145000	-133673	-1167.56	-86965.3	-19368.2	0.13817	1	0.133449	14.987	3.61653	0.00968235	19.8764	0.329772	6478	99	615	-47379.9	66.7759f	74.3537	4	1	1	0.029703	0.118812	0.0594059	9.90099e-09	0	0	0	0	0.890909	0.96467	0.273426	0.512	0.903226	0.009901	0.0891089	9.90099e-09	1	0.140432	0.265372	0.666667	0.666667	0.666667	1	1	56815.1	1e+20	5.51527e+10	2.0261	38.9203	54.383	91.8195	66.7759	74.3537	
146000	-134053	-1167.56	-87345.6	-19429.8	0.138882	1	0.148218	13.4936	4.03748	0.0180446	19.8764	0.265955	6509	99	620	-47379.9	46.0382f	90.5547	4	1	1	0.029703	0.118812	0.0594059	9.90099e-09	0	0	0	0	0.890909	0.952454	0.252308	0.543307	0.900775	0.009901	0.0891089	9.90099e-09	1	0.107362	0.272581	0.666667	0.666667	0.666667	1	1	56815.1	1e+20	5.51527e+10	2.0261	38.9203	54.383	91.8195	46.0382	90.5547	
147000	-134585	-1167.56	-87877.9	-19520.6	0.138882	1	0.131991	15.1525	3.59545	0.00444607	19.8764	0.335368	6555	99	628	-47379.9	43.2576f	68.6091	4	1	1	0.029703	0.118812	0.009901	0.009901	0	0	0	0	0.854545	0.969419	0.247312	0.586777	0.894334	0.019802	0.0891089	9.90099e-09	1	0.114679	0.280389	0.666667	0.666667	0.666667	1	1	56815.1	1e+20	5.51527e+10	19.1157	52.6398	54.383	91.8195	43.2576	68.6091	
148000	-135167	-1167.56	-88459.7	-19703.9	0.14087	1	0.117227	17.0609	3.31681	0.0206893	19.9948	0.409328	6648	99	583	-47379.9	74.8166f	85.9	4	1	1	0.0693069	0.158416	0.009901	0.009901	0	0	0	0	0.909091	0.964286	0.264662	0.559322	0.905263	0.019802	0.118812	9.90099e-09	1	0.150376	0.279588	0.666667	0.666667	0.666667	1	1	56815.1	1e+20	5.51527e+10	19.1157	52.6398	54.383	91.8195	74.8166	85.9	
149000	-136634	-1167.56	-89926.7	-19927.5	0.140696	1	0.117052	17.0864	3.30778	0.0041114	19.9948	0.411058	6762	99	594	-47379.9	40.1264f	66.2996	4	1	1	0.0693069	0.158416	0.009901	0.009901	0	0	0	0	0.854545	0.965976	0.25997	0.594828	0.897929	0.019802	0.118812	9.90099e-09	1	0.108309	0.28088	0.666667	0.666667	0.666667	1	1	56815.1	1e+20	5.51527e+10	19.1157	52.6398	54.383	91.8195	40.1264	66.2996	
150000	-135209	-1167.56	-88501.1	-19651	0.140696	1	0.124828	16.022	3.46468	0.0133724	19.9051	0.367997	6621	99	615	-47379.9	54.2877f	84.6611	4	1	1	0.0693069	0.158416	0.009901	0.009901	0	0	0	0	0.881818	0.966867	0.252266	0.533333	0.8941	0.019802	0.118812	9.90099e-09	1	0.117647	0.274542	0.666667	0.666667	0.666667	1	1	56815.1	1e+20	5.51527e+10	19.1157	52.6398	54.383	91.8195	54.2877	84.6611	
151000	-135648	-1167.56	-88940.1	-19768.6	0.140696	1	0.11858	16.8662	3.29126	0.00634208	19.9051	0.407798	6681	99	592	-47379.9	65.2542f	68.1985	4	1	1	0.0693069	0.158416	0.009901	0.009901	0	0	0	0	0.909091	0.973214	0.251135	0.482759	0.912202	0.019802	0.118812	9.90099e-09	1	0.107143	0.29331	0.666667	0.666667	0.666667	1	1	56815.1	1e+20	5.51527e+10	28.9664	77.0549	54.383	91.8195	65.2542	68.1985	
152000	-135400	-1167.56	-88692.1	-19633.6	0.141273	1	0.143361	13.9508	3.99538	0.0258047	19.9051	0.277863	6612	99	642	-47379.9	61.6021f	97.4298	4	1	1	0.0693069	0.158416	0.009901	0.009901	0	0	0	0	0.909091	0.95764	0.222727	0.58871	0.8941	0.019802	0.118812	9.90099e-09	1	0.133132	0.304	0.666667	0.666667	0.666667	1	1	56815.1	1e+20	5.51527e+10	28.9664	77.0549	54.383	91.8195	61.6021	97.4298	
153000	-136530	-1167.56	-89822.4	-19835.2	0.141273	1	0.131788	15.1758	3.67662	0.0151298	19.9102	0.328469	6715	99	636	-47379.9	36.052f	84.6171	4	1	1	0.0693069	0.168317	0.029703	0.009901	0	0	0	0	0.872727	0.962687	0.275298	0.531746	0.900298	0.019802	0.118812	9.90099e-09	1	0.107143	0.306291	0.666667	0.666667	0.666667	1	1	56815.1	1e+20	5.51527e+10	5.94744	63.9084	54.383	91.8195	36.052	84.6171	
154000	-137189	-1167.56	-90481.4	-19821.4	0.141606	1	0.150814	13.2614	4.25173	0.015937	19.9507	0.248207	6708	99	709	-47379.9	49.4545f	88.2251	4	1	1	0.0693069	0.168317	0.029703	0.009901	0	0	0	0	0.863636	0.936012	0.24256	0.5	0.875	0.019802	0.0792079	9.90099e-09	1	0.135618	0.29683	0.666667	0.666667	0.666667	1	1	56815.1	1e+20	5.51527e+10	13.5155	16.3482	54.383	91.8195	49.4545	88.2251	
155000	-135942	-1167.56	-89234.4	-19664.2	0.143001	1	0.147826	13.5294	4.20856	0.0139863	19.9507	0.255821	6627	99	676	-47379.9	26.6507f	77.3677	4	1	1	0.0693069	0.168317	0.029703	0.009901	0	0	0	0	0.9	0.950301	0.228097	0.529851	0.877644	0.019802	0.0792079	9.90099e-09	1	0.138973	0.293155	0.666667	0.666667	0.666667	1	1	56815.1	1e+20	5.51527e+10	14.2113	64.7644	49.2055	84.1149	26.6507	77.3677	
156000	-137533	-1167.56	-90825	-19822	0.139739	1	0.155539	12.8585	4.32713	0.00393926	19.9507	0.236473	6708	99	731	-47379.9	46.9499f	68.2594	4	1	1	0.0693069	0.168317	0.029703	0.009901	0	0	0	0	0.845455	0.958271	0.272727	0.549669	0.894345	0.019802	0.0792079	9.90099e-09	1	0.14158	0.292267	0.666667	0.666667	0.666667	1	1	56815.1	1e+20	5.51527e+10	14.2113	64.7644	49.2055	84.1149	46.9499	68.2594	
157000	-135612	-1167.56	-88904.6	-19491.8	0.135795	1	0.155539	12.8585	4.20499	0.0208066	19.9507	0.243342	6540	99	731	-47379.9	54.2693f	93.5696	4	1	1	0.0693069	0.168317	0.029703	0.009901	0	0	0	0	0.809091	0.951145	0.290076	0.562914	0.880916	0.009901	0.0792079	9.90099e-09	1	0.132824	0.280605	0.666667	0.666667	0.666667	1	1	56815.1	1e+20	5.51527e+10	14.2113	64.7644	49.2055	84.1149	54.2693	93.5696	
158000	-135637	-1167.56	-88929.5	-19551.6	0.135872	1	0.152097	13.1495	4.11427	0.00772787	19.9507	0.254336	6570	99	704	-47379.9	47.0152f	76.1902	4	1	1	0.0693069	0.168317	0.029703	0.009901	0	0	0	0	0.818182	0.962064	0.24196	0.566434	0.85758	0.009901	0.0792079	9.90099e-09	1	0.125574	0.293866	0.666667	0.666667	0.666667	1	1	56815.1	1e+20	5.51527e+10	17.8315	56.8265	49.2055	84.1149	47.0152	76.1902	
159000	-133798	-1167.56	-87090.9	-19254.2	0.135189	1	0.152802	13.0888	4.11256	0.0228336	19.9507	0.253267	6421	99	689	-47379.9	27.5666f	90.2225	4	1	1	0.0693069	0.168317	0.009901	0.009901	0	0	0	0	0.818182	0.964396	0.274419	0.541667	0.888025	0.009901	0.0792079	9.90099e-09	1	0.133748	0.296081	0.666667	0.666667	0.666667	1	1	56815.1	1e+20	5.51527e+10	17.8315	56.8265	49.2055	84.1149	27.5666	90.2225	
160000	-130306	-1167.56	-83598.2	-18729.4	0.129004	1	0.14375	13.913	3.69194	0.024762	19.9507	0.299886	6161	99	642	-47379.9	11.5096f	78.9457	4	1	1	0.0891089	0.168317	0.009901	9.90099e-09	0	0	0	0	0.890909	0.949511	0.25082	0.58209	0.881686	0.009901	0.0990099	9.90099e-09	1	0.126418	0.270898	0.666667	0.666667	0.666667	1	1	56815.1	1e+20	5.51527e+10	17.8315	56.8265	49.2055	84.1149	11.5096	78.9457	
161000	-134097	-1167.56	-87389.3	-19278.6	0.137467	1	0.144065	13.8826	3.94276	0.0065251	19.9507	0.280196	6433	99	704	-47379.9	33.5293f	67.9321	4	1	1	0.0891089	0.168317	0.009901	9.90099e-09	0	0	0	0	0.890909	0.941085	0.251553	0.604317	0.880062	0.009901	0.0990099	9.90099e-09	1	0.122671	0.266094	0.666667	0.666667	0.666667	1	1	56815.1	1e+20	5.51527e+10	9.71856	48.3229	49.2055	84.1149	33.5293	67.9321	
162000	-132609	-1167.56	-85901.2	-19082.7	0.13612	1	0.14418	13.8715	3.90726	0.00789827	19.9507	0.282515	6335	99	668	-47379.9	36.9931f	73.4054	4	1	1	0.0891089	0.168317	0.009901	9.90099e-09	0	0	0	0	0.836364	0.952978	0.236677	0.528571	0.880126	0.009901	0.0990099	9.90099e-09	1	0.0946372	0.282738	0.666667	0.666667	0.666667	1	1	56815.1	1e+20	5.51527e+10	9.71856	48.3229	49.2055	84.1149	36.9931	73.4054	
163000	-134415	-1167.56	-87707.3	-19262.2	0.136187	1	0.157817	12.6729	4.21095	0.00989771	19.871	0.23949	6425	99	740	-47379.9	43.9262f	79.3586	4	1	1	0.0891089	0.168317	0.009901	9.90099e-09	0	0	0	0	0.9	0.968944	0.26947	0.548611	0.900621	0.009901	0.0990099	9.90099e-09	1	0.146417	0.300985	0.666667	0.666667	0.666667	1	1	56815.1	1e+20	5.51527e+10	9.71856	48.3229	49.2055	84.1149	43.9262	79.3586	
164000	-133875	-1167.56	-87167.5	-19138	0.134691	1	0.163935	12.2	4.32612	0.010756	19.871	0.224414	6363	99	756	-47379.9	43.3315f	80.5752	4	1	1	0.0891089	0.217822	0.009901	9.90099e-09	0	0	0	0	0.836364	0.960815	0.26489	0.532895	0.86698	0.009901	0.0990099	9.90099e-09	1	0.131868	0.271164	0.666667	0.666667	0.666667	1	1	56815.1	1e+20	5.51527e+10	9.71856	48.3229	49.2055	84.1149	43.3315	80.5752	
165000	-134692	-1167.56	-87984.2	-19302.4	0.134691	1	0.163935	12.2	4.33134	0.0161089	19.877	0.224144	6445	99	748	-47379.9	21.6271f	76.3249	4	1	1	0.0891089	0.217822	0.009901	9.90099e-09	0	0	0	0	0.863636	0.951788	0.256966	0.537415	0.875969	0.009901	0.0990099	9.90099e-09	1	0.145736	0.314993	0.666667	0.666667	0.666667	1	1	56815.1	1e+20	5.51527e+10	9.71856	48.3229	49.2055	84.1149	21.6271	76.3249	
166000	-133618	-1167.56	-86910.5	-19120	0.134691	1	0.17794	11.2397	4.70138	0.0161089	19.877	0.190248	6354	99	745	-47379.9	21.6271f	76.3249	4	1	1	0.0594059	0.217822	0.009901	9.90099e-09	0	0	0	0	0.854545	0.946792	0.268025	0.51634	0.855799	0.009901	0.0990099	9.90099e-09	1	0.110063	0.310436	0.666667	0.666667	0.666667	1	1	56815.1	1e+20	5.51527e+10	59.1499	12.2951	49.2055	84.1149	21.6271	76.3249	
167000	-134801	-1167.56	-88093.3	-19432.7	0.134691	1	0.159741	12.5203	4.22053	0.0155125	19.877	0.236069	6510	99	695	-47379.9	63.0377f	85.3392	4	1	1	0.0594059	0.217822	0.009901	9.90099e-09	0	0	0	0	0.890909	0.967791	0.25268	0.569444	0.875767	0.009901	0.0990099	9.90099e-09	1	0.144172	0.280851	0.666667	0.666667	0.666667	1	1	56815.1	1e+20	5.51527e+10	59.1499	12.2951	49.2055	84.1149	63.0377	85.3392	
168000	-134689	-1167.56	-87981.8	-19402.6	0.134691	1	0.147531	13.5565	3.89792	0.0125264	19.877	0.276761	6495	99	694	-47379.9	81.2601f	63.0908	4	1	1	0.0594059	0.217822	0.009901	9.90099e-09	0	0	0	0	0.845455	0.95814	0.266564	0.528571	0.895801	0.009901	0.0990099	9.90099e-09	1	0.116923	0.284884	0.666667	0.666667	0.666667	1	1	56815.1	1e+20	5.51527e+10	59.1499	12.2951	72.1018	50.7115	81.2601	63.0908	
169000	-133320	-1167.56	-86612.3	-19212.2	0.134691	1	0.163381	12.2414	4.3167	0.0113692	19.877	0.225667	6400	99	669	-47379.9	80.5944f	60.2743	4	1	1	0.0594059	0.217822	0.009901	9.90099e-09	0	0	0	0	0.927273	0.965732	0.273717	0.478873	0.894246	0.009901	0.0990099	9.90099e-09	1	0.127726	0.275216	0.666667	0.666667	0.666667	1	1	56815.1	1e+20	5.51527e+10	87.0055	19.8239	72.1018	50.7115	80.5944	60.2743	
170000	-135604	-1167.56	-88896.3	-19446.6	0.134787	1	0.166197	12.0339	4.38919	0.00659989	19.8713	0.218179	6517	99	760	-47379.9	68.2701f	33.1561	4	1	1	0.0594059	0.217822	0.009901	9.90099e-09	0	0	0	0	0.890909	0.945904	0.271739	0.55	0.897833	0.009901	0.0990099	9.90099e-09	1	0.136223	0.286096	0.666667	0.666667	0.666667	1	1	56815.1	1e+20	5.51527e+10	8.34066	39.8943	72.1018	50.7115	68.2701	33.1561	
171000	-134726	-1167.56	-88018.3	-19332.4	0.134799	1	0.166197	12.0339	4.38956	0.0141649	19.8713	0.218161	6460	99	732	-47379.9	78.1539f	72.4546	4	1	1	0.0594059	0.158416	0.019802	9.90099e-09	0	0	0	0	0.890909	0.958009	0.232449	0.585526	0.876352	0.009901	0.0990099	9.90099e-09	1	0.12983	0.284153	0.666667	0.666667	0.666667	1	1	56815.1	1e+20	5.51527e+10	8.34066	39.8943	72.1018	50.7115	78.1539	72.4546	
172000	-134328	-1167.56	-87620.1	-19194.2	0.135591	1	0.168186	11.8916	4.4682	0.00027945	19.8713	0.211786	6391	99	774	-47379.9	46.6043f	48.8819	4	1	1	0.029703	0.158416	0.019802	9.90099e-09	0	0	0	0	0.863636	0.944012	0.265941	0.461538	0.857813	9.90099e-09	0.0990099	9.90099e-09	1	0.125972	0.30491	0.666667	0.666667	0.666667	1	1	56815.1	1e+20	5.51527e+10	8.34066	39.8943	72.1018	50.7115	46.6043	48.8819	
173000	-133544	-1167.56	-86836.8	-19256.5	0.134237	1	0.156419	12.7862	4.11408	0.00486049	19.8713	0.247319	6422	99	669	-47379.9	60.5827f	31.4271	4	1	1	0.029703	0.158416	0.019802	9.90099e-09	0	0	0	0	0.890909	0.953344	0.255054	0.535714	0.880249	9.90099e-09	0.178218	9.90099e-09	1	0.124417	0.301943	0.666667	0.666667	0.666667	1	1	56815.1	1e+20	5.51527e+10	39.4936	13.5943	72.1018	50.7115	60.5827	31.4271	
174000	-135244	-1167.56	-88536.1	-19579.9	0.138919	1	0.156419	12.7862	4.31727	0.0294879	19.9406	0.23568	6585	99	658	-47379.9	94.8922f	22.2339	4	1	1	0.029703	0.158416	0.019802	9.90099e-09	0	0	0	0	0.827273	0.952744	0.268589	0.528986	0.896813	9.90099e-09	0.178218	9.90099e-09	1	0.127466	0.308802	0.666667	0.666667	0.666667	1	1	56815.1	1e+20	5.51527e+10	39.4936	13.5943	75.0785	20.7277	94.8922	22.2339	
175000	-136363	-1167.56	-89655.5	-19710.1	0.138919	1	0.156419	12.7862	4.25802	0.0293838	19.8718	0.238959	6651	99	685	-47379.9	80.0918f	6.52847	4	1	1	0.029703	0.158416	0.019802	9.90099e-09	0	0	0	0	0.836364	0.965257	0.265367	0.522059	0.86036	9.90099e-09	0.178218	9.90099e-09	1	0.0825826	0.262222	0.666667	0.666667	0.666667	1	1	56815.1	1e+20	5.51527e+10	39.4936	13.5943	75.0785	20.7277	80.0918	6.52847	
176000	-135971	-1167.56	-89263.2	-19623.3	0.138919	1	0.15386	12.9989	4.18836	0.0125403	19.8718	0.246974	6607	99	702	-47379.9	66.6691f	19.7555	4	1	1	0.029703	0.158416	0.019802	9.90099e-09	0	0	0	0	0.918182	0.952959	0.204545	0.52518	0.887367	9.90099e-09	0.178218	9.90099e-09	1	0.110439	0.256815	0.666667	0.666667	0.666667	1	1	56815.1	1e+20	5.51527e+10	39.4936	13.5943	75.0785	20.7277	66.6691	19.7555	
177000	-135092	-1167.56	-88384.2	-19425.5	0.137311	1	0.159839	12.5126	4.30077	0.019041	19.8718	0.231521	6507	99	723	-47379.9	88.5657f	32.6133	4	1	1	0.049505	0.158416	0.019802	9.90099e-09	0	0	0	0	0.845455	0.94	0.264209	0.453237	0.871716	9.90099e-09	0.178218	9.90099e-09	1	0.12943	0.279649	0.666667	0.666667	0.666667	1	1	56815.1	1e+20	5.51527e+10	39.4936	13.5943	75.0785	20.7277	88.5657	32.6133	
178000	-139249	-1167.56	-92541.6	-20043.6	0.142713	1	0.164288	12.1737	4.59439	0.0216398	19.8718	0.210856	6822	99	782	-47379.9	87.7084f	25.0847	4	1	1	0.049505	0.0792079	0.019802	9.90099e-09	0	0	0	0	0.881818	0.956012	0.220264	0.576923	0.875184	9.90099e-09	0.178218	9.90099e-09	1	0.13069	0.30625	0.666667	0.666667	0.666667	1	1	56815.1	1e+20	5.51527e+10	39.4936	13.5943	75.0785	20.7277	87.7084	25.0847	
179000	-138688	-1167.56	-91980.5	-20093.8	0.145417	1	0.133294	15.0044	3.85637	0.0171325	19.9474	0.30962	6848	99	693	-47379.9	82.9872f	27.0341	4	1	1	0.049505	0.0792079	0.019802	9.90099e-09	0	0	0	0	0.836364	0.97076	0.25731	0.602837	0.870073	9.90099e-09	0.178218	9.90099e-09	1	0.140146	0.300144	0.666667	0.666667	0.666667	1	1	56815.1	1e+20	5.51527e+10	39.4936	13.5943	60.6771	29.4919	82.9872	27.0341	
180000	-140808	-1167.56	-94100.1	-20302.5	0.144716	1	0.158624	12.6084	4.56705	0.00261838	19.9474	0.219693	6956	99	780	-47379.9	38.1591f	59.3895	4	1	1	0.049505	0.0792079	0.019802	9.90099e-09	0	0	0	0	0.863636	0.95279	0.25538	0.525641	0.837877	9.90099e-09	0.118812	9.90099e-09	1	0.140603	0.285897	0.666667	0.666667	0.666667	1	1	56815.1	1e+20	5.51527e+10	39.4936	13.5943	60.6771	29.4919	38.1591	59.3895	
181000	-141246	-1167.56	-94538.5	-20422.3	0.144716	1	0.163613	12.224	4.592	0.000845815	19.8205	0.211837	7018	99	754	-47379.9	41.9289f	48.0822	4	1	1	0.049505	0.0792079	0.019802	9.90099e-09	0	0	0	0	0.909091	0.934379	0.237099	0.5	0.883916	9.90099e-09	0.118812	9.90099e-09	1	0.14245	0.276705	0.666667	0.666667	0.666667	1	1	56815.1	1e+20	5.51527e+10	39.4936	13.5943	60.6771	29.4919	41.9289	48.0822	
182000	-140964	-1167.56	-94256	-20403.3	0.148471	1	0.147962	13.517	4.06079	0.00165364	19.584	0.264886	7009	99	743	-47379.9	58.4341f	41.3925	4	1	1	0.049505	0.0792079	0.019802	9.90099e-09	0	0	0	0	0.881818	0.946839	0.260372	0.55102	0.87931	9.90099e-09	0.118812	9.90099e-09	1	0.128388	0.299595	0.666667	0.666667	0.666667	1	1	56815.1	1e+20	5.51527e+10	39.4936	13.5943	60.6771	29.4919	58.4341	41.3925	
183000	-143640	-1167.56	-96932.1	-20832.7	0.149895	1	0.162499	12.3077	4.50254	0.0116775	19.584	0.217526	7235	99	754	-47379.9	69.7558f	23.2338	4	1	1	0.049505	0.0792079	0.029703	9.90099e-09	0	0	0	0	0.872727	0.977716	0.252762	0.638889	0.854972	9.90099e-09	0.118812	9.90099e-09	1	0.121547	0.283934	0.666667	0.666667	0.666667	1	1	56815.1	1e+20	5.51527e+10	39.4936	13.5943	60.6771	29.4919	69.7558	23.2338	
184000	-140967	-1167.56	-94259.6	-20477.8	0.149895	1	0.153975	12.9892	4.09302	0.00151702	19.382	0.252538	7048	99	706	-47379.9	47.0317f	38.5992	4	1	1	0.049505	0.158416	0.029703	9.90099e-09	0	0	0	0	0.9	0.958924	0.239377	0.506757	0.888102	9.90099e-09	0.118812	9.90099e-09	1	0.104965	0.322715	0.666667	0.666667	0.666667	1	1	56815.1	1e+20	5.51527e+10	39.4936	13.5943	60.6771	29.4919	47.0317	38.5992	
185000	-141691	-1167.56	-94983.1	-20616.4	0.149895	1	0.146178	13.682	3.88576	0.0173383	19.382	0.280197	7121	99	693	-47379.9	73.7344f	17.0805	4	1	1	0.049505	0.158416	0.029703	9.90099e-09	0	0	0	0	0.854545	0.955056	0.228933	0.510638	0.901685	9.90099e-09	0.118812	9.90099e-09	1	0.116573	0.272468	0.666667	0.666667	0.666667	1	1	56815.1	1e+20	5.51527e+10	39.4936	13.5943	60.6771	29.4919	73.7344	17.0805	
186000	-145975	-1167.56	-99267.2	-21182.5	0.155622	1	0.150848	13.2584	4.16311	0.00790657	19.382	0.253433	7423	99	780	-47379.9	64.0444f	26.5192	4	1	1	0.049505	0.158416	0.029703	9.90099e-09	0	0	0	0	0.872727	0.962315	0.267206	0.47973	0.866397	9.90099e-09	0.118812	9.90099e-09	1	0.119785	0.318428	0.666667	0.666667	0.666667	1	1	56815.1	1e+20	5.51527e+10	39.4936	13.5943	66.8423	14.0854	64.0444	26.5192	
187000	-143536	-1167.56	-96828.4	-20941.5	0.151093	1	0.15606	12.8156	4.1816	0.0260974	19.382	0.243886	7293	99	693	-47379.9	52.9398f	0.0946332	4	1	1	0.049505	0.158416	0.029703	9.90099e-09	0	0	0	0	0.863636	0.96845	0.25171	0.52381	0.881706	9.90099e-09	0.118812	9.90099e-09	1	0.0849315	0.33052	0.666667	0.666667	0.666667	1	1	56815.1	1e+20	5.51527e+10	39.4936	13.5943	48.0127	1.82198	52.9398	0.0946332	
188000	-144563	-1167.56	-97855.8	-21024.3	0.155182	1	0.151633	13.1897	4.17296	0.0219115	19.382	0.251525	7338	99	742	-47379.9	45.1551f	4.41361	4	1	1	0.049505	0.158416	0.029703	9.90099e-09	0	0	0	0	0.9	0.961853	0.238745	0.486486	0.870396	9.90099e-09	0.118812	9.90099e-09	1	0.118529	0.3125	0.666667	0.666667	0.666667	1	1	56815.1	1e+20	5.51527e+10	39.4936	13.5943	48.0127	1.82198	45.1551	4.41361	
189000	-144369	-1167.56	-97661.3	-20964.7	0.155182	1	0.140391	14.2459	4.03745	0.0240212	19.5965	0.280785	7306	99	752	-47379.9	50.6066f	2.02869	4	1	1	0.0594059	0.158416	0.029703	9.90099e-09	0	0	0	0	0.909091	0.972603	0.226158	0.456376	0.892371	9.90099e-09	0.118812	9.90099e-09	1	0.124658	0.28453	0.666667	0.666667	0.666667	1	1	56815.1	1e+20	5.51527e+10	39.4936	13.5943	48.0127	1.82198	50.6066	2.02869	
190000	-143383	-1167.56	-96675.8	-20852.3	0.156569	1	0.143506	13.9367	4.51688	0.0144938	19.9992	0.245533	7245	99	723	-47379.9	50.8339f	12.7339	4	1	1	0.0594059	0.158416	0.019802	9.90099e-09	0	0	0	0	0.881818	0.960219	0.264828	0.524138	0.880658	9.90099e-09	0.118812	9.90099e-09	1	0.11797	0.292985	0.666667	0.666667	0.666667	1	1	56815.1	1e+20	5.51527e+10	39.4936	13.5943	48.0127	1.82198	50.8339	12.7339	
191000	-145468	-1167.56	-98760.7	-21147.2	0.156802	1	0.13802	14.4907	4.21291	0.0108299	19.839	0.273714	7404	99	746	-47379.9	51.5294f	17.8242	4	1	1	0.0594059	0.138614	0.019802	9.90099e-09	0	0	0	0	0.890909	0.976871	0.259459	0.614865	0.886486	9.90099e-09	0.118812	9.90099e-09	1	0.112162	0.30014	0.666667	0.666667	0.666667	1	1	56815.1	1e+20	5.51527e+10	39.4936	13.5943	48.0127	1.82198	51.5294	17.8242	
192000	-145417	-1167.56	-98709.2	-21271.3	0.156802	1	0.1342	14.9032	4.09631	0.00688265	19.839	0.289518	7471	99	672	-47379.9	64.2144f	28.8472	4	1	1	0.0594059	0.138614	0.019802	9.90099e-09	0	0	0	0	0.836364	0.969292	0.23765	0.503448	0.90107	9.90099e-09	0.118812	9.90099e-09	1	0.12283	0.281429	0.666667	0.666667	0.666667	1	1	56815.1	1e+20	5.51527e+10	39.4936	13.5943	48.0127	1.82198	64.2144	28.8472	
193000	-146014	-1167.56	-99306.6	-21297.1	0.158711	1	0.13805	14.4875	4.26514	0.00939785	19.839	0.270303	7485	99	711	-47379.9	63.2528f	23.2155	4	1	1	0.0594059	0.138614	0.019802	9.90099e-09	0	0	0	0	0.872727	0.959947	0.255348	0.573427	0.881175	9.90099e-09	0.108911	9.90099e-09	1	0.12016	0.311018	0.666667	0.666667	0.666667	1	1	56815.1	1e+20	5.51527e+10	39.4936	13.5943	41.4592	15.6471	63.2528	23.2155	
194000	-146502	-1167.56	-99794.8	-21323.2	0.159668	1	0.14163	14.1213	4.48546	0.00949014	19.9322	0.250528	7499	99	745	-47379.9	57.9668f	20.9801	4	1	1	0.0594059	0.138614	0.019802	9.90099e-09	0	0	0	0	0.872727	0.96123	0.269333	0.479452	0.9	0.009901	0.108911	9.90099e-09	1	0.116	0.293716	0.666667	0.666667	0.666667	1	1	56815.1	1e+20	5.51527e+10	1.93149	46.7368	41.4592	15.6471	57.9668	20.9801	
195000	-147906	-1167.56	-101198	-21622.2	0.159668	1	0.130574	15.317	4.13531	0.00243005	19.9322	0.29475	7662	99	714	-47379.9	57.0603f	62.303	4	1	1	0.0594059	0.138614	0.029703	9.90099e-09	0	0	0	0	0.881818	0.969737	0.257853	0.522059	0.897233	0.009901	0.108911	9.90099e-09	1	0.131579	0.253602	0.666667	0.666667	0.666667	1	1	56815.1	1e+20	5.51527e+10	43.4517	9.80451	41.4592	15.6471	57.0603	62.303	
196000	-148006	-1167.56	-101298	-21609	0.162721	1	0.138502	14.4402	4.47027	0.00329187	19.9322	0.257057	7655	99	722	-47379.9	47.0905f	66.5624	4	1	1	0.0594059	0.138614	0.029703	9.90099e-09	0	0	0	0	0.9	0.966321	0.282552	0.527397	0.884715	0.009901	0.108911	9.90099e-09	1	0.129243	0.286472	0.666667	0.666667	0.666667	1	1	56815.1	1e+20	5.51527e+10	43.4517	9.80451	42.0937	34.5958	47.0905	66.5624	
197000	-147728	-1167.56	-101021	-21506.6	0.159729	1	0.140815	14.203	4.36313	0.00655586	19.8216	0.259044	7599	99	755	-47379.9	48.1039f	25.0195	4	1	1	0.0594059	0.178218	0.029703	9.90099e-09	0	0	0	0	0.827273	0.947644	0.272135	0.509677	0.906005	0.009901	0.108911	9.90099e-09	1	0.123684	0.296675	0.666667	0.666667	0.666667	1	1	56815.1	1e+20	5.51527e+10	43.4517	9.80451	42.0937	34.5958	48.1039	25.0195	
198000	-149434	-1167.56	-102726	-21818.9	0.159404	1	0.13481	14.8357	4.28913	0.000968655	19.9634	0.275252	7769	99	740	-47379.9	53.9956f	57.2287	4	1	1	0.0594059	0.178218	0.029703	9.90099e-09	0	0	0	0	0.890909	0.967825	0.257477	0.558621	0.896373	0.009901	0.108911	9.90099e-09	1	0.111969	0.272109	0.666667	0.666667	0.666667	1	1	56815.1	1e+20	5.51527e+10	43.4517	9.80451	42.0937	34.5958	53.9956	57.2287	
199000	-147057	-1167.56	-100349	-21484.7	0.159234	1	0.13606	14.6994	4.34936	0.0183798	19.9923	0.268947	7587	99	702	-47379.9	58.2736f	8.89172	4	1	1	0.0594059	0.178218	0.029703	9.90099e-09	0	0	0	0	0.872727	0.969777	0.240473	0.513514	0.901316	0.009901	0.108911	9.90099e-09	1	0.105125	0.319364	0.666667	0.666667	0.666667	1	1	56815.1	1e+20	5.51527e+10	43.4517	9.80451	45.127	37.6503	58.2736	8.89172	
200000	-150271	-1167.56	-103564	-21966.8	0.161044	1	0.13606	14.6994	4.3988	0.00502238	19.9923	0.265924	7851	99	730	-47379.9	31.1164f	60.0756	4	1	1	0.0594059	0.178218	0.029703	9.90099e-09	0	0	0	0	0.881818	0.964467	0.25413	0.537415	0.906091	0.009901	0.0792079	9.90099e-09	1	0.109415	0.264746	0.666667	0.666667	0.666667	1	1	56815.1	1e+20	5.51527e+10	43.4517	9.80451	45.127	37.6503	31.1164	60.0756	
201000	-148410	-1167.56	-101702	-21709.3	0.161044	1	0.125119	15.9848	4.04509	0.0168125	19.9923	0.314462	7710	99	705	-47379.9	77.7336f	21.3129	4	1	1	0.0594059	0.178218	0.019802	9.90099e-09	0	0	0	0	0.909091	0.968992	0.245161	0.496644	0.890323	0.009901	0.0792079	9.90099e-09	1	0.120155	0.289189	0.666667	0.666667	0.666667	1	1	56815.1	1e+20	5.51527e+10	43.4517	9.80451	45.127	37.6503	77.7336	21.3129	
202000	-145902	-1167.56	-99194	-21371.5	0.161044	1	0.124938	16.0079	4.03924	0.00353099	19.9923	0.315374	7525	99	666	-47379.9	41.4483f	65.3424	4	1	1	0.0594059	0.178218	0.019802	9.90099e-09	0	0	0	0	0.863636	0.962963	0.256	0.604651	0.898148	0.009901	0.0792079	9.90099e-09	1	0.112434	0.276131	0.666667	0.666667	0.666667	1	1	56815.1	1e+20	5.51527e+10	36.9444	0.997957	45.127	37.6503	41.4483	65.3424	
203000	-147470	-1167.56	-100762	-21574.2	0.1613	1	0.127474	15.6895	4.12777	0.00353099	19.9923	0.30247	7636	99	691	-47379.9	41.4483f	65.3424	4	1	1	0.0891089	0.118812	0.019802	9.90099e-09	0	0	0	0	0.890909	0.963399	0.254569	0.521127	0.882199	0.009901	0.0792079	9.90099e-09	1	0.109661	0.295389	0.666667	0.666667	0.666667	1	1	56815.1	1e+20	5.51527e+10	36.9444	0.997957	45.127	37.6503	41.4483	65.3424	
204000	-147208	-1167.56	-100501	-21476.2	0.157678	1	0.132913	15.0475	4.20724	0.00910191	19.9923	0.284614	7582	99	723	-47379.9	37.3817f	23.2598	4	1	1	0.0891089	0.118812	0.019802	9.90099e-09	0	0	0	0	0.918182	0.976316	0.281746	0.513889	0.886544	0.009901	0.0792079	9.90099e-09	1	0.106579	0.261411	0.666667	0.666667	0.666667	1	1	56815.1	1e+20	5.51527e+10	36.9444	0.997957	17.653	28.937	37.3817	23.2598	
205000	-147373	-1167.56	-100665	-21481.8	0.157678	1	0.14278	14.0075	4.5196	0.0172282	19.9923	0.246633	7585	99	734	-47379.9	21.9141f	20.6175	4	1	1	0.0891089	0.118812	0.019802	9.90099e-09	0	0	0	0	0.845455	0.968338	0.270092	0.464052	0.885677	0.009901	0.0792079	9.90099e-09	1	0.137022	0.274769	0.666667	0.666667	0.666667	1	1	56815.1	1e+20	5.51527e+10	36.9444	0.997957	17.653	28.937	21.9141	20.6175	
206000	-147505	-1167.56	-100797	-21457.4	0.158409	1	0.144969	13.7961	4.61014	0.0126496	19.9923	0.23814	7572	99	762	-47379.9	35.0755f	18.4938	4	1	1	0.0891089	0.118812	0.019802	9.90099e-09	0	0	0	0	0.863636	0.962963	0.249007	0.496599	0.886544	0.009901	0.0792079	9.90099e-09	1	0.109499	0.29212	0.666667	0.666667	0.666667	1	1	56815.1	1e+20	5.51527e+10	36.9444	0.997957	23.9088	17.4992	35.0755	18.4938	
207000	-148431	-1167.56	-101723	-21574.2	0.160711	1	0.145781	13.7192	4.70333	0.0367576	19.9923	0.23212	7636	99	780	-47379.9	6.68742f	9.48011	4	1	1	0.0891089	0.118812	0.019802	0.009901	0	0	0	0	0.9	0.971279	0.244125	0.462025	0.876478	0.009901	0.0990099	9.90099e-09	1	0.142298	0.298718	0.666667	0.666667	0.666667	1	1	56815.1	1e+20	5.51527e+10	36.9444	0.997957	23.9088	17.4992	6.68742	9.48011	
208000	-147006	-1167.56	-100298	-21409.7	0.160711	1	0.141358	14.1485	