
# before rand glnL: -30610.378257 alnL: -1226.405487
# ninter: 99
# ncoal: 99
# nhits: 99
# true lbda: 0.003845
# true mu: 0.148732
# true rad: 62.159690
# true sigsq: 10.728501
# true neigh. size: 13.447000
# fst-based estimate of neighborhood size: -nan
# nucleotide diversity: 0.000000
# length of a generation: 13700.7 time units
# clock rate: 1 subst. per time unit
# after rand glnL: -30610.378257 alnL: -1226.405487
# ninter: 99
# ncoal: 99
# nhits: 99
# start lbda: 0.003845
# start mu: 0.148732
# start rad: 14.252547
sample	lnP	alnL	glnL	tlnL	lbda	clock	mu	neigh	sigsq	sigsqobs	rad	rhoe	nInt	nCoal	nHit	rootTime	rootLon	rootLat	tstv	alpha	MeanBr	accLbda	accMu	accRad	accInDelDisk	accInDelHit	accScaleTime	accSPR	accSPRlocal	accPath	accIndelDiskSerial	accIndelHitSerial	accLdskGivenDisk	accDiskGivenLdsk	accDiskAndLdsk	accLdskMulti	accDiskMulti	accMoveDiskUD	accAddRemoveJump	accLdskTipToRoot	tuneLbda	tuneRad	tuneMu	tuneIndelDisk	tuneIndelHit	tuneLdskGivenDisk	tuneIndelDiskSerial	tuneIndelHitSerial	c0	c1	rootc0	rootc1	rootldsk0	rootldsk1	
  1000	-51899.3	-1226.41	-5132.92	-1282.27	0.00434774	1	0.199166	10.0419	0.14052	0.0434447	18.9567	5.68678	215	99	113	-26008.2	28.496f	7.88447	4	1	1	0	0	0	0	0	0	0	0	1	0.836364	0.263636	0	0.551402	0	0	0	1	0.0884956	0.185841	1	1	1	1	1	1	5.0625	0.131687	73.4296	76.9063	28.2539	13.0266	28.496	7.88447	
  2000	-54501.9	-1226.41	-7735.48	-2053.23	0.015505	1	0.178804	11.1854	0.533357	0.0465118	19.7806	1.66888	396	99	131	-26008.2	12.1807f	18.6287	4	1	1	0	0	0	0	0	0	0	0	0.936364	0.834711	0.278689	0.482456	0.669421	0	0	0	1	0.175	0.186567	1	1	1	1	1	2.25	437.894	1.5	73.4296	76.9063	28.2539	13.0266	12.1807	18.6287	
  3000	-55668.5	-1226.41	-8902.13	-2369.76	0.0168164	1	0.173791	11.5081	0.56225	0.00606434	19.7806	1.62878	473	99	140	-26008.2	44.4548f	33.7694	4	1	1	0	0	0	0	0	0	0	0	0.963636	0.916667	0.319444	0.456311	0.751773	0	0	0	1	0.0909091	0.244755	1	1	1	1	1	7.59375	16834.1	3.375	73.4296	76.9063	28.2539	13.0266	44.4548	33.7694	
  4000	-56948.4	-1226.41	-10182	-2728.33	0.0183212	1	0.175033	11.4264	0.616939	0.00157782	19.7806	1.47386	563	99	149	-26008.2	41.5926f	51.5891	4	1	1	0	0	0	0	0	0	0	0	0.927273	0.926606	0.305556	0.513274	0.718182	0	0	0	1	0.122642	0.206667	1	1	1	1	1	11.3906	1.45611e+06	17.0859	73.4296	76.9063	28.2539	13.0266	41.5926	51.5891	
  5000	-57807	-1226.41	-11040.6	-2954.89	0.021589	1	0.177746	11.252	0.738243	0.047934	19.7806	1.21289	624	99	159	-26008.2	26.9812f	5.95614	4	1	1	0	0	0	0	0	0	0	0	0.945455	0.923664	0.155039	0.565217	0.753968	0	0	0	1	0.119048	0.248366	1	1	1	1	1	25.6289	9.56432e+08	194.62	73.4296	76.9063	46.1263	8.1415	26.9812	5.95614	
  6000	-58592	-1226.41	-11825.6	-3165.26	0.0261124	1	0.182986	10.9298	0.919251	0.0241407	19.7806	0.946166	682	99	162	-26008.2	47.513f	15.1396	4	1	1	0	0	0	0	0	0	0	0	0.945455	0.860294	0.308824	0.538462	0.70073	0	0	0	1	0.109489	0.197531	1	1	1	1	1	86.4976	1.24094e+11	291.929	73.4296	76.9063	46.1263	8.1415	47.513	15.1396	
  7000	-60400.5	-1226.41	-13634.1	-3591.31	0.0283914	1	0.20383	9.81209	1.11333	0.0262825	19.7806	0.70134	801	99	188	-26008.2	38.7809f	15.1611	4	1	1	0.188119	0.207921	0.009901	0	0	0	0	0	0.918182	0.88535	0.234568	0.5	0.758389	0	0	0.039604	1	0.19375	0.185567	0.666667	0.666667	0.666667	1	1	194.62	4.12643e+14	1477.89	73.4296	76.9063	7.99129	26.6436	38.7809	15.1611	
  8000	-61568	-1226.41	-14801.6	-3920.68	0.0346981	1	0.16372	12.216	1.09289	0.0566265	19.7806	0.889494	898	99	181	-26008.2	11.4257f	11.9294	4	1	1	0.188119	0.207921	0.009901	0	0	0	0	0	0.9	0.921788	0.261111	0.448598	0.786517	0	0.118812	0.039604	1	0.138889	0.133721	0.666667	0.666667	0.666667	1	1	437.894	6.09842e+17	16834.1	73.4296	76.9063	7.99129	26.6436	11.4257	11.9294	
  9000	-63506	-1226.41	-16739.6	-4369.01	0.0386821	1	0.165192	12.1072	1.22932	0.0385564	19.7806	0.783729	1034	99	201	-26008.2	5.2182f	45.9683	4	1	1	0.188119	0.207921	0.009901	0	0	0	0	0	0.927273	0.932692	0.213592	0.541284	0.792079	0	0.118812	0.039604	1	0.0776699	0.235	0.666667	0.666667	0.666667	1	1	985.261	1e+20	85222.7	73.4296	76.9063	7.99129	26.6436	5.2182	45.9683	
 10000	-63560.9	-1226.41	-16794.5	-4342.99	0.0386821	1	0.16959	11.7932	1.26205	0.0385564	19.7806	0.743606	1026	99	213	-26008.2	5.2182f	45.9683	4	1	1	0.188119	0.207921	0.009901	0	0	0	0	0	0.918182	0.932039	0.333333	0.453704	0.72549	0	0.118812	0.039604	1	0.184466	0.225352	0.666667	0.666667	0.666667	1	1	3325.26	1e+20	5.59777e+07	42.8721	86.8761	7.99129	26.6436	5.2182	45.9683	
 11000	-64628.2	-1226.41	-17861.8	-4593.04	0.0388401	1	0.193503	10.3358	1.50293	0.0418967	19.9729	0.54726	1103	99	226	-26008.2	6.07888f	33.913	4	1	1	0.188119	0.207921	0.009901	0	0	0	0	0	0.9	0.900901	0.196262	0.530973	0.757009	0	0.118812	0.039604	1	0.135135	0.183486	0.666667	0.666667	0.666667	1	1	3325.26	1e+20	5.59777e+07	42.8721	86.8761	7.99129	26.6436	6.07888	33.913	
 12000	-66820.7	-1226.41	-20054.3	-5049.68	0.0450899	1	0.182543	10.9563	1.6215	0.007694	19.8983	0.537699	1251	99	257	-26008.2	33.9935f	38.445	4	1	1	0.188119	0.207921	0.009901	0.049505	0	0	0	0	0.927273	0.928571	0.268293	0.504202	0.834711	0	0.118812	0.039604	1	0.18254	0.174603	0.666667	0.666667	0.666667	1	1	3325.26	1e+20	5.59777e+07	42.8721	86.8761	35.1624	38.6892	33.9935	38.445	
 13000	-68535.7	-1226.41	-21769.3	-5440.56	0.049973	1	0.196798	10.1627	1.9325	0.00817096	19.8856	0.418485	1382	99	269	-26008.2	39.4841f	32.782	4	1	1	0.188119	0.207921	0.029703	0.049505	0	0	0	0	0.854545	0.92029	0.215827	0.486239	0.787879	0.019802	0.118812	9.90099e-09	1	0.18705	0.203008	0.666667	0.666667	0.666667	1	1	3325.26	1e+20	5.59777e+07	42.8721	86.8761	35.1624	38.6892	39.4841	32.782	
 14000	-68712.2	-1226.41	-21945.8	-5488.2	0.0525055	1	0.19327	10.3482	1.99402	0.0181413	19.8856	0.412977	1399	99	261	-26008.2	20.881f	60.3895	4	1	1	0.148515	0.207921	0.029703	0.049505	0	0	0	0	0.836364	0.923077	0.265734	0.59434	0.762238	0.019802	0.108911	9.90099e-09	1	0.118881	0.200743	0.666667	0.666667	0.666667	1	1	3325.26	1e+20	5.59777e+07	42.8721	86.8761	35.1624	38.6892	20.881	60.3895	
 15000	-69432.1	-1226.41	-22665.7	-5639.36	0.0573253	1	0.184237	10.8556	2.07533	0.0594235	19.8856	0.416252	1451	99	272	-26008.2	89.8734f	12.1541	4	1	1	0.148515	0.237624	0.029703	0.049505	0	0	0	0	0.872727	0.924138	0.262069	0.541284	0.773973	0.019802	0.108911	9.90099e-09	1	0.136986	0.227106	0.666667	0.666667	0.666667	1	1	3325.26	1e+20	5.59777e+07	23.367	34.6853	67.1503	5.98917	89.8734	12.1541	
 16000	-71346.6	-1226.41	-24580.2	-6101.54	0.0597882	1	0.15984	12.5125	1.82218	0.00905828	19.7365	0.546443	1614	99	265	-26008.2	49.167f	28.9567	4	1	1	0.148515	0.237624	0.029703	0.049505	0	0	0	0	0.945455	0.93125	0.20625	0.398148	0.790123	0.019802	0.108911	9.90099e-09	1	0.150943	0.225564	0.666667	0.666667	0.666667	1	1	3325.26	1e+20	5.59777e+07	69.9298	67.3203	67.1503	5.98917	49.167	28.9567	
 17000	-72377.3	-1226.41	-25610.9	-6331.78	0.0652397	1	0.165448	12.0884	2.05809	0.0455046	19.7365	0.467405	1698	99	270	-26008.2	89.5248f	22.7546	4	1	1	0.148515	0.237624	0.029703	0.049505	0	0	0	0	0.918182	0.954023	0.255814	0.533333	0.8	0.019802	0.108911	9.90099e-09	1	0.111765	0.172414	0.666667	0.666667	0.666667	1	1	3325.26	1e+20	5.59777e+07	18.0175	76.8697	67.1503	5.98917	89.5248	22.7546	
 18000	-74691.9	-1226.41	-27925.5	-6771.67	0.0718974	1	0.173485	11.5284	2.41298	0.0651353	19.8081	0.380194	1862	99	300	-26008.2	92.4394f	11.0693	4	1	1	0.148515	0.237624	0.029703	0.049505	0	0	0	0	0.845455	0.918919	0.210811	0.538462	0.847826	0.019802	0.108911	9.90099e-09	1	0.213904	0.176667	0.666667	0.666667	0.666667	1	1	3325.26	1e+20	5.59777e+07	18.0175	76.8697	67.1503	5.98917	92.4394	11.0693	
 19000	-76876.9	-1226.41	-30110.5	-7153.6	0.077426	1	0.194522	10.2816	2.86984	0.0104065	19.7332	0.285098	2009	99	340	-26008.2	71.4995f	43.4868	4	1	1	0.148515	0.237624	0.029703	0.049505	0	0	0	0	0.836364	0.875	0.26	0.565891	0.825	0.019802	0.108911	9.90099e-09	1	0.18	0.191176	0.666667	0.666667	0.666667	1	1	3325.26	1e+20	5.59777e+07	18.0175	76.8697	67.1503	5.98917	71.4995	43.4868	
 20000	-77386.1	-1226.41	-30619.7	-7232.76	0.0780972	1	0.198473	10.077	2.98913	0.0253564	19.7925	0.268271	2040	99	353	-26008.2	49.1481f	14.1931	4	1	1	0.148515	0.237624	0.029703	0.049505	0	0	0	0	0.881818	0.926829	0.258537	0.523364	0.790244	0.019802	0.148515	9.90099e-09	1	0.141463	0.202312	0.666667	0.666667	0.666667	1	1	3325.26	1e+20	5.59777e+07	18.0175	76.8697	67.1503	5.98917	49.1481	14.1931	
 21000	-76821.2	-1226.41	-30054.8	-7194.74	0.0766964	1	0.190275	10.5111	2.81428	0.0487227	19.7925	0.297215	2025	99	321	-26008.2	54.0944f	0.303343	4	1	1	0.178218	0.227723	0.029703	0.049505	0	0	0	0	0.8	0.965686	0.2	0.6875	0.835749	0.019802	0.148515	9.90099e-09	1	0.1133	0.201258	0.666667	0.666667	0.666667	1	1	3325.26	1e+20	5.59777e+07	18.0175	76.8697	67.1503	5.98917	54.0944	0.303343	
 22000	-78061.7	-1226.41	-31295.2	-7344.33	0.0795538	1	0.208215	9.60543	3.11084	0.0205905	19.6618	0.245714	2084	99	376	-26008.2	60.0522f	19.5285	4	1	1	0.178218	0.227723	0.029703	0.049505	0	0	0	0	0.845455	0.893204	0.220096	0.53913	0.816425	0.019802	0.148515	9.90099e-09	1	0.133971	0.180851	0.666667	0.666667	0.666667	1	1	3325.26	1e+20	5.59777e+07	18.0175	76.8697	67.1503	5.98917	60.0522	19.5285	
 23000	-77548.3	-1226.41	-30781.9	-7278.49	0.0792161	1	0.20212	9.89511	2.92803	0.0198767	19.5315	0.268928	2058	99	352	-26008.2	48.6695f	18.3958	4	1	1	0.178218	0.227723	0.029703	9.90099e-09	0	0	0	0	0.781818	0.941463	0.208738	0.566038	0.820388	0.019802	0.148515	9.90099e-09	1	0.100962	0.232877	0.666667	0.666667	0.666667	1	1	3325.26	1e+20	5.59777e+07	18.0175	76.8697	67.1503	5.98917	48.6695	18.3958	
 24000	-78437	-1226.41	-31670.6	-7438.23	0.0792161	1	0.191537	10.4419	2.77471	0.0487824	19.5315	0.299467	2121	99	364	-26008.2	87.9133f	17.8127	4	1	1	0.178218	0.227723	0.0594059	9.90099e-09	0	0	0	0	0.9	0.957944	0.259434	0.518868	0.776744	0.019802	0.148515	9.90099e-09	1	0.169014	0.210375	0.666667	0.666667	0.666667	1	1	3325.26	1e+20	5.59777e+07	18.0175	76.8697	67.1503	5.98917	87.9133	17.8127	
 25000	-79732.2	-1226.41	-32965.8	-7646.28	0.0852457	1	0.192373	10.3965	3.06986	0.0315628	19.6459	0.269499	2205	99	394	-26008.2	59.8831f	11.2953	4	1	1	0.178218	0.227723	0.0594059	9.90099e-09	0	0	0	0	0.881818	0.941176	0.231818	0.512821	0.78733	0.029703	0.148515	9.90099e-09	1	0.159091	0.175066	0.666667	0.666667	0.666667	1	1	3325.26	1e+20	5.59777e+07	18.0175	76.8697	67.1503	5.98917	59.8831	11.2953	
 26000	-80085.4	-1226.41	-33319	-7754.62	0.0852457	1	0.183733	10.8854	2.95303	0.0251986	19.6811	0.293336	2249	99	374	-26008.2	42.2731f	15.0605	4	1	1	0.178218	0.158416	0.0594059	9.90099e-09	0	0	0	0	0.863636	0.933333	0.28125	0.526316	0.857143	0.029703	0.0693069	9.90099e-09	1	0.106667	0.182065	0.666667	0.666667	0.666667	1	1	3325.26	1e+20	5.59777e+07	45.6156	14.3201	67.1503	5.98917	42.2731	15.0605	
 27000	-80525.4	-1226.41	-33759	-7895.71	0.0894612	1	0.171009	11.6953	2.88445	0.0328112	19.6811	0.322654	2307	99	348	-26008.2	75.9496f	18.7099	4	1	1	0.178218	0.158416	0.0594059	9.90099e-09	0	0	0	0	0.818182	0.935345	0.25974	0.453704	0.793103	0.029703	0.0693069	9.90099e-09	1	0.125	0.158192	0.666667	0.666667	0.666667	1	1	3325.26	1e+20	5.59777e+07	45.6156	14.3201	85.6352	30.5575	75.9496	18.7099	
 28000	-81398.9	-1226.41	-34632.5	-8026.06	0.0894612	1	0.158083	12.6516	2.71007	0.0510982	19.7612	0.371497	2361	99	374	-26008.2	92.1603f	21.4483	4	1	1	0.158416	0.158416	0.0594059	9.90099e-09	0	0	0	0	0.827273	0.940678	0.258475	0.491071	0.805085	0.029703	0.0693069	9.90099e-09	1	0.13913	0.188366	0.666667	0.666667	0.666667	1	1	3325.26	1e+20	5.59777e+07	43.9321	13.0611	78.0115	21.2193	92.1603	21.4483	
 29000	-82602.7	-1226.41	-35836.3	-8159.52	0.0930907	1	0.201318	9.93451	3.64029	0.00753599	19.8282	0.21717	2417	99	425	-26008.2	67.8564f	56.8519	4	1	1	0.158416	0.158416	0.0594059	9.90099e-09	0	0	0	0	0.818182	0.926531	0.277551	0.546218	0.805785	0.029703	0.0693069	9.90099e-09	1	0.146939	0.190909	0.666667	0.666667	0.666667	1	1	3325.26	1e+20	5.59777e+07	8.80228	67.5118	78.0115	21.2193	67.8564	56.8519	
 30000	-83308.1	-1226.41	-36541.7	-8284.31	0.0913472	1	0.191642	10.4361	3.40042	0.0177266	19.8282	0.244229	2469	99	435	-26008.2	79.331f	55.0659	4	1	1	0.158416	0.158416	0.0891089	9.90099e-09	0	0	0	0	0.872727	0.946721	0.275304	0.44	0.821862	0.029703	0.0693069	9.90099e-09	1	0.153846	0.194245	0.666667	0.666667	0.666667	1	1	3325.26	1e+20	5.59777e+07	19.0373	30.7397	78.0115	21.2193	79.331	55.0659	
 31000	-83364.8	-1226.41	-36598.4	-8407.12	0.0952769	1	0.172639	11.5849	3.19501	0.0591373	19.8282	0.288543	2522	99	379	-26008.2	82.8103f	6.03669	4	1	1	0.158416	0.158416	0.0891089	9.90099e-09	0	0	0	0	0.836364	0.948	0.290837	0.581197	0.864542	0.029703	0.0693069	9.90099e-09	1	0.181818	0.167939	0.666667	0.666667	0.666667	1	1	3325.26	1e+20	5.59777e+07	19.0373	30.7397	78.0115	21.2193	82.8103	6.03669	
 32000	-83422.7	-1226.41	-36656.3	-8329.54	0.0952769	1	0.201062	9.9472	3.50366	0.00777161	19.5321	0.225927	2489	99	424	-26008.2	69.2615f	48.828	4	1	1	0.158416	0.207921	0.0891089	9.90099e-09	0	0	0	0	0.845455	0.927419	0.309237	0.52	0.815261	0.029703	0.0693069	9.90099e-09	1	0.13253	0.183879	0.666667	0.666667	0.666667	1	1	3325.26	1e+20	5.59777e+07	19.0373	30.7397	78.0115	21.2193	69.2615	48.828	
 33000	-83752.9	-1226.41	-36986.5	-8499.81	0.099165	1	0.183171	10.9187	3.32217	0.0399588	19.5321	0.261542	2562	99	375	-26008.2	80.2029f	16.7194	4	1	1	0.128713	0.207921	0.0891089	9.90099e-09	0	0	0	0	0.809091	0.918288	0.225681	0.608333	0.813953	0.029703	0.0990099	9.90099e-09	1	0.140078	0.216	0.666667	0.666667	0.666667	1	1	3325.26	1e+20	5.59777e+07	19.0373	30.7397	74.0341	51.2086	80.2029	16.7194	
 34000	-83241	-1226.41	-36474.6	-8405.75	0.0937905	1	0.17718	11.288	3.03933	0.0322858	19.5321	0.295548	2521	99	371	-26008.2	90.3951f	50.6601	4	1	1	0.128713	0.207921	0.0891089	9.90099e-09	0	0	0	0	0.763636	0.945098	0.240157	0.5	0.87451	0.029703	0.0990099	9.90099e-09	1	0.108949	0.224044	0.666667	0.666667	0.666667	1	1	3325.26	1e+20	5.59777e+07	19.0373	30.7397	83.0632	58.3287	90.3951	50.6601	
 35000	-84496.2	-1226.41	-37729.8	-8694.3	0.104867	1	0.168297	11.8838	3.22791	0.0355391	19.5321	0.29297	2646	99	356	-26008.2	78.3152f	82.0463	4	1	1	0.128713	0.207921	0.0891089	9.90099e-09	0	0	0	0	0.845455	0.931034	0.275472	0.626168	0.827586	0.029703	0.0990099	9.90099e-09	1	0.10566	0.183908	0.666667	0.666667	0.666667	1	1	3325.26	1e+20	5.59777e+07	19.0373	30.7397	70.4864	56.952	78.3152	82.0463	
 36000	-87651.9	-1226.41	-40885.5	-9093.45	0.104867	1	0.186477	10.7252	3.5766	0.0131162	19.5321	0.238629	2823	99	456	-26008.2	64.5932f	71.3046	4	1	1	0.128713	0.207921	0.0891089	9.90099e-09	0	0	0	0	0.827273	0.94386	0.269504	0.540741	0.837456	0.029703	0.0990099	9.90099e-09	1	0.187279	0.203233	0.666667	0.666667	0.666667	1	1	3325.26	1e+20	5.59777e+07	19.0373	30.7397	73.6375	70.4975	64.5932	71.3046	
 37000	-88955	-1226.41	-42188.6	-9349.76	0.110869	1	0.193964	10.3112	3.93311	0.0122042	19.5321	0.208623	2940	99	451	-26008.2	68.2592f	66.7502	4	1	1	0.128713	0.207921	0.019802	9.90099e-09	0	0	0	0	0.818182	0.935593	0.266212	0.507246	0.844068	0.029703	0.0990099	9.90099e-09	1	0.139932	0.18894	0.666667	0.666667	0.666667	1	1	3325.26	1e+20	5.59777e+07	19.0373	30.7397	73.6375	70.4975	68.2592	66.7502	
 38000	-89335.6	-1226.41	-42569.2	-9393.03	0.115413	1	0.193921	10.3135	4.09341	0.0147983	19.5321	0.200498	2960	99	467	-26008.2	65.9844f	72.3237	4	1	1	0.128713	0.168317	0.019802	9.90099e-09	0	0	0	0	0.863636	0.929293	0.256757	0.589552	0.852349	0.029703	0.0990099	9.90099e-09	1	0.127946	0.172646	0.666667	0.666667	0.666667	1	1	3325.26	1e+20	5.59777e+07	19.0373	30.7397	73.6375	70.4975	65.9844	72.3237	
 39000	-90151.8	-1226.41	-43385.4	-9648.05	0.115092	1	0.16039	12.4696	3.54028	0.0378183	19.7652	0.280288	3078	99	416	-26008.2	80.4972f	81.8654	4	1	1	0.0594059	0.168317	0.019802	9.90099e-09	0	0	0	0	0.890909	0.944625	0.264516	0.489051	0.834395	0.029703	0.0990099	9.90099e-09	1	0.167742	0.185446	0.666667	0.666667	0.666667	1	1	3325.26	1e+20	5.59777e+07	19.0373	30.7397	73.6375	70.4975	80.4972	81.8654	
 40000	-92223.7	-1226.41	-45457.3	-9973.81	0.124353	1	0.172498	11.5944	4.11391	0.036208	19.7652	0.224275	3233	99	445	-26008.2	88.0673f	69.999	4	1	1	0.0594059	0.168317	0.019802	9.90099e-09	0	0	0	0	0.9	0.957055	0.260062	0.548148	0.845679	9.90099e-09	0.108911	9.90099e-09	1	0.157407	0.193258	0.666667	0.666667	0.666667	1	1	3325.26	1e+20	5.59777e+07	25.5942	24.1117	73.6375	70.4975	88.0673	69.999	
 41000	-92762.6	-1226.41	-45996.2	-10049.2	0.123472	1	0.150297	13.307	3.55904	0.0381267	19.7652	0.297534	3269	99	456	-26008.2	70.9228f	89.1836	4	1	1	0.0594059	0.168317	0.019802	9.90099e-09	0	0	0	0	0.818182	0.953988	0.234756	0.526718	0.859327	9.90099e-09	0.108911	9.90099e-09	1	0.131498	0.20316	0.666667	0.666667	0.666667	1	1	3325.26	1e+20	5.59777e+07	28.0362	93.8428	73.6375	70.4975	70.9228	89.1836	
 42000	-94093.6	-1226.41	-47327.2	-10217.2	0.124935	1	0.166712	11.9967	3.99454	0.0584692	19.7652	0.238993	3350	99	492	-26008.2	99.1007f	74.291	4	1	1	0.0594059	0.168317	0.019802	9.90099e-09	0	0	0	0	0.881818	0.943114	0.253731	0.553191	0.823529	9.90099e-09	0.108911	9.90099e-09	1	0.110448	0.180698	0.666667	0.666667	0.666667	1	1	3325.26	1e+20	5.59777e+07	25.5942	24.1117	73.6375	70.4975	99.1007	74.291	
 43000	-93773.5	-1226.41	-47007.1	-10317	0.124935	1	0.141349	14.1494	3.54432	0.0189561	19.9911	0.317683	3398	99	413	-26008.2	79.9863f	57.1722	4	1	1	0.0594059	0.168317	0.019802	9.90099e-09	0	0	0	0	0.809091	0.970588	0.238095	0.546218	0.861765	9.90099e-09	0.108911	9.90099e-09	1	0.144118	0.197044	0.666667	0.666667	0.666667	1	1	3325.26	1e+20	5.59777e+07	31.3387	13.6619	73.6375	70.4975	79.9863	57.1722	
 44000	-94523.9	-1226.41	-47757.5	-10394	0.124935	1	0.153338	13.0431	3.84822	0.0101568	19.9954	0.269719	3435	99	443	-26008.2	62.8212f	68.6652	4	1	1	0.0594059	0.227723	0.019802	9.90099e-09	0	0	0	0	0.872727	0.953353	0.279883	0.578125	0.863372	9.90099e-09	0.108911	9.90099e-09	1	0.133721	0.222482	0.666667	0.666667	0.666667	1	1	3325.26	1e+20	5.59777e+07	22.023	21.9434	73.6375	70.4975	62.8212	68.6652	
 45000	-97205.9	-1226.41	-50439.5	-10790	0.140216	1	0.145764	13.7209	4.10556	0.028532	19.9954	0.265949	3636	99	473	-26008.2	62.7063f	86.2947	4	1	1	0.0594059	0.227723	0.019802	9.90099e-09	0	0	0	0	0.818182	0.945055	0.264463	0.456522	0.849315	9.90099e-09	0.108911	9.90099e-09	1	0.162534	0.202128	0.666667	0.666667	0.666667	1	1	3325.26	1e+20	5.59777e+07	22.023	21.9434	73.6375	70.4975	62.7063	86.2947	
 46000	-97877.7	-1226.41	-51111.3	-10962.3	0.141397	1	0.128524	15.5613	3.65049	0.0401133	19.9954	0.339223	3724	99	441	-26008.2	89.8609f	71.5129	4	1	1	0.0792079	0.227723	0.019802	9.90099e-09	0	0	0	0	0.918182	0.96	0.271505	0.584507	0.885638	9.90099e-09	0.0891089	9.90099e-09	1	0.101877	0.212815	0.666667	0.666667	0.666667	1	1	3325.26	1e+20	5.59777e+07	22.023	21.9434	73.6375	70.4975	89.8609	71.5129	
 47000	-96646.4	-1226.41	-49880	-10809.7	0.141397	1	0.133095	15.0269	3.7803	0.019371	19.9954	0.316325	3646	99	409	-26008.2	74.7883f	31.3714	4	1	1	0.0792079	0.227723	0.019802	9.90099e-09	0	0	0	0	0.827273	0.945055	0.255495	0.488372	0.881868	9.90099e-09	0.0891089	9.90099e-09	1	0.137363	0.200489	0.666667	0.666667	0.666667	1	1	3325.26	1e+20	5.59777e+07	22.023	21.9434	68.9586	81.4081	74.7883	31.3714	
 48000	-98827	-1226.41	-52060.6	-11128.7	0.144034	1	0.137608	14.534	3.98141	0.0125489	19.9954	0.290496	3810	99	446	-26008.2	74.8455f	50.3422	4	1	1	0.0792079	0.227723	0.019802	9.90099e-09	0	0	0	0	0.836364	0.971204	0.253927	0.593985	0.879581	9.90099e-09	0.0891089	9.90099e-09	1	0.091623	0.209459	0.666667	0.666667	0.666667	1	1	3325.26	1e+20	5.59777e+07	22.023	21.9434	46.6633	54.4318	74.8455	50.3422	
 49000	-99650.2	-1226.41	-52883.8	-11191.5	0.147167	1	0.140731	14.2115	4.16031	0.0046364	19.9954	0.271835	3843	99	492	-26008.2	44.9617f	64.5506	4	1	1	0.0792079	0.178218	0.009901	9.90099e-09	0	0	0	0	0.854545	0.960836	0.234375	0.527027	0.840731	9.90099e-09	0.0891089	9.90099e-09	1	0.127273	0.200409	0.666667	0.666667	0.666667	1	1	3325.26	1e+20	5.59777e+07	25.6516	75.5628	46.6633	54.4318	44.9617	64.5506	
 50000	-100866	-1226.41	-54099.7	-11371.9	0.15122	1	0.144869	13.8056	4.40061	0.00340223	19.9954	0.24965	3938	99	499	-26008.2	37.0937f	52.3339	4	1	1	0.0792079	0.178218	0.009901	9.90099e-09	0	0	0	0	0.872727	0.956633	0.259542	0.489655	0.86445	9.90099e-09	0.0891089	9.90099e-09	1	0.139535	0.189873	0.666667	0.666667	0.666667	1	1	3325.26	1e+20	5.59777e+07	25.6516	75.5628	61.8276	32.7118	37.0937	52.3339	
 51000	-100500	-1226.41	-53733.3	-11364.4	0.150613	1	0.14284	14.0017	4.32156	0.0147029	19.9954	0.257828	3934	99	473	-26008.2	76.8878f	52.479	4	1	1	0.0792079	0.178218	0.009901	0.009901	0	0	0	0	0.872727	0.957393	0.23	0.590604	0.873096	9.90099e-09	0.0891089	9.90099e-09	1	0.116751	0.194154	0.666667	0.666667	0.666667	1	1	3325.26	1e+20	5.59777e+07	25.6516	75.5628	58.9471	44.7431	76.8878	52.479	
 52000	-101133	-1226.41	-54366.1	-11488.5	0.15334	1	0.14284	14.0017	4.39979	0.0237924	19.9954	0.253244	4000	99	466	-26008.2	77.8612f	29.7049	4	1	1	0.0792079	0.178218	0.009901	0.009901	0	0	0	0	0.872727	0.947891	0.261845	0.529801	0.85213	9.90099e-09	0.108911	9.90099e-09	1	0.141439	0.190476	0.666667	0.666667	0.666667	1	1	3325.26	1e+20	5.59777e+07	25.6516	75.5628	58.9471	44.7431	77.8612	29.7049	
 53000	-102571	-1226.41	-55804.1	-11656.2	0.155579	1	0.145901	13.708	4.55969	0.0167075	19.9954	0.239237	4090	99	503	-26008.2	66.3852f	74.1959	4	1	1	0.0792079	0.178218	0.009901	0.009901	0	0	0	0	0.863636	0.943627	0.229829	0.590476	0.878049	9.90099e-09	0.108911	9.90099e-09	1	0.121951	0.195695	0.666667	0.666667	0.666667	1	1	3325.26	1e+20	5.59777e+07	20.1699	51.985	58.9471	44.7431	66.3852	74.1959	
 54000	-98671.4	-1226.41	-51905	-11072.4	0.145013	1	0.153657	13.016	4.37815	0.00296729	19.8852	0.23658	3781	99	464	-26008.2	56.9099f	59.5079	4	1	1	0.0792079	0.178218	0.009901	0.009901	0	0	0	0	0.863636	0.955381	0.207895	0.540741	0.83905	9.90099e-09	0.108911	9.90099e-09	1	0.171504	0.239829	0.666667	0.666667	0.666667	1	1	3325.26	1e+20	5.59777e+07	20.1699	51.985	58.9471	44.7431	56.9099	59.5079	
 55000	-99687	-1226.41	-52920.6	-11246.2	0.145013	1	0.143718	13.9161	3.47713	0.00563152	19.0886	0.318484	3871	99	467	-26008.2	57.9443f	35.8821	4	1	1	0.0792079	0.178218	0.019802	0.009901	0	0	0	0	0.854545	0.943734	0.213918	0.566434	0.85567	9.90099e-09	0.108911	9.90099e-09	1	0.0902062	0.162741	0.666667	0.666667	0.666667	1	1	3325.26	1e+20	5.59777e+07	20.1699	51.985	58.9471	44.7431	57.9443	35.8821	
 56000	-98447.4	-1226.41	-51681	-11109	0.145729	1	0.138967	14.392	3.36464	0.0102521	19.0686	0.340385	3800	99	426	-26008.2	64.4289f	33.0316	4	1	1	0.0792079	0.168317	0.019802	0.009901	0	0	0	0	0.8	0.932115	0.2021	0.431655	0.868766	9.90099e-09	0.108911	9.90099e-09	1	0.104987	0.162637	0.666667	0.666667	0.666667	1	1	3325.26	1e+20	5.59777e+07	20.1699	51.985	70.2916	55.7175	64.4289	33.0316	
 57000	-101306	-1226.41	-54539.3	-11559.8	0.157402	1	0.126918	15.7582	3.31907	0.0467335	19.0686	0.377816	4038	99	442	-26008.2	98.6168f	46.6174	4	1	1	0.0792079	0.168317	0.019802	0.009901	0	0	0	0	0.863636	0.937811	0.238693	0.557143	0.879397	9.90099e-09	0.108911	9.90099e-09	1	0.1125	0.199095	0.666667	0.666667	0.666667	1	1	3325.26	1e+20	5.59777e+07	32.275	22.371	70.2916	55.7175	98.6168	46.6174	
 58000	-100457	-1226.41	-53690.3	-11391.7	0.148493	1	0.127196	15.7237	3.68427	0.00698052	19.8491	0.339621	3948	99	450	-26008.2	68.1449f	52.1855	4	1	1	0.0891089	0.168317	0.019802	0.009901	0	0	0	0	0.845455	0.964377	0.262887	0.484848	0.889744	9.90099e-09	0.0693069	9.90099e-09	1	0.127226	0.2	0.666667	0.666667	0.666667	1	1	3325.26	1e+20	5.59777e+07	32.275	22.371	70.2916	55.7175	68.1449	52.1855	
 59000	-101856	-1226.41	-55089.6	-11685.2	0.149967	1	0.127196	15.7237	3.72085	0.0398322	19.8491	0.336282	4103	99	421	-26008.2	92.6816f	64.4615	4	1	1	0.0891089	0.168317	0.019802	0.009901	0	0	0	0	0.836364	0.958231	0.273399	0.48062	0.877751	9.90099e-09	0.0693069	9.90099e-09	1	0.124088	0.184652	0.666667	0.666667	0.666667	1	1	3325.26	1e+20	5.59777e+07	75.7397	47.5983	70.2916	55.7175	92.6816	64.4615	
 60000	-100876	-1226.41	-54109.3	-11443.8	0.150934	1	0.127216	15.7213	3.74541	0.00166653	19.8491	0.334025	3976	99	463	-26008.2	57.3928f	53.4647	4	1	1	0.0891089	0.168317	0.019802	9.90099e-09	0	0	0	0	0.845455	0.9599	0.260652	0.534722	0.895	9.90099e-09	0.0693069	9.90099e-09	1	0.142857	0.191898	0.666667	0.666667	0.666667	1	1	3325.26	1e+20	5.59777e+07	75.7397	47.5983	70.2916	55.7175	57.3928	53.4647	
 61000	-100746	-1226.41	-53980	-11432.4	0.150934	1	0.124302	16.0899	3.65961	0.00217042	19.8491	0.349871	3970	99	455	-26008.2	57.7754f	55.7828	4	1	1	0.0891089	0.168317	0.019802	9.90099e-09	0	0	0	0	0.872727	0.954545	0.214106	0.423358	0.898734	9.90099e-09	0.0693069	9.90099e-09	1	0.131313	0.203579	0.666667	0.666667	0.666667	1	1	3325.26	1e+20	5.59777e+07	25.4326	14.5503	70.2916	55.7175	57.7754	55.7828	
 62000	-100209	-1226.41	-53442.4	-11420.9	0.153045	1	0.127857	15.6425	3.81693	0.00743759	19.8491	0.326123	3964	99	419	-26008.2	68.5158f	46.6115	4	1	1	0.0891089	0.118812	0.019802	9.90099e-09	0	0	0	0	0.845455	0.957179	0.191436	0.536765	0.866499	9.90099e-09	0.0693069	9.90099e-09	1	0.0881612	0.224586	0.666667	0.666667	0.666667	1	1	3325.26	1e+20	5.59777e+07	25.4326	14.5503	70.2916	55.7175	68.5158	46.6115	
 63000	-100112	-1226.41	-53346.1	-11437.9	0.153602	1	0.131982	15.1536	3.95441	0.00779294	19.8491	0.304947	3973	99	400	-26008.2	66.8964f	40.7682	4	1	1	0.0891089	0.118812	0.019802	9.90099e-09	0	0	0	0	0.827273	0.934837	0.226933	0.554688	0.895522	9.90099e-09	0.0693069	9.90099e-09	1	0.104738	0.186224	0.666667	0.666667	0.666667	1	1	3325.26	1e+20	5.59777e+07	99.6346	59.2144	70.2916	55.7175	66.8964	40.7682	
 64000	-102411	-1226.41	-55644.1	-11732	0.153602	1	0.131982	15.1536	3.968	0.0042254	19.8661	0.303903	4130	99	450	-26008.2	40.6102f	39.2091	4	1	1	0.0891089	0.118812	0.019802	9.90099e-09	0	0	0	0	0.854545	0.960976	0.259709	0.588235	0.889435	9.90099e-09	0.0693069	9.90099e-09	1	0.110565	0.232301	0.666667	0.666667	0.666667	1	1	3325.26	1e+20	5.59777e+07	99.6346	59.2144	70.2916	55.7175	40.6102	39.2091	
 65000	-102065	-1226.41	-55298.9	-11728.3	0.153602	1	0.127383	15.7007	3.24907	0.0285018	19.066	0.384548	4128	99	426	-26008.2	74.5233f	79.3714	4	1	1	0.0792079	0.118812	0.019802	9.90099e-09	0	0	0	0	0.872727	0.978208	0.259615	0.519685	0.895884	9.90099e-09	0.0792079	9.90099e-09	1	0.0847458	0.17233	0.666667	0.666667	0.666667	1	1	3325.26	1e+20	5.59777e+07	99.6346	59.2144	93.5648	63.6901	74.5233	79.3714	
 66000	-102024	-1226.41	-55257.7	-11730.1	0.156843	1	0.125132	15.9831	3.77885	0.0254238	19.7847	0.336582	4130	99	416	-26008.2	85.7549f	49.8993	4	1	1	0.0792079	0.118812	0.019802	9.90099e-09	0	0	0	0	0.863636	0.963768	0.215496	0.577236	0.900966	9.90099e-09	0.0792079	9.90099e-09	1	0.10628	0.205955	0.666667	0.666667	0.666667	1	1	3325.26	1e+20	5.59777e+07	99.6346	59.2144	93.5648	63.6901	85.7549	49.8993	
 67000	-103616	-1226.41	-56849.6	-11981.7	0.165845	1	0.123085	16.2489	3.93036	0.0107228	19.7847	0.328988	4268	99	419	-26008.2	71.2367f	58.8946	4	1	1	0.0792079	0.118812	0.049505	9.90099e-09	0	0	0	0	0.881818	0.955504	0.242991	0.58156	0.900922	9.90099e-09	0.0792079	9.90099e-09	1	0.11007	0.210024	0.666667	0.666667	0.666667	1	1	3325.26	1e+20	5.59777e+07	87.0096	79.5405	93.5648	63.6901	71.2367	58.8946	
 68000	-105524	-1226.41	-58757.5	-12177.1	0.167445	1	0.139302	14.3573	4.41519	0.079399	19.7005	0.258769	4377	99	484	-26008.2	92.8241f	97.686	4	1	1	0.0792079	0.188119	0.049505	9.90099e-09	0	0	0	0	0.845455	0.968037	0.231121	0.503704	0.863014	0.009901	0.0792079	9.90099e-09	1	0.10274	0.183983	0.666667	0.666667	0.666667	1	1	3325.26	1e+20	5.59777e+07	87.0096	79.5405	93.5648	63.6901	92.8241	97.686	
 69000	-106950	-1226.41	-60183.2	-12351.7	0.168221	1	0.138294	14.4619	3.96124	0.0237765	19.186	0.290526	4475	99	513	-26008.2	41.0354f	84.1554	4	1	1	0.0792079	0.188119	0.049505	9.90099e-09	0	0	0	0	0.809091	0.94382	0.223714	0.518868	0.892857	0.009901	0.0792079	9.90099e-09	1	0.160714	0.195266	0.666667	0.666667	0.666667	1	1	3325.26	1e+20	5.59777e+07	91.914	16.2703	43.9319	98.9796	41.0354	84.1554	
 70000	-104658	-1226.41	-57891.6	-12055.8	0.168221	1	0.128229	15.597	4.30906	0.0411385	19.9676	0.288038	4309	99	472	-26008.2	51.9554f	96.3112	4	1	1	0.0792079	0.188119	0.049505	9.90099e-09	0	0	0	0	0.872727	0.9447	0.241379	0.60274	0.870968	0.009901	0.0792079	9.90099e-09	1	0.0873563	0.177966	0.666667	0.666667	0.666667	1	1	3325.26	1e+20	5.59777e+07	91.914	16.2703	43.9319	98.9796	51.9554	96.3112	
 71000	-102849	-1226.41	-56082.8	-11820.7	0.157097	1	0.121173	16.5053	3.80267	0.00503417	19.9676	0.345401	4179	99	441	-26008.2	42.0345f	64.0109	4	1	1	0.0594059	0.188119	0.049505	9.90099e-09	0	0	0	0	0.845455	0.9689	0.223022	0.538462	0.853717	0.009901	0.0792079	9.90099e-09	1	0.136691	0.185446	0.666667	0.666667	0.666667	1	1	3325.26	1e+20	5.59777e+07	91.914	16.2703	43.9319	98.9796	42.0345	64.0109	
 72000	-103328	-1226.41	-56561.8	-11815.1	0.157209	1	0.127582	15.6762	4.00664	0.0233137	19.9676	0.31135	4176	99	482	-26008.2	36.7785f	82.4094	4	1	1	0.0594059	0.188119	0.049505	9.90099e-09	0	0	0	0	0.890909	0.971223	0.244019	0.554795	0.856115	0.009901	0.0792079	9.90099e-09	1	0.107914	0.197917	0.666667	0.666667	0.666667	1	1	3325.26	1e+20	5.59777e+07	91.914	16.2703	43.9319	98.9796	36.7785	82.4094	
 73000	-104034	-1226.41	-57267.4	-11931.1	0.160876	1	0.127582	15.6762	4.1001	0.0308623	19.9676	0.304253	4240	99	479	-26008.2	21.0461f	78.093	4	1	1	0.0594059	0.188119	0.049505	9.90099e-09	0	0	0	0	0.872727	0.962353	0.254673	0.423611	0.870588	0.009901	0.0792079	9.90099e-09	1	0.143529	0.206544	0.666667	0.666667	0.666667	1	1	3325.26	1e+20	5.59777e+07	61.7003	14.6556	13.9036	97.0498	21.0461	78.093	
 74000	-103521	-1226.41	-56754.6	-11870.8	0.161177	1	0.126459	15.8154	4.07162	0.0303524	19.9676	0.309103	4207	99	471	-26008.2	10.7193f	57.3622	4	1	1	0.0594059	0.188119	0.049505	9.90099e-09	0	0	0	0	0.772727	0.933333	0.280285	0.52	0.881517	0.009901	0.0792079	9.90099e-09	1	0.0902613	0.187368	0.666667	0.666667	0.666667	1	1	3325.26	1e+20	5.59777e+07	61.7003	14.6556	1.03759	83.685	10.7193	57.3622	
 75000	-104067	-1226.41	-57301	-11931	0.161177	1	0.13887	14.4019	4.47123	0.0250521	19.9676	0.25632	4240	99	488	-26008.2	21.7279f	72.8581	4	1	1	0.0594059	0.168317	0.049505	9.90099e-09	0	0	0	0	0.790909	0.96	0.242925	0.524138	0.898824	0.009901	0.0792079	9.90099e-09	1	0.129717	0.215139	0.666667	0.666667	0.666667	1	1	3325.26	1e+20	5.59777e+07	61.7003	14.6556	1.03759	83.685	21.7279	72.8581	
 76000	-104968	-1226.41	-58201.1	-12075.2	0.161177	1	0.124939	16.0078	4.02269	0.00987716	19.9676	0.316668	4319	99	485	-26008.2	39.4468f	70.1447	4	1	1	0.049505	0.168317	0.049505	9.90099e-09	0	0	0	0	0.854545	0.965358	0.222222	0.503356	0.902778	0.009901	0.0792079	9.90099e-09	1	0.127315	0.183505	0.666667	0.666667	0.666667	1	1	3325.26	1e+20	5.59777e+07	72.8846	62.2222	20.1278	79.1202	39.4468	70.1447	
 77000	-104346	-1226.41	-57579.9	-11958	0.162671	1	0.131896	15.1634	4.23896	0.0363443	19.9125	0.284661	4255	99	501	-26008.2	19.7615f	81.6443	4	1	1	0.049505	0.168317	0.049505	9.90099e-09	0	0	0	0	0.827273	0.941452	0.253521	0.538462	0.875878	0.009901	0.0792079	9.90099e-09	1	0.107728	0.196819	0.666667	0.666667	0.666667	1	1	3325.26	1e+20	5.59777e+07	89.3083	32.5906	20.1278	79.1202	19.7615	81.6443	
 78000	-103687	-1226.41	-56920.9	-11832.5	0.159764	1	0.132768	15.0639	4.19069	0.0111868	19.9125	0.28605	4186	99	498	-26008.2	32.4185f	66.7237	4	1	1	0.049505	0.168317	0.049505	9.90099e-09	0	0	0	0	0.781818	0.952381	0.251781	0.470588	0.864286	0.009901	0.138614	9.90099e-09	1	0.109264	0.206166	0.666667	0.666667	0.666667	1	1	3325.26	1e+20	5.59777e+07	89.3083	32.5906	20.1278	79.1202	32.4185	66.7237	
 79000	-104277	-1226.41	-57510.4	-11908.6	0.158257	1	0.138414	14.4494	4.3277	0.0376733	19.9125	0.265695	4227	99	518	-26008.2	9.56349f	68.7151	4	1	1	0.049505	0.168317	0.049505	9.90099e-09	0	0	0	0	0.881818	0.95283	0.261792	0.504673	0.870283	0.009901	0.138614	9.90099e-09	1	0.129717	0.189293	0.666667	0.666667	0.666667	1	1	3325.26	1e+20	5.59777e+07	89.3083	32.5906	20.1278	79.1202	9.56349	68.7151	
 80000	-104846	-1226.41	-58079.4	-11998.4	0.16742	1	0.145215	13.7727	4.80323	0.0396581	19.9125	0.228179	4277	99	516	-26008.2	15.8932f	20.1227	4	1	1	0.049505	0.168317	0.009901	9.90099e-09	0	0	0	0	0.836364	0.946636	0.226636	0.609524	0.871795	0.009901	0.138614	9.90099e-09	1	0.147196	0.164729	0.666667	0.666667	0.666667	1	1	3325.26	1e+20	5.59777e+07	89.3083	32.5906	20.1278	79.1202	15.8932	20.1227	
 81000	-105965	-1226.41	-59198.8	-12196.7	0.16742	1	0.142302	14.0546	4.70688	0.00846919	19.9125	0.237617	4388	99	509	-26008.2	29.1267f	48.0932	4	1	1	0.049505	0.168317	0.009901	9.90099e-09	0	0	0	0	0.872727	0.936219	0.240275	0.607843	0.876993	0.009901	0.138614	9.90099e-09	1	0.132723	0.191919	0.666667	0.666667	0.666667	1	1	3325.26	1e+20	5.59777e+07	91.5103	52.3114	20.1278	79.1202	29.1267	48.0932	
 82000	-105159	-1226.41	-58393.1	-12079.2	0.168891	1	0.144054	13.8836	4.80671	0.0297025	19.9125	0.229851	4322	99	506	-26008.2	22.8912f	78.8328	4	1	1	0.0693069	0.168317	0.009901	9.90099e-09	0	0	0	0	0.863636	0.961098	0.234483	0.564815	0.894737	0.009901	0.138614	9.90099e-09	1	0.114416	0.172712	0.666667	0.666667	0.666667	1	1	3325.26	1e+20	5.59777e+07	91.5103	52.3114	20.1278	79.1202	22.8912	78.8328	
 83000	-103153	-1226.41	-56386.7	-11760.3	0.163172	1	0.144054	13.8836	4.60102	0.0488079	19.8664	0.240126	4146	99	503	-26008.2	1.41623f	64.423	4	1	1	0.0693069	0.168317	0.009901	9.90099e-09	0	0	0	0	0.863636	0.964029	0.231325	0.456311	0.88361	0.009901	0.138614	9.90099e-09	1	0.137349	0.18618	0.666667	0.666667	0.666667	1	1	3325.26	1e+20	5.59777e+07	91.0678	70.5929	20.1278	79.1202	1.41623	64.423	
 84000	-105211	-1226.41	-58445.1	-12109.2	0.166551	1	0.132713	15.0701	4.32658	0.0390468	19.8664	0.277179	4339	99	490	-26008.2	14.4257f	78.1587	4	1	1	0.0693069	0.168317	0.009901	9.90099e-09	0	0	0	0	0.909091	0.937931	0.243678	0.569444	0.891204	0.009901	0.138614	9.90099e-09	1	0.135632	0.172485	0.666667	0.666667	0.666667	1	1	3325.26	1e+20	5.59777e+07	91.0678	70.5929	20.1278	79.1202	14.4257	78.1587	
 85000	-105016	-1226.41	-58250	-12088.5	0.169675	1	0.136534	14.6484	4.18059	0.0474328	19.4667	0.278832	4327	99	485	-26008.2	0.426283f	55.9363	4	1	1	0.0693069	0.168317	0.009901	9.90099e-09	0	0	0	0	0.845455	0.958333	0.222222	0.524752	0.889145	0.009901	0.138614	9.90099e-09	1	0.12963	0.191268	0.666667	0.666667	0.666667	1	1	3325.26	1e+20	5.59777e+07	82.085	72.5275	20.1278	79.1202	0.426283	55.9363	
 86000	-105566	-1226.41	-58799.9	-12116.1	0.171456	1	0.14056	14.2288	4.35254	0.0136101	19.4706	0.260146	4342	99	515	-26008.2	23.3114f	50.6566	4	1	1	0.0693069	0.168317	0.009901	9.90099e-09	0	0	0	0	0.772727	0.941995	0.296037	0.537415	0.864368	0.009901	0.138614	9.90099e-09	1	0.133333	0.177291	0.666667	0.666667	0.666667	1	1	3325.26	1e+20	5.59777e+07	82.085	72.5275	12.4054	53.2548	23.3114	50.6566	
 87000	-107542	-1226.41	-60775.4	-12417.3	0.173437	1	0.137571	14.538	4.62128	0.0138383	19.8139	0.250341	4513	99	527	-26008.2	23.2932f	53.6096	4	1	1	0.0792079	0.168317	0.039604	9.90099e-09	0	0	0	0	0.827273	0.942605	0.25	0.531034	0.891593	0.009901	0.138614	9.90099e-09	1	0.112832	0.218029	0.666667	0.666667	0.666667	1	1	3325.26	1e+20	5.59777e+07	82.085	72.5275	12.4054	53.2548	23.2932	53.6096	
 88000	-107070	-1226.41	-60304.1	-12368.2	0.172034	1	0.135346	14.7769	4.50977	0.0444652	19.8139	0.260747	4485	99	513	-26008.2	1.83707f	54.0749	4	1	1	0.0792079	0.168317	0.039604	9.90099e-09	0	0	0	0	0.809091	0.944444	0.226667	0.519231	0.88196	0.009901	0.138614	9.90099e-09	1	0.14	0.179337	0.666667	0.666667	0.666667	1	1	3325.26	1e+20	5.59777e+07	82.085	72.5275	12.4054	53.2548	1.83707	54.0749	
 89000	-107531	-1226.41	-60764.5	-12438.7	0.171813	1	0.141255	14.1588	4.7006	0.0634609	19.8139	0.239697	4525	99	513	-26008.2	2.96391f	83.5851	4	1	1	0.0792079	0.168317	0.039604	9.90099e-09	0	0	0	0	0.818182	0.938462	0.229581	0.537037	0.863135	0.009901	0.138614	9.90099e-09	1	0.114286	0.187135	0.666667	0.666667	0.666667	1	1	3325.26	1e+20	5.59777e+07	20.3812	11.3587	12.4054	53.2548	2.96391	83.5851	
 90000	-109260	-1226.41	-62493.3	-12609.1	0.175323	1	0.148432	13.4742	5.04034	0.0507127	19.8139	0.212733	4623	99	575	-26008.2	1.97868f	31.5017	4	1	1	0.0792079	0.168317	0.039604	9.90099e-09	0	0	0	0	0.872727	0.941685	0.231102	0.578947	0.866379	0.009901	0.138614	9.90099e-09	1	0.146868	0.163763	0.666667	0.666667	0.666667	1	1	3325.26	1e+20	5.59777e+07	57.6608	83.4698	12.4054	53.2548	1.97868	31.5017	
 91000	-108370	-1226.41	-61603.1	-12520.3	0.175323	1	0.138277	14.4637	4.69552	0.0354101	19.8139	0.245124	4572	99	544	-26008.2	10.0247f	34.2033	4	1	1	0.0792079	0.168317	0.039604	9.90099e-09	0	0	0	0	0.836364	0.941558	0.228758	0.474576	0.91048	0.009901	0.0891089	9.90099e-09	1	0.137931	0.210069	0.666667	0.666667	0.666667	1	1	3325.26	1e+20	5.59777e+07	85.6188	82.8767	12.4054	53.2548	10.0247	34.2033	
 92000	-107287	-1226.41	-60520.8	-12461.4	0.172254	1	0.133678	14.9613	4.45989	0.0283908	19.8139	0.266954	4538	99	481	-26008.2	15.7803f	68.0652	4	1	1	0.0792079	0.168317	0.039604	9.90099e-09	0	0	0	0	0.881818	0.95815	0.224444	0.50495	0.876652	9.90099e-09	0.0891089	9.90099e-09	1	0.136564	0.188406	0.666667	0.666667	0.666667	1	1	3325.26	1e+20	5.59777e+07	79.7782	86.0239	12.4054	53.2548	15.7803	68.0652	
 93000	-106971	-1226.41	-60204.1	-12369.9	0.172254	1	0.131317	15.2303	4.38112	0.0280473	19.8139	0.27664	4486	99	504	-26008.2	16.0609f	68.0943	4	1	1	0.0693069	0.168317	0.039604	9.90099e-09	0	0	0	0	0.863636	0.962222	0.222467	0.519231	0.881319	9.90099e-09	0.0891089	9.90099e-09	1	0.149451	0.204159	0.666667	0.666667	0.666667	1	1	3325.26	1e+20	5.59777e+07	76.4352	75.652	18.4838	66.7081	16.0609	68.0943	
 94000	-107751	-1226.41	-60984.8	-12461.5	0.171943	1	0.142158	14.0689	4.73422	0.0678849	19.8139	0.236483	4538	99	521	-26008.2	5.74537f	90.1698	4	1	1	0.0693069	0.158416	0.009901	9.90099e-09	0	0	0	0	0.845455	0.962389	0.244493	0.490741	0.860927	9.90099e-09	0.0891089	9.90099e-09	1	0.110132	0.212121	0.666667	0.666667	0.666667	1	1	3325.26	1e+20	5.59777e+07	76.4352	75.652	18.4838	66.7081	5.74537	90.1698	
 95000	-107496	-1226.41	-60730.1	-12447.4	0.171943	1	0.134526	14.8671	4.48004	0.00517882	19.8139	0.264079	4530	99	506	-26008.2	44.7119f	35.1427	4	1	1	0.0693069	0.158416	0.009901	9.90099e-09	0	0	0	0	0.854545	0.953846	0.272331	0.576923	0.865639	9.90099e-09	0.0891089	9.90099e-09	1	0.12967	0.217391	0.666667	0.666667	0.666667	1	1	3325.26	1e+20	5.59777e+07	82.9395	80.42	18.4838	66.7081	44.7119	35.1427	
 96000	-106965	-1226.41	-60198.2	-12401.6	0.172174	1	0.127046	15.7423	4.39276	0.0364642	19.994	0.285182	4504	99	480	-26008.2	21.1966f	83.0456	4	1	1	0.0693069	0.158416	0.009901	9.90099e-09	0	0	0	0	0.836364	0.964444	0.263858	0.442953	0.878319	9.90099e-09	0.0891089	9.90099e-09	1	0.0953437	0.196787	0.666667	0.666667	0.666667	1	1	3325.26	1e+20	5.59777e+07	58.8039	95.3375	18.4838	66.7081	21.1966	83.0456	
 97000	-107962	-1226.41	-61195.9	-12501.3	0.176883	1	0.133956	14.9303	4.75836	0.0176822	19.994	0.249689	4561	99	517	-26008.2	35.9467f	77.0617	4	1	1	0.0693069	0.158416	0.009901	9.90099e-09	0	0	0	0	0.836364	0.95354	0.262693	0.572816	0.875556	9.90099e-09	0.0792079	9.90099e-09	1	0.0940919	0.190945	0.666667	0.666667	0.666667	1	1	3325.26	1e+20	5.59777e+07	58.8039	95.3375	18.4838	66.7081	35.9467	77.0617	
 98000	-110352	-1226.41	-63585.7	-12816.6	0.176883	1	0.140514	14.2335	4.9913	0.0230888	19.994	0.226928	4743	99	552	-26008.2	19.6205f	67.18	4	1	1	0.0693069	0.158416	0.009901	9.90099e-09	0	0	0	0	0.827273	0.959916	0.253165	0.556604	0.869474	9.90099e-09	0.0792079	9.90099e-09	1	0.143763	0.20075	0.666667	0.666667	0.666667	1	1	3325.26	1e+20	5.59777e+07	58.8039	95.3375	18.4838	66.7081	19.6205	67.18	
 99000	-108863	-1226.41	-62096.9	-12610.4	0.176883	1	0.141728	14.1116	5.03443	0.0369177	19.994	0.223057	4624	99	536	-26008.2	11.5031f	71.5444	4	1	1	0.0693069	0.158416	0.009901	9.90099e-09	0	0	0	0	0.872727	0.952891	0.2173	0.596154	0.893843	9.90099e-09	0.0792079	9.90099e-09	1	0.122056	0.166045	0.666667	0.666667	0.666667	1	1	3325.26	1e+20	5.59777e+07	72.7256	21.7169	29.6198	86.9547	11.5031	71.5444	
100000	-107951	-1226.41	-61185	-12464.5	0.174431	1	0.135453	14.7652	4.74486	0.0217919	19.994	0.247632	4540	99	536	-26008.2	54.8244f	83.3058	4	1	1	0.049505	0.168317	0.009901	9.90099e-09	0	0	0	0	0.854545	0.940659	0.232967	0.568807	0.916484	9.90099e-09	0.0792079	9.90099e-09	1	0.145055	0.190299	0.666667	0.666667	0.666667	1	1	3325.26	1e+20	5.59777e+07	72.7256	21.7169	29.6198	86.9547	54.8244	83.3058	
101000	-106269	-1226.41	-59502.9	-12178.9	0.167398	1	0.148467	13.471	4.99104	0.0141356	19.994	0.214782	4378	99	543	-26008.2	71.3978f	65.9269	4	1	1	0.049505	0.168317	0.009901	9.90099e-09	0	0	0	0	0.818182	0.965986	0.238636	0.491379	0.840909	9.90099e-09	0.0792079	9.90099e-09	1	0.120181	0.21982	0.666667	0.666667	0.666667	1	1	3325.26	1e+20	5.59777e+07	88.5241	46.0939	29.6198	86.9547	71.3978	65.9269	
102000	-104574	-1226.41	-57808	-11946.5	0.167398	1	0.150417	13.2964	5.05659	0.00924343	19.994	0.20925	4248	99	519	-26008.2	38.0851f	68.5032	4	1	1	0.049505	0.168317	0.009901	9.90099e-09	0	0	0	0	0.836364	0.960373	0.255869	0.522124	0.891204	9.90099e-09	0.0792079	9.90099e-09	1	0.126761	0.179191	0.666667	0.666667	0.666667	1	1	3325.26	1e+20	5.59777e+07	97.5562	34.0185	29.6198	86.9547	38.0851	68.5032	
103000	-104637	-1226.41	-57870.9	-12009.1	0.167398	1	0.139394	14.3478	4.68602	0.00149555	19.994	0.243653	4283	99	486	-26008.2	46.1408f	57.3347	4	1	1	0.049505	0.168317	0.009901	9.90099e-09	0	0	0	0	0.854545	0.946262	0.207944	0.463636	0.871495	9.90099e-09	0.0792079	9.90099e-09	1	0.165888	0.198783	0.666667	0.666667	0.666667	1	1	3325.26	1e+20	5.59777e+07	97.5562	34.0185	29.6198	86.9547	46.1408	57.3347	
104000	-107733	-1226.41	-60966.4	-12417.5	0.171801	1	0.129867	15.4004	4.48058	0.0235435	19.994	0.273519	4513	99	540	-26008.2	43.5157f	84.5119	4	1	1	0.049505	0.168317	0.009901	9.90099e-09	0	0	0	0	0.845455	0.954853	0.253333	0.486486	0.857461	9.90099e-09	0.0792079	9.90099e-09	1	0.131403	0.180198	0.666667	0.666667	0.666667	1	1	3325.26	1e+20	5.59777e+07	97.5562	34.0185	33.1319	80.3775	43.5157	84.5119	
105000	-108800	-1226.41	-62033.8	-12653.3	0.174091	1	0.130745	15.297	4.57096	0.0155199	19.994	0.266311	4648	99	500	-26008.2	53.3397f	78.1668	4	1	1	0.049505	0.168317	0.009901	9.90099e-09	0	0	0	0	0.863636	0.950431	0.257511	0.528846	0.864224	9.90099e-09	0.0891089	9.90099e-09	1	0.126882	0.204	0.666667	0.666667	0.666667	1	1	3325.26	1e+20	5.59777e+07	52.5751	3.6097	33.1319	80.3775	53.3397	78.1668	
106000	-108616	-1226.41	-61849.9	-12659.8	0.186834	1	0.118864	16.8259	4.45981	0.0756439	19.994	0.300229	4650	99	484	-26008.2	1.90885f	90.8199	4	1	1	0.0594059	0.168317	9.90099e-09	9.90099e-09	0	0	0	0	0.881818	0.950644	0.221983	0.554795	0.914163	9.90099e-09	0.0891089	9.90099e-09	1	0.103448	0.221294	0.666667	0.666667	0.666667	1	1	3325.26	1e+20	5.59777e+07	80.0318	16.671	33.1319	80.3775	1.90885	90.8199	
107000	-109960	-1226.41	-63193.2	-12828.1	0.183847	1	0.132528	15.0911	4.84628	0.00603417	19.9461	0.247801	4751	99	508	-26008.2	52.8697f	33.3383	4	1	1	0.0594059	0.188119	9.90099e-09	9.90099e-09	0	0	0	0	0.836364	0.953878	0.255765	0.533333	0.886792	9.90099e-09	0.0891089	9.90099e-09	1	0.128151	0.187123	0.666667	0.666667	0.666667	1	1	3325.26	1e+20	5.59777e+07	80.0318	16.671	33.1319	80.3775	52.8697	33.3383	
108000	-112512	-1226.41	-65745.5	-13222.2	0.194186	1	0.112214	17.8231	4.33419	0.0532239	19.9461	0.327239	4986	99	505	-26008.2	12.9513f	87.8145	4	1	1	0.0594059	0.188119	9.90099e-09	9.90099e-09	0	0	0	0	0.918182	0.942231	0.25	0.517007	0.889336	9.90099e-09	0.0891089	9.90099e-09	1	0.108216	0.162839	0.666667	0.666667	0.666667	1	1	3325.26	1e+20	5.59777e+07	80.0318	16.671	33.1319	80.3775	12.9513	87.8145	
109000	-112810	-1226.41	-66044	-13245.1	0.190295	1	0.121552	16.4538	4.6008	0.00144137	19.9461	0.284593	5000	99	514	-26008.2	46.0701f	43.476	4	1	1	0.0594059	0.188119	9.90099e-09	9.90099e-09	0	0	0	0	0.845455	0.968254	0.215139	0.504587	0.886454	9.90099e-09	0.0891089	9.90099e-09	1	0.0956175	0.184644	0.666667	0.666667	0.666667	1	1	3325.26	1e+20	5.59777e+07	80.0318	16.671	33.1319	80.3775	46.0701	43.476	
110000	-111175	-1226.41	-64408.6	-12923.3	0.190295	1	0.141343	14.15	5.34988	0.0339511	19.9461	0.210476	4806	99	561	-26008.2	8.02745f	54.8276	4	1	1	0.0594059	0.188119	9.90099e-09	9.90099e-09	0	0	0	0	0.836364	0.94824	0.236515	0.530973	0.861284	9.90099e-09	0.0891089	9.90099e-09	1	0.122407	0.207721	0.666667	0.666667	0.666667	1	1	3325.26	1e+20	5.59777e+07	80.0318	16.671	33.1319	80.3775	8.02745	54.8276	
111000	-111557	-1226.41	-64790.3	-13059.2	0.189765	1	0.129826	15.4053	4.90027	0.0304484	19.9461	0.250172	4888	99	516	-26008.2	10.0183f	50.0728	4	1	1	0.0594059	0.188119	0.009901	9.90099e-09	0	0	0	0	0.872727	0.961224	0.212679	0.533981	0.871166	9.90099e-09	0.049505	9.90099e-09	1	0.118367	0.191406	0.666667	0.666667	0.666667	1	1	3325.26	1e+20	5.59777e+07	80.0318	16.671	33.1319	80.3775	10.0183	50.0728	
112000	-111767	-1226.41	-65000.7	-13070.8	0.189765	1	0.126876	15.7634	4.48371	0.0197245	19.6204	0.279771	4895	99	528	-26008.2	23.9263f	68.9983	4	1	1	0.0792079	0.188119	0.009901	9.90099e-09	0	0	0	0	0.863636	0.953061	0.229675	0.53211	0.857434	9.90099e-09	0.049505	9.90099e-09	1	0.136179	0.178182	0.666667	0.666667	0.666667	1	1	3325.26	1e+20	5.59777e+07	80.0318	16.671	33.1319	80.3775	23.9263	68.9983	
113000	-112041	-1226.41	-65274.7	-13074.1	0.189765	1	0.141987	14.0858	4.8312	0.0222662	19.4355	0.232015	4897	99	553	-26008.2	52.2245f	83.9805	4	1	1	0.0792079	0.237624	0.009901	9.90099e-09	0	0	0	0	0.809091	0.947262	0.261134	0.449153	0.878543	9.90099e-09	0.049505	9.90099e-09	1	0.114286	0.187175	0.666667	0.666667	0.666667	1	1	3325.26	1e+20	5.59777e+07	80.9151	18.9114	33.1319	80.3775	52.2245	83.9805	
114000	-112607	-1226.41	-65840.6	-13130.6	0.189765	1	0.140747	14.2099	5.16496	0.0369678	19.8062	0.218934	4931	99	569	-26008.2	29.775f	89.1875	4	1	1	0.0792079	0.237624	0.009901	9.90099e-09	0	0	0	0	0.845455	0.937374	0.226721	0.579832	0.874747	9.90099e-09	0.049505	9.90099e-09	1	0.0949495	0.148342	0.666667	0.666667	0.666667	1	1	3325.26	1e+20	5.59777e+07	80.9151	18.9114	33.1319	80.3775	29.775	89.1875	
115000	-111750	-1226.41	-64983.5	-13110.7	0.189765	1	0.125975	15.8762	4.32059	0.00359315	19.4741	0.292411	4919	99	503	-26008.2	50.3901f	63.3336	4	1	1	0.0792079	0.237624	0.009901	9.90099e-09	0	0	0	0	0.809091	0.969512	0.263265	0.485437	0.907598	9.90099e-09	0.049505	9.90099e-09	1	0.123984	0.184109	0.666667	0.666667	0.666667	1	1	3325.26	1e+20	5.59777e+07	80.9151	18.9114	33.1319	80.3775	50.3901	63.3336	
116000	-113877	-1226.41	-67111.1	-13336	0.188451	1	0.137615	14.5333	4.68715	0.0425424	19.4741	0.246743	5054	99	563	-26008.2	12.2144f	78.5385	4	1	1	0.0792079	0.237624	0.009901	9.90099e-09	0	0	0	0	0.872727	0.952096	0.230616	0.552632	0.884232	9.90099e-09	0.049505	9.90099e-09	1	0.123752	0.182301	0.666667	0.666667	0.666667	1	1	3325.26	1e+20	5.59777e+07	80.9151	18.9114	33.1319	80.3775	12.2144	78.5385	
117000	-113192	-1226.41	-66425.3	-13205.2	0.191316	1	0.14172	14.1123	4.90034	0.0191249	19.4741	0.229172	4976	99	576	-26008.2	74.9997f	68.5684	4	1	1	0.0792079	0.237624	0.0693069	9.90099e-09	0	0	0	0	0.8	0.939638	0.237425	0.486957	0.89759	0.009901	0.0792079	9.90099e-09	1	0.108434	0.185764	0.666667	0.666667	0.666667	1	1	3325.26	1e+20	5.59777e+07	80.9151	18.9114	33.1319	80.3775	74.9997	68.5684	
118000	-113132	-1226.41	-66365.7	-13242.6	0.196047	1	0.127852	15.6431	4.97182	0.021304	19.9324	0.250378	4998	99	545	-26008.2	32.2767f	78.4206	4	1	1	0.049505	0.138614	0.0693069	9.90099e-09	0	0	0	0	0.790909	0.93988	0.298	0.605263	0.851107	0.009901	0.0792079	9.90099e-09	1	0.129741	0.174312	0.666667	0.666667	0.666667	1	1	3325.26	1e+20	5.59777e+07	80.9151	18.9114	33.1319	80.3775	32.2767	78.4206	
119000	-114971	-1226.41	-68204.5	-13467.4	0.196047	1	0.128952	15.5097	5.07038	0.0472282	19.9876	0.243417	5136	99	574	-26008.2	40.1662f	98.7766	4	1	1	0.049505	0.138614	0.0693069	9.90099e-09	0	0	0	0	0.854545	0.941176	0.245136	0.66055	0.892157	0.009901	0.0792079	9.90099e-09	1	0.13035	0.19788	0.666667	0.666667	0.666667	1	1	3325.26	1e+20	5.59777e+07	53.6575	2.95602	33.1319	80.3775	40.1662	98.7766	
120000	-115090	-1226.41	-68323.2	-13470.7	0.196047	1	0.138479	14.4427	5.06611	0.0352885	19.6304	0.226863	5138	99	587	-26008.2	8.61235f	62.0545	4	1	1	0.049505	0.138614	0.0693069	9.90099e-09	0	0	0	0	0.8	0.955426	0.233918	0.487603	0.883041	0.009901	0.0792079	9.90099e-09	1	0.106178	0.206133	0.666667	0.666667	0.666667	1	1	3325.26	1e+20	5.59777e+07	53.6575	2.95602	33.1319	80.3775	8.61235	62.0545	
121000	-113827	-1226.41	-67060.5	-13307.8	0.196047	1	0.143175	13.9689	5.23791	0.0262954	19.6304	0.212224	5038	99	571	-26008.2	36.8991f	84.7837	4	1	1	0.049505	0.138614	0.0693069	9.90099e-09	0	0	0	0	0.790909	0.956262	0.230616	0.495727	0.864542	0.009901	0.0792079	9.90099e-09	1	0.139165	0.188925	0.666667	0.666667	0.666667	1	1	3325.26	1e+20	5.59777e+07	53.6575	2.95602	33.1319	80.3775	36.8991	84.7837	
122000	-114380	-1226.41	-67613.5	-13292.7	0.192567	1	0.15386	12.9988	5.52891	0.0322817	19.6304	0.187092	5029	99	628	-26008.2	56.6315f	90.4587	4	1	1	0.049505	0.138614	0.0693069	0.009901	0	0	0	0	0.845455	0.942346	0.257426	0.587302	0.875248	0.009901	0.0792079	9.90099e-09	1	0.147117	0.18328	0.666667	0.666667	0.666667	1	1	3325.26	1e+20	5.59777e+07	53.6575	2.95602	54.0173	60.9579	56.6315	90.4587	
123000	-114837	-1226.41	-68070.5	-13400.8	0.19456	1	0.153236	13.0518	5.56345	0.0223395	19.6304	0.186687	5095	99	610	-26008.2	82.8397f	43.8099	4	1	1	0.049505	0.138614	0.019802	0.009901	0	0	0	0	0.754545	0.95098	0.198428	0.616667	0.872549	0.009901	0.0792079	9.90099e-09	1	0.141176	0.175379	0.666667	0.666667	0.666667	1	1	3325.26	1e+20	5.59777e+07	53.6575	2.95602	54.0173	60.9579	82.8397	43.8099	
124000	-114639	-1226.41	-67872.5	-13389.2	0.195959	1	0.160478	12.4628	5.51086	0.00900454	19.3245	0.179964	5088	99	608	-26008.2	37.3142f	67.6374	4	1	1	0.039604	0.168317	0.019802	0.009901	0	0	0	0	0.8	0.937132	0.257367	0.541667	0.861328	0.009901	0.0792079	9.90099e-09	1	0.117878	0.1875	0.666667	0.666667	0.666667	1	1	3325.26	1e+20	5.59777e+07	60.4287	7.39722	54.0173	60.9579	37.3142	67.6374	
125000	-113640	-1226.41	-66873.3	-13294.3	0.194197	1	0.143702	13.9177	5.16344	0.030301	19.5887	0.214495	5030	99	565	-26008.2	78.9034f	23.7876	4	1	1	0.039604	0.168317	0.019802	0.009901	0	0	0	0	0.818182	0.954274	0.247505	0.5	0.878728	0.009901	0.0792079	9.90099e-09	1	0.113095	0.194139	0.666667	0.666667	0.666667	1	1	3325.26	1e+20	5.59777e+07	60.4287	7.39722	54.0173	60.9579	78.9034	23.7876	
126000	-114319	-1226.41	-67552.5	-13415.5	0.194431	1	0.13425	14.8976	4.82964	0.0305409	19.5887	0.245466	5104	99	556	-26008.2	36.9586f	12.7032	4	1	1	0.039604	0.168317	0.019802	0.009901	0	0	0	0	0.854545	0.933594	0.284314	0.422018	0.909449	0.009901	0.0792079	9.90099e-09	1	0.121331	0.180077	0.666667	0.666667	0.666667	1	1	3325.26	1e+20	5.59777e+07	60.4287	7.39722	54.0173	60.9579	36.9586	12.7032	
127000	-114181	-1226.41	-67414.6	-13379.5	0.194431	1	0.130964	15.2713	4.71143	0.0246577	19.5887	0.257938	5082	99	556	-26008.2	79.043f	30.2754	4	1	1	0.039604	0.168317	0.019802	0.009901	0	0	0	0	0.9	0.958333	0.183432	0.504587	0.873267	0.009901	0.0792079	9.90099e-09	1	0.104126	0.206642	0.666667	0.666667	0.666667	1	1	3325.26	1e+20	5.59777e+07	60.4287	7.39722	54.0173	60.9579	79.043	30.2754	
128000	-115059	-1226.41	-68292.8	-13531.8	0.194431	1	0.143795	13.9086	5.46363	0.00565404	19.8582	0.202579	5175	99	550	-26008.2	46.1269f	66.5922	4	1	1	0.039604	0.168317	0.019802	0.009901	0	0	0	0	0.854545	0.957529	0.248077	0.526316	0.864078	9.90099e-09	0.0792079	9.90099e-09	1	0.138462	0.180505	0.666667	0.666667	0.666667	1	1	3325.26	1e+20	5.59777e+07	60.4287	7.39722	54.0173	60.9579	46.1269	66.5922	
129000	-114394	-1226.41	-67628	-13402.4	0.194431	1	0.143228	13.9638	5.44206	0.00443094	19.8582	0.204188	5096	99	568	-26008.2	36.696f	43.3873	4	1	1	0.039604	0.19802	0.019802	0.009901	0	0	0	0	0.854545	0.948819	0.24558	0.615385	0.891945	9.90099e-09	0.0792079	9.90099e-09	1	0.145098	0.167549	0.666667	0.666667	0.666667	1	1	3325.26	1e+20	5.59777e+07	60.4287	7.39722	29.4169	23.7887	36.696	43.3873	
130000	-114160	-1226.41	-67393.2	-13364.7	0.194431	1	0.130066	15.3768	4.94198	0.0655122	19.8582	0.247602	5073	99	568	-26008.2	4.42134f	13.5516	4	1	1	0.039604	0.19802	0.0693069	0.009901	0	0	0	0	0.836364	0.950495	0.232742	0.445455	0.898	9.90099e-09	0.0891089	9.90099e-09	1	0.117296	0.216117	0.666667	0.666667	0.666667	1	1	3325.26	1e+20	5.59777e+07	3.55447	11.1391	12.7964	17.9664	4.42134	13.5516	
131000	-118697	-1226.41	-71931.1	-14017.6	0.205052	1	0.118177	16.9238	4.73551	0.00964369	19.8582	0.284394	5481	99	572	-26008.2	27.8165f	47.0447	4	1	1	0.039604	0.19802	0.0693069	0.009901	0	0	0	0	0.790909	0.963702	0.253623	0.512821	0.868852	9.90099e-09	0.0891089	9.90099e-09	1	0.12204	0.206957	0.666667	0.666667	0.666667	1	1	3325.26	1e+20	5.59777e+07	74.9078	23.5689	12.7964	17.9664	27.8165	47.0447	
132000	-116434	-1226.41	-69667.8	-13667.8	0.20837	1	0.129098	15.4921	5.25686	0.0375064	19.8582	0.234516	5259	99	586	-26008.2	6.38247f	58.4125	4	1	1	0.039604	0.19802	0.0693069	0.009901	0	0	0	0	0.845455	0.949153	0.203422	0.614679	0.883895	9.90099e-09	0.0891089	9.90099e-09	1	0.131086	0.217608	0.666667	0.666667	0.666667	1	1	3325.26	1e+20	5.59777e+07	74.9078	23.5689	12.7964	17.9664	6.38247	58.4125	
133000	-118321	-1226.41	-71554.9	-13961.1	0.20837	1	0.127189	15.7246	5.17913	0.0208161	19.8582	0.241608	5446	99	575	-26008.2	76.6705f	31.9936	4	1	1	0.039604	0.19802	0.0693069	0.009901	0	0	0	0	0.9	0.957486	0.261111	0.504202	0.863216	9.90099e-09	0.0891089	9.90099e-09	1	0.124771	0.188648	0.666667	0.666667	0.666667	1	1	3325.26	1e+20	5.59777e+07	74.9078	23.5689	57.5137	31.8699	76.6705	31.9936	
134000	-118773	-1226.41	-72006.2	-14083.9	0.217408	1	0.11753	17.017	4.99338	0.0312701	19.8582	0.271193	5524	99	536	-26008.2	83.5576f	28.8789	4	1	1	0.039604	0.19802	0.0693069	9.90099e-09	0	0	0	0	0.809091	0.953069	0.248649	0.473684	0.877034	9.90099e-09	0.0891089	9.90099e-09	1	0.124774	0.2	0.666667	0.666667	0.666667	1	1	3325.26	1e+20	5.59777e+07	74.9078	23.5689	57.5137	31.8699	83.5576	28.8789	
135000	-121439	-1226.41	-74672.1	-14402.8	0.217408	1	0.116319	17.1942	5.02459	0.00658011	19.9408	0.272314	5733	99	573	-26008.2	63.7053f	38.9888	4	1	1	0.039604	0.19802	0.0693069	9.90099e-09	0	0	0	0	0.790909	0.956597	0.266551	0.535714	0.890244	9.90099e-09	0.0891089	9.90099e-09	1	0.130662	0.209424	0.666667	0.666667	0.666667	1	1	3325.26	1e+20	5.59777e+07	74.9078	23.5689	57.5137	31.8699	63.7053	38.9888	
136000	-122454	-1226.41	-75688	-14509	0.218389	1	0.128961	15.5085	4.64923	0.0412566	19.038	0.265449	5803	99	607	-26008.2	83.2519f	18.6887	4	1	1	0.039604	0.148515	0.029703	9.90099e-09	0	0	0	0	0.818182	0.950172	0.247405	0.534483	0.894464	9.90099e-09	0.128713	9.90099e-09	1	0.0962199	0.178876	0.666667	0.666667	0.666667	1	1	3325.26	1e+20	5.59777e+07	74.9078	23.5689	57.5137	31.8699	83.2519	18.6887	
137000	-121674	-1226.41	-74907.7	-14414.5	0.221824	1	0.128961	15.5085	5.70481	0.0011888	19.9591	0.216332	5741	99	593	-26008.2	54.8508f	54.5693	4	1	1	0.0594059	0.148515	0.029703	9.90099e-09	0	0	0	0	0.763636	0.944154	0.230503	0.552	0.884283	9.90099e-09	0.128713	9.90099e-09	1	0.114783	0.216807	0.666667	0.666667	0.666667	1	1	3325.26	1e+20	5.59777e+07	74.9078	23.5689	57.5137	31.8699	54.8508	54.5693	
138000	-122132	-1226.41	-75365.5	-14459.6	0.221824	1	0.118752	16.8418	5.25319	0.00663736	19.9591	0.255127	5771	99	599	-26008.2	65.0713f	59.785	4	1	1	0.0594059	0.148515	0.029703	9.90099e-09	0	0	0	0	0.827273	0.962069	0.238754	0.520661	0.903282	9.90099e-09	0.128713	9.90099e-09	1	0.124352	0.206612	0.666667	0.666667	0.666667	1	1	3325.26	1e+20	5.59777e+07	74.9078	23.5689	57.5137	31.8699	65.0713	59.785	
139000	-122125	-1226.41	-75358.9	-14502	0.225302	1	0.114407	17.4815	5.14032	0.0109491	19.9591	0.270631	5799	99	574	-26008.2	44.3704f	27.3511	4	1	1	0.0594059	0.148515	0.029703	9.90099e-09	0	0	0	0	0.854545	0.967241	0.246552	0.566372	0.885017	9.90099e-09	0.128713	9.90099e-09	1	0.0896552	0.192644	0.666667	0.666667	0.666667	1	1	3325.26	1e+20	5.59777e+07	74.9078	23.5689	33.0181	30.4295	44.3704	27.3511	
140000	-124304	-1226.41	-77537.8	-14739	0.225302	1	0.123423	16.2045	5.54541	0.0373254	19.9591	0.232537	5958	99	620	-26008.2	27.8992f	12.1543	4	1	1	0.0594059	0.148515	0.029703	9.90099e-09	0	0	0	0	0.827273	0.959528	0.262626	0.491803	0.901861	9.90099e-09	0.128713	9.90099e-09	1	0.125212	0.166667	0.666667	0.666667	0.666667	1	1	3325.26	1e+20	5.59777e+07	74.9078	23.5689	33.0181	30.4295	27.8992	12.1543	
141000	-122073	-1226.41	-75307.1	-14514.5	0.227071	1	0.112685	17.7486	5.10272	0.0442536	19.9591	0.276791	5807	99	556	-26008.2	29.8732f	6.74022	4	1	1	0.0594059	0.148515	0.039604	9.90099e-09	0	0	0	0	0.818182	0.951724	0.182444	0.539823	0.913644	9.90099e-09	0.128713	9.90099e-09	1	0.130809	0.197531	0.666667	0.666667	0.666667	1	1	3325.26	1e+20	5.59777e+07	74.9078	23.5689	33.0181	30.4295	29.8732	6.74022	
142000	-122462	-1226.41	-75695.6	-14548.6	0.227071	1	0.110028	18.1772	4.9824	0.0517504	19.9591	0.290321	5830	99	571	-26008.2	26.6042f	3.95617	4	1	1	0.029703	0.148515	0.039604	9.90099e-09	0	0	0	0	0.827273	0.962329	0.249147	0.447368	0.893939	9.90099e-09	0.128713	9.90099e-09	1	0.101027	0.194396	0.666667	0.666667	0.666667	1	1	3325.26	1e+20	5.59777e+07	74.9078	23.5689	33.4174	25.945	26.6042	3.95617	
143000	-124197	-1226.41	-77430.8	-14693.9	0.227071	1	0.121561	16.4526	5.50467	0.0140889	19.9591	0.237844	5928	99	633	-26008.2	74.9589f	58.9099	4	1	1	0.029703	0.188119	0.039604	9.90099e-09	0	0	0	0	0.890909	0.959184	0.267797	0.568	0.890203	9.90099e-09	0.118812	9.90099e-09	1	0.115646	0.181534	0.666667	0.666667	0.666667	1	1	3325.26	1e+20	5.59777e+07	74.9078	23.5689	33.4174	25.945	74.9589	58.9099	
144000	-123014	-1226.41	-76247.5	-14613.9	0.227071	1	0.117938	16.9581	5.10161	0.0429182	19.732	0.26452	5874	99	582	-26008.2	14.7946f	18.5982	4	1	1	0.029703	0.188119	0.039604	9.90099e-09	0	0	0	0	0.790909	0.964164	0.229983	0.447368	0.896785	9.90099e-09	0.118812	9.90099e-09	1	0.088586	0.178634	0.666667	0.666667	0.666667	1	1	3325.26	1e+20	5.59777e+07	74.9078	23.5689	33.4174	25.945	14.7946	18.5982	
145000	-123745	-1226.41	-76978.4	-14722.1	0.227071	1	0.12256	16.3186	5.31455	0.00619501	19.7441	0.244347	5947	99	575	-26008.2	64.8723f	41.7221	4	1	1	0.029703	0.188119	0.039604	9.90099e-09	0	0	0	0	0.827273	0.959732	0.261307	0.504425	0.897306	9.90099e-09	0.118812	9.90099e-09	1	0.104027	0.173675	0.666667	0.666667	0.666667	1	1	3325.26	1e+20	5.59777e+07	74.9078	23.5689	33.4174	25.945	64.8723	41.7221	
146000	-125183	-1226.41	-78417.1	-14776.5	0.229253	1	0.136426	14.66	5.97268	0.000968421	19.7441	0.195323	5984	99	671	-26008.2	55.1778f	48.4549	4	1	1	0.029703	0.188119	0.039604	9.90099e-09	0	0	0	0	0.890909	0.956811	0.263773	0.585185	0.860233	9.90099e-09	0.118812	9.90099e-09	1	0.131886	0.170579	0.666667	0.666667	0.666667	1	1	3325.26	1e+20	5.59777e+07	70.3411	11.7686	33.4174	25.945	55.1778	48.4549	
147000	-126280	-1226.41	-79513.7	-14947.3	0.229253	1	0.129356	15.4612	5.66317	0.000480716	19.7441	0.217257	6100	99	653	-26008.2	46.6205f	50.2902	4	1	1	0.029703	0.188119	0.039604	9.90099e-09	0	0	0	0	0.781818	0.957586	0.235294	0.619048	0.907591	9.90099e-09	0.118812	9.90099e-09	1	0.139116	0.175041	0.666667	0.666667	0.666667	1	1	3325.26	1e+20	5.59777e+07	70.3411	11.7686	33.4174	25.945	46.6205	50.2902	
148000	-124343	-1226.41	-77576.2	-14723.4	0.229246	1	0.131405	15.2201	5.71361	0.0349852	19.7104	0.211981	5948	99	634	-26008.2	10.5204f	33.6864	4	1	1	0.029703	0.188119	0.019802	9.90099e-09	0	0	0	0	0.790909	0.961214	0.261383	0.552	0.888889	9.90099e-09	0.118812	9.90099e-09	1	0.109612	0.192188	0.666667	0.666667	0.666667	1	1	3325.26	1e+20	5.59777e+07	70.3411	11.7686	33.4174	25.945	10.5204	33.6864	
149000	-122676	-1226.41	-75909.6	-14516.9	0.228753	1	0.132466	15.0983	5.7473	0.0108529	19.7104	0.209051	5808	99	617	-26008.2	40.1404f	28.8673	4	1	1	0.029703	0.227723	0.019802	9.90099e-09	0	0	0	0	0.854545	0.930796	0.236207	0.471074	0.86964	9.90099e-09	0.0792079	9.90099e-09	1	0.121107	0.207237	0.666667	0.666667	0.666667	1	1	3325.26	1e+20	5.59777e+07	74.1121	14.3138	33.4174	25.945	40.1404	28.8673	
150000	-122739	-1226.41	-75972.7	-14554.2	0.22559	1	0.126359	15.8279	5.15929	0.0166432	19.4811	0.244132	5834	99	598	-26008.2	30.8263f	27.9982	4	1	1	0.029703	0.227723	0.019802	9.90099e-09	0	0	0	0	0.8	0.950172	0.22089	0.540323	0.864726	9.90099e-09	0.0792079	9.90099e-09	1	0.107877	0.167224	0.666667	0.666667	0.666667	1	1	3325.26	1e+20	5.59777e+07	66.9515	8.18768	33.4174	25.945	30.8263	27.9982	
151000	-125252	-1226.41	-78486	-14835.2	0.230393	1	0.136651	14.6359	5.45322	0.035172	19.2682	0.213578	6024	99	639	-26008.2	9.16545f	36.9633	4	1	1	0.029703	0.227723	0.019802	9.90099e-09	0	0	0	0	0.772727	0.95	0.223881	0.527559	0.908333	9.90099e-09	0.0792079	9.90099e-09	1	0.109453	0.189189	0.666667	0.666667	0.666667	1	1	3325.26	1e+20	5.59777e+07	66.9515	8.18768	33.4174	25.945	9.16545	36.9633	
152000	-124274	-1226.41	-77507.5	-14820.5	0.231882	1	0.120197	16.6394	4.82761	0.00535753	19.2682	0.274281	6014	99	562	-26008.2	35.5271f	42.2718	4	1	1	0.029703	0.227723	0.019802	9.90099e-09	0	0	0	0	0.781818	0.96173	0.238333	0.486957	0.90183	9.90099e-09	0.0792079	9.90099e-09	1	0.0998336	0.169039	0.666667	0.666667	0.666667	1	1	3325.26	1e+20	5.59777e+07	58.0481	4.39079	33.4174	25.945	35.5271	42.2718	
153000	-125835	-1226.41	-79068.5	-15051.4	0.231882	1	0.113228	17.6635	4.37427	0.0556896	19.0818	0.321337	6172	99	549	-26008.2	23.4467f	3.42358	4	1	1	0.029703	0.227723	0.019802	9.90099e-09	0	0	0	0	0.818182	0.960912	0.236629	0.518182	0.906149	0.009901	0.0792079	9.90099e-09	1	0.0987055	0.16426	0.666667	0.666667	0.666667	1	1	3325.26	1e+20	5.59777e+07	61.9821	27.4873	33.4174	25.945	23.4467	3.42358	
154000	-125905	-1226.41	-79138.9	-15068.5	0.236612	1	0.112831	17.7256	4.16478	0.0199266	18.7707	0.338688	6185	99	543	-26008.2	24.6262f	30.3827	4	1	1	0.029703	0.227723	0.019802	9.90099e-09	0	0	0	0	0.809091	0.965798	0.236156	0.570093	0.901639	0.009901	0.0792079	9.90099e-09	1	0.103393	0.163148	0.666667	0.666667	0.666667	1	1	3325.26	1e+20	5.59777e+07	48.4294	16.662	33.4174	25.945	24.6262	30.3827	
155000	-124564	-1226.41	-77797.9	-14914.3	0.236612	1	0.113218	17.665	3.9969	0.00609303	18.5627	0.351706	6078	99	529	-26008.2	32.6012f	53.676	4	1	1	0.049505	0.237624	0.0693069	9.90099e-09	0	0	0	0	0.790909	0.957096	0.208264	0.486957	0.908795	0.009901	0.0990099	9.90099e-09	1	0.0942149	0.182444	0.666667	0.666667	0.666667	1	1	3325.26	1e+20	5.59777e+07	48.4294	16.662	33.4174	25.945	32.6012	53.676	
156000	-125749	-1226.41	-78982.7	-15064.2	0.236612	1	0.120411	16.6098	4.3278	0.00702979	18.6461	0.305412	6182	99	539	-26008.2	51.3166f	31.6656	4	1	1	0.049505	0.237624	0.0693069	9.90099e-09	0	0	0	0	0.845455	0.956381	0.219355	0.436364	0.894992	0.009901	0.0990099	9.90099e-09	1	0.085622	0.165121	0.666667	0.666667	0.666667	1	1	3325.26	1e+20	5.59777e+07	48.4294	16.662	33.4174	25.945	51.3166	31.6656	
157000	-129989	-1226.41	-83222.6	-15486.7	0.243842	1	0.131775	15.1774	5.29725	0.00863764	19.0316	0.228002	6480	99	622	-26008.2	37.1725f	33.5978	4	1	1	0.049505	0.237624	0.0693069	9.90099e-09	0	0	0	0	0.836364	0.956656	0.261206	0.488	0.894737	0.009901	0.0990099	9.90099e-09	1	0.106317	0.194534	0.666667	0.666667	0.666667	1	1	3325.26	1e+20	5.59777e+07	48.4294	16.662	34.279	14.272	37.1725	33.5978	
158000	-127216	-1226.41	-80449.3	-15192.8	0.240221	1	0.127609	15.6728	5.21201	0.0204874	19.179	0.239294	6272	99	572	-26008.2	65.5768f	22.094	4	1	1	0.049505	0.237624	0.0693069	9.90099e-09	0	0	0	0	0.890909	0.957075	0.225755	0.462185	0.893482	0.009901	0.0990099	9.90099e-09	1	0.101749	0.215589	0.666667	0.666667	0.666667	1	1	3325.26	1e+20	5.59777e+07	48.4294	16.662	34.279	14.272	65.5768	22.094	
159000	-128548	-1226.41	-81781.9	-15329.8	0.240068	1	0.115913	17.2544	4.8252	0.0116707	19.2735	0.28456	6368	99	598	-26008.2	67.176f	33.4766	4	1	1	0.049505	0.237624	0.0693069	9.90099e-09	0	0	0	0	0.854545	0.946288	0.259843	0.547826	0.894819	0.009901	0.0990099	9.90099e-09	1	0.117739	0.168696	0.666667	0.666667	0.666667	1	1	3325.26	1e+20	5.59777e+07	48.4294	16.662	61.2403	31.2385	67.176	33.4766	
160000	-126778	-1226.41	-80011.8	-15122.9	0.240068	1	0.111797	17.8895	5.35023	0.000706777	19.9572	0.266083	6223	99	577	-26008.2	53.719f	52.2482	4	1	1	0.0792079	0.237624	0.0693069	9.90099e-09	0	0	0	0	0.854545	0.958333	0.270096	0.487179	0.904	0.009901	0.0990099	9.90099e-09	1	0.123794	0.194004	0.666667	0.666667	0.666667	1	1	3325.26	1e+20	5.59777e+07	36.4501	86.6051	37.9964	51.5988	53.719	52.2482	
161000	-128188	-1226.41	-81421.6	-15311.6	0.239468	1	0.109701	18.2313	5.23681	0.0114753	19.9572	0.27704	6355	99	580	-26008.2	26.4282f	43.7032	4	1	1	0.0792079	0.237624	0.0693069	9.90099e-09	0	0	0	0	0.836364	0.976378	0.25	0.645161	0.88522	0.009901	0.0990099	9.90099e-09	1	0.110236	0.199647	0.666667	0.666667	0.666667	1	1	3325.26	1e+20	5.59777e+07	68.2178	81.6671	37.9964	51.5988	26.4282	43.7032	
162000	-130532	-1226.41	-83766	-15440.7	0.248542	1	0.121307	16.4871	6.05907	0.0493369	19.9976	0.216535	6448	99	698	-26008.2	23.7614f	93.6677	4	1	1	0.0792079	0.128713	0.0693069	9.90099e-09	0	0	0	0	0.836364	0.962675	0.235569	0.430769	0.878931	0.009901	0.148515	9.90099e-09	1	0.142636	0.17378	0.666667	0.666667	0.666667	1	1	3325.26	1e+20	5.59777e+07	48.3022	26.168	33.2638	77.494	23.7614	93.6677	
163000	-128964	-1226.41	-82197.5	-15384.8	0.245889	1	0.117815	16.9757	5.82186	0.0234569	19.9976	0.232037	6408	99	599	-26008.2	30.8596f	79.4819	4	1	1	0.0792079	0.128713	0.0792079	9.90099e-09	0	0	0	0	0.881818	0.958009	0.24025	0.520661	0.901716	0.009901	0.148515	9.90099e-09	1	0.120125	0.193162	0.666667	0.666667	0.666667	1	1	3325.26	1e+20	5.59777e+07	40.3822	15.5717	33.2638	77.494	30.8596	79.4819	
164000	-129891	-1226.41	-83125.1	-15485.2	0.2491	1	0.113097	17.684	5.66168	0.0526729	19.9976	0.248556	6480	99	613	-26008.2	72.3105f	97.2817	4	1	1	0.0792079	0.128713	0.0792079	9.90099e-09	0	0	0	0	0.863636	0.969231	0.24424	0.584	0.901538	0.009901	0.148515	9.90099e-09	1	0.126154	0.19739	0.666667	0.666667	0.666667	1	1	3325.26	1e+20	5.59777e+07	40.3822	15.5717	69.0541	87.823	72.3105	97.2817	
165000	-130632	-1226.41	-83865.7	-15571.2	0.258948	1	0.108314	18.4649	5.63659	0.0561697	19.9976	0.260687	6540	99	617	-26008.2	88.5583f	87.5543	4	1	1	0.0792079	0.128713	0.0792079	9.90099e-09	0	0	0	0	0.872727	0.958841	0.225266	0.544715	0.90229	0.009901	0.148515	9.90099e-09	1	0.130898	0.2048	0.666667	0.666667	0.666667	1	1	3325.26	1e+20	5.59777e+07	40.3822	15.5717	66.2449	51.2953	88.5583	87.5543	
166000	-132248	-1226.41	-85481.3	-15737.3	0.253525	1	0.119502	16.7361	5.47447	0.0123247	19.4731	0.243278	6663	99	651	-26008.2	74.6023f	51.0313	4	1	1	0.0792079	0.128713	0.0792079	9.90099e-09	0	0	0	0	0.836364	0.965257	0.270677	0.540984	0.903759	0.009901	0.148515	9.90099e-09	1	0.0827068	0.2016	0.666667	0.666667	0.666667	1	1	3325.26	1e+20	5.59777e+07	40.3822	15.5717	72.1504	36.0465	74.6023	51.0313	
167000	-130506	-1226.41	-83739.7	-15527.4	0.253525	1	0.118454	16.8842	5.36857	0.0520448	19.4209	0.250272	6510	99	643	-26008.2	98.7217f	67.0023	4	1	1	0.128713	0.128713	0.0792079	9.90099e-09	0	0	0	0	0.836364	0.955994	0.205837	0.546875	0.892261	0.009901	0.148515	9.90099e-09	1	0.111963	0.193038	0.666667	0.666667	0.666667	1	1	3325.26	1e+20	5.59777e+07	40.3822	15.5717	62.1906	43.3119	98.7217	67.0023	
168000	-130241	-1226.41	-83474.5	-15511.9	0.252289	1	0.118454	16.8842	5.3424	0.00368291	19.4209	0.251498	6499	99	630	-26008.2	37.9385f	56.5493	4	1	1	0.128713	0.128713	0.0792079	9.90099e-09	0	0	0	0	0.763636	0.960366	0.208909	0.541985	0.90169	0.009901	0.118812	9.90099e-09	1	0.117557	0.224615	0.666667	0.666667	0.666667	1	1	3325.26	1e+20	5.59777e+07	82.8301	65.6315	46.9462	47.5694	37.9385	56.5493	
169000	-129013	-1226.41	-82246.8	-15401.7	0.252289	1	0.121708	16.4328	5.45968	0.00705478	19.3948	0.239517	6419	99	598	-26008.2	61.3877f	35.7165	4	1	1	0.128713	0.128713	0.029703	9.90099e-09	0	0	0	0	0.790909	0.950233	0.241002	0.491667	0.892523	0.009901	0.118812	9.90099e-09	1	0.0856698	0.194399	0.666667	0.666667	0.666667	1	1	3325.26	1e+20	5.59777e+07	82.8301	65.6315	46.9462	47.5694	61.3877	35.7165	
170000	-130422	-1226.41	-83655.7	-15502.2	0.252289	1	0.115343	17.3396	5.17416	0.0200589	19.3948	0.26668	6492	99	645	-26008.2	81.6508f	51.2369	4	1	1	0.128713	0.128713	0.029703	9.90099e-09	0	0	0	0	0.863636	0.932515	0.256135	0.568182	0.855828	0.009901	0.118812	9.90099e-09	1	0.138037	0.195751	0.666667	0.666667	0.666667	1	1	3325.26	1e+20	5.59777e+07	82.8301	65.6315	62.4122	45.5354	81.6508	51.2369	
171000	-130403	-1226.41	-83637.1	-15467.8	0.252289	1	0.12035	16.6182	5.39876	0.00334304	19.3948	0.244952	6467	99	670	-26008.2	37.0507f	50.0957	4	1	1	0.128713	0.128713	0.029703	9.90099e-09	0	0	0	0	0.818182	0.962848	0.256569	0.569231	0.876352	0.009901	0.118812	9.90099e-09	1	0.117465	0.168693	0.666667	0.666667	0.666667	1	1	3325.26	1e+20	5.59777e+07	91.4651	61.8819	62.4122	45.5354	37.0507	50.0957	
172000	-130522	-1226.41	-83755.2	-15506.9	0.253771	1	0.128676	15.5429	5.8062	0.0102646	19.3948	0.213025	6495	99	655	-26008.2	35.5436f	68.1725	4	1	1	0.128713	0.128713	0.029703	9.90099e-09	0	0	0	0	0.836364	0.956923	0.256569	0.52459	0.87057	0.009901	0.118812	9.90099e-09	1	0.0969231	0.188581	0.666667	0.666667	0.666667	1	1	3325.26	1e+20	5.59777e+07	93.4119	48.7149	25.0202	46.5498	35.5436	68.1725	
173000	-128462	-1226.41	-81695.7	-15333.1	0.247117	1	0.119845	16.6882	4.79932	0.0216511	18.9501	0.276706	6371	99	594	-26008.2	16.4827f	53.83	4	1	1	0.0594059	0.128713	0.029703	9.90099e-09	0	0	0	0	0.827273	0.948438	0.208791	0.542636	0.875981	0.009901	0.0891089	9.90099e-09	1	0.0971787	0.175698	0.666667	0.666667	0.666667	1	1	3325.26	1e+20	5.59777e+07	93.4119	48.7149	25.0202	46.5498	16.4827	53.83	
174000	-129288	-1226.41	-82521.6	-15409.9	0.247117	1	0.11519	17.3627	5.00945	0.0179521	19.3449	0.275814	6426	99	613	-26008.2	37.1529f	22.6723	4	1	1	0.0594059	0.128713	0.029703	9.90099e-09	0	0	0	0	0.836364	0.960938	0.207165	0.541667	0.898754	0.009901	0.0891089	9.90099e-09	1	0.109375	0.197731	0.666667	0.666667	0.666667	1	1	3325.26	1e+20	5.59777e+07	93.4119	48.7149	25.0202	46.5498	37.1529	22.6723	
175000	-128831	-1226.41	-82064.5	-15374.5	0.241788	1	0.115027	17.3872	4.89449	0.0405932	19.3449	0.282691	6400	99	597	-26008.2	17.3021f	17.8591	4	1	1	0.0594059	0.19802	0.049505	9.90099e-09	0	0	0	0	0.754545	0.971875	0.24337	0.536	0.903276	0.009901	0.0891089	9.90099e-09	1	0.107644	0.189456	0.666667	0.666667	0.666667	1	1	3325.26	1e+20	5.59777e+07	93.4119	48.7149	25.0202	46.5498	17.3021	17.8591	
176000	-127725	-1226.41	-80959	-15224	0.241788	1	0.110317	18.1295	4.68923	0.0351266	19.3399	0.307663	6294	99	597	-26008.2	11.4556f	69.1311	4	1	1	0.0594059	0.19802	0.049505	9.90099e-09	0	0	0	0	0.754545	0.966667	0.229794	0.409836	0.903175	0.009901	0.0891089	9.90099e-09	1	0.114286	0.167504	0.666667	0.666667	0.666667	1	1	3325.26	1e+20	5.59777e+07	93.4119	48.7149	25.0202	46.5498	11.4556	69.1311	
177000	-128112	-1226.41	-81345.3	-15302.1	0.241788	1	0.121326	16.4845	5.31762	0.0144323	19.4886	0.246688	6349	99	585	-26008.2	26.7268f	35.7634	4	1	1	0.0594059	0.19802	0.049505	9.90099e-09	0	0	0	0	0.845455	0.962323	0.207221	0.508333	0.902669	0.009901	0.0891089	9.90099e-09	1	0.1146	0.189744	0.666667	0.666667	0.666667	1	1	3325.26	1e+20	5.59777e+07	93.4119	48.7149	25.0202	46.5498	26.7268	35.7634	
178000	-130825	-1226.41	-84058.5	-15572.7	0.241021	1	0.12899	15.5051	5.46931	0.0222341	19.3432	0.225596	6539	99	640	-26008.2	15.8697f	48.9092	4	1	1	0.0594059	0.19802	0.049505	9.90099e-09	0	0	0	0	0.8	0.961774	0.253067	0.523077	0.883792	0.009901	0.0891089	9.90099e-09	1	0.116208	0.187697	0.666667	0.666667	0.666667	1	1	3325.26	1e+20	5.59777e+07	82.3752	65.1421	20.9389	44.9899	15.8697	48.9092	
179000	-128241	-1226.41	-81474.8	-15289.5	0.241021	1	0.12019	16.6403	5.50132	0.0476965	19.7166	0.240704	6340	99	600	-26008.2	16.8251f	13.0041	4	1	1	0.0594059	0.19802	0.049505	9.90099e-09	0	0	0	0	0.8	0.960254	0.224329	0.551724	0.888189	0.009901	0.0891089	9.90099e-09	1	0.096063	0.159794	0.666667	0.666667	0.666667	1	1	3325.26	1e+20	5.59777e+07	82.3752	65.1421	20.9389	44.9899	16.8251	13.0041	
180000	-126573	-1226.41	-79806.2	-15067.4	0.243521	1	0.126559	15.8029	5.85289	0.00801285	19.7166	0.214861	6183	99	607	-26008.2	35.7139f	35.8785	4	1	1	0.019802	0.19802	0.049505	9.90099e-09	0	0	0	0	0.8	0.956381	0.2288	0.532787	0.8944	0.009901	0.128713	9.90099e-09	1	0.101777	0.212072	0.666667	0.666667	0.666667	1	1	3325.26	1e+20	5.59777e+07	82.3752	65.1421	20.9389	44.9899	35.7139	35.8785	
181000	-128202	-1226.41	-81435.9	-15270.4	0.238894	1	0.126963	15.7526	4.87277	0.025623	18.9091	0.257256	6326	99	617	-26008.2	19.3066f	70.2434	4	1	1	0.019802	0.19802	0.049505	9.90099e-09	0	0	0	0	0.827273	0.957413	0.281646	0.552846	0.895404	0.009901	0.128713	9.90099e-09	1	0.100787	0.166392	0.666667	0.666667	0.666667	1	1	3325.26	1e+20	5.59777e+07	82.3752	65.1421	22.9368	66.0477	19.3066	70.2434	
182000	-126774	-1226.41	-80007.5	-15147.2	0.239394	1	0.119857	16.6865	4.50521	0.0107255	18.801	0.294741	6240	99	570	-26008.2	29.445f	61.9096	4	1	1	0.019802	0.19802	0.0693069	9.90099e-09	0	0	0	0	0.863636	0.946945	0.2256	0.452991	0.883683	0.009901	0.128713	9.90099e-09	1	0.1264	0.187708	0.666667	0.666667	0.666667	1	1	3325.26	1e+20	5.59777e+07	82.3752	65.1421	22.9368	66.0477	29.445	61.9096	
183000	-126649	-1226.41	-79883	-15137.8	0.243005	1	0.122041	16.388	4.65646	0.0182358	18.801	0.280066	6233	99	564	-26008.2	19.4654f	55.1486	4	1	1	0.019802	0.19802	0.0693069	9.90099e-09	0	0	0	0	0.836364	0.975728	0.210273	0.478632	0.902597	0.009901	0.128713	9.90099e-09	1	0.105769	0.191413	0.666667	0.666667	0.666667	1	1	3325.26	1e+20	5.59777e+07	82.3752	65.1421	12.6483	80.6025	19.4654	55.1486	
184000	-128652	-1226.41	-81886	-15315.9	0.243848	1	0.122041	16.388	5.02103	0.0349961	19.1421	0.259731	6359	99	621	-26008.2	8.97078f	62.637	4	1	1	0.019802	0.19802	0.0693069	9.90099e-09	0	0	0	0	0.818182	0.957413	0.240566	0.561983	0.894081	0.009901	0.128713	9.90099e-09	1	0.124606	0.190244	0.666667	0.666667	0.666667	1	1	3325.26	1e+20	5.59777e+07	82.3752	65.1421	12.6483	80.6025	8.97078	62.637	
185000	-129120	-1226.41	-82353.1	-15419.8	0.245932	1	0.125082	15.9895	4.94596	0.0429992	18.9129	0.257262	6433	99	596	-26008.2	15.0812f	82.3512	4	1	1	0.019802	0.19802	0.0693069	9.90099e-09	0	0	0	0	0.827273	0.951938	0.212403	0.448819	0.911353	0.009901	0.128713	9.90099e-09	1	0.107143	0.186386	0.666667	0.666667	0.666667	1	1	3325.26	1e+20	5.59777e+07	82.3752	65.1421	2.94699	89.4183	15.0812	82.3512	
186000	-129512	-1226.41	-82745.4	-15410.3	0.249806	1	0.13234	15.1126	5.12424	0.0255919	18.7405	0.234692	6426	99	645	-26008.2	24.3844f	76.3372	4	1	1	0.108911	0.19802	0.0693069	9.90099e-09	0	0	0	0	0.845455	0.948758	0.217729	0.585938	0.881804	0.009901	0.029703	9.90099e-09	1	0.124417	0.179528	0.666667	0.666667	0.666667	1	1	3325.26	1e+20	5.59777e+07	82.3752	65.1421	2.94699	89.4183	24.3844	76.3372	
187000	-132115	-1226.41	-85348.1	-15620.7	0.25191	1	0.141803	14.1041	5.65946	0.048226	18.8434	0.198317	6578	99	728	-26008.2	3.90197f	70.3611	4	1	1	0.108911	0.19802	0.0693069	9.90099e-09	0	0	0	0	0.809091	0.963303	0.248086	0.572464	0.865948	0.009901	0.029703	9.90099e-09	1	0.100309	0.183644	0.666667	0.666667	0.666667	1	1	3325.26	1e+20	5.59777e+07	82.3752	65.1421	2.94699	89.4183	3.90197	70.3611	
188000	-133401	-1226.41	-86634.2	-15745.3	0.254629	1	0.153376	13.0399	5.9948	0.00891644	18.695	0.173097	6669	99	756	-26008.2	31.3445f	60.9639	4	1	1	0.108911	0.158416	0.0792079	9.90099e-09	0	0	0	0	0.872727	0.953731	0.231689	0.476821	0.885417	0.009901	0.029703	9.90099e-09	1	0.122939	0.168188	0.666667	0.666667	0.666667	1	1	3325.26	1e+20	5.59777e+07	78.3564	44.7895	2.94699	89.4183	31.3445	60.9639	
189000	-133170	-1226.41	-86403.5	-15867	0.259228	1	0.135119	14.8018	5.66579	0.0326067	18.9415	0.207895	6759	99	646	-26008.2	8.69824f	52.7427	4	1	1	0.108911	0.158416	0.0792079	9.90099e-09	0	0	0	0	0.809091	0.976155	0.232249	0.584615	0.856509	0.009901	0.029703	9.90099e-09	1	0.0992593	0.179567	0.666667	0.666667	0.666667	1	1	3325.26	1e+20	5.59777e+07	93.0488	32.614	21.3306	62.8374	8.69824	52.7427	
190000	-131453	-1226.41	-84686.3	-15695.6	0.259228	1	0.124014	16.1272	5.54862	0.0556938	19.2511	0.231294	6632	99	616	-26008.2	28.2025f	1.06643	4	1	1	0.108911	0.158416	0.0792079	9.90099e-09	0	0	0	0	0.872727	0.959215	0.219549	0.460317	0.89759	0.009901	0.029703	9.90099e-09	1	0.111446	0.199675	0.666667	0.666667	0.666667	1	1	3325.26	1e+20	5.59777e+07	93.0488	32.614	39.4779	6.23685	28.2025	1.06643	
191000	-131126	-1226.41	-84359.3	-15657.3	0.249658	1	0.122575	16.3166	4.67805	0.0258401	18.6757	0.277558	6604	99	609	-26008.2	50.4558f	13.853	4	1	1	0.108911	0.158416	0.0792079	0.009901	0	0	0	0	0.836364	0.971125	0.2118	0.492063	0.8941	0.009901	0.029703	9.90099e-09	1	0.113464	0.164782	0.666667	0.666667	0.666667	1	1	3325.26	1e+20	5.59777e+07	93.0488	32.614	39.4779	6.23685	50.4558	13.853	
192000	-132073	-1226.41	-85306.8	-15742.5	0.257366	1	0.138209	14.4708	5.43758	0.0352106	18.6757	0.211776	6667	99	645	-26008.2	30.0368f	12.4405	4	1	1	0.108911	0.158416	0.0792079	0.009901	0	0	0	0	0.818182	0.962406	0.246988	0.484615	0.900752	0.009901	0.138614	9.90099e-09	1	0.10045	0.136434	0.666667	0.666667	0.666667	1	1	3325.26	1e+20	5.59777e+07	93.0488	32.614	39.4779	6.23685	30.0368	12.4405	
193000	-131715	-1226.41	-84949.1	-15677.3	0.257366	1	0.132666	15.0755	5.21948	0.0153138	18.6757	0.229844	6619	99	653	-26008.2	39.0375f	24.4269	4	1	1	0.0693069	0.158416	0.0792079	0.009901	0	0	0	0	0.827273	0.959091	0.222727	0.515152	0.888889	0.009901	0.138614	9.90099e-09	1	0.092145	0.179104	0.666667	0.666667	0.666667	1	1	3325.26	1e+20	5.59777e+07	93.0488	32.614	39.4779	6.23685	39.0375	24.4269	
194000	-134674	-1226.41	-87907.8	-16005	0.263452	1	0.123717	16.166	4.9825	0.0353573	18.6757	0.258193	6862	99	685	-26008.2	59.7536f	8.80961	4	1	1	0.0693069	0.188119	0.0792079	0.009901	0	0	0	0	0.827273	0.957787	0.248908	0.470588	0.887918	0.009901	0.138614	9.90099e-09	1	0.128093	0.178363	0.666667	0.666667	0.666667	1	1	3325.26	1e+20	5.59777e+07	93.0488	32.614	39.4779	6.23685	59.7536	8.80961	
195000	-133283	-1226.41	-86516.7	-15934.4	0.263653	1	0.122044	16.3875	4.9896	0.000813565	18.7425	0.261359	6809	99	616	-26008.2	54.4159f	48.4978	4	1	1	0.0693069	0.188119	0.0792079	0.009901	0	0	0	0	0.881818	0.966276	0.227606	0.445313	0.862774	0.009901	0.138614	9.90099e-09	1	0.108664	0.159744	0.666667	0.666667	0.666667	1	1	3325.26	1e+20	5.59777e+07	84.566	72.2282	39.4779	6.23685	54.4159	48.4978	
196000	-133837	-1226.41	-87070.1	-16023.7	0.263653	1	0.128328	15.5851	5.23829	0.00484182	18.7351	0.236761	6876	99	599	-26008.2	41.5573f	37.2124	4	1	1	0.0693069	0.188119	0.0792079	0.009901	0	0	0	0	0.827273	0.971056	0.227207	0.544	0.892285	0.009901	0.138614	9.90099e-09	1	0.10275	0.174475	0.666667	0.666667	0.666667	1	1	3325.26	1e+20	5.59777e+07	84.566	72.2282	28.6849	26.609	41.5573	37.2124	
197000	-133289	-1226.41	-86522.9	-15905.1	0.268856	1	0.126789	15.7743	5.45767	0.0871415	18.8929	0.230003	6785	99	637	-26008.2	2.14206f	2.71185	4	1	1	0.0693069	0.188119	0.0792079	0.009901	0	0	0	0	0.845455	0.945588	0.238586	0.53125	0.87187	0.009901	0.138614	9.90099e-09	1	0.0955882	0.15807	0.666667	0.666667	0.666667	1	1	3325.26	1e+20	5.59777e+07	84.566	72.2282	11.2342	15.9211	2.14206	2.71185	
198000	-134283	-1226.41	-87517	-16017.3	0.256468	1	0.123953	16.1351	5.0051	0.0201466	18.8139	0.256536	6869	99	638	-26008.2	18.2066f	43.536	4	1	1	0.0693069	0.188119	0.0792079	0.009901	0	0	0	0	0.836364	0.972344	0.240525	0.511811	0.873362	0.009901	0.0891089	9.90099e-09	1	0.116448	0.182099	0.666667	0.666667	0.666667	1	1	3325.26	1e+20	5.59777e+07	85.7061	76.3149	11.2342	15.9211	18.2066	43.536	
199000	-133806	-1226.41	-87039.2	-15953.2	0.264686	1	0.122271	16.3571	5.09538	0.0507516	18.8139	0.255458	6823	99	639	-26008.2	19.023f	9.19879	4	1	1	0.0891089	0.188119	0.0792079	0.009901	0	0	0	0	0.790909	0.97076	0.24344	0.578125	0.880171	0.009901	0.0891089	9.90099e-09	1	0.0994152	0.172144	0.666667	0.666667	0.666667	1	1	3325.26	1e+20	5.59777e+07	85.7061	76.3149	11.2342	15.9211	19.023	9.19879	
200000	-135848	-1226.41	-89082.1	-16150.4	0.26353	1	0.127664	15.6661	5.16577	0.0489886	18.6963	0.241333	6971	99	684	-26008.2	12.3296f	16.4904	4	1	1	0.0891089	0.227723	0.0693069	0.009901	0	0	0	0	0.8	0.964337	0.24679	0.544776	0.887304	9.90099e-09	0.0891089	9.90099e-09	1	0.113181	0.186747	0.666667	0.666667	0.666667	1	1	3325.26	1e+20	5.59777e+07	61.6315	80.0838	11.2342	15.9211	12.3296	16.4904	
201000	-134790	-1226.41	-88023.7	-16149.8	0.273912	1	0.118737	16.844	4.99381	0.0368155	18.6963	0.268413	6970	99	591	-26008.2	11.0501f	29.9909	4	1	1	0.0891089	0.227723	0.0693069	0.009901	0	0	0	0	0.809091	0.96	0.229226	0.550388	0.901146	9.90099e-09	0.0891089	9.90099e-09	1	0.0959885	0.165869	0.666667	0.666667	0.666667	1	1	3325.26	1e+20	5.59777e+07	61.6315	80.0838	7.7105	41.3451	11.0501	29.9909	
202000	-136448	-1226.41	-89681.7	-16280.5	0.273912	1	0.110288	18.1343	4.97967	0.00845622	19.031	0.289794	7071	99	638	-26008.2	29.133f	52.3818	4	1	1	0.0891089	0.227723	0.0693069	0.009901	0	0	0	0	0.845455	0.947518	0.248227	0.54918	0.910638	9.90099e-09	0.0891089	9.90099e-09	1	0.0992908	0.18038	0.666667	0.666667	0.666667	1	1	3325.26	1e+20	5.59777e+07	48.6157	13.2901	7.7105	41.3451	29.133	52.3818	
203000	-136213	-1226.41	-89446.5	-16283.1	0.273912	1	0.11726	17.0562	5.29444	0.0343454	19.031	0.256361	7073	99	622	-26008.2	11.3607f	32.7571	4	1	1	0.0891089	0.227723	0.0693069	9.90099e-09	0	0	0	0	0.845455	0.956461	0.222849	0.535433	0.908322	9.90099e-09	0.0891089	9.90099e-09	1	0.10452	0.185738	0.666667	0.666667	0.666667	1	1	3325.26	1e+20	5.59777e+07	48.6157	13.2901	4.64753	35.4825	11.3607	32.7571	
204000	-135574	-1226.41	-88808.1	-16169.3	0.274142	1	0.128058	15.6179	5.53434	0.0156028	18.8199	0.224567	6985	99	650	-26008.2	25.6156f	65.1076	4	1	1	0.0891089	0.227723	0.0693069	9.90099e-09	0	0	0	0	0.781818	0.96	0.211731	0.590909	0.887931	9.90099e-09	0.0891089	9.90099e-09	1	0.100143	0.169231	0.666667	0.666667	0.666667	1	1	3325.26	1e+20	5.59777e+07	48.6157	13.2901	4.64753	35.4825	25.6156	65.1076	
205000	-134698	-1226.41	-87931.5	-16111.2	0.267387	1	0.125426	15.9457	5.01782	0.0428948	18.5757	0.252883	6942	99	613	-26008.2	15.3003f	18.0702	4	1	1	0.049505	0.227723	0.0693069	9.90099e-09	0	0	0	0	0.863636	0.962373	0.232323	0.492063	0.888889	9.90099e-09	0.118812	9.90099e-09	1	0.108225	0.159869	0.666667	0.666667	0.666667	1	1	3325.26	1e+20	5.59777e+07	48.6157	13.2901	4.64753	35.4825	15.3003	18.0702	
206000	-137251	-1226.41	-90484.3	-16351.9	0.26855	1	0.129178	15.4825	5.19043	0.0200304	18.5757	0.237371	7125	99	667	-26008.2	41.6492f	19.2626	4	1	1	0.049505	0.227723	0.0693069	9.90099e-09	0	0	0	0	0.809091	0.974684	0.228612	0.470588	0.900421	9.90099e-09	0.118812	9.90099e-09	1	0.137447	0.164964	0.666667	0.666667	0.666667	1	1	3325.26	1e+20	5.59777e+07	48.6157	13.2901	4.64753	35.4825	41.6492	19.2626	
207000	-137324	-1226.41	-90557.2	-16396.6	0.271026	1	0.115831	17.2665	4.69707	0.0589598	18.5757	0.292528	7160	99	631	-26008.2	0.452765f	25.1039	4	1	1	0.049505	0.118812	0.039604	9.90099e-09	0	0	0	0	0.827273	0.97067	0.27514	0.484615	0.902371	9.90099e-09	0.118812	9.90099e-09	1	0.0878661	0.187307	0.666667	0.666667	0.666667	1	1	3325.26	1e+20	5.59777e+07	48.6157	13.2901	4.64753	35.4825	0.452765	25.1039	
208000	-138336	-1226.41	-91569.7	-16517.2	0.270418	1	0.115831	17.2665	4.68653	0.0060831	18.5757	0.293185	7252	99	637	-26008.2	34.0651f	42.628	4	1	1	0.049505	0.118812	0.039604	9.90099e-09	0	0	0	0	0.781818	0.969655	0.25447	0.557377	0.900826	9.90099e-09	0.118812	9.90099e-09	1	0.106207	0.183673	0.666667	0.666667	0.666667	1	1	3325.26	1e+20	5.59777e+07	48.6157	13.2901	4.64753	35.4825	34.0651	42.628	
209000	-135366	-1226.41	-88599.1	-16220.3	0.270418	1	0.112775	17.7345	5.30142	0.00463572	19.2856	0.266205	7025	99	588	-26008.2	44.5749f	36.1542	4	1	1	0.049505	0.118812	0.039604	9.90099e-09	0	0	0	0	0.818182	0.96	0.242165	0.431034	0.887464	9.90099e-09	0.118812	9.90099e-09	1	0.0924609	0.173469	0.666667	0.666667	0.666667	1	1	3325.26	1e+20	5.59777e+07	94.6323	65.7527	41.7887	28.7853	44.5749	36.1542	
210000	-136806	-1226.41	-90040.1	-16322	0.272646	1	0.119875	16.6841	5.23406	0.0130884	18.8941	0.253661	7103	99	640	-26008.2	41.7281f	25.738	4	1	1	0.049505	0.118812	0.039604	9.90099e-09	0	0	0	0	0.845455	0.964739	0.228814	0.565574	0.894366	9.90099e-09	0.118812	9.90099e-09	1	0.0970464	0.170813	0.666667	0.666667	0.666667	1	1	3325.26	1e+20	5.59777e+07	71.7602	26.9026	41.7887	28.7853	41.7281	25.738	
211000	-138416	-1226.41	-91649.4	-16431.1	0.272646	1	0.129734	15.4162	5.66455	0.0238607	18.8941	0.216571	7187	99	709	-26008.2	52.4228f	15.3974	4	1	1	0.0693069	0.118812	0.039604	9.90099e-09	0	0	0	0	0.736364	0.948611	0.210818	0.47482	0.889356	9.90099e-09	0.128713	9.90099e-09	1	0.116829	0.183644	0.666667	0.666667	0.666667	1	1	3325.26	1e+20	5.59777e+07	71.7602	26.9026	41.7887	28.7853	52.4228	15.3974	
212000	-137530	-1226.41	-90763.1	-16389.1	0.267915	1	0.115325	17.3424	5.91405	0.00749775	19.7556	0.233353	7153	99	653	-26008.2	45.3225f	31.4298	4	1	1	0.0693069	0.118812	0.039604	9.90099e-09	0	0	0	0	0.809091	0.966339	0.21958	0.586957	0.893408	9.90099e-09	0.128713	9.90099e-09	1	0.113128	0.203675	0.666667	0.666667	0.666667	1	1	3325.26	1e+20	5.59777e+07	71.7602	26.9026	41.7887	28.7853	45.3225	31.4298	
213000	-137959	-1226.41	-91193	-16425.2	0.271178	1	0.111375	17.9574	6.05857	0.011889	19.9885	0.235865	7182	99	663	-26008.2	25.1429f	52.1827	4	1	1	0.0693069	0.118812	0.039604	9.90099e-09	0	0	0	0	0.872727	0.954103	0.248266	0.526316	0.911724	9.90099e-09	0.128713	9.90099e-09	1	0.0887656	0.196078	0.666667	0.666667	0.666667	1	1	3325.26	1e+20	5.59777e+07	71.7602	26.9026	41.7887	28.7853	25.1429	52.1827	
214000	-139749	-1226.41	-92982.4	-16606.7	0.281227	1	0.112629	17.7574	6.33822	0.0304784	19.9762	0.222948	7325	99	686	-26008.2	67.0784f	14.7291	4	1	1	0.0693069	0.168317	0.039604	9.90099e-09	0	0	0	0	0.827273	0.956104	0.203552	0.55303	0.897541	9.90099e-09	0.128713	9.90099e-09	1	0.0998632	0.217201	0.666667	0.666667	0.666667	1	1	3325.26	1e+20	5.59777e+07	57.0058	10.4435	41.7887	28.7853	67.0784	14.7291	
215000	-139068	-1226.41	-92301.6	-16601.6	0.281227	1	0.0998262	20.0348	5.61775	0.0219209	19.9762	0.283801	7321	99	630	-26008.2	52.4391f	16.8761	4	1	1	0.0693069	0.168317	0.039604	9.90099e-09	0	0	0	0	0.836364	0.963064	0.260929	0.530303	0.912688	9.90099e-09	0.128713	9.90099e-09	1	0.108696	0.183767	0.666667	0.666667	0.666667	1	1	3325.26	1e+20	5.59777e+07	57.0058	10.4435	41.7887	28.7853	52.4391	16.8761	
216000	-138286	-1226.41	-91519.6	-16543.2	0.281227	1	0.0990474	20.1923	5.57392	0.00728775	19.9762	0.288281	7275	99	612	-26008.2	50.4316f	31.25	4	1	1	0.0693069	0.168317	0.039604	9.90099e-09	0	0	0	0	0.854545	0.961591	0.288858	0.483333	0.90535	9.90099e-09	0.128713	9.90099e-09	1	0.0946502	0.202614	0.666667	0.666667	0.666667	1	1	3325.26	1e+20	5.59777e+07	57.0058	10.4435	41.7887	28.7853	50.4316	31.25	
217000	-139101	-1226.41	-92334.4	-16508.8	0.280057	1	0.119243	16.7725	6.68251	0.00161819	19.9762	0.199732	7248	99	712	-26008.2	42.0587f	46.9606	4	1	1	0.049505	0.168317	0.039604	9.90099e-09	0	0	0	0	0.890909	0.968188	0.254848	0.528986	0.903448	9.90099e-09	0.128713	9.90099e-09	1	0.12	0.180867	0.666667	0.666667	0.666667	1	1	3325.26	1e+20	5.59777e+07	18.7173	34.8647	41.7887	28.7853	42.0587	46.9606	
218000	-138323	-1226.41	-91557	-16410.8	0.280057	1	0.112413	17.7916	6.29975	0.0433688	19.9762	0.22474	7171	99	704	-26008.2	96.0981f	59.1713	4	1	1	0.049505	0.168317	0.039604	9.90099e-09	0	0	0	0	0.818182	0.951253	0.225627	0.489362	0.891365	9.90099e-09	0.128713	9.90099e-09	1	0.122563	0.230114	0.666667	0.666667	0.666667	1	1	3325.26	1e+20	5.59777e+07	35.4022	28.6854	73.1032	84.5286	96.0981	59.1713	
219000	-140458	-1226.41	-93691.6	-16682.8	0.277963	1	0.122099	16.3801	6.08945	0.0686665	19.4387	0.214057	7384	99	705	-26008.2	82.553f	99.9917	4	1	1	0.049505	0.168317	0.029703	9.90099e-09	0	0	0	0	0.8	0.964578	0.248295	0.556338	0.864682	9.90099e-09	0.128713	9.90099e-09	1	0.102842	0.224784	0.666667	0.666667	0.666667	1	1	3325.26	1e+20	5.59777e+07	36.078	26.228	73.1032	84.5286	82.553	99.9917	
220000	-140440	-1226.41	-93674.1	-16699.9	0.289308	1	0.119574	16.7261	6.20691	0.0191608	19.4387	0.214441	7398	99	688	-26008.2	67.6997f	75.8492	4	1	1	0.049505	0.217822	0.029703	9.90099e-09	0	0	0	0	0.854545	0.959405	0.212162	0.485915	0.90604	9.90099e-09	0.128713	9.90099e-09	1	0.108108	0.16309	0.666667	0.666667	0.666667	1	1	3325.26	1e+20	5.59777e+07	36.078	26.228	73.1032	84.5286	67.6997	75.8492	
221000	-141629	-1226.41	-94862.3	-16785.7	0.290449	1	0.121686	16.4357	6.34146	0.0219254	19.4387	0.206248	7467	99	727	-26008.2	69.0702f	22.9758	4	1	1	0.049505	0.217822	0.029703	9.90099e-09	0	0	0	0	0.8	0.9747	0.247657	0.535211	0.900133	9.90099e-09	0.128713	9.90099e-09	1	0.127175	0.205421	0.666667	0.666667	0.666667	1	1	3325.26	1e+20	5.59777e+07	36.078	26.228	53.6515	36.8277	69.0702	22.9758	
222000	-141975	-1226.41	-95208.7	-16847.5	0.290449	1	0.117033	17.0892	6.77543	0.00517448	19.9566	0.200713	7517	99	703	-26008.2	44.3308f	35.2789	4	1	1	0.049505	0.217822	0.029703	9.90099e-09	0	0	0	0	0.772727	0.954787	0.25498	0.538462	0.889628	9.90099e-09	0.138614	9.90099e-09	1	0.111702	0.203147	0.666667	0.666667	0.666667	1	1	3325.26	1e+20	5.59777e+07	36.078	26.228	53.6515	36.8277	44.3308	35.2789	
223000	-142935	-1226.41	-96168.9	-16961.1	0.292589	1	0.103931	19.2435	6.02889	0.00887596	19.9299	0.254002	7609	99	700	-26008.2	28.5422f	51.5816	4	1	1	0.049505	0.217822	0.029703	9.90099e-09	0	0	0	0	0.881818	0.963206	0.24147	0.496454	0.875979	9.90099e-09	0.138614	9.90099e-09	1	0.086728	0.232092	0.666667	0.666667	0.666667	1	1	3325.26	1e+20	5.59777e+07	25.6556	26.2729	40.1908	76.688	28.5422	51.5816	
224000	-143838	-1226.41	-97071.3	-17140.5	0.292589	1	0.100864	19.8286	5.74336	0.00891051	19.8376	0.274736	7755	99	649	-26008.2	49.9116f	71.4365	4	1	1	0.0594059	0.217822	0.0594059	9.90099e-09	0	0	0	0	0.863636	0.958816	0.283871	0.537879	0.907672	9.90099e-09	0.138614	9.90099e-09	1	0.107097	0.204268	0.666667	0.666667	0.666667	1	1	3325.26	1e+20	5.59777e+07	46.1724	39.2438	40.1908	76.688	49.9116	71.4365	
225000	-142976	-1226.41	-96209.7	-16990.7	0.291766	1	0.10409	19.2141	5.91036	0.0107728	19.8376	0.258701	7633	99	688	-26008.2	44.8834f	73.1319	4	1	1	0.0594059	0.217822	0.0594059	9.90099e-09	0	0	0	0	0.818182	0.971279	0.230065	0.51938	0.899083	9.90099e-09	0.138614	9.90099e-09	1	0.111257	0.18704	0.666667	0.666667	0.666667	1	1	3325.26	1e+20	5.59777e+07	74.73	59.1928	40.1908	76.688	44.8834	73.1319	
226000	-142377	-1226.41	-95610.5	-17000.5	0.291766	1	0.102563	19.5002	5.51212	0.0028039	19.5668	0.281521	7641	99	624	-26008.2	58.2234f	57.7459	4	1	1	0.0594059	0.138614	0.0594059	9.90099e-09	0	0	0	0	0.845455	0.968463	0.237908	0.515385	0.901445	9.90099e-09	0.138614	9.90099e-09	1	0.112418	0.179128	0.666667	0.666667	0.666667	1	1	3325.26	1e+20	5.59777e+07	74.73	59.1928	60.589	46.279	58.2234	57.7459	
227000	-141103	-1226.41	-94336.3	-16833.8	0.288123	1	0.103298	19.3614	5.48232	0.00249683	19.5668	0.281036	7506	99	643	-26008.2	49.8837f	39.6203	4	1	1	0.0594059	0.138614	0.0594059	9.90099e-09	0	0	0	0	0.845455	0.961487	0.244681	0.569231	0.908488	9.90099e-09	0.138614	9.90099e-09	1	0.0878828	0.190031	0.666667	0.666667	0.666667	1	1	3325.26	1e+20	5.59777e+07	72.1705	91.3629	35.2688	8.67954	49.8837	39.6203	
228000	-143882	-1226.41	-97115.9	-17111.5	0.291538	1	0.116353	17.1891	5.84179	0.00250725	19.2405	0.234152	7731	99	681	-26008.2	51.9447f	39.8489	4	1	1	0.0594059	0.138614	0.0594059	9.90099e-09	0	0	0	0	0.790909	0.966278	0.195822	0.510949	0.880674	9.90099e-09	0.0990099	9.90099e-09	1	0.117571	0.192754	0.666667	0.666667	0.666667	1	1	3325.26	1e+20	5.59777e+07	72.1705	91.3629	35.2688	8.67954	51.9447	39.8489	
229000	-145830	-1226.41	-99063.8	-17338.3	0.303418	1	0.113695	17.5909	6.09147	0.0141274	19.3612	0.229803	7921	99	676	-26008.2	65.7783f	71.6746	4	1	1	0.0594059	0.138614	0.0594059	9.90099e-09	0	0	0	0	0.818182	0.955919	0.228356	0.566434	0.892994	9.90099e-09	0.0990099	9.90099e-09	1	0.100756	0.20858	0.666667	0.666667	0.666667	1	1	3325.26	1e+20	5.59777e+07	72.1705	91.3629	59.9623	61.5336	65.7783	71.6746	
230000	-145310	-1226.41	-98543.6	-17291.8	0.303418	1	0.109205	18.3142	5.8509	0.0258436	19.3612	0.249089	7882	99	662	-26008.2	84.8359f	40.928	4	1	1	0.039604	0.138614	0.0594059	9.90099e-09	0	0	0	0	0.827273	0.962073	0.247462	0.475806	0.911504	9.90099e-09	0.0990099	9.90099e-09	1	0.110406	0.174709	0.666667	0.666667	0.666667	1	1	3325.26	1e+20	5.59777e+07	72.1705	91.3629	59.9623	61.5336	84.8359	40.928	
231000	-144542	-1226.41	-97776	-17215.5	0.303418	1	0.109205	18.3142	5.8509	0.0010362	19.3612	0.249089	7818	99	657	-26008.2	55.7639f	50.3896	4	1	1	0.039604	0.138614	0.039604	9.90099e-09	0	0	0	0	0.818182	0.966879	0.239186	0.532847	0.905732	9.90099e-09	0.0990099	9.90099e-09	1	0.0971867	0.198251	0.666667	0.666667	0.666667	1	1	3325.26	1e+20	5.59777e+07	67.9251	69.206	59.9623	61.5336	55.7639	50.3896	
232000	-147640	-1226.41	-100873	-17557.7	0.303418	1	0.103605	19.3042	6.24177	0.01353	19.9374	0.246112	8105	99	667	-26008.2	50.8425f	24.09	4	1	1	0.039604	0.128713	0.039604	9.90099e-09	0	0	0	0	0.790909	0.970407	0.222222	0.565891	0.907522	9.90099e-09	0.0990099	9.90099e-09	1	0.0986437	0.2207	0.666667	0.666667	0.666667	1	1	3325.26	1e+20	5.59777e+07	67.9251	69.206	59.9623	61.5336	50.8425	24.09	
233000	-149828	-1226.41	