
# before rand glnL: -85298.296381 alnL: -1222.717951
# ninter: 99
# ncoal: 99
# nhits: 99
# true lbda: 0.001332
# true mu: 0.109285
# true rad: 43.771974
# true sigsq: 0.671548
# true neigh. size: 18.300778
# fst-based estimate of neighborhood size: -nan
# nucleotide diversity: 0.000000
# length of a generation: 87567.5 time units
# clock rate: 1 subst. per time unit
# after rand glnL: -85298.296381 alnL: -1222.717951
# ninter: 99
# ncoal: 99
# nhits: 99
# start lbda: 0.001332
# start mu: 0.109285
# start rad: 11.173703
sample	lnP	alnL	glnL	tlnL	lbda	clock	mu	neigh	sigsq	sigsqobs	rad	rhoe	nInt	nCoal	nHit	rootTime	rootLon	rootLat	tstv	alpha	MeanBr	accLbda	accMu	accRad	accInDelDisk	accInDelHit	accScaleTime	accSPR	accSPRlocal	accPath	accIndelDiskSerial	accIndelHitSerial	accLdskGivenDisk	accDiskGivenLdsk	accDiskAndLdsk	accLdskMulti	accDiskMulti	accMoveDiskUD	accAddRemoveJump	accLdskTipToRoot	tuneLbda	tuneRad	tuneMu	tuneIndelDisk	tuneIndelHit	tuneLdskGivenDisk	tuneIndelDiskSerial	tuneIndelHitSerial	c0	c1	rootc0	rootc1	rootldsk0	rootldsk1	
  1000	-52415.8	-1222.72	-5653.08	-1601.9	0.00329416	1	0.162675	12.2945	0.0972015	0.0100426	19.4917	10.0653	237	99	110	-75071.9	80.2764f	26.0238	4	1	1	0	0	0	0	0	0	0	0	0.990909	0.743119	0.277778	0.326733	0.578947	0	0	0	1	0.122807	0.273585	1	1	1	1	1	2.25	5.0625	2.25	8.64652	44.053	78.1965	1.25861	80.2764	26.0238	
  2000	-54510.5	-1222.72	-7747.74	-2346.52	0.00413853	1	0.155188	12.8876	0.116497	0.00272351	19.4917	8.80337	371	99	122	-75071.9	54.9233f	31.0335	4	1	1	0	0	0	0	0	0	0	0	1	0.900901	0.241071	0.457143	0.685714	0	0	0	1	0.105263	0.288	1	1	1	1	1	3.375	437.894	7.59375	41.9596	88.9626	59.3222	1.00403	54.9233	31.0335	
  3000	-56649.7	-1222.72	-9886.97	-3030.93	0.00659109	1	0.163929	12.2004	0.215443	0.00902626	19.9585	4.50643	505	99	145	-75071.9	62.4789f	15.8185	4	1	1	0	0	0	0	0	0	0	0	0.981818	0.863946	0.266667	0.46789	0.804054	0	0	0	1	0.138614	0.184932	1	1	1	1	1	5.0625	37876.8	38.4434	41.9596	88.9626	59.3222	1.00403	62.4789	15.8185	
  4000	-58536.9	-1222.72	-11774.2	-3642.52	0.0079711	1	0.186248	10.7384	0.296026	0.0109544	19.9585	2.88668	630	99	156	-75071.9	59.2864f	10.9771	4	1	1	0	0	0	0	0	0	0	0	0.954545	0.904762	0.264	0.486239	0.768	0	0	0	1	0.150794	0.280255	1	1	1	1	1	11.3906	1.6586e+07	4987.89	39.93	92.0137	59.3222	1.00403	59.2864	10.9771	
  5000	-60339.4	-1222.72	-13576.6	-4229	0.00945904	1	0.185089	10.8056	0.349099	0.00778246	19.9585	2.46315	755	99	164	-75071.9	49.5749f	16.3624	4	1	1	0	0	0	0	0	0	0	0	0.981818	0.953333	0.302632	0.533981	0.776316	0	0	0	1	0.138158	0.195122	1	1	1	1	1	38.4434	3.22796e+09	16834.1	39.93	92.0137	59.3222	1.00403	49.5749	16.3624	
  6000	-61183	-1222.72	-14420.3	-4501.32	0.010719	1	0.198842	10.0582	0.424994	0.00377492	19.9585	1.88334	815	99	168	-75071.9	66.5354f	33.4064	4	1	1	0	0	0	0	0	0	0	0	0.981818	0.92638	0.262195	0.538462	0.72561	0	0.148515	0	1	0.117284	0.136905	1	1	1	1	1	194.62	2.12026e+12	56815.1	39.93	92.0137	79.1038	19.1239	66.5354	33.4064	
  7000	-62907.3	-1222.72	-16144.5	-5000.47	0.0123727	1	0.224927	8.89177	0.508832	0.00452038	19.5305	1.39061	927	99	185	-75071.9	51.1139f	76.0671	4	1	1	0.217822	0.188119	0.019802	0	0	0	0	0	0.972727	0.89418	0.212766	0.584071	0.783069	0	0.148515	0.0891089	1	0.180851	0.15508	0.666667	0.666667	0.666667	1	1	656.841	4.70026e+15	37876.8	39.93	92.0137	79.1038	19.1239	51.1139	76.0671	
  8000	-62723.1	-1222.72	-15960.3	-4984.56	0.0130507	1	0.196296	10.1887	0.476075	0.00947073	19.6101	1.70308	923	99	172	-75071.9	27.5804f	20.4223	4	1	1	0.217822	0.188119	0.019802	0	0	0	0	0	0.945455	0.940217	0.233696	0.592593	0.782609	0	0.148515	0.0891089	1	0.134409	0.152542	0.666667	0.666667	0.666667	1	1	2216.84	6.94648e+18	85222.7	33.2433	98.1226	79.1038	19.1239	27.5804	20.4223	
  9000	-65834.9	-1222.72	-19072.2	-5830.36	0.0144254	1	0.206772	9.67249	0.544183	0.012744	19.52	1.41444	1120	99	216	-75071.9	55.7106f	7.09377	4	1	1	0.217822	0.188119	0.019802	0	0	0	0	0	0.954545	0.848214	0.247788	0.555556	0.823009	0	0.148515	0.0891089	1	0.115044	0.259615	0.666667	0.666667	0.666667	1	1	7481.83	1e+20	1.6586e+07	33.2433	98.1226	79.1038	19.1239	55.7106	7.09377	
 10000	-67607.2	-1222.72	-20844.5	-6364.66	0.0153734	1	0.229633	8.70954	0.644066	0.0141032	19.52	1.07611	1248	99	220	-75071.9	92.8728f	33.455	4	1	1	0.217822	0.188119	0.019802	0	0	0	0	0	0.918182	0.929688	0.285714	0.530435	0.857143	0	0.148515	0.0891089	1	0.166667	0.162896	0.666667	0.666667	0.666667	1	1	37876.8	1e+20	3.73185e+07	33.2433	98.1226	79.1038	19.1239	92.8728	33.455	
 11000	-68738.2	-1222.72	-21975.5	-6678.21	0.0178866	1	0.22463	8.90354	0.733028	0.0181541	19.52	0.966568	1326	99	233	-75071.9	85.7882f	12.2851	4	1	1	0.217822	0.188119	0.019802	0	0	0	0	0	0.909091	0.938462	0.234848	0.535714	0.861538	0	0.148515	0.0891089	1	0.161538	0.292453	0.666667	0.666667	0.666667	1	1	37876.8	1e+20	3.73185e+07	33.2433	98.1226	79.1038	19.1239	85.7882	12.2851	
 12000	-70100.8	-1222.72	-23338.1	-7099.2	0.0182496	1	0.192659	10.381	0.699225	0.00434348	19.9453	1.18145	1431	99	225	-75071.9	68.3587f	32.7512	4	1	1	0.217822	0.188119	0.019802	0.029703	0	0	0	0	0.954545	0.965517	0.229167	0.578512	0.82069	0.009901	0.128713	0.0891089	1	0.138889	0.266376	0.666667	0.666667	0.666667	1	1	37876.8	1e+20	3.73185e+07	33.2433	98.1226	95.3134	13.7724	68.3587	32.7512	
 13000	-71835.1	-1222.72	-25072.4	-7514.7	0.0197821	1	0.218338	9.16012	0.860003	0.0109519	19.9513	0.847602	1537	99	257	-75071.9	79.9166f	22.9643	4	1	1	0.138614	0.188119	0.0693069	0.029703	0	0	0	0	0.927273	0.934641	0.233333	0.538462	0.796053	0.009901	0.128713	0.0891089	1	0.146667	0.282946	0.666667	0.666667	0.666667	1	1	37876.8	1e+20	3.73185e+07	46.4922	88.2609	95.3134	13.7724	79.9166	22.9643	
 14000	-72333.8	-1222.72	-25571.1	-7768.27	0.0200459	1	0.20211	9.89561	0.759372	0.0203653	19.652	1.037	1602	99	222	-75071.9	81.4771f	4.85962	4	1	1	0.138614	0.267327	0.0693069	0.029703	0	0	0	0	0.890909	0.975309	0.314815	0.553719	0.826087	0.009901	0.128713	9.90099e-09	1	0.135802	0.315126	0.666667	0.666667	0.666667	1	1	37876.8	1e+20	3.73185e+07	46.4922	88.2609	66.575	4.05982	81.4771	4.85962	
 15000	-73535.5	-1222.72	-26772.7	-7972.78	0.0214106	1	0.200274	9.9863	0.844834	0.00890685	19.8988	0.940639	1656	99	268	-75071.9	62.698f	16.1585	4	1	1	0.138614	0.267327	0.0693069	0.029703	0	0	0	0	0.954545	0.933735	0.230303	0.481481	0.849398	0.009901	0.128713	9.90099e-09	1	0.109091	0.292776	0.666667	0.666667	0.666667	1	1	37876.8	1e+20	3.73185e+07	46.4922	88.2609	66.575	4.05982	62.698	16.1585	
 16000	-73586.8	-1222.72	-26824.1	-8049.69	0.0214004	1	0.21875	9.14287	0.922327	0.0165427	19.8988	0.788838	1676	99	252	-75071.9	29.7194f	5.06476	4	1	1	0.138614	0.267327	0.0693069	0.029703	0	0	0	0	0.918182	0.964072	0.269461	0.524272	0.848485	0.009901	0.128713	9.90099e-09	1	0.154762	0.266129	0.666667	0.666667	0.666667	1	1	37876.8	1e+20	3.73185e+07	46.4922	88.2609	61.7051	9.62777	29.7194	5.06476	
 17000	-76015	-1222.72	-29252.3	-8660.27	0.0245795	1	0.215789	9.26832	1.04501	0.00745609	19.8988	0.705785	1839	99	277	-75071.9	23.0096f	31.2572	4	1	1	0.138614	0.267327	0.0693069	0.029703	0	0	0	0	0.963636	0.961749	0.206522	0.54955	0.834254	0.009901	0.128713	9.90099e-09	1	0.157609	0.234432	0.666667	0.666667	0.666667	1	1	37876.8	1e+20	3.73185e+07	46.4922	88.2609	61.7051	9.62777	23.0096	31.2572	
 18000	-77919	-1222.72	-31156.2	-9157.41	0.0253727	1	0.231731	8.63069	1.17009	0.00184646	19.9487	0.58697	1974	99	293	-75071.9	58.2548f	36.2513	4	1	1	0.138614	0.267327	0.0693069	0.029703	0	0	0	0	0.909091	0.964467	0.241026	0.525424	0.876289	0.009901	0.0891089	9.90099e-09	1	0.136364	0.277397	0.666667	0.666667	0.666667	1	1	37876.8	1e+20	3.73185e+07	46.4922	88.2609	61.7051	9.62777	58.2548	36.2513	
 19000	-78256.2	-1222.72	-31493.5	-9181.92	0.0268442	1	0.236815	8.4454	1.26511	0.0138294	19.9487	0.53123	1981	99	314	-75071.9	72.8177f	10.9319	4	1	1	0.138614	0.267327	0.019802	0.029703	0	0	0	0	0.9	0.925373	0.272727	0.590551	0.825871	0.009901	0.0891089	9.90099e-09	1	0.134328	0.267296	0.666667	0.666667	0.666667	1	1	37876.8	1e+20	3.73185e+07	46.4922	88.2609	61.7051	9.62777	72.8177	10.9319	
 20000	-79084.4	-1222.72	-32321.7	-9395.63	0.027726	1	0.236815	8.4454	1.30667	0.0145064	19.9487	0.514334	2040	99	320	-75071.9	59.913f	4.82893	4	1	1	0.178218	0.267327	0.019802	0.029703	0	0	0	0	0.936364	0.935644	0.252427	0.503937	0.838235	0.009901	0.0891089	9.90099e-09	1	0.180488	0.307692	0.666667	0.666667	0.666667	1	1	37876.8	1e+20	3.73185e+07	46.4922	88.2609	61.7051	9.62777	59.913	4.82893	
 21000	-80917.3	-1222.72	-34154.6	-9850.98	0.0277235	1	0.22249	8.98916	1.22751	0.00617548	19.9487	0.582751	2167	99	337	-75071.9	58.3079f	21.2155	4	1	1	0.178218	0.257426	0.019802	0.029703	0	0	0	0	0.890909	0.958333	0.287037	0.574257	0.83871	0.009901	0.0891089	9.90099e-09	1	0.133641	0.303571	0.666667	0.666667	0.666667	1	1	37876.8	1e+20	3.73185e+07	46.4922	88.2609	61.7051	9.62777	58.3079	21.2155	
 22000	-81565.4	-1222.72	-34802.7	-10043.9	0.029042	1	0.22249	8.98916	1.2859	0.00354603	19.9487	0.556293	2222	99	331	-75071.9	67.1503f	35.1124	4	1	1	0.178218	0.257426	0.019802	0.029703	0	0	0	0	0.936364	0.93722	0.248869	0.496183	0.854545	0.009901	0.0891089	9.90099e-09	1	0.139013	0.280967	0.666667	0.666667	0.666667	1	1	37876.8	1e+20	3.73185e+07	46.4922	88.2609	61.7051	9.62777	67.1503	35.1124	
 23000	-83063.3	-1222.72	-36300.6	-10453.1	0.0303592	1	0.207902	9.6199	1.25608	0.0103086	19.9487	0.609456	2339	99	332	-75071.9	73.1221f	18.5562	4	1	1	0.178218	0.257426	0.019802	0.029703	0	0	0	0	0.863636	0.956897	0.297872	0.442308	0.808511	0.009901	0.0891089	9.90099e-09	1	0.131915	0.28012	0.666667	0.666667	0.666667	1	1	37876.8	1e+20	3.73185e+07	46.4922	88.2609	61.7051	9.62777	73.1221	18.5562	
 24000	-84451.7	-1222.72	-37689	-10714.8	0.0320406	1	0.207902	9.6199	1.32565	0.00517603	19.9487	0.577473	2415	99	367	-75071.9	54.8001f	23.0923	4	1	1	0.178218	0.257426	0.019802	0.029703	0	0	0	0	0.909091	0.938017	0.251029	0.554545	0.845833	9.90099e-09	0.0990099	9.90099e-09	1	0.165289	0.292479	0.666667	0.666667	0.666667	1	1	37876.8	1e+20	3.73185e+07	46.4922	88.2609	61.7051	9.62777	54.8001	23.0923	
 25000	-83484.7	-1222.72	-36722	-10642.5	0.03199	1	0.170974	11.6977	1.08846	0.0137014	19.9487	0.855223	2394	99	304	-75071.9	62.3533f	6.78425	4	1	1	0.178218	0.257426	0.019802	0.009901	0	0	0	0	0.881818	0.949153	0.245833	0.504132	0.878151	9.90099e-09	0.0990099	9.90099e-09	1	0.0958333	0.270627	0.666667	0.666667	0.666667	1	1	37876.8	1e+20	3.73185e+07	46.4922	88.2609	61.7051	9.62777	62.3533	6.78425	
 26000	-84213.5	-1222.72	-37450.7	-10814.7	0.0319013	1	0.18824	10.6248	1.19505	0.0176989	19.9487	0.707492	2444	99	312	-75071.9	63.6449f	0.695368	4	1	1	0.0891089	0.257426	9.90099e-09	0.009901	0	0	0	0	0.872727	0.95122	0.235772	0.51938	0.845528	9.90099e-09	0.0990099	9.90099e-09	1	0.118367	0.254777	0.666667	0.666667	0.666667	1	1	37876.8	1e+20	3.73185e+07	46.4922	88.2609	61.7051	9.62777	63.6449	0.695368	
 27000	-85654.1	-1222.72	-38891.4	-11100.7	0.0319013	1	0.199347	10.0327	1.24577	0.0110521	19.8702	0.640875	2527	99	348	-75071.9	36.6453f	12.1121	4	1	1	0.0891089	0.217822	9.90099e-09	0.009901	0	0	0	0	0.936364	0.964	0.26087	0.492188	0.887967	9.90099e-09	0.0990099	9.90099e-09	1	0.173913	0.322388	0.666667	0.666667	0.666667	1	1	37876.8	1e+20	3.73185e+07	56.0991	88.0094	61.7051	9.62777	36.6453	12.1121	
 28000	-86286.9	-1222.72	-39524.1	-11330.8	0.0338123	1	0.196173	10.1951	1.28804	0.0135663	19.8268	0.629869	2596	99	326	-75071.9	55.0255f	5.60966	4	1	1	0.0891089	0.217822	9.90099e-09	0.009901	0	0	0	0	0.890909	0.969349	0.256705	0.552381	0.885057	9.90099e-09	0.0990099	9.90099e-09	1	0.19084	0.267647	0.666667	0.666667	0.666667	1	1	37876.8	1e+20	3.73185e+07	56.0991	88.0094	61.7051	9.62777	55.0255	5.60966	
 29000	-87807.2	-1222.72	-41044.5	-11662.9	0.0346989	1	0.196173	10.1951	1.32707	0.00146712	19.8464	0.611346	2695	99	348	-75071.9	58.9013f	38.9103	4	1	1	0.0891089	0.217822	9.90099e-09	0.009901	0	0	0	0	0.918182	0.962406	0.264925	0.518182	0.874074	9.90099e-09	0.0990099	9.90099e-09	1	0.140741	0.261494	0.666667	0.666667	0.666667	1	1	37876.8	1e+20	3.73185e+07	56.0991	88.0094	61.7051	9.62777	58.9013	38.9103	
 30000	-88651.8	-1222.72	-41889	-11880.9	0.0348159	1	0.197088	10.1478	1.26199	0.0150488	19.5592	0.639891	2760	99	353	-75071.9	22.2162f	12.1155	4	1	1	0.0891089	0.217822	9.90099e-09	0.009901	0	0	0	0	0.881818	0.931159	0.214545	0.585185	0.861818	9.90099e-09	0.0792079	9.90099e-09	1	0.123636	0.263636	0.666667	0.666667	0.666667	1	1	37876.8	1e+20	3.73185e+07	56.0991	88.0094	54.409	5.75311	22.2162	12.1155	
 31000	-90462.1	-1222.72	-43699.4	-12284.1	0.0377705	1	0.206418	9.68909	1.46512	0.00873697	19.6649	0.52626	2884	99	379	-75071.9	49.7344f	14.3114	4	1	1	0.0891089	0.217822	9.90099e-09	0.009901	0	0	0	0	0.927273	0.948097	0.201389	0.561404	0.861111	9.90099e-09	0.0792079	9.90099e-09	1	0.155709	0.274359	0.666667	0.666667	0.666667	1	1	37876.8	1e+20	3.73185e+07	56.0991	88.0094	54.409	5.75311	49.7344	14.3114	
 32000	-90860.6	-1222.72	-44097.8	-12235	0.0377705	1	0.215779	9.26872	1.61913	0.00362938	19.9401	0.455543	2869	99	431	-75071.9	37.0762f	31.4293	4	1	1	0.108911	0.217822	0.049505	0.009901	0	0	0	0	0.936364	0.944637	0.193772	0.51938	0.861592	9.90099e-09	0.0792079	9.90099e-09	1	0.163763	0.277778	0.666667	0.666667	0.666667	1	1	37876.8	1e+20	3.73185e+07	56.0991	88.0094	54.409	5.75311	37.0762	31.4293	
 33000	-90710.7	-1222.72	-43948	-12342.5	0.0390117	1	0.210896	9.48336	1.63448	0.0217452	19.9401	0.461713	2902	99	377	-75071.9	96.4793f	16.9839	4	1	1	0.108911	0.217822	0.049505	0.009901	0	0	0	0	0.9	0.951557	0.237113	0.547826	0.848797	9.90099e-09	0.0792079	9.90099e-09	1	0.171821	0.30504	0.666667	0.666667	0.666667	1	1	37876.8	1e+20	3.73185e+07	56.0991	88.0094	54.409	5.75311	96.4793	16.9839	
 34000	-92149.3	-1222.72	-45386.6	-12773.9	0.0390117	1	0.179745	11.1268	1.39306	0.00383266	19.9401	0.635612	3035	99	360	-75071.9	58.755f	28.232	4	1	1	0.108911	0.217822	0.049505	0.009901	0	0	0	0	0.909091	0.960912	0.240132	0.495652	0.822951	9.90099e-09	0.0792079	9.90099e-09	1	0.111842	0.284211	0.666667	0.666667	0.666667	1	1	37876.8	1e+20	3.73185e+07	56.0991	88.0094	54.409	5.75311	58.755	28.232	
 35000	-93644.5	-1222.72	-46881.7	-13075.9	0.0408789	1	0.186325	10.7339	1.41193	0.0133637	19.5979	0.60497	3130	99	384	-75071.9	31.7155f	9.71662	4	1	1	0.108911	0.217822	0.049505	0.009901	0	0	0	0	0.9	0.974277	0.24359	0.504202	0.847896	9.90099e-09	0.0792079	9.90099e-09	1	0.125402	0.280303	0.666667	0.666667	0.666667	1	1	37876.8	1e+20	3.73185e+07	56.0991	88.0094	54.409	5.75311	31.7155	9.71662	
 36000	-92790.3	-1222.72	-46027.6	-12919.3	0.0408789	1	0.186325	10.7339	1.5241	0.0147986	19.976	0.560446	3081	99	365	-75071.9	39.129f	4.67251	4	1	1	0.108911	0.217822	0.049505	0.009901	0	0	0	0	0.936364	0.93871	0.296774	0.550847	0.827476	9.90099e-09	0.0792079	9.90099e-09	1	0.121406	0.265789	0.666667	0.666667	0.666667	1	1	37876.8	1e+20	3.73185e+07	56.0991	88.0094	54.409	5.75311	39.129	4.67251	
 37000	-93348.9	-1222.72	-46586.2	-12948	0.0408789	1	0.193782	10.3209	1.5838	0.0113502	19.9719	0.518568	3090	99	407	-75071.9	50.0502f	9.21999	4	1	1	0.108911	0.217822	0.049505	0.009901	0	0	0	0	0.881818	0.948553	0.277419	0.453782	0.858065	9.90099e-09	0.108911	9.90099e-09	1	0.16129	0.278351	0.666667	0.666667	0.666667	1	1	37876.8	1e+20	3.73185e+07	23.3596	70.4771	54.409	5.75311	50.0502	9.21999	
 38000	-95419.7	-1222.72	-48657	-13446.8	0.0408789	1	0.207203	9.65237	1.70177	0.0122093	19.9963	0.451361	3246	99	417	-75071.9	76.4277f	16.6736	4	1	1	0.108911	0.217822	0.049505	0.009901	0	0	0	0	0.927273	0.947368	0.248466	0.580645	0.826625	9.90099e-09	0.108911	9.90099e-09	1	0.142415	0.28673	0.666667	0.666667	0.666667	1	1	37876.8	1e+20	3.73185e+07	23.3596	70.4771	54.409	5.75311	76.4277	16.6736	
 39000	-94007.9	-1222.72	-47245.2	-13081.9	0.0411591	1	0.185491	10.7822	1.53389	0.00668405	19.9963	0.559375	3132	99	418	-75071.9	60.7835f	20.7003	4	1	1	0.029703	0.207921	0.049505	0.009901	0	0	0	0	0.881818	0.96463	0.258786	0.523438	0.853035	9.90099e-09	0.108911	9.90099e-09	1	0.127796	0.296296	0.666667	0.666667	0.666667	1	1	37876.8	1e+20	3.73185e+07	23.3596	70.4771	54.409	5.75311	60.7835	20.7003	
 40000	-94394.5	-1222.72	-47631.8	-13310.4	0.0417311	1	0.163767	12.2125	1.37307	0.000890569	19.9963	0.707784	3204	99	369	-75071.9	39.3879f	49.2683	4	1	1	0.029703	0.207921	0.049505	0.009901	0	0	0	0	0.909091	0.975078	0.305031	0.463636	0.847352	9.90099e-09	0.108911	9.90099e-09	1	0.115265	0.238506	0.666667	0.666667	0.666667	1	1	37876.8	1e+20	3.73185e+07	23.3596	70.4771	55.8502	26.5918	39.3879	49.2683	
 41000	-97082.8	-1222.72	-50320.1	-13910.5	0.0441242	1	0.171141	11.6863	1.51717	0.0160696	19.9963	0.612959	3396	99	394	-75071.9	56.8005f	1.79463	4	1	1	0.029703	0.207921	0.049505	0.009901	0	0	0	0	0.918182	0.973373	0.207101	0.575	0.878698	9.90099e-09	0.108911	9.90099e-09	1	0.139053	0.273936	0.666667	0.666667	0.666667	1	1	37876.8	1e+20	3.73185e+07	23.3596	70.4771	55.8502	26.5918	56.8005	1.79463	
 42000	-97211	-1222.72	-50448.3	-13907.1	0.0442984	1	0.16993	11.7695	1.51239	0.0159684	19.9963	0.619279	3395	99	404	-75071.9	46.9184f	1.62033	4	1	1	0.029703	0.207921	0.049505	0.009901	0	0	0	0	0.863636	0.952941	0.250737	0.508065	0.870206	9.90099e-09	0.0990099	9.90099e-09	1	0.147059	0.261965	0.666667	0.666667	0.666667	1	1	37876.8	1e+20	3.73185e+07	23.3596	70.4771	55.8502	26.5918	46.9184	1.62033	
 43000	-96184.8	-1222.72	-49422.1	-13788.6	0.0445294	1	0.181469	11.0212	1.62351	0.0200027	19.9963	0.540212	3357	99	354	-75071.9	91.1793f	14.1014	4	1	1	0.029703	0.207921	0.049505	0.009901	0	0	0	0	0.9	0.958824	0.283186	0.456897	0.858407	9.90099e-09	0.0990099	9.90099e-09	1	0.129412	0.309463	0.666667	0.666667	0.666667	1	1	37876.8	1e+20	3.73185e+07	23.3596	70.4771	55.8502	26.5918	91.1793	14.1014	
 44000	-97981.4	-1222.72	-51218.6	-14154.1	0.0452002	1	0.162177	12.3322	1.47277	0.00430577	19.9963	0.66634	3475	99	386	-75071.9	65.0808f	30.0448	4	1	1	0.029703	0.207921	9.90099e-09	0.009901	0	0	0	0	0.9	0.956897	0.270893	0.439655	0.864943	9.90099e-09	0.0990099	9.90099e-09	1	0.16092	0.272959	0.666667	0.666667	0.666667	1	1	37876.8	1e+20	3.73185e+07	23.3596	70.4771	55.8502	26.5918	65.0808	30.0448	
 45000	-98789	-1222.72	-52026.3	-14407.3	0.04719	1	0.149286	13.3971	1.41538	0.00504496	19.9963	0.75323	3558	99	369	-75071.9	62.2519f	25.8643	4	1	1	0.0990099	0.207921	9.90099e-09	0.009901	0	0	0	0	0.963636	0.938547	0.241667	0.533333	0.853107	9.90099e-09	0.0990099	9.90099e-09	1	0.112676	0.307895	0.666667	0.666667	0.666667	1	1	37876.8	1e+20	3.73185e+07	23.3596	70.4771	94.612	13.7745	62.2519	25.8643	
 46000	-99230	-1222.72	-52467.3	-14451.1	0.0488402	1	0.161711	12.3678	1.5868	0.0277792	19.9963	0.62024	3572	99	395	-75071.9	94.8656f	3.80186	4	1	1	0.0990099	0.257426	9.90099e-09	0.009901	0	0	0	0	0.927273	0.938547	0.265363	0.453782	0.865922	9.90099e-09	0.0990099	9.90099e-09	1	0.122905	0.303258	0.666667	0.666667	0.666667	1	1	37876.8	1e+20	3.73185e+07	33.7767	83.3801	94.612	13.7745	94.8656	3.80186	
 47000	-100270	-1222.72	-53507.2	-14727.7	0.0472512	1	0.169864	11.7741	1.61257	0.0190797	19.9963	0.581031	3663	99	385	-75071.9	73.1906f	2.12507	4	1	1	0.0990099	0.257426	9.90099e-09	0.009901	0	0	0	0	0.9	0.950685	0.286885	0.548673	0.827869	9.90099e-09	0.0990099	9.90099e-09	1	0.117486	0.309045	0.666667	0.666667	0.666667	1	1	37876.8	1e+20	3.73185e+07	50.6833	96.1447	94.612	13.7745	73.1906	2.12507	
 48000	-101454	-1222.72	-54691.2	-14861.6	0.0489908	1	0.195249	10.2434	1.9218	0.0296086	19.9963	0.424155	3708	99	447	-75071.9	98.4489f	4.42982	4	1	1	0.0990099	0.257426	9.90099e-09	9.90099e-09	0	0	0	0	0.909091	0.948925	0.246649	0.525547	0.841398	9.90099e-09	0.0990099	9.90099e-09	1	0.125668	0.293065	0.666667	0.666667	0.666667	1	1	37876.8	1e+20	3.73185e+07	79.6272	92.625	94.612	13.7745	98.4489	4.42982	
 49000	-101489	-1222.72	-54725.9	-14852.6	0.0489908	1	0.187306	10.6777	1.84362	0.0166296	19.9963	0.460888	3705	99	451	-75071.9	97.4588f	34.4568	4	1	1	0.0990099	0.257426	9.90099e-09	9.90099e-09	0	0	0	0	0.881818	0.962466	0.269755	0.493056	0.861413	9.90099e-09	0.0891089	9.90099e-09	1	0.113821	0.273128	0.666667	0.666667	0.666667	1	1	37876.8	1e+20	3.73185e+07	79.6272	92.625	94.612	13.7745	97.4588	34.4568	
 50000	-103048	-1222.72	-56285.2	-15151.2	0.0489908	1	0.18957	10.5502	1.8659	0.0239176	19.9963	0.449947	3804	99	483	-75071.9	94.3197f	9.91507	4	1	1	0.0990099	0.257426	9.90099e-09	9.90099e-09	0	0	0	0	0.9	0.958005	0.257218	0.5	0.864	9.90099e-09	0.0891089	9.90099e-09	1	0.136483	0.263617	0.666667	0.666667	0.666667	1	1	37876.8	1e+20	3.73185e+07	79.6272	92.625	68.0475	16.4081	94.3197	9.91507	
 51000	-102143	-1222.72	-55379.8	-15012.2	0.0491664	1	0.183491	10.8997	1.81254	0.0103901	19.9963	0.478541	3758	99	451	-75071.9	89.4103f	47.125	4	1	1	0.0594059	0.257426	9.90099e-09	9.90099e-09	0	0	0	0	0.918182	0.978723	0.28	0.575758	0.864	0.019802	0.0891089	9.90099e-09	1	0.136	0.269953	0.666667	0.666667	0.666667	1	1	37876.8	1e+20	3.73185e+07	79.6272	92.625	71.8196	36.7233	89.4103	47.125	
 52000	-102153	-1222.72	-55390.2	-15048.3	0.0491664	1	0.178939	11.177	1.73385	0.0100736	19.9002	0.512986	3770	99	442	-75071.9	82.5745f	29.0692	4	1	1	0.0594059	0.207921	9.90099e-09	9.90099e-09	0	0	0	0	0.918182	0.965426	0.278515	0.606299	0.875332	0.019802	0.0891089	9.90099e-09	1	0.126984	0.292411	0.666667	0.666667	0.666667	1	1	37876.8	1e+20	3.73185e+07	77.3169	89.6693	71.8196	36.7233	82.5745	29.0692	
 53000	-101043	-1222.72	-54280.4	-14876.6	0.0491664	1	0.179837	11.1212	1.74255	0.00260377	19.9002	0.507875	3713	99	400	-75071.9	69.5963f	49.3008	4	1	1	0.0594059	0.207921	9.90099e-09	9.90099e-09	0	0	0	0	0.890909	0.968	0.302387	0.535433	0.890667	0.019802	0.0891089	9.90099e-09	1	0.124668	0.293399	0.666667	0.666667	0.666667	1	1	37876.8	1e+20	3.73185e+07	91.9488	89.1611	71.8196	36.7233	69.5963	49.3008	
 54000	-102004	-1222.72	-55241.3	-15068.6	0.0497825	1	0.180017	11.11	1.76616	0.00168422	19.9002	0.500584	3777	99	419	-75071.9	62.5432f	41.0262	4	1	1	0.0594059	0.207921	9.90099e-09	9.90099e-09	0	0	0	0	0.945455	0.968338	0.262467	0.489051	0.857895	0.019802	0.0891089	9.90099e-09	1	0.140212	0.281818	0.666667	0.666667	0.666667	1	1	37876.8	1e+20	3.73185e+07	91.9488	89.1611	71.8196	36.7233	62.5432	41.0262	
 55000	-102636	-1222.72	-55873.6	-15135.8	0.0491011	1	0.198722	10.0643	1.84378	0.00338039	19.692	0.434376	3799	99	449	-75071.9	63.6261f	68.0168	4	1	1	0.0594059	0.207921	9.90099e-09	9.90099e-09	0	0	0	0	0.890909	0.965699	0.279683	0.528571	0.865079	0.019802	0.0891089	9.90099e-09	1	0.134211	0.305122	0.666667	0.666667	0.666667	1	1	37876.8	1e+20	3.73185e+07	91.9488	89.1611	71.8196	36.7233	63.6261	68.0168	
 56000	-102328	-1222.72	-55565.1	-14945.6	0.0498411	1	0.200784	9.96096	1.89098	0.00187782	19.692	0.419184	3736	99	496	-75071.9	66.5116f	48.9117	4	1	1	0.0594059	0.207921	9.90099e-09	9.90099e-09	0	0	0	0	0.881818	0.938667	0.273458	0.637584	0.855615	0.019802	0.0792079	9.90099e-09	1	0.149333	0.317073	0.666667	0.666667	0.666667	1	1	37876.8	1e+20	3.73185e+07	91.9488	89.1611	71.8196	36.7233	66.5116	48.9117	
 57000	-101289	-1222.72	-54525.8	-14813.5	0.0496662	1	0.202774	9.86319	1.99848	0.00229302	19.9344	0.392742	3692	99	454	-75071.9	56.1268f	33.1563	4	1	1	0.049505	0.207921	0.019802	9.90099e-09	0	0	0	0	0.890909	0.940701	0.272973	0.513699	0.859838	0.019802	0.0792079	9.90099e-09	1	0.137838	0.309917	0.666667	0.666667	0.666667	1	1	37876.8	1e+20	3.73185e+07	91.9488	89.1611	71.8196	36.7233	56.1268	33.1563	
 58000	-101774	-1222.72	-55011.6	-14981.6	0.0501522	1	0.173829	11.5056	1.72997	0.0114564	19.9344	0.529248	3748	99	427	-75071.9	89.0492f	36.2312	4	1	1	0.049505	0.257426	0.019802	9.90099e-09	0	0	0	0	0.918182	0.957333	0.296	0.496296	0.890667	0.019802	0.0792079	9.90099e-09	1	0.141333	0.219731	0.666667	0.666667	0.666667	1	1	37876.8	1e+20	3.73185e+07	91.9488	89.1611	71.8196	36.7233	89.0492	36.2312	
 59000	-105492	-1222.72	-58728.8	-15844.6	0.0521931	1	0.171244	11.6792	1.7872	0.0117541	19.9726	0.520032	4039	99	444	-75071.9	91.8198f	45.8033	4	1	1	0.049505	0.257426	0.019802	9.90099e-09	0	0	0	0	0.872727	0.945409	0.243781	0.503759	0.871287	0.019802	0.0792079	9.90099e-09	1	0.148883	0.254989	0.666667	0.666667	0.666667	1	1	37876.8	1e+20	3.73185e+07	91.9488	89.1611	71.8196	36.7233	91.8198	45.8033	
 60000	-103996	-1222.72	-57233.8	-15584.8	0.0522009	1	0.171882	11.6359	1.79413	0.0259618	19.9726	0.516101	3951	99	403	-75071.9	91.2418f	3.40098	4	1	1	0.049505	0.257426	0.019802	9.90099e-09	0	0	0	0	0.872727	0.967089	0.237374	0.511111	0.886364	0.019802	0.0792079	9.90099e-09	1	0.126263	0.275862	0.666667	0.666667	0.666667	1	1	37876.8	1e+20	3.73185e+07	91.9488	89.1611	61.3429	23.5371	91.2418	3.40098	
 61000	-104826	-1222.72	-58063.3	-15679.2	0.0522009	1	0.170946	11.6996	1.78435	0.00501407	19.9726	0.521773	3983	99	445	-75071.9	56.2557f	23.8319	4	1	1	0.049505	0.257426	0.019802	9.90099e-09	0	0	0	0	0.963636	0.949495	0.285714	0.496296	0.879699	0.019802	0.0792079	9.90099e-09	1	0.145363	0.296629	0.666667	0.666667	0.666667	1	1	37876.8	1e+20	3.73185e+07	74.6359	90.5988	61.3429	23.5371	56.2557	23.8319	
 62000	-103258	-1222.72	-56495.4	-15310.2	0.0522319	1	0.179536	11.1398	1.87513	0.00122039	19.9726	0.472757	3858	99	440	-75071.9	46.7343f	37.829	4	1	1	0.0594059	0.257426	0.019802	9.90099e-09	0	0	0	0	0.909091	0.968992	0.234987	0.488889	0.870801	0.019802	0.0990099	9.90099e-09	1	0.11658	0.292517	0.666667	0.666667	0.666667	1	1	37876.8	1e+20	3.73185e+07	74.6359	90.5988	61.3429	23.5371	46.7343	37.829	
 63000	-104882	-1222.72	-58119.7	-15602.8	0.0535898	1	0.179597	11.136	1.78249	0.00801183	19.5934	0.497156	3957	99	477	-75071.9	53.8309f	16.041	4	1	1	0.0594059	0.257426	0.029703	9.90099e-09	0	0	0	0	0.954545	0.969466	0.233668	0.537931	0.861111	0.019802	0.0990099	9.90099e-09	1	0.105793	0.281314	0.666667	0.666667	0.666667	1	1	37876.8	1e+20	3.73185e+07	98.0031	56.2389	61.3429	23.5371	53.8309	16.041	
 64000	-106288	-1222.72	-59525.7	-16070.4	0.0555942	1	0.162867	12.28	1.70437	0.00366825	19.6731	0.573355	4117	99	430	-75071.9	32.3463f	35.628	4	1	1	0.0594059	0.287129	0.029703	9.90099e-09	0	0	0	0	0.918182	0.958637	0.291971	0.461538	0.905109	0.019802	0.0990099	9.90099e-09	1	0.0948905	0.266366	0.666667	0.666667	0.666667	1	1	37876.8	1e+20	3.73185e+07	98.0031	56.2389	61.3429	23.5371	32.3463	35.628	
 65000	-108878	-1222.72	-62115.6	-16616.5	0.0555942	1	0.16714	11.966	1.74908	0.00426627	19.6731	0.544416	4306	99	457	-75071.9	41.8416f	26.7577	4	1	1	0.0594059	0.287129	0.029703	9.90099e-09	0	0	0	0	0.872727	0.955711	0.273148	0.510791	0.875	9.90099e-09	0.0990099	9.90099e-09	1	0.104408	0.276169	0.666667	0.666667	0.666667	1	1	37876.8	1e+20	3.73185e+07	98.0031	56.2389	61.3429	23.5371	41.8416	26.7577	
 66000	-109280	-1222.72	-62517	-16734.4	0.0582892	1	0.17252	11.5929	1.8929	0.0102693	19.6731	0.487365	4348	99	447	-75071.9	55.7644f	11.6373	4	1	1	0.0594059	0.287129	0.029703	9.90099e-09	0	0	0	0	0.845455	0.956322	0.25576	0.492754	0.857143	9.90099e-09	0.0990099	9.90099e-09	1	0.131034	0.297539	0.666667	0.666667	0.666667	1	1	37876.8	1e+20	3.73185e+07	98.0031	56.2389	61.3429	23.5371	55.7644	11.6373	
 67000	-110715	-1222.72	-63952.5	-17057.6	0.0592728	1	0.162278	12.3245	1.81057	0.0155211	19.6731	0.541683	4462	99	450	-75071.9	84.9465f	16.9962	4	1	1	0.0594059	0.287129	0.029703	9.90099e-09	0	0	0	0	0.872727	0.957303	0.251121	0.577465	0.853604	9.90099e-09	0.0990099	9.90099e-09	1	0.118568	0.246667	0.666667	0.666667	0.666667	1	1	37876.8	1e+20	3.73185e+07	98.0031	56.2389	97.1648	20.6614	84.9465	16.9962	
 68000	-111903	-1222.72	-65140.7	-17307.9	0.0608014	1	0.165548	12.0811	1.84883	0.0143254	19.553	0.519997	4551	99	463	-75071.9	88.3845f	24.235	4	1	1	0.0594059	0.287129	0.029703	9.90099e-09	0	0	0	0	0.890909	0.969298	0.24183	0.573427	0.872807	9.90099e-09	0.108911	9.90099e-09	1	0.100877	0.319239	0.666667	0.666667	0.666667	1	1	37876.8	1e+20	3.73185e+07	98.0031	56.2389	82.3547	16.5527	88.3845	24.235	
 69000	-114168	-1222.72	-67405.3	-17706.5	0.0623468	1	0.173558	11.5235	1.98755	0.00442116	19.553	0.461379	4694	99	510	-75071.9	73.7116f	40.4397	4	1	1	0.0792079	0.287129	0.029703	9.90099e-09	0	0	0	0	0.845455	0.959574	0.203822	0.455446	0.870488	9.90099e-09	0.108911	9.90099e-09	1	0.129512	0.273077	0.666667	0.666667	0.666667	1	1	37876.8	1e+20	3.73185e+07	98.0031	56.2389	82.3547	16.5527	73.7116	40.4397	
 70000	-113050	-1222.72	-66286.8	-17509.4	0.062189	1	0.17059	11.724	1.96033	0.022702	19.5823	0.475926	4623	99	492	-75071.9	90.2806f	8.01318	4	1	1	0.0792079	0.287129	0.029703	9.90099e-09	0	0	0	0	0.909091	0.960699	0.28355	0.503448	0.865801	9.90099e-09	0.108911	9.90099e-09	1	0.119048	0.32563	0.666667	0.666667	0.666667	1	1	37876.8	1e+20	3.73185e+07	98.0031	56.2389	91.4511	9.21177	90.2806	8.01318	
 71000	-112012	-1222.72	-65249	-17363.9	0.060914	1	0.167367	11.9498	2.04982	0.0261774	20	0.463912	4571	99	448	-75071.9	95.8021f	7.437	4	1	1	0.0792079	0.138614	0.029703	9.90099e-09	0	0	0	0	0.909091	0.963124	0.230435	0.57554	0.897826	9.90099e-09	0.108911	9.90099e-09	1	0.101732	0.284501	0.666667	0.666667	0.666667	1	1	37876.8	1e+20	3.73185e+07	98.0031	56.2389	91.4511	9.21177	95.8021	7.437	
 72000	-111822	-1222.72	-65059.1	-17296.8	0.060914	1	0.162855	12.2808	1.99457	0.0264542	20	0.48997	4547	99	457	-75071.9	91.169f	2.55696	4	1	1	0.0792079	0.138614	0.029703	9.90099e-09	0	0	0	0	0.909091	0.966887	0.262693	0.453901	0.874468	9.90099e-09	0.108911	9.90099e-09	1	0.143488	0.309368	0.666667	0.666667	0.666667	1	1	37876.8	1e+20	3.73185e+07	98.0031	56.2389	91.4511	9.21177	91.169	2.55696	
 73000	-113375	-1222.72	-66612.5	-17587.1	0.0621149	1	0.168323	11.8819	2.10217	0.0158148	20	0.449791	4651	99	484	-75071.9	88.424f	80.3359	4	1	1	0.0792079	0.138614	0.029703	9.90099e-09	0	0	0	0	0.9	0.965739	0.280514	0.52	0.872611	9.90099e-09	0.108911	9.90099e-09	1	0.107066	0.290061	0.666667	0.666667	0.666667	1	1	37876.8	1e+20	3.73185e+07	98.0031	56.2389	87.9221	53.5151	88.424	80.3359	
 74000	-114636	-1222.72	-67873.5	-17828.6	0.0623811	1	0.168323	11.8819	2.04978	0.00931537	19.853	0.461287	4738	99	504	-75071.9	87.2261f	54.2195	4	1	1	0.0792079	0.138614	0.029703	9.90099e-09	0	0	0	0	0.909091	0.964211	0.252632	0.61165	0.881607	9.90099e-09	0.108911	9.90099e-09	1	0.116279	0.290123	0.666667	0.666667	0.666667	1	1	37876.8	1e+20	3.73185e+07	98.0031	56.2389	87.9221	53.5151	87.2261	54.2195	
 75000	-114977	-1222.72	-68214.3	-17950.7	0.0623811	1	0.161027	12.4203	1.98687	0.0267331	19.9183	0.497453	4782	99	486	-75071.9	95.7617f	94.2056	4	1	1	0.0891089	0.138614	0.029703	9.90099e-09	0	0	0	0	0.890909	0.962185	0.188161	0.492958	0.885835	9.90099e-09	0.039604	9.90099e-09	1	0.135699	0.299569	0.666667	0.666667	0.666667	1	1	37876.8	1e+20	3.73185e+07	98.0031	56.2389	87.9221	53.5151	95.7617	94.2056	
 76000	-114572	-1222.72	-67809.5	-17762	0.0623811	1	0.18526	10.7956	2.28588	0.0267331	19.9183	0.375823	4714	99	525	-75071.9	95.7617f	94.2056	4	1	1	0.0891089	0.138614	0.029703	9.90099e-09	0	0	0	0	0.854545	0.96603	0.269068	0.472222	0.845011	9.90099e-09	0.039604	9.90099e-09	1	0.120763	0.289524	0.666667	0.666667	0.666667	1	1	37876.8	1e+20	3.73185e+07	97.1423	66.4852	87.9221	53.5151	95.7617	94.2056	
 77000	-117211	-1222.72	-70448	-18383.2	0.0644292	1	0.171004	11.6957	2.17925	0.00974108	19.9183	0.427079	4940	99	518	-75071.9	82.3082f	29.8549	4	1	1	0.0891089	0.138614	0.029703	9.90099e-09	0	0	0	0	0.890909	0.967546	0.234216	0.564815	0.882353	9.90099e-09	0.039604	9.90099e-09	1	0.133333	0.273423	0.666667	0.666667	0.666667	1	1	37876.8	1e+20	3.73185e+07	97.1423	66.4852	87.9221	53.5151	82.3082	29.8549	
 78000	-116163	-1222.72	-69400.6	-18144.7	0.0644292	1	0.159567	12.5339	2.03351	0.0117475	19.9183	0.490491	4853	99	519	-75071.9	86.106f	28.8252	4	1	1	0.0891089	0.138614	0.029703	9.90099e-09	0	0	0	0	0.936364	0.952772	0.265432	0.490741	0.861224	9.90099e-09	0.039604	9.90099e-09	1	0.11499	0.285164	0.666667	0.666667	0.666667	1	1	37876.8	1e+20	3.73185e+07	38.3904	88.2812	92.4821	42.3684	86.106	28.8252	
 79000	-117174	-1222.72	-70411.7	-18364.3	0.0642546	1	0.1701	11.7578	2.16186	0.0168461	19.9183	0.4328	4933	99	518	-75071.9	91.0936f	21.2538	4	1	1	0.0891089	0.138614	0.029703	9.90099e-09	0	0	0	0	0.854545	0.971888	0.32	0.576923	0.904	9.90099e-09	0.039604	9.90099e-09	1	0.134538	0.269155	0.666667	0.666667	0.666667	1	1	37876.8	1e+20	3.73185e+07	38.3904	88.2812	92.4821	42.3684	91.0936	21.2538	
 80000	-115854	-1222.72	-69091.3	-18114.5	0.0642546	1	0.164582	12.152	2.09173	0.00894977	19.9183	0.462308	4842	99	500	-75071.9	75.6412f	24.1809	4	1	1	0.0891089	0.138614	0.029703	9.90099e-09	0	0	0	0	0.881818	0.96281	0.297521	0.53271	0.863636	9.90099e-09	0.039604	9.90099e-09	1	0.107438	0.305389	0.666667	0.666667	0.666667	1	1	37876.8	1e+20	3.73185e+07	38.3904	88.2812	92.4821	42.3684	75.6412	24.1809	
 81000	-116258	-1222.72	-69495.7	-18224	0.0652436	1	0.173738	11.5116	2.24208	0.00303943	19.9183	0.408577	4882	99	493	-75071.9	50.9328f	71.3164	4	1	1	0.039604	0.138614	0.029703	9.90099e-09	0	0	0	0	0.918182	0.96748	0.227181	0.530435	0.867886	9.90099e-09	0.039604	9.90099e-09	1	0.0953347	0.310469	0.666667	0.666667	0.666667	1	1	37876.8	1e+20	3.73185e+07	38.3904	88.2812	66.3241	77.3634	50.9328	71.3164	
 82000	-118070	-1222.72	-71307.6	-18612.3	0.0649363	1	0.162053	12.3416	2.08144	0.0107558	19.9183	0.471846	5024	99	504	-75071.9	90.1564f	52.7888	4	1	1	0.039604	0.138614	0.009901	9.90099e-09	0	0	0	0	0.881818	0.966469	0.252988	0.587838	0.889546	9.90099e-09	0.0792079	9.90099e-09	1	0.135458	0.300403	0.666667	0.666667	0.666667	1	1	37876.8	1e+20	3.73185e+07	38.3904	88.2812	66.3241	77.3634	90.1564	52.7888	
 83000	-117323	-1222.72	-70560.5	-18445.9	0.0676187	1	0.17663	11.3231	2.35674	0.00399137	19.9064	0.382335	4963	99	505	-75071.9	65.4396f	69.1095	4	1	1	0.039604	0.247525	0.009901	9.90099e-09	0	0	0	0	0.9	0.957831	0.220884	0.537037	0.86747	9.90099e-09	0.0792079	9.90099e-09	1	0.126506	0.319688	0.666667	0.666667	0.666667	1	1	37876.8	1e+20	3.73185e+07	38.3904	88.2812	66.3241	77.3634	65.4396	69.1095	
 84000	-118778	-1222.72	-72015.5	-18693.8	0.0676187	1	0.185355	10.7901	2.4252	0.000843189	19.8092	0.354053	5055	99	539	-75071.9	53.6161f	40.3106	4	1	1	0.039604	0.247525	0.009901	9.90099e-09	0	0	0	0	0.927273	0.938976	0.269531	0.542857	0.862745	9.90099e-09	0.0792079	9.90099e-09	1	0.132411	0.281132	0.666667	0.666667	0.666667	1	1	37876.8	1e+20	3.73185e+07	38.3904	88.2812	66.3241	77.3634	53.6161	40.3106	
 85000	-119884	-1222.72	-73121.7	-18925.1	0.0688147	1	0.185065	10.807	2.45483	0.00652531	19.7903	0.350327	5141	99	542	-75071.9	57.2336f	80.5807	4	1	1	0.039604	0.247525	0.009901	9.90099e-09	0	0	0	0	0.863636	0.945631	0.222868	0.454545	0.860194	9.90099e-09	0.0792079	9.90099e-09	1	0.0933852	0.310345	0.666667	0.666667	0.666667	1	1	37876.8	1e+20	3.73185e+07	38.3904	88.2812	66.3241	77.3634	57.2336	80.5807	
 86000	-119082	-1222.72	-72318.8	-18806.9	0.0682424	1	0.186103	10.7467	2.44807	0.0167238	19.7903	0.349335	5097	99	521	-75071.9	95.5968f	71.2518	4	1	1	0.039604	0.247525	0.009901	9.90099e-09	0	0	0	0	0.818182	0.955426	0.297456	0.563636	0.882583	9.90099e-09	0.0792079	9.90099e-09	1	0.127202	0.282443	0.666667	0.666667	0.666667	1	1	37876.8	1e+20	3.73185e+07	38.3904	88.2812	66.3241	77.3634	95.5968	71.2518	
 87000	-120766	-1222.72	-74003.1	-19039.8	0.067013	1	0.184363	10.8482	2.22568	0.00494368	19.4583	0.387868	5183	99	584	-75071.9	72.8734f	64.9724	4	1	1	0.128713	0.247525	0.009901	9.90099e-09	0	0	0	0	0.890909	0.957198	0.262136	0.552632	0.873541	9.90099e-09	0.0792079	9.90099e-09	1	0.145631	0.291592	0.666667	0.666667	0.666667	1	1	37876.8	1e+20	3.73185e+07	38.3904	88.2812	66.3241	77.3634	72.8734	64.9724	
 88000	-119577	-1222.72	-72813.9	-18826.2	0.067013	1	0.185041	10.8084	2.23386	0.00458019	19.4583	0.385032	5104	99	551	-75071.9	52.3069f	76.1729	4	1	1	0.128713	0.247525	0.039604	9.90099e-09	0	0	0	0	0.909091	0.956863	0.24466	0.463636	0.898039	9.90099e-09	0.0792079	9.90099e-09	1	0.109589	0.301616	0.666667	0.666667	0.666667	1	1	37876.8	1e+20	3.73185e+07	38.3904	88.2812	66.3241	77.3634	52.3069	76.1729	
 89000	-117970	-1222.72	-71206.9	-18355.9	0.067013	1	0.187393	10.6728	2.39414	0.0151016	19.7359	0.354746	4930	99	597	-75071.9	52.9571f	97.7009	4	1	1	0.128713	0.207921	0.039604	9.90099e-09	0	0	0	0	0.9	0.965726	0.267748	0.525424	0.868687	9.90099e-09	0.0891089	9.90099e-09	1	0.123482	0.278351	0.666667	0.666667	0.666667	1	1	37876.8	1e+20	3.73185e+07	32.7342	80.5434	66.3241	77.3634	52.9571	97.7009	
 90000	-119805	-1222.72	-73042.2	-18786	0.0688912	1	0.203764	9.81525	2.4198	0.00302333	19.2451	0.322785	5089	99	596	-75071.9	68.6283f	60.3484	4	1	1	0.128713	0.207921	0.039604	9.90099e-09	0	0	0	0	0.845455	0.931102	0.249509	0.559322	0.878193	9.90099e-09	0.0891089	9.90099e-09	1	0.117878	0.327181	0.666667	0.666667	0.666667	1	1	37876.8	1e+20	3.73185e+07	27.3711	77.7189	66.3241	77.3634	68.6283	60.3484	
 91000	-122735	-1222.72	-75972.5	-19388	0.0688912	1	0.203239	9.84065	2.41355	0.0177151	19.2451	0.324458	5314	99	620	-75071.9	34.8389f	99.389	4	1	1	0.128713	0.207921	0.039604	9.90099e-09	0	0	0	0	0.845455	0.949248	0.231203	0.475806	0.836158	9.90099e-09	0.0891089	9.90099e-09	1	0.120301	0.296474	0.666667	0.666667	0.666667	1	1	37876.8	1e+20	3.73185e+07	27.3711	77.7189	66.3241	77.3634	34.8389	99.389	
 92000	-121203	-1222.72	-74440.3	-19106.9	0.0693119	1	0.205608	9.72723	2.40585	0.0153991	19.1449	0.321745	5209	99	595	-75071.9	74.5931f	91.5952	4	1	1	0.128713	0.207921	0.039604	9.90099e-09	0	0	0	0	0.872727	0.961977	0.227533	0.474576	0.879541	0.009901	0.0891089	9.90099e-09	1	0.122371	0.305556	0.666667	0.666667	0.666667	1	1	37876.8	1e+20	3.73185e+07	27.3711	77.7189	66.3241	77.3634	74.5931	91.5952	
 93000	-122568	-1222.72	-75805.3	-19399.6	0.070011	1	0.183458	10.9017	2.44681	0.00235319	19.732	0.354554	5319	99	594	-75071.9	59.5154f	66.1995	4	1	1	0.128713	0.207921	0.039604	9.90099e-09	0	0	0	0	0.872727	0.943396	0.225141	0.536585	0.843985	0.009901	0.0891089	9.90099e-09	1	0.137218	0.276042	0.666667	0.666667	0.666667	1	1	37876.8	1e+20	3.73185e+07	27.3711	77.7189	66.3241	77.3634	59.5154	66.1995	
 94000	-120089	-1222.72	-73326.3	-18975	0.0705109	1	0.168941	11.8385	2.26928	0.0146454	19.732	0.415144	5159	99	543	-75071.9	49.8644f	97.0504	4	1	1	0.039604	0.207921	0.039604	9.90099e-09	0	0	0	0	0.9	0.955426	0.271845	0.517857	0.860465	0.009901	0.029703	9.90099e-09	1	0.116279	0.288719	0.666667	0.666667	0.666667	1	1	37876.8	1e+20	3.73185e+07	33.8521	93.7178	78.7859	96.0547	49.8644	97.0504	
 95000	-122023	-1222.72	-75260.6	-19402	0.0705194	1	0.165867	12.0578	2.22826	0.00760868	19.732	0.430618	5320	99	541	-75071.9	75.3333f	72.6221	4	1	1	0.039604	0.207921	0.0693069	9.90099e-09	0	0	0	0	0.854545	0.951311	0.236295	0.518868	0.883239	0.009901	0.029703	9.90099e-09	1	0.11257	0.297952	0.666667	0.666667	0.666667	1	1	37876.8	1e+20	3.73185e+07	33.8521	93.7178	78.7859	96.0547	75.3333	72.6221	
 96000	-124905	-1222.72	-78142.4	-19791.8	0.0705194	1	0.194016	10.3084	2.52727	0.0168258	19.5805	0.324586	5467	99	644	-75071.9	91.1875f	79.1997	4	1	1	0.039604	0.207921	0.0693069	9.90099e-09	0	0	0	0	0.845455	0.946593	0.26055	0.438462	0.856618	0.009901	0.029703	9.90099e-09	1	0.133455	0.313002	0.666667	0.666667	0.666667	1	1	37876.8	1e+20	3.73185e+07	33.8521	93.7178	77.6766	85.5688	91.1875	79.1997	
 97000	-124243	-1222.72	-77480.2	-19760.1	0.0749251	1	0.180688	11.0688	2.52893	0.0170434	19.6355	0.3483	5455	99	603	-75071.9	98.7565f	64.085	4	1	1	0.039604	0.207921	0.0693069	9.90099e-09	0	0	0	0	0.854545	0.955963	0.268739	0.586777	0.876364	0.009901	0.029703	9.90099e-09	1	0.162706	0.33719	0.666667	0.666667	0.666667	1	1	37876.8	1e+20	3.73185e+07	33.8521	93.7178	77.6766	85.5688	98.7565	64.085	
 98000	-127917	-1222.72	-81154.1	-20563.4	0.0749251	1	0.16384	12.2071	2.30736	0.00884657	19.6659	0.421004	5765	99	598	-75071.9	67.4407f	82.2127	4	1	1	0.039604	0.207921	0.0693069	9.90099e-09	0	0	0	0	0.809091	0.952962	0.246101	0.47541	0.860384	0.009901	0.029703	9.90099e-09	1	0.106457	0.270764	0.666667	0.666667	0.666667	1	1	37876.8	1e+20	3.73185e+07	32.6256	94.131	77.6766	85.5688	67.4407	82.2127	
 99000	-126953	-1222.72	-80190.3	-20385.5	0.0775488	1	0.158078	12.652	2.30418	0.0134803	19.6659	0.436951	5696	99	577	-75071.9	87.422f	75.3397	4	1	1	0.0792079	0.207921	0.0693069	9.90099e-09	0	0	0	0	0.9	0.956217	0.281469	0.548673	0.877622	0.009901	0.029703	9.90099e-09	1	0.117544	0.311958	0.666667	0.666667	0.666667	1	1	37876.8	1e+20	3.73185e+07	78.9668	78.4935	77.6766	85.5688	87.422	75.3397	
100000	-126778	-1222.72	-80015.2	-20408.6	0.0744201	1	0.171408	11.6681	2.47021	0.0115916	19.813	0.375885	5705	99	556	-75071.9	49.6426f	91.8533	4	1	1	0.0792079	0.207921	0.0693069	9.90099e-09	0	0	0	0	0.890909	0.958042	0.260946	0.560345	0.8726	0.009901	0.0891089	9.90099e-09	1	0.137871	0.256055	0.666667	0.666667	0.666667	1	1	37876.8	1e+20	3.73185e+07	33.8903	76.5336	77.6766	85.5688	49.6426	91.8533	
101000	-129179	-1222.72	-82416.1	-20798.9	0.0760895	1	0.174029	11.4924	2.45856	0.00764302	19.6057	0.371979	5857	99	611	-75071.9	54.3416f	83.7213	4	1	1	0.0792079	0.168317	0.0594059	9.90099e-09	0	0	0	0	0.863636	0.962521	0.282794	0.512195	0.858362	0.009901	0.0891089	9.90099e-09	1	0.122867	0.315447	0.666667	0.666667	0.666667	1	1	37876.8	1e+20	3.73185e+07	33.8903	76.5336	77.6766	85.5688	54.3416	83.7213	
102000	-128364	-1222.72	-81601.8	-20662.4	0.0760895	1	0.179774	11.1251	2.48198	0.00935381	19.4933	0.356694	5804	99	596	-75071.9	82.3372f	69.2609	4	1	1	0.0792079	0.168317	0.0594059	9.90099e-09	0	0	0	0	0.881818	0.97227	0.268421	0.540323	0.876977	0.009901	0.0891089	9.90099e-09	1	0.159445	0.315271	0.666667	0.666667	0.666667	1	1	37876.8	1e+20	3.73185e+07	33.8903	76.5336	77.6766	85.5688	82.3372	69.2609	
103000	-129858	-1222.72	-83095.6	-20807.7	0.0771977	1	0.1929	10.3681	2.63422	0.0200032	19.3699	0.313211	5861	99	673	-75071.9	74.7673f	99.1708	4	1	1	0.0792079	0.168317	0.0594059	9.90099e-09	0	0	0	0	0.845455	0.957627	0.228814	0.507576	0.847458	0.009901	0.0891089	9.90099e-09	1	0.140678	0.340267	0.666667	0.666667	0.666667	1	1	37876.8	1e+20	3.73185e+07	33.8903	76.5336	77.6766	85.5688	74.7673	99.1708	
104000	-130318	-1222.72	-83555	-20948.1	0.0775486	1	0.186433	10.7277	2.55748	0.014393	19.3699	0.333799	5916	99	657	-75071.9	69.5134f	92.442	4	1	1	0.0792079	0.168317	0.0594059	9.90099e-09	0	0	0	0	0.854545	0.969388	0.250847	0.473684	0.855196	0.009901	0.0891089	9.90099e-09	1	0.139219	0.293935	0.666667	0.666667	0.666667	1	1	37876.8	1e+20	3.73185e+07	15.3391	66.3261	77.6766	85.5688	69.5134	92.442	
105000	-129062	-1222.72	-82299.2	-20758	0.0759004	1	0.179318	11.1533	2.47909	0.0281516	19.5121	0.358017	5841	99	625	-75071.9	95.472f	96.8519	4	1	1	0.0990099	0.168317	0.0594059	9.90099e-09	0	0	0	0	0.881818	0.965695	0.244406	0.544	0.891566	9.90099e-09	0.0891089	9.90099e-09	1	0.125645	0.3008	0.666667	0.666667	0.666667	1	1	37876.8	1e+20	3.73185e+07	15.3391	66.3261	77.6766	85.5688	95.472	96.8519	
106000	-131420	-1222.72	-84656.9	-21258.6	0.0802714	1	0.173642	11.518	2.78022	0.0164712	19.9601	0.329677	6039	99	621	-75071.9	59.9246f	98.9418	4	1	1	0.0990099	0.168317	0.0594059	9.90099e-09	0	0	0	0	0.9	0.965404	0.256623	0.532258	0.884106	9.90099e-09	0.0891089	9.90099e-09	1	0.127483	0.285024	0.666667	0.666667	0.666667	1	1	37876.8	1e+20	3.73185e+07	49.6994	89.1204	77.6766	85.5688	59.9246	98.9418	
107000	-132939	-1222.72	-86176.5	-21483	0.0802714	1	0.176016	11.3626	2.81823	0.0209748	19.9601	0.320843	6128	99	664	-75071.9	78.7482f	98.4978	4	1	1	0.0990099	0.168317	0.039604	9.90099e-09	0	0	0	0	0.854545	0.97553	0.270358	0.51145	0.877451	9.90099e-09	0.0792079	9.90099e-09	1	0.153344	0.266667	0.666667	0.666667	0.666667	1	1	37876.8	1e+20	3.73185e+07	49.6994	89.1204	91.8586	58.9407	78.7482	98.4978	
108000	-132579	-1222.72	-85815.8	-21488.1	0.0802714	1	0.173809	11.5069	2.7829	0.00962189	19.9601	0.32904	6130	99	623	-75071.9	84.4667f	34.264	4	1	1	0.0990099	0.168317	0.039604	9.90099e-09	0	0	0	0	0.9	0.973813	0.270049	0.512	0.895254	9.90099e-09	0.0792079	9.90099e-09	1	0.147841	0.290909	0.666667	0.666667	0.666667	1	1	37876.8	1e+20	3.73185e+07	49.6994	89.1204	91.8586	58.9407	84.4667	34.264	
109000	-133852	-1222.72	-87089.4	-21603.3	0.0837619	1	0.173809	11.5069	2.90391	0.00171203	19.9601	0.315329	6176	99	696	-75071.9	64.6666f	56.1289	4	1	1	0.0990099	0.168317	0.039604	9.90099e-09	0	0	0	0	0.9	0.949675	0.238636	0.530769	0.87785	9.90099e-09	0.0792079	9.90099e-09	1	0.130856	0.292645	0.666667	0.666667	0.666667	1	1	37876.8	1e+20	3.73185e+07	49.6994	89.1204	91.8586	58.9407	64.6666	56.1289	
110000	-137195	-1222.72	-90432.7	-22275.3	0.0837619	1	0.178406	11.2104	2.94267	0.0108198	19.8961	0.303159	6447	99	708	-75071.9	76.763f	80.4147	4	1	1	0.0990099	0.168317	0.039604	9.90099e-09	0	0	0	0	0.863636	0.963077	0.291667	0.530303	0.889922	9.90099e-09	0.0792079	9.90099e-09	1	0.125387	0.30814	0.666667	0.666667	0.666667	1	1	37876.8	1e+20	3.73185e+07	49.6994	89.1204	83.3756	79.1628	76.763	80.4147	
111000	-138625	-1222.72	-91862.5	-22700.6	0.0877582	1	0.177066	11.2952	3.02708	0.0108852	19.8426	0.296934	6622	99	657	-75071.9	88.6859f	62.1843	4	1	1	0.039604	0.168317	0.039604	9.90099e-09	0	0	0	0	0.918182	0.957831	0.233786	0.503704	0.880845	9.90099e-09	0.0792079	9.90099e-09	1	0.129713	0.294891	0.666667	0.666667	0.666667	1	1	37876.8	1e+20	3.73185e+07	13.6961	48.953	83.3756	79.1628	88.6859	62.1843	
112000	-138930	-1222.72	-92167.1	-22690.8	0.0881478	1	0.17831	11.2164	3.14973	0.0107816	19.9834	0.283382	6618	99	678	-75071.9	66.8176f	86.7716	4	1	1	0.039604	0.168317	0.039604	9.90099e-09	0	0	0	0	0.9	0.968182	0.242836	0.543478	0.881639	9.90099e-09	0.0792079	9.90099e-09	1	0.126888	0.263636	0.666667	0.666667	0.666667	1	1	37876.8	1e+20	3.73185e+07	13.6961	48.953	83.3756	79.1628	66.8176	86.7716	
113000	-139910	-1222.72	-93147.3	-22848.5	0.089561	1	0.170122	11.7563	3.05327	0.017546	19.9834	0.306405	6683	99	703	-75071.9	71.6869f	96.7864	4	1	1	0.039604	0.168317	0.029703	9.90099e-09	0	0	0	0	0.881818	0.952096	0.278614	0.544118	0.874439	9.90099e-09	0.0792079	9.90099e-09	1	0.137255	0.272599	0.666667	0.666667	0.666667	1	1	37876.8	1e+20	3.73185e+07	13.6961	48.953	83.3756	79.1628	71.6869	96.7864	
114000	-140895	-1222.72	-94131.9	-22988.4	0.089561	1	0.170122	11.7563	3.05327	0.013214	19.9834	0.306405	6741	99	726	-75071.9	75.1994f	87.0034	4	1	1	0.039604	0.0891089	0.029703	9.90099e-09	0	0	0	0	0.845455	0.945266	0.262611	0.528169	0.863976	9.90099e-09	0.0792079	9.90099e-09	1	0.133333	0.30854	0.666667	0.666667	0.666667	1	1	37876.8	1e+20	3.73185e+07	13.6961	48.953	83.3756	79.1628	75.1994	87.0034	
115000	-142136	-1222.72	-95373.1	-23445.5	0.0902293	1	0.149734	13.357	2.70741	0.0105055	19.9834	0.392596	6931	99	634	-75071.9	78.205f	78.2469	4	1	1	0.039604	0.0891089	0.029703	9.90099e-09	0	0	0	0	0.909091	0.976845	0.281567	0.433071	0.882779	9.90099e-09	0.0792079	9.90099e-09	1	0.125904	0.273952	0.666667	0.666667	0.666667	1	1	37876.8	1e+20	3.73185e+07	13.6961	48.953	83.3756	79.1628	78.205	78.2469	
116000	-139585	-1222.72	-92821.8	-23089.5	0.0902293	1	0.145867	13.7111	2.63749	0.0166063	19.9834	0.413687	6783	99	563	-75071.9	94.2132f	73.6462	4	1	1	0.039604	0.0891089	0.029703	9.90099e-09	0	0	0	0	0.881818	0.963127	0.248529	0.566372	0.908689	9.90099e-09	0.0792079	9.90099e-09	1	0.100147	0.270463	0.666667	0.666667	0.666667	1	1	37876.8	1e+20	3.73185e+07	13.6961	48.953	83.3756	79.1628	94.2132	73.6462	
117000	-139689	-1222.72	-92926.4	-23089.5	0.0902293	1	0.145867	13.7111	2.60977	0.00939866	19.9307	0.418082	6783	99	575	-75071.9	85.1738f	63.5611	4	1	1	0.049505	0.0891089	0.029703	9.90099e-09	0	0	0	0	0.854545	0.973451	0.244118	0.491935	0.896755	9.90099e-09	0.0792079	9.90099e-09	1	0.125	0.305057	0.666667	0.666667	0.666667	1	1	37876.8	1e+20	3.73185e+07	13.6961	48.953	83.3756	79.1628	85.1738	63.5611	
118000	-140950	-1222.72	-94187.4	-23286.8	0.0901717	1	0.1374	14.556	2.47946	0.00535867	19.9766	0.467169	6865	99	597	-75071.9	77.5578f	56.8743	4	1	1	0.049505	0.0891089	0.029703	9.90099e-09	0	0	0	0	0.918182	0.969343	0.25182	0.536585	0.903367	9.90099e-09	0.0792079	9.90099e-09	1	0.106259	0.266116	0.666667	0.666667	0.666667	1	1	37876.8	1e+20	3.73185e+07	9.74759	81.9965	83.3756	79.1628	77.5578	56.8743	
119000	-140759	-1222.72	-93996.2	-23099.2	0.0901717	1	0.169528	11.7974	3.05923	0.00611539	19.9766	0.306878	6787	99	666	-75071.9	77.9559f	61.9243	4	1	1	0.049505	0.0891089	0.029703	9.90099e-09	0	0	0	0	0.918182	0.962154	0.255882	0.507692	0.883652	9.90099e-09	0.0792079	9.90099e-09	1	0.116348	0.270106	0.666667	0.666667	0.666667	1	1	37876.8	1e+20	3.73185e+07	9.74759	81.9965	83.3756	79.1628	77.9559	61.9243	
120000	-141809	-1222.72	-95046.7	-23255	0.0913164	1	0.162088	12.339	2.9621	0.00367327	19.9766	0.331489	6852	99	690	-75071.9	71.5286f	59.4327	4	1	1	0.049505	0.0891089	0.019802	9.90099e-09	0	0	0	0	0.972727	0.970717	0.267936	0.57554	0.873529	9.90099e-09	0.118812	9.90099e-09	1	0.103953	0.284058	0.666667	0.666667	0.666667	1	1	37876.8	1e+20	3.73185e+07	9.74759	81.9965	83.3756	79.1628	71.5286	59.4327	
121000	-141747	-1222.72	-94983.9	-23322.1	0.0920972	1	0.162088	12.339	2.9997	0.00937729	19.9971	0.327333	6880	99	660	-75071.9	84.8985f	64.1503	4	1	1	0.049505	0.0990099	0.019802	9.90099e-09	0	0	0	0	0.909091	0.972384	0.255814	0.451128	0.891147	9.90099e-09	0.118812	9.90099e-09	1	0.134978	0.292101	0.666667	0.666667	0.666667	1	1	37876.8	1e+20	3.73185e+07	9.74759	81.9965	83.3756	79.1628	84.8985	64.1503	
122000	-140936	-1222.72	-94173.5	-23221.9	0.0920972	1	0.148831	13.4381	2.75435	0.0195319	19.9971	0.388246	6838	99	625	-75071.9	92.0793f	16.1646	4	1	1	0.049505	0.0990099	0.019802	9.90099e-09	0	0	0	0	0.881818	0.958944	0.255848	0.496063	0.882698	9.90099e-09	0.118812	9.90099e-09	1	0.133041	0.282219	0.666667	0.666667	0.666667	1	1	37876.8	1e+20	3.73185e+07	9.74759	81.9965	83.3756	79.1628	92.0793	16.1646	
123000	-142473	-1222.72	-95710.1	-23527.2	0.0920972	1	0.151593	13.1932	2.80547	0.00345107	19.9971	0.374228	6966	99	632	-75071.9	72.524f	52.831	4	1	1	0.029703	0.0990099	0.019802	9.90099e-09	0	0	0	0	0.881818	0.979856	0.25431	0.598361	0.882184	9.90099e-09	0.118812	9.90099e-09	1	0.116212	0.317073	0.666667	0.666667	0.666667	1	1	37876.8	1e+20	3.73185e+07	10.3597	75.3321	83.3756	79.1628	72.524	52.831	
124000	-143262	-1222.72	-96498.8	-23712.6	0.0925906	1	0.147118	13.5945	2.73724	0.0036761	19.9971	0.395221	7044	99	617	-75071.9	70.0166f	62.3853	4	1	1	0.029703	0.0990099	0.019802	9.90099e-09	0	0	0	0	0.836364	0.967283	0.266667	0.552	0.883688	9.90099e-09	0.118812	9.90099e-09	1	0.121986	0.288925	0.666667	0.666667	0.666667	1	1	37876.8	1e+20	3.73185e+07	10.3597	75.3321	83.3756	79.1628	70.0166	62.3853	
125000	-141497	-1222.72	-94733.9	-23289.1	0.0925906	1	0.146788	13.6251	2.63184	0.016763	19.8129	0.411976	6866	99	644	-75071.9	98.4223f	63.7249	4	1	1	0.029703	0.0990099	0.019802	9.90099e-09	0	0	0	0	0.954545	0.962264	0.2627	0.483871	0.909884	9.90099e-09	0.118812	9.90099e-09	1	0.103348	0.323029	0.666667	0.666667	0.666667	1	1	37876.8	1e+20	3.73185e+07	47.297	85.3033	83.3756	79.1628	98.4223	63.7249	
126000	-139956	-1222.72	-93193.6	-23024.9	0.0925906	1	0.148355	13.4812	2.65994	0.0142985	19.8129	0.403317	6755	99	624	-75071.9	72.7495f	90.6291	4	1	1	0.029703	0.0990099	0.029703	9.90099e-09	0	0	0	0	0.854545	0.958395	0.276219	0.523438	0.884615	9.90099e-09	0.0891089	9.90099e-09	1	0.110119	0.265176	0.666667	0.666667	0.666667	1	1	37876.8	1e+20	3.73185e+07	47.297	85.3033	83.3756	79.1628	72.7495	90.6291	
127000	-138290	-1222.72	-91526.9	-22686	0.0877279	1	0.164583	12.1519	2.79593	0.00979339	19.8129	0.345867	6616	99	629	-75071.9	63.7757f	85.985	4	1	1	0.029703	0.0990099	0.029703	9.90099e-09	0	0	0	0	0.909091	0.97281	0.291982	0.503937	0.889561	9.90099e-09	0.0891089	9.90099e-09	1	0.113293	0.288744	0.666667	0.666667	0.666667	1	1	37876.8	1e+20	3.73185e+07	47.297	85.3033	83.3756	79.1628	63.7757	85.985	
128000	-138579	-1222.72	-91815.8	-22770.9	0.0885323	1	0.151479	13.2031	2.59692	0.00809478	19.8129	0.404584	6651	99	612	-75071.9	50.7422f	84.9623	4	1	1	0.029703	0.188119	0.029703	9.90099e-09	0	0	0	0	0.881818	0.971726	0.239098	0.541353	0.896241	9.90099e-09	0.0891089	9.90099e-09	1	0.10961	0.298532	0.666667	0.666667	0.666667	1	1	37876.8	1e+20	3.73185e+07	47.297	85.3033	83.3756	79.1628	50.7422	84.9623	
129000	-139489	-1222.72	-92725.9	-22870.1	0.0890412	1	0.158961	12.5817	2.72059	0.00276394	19.7762	0.368015	6692	99	658	-75071.9	61.7957f	66.6387	4	1	1	0.029703	0.188119	0.029703	9.90099e-09	0	0	0	0	0.881818	0.961194	0.272321	0.492424	0.886567	9.90099e-09	0.0891089	9.90099e-09	1	0.123881	0.317485	0.666667	0.666667	0.666667	1	1	37876.8	1e+20	3.73185e+07	32.5842	95.4943	83.3756	79.1628	61.7957	66.6387	
130000	-137536	-1222.72	-90773.4	-22640.4	0.0890412	1	0.156496	12.7799	2.67841	0.0090784	19.7762	0.379699	6597	99	578	-75071.9	79.1011f	73.0073	4	1	1	0.039604	0.188119	0.029703	9.90099e-09	0	0	0	0	0.936364	0.956325	0.251885	0.55	0.880303	9.90099e-09	0.0891089	9.90099e-09	1	0.0965309	0.318339	0.666667	0.666667	0.666667	1	1	37876.8	1e+20	3.73185e+07	32.5842	95.4943	83.3756	79.1628	79.1011	73.0073	
131000	-140252	-1222.72	-93489.1	-23027	0.0904302	1	0.154322	12.9599	2.55023	0.0115233	19.528	0.404401	6757	99	656	-75071.9	56.6388f	91.2356	4	1	1	0.039604	0.188119	0.029703	9.90099e-09	0	0	0	0	0.818182	0.963289	0.291362	0.518519	0.887755	9.90099e-09	0.0693069	9.90099e-09	1	0.131387	0.289634	0.666667	0.666667	0.666667	1	1	37876.8	1e+20	3.73185e+07	32.5842	95.4943	83.3756	79.1628	56.6388	91.2356	
132000	-139333	-1222.72	-92570.1	-22774.7	0.0904302	1	0.166921	11.9817	3.03303	0.00890832	19.9968	0.314364	6652	99	683	-75071.9	67.4644f	82.345	4	1	1	0.039604	0.188119	0.029703	9.90099e-09	0	0	0	0	0.881818	0.965723	0.291291	0.456522	0.894895	0.019802	0.0693069	9.90099e-09	1	0.106607	0.295691	0.666667	0.666667	0.666667	1	1	37876.8	1e+20	3.73185e+07	48.705	99.589	83.3756	79.1628	67.4644	82.345	
133000	-142025	-1222.72	-95262.8	-23329.8	0.0904302	1	0.167359	11.9504	3.04099	0.0100941	19.9968	0.31272	6883	99	684	-75071.9	68.7051f	84.369	4	1	1	0.039604	0.188119	0.029703	9.90099e-09	0	0	0	0	0.863636	0.953623	0.298984	0.474074	0.899709	0.019802	0.0693069	9.90099e-09	1	0.110305	0.277946	0.666667	0.666667	0.666667	1	1	37876.8	1e+20	3.73185e+07	48.705	99.589	83.3756	79.1628	68.7051	84.369	
134000	-141819	-1222.72	-95055.8	-23281.4	0.091402	1	0.164229	12.1781	3.01618	0.00467775	19.9968	0.321302	6863	99	681	-75071.9	76.3367f	52.7637	4	1	1	0.039604	0.257426	0.029703	9.90099e-09	0	0	0	0	0.936364	0.967883	0.295058	0.503546	0.885007	0.019802	0.0693069	9.90099e-09	1	0.143895	0.296562	0.666667	0.666667	0.666667	1	1	37876.8	1e+20	3.73185e+07	48.705	99.589	83.3756	79.1628	76.3367	52.7637	
135000	-141086	-1222.72	-94323.3	-23136.2	0.0890283	1	0.15165	13.1883	2.7078	0.00370764	19.9875	0.387581	6802	99	671	-75071.9	68.3987f	64.8699	4	1	1	0.039604	0.257426	0.029703	9.90099e-09	0	0	0	0	0.881818	0.967742	0.279823	0.434783	0.882698	0.019802	0.0693069	9.90099e-09	1	0.120766	0.278034	0.666667	0.666667	0.666667	1	1	37876.8	1e+20	3.73185e+07	48.705	99.589	83.3756	79.1628	68.3987	64.8699	
136000	-141273	-1222.72	-94510.2	-23154.5	0.0902231	1	0.158375	12.6283	2.86583	0.00538102	19.9875	0.350659	6810	99	689	-75071.9	76.9875f	59.1039	4	1	1	0.039604	0.257426	0.029703	9.90099e-09	0	0	0	0	0.872727	0.957164	0.268833	0.5	0.886095	0.019802	0.0693069	9.90099e-09	1	0.134417	0.266082	0.666667	0.666667	0.666667	1	1	37876.8	1e+20	3.73185e+07	48.705	99.589	83.3756	79.1628	76.9875	59.1039	
137000	-140626	-1222.72	-93862.9	-23070.4	0.0897406	1	0.146671	13.636	2.63985	0.00800535	19.9875	0.411053	6775	99	663	-75071.9	77.4983f	71.3812	4	1	1	0.039604	0.257426	0.029703	9.90099e-09	0	0	0	0	0.927273	0.976261	0.278107	0.521739	0.878698	0.019802	0.0792079	9.90099e-09	1	0.128319	0.306333	0.666667	0.666667	0.666667	1	1	37876.8	1e+20	3.73185e+07	48.705	99.589	83.3756	79.1628	77.4983	71.3812	
138000	-138968	-1222.72	-92205	-22828.5	0.091039	1	0.150036	13.3302	2.73949	0.00524582	19.9875	0.387219	6674	99	619	-75071.9	60.4938f	76.1528	4	1	1	0.0693069	0.257426	0.019802	9.90099e-09	0	0	0	0	0.872727	0.95082	0.274627	0.480916	0.868263	0.019802	0.0792079	9.90099e-09	1	0.100299	0.245427	0.666667	0.666667	0.666667	1	1	37876.8	1e+20	3.73185e+07	8.77164	67.7556	83.3756	79.1628	60.4938	76.1528	
139000	-140177	-1222.72	-93414.7	-23063.3	0.091039	1	0.157011	12.738	2.86685	0.0173564	19.9875	0.353578	6772	99	636	-75071.9	74.65f	94.9826	4	1	1	0.0693069	0.257426	0.019802	9.90099e-09	0	0	0	0	0.863636	0.964549	0.243722	0.554688	0.896603	0.019802	0.0792079	9.90099e-09	1	0.125369	0.285039	0.666667	0.666667	0.666667	1	1	37876.8	1e+20	3.73185e+07	8.77164	67.7556	83.3756	79.1628	74.65	94.9826	
140000	-140042	-1222.72	-93279.3	-23025.7	0.0883333	1	0.148537	13.4647	2.57876	0.00969036	19.8866	0.415504	6756	99	633	-75071.9	70.904f	82.1422	4	1	1	0.0693069	0.217822	0.019802	9.90099e-09	0	0	0	0	0.890909	0.968889	0.276627	0.477273	0.887574	0.019802	0.0792079	9.90099e-09	1	0.134615	0.273302	0.666667	0.666667	0.666667	1	1	37876.8	1e+20	3.73185e+07	8.77164	67.7556	83.3756	79.1628	70.904	82.1422	
141000	-141408	-1222.72	-94645.4	-23300.5	0.0913942	1	0.152518	13.1132	2.69263	0.00431236	19.8008	0.387546	6871	99	640	-75071.9	59.1386f	73.8393	4	1	1	0.0693069	0.217822	0.019802	9.90099e-09	0	0	0	0	0.863636	0.966715	0.295058	0.491935	0.9	0.019802	0.0792079	9.90099e-09	1	0.110465	0.296117	0.666667	0.666667	0.666667	1	1	37876.8	1e+20	3.73185e+07	8.77164	67.7556	83.3756	79.1628	59.1386	73.8393	
142000	-142424	-1222.72	-95660.8	-23634.7	0.0905714	1	0.145727	13.7243	2.29828	0.0129168	19.2937	0.4752	7010	99	586	-75071.9	62.2851f	92.4994	4	1	1	0.0693069	0.217822	0.019802	9.90099e-09	0	0	0	0	0.845455	0.972818	0.230769	0.521008	0.909871	0.019802	0.0792079	9.90099e-09	1	0.116809	0.302439	0.666667	0.666667	0.666667	1	1	37876.8	1e+20	3.73185e+07	8.77164	67.7556	83.3756	79.1628	62.2851	92.4994	
143000	-141579	-1222.72	-94816.2	-23331.7	0.0922203	1	0.177151	11.2898	2.84473	0.0131986	19.2937	0.315817	6884	99	648	-75071.9	72.1994f	88.8447	4	1	1	0.0792079	0.217822	0.019802	9.90099e-09	0	0	0	0	0.827273	0.969828	0.247826	0.517986	0.881766	9.90099e-09	0.0792079	9.90099e-09	1	0.0933908	0.29742	0.666667	0.666667	0.666667	1	1	37876.8	1e+20	3.73185e+07	8.77164	67.7556	78.0909	83.4605	72.1994	88.8447	
144000	-143528	-1222.72	-96765.1	-23701.7	0.0957068	1	0.170842	11.7068	2.84714	0.00864811	19.2937	0.327203	7039	99	659	-75071.9	65.0981f	82.9157	4	1	1	0.0792079	0.217822	0.019802	9.90099e-09	0	0	0	0	0.927273	0.97155	0.249275	0.496183	0.880682	9.90099e-09	0.0891089	9.90099e-09	1	0.119318	0.305471	0.666667	0.666667	0.666667	1	1	37876.8	1e+20	3.73185e+07	8.77164	67.7556	78.0909	83.4605	65.0981	82.9157	
145000	-148350	-1222.72	-101587	-24614.4	0.0957068	1	0.170842	11.7068	2.84714	0.0113026	19.2937	0.327203	7428	99	693	-75071.9	85.9724f	70.438	4	1	1	0.0792079	0.217822	0.039604	9.90099e-09	0	0	0	0	0.927273	0.970068	0.207268	0.492647	0.891008	9.90099e-09	0.0891089	9.90099e-09	1	0.157823	0.293179	0.666667	0.666667	0.666667	1	1	37876.8	1e+20	3.73185e+07	8.77164	67.7556	78.0909	83.4605	85.9724	70.438	
146000	-142845	-1222.72	-96082.2	-23726.3	0.0942861	1	0.14666	13.637	2.40786	0.00673906	19.2937	0.45069	7050	99	584	-75071.9	80.9018f	57.8224	4	1	1	0.0792079	0.188119	0.039604	9.90099e-09	0	0	0	0	0.918182	0.956153	0.27983	0.438017	0.911807	9.90099e-09	0.0891089	9.90099e-09	1	0.123055	0.292894	0.666667	0.666667	0.666667	1	1	37876.8	1e+20	3.73185e+07	8.77164	67.7556	78.0909	83.4605	80.9018	57.8224	
147000	-145393	-1222.72	-98630	-24115.9	0.0942861	1	0.146772	13.6266	2.559	0.0028935	19.5858	0.423748	7215	99	638	-75071.9	63.2089f	66.1654	4	1	1	0.0792079	0.188119	0.039604	9.90099e-09	0	0	0	0	0.918182	0.961165	0.275242	0.608333	0.87656	9.90099e-09	0.0891089	9.90099e-09	1	0.103734	0.273282	0.666667	0.666667	0.666667	1	1	37876.8	1e+20	3.73185e+07	8.77164	67.7556	78.0909	83.4605	63.2089	66.1654	
148000	-143758	-1222.72	-96995.2	-23731	0.0942861	1	0.155408	12.8693	2.70958	0.00469364	19.5858	0.377958	7052	99	658	-75071.9	73.5262f	38.1873	4	1	1	0.0792079	0.188119	0.039604	9.90099e-09	0	0	0	0	0.836364	0.96875	0.24611	0.503704	0.892807	9.90099e-09	0.0891089	9.90099e-09	1	0.12358	0.300752	0.666667	0.666667	0.666667	1	1	37876.8	1e+20	3.73185e+07	30.3157	81.2212	78.0909	83.4605	73.5262	38.1873	
149000	-145147	-1222.72	-98384.7	-24057.6	0.0937371	1	0.155408	12.8693	2.6938	0.00286735	19.5858	0.380172	7190	99	640	-75071.9	32.3363f	60.0776	4	1	1	0.0792079	0.188119	0.039604	9.90099e-09	0	0	0	0	0.9	0.965374	0.246518	0.476563	0.875519	9.90099e-09	0.0891089	9.90099e-09	1	0.125	0.286604	0.666667	0.666667	0.666667	1	1	37876.8	1e+20	3.73185e+07	30.3157	81.2212	49.7796	57.916	32.3363	60.0776	
150000	-144036	-1222.72	-97273.6	-23794.9	0.0937371	1	0.149515	13.3766	2.59164	0.0110863	19.5858	0.410735	7079	99	650	-75071.9	31.7425f	86.4806	4	1	1	0.0792079	0.188119	0.039604	9.90099e-09	0	0	0	0	0.827273	0.958982	0.265162	0.515625	0.909477	9.90099e-09	0.0891089	9.90099e-09	1	0.0959097	0.286154	0.666667	0.666667	0.666667	1	1	37876.8	1e+20	3.73185e+07	30.3157	81.2212	49.7796	57.916	31.7425	86.4806	
151000	-142175	-1222.72	-95412.1	-23430.3	0.0937371	1	0.156837	12.7521	2.82875	0.000187427	19.7814	0.358739	6925	99	652	-75071.9	46.7992f	51.4874	4	1	1	0.049505	0.188119	0.009901	9.90099e-09	0	0	0	0	0.845455	0.971098	0.255443	0.535433	0.87699	9.90099e-09	0.118812	9.90099e-09	1	0.126984	0.28811	0.666667	0.666667	0.666667	1	1	37876.8	1e+20	3.73185e+07	30.3157	81.2212	49.7796	57.916	46.7992	51.4874	
152000	-146043	-1222.72	-99279.9	-24133.4	0.0937371	1	0.154994	12.9037	2.79551	0.00109974	19.7814	0.367321	7222	99	684	-75071.9	39.2259f	55.7017	4	1	1	0.049505	0.19802	0.009901	9.90099e-09	0	0	0	0	0.890909	0.971074	0.256303	0.510949	0.863955	9.90099e-09	0.118812	9.90099e-09	1	0.115118	0.303338	0.666667	0.666667	0.666667	1	1	37876.8	1e+20	3.73185e+07	30.3157	81.2212	49.7796	57.916	39.2259	55.7017	
153000	-145857	-1222.72	-99094	-24079.5	0.0961608	1	0.151347	13.2147	2.89478	0.0142357	19.9461	0.363272	7200	99	691	-75071.9	25.38f	11.5285	4	1	1	0.049505	0.19802	0.009901	9.90099e-09	0	0	0	0	0.927273	0.969359	0.241667	0.592	0.881119	9.90099e-09	0.118812	9.90099e-09	1	0.124128	0.28821	0.666667	0.666667	0.666667	1	1	37876.8	1e+20	3.73185e+07	30.3157	81.2212	49.7796	57.916	25.38	11.5285	
154000	-144381	-1222.72	-97618.1	-23946.6	0.0935742	1	0.138892	14.3997	2.5851	0.00312059	19.9461	0.443269	7143	99	618	-75071.9	47.8074f	29.1611	4	1	1	0.049505	0.19802	0.009901	9.90099e-09	0	0	0	0	0.890909	0.97493	0.26676	0.598361	0.908078	9.90099e-09	0.118812	9.90099e-09	1	0.108635	0.252427	0.666667	0.666667	0.666667	1	1	37876.8	1e+20	3.73185e+07	30.3157	81.2212	49.7796	57.916	47.8074	29.1611	
155000	-145789	-1222.72	-99026.7	-24119.9	0.0949043	1	0.148929	13.4292	2.81132	0.00241342	19.9461	0.380129	7217	99	666	-75071.9	58.8915f	66.8243	4	1	1	0.049505	0.19802	0.009901	9.90099e-09	0	0	0	0	0.881818	0.970833	0.284722	0.469231	0.886111	9.90099e-09	0.118812	9.90099e-09	1	0.148611	0.276235	0.666667	0.666667	0.666667	1	1	37876.8	1e+20	3.73185e+07	30.3157	81.2212	49.7796	57.916	58.8915	66.8243	
156000	-142472	-1222.72	-95709.2	-23487.4	0.0939762	1	0.150485	13.2904	2.8129	0.00492336	19.9461	0.375988	6949	99	649	-75071.9	46.2303f	76.9314	4	1	1	0.049505	0.19802	0.019802	9.90099e-09	0	0	0	0	0.854545	0.959712	0.255043	0.529851	0.906516	9.90099e-09	0.118812	9.90099e-09	1	0.102158	0.278902	0.666667	0.666667	0.666667	1	1	37876.8	1e+20	3.73185e+07	30.3157	81.2212	49.7796	57.916	46.2303	76.9314	
157000	-145521	-1222.72	-98758.3	-23950.9	0.0939762	1	0.159362	12.5501	2.97883	0.0124795	19.9461	0.335267	7145	99	717	-75071.9	13.4621f	72.8272	4	1	1	0.049505	0.19802	0.019802	9.90099e-09	0	0	0	0	0.881818	0.962291	0.248951	0.503546	0.893706	9.90099e-09	0.138614	9.90099e-09	1	0.111888	0.292086	0.666667	0.666667	0.666667	1	1	37876.8	1e+20	3.73185e+07	30.3157	81.2212	49.7796	57.916	13.4621	72.8272	
158000	-144110	-1222.72	-97347.6	-23762	0.0949852	1	0.156467	12.7823	2.57797	0.0145911	19.2751	0.394567	7065	99	679	-75071.9	8.38235f	70.9168	4	1	1	0.0594059	0.118812	0.019802	9.90099e-09	0	0	0	0	0.881818	0.964589	0.216332	0.511111	0.886657	9.90099e-09	0.138614	9.90099e-09	1	0.118812	0.311111	0.666667	0.666667	0.666667	1	1	37876.8	1e+20	3.73185e+07	30.3157	81.2212	49.7796	57.916	8.38235	70.9168	
159000	-143470	-1222.72	-96707.6	-23797.2	0.0939278	1	0.156467	12.7823	2.54927	0.000447707	19.2751	0.399009	7080	99	607	-75071.9	55.8414f	45.7598	4	1	1	0.0594059	0.118812	0.019802	9.90099e-09	0	0	0	0	0.872727	0.966102	0.23338	0.536	0.898305	9.90099e-09	0.138614	9.90099e-09	1	0.141443	0.304416	0.666667	0.666667	0.666667	1	1	37876.8	1e+20	3.73185e+07	30.3157	81.2212	15.1631	54.4958	55.8414	45.7598	
160000	-144549	-1222.72	-97786	-23924.9	0.0939278	1	0.145694	13.7274	2.70374	0.000447707	19.9127	0.40403	7134	99	643	-75071.9	55.8414f	45.7598	4	1	1	0.0594059	0.118812	0.019802	9.90099e-09	0	0	0	0	0.890909	0.961972	0.251412	0.503876	0.892807	9.90099e-09	0.138614	9.90099e-09	1	0.105042	0.280675	0.666667	0.666667	0.666667	1	1	37876.8	1e+20	3.73185e+07	30.3157	81.2212	30.497	23.2469	55.8414	45.7598	
161000	-146861	-1222.72	-100099	-24360.1	0.0985031	1	0.144317	13.8584	2.80865	0.00394959	19.9127	0.392649	7320	99	659	-75071.9	45.0889f	26.834	4	1	1	0.0594059	0.118812	0.019802	9.90099e-09	0	0	0	0	0.9	0.963315	0.273826	0.527132	0.851206	9.90099e-09	0.138614	9.90099e-09	1	0.107527	0.330804	0.666667	0.666667	0.666667	1	1	37876.8	1e+20	3.73185e+07	30.3157	81.2212	30.497	23.2469	45.0889	26.834	
162000	-149997	-1222.72	-103235	-25018.7	0.0996759	1	0.13582	14.7254	2.67475	0.00869105	19.9127	0.438102	7605	99	637	-75071.9	85.2655f	58.2367	4	1	1	0.0594059	0.118812	0.019802	9.90099e-09	0	0	0	0	0.872727	0.960526	0.248357	0.48062	0.9159	9.90099e-09	0.138614	9.90099e-09	1	0.101183	0.256966	0.666667	0.666667	0.666667	1	1	37876.8	1e+20	3.73185e+07	30.3157	81.2212	70.7695	39.3426	85.2655	58.2367	
163000	-147310	-1222.72	-100548	-24490.3	0.0992342	1	0.148247	13.491	2.90655	0.00802953	19.9127	0.369365	7376	99	642	-75071.9	84.6995f	48.6783	4	1	1	0.0594059	0.118812	0.019802	9.90099e-09	0	0	0	0	0.872727	0.949796	0.284367	0.6	0.88874	9.90099e-09	0.0594059	9.90099e-09	1	0.117886	0.303318	0.666667	0.666667	0.666667	1	1	37876.8	1e+20	3.73185e+07	57.6849	96.863	70.7695	39.3426	84.6995	48.6783	
164000	-150584	-1222.72	-103822	-25094.6	0.103708	1	0.151544	13.1975	3.10514	0.00188799	19.9127	0.338222	7638	99	663	-75071.9	64.9192f	43.0517	4	1	1	0.0594059	0.118812	0.019802	9.90099e-09	0	0	0	0	0.9	0.948886	0.30315	0.507463	0.899083	9.90099e-09	0.0594059	9.90099e-09	1	0.102228	0.274074	0.666667	0.666667	0.666667	1	1	37876.8	1e+20	3.73185e+07	57.6849	96.863	70.7695	39.3426	64.9192	43.0517	
165000	-151413	-1222.72	-104650	-25223.4	0.101942	1	0.150904	13.2534	3.01455	0.0123606	19.8719	0.349862	7695	99	677	-75071.9	92.6095f	43.5988	4	1	1	0.049505	0.158416	0.019802	9.90099e-09	0	0	0	0	0.936364	0.966146	0.251948	0.478873	0.891786	9.90099e-09	0.0594059	9.90099e-09	1	0.13151	0.292217	0.666667	0.666667	0.666667	1	1	37876.8	1e+20	3.73185e+07	34.3776	71.3294	70.7695	39.3426	92.6095	43.5988	
166000	-152551	-1222.72	-105789	-25358.1	0.101942	1	0.152255	13.1359	3.04153	0.016605	19.8719	0.343682	7754	99	717	-75071.9	96.0262f	30.7954	4	1	1	0.049505	0.158416	0.019802	9.90099e-09	0	0	0	0	0.854545	0.968031	0.246488	0.493151	0.899106	9.90099e-09	0.0594059	9.90099e-09	1	0.121483	0.273224	0.666667	0.666667	0.666667	1	1	37876.8	1e+20	3.73185e+07	34.3776	71.3294	70.7695	39.3426	96.0262	30.7954	
167000	-151211	-1222.72	-104448	-25232.5	0.101942	1	0.136753	14.625	2.73185	0.000291955	19.8719	0.426019	7699	99	652	-75071.9	55.5853f	50.7785	4	1	1	0.049505	0.158416	0.019802	9.90099e-09	0	0	0	0	0.818182	0.968992	0.273671	0.496403	0.92228	9.90099e-09	0.0594059	9.90099e-09	1	0.107652	0.332829	0.666667	0.666667	0.666667	1	1	37876.8	1e+20	3.73185e+07	34.3776	71.3294	70.7695	39.3426	55.5853	50.7785	
168000	-151152	-1222.72	-104389	-25184.8	0.103098	1	0.15018	13.3174	3.03409	0.00092351	19.8719	0.349284	7678	99	670	-75071.9	59.4889f	44.1537	4	1	1	0.049505	0.158416	0.019802	9.90099e-09	0	0	0	0	0.909091	0.96732	0.272966	0.547445	0.904199	9.90099e-09	0.0891089	9.90099e-09	1	0.113281	0.308148	0.666667	0.666667	0.666667	1	1	37876.8	1e+20	3.73185e+07	65.6405	85.7224	80.6172	54.1361	59.4889	44.1537	
169000	-151999	-1222.72	-105236	-25285	0.103727	1	0.161849	12.3572	3.28979	0.0101004	19.8719	0.298911	7722	99	705	-75071.9	79.4191f	75.8091	4	1	1	0.049505	0.158416	0.019802	9.90099e-09	0	0	0	0	0.954545	0.966321	0.247089	0.489796	0.893179	9.90099e-09	0.0891089	9.90099e-09	1	0.109395	0.308123	0.666667	0.666667	0.666667	1	1	37876.8	1e+20	3.73185e+07	65.6405	85.7224	80.6172	54.1361	79.4191	75.8091	
170000	-152334	-1222.72	-105571	-25398.3	0.103727	1	0.149615	13.3676	3.06135	0.0157779	19.9048	0.347481	7772	99	681	-75071.9	92.494f	74.1526	4	1	1	0.049505	0.158416	0.009901	9.90099e-09	0	0	0	0	0.818182	0.963777	0.271318	0.542636	0.897172	9.90099e-09	0.0891089	9.90099e-09	1	0.107969	0.303519	0.666667	0.666667	0.666667	1	1	37876.8	1e+20	3.73185e+07	65.6405	85.7224	80.6172	54.1361	92.494	74.1526	
171000	-153100	-1222.72	-106338	-25484.4	0.103727	1	0.15764	12.6871	3.22555	0.00294629	19.9048	0.313003	7810	99	702	-75071.9	59.3389f	68.8794	4	1	1	0.039604	0.19802	0.009901	9.90099e-09	0	0	0	0	0.845455	0.969309	0.265385	0.450704	0.89272	9.90099e-09	0.0891089	9.90099e-09	1	0.0997442	0.311798	0.666667	0.666667	0.666667	1	1	37876.8	1e+20	3.73185e+07	77.7907	27.3794	80.6172	54.1361	59.3389	68.8794	
172000	-154733	-1222.72	-107970	-25672.5	0.103727	1	0.158869	12.589	3.2507	0.0168721	19.9048	0.30818	7893	99	765	-75071.9	70.098f	96.4024	4	1	1	0.039604	0.19802	0.009901	9.90099e-09	0	0	0	0	0.881818	0.978535	0.272383	0.526316	0.898089	9.90099e-09	0.0891089	9.90099e-09	1	0.120253	0.283069	0.666667	0.666667	0.666667	1	1	37876.8	1e+20	3.73185e+07	77.7907	27.3794	80.6172	54.1361	70.098	96.4024	
173000	-153464	-1222.72	-106702	-25452.7	0.103727	1	0.155628	12.8511	3.18438	0.00794272	19.9048	0.321149	7796	99	752	-75071.9	83.5081f	41.9308	4	1	1	0.039604	0.19802	0.009901	9.90099e-09	0	0	0	0	0.836364	0.971903	0.270513	0.5	0.888462	9.90099e-09	0.0891089	9.90099e-09	1	0.135897	0.297521	0.666667	0.666667	0.666667	1	1	37876.8	1e+20	3.73185e+07	77.7907	27.3794	80.6172	54.1361	83.5081	41.9308	
174000	-152909	-1222.72	-106147	-25323.4	0.103505	1	0.170356	11.7401	3.47827	0.0004836	19.9048	0.268596	7739	99	764	-75071.9	54.7151f	44.1921	4	1	1	0.039604	0.19802	0.009901	9.90099e-09	0	0	0	0	0.890909	0.967742	0.270481	0.555556	0.865039	9.90099e-09	0.0891089	9.90099e-09	1	0.127438	0.308627	0.666667	0.666667	0.666667	1	1	37876.8	1e+20	3.73185e+07	21.9924	84.6467	80.6172	54.1361	54.7151	44.1921	
175000	-156267	-1222.72	-109504	-25809	0.1034	1	0.178491	11.2051	3.64068	0.00348385	19.9048	0.244919	7953	99	849	-75071.9	57.4445f	71.6757	4	1	1	0.039604	0.19802	0.009901	9.90099e-09	0	0	0	0	0.9	0.96713	0.278129	0.567901	0.883397	9.90099e-09	0.0891089	9.90099e-09	1	0.132743	0.282147	0.666667	0.666667	0.666667	1	1	37876.8	1e+20	3.73185e+07	21.9924	84.6467	80.6172	54.1361	57.4445	71.6757	
176000	-156142	-1222.72	-109380	-25966.5	0.10538	1	0.170291	11.7446	3.42144	0.000358141	19.7361	0.273162	8024	99	771	-75071.9	54.8359f	46.1231	4	1	1	0.039604	0.138614	0.009901	9.90099e-09	0	0	0	0	0.827273	0.96005	0.264411	0.532051	0.877193	9.90099e-09	0.138614	9.90099e-09	1	0.12406	0.286641	0.666667	0.666667	0.666667	1	1	37876.8	1e+20	3.73185e+07	21.9924	84.6467	55.3287	62.7784	54.8359	46.1231	
177000	-156534	-1222.72	-109771	-25908	0.10538	1	0.16995	11.7681	3.41459	0.00395504	19.7361	0.274258	7998	99	818	-75071.9	34.8013f	68.7771	4	1	1	0.039604	0.138614	0.019802	9.90099e-09	0	0	0	0	0.845455	0.965131	0.276596	0.4625	0.878109	9.90099e-09	0.138614	9.90099e-09	1	0.12625	0.264596	0.666667	0.666667	0.666667	1	1	37876.8	1e+20	3.73185e+07	97.594	87.2735	47.6387	62.6271	34.8013	68.7771	
178000	-155113	-1222.72	-108350	-25762.7	0.10736	1	0.156686	12.7644	3.20721	0.00185918	19.7361	0.316712	7933	99	760	-75071.9	44.9429f	65.6872	4	1	1	0.049505	0.138614	0.019802	9.90099e-09	0	0	0	0	0.845455	0.967296	0.280303	0.516779	0.875472	9.90099e-09	0.138614	9.90099e-09	1	0.132911	0.280263	0.666667	0.666667	0.666667	1	1	37876.8	1e+20	3.73185e+07	97.594	87.2735	47.6387	62.6271	44.9429	65.6872	
179000	-157052	-1222.72	-110289	-26081.9	0.107287	1	0.160992	12.423	3.29314	0.00326807	19.7361	0.300197	8076	99	789	-75071.9	49.9305f	72.1277	4	1	1	0.049505	0.138614	0.019802	9.90099e-09	0	0	0	0	0.863636	0.960445	0.268564	0.496644	0.901863	9.90099e-09	0.138614	9.90099e-09	1	0.136307	0.290241	0.666667	0.666667	0.666667	1	1	37876.8	1e+20	3.73185e+07	89.7509	94.9922	47.6387	62.6271	49.9305	72.1277	
180000	-155788	-1222.72	-109025	-25948.1	0.107673	1	0.159593	12.5319	3.25151	0.00428816	19.6988	0.306705	8016	99	739	-75071.9	50.8355f	75.3891	4	1	1	0.049505	0.138614	0.019802	9.90099e-09	0	0	0	0	0.854545	0.952912	0.255583	0.490066	0.882793	9.90099e-09	0.138614	9.90099e-09	1	0.109046	0.291611	0.666667	0.666667	0.666667	1	1	37876.8	1e+20	3.73185e+07	87.7527	71.2762	47.6387	62.6271	50.8355	75.3891	
181000	-155915	-1222.72	-109153	-26000	0.105687	1	0.153636	13.0178	3.07241	0.0118594	19.6988	0.337168	8039	99	725	-75071.9	85.7883f	72.7132	4	1	1	0.049505	0.138614	0.019802	9.90099e-09	0	0	0	0	0.881818	0.961347	0.272388	0.430556	0.880745	9.90099e-09	0.108911	9.90099e-09	1	0.124533	0.296552	0.666667	0.666667	0.666667	1	1	37876.8	1e+20	3.73185e+07	88.7189	38.6725	47.6387	62.6271	85.7883	72.7132	
182000	-154204	-1222.72	-107442	-25867.4	0.105687	1	0.138502	14.4403	2.76975	0.00674427	19.6988	0.414882	7980	99	630	-75071.9	68.2919f	76.233	4	1	1	0.049505	0.207921	0.019802	9.90099e-09	0	0	0	0	0.927273	0.968711	0.24125	0.555556	0.886935	9.90099e-09	0.108911	9.90099e-09	1	0.115	0.246951	0.666667	0.666667	0.666667	1	1	37876.8	1e+20	3.73185e+07	88.7189	38.6725	47.6387	62.6271	68.2919	76.233	
183000	-151371	-1222.72	-104608	-25341.6	0.105739	1	0.135614	14.7477	2.8333	0.00678707	19.913	0.414212	7746	99	628	-75071.9	43.9351f	81.3739	4	1	1	0.0693069	0.207921	0.019802	9.90099e-09	0	0	0	0	0.854545	0.962725	0.280566	0.56	0.912484	9.90099e-09	0.108911	9.90099e-09	1	0.0954839	0.244628	0.666667	0.666667	0.666667	1	1	37876.8	1e+20	3.73185e+07	68.1177	70.1506	47.6387	62.6271	43.9351	81.3739	
184000	-154687	-1222.72	-107924	-25748.5	0.102933	1	0.156443	12.7842	2.90292	0.00731216	19.4616	0.350452	7926	99	730	-75071.9	57.207f	82.4793	4	1	1	0.0693069	0.207921	0.019802	9.90099e-09	0	0	0	0	0.872727	0.973552	0.25599	0.544218	0.904282	9.90099e-09	0.108911	9.90099e-09	1	0.117276	0.319672	0.666667	0.666667	0.666667	1	1	37876.8	1e+20	3.73185e+07	68.1177	70.1506	47.6387	62.6271	57.207	82.4793	
185000	-152585	-1222.72	-105823	-25477.8	0.103202	1	0.135136	14.7999	2.62488	0.00145783	19.6725	0.448684	7807	99	669	-75071.9	38.9172f	59.0282	4	1	1	0.0693069	0.207921	0.029703	9.90099e-09	0	0	0	0	0.918182	0.956466	0.253521	0.477273	0.887324	9.90099e-09	0.108911	9.90099e-09	1	0.110115	0.28852	0.666667	0.666667	0.666667	1	1	37876.8	1e+20	3.73185e+07	60.8278	87.9013	47.6387	62.6271	38.9172	59.0282	
186000	-151170	-1222.72	-104407	-25248.4	0.103202	1	0.154012	12.986	2.99153	0.00102356	19.6725	0.345439	7706	99	648	-75071.9	47.8251f	61.8475	4	1	1	0.0693069	0.207921	0.029703	9.90099e-09	0	0	0	0	0.863636	0.984355	0.250328	0.416667	0.906702	9.90099e-09	0.108911	9.90099e-09	1	0.106021	0.304482	0.666667	0.666667	0.666667	1	1	37876.8	1e+20	3.73185e+07	60.8278	87.9013	47.6387	62.6271	47.8251	61.8475	
187000	-155786	-1222.72	-109023	-25917.4	0.104995	1	0.178495	11.2048	3.36124	0.00783652	19.4367	0.265273	8002	99	756	-75071.9	50.6775f	84.399	4	1	1	0.0693069	0.207921	0.029703	9.90099e-09	0	0	0	0	0.863636	0.952677	0.24625	0.496855	0.890411	9.90099e-09	0.108911	9.90099e-09	1	0.123596	0.292191	0.666667	0.666667	0.666667	1	1	37876.8	1e+20	3.73185e+07	77.7369	96.3372	47.6387	62.6271	50.6775	84.399	
188000	-156398	-1222.72	-109635	-25928.7	0.104995	1	0.160539	12.458	3.38637	0.00104446	19.996	0.292755	8007	99	801	-75071.9	43.1575f	59.8989	4	1	1	0.0693069	0.207921	0.029703	9.90099e-09	0	0	0	0	0.854545	0.951553	0.302993	0.497076	0.892768	9.90099e-09	0.128713	9.90099e-09	1	0.125935	0.289801	0.666667	0.666667	0.666667	1	1	37876.8	1e+20	3.73185e+07	92.9751	54.3928	47.6387	62.6271	43.1575	59.8989	
189000	-155209	-1222.72	-108446	-25849.4	0.105564	1	0.169331	11.8112	3.35438	0.000277858	19.6579	0.280202	7972	99	740	-75071.9	46.5387f	46.702	4	1	1	0.0693069	0.217822	0.029703	0.009901	0	0	0	0	0.927273	0.953692	0.252196	0.608108	0.883312	9.90099e-09	0.128713	9.90099e-09	1	0.117794	0.272849	0.666667	0.666667	0.666667	1	1	37876.8	1e+20	3.73185e+07	92.9751	54.3928	47.6387	62.6271	46.5387	46.702	
190000	-160173	-1222.72	-113410	-26673	0.111885	1	0.17227	11.6097	3.77565	0.0181612	19.8701	0.244692	8343	99	795	-75071.9	87.7448f	86.44	4	1	1	0.0693069	0.217822	0.049505	0.009901	0	0	0	0	0.909091	0.961631	0.277512	0.553571	0.863799	9.90099e-09	0.128713	9.90099e-09	1	0.124551	0.287823	0.666667	0.666667	0.666667	1	1	37876.8	1e+20	3.73185e+07	92.9751	54.3928	47.6387	62.6271	87.7448	86.44	
191000	-158803	-1222.72	-112041	-26550.3	0.111885	1	0.167086	11.9699	3.57899	0.0181612	19.7565	0.266145	8287	99	739	-75071.9	87.7448f	86.44	4	1	1	0.0693069	0.217822	0.049505	0.009901	0	0	0	0	0.9	0.956522	0.246973	0.503268	0.892512	9.90099e-09	0.128713	9.90099e-09	1	0.121981	0.287062	0.666667	0.666667	0.666667	1	1	37876.8	1e+20	3.73185e+07	92.9751	54.3928	47.6387	62.6271	87.7448	86.44	
192000	-161817	-1222.72	-115054	-27082.5	0.111885	1	0.148594	13.4595	3.18289	0.00428942	19.7565	0.336509	8530	99	745	-75071.9	52.6582f	75.2827	4	1	1	0.0693069	0.217822	0.049505	0.009901	0	0	0	0	0.872727	0.971864	0.273474	0.541096	0.876777	9.90099e-09	0.128713	9.90099e-09	1	0.0971564	0.288591	0.666667	0.666667	0.666667	1	1	37876.8	1e+20	3.73185e+07	92.9751	54.3928	79.1924	47.1521	52.6582	75.2827	
193000	-158000	-1222.72	-111237	-26371	0.112067	1	0.138687	14.421	2.97552	0.0105967	19.7565	0.385675	8205	99	736	-75071.9	88.9804f	41.6753	4	1	1	0.0693069	0.217822	0.049505	0.009901	0	0	0	0	0.854545	0.951397	0.246041	0.548611	0.883354	9.90099e-09	0.128713	9.90099e-09	1	0.11084	0.305707	0.666667	0.666667	0.666667	1	1	37876.8	1e+20	3.73185e+07	48.5674	86.8496	79.1924	47.1521	88.9804	41.6753	
194000	-158304	-1222.72	-111541	-26552.4	0.111741	1	0.135984	14.7076	2.83143	0.0136357	19.6234	0.413357	8288	99	685	-75071.9	91.9934f	33.3355	4	1	1	0.0693069	0.217822	0.049505	0.009901	0	0	0	0	0.836364	0.97006	0.249398	0.595745	0.891278	9.90099e-09	0.118812	9.90099e-09	1	0.101327	0.301153	0.666667	0.666667	0.666667	1	1	37876.8	1e+20	3.73185e+07	51.2241	95.7995	79.1924	47.1521	91.9934	33.3355	
195000	-159161	-1222.72	-112398	-26567.2	0.110084	1	0.147298	13.5779	3.02154	0.0166889	19.6234	0.357598	8295	99	746	-75071.9	99.9318f	45.7549	4	1	1	0.0693069	0.19802	0.049505	0.009901	0	0	0	0	0.9	0.971188	0.288623	0.503356	0.909091	9.90099e-09	0.118812	9.90099e-09	1	0.1	0.302234	0.666667	0.666667	0.666667	1	1	37876.8	1e+20	3.73185e+07	51.2241	95.7995	79.1924	47.1521	99.9318	45.7549	
196000	-156672	-1222.72	-109909	-26203.2	0.110084	1	0.155179	12.8884	3.18319	0.00472346	19.6234	0.322201	8130	99	700	-75071.9	37.3994f	27.3084	4	1	1	0.0693069	0.19802	0.049505	0.009901	0	0	0	0	0.9	0.972806	0.242611	0.503448	0.89246	9.90099e-09	0.118812	9.90099e-09	1	0.119901	0.270423	0.666667	0.666667	0.666667	1	1	37876.8	1e+20	3.73185e+07	51.2241	95.7995	79.1924	47.1521	37.3994	27.3084	
197000	-160578	-1222.72	-113815	-26852.6	0.111742	1	0.159551	12.5352	3.32219	0.00507254	19.6234	0.300259	8425	99	744	-75071.9	71.6908f	33.4015	4	1	1	0.0594059	0.19802	0.019802	0.009901	0	0	0	0	0.872727	0.966864	0.270142	0.611842	0.902613	9.90099e-09	0.118812	9.90099e-09	1	0.133175	0.288978	0.666667	0.666667	0.666667	1	1	37876.8	1e+20	3.73185e+07	51.2241	95.7995	79.1924	47.1521	71.6908	33.4015	
198000	-160635	-1222.72	-113872	-26896.4	0.111742	1	0.16416	12.1832	3.19418	0.00191336	19.2937	0.303523	8445	99	737	-75071.9	39.1164f	38.1248	4	1	1	0.0594059	0.19802	0.019802	0.009901	0	0	0	0	0.863636	0.957547	0.208038	0.48	0.893868	9.90099e-09	0.118812	9.90099e-09	1	0.119104	0.304774	0.666667	0.666667	0.666667	1	1	37876.8	1e+20	3.73185e+07	51.2241	95.7995	79.1924	47.1521	39.1164	38.1248	
199000	-157952	-1222.72	-111190	-26451.5	0.111742	1	0.158145	12.6466	3.02479	0.00893247	19.2111	0.332712	8242	99	708	-75071.9	64.0745f	16.6355	4	1	1	0.0594059	0.19802	0.019802	0.009901	0	0	0	0	0.9	0.967509	0.229844	0.613793	0.891795	9.90099e-09	0.118812	9.90099e-09	1	0.10349	0.324763	0.666667	0.666667	0.666667	1	1	37876.8	1e+20	3.73185e+07	52.4391	93.9522	79.1924	47.1521	64.0745	16.6355	
200000	-161166	-1222.72	-114403	-26934.2	0.11119	1	0.150244	13.3116	3.10381	0.00115993	19.609	0.341292	8462	99	758	-75071.9	62.8465f	50.6097	4	1	1	0.0594059	0.19802	0.019802	0.009901	0	0	0	0	0.872727	0.967098	0.249115	0.5	0.885111	9.90099e-09	0.168317	9.90099e-09	1	0.102233	0.306983	0.666667	0.666667	0.666667	1	1	37876.8	1e+20	3.73185e+07	52.4391	93.9522	79.1924	47.1521	62.8465	50.6097	
201000	-161744	-1222.72	-114981	-27075.1	0.114077	1	0.147094	13.5968	3.11761	0.0106046	19.609	0.347059	8527	99	749	-75071.9	89.6813f	45.7263	4	1	1	0.0594059	0.148515	0.019802	9.90099e-09	0	0	0	0	0.890909	0.957944	0.257042	0.533784	0.893692	9.90099e-09	0.168317	9.90099e-09	1	0.113318	0.30039	0.666667	0.666667	0.666667	1	1	37876.8	1e+20	3.73185e+07	66.0005	73.814	65.033	30.6272	89.6813	45.7263	
202000	-161179	-1222.72	-114416	-27116.3	0.11366	1	0.136325	14.6708	3.01802	0.00718971	19.8419	0.38683	8546	99	674	-75071.9	55.4411f	18.1108	4	1	1	0.0594059	0.148515	0.019802	9.90099e-09	0	0	0	0	0.881818	0.971897	0.270712	0.57971	0.907818	9.90099e-09	0.168317	9.90099e-09	1	0.110852	0.261183	0.666667	0.666667	0.666667	1	1	37876.8	1e+20	3.73185e+07	55.4387	91.3733	65.033	30.6272	55.4411	18.1108	
203000	-161652	-1222.72	-114889	-27065.1	0.111828	1	0.137867	14.5067	3.00296	0.0100337	19.8419	0.384424	8522	99	739	-75071.9	61.8963f	13.5022	4	1	1	0.0594059	0.148515	0.039604	9.90099e-09	0	0	0	0	0.854545	0.96831	0.266745	0.452055	0.916569	0.009901	0.168317	9.90099e-09	1	0.110458	0.278393	0.666667	0.666667	0.666667	1	1	37876.8	1e+20	3.73185e+07	66.8138	84.4489	65.033	30.6272	61.8963	13.5022	
204000	-161052	-1222.72	-114289	-26896.4	0.111828	1	0.144612	13.8301	3.14987	0.00456021	19.8419	0.349399	8445	99	764	-75071.9	37.4823f	27.8001	4	1	1	0.0990099	0.148515	0.039604	9.90099e-09	0	0	0	0	0.890909	0.959524	0.277251	0.581081	0.892857	0.009901	0.168317	9.90099e-09	1	0.131986	0.318063	0.666667	0.666667	0.666667	1	1	37876.8	1e+20	3.73185e+07	66.8138	84.4489	37.8346	22.6346	37.4823	27.8001	
205000	-162540	-1222.72	-115777	-27227.3	0.115423	1	0.153108	13.0627	3.05179	0.0034209	19.2537	0.340618	8597	99	745	-75071.9	55.8376f	28.7036	4	1	1	0.0990099	0.148515	0.039604	9.90099e-09	0	0	0	0	0.845455	0.960557	0.246225	0.52349	0.917249	0.009901	0.168317	9.90099e-09	1	0.112399	0.292428	0.666667	0.666667	0.666667	1	1	37876.8	1e+20	3.73185e+07	66.8138	84.4489	37.8346	22.6346	55.8376	28.7036	
206000	-163755	-1222.72	-116992	-27444.6	0.117997	1	0.151356	13.2139	3.08414	0.00246945	19.2537	0.340946	8697	99	755	-75071.9	32.1174f	45.0658	4	1	1	0.0990099	0.148515	0.039604	9.90099e-09	0	0	0	0	0.854545	0.956069	0.2313	0.489933	0.890173	0.009901	0.168317	9.90099e-09	1	0.114943	0.263675	0.666667	0.666667	0.666667	1	1	37876.8	1e+20	3.73185e+07	70.8039	92.8815	37.8346	22.6346	32.1174	45.0658	
207000	-163991	-1222.72	-117228	-27439	0.116546	1	0.149477	13.38	3.3536	0.00186299	19.7837	0.317493	8695	99	774	-75071.9	48.3082f	34.163	4	1	1	0.0990099	0.148515	0.039604	9.90099e-09	0	0	0	0	0.890909	0.962025	0.238806	0.524691	0.889655	0.009901	0.168317	9.90099e-09	1	0.115959	0.289873	0.666667	0.666667	0.666667	1	1	37876.8	1e+20	3.73185e+07	70.8039	92.8815	37.8346	22.6346	48.3082	34.163	
208000	-166215	-1222.72	-119452	-27748.5	0.116531	1	0.148206	13.4947	3.32466	0.00161023	19.7837	0.323002	8839	99	819	-75071.9	50.5544f	35.2634	4	1	1	0.0990099	0.148515	0.039604	9.90099e-09	0	0	0	0	0.845455	0.972758	0.276018	0.481707	0.895642	0.009901	0.148515	9.90099e-09	1	0.124434	0.293515	0.666667	0.666667	0.666667	1	1	37876.8	1e+20	3.73185e+07	70.8039	92.8815	37.8346	22.6346	50.5544	35.2634	
209000	-164547	-1222.72	-117784	-27637.7	0.115253	1	0.150067	13.3274	2.94231	0.00198603	19.1816	0.360451	8787	99	735	-75071.9	44.8827f	34.3638	4	1	1	0.0990099	0.148515	0.039604	9.90099e-09	0	0	0	0	0.881818	0.972696	0.242597	0.486486	0.889647	0.009901	0.148515	9.90099e-09	1	0.0944255	0.302041	0.666667	0.666667	0.666667	1	1	37876.8	1e+20	3.73185e+07	9.1374	67.7811	37.8346	22.6346	44.8827	34.3638	
210000	-161670	-1222.72	-114907	-27051.1	0.11306	1	0.142442	14.0408	2.90265	0.000348686	19.4608	0.384934	8516	99	