
# before rand glnL: -40929.367621 alnL: -1202.628077
# ninter: 99
# ncoal: 99
# nhits: 99
# true lbda: 0.003021
# true mu: 0.663114
# true rad: 21.840144
# true sigsq: 0.572684
# true neigh. size: 3.016075
# fst-based estimate of neighborhood size: -nan
# nucleotide diversity: 0.000000
# length of a generation: 2996.04 time units
# clock rate: 1 subst. per time unit
# after rand glnL: -40929.367621 alnL: -1202.628077
# ninter: 99
# ncoal: 99
# nhits: 99
# start lbda: 0.003021
# start mu: 0.663114
# start rad: 16.285245
sample	lnP	alnL	glnL	tlnL	lbda	clock	mu	neigh	sigsq	sigsqobs	rad	rhoe	nInt	nCoal	nHit	rootTime	rootLon	rootLat	tstv	alpha	MeanBr	accLbda	accMu	accRad	accInDelDisk	accInDelHit	accScaleTime	accSPR	accSPRlocal	accPath	accIndelDiskSerial	accIndelHitSerial	accLdskGivenDisk	accDiskGivenLdsk	accDiskAndLdsk	accLdskMulti	accDiskMulti	accMoveDiskUD	accAddRemoveJump	accLdskTipToRoot	tuneLbda	tuneRad	tuneMu	tuneIndelDisk	tuneIndelHit	tuneLdskGivenDisk	tuneIndelDiskSerial	tuneIndelHitSerial	c0	c1	rootc0	rootc1	rootldsk0	rootldsk1	
  1000	-53269.7	-1202.63	-6527.09	-1689.6	0.00789942	1	0.25165	7.94754	0.342425	0.00955784	19.2416	1.84696	295	99	138	-33105.8	43.2382f	25.7479	4	1	1	0	0	0	0	0	0	0	0	0.936364	0.699029	0.276786	0	0.603448	0	0	0	1	0.258929	0.233577	1	1	1	1	1	1	7.59375	1	55.2066	3.5079	35.9869	17.4032	43.2382	25.7479	
  2000	-55104.8	-1202.63	-8362.16	-2284.91	0.0125374	1	0.239242	8.35975	0.561242	0.0358944	19.6437	1.18531	427	99	142	-33105.8	35.0665f	3.37515	4	1	1	0	0	0	0	0	0	0	0	0.936364	0.850394	0.290323	0.396226	0.669421	0	0	0	1	0.164063	0.20979	1	1	1	1	1	2.25	291.929	0.666667	55.2066	3.5079	35.9869	17.4032	35.0665	3.37515	
  3000	-56466.6	-1202.63	-9723.93	-2733.68	0.0141605	1	0.216087	9.25552	0.572549	0.0445433	19.6437	1.28641	532	99	139	-33105.8	21.8428f	3.17943	4	1	1	0	0	0	0	0	0	0	0	0.945455	0.916667	0.215686	0.485149	0.787037	0	0	0	1	0.0740741	0.143885	1	1	1	1	1	7.59375	37876.8	2.25	55.2066	3.5079	35.9869	17.4032	21.8428	3.17943	
  4000	-58564.6	-1202.63	-11822	-3268.13	0.0192662	1	0.228447	8.75477	0.823546	0.00957118	19.6437	0.845954	666	99	169	-33105.8	29.535f	34.904	4	1	1	0	0	0	0	0	0	0	0	0.927273	0.924242	0.276119	0.495652	0.727273	0	0	0	1	0.19697	0.130952	1	1	1	1	1	25.6289	1.2595e+08	25.6289	55.2066	3.5079	36.675	19.0513	29.535	34.904	
  5000	-60444.9	-1202.63	-13702.3	-3759.9	0.0216631	1	0.227285	8.79952	0.921293	0.0214347	19.6437	0.760066	794	99	188	-33105.8	23.6429f	22.6194	4	1	1	0	0	0	0	0	0	0	0	0.927273	0.933735	0.285714	0.504587	0.790123	0	0	0	1	0.0987654	0.382514	1	1	1	1	1	86.4976	1.8614e+11	1477.89	55.2066	3.5079	36.675	19.0513	23.6429	22.6194	
  6000	-61872.5	-1202.63	-15129.9	-4087.73	0.0279895	1	0.238092	8.40013	1.24694	0.026474	19.6437	0.53608	884	99	212	-33105.8	56.371f	8.70229	4	1	1	0.19802	0	0	0	0	0	0	0	0.945455	0.903409	0.168539	0.554455	0.778409	0	0	0.0891089	1	0.146067	0.119048	0.666667	1	1	1	1	291.929	2.75095e+14	7481.83	55.2066	3.5079	53.0234	17.3164	56.371	8.70229	
  7000	-64761.5	-1202.63	-18018.9	-4824.47	0.0334278	1	0.226211	8.84132	1.41491	0.0109218	19.6437	0.497256	1094	99	228	-33105.8	46.2227f	23.4014	4	1	1	0.19802	0.188119	0.019802	0	0	0	0	0	0.872727	0.909091	0.234234	0.45045	0.778846	0	0.0990099	0.0891089	1	0.181818	0.237069	0.666667	0.666667	0.666667	1	1	985.261	1.20463e+17	7.37155e+06	55.2066	3.5079	53.0234	17.3164	46.2227	23.4014	
  8000	-65390	-1202.63	-18647.4	-5032.06	0.0332381	1	0.205947	9.71122	1.24008	0.0269661	19.4855	0.623181	1155	99	215	-33105.8	56.6419f	8.35392	4	1	1	0.19802	0.188119	0.019802	0	0	0	0	0	0.909091	0.948718	0.280702	0.513514	0.833333	0	0.0990099	0.0891089	1	0.173913	0.127358	0.666667	0.666667	0.666667	1	1	4987.89	1e+20	1.08944e+10	55.2066	3.5079	53.0234	17.3164	56.6419	8.35392	
  9000	-65643.9	-1202.63	-18901.3	-5118.26	0.0345695	1	0.225327	8.87601	1.41112	0.0253981	19.4855	0.500547	1181	99	213	-33105.8	48.433f	8.99406	4	1	1	0.19802	0.188119	0.019802	0	0	0	0	0	0.872727	0.9	0.243697	0.534483	0.825	0	0.0990099	0.0891089	1	0.151261	0.168889	0.666667	0.666667	0.666667	1	1	16834.1	1e+20	6.28224e+11	55.2066	3.5079	53.0234	17.3164	48.433	8.99406	
 10000	-66355.6	-1202.63	-19613	-5247.07	0.0366503	1	0.222966	8.96997	1.48038	0.012942	19.4855	0.482179	1220	99	232	-33105.8	77.2345f	57.9231	4	1	1	0.19802	0.188119	0.019802	0	0	0	0	0	0.936364	0.95935	0.325203	0.495935	0.804878	0	0.0990099	0.0891089	1	0.153226	0.172414	0.666667	0.666667	0.666667	1	1	56815.1	1e+20	9.28447e+14	55.2066	3.5079	53.0234	17.3164	77.2345	57.9231	
 11000	-68135.9	-1202.63	-21393.3	-5656.9	0.0399019	1	0.210753	9.4898	1.58903	0.0395348	19.692	0.475243	1346	99	250	-33105.8	88.7362f	17.3037	4	1	1	0.19802	0.188119	0.019802	0.019802	0	0	0	0	0.9	0.918519	0.274074	0.455446	0.807407	9.90099e-09	0.0990099	0.0891089	1	0.162963	0.28692	0.666667	0.666667	0.666667	1	1	56815.1	1e+20	9.28447e+14	55.2066	3.5079	53.0234	17.3164	88.7362	17.3037	
 12000	-69573.7	-1202.63	-22831.1	-5986.6	0.0423659	1	0.20744	9.64132	1.66064	0.00603794	19.692	0.46201	1450	99	261	-33105.8	31.8735f	58.441	4	1	1	0.168317	0.188119	0.019802	0.019802	0	0	0	0	0.936364	0.931034	0.17931	0.495146	0.765957	9.90099e-09	0.0990099	0.009901	1	0.212329	0.325301	0.666667	0.666667	0.666667	1	1	56815.1	1e+20	9.28447e+14	55.2066	3.5079	53.0234	17.3164	31.8735	58.441	
 13000	-70875.3	-1202.63	-24132.7	-6263.14	0.0444023	1	0.234385	8.53296	1.96653	0.0174248	19.692	0.345294	1539	99	283	-33105.8	38.5946f	17.8517	4	1	1	0.168317	0.267327	0.019802	0.019802	0	0	0	0	0.845455	0.943038	0.25	0.401869	0.798742	9.90099e-09	0.0990099	0.009901	1	0.1875	0.333333	0.666667	0.666667	0.666667	1	1	56815.1	1e+20	9.28447e+14	63.5944	16.1927	53.0234	17.3164	38.5946	17.8517	
 14000	-71168.3	-1202.63	-24425.7	-6319.85	0.0464761	1	0.224523	8.90775	1.97178	0.0015678	19.692	0.359502	1558	99	286	-33105.8	43.848f	42.3123	4	1	1	0.168317	0.267327	0.019802	0.019802	0	0	0	0	0.909091	0.916129	0.235294	0.46281	0.812903	9.90099e-09	0.128713	0.009901	1	0.154839	0.286207	0.666667	0.666667	0.666667	1	1	56815.1	1e+20	9.28447e+14	63.5944	16.1927	53.0234	17.3164	43.848	42.3123	
 15000	-71089.5	-1202.63	-24346.9	-6302.12	0.0454448	1	0.228663	8.74648	1.96357	0.0260681	19.692	0.354468	1552	99	287	-33105.8	60.5233f	9.9612	4	1	1	0.168317	0.267327	0.019802	0.019802	0	0	0	0	0.863636	0.948718	0.282051	0.586207	0.831169	9.90099e-09	0.128713	0.009901	1	0.141026	0.29078	0.666667	0.666667	0.666667	1	1	56815.1	1e+20	9.28447e+14	63.5944	16.1927	53.0234	17.3164	60.5233	9.9612	
 16000	-72441.7	-1202.63	-25699.1	-6564	0.0472034	1	0.220114	9.08621	1.9633	0.0160854	19.692	0.368287	1638	99	314	-33105.8	55.6922f	81.5433	4	1	1	0.168317	0.267327	0.019802	0.019802	0	0	0	0	0.927273	0.920732	0.213415	0.512821	0.817073	9.90099e-09	0.128713	0.009901	1	0.170732	0.248366	0.666667	0.666667	0.666667	1	1	56815.1	1e+20	9.28447e+14	63.5944	16.1927	33.5885	74.9307	55.6922	81.5433	
 17000	-72014.6	-1202.63	-25271.9	-6538.22	0.0497118	1	0.204264	9.79127	1.91874	0.00495627	19.692	0.406082	1630	99	285	-33105.8	49.4789f	67.4236	4	1	1	0.118812	0.267327	0.019802	0.019802	0	0	0	0	0.881818	0.95679	0.220859	0.468468	0.760736	9.90099e-09	0.128713	0.009901	1	0.182927	0.288256	0.666667	0.666667	0.666667	1	1	56815.1	1e+20	9.28447e+14	63.5944	16.1927	47.0444	74.4436	49.4789	67.4236	
 18000	-73279.4	-1202.63	-26536.8	-6830.36	0.0524156	1	0.239275	8.35859	2.15495	0.00356809	19.2295	0.308664	1728	99	290	-33105.8	52.8524f	64.1877	4	1	1	0.118812	0.267327	0.019802	0.019802	0	0	0	0	0.881818	0.948571	0.298851	0.587302	0.798851	9.90099e-09	0.128713	0.009901	1	0.16092	0.301695	0.666667	0.666667	0.666667	1	1	56815.1	1e+20	9.28447e+14	83.0007	59.6005	47.0444	74.4436	52.8524	64.1877	
 19000	-73426.9	-1202.63	-26684.3	-6927.66	0.0524156	1	0.203442	9.83081	1.83223	0.0211194	19.2295	0.426971	1761	99	269	-33105.8	13.4167f	59.0131	4	1	1	0.118812	0.207921	0.019802	0.019802	0	0	0	0	0.927273	0.949153	0.282486	0.490566	0.887006	9.90099e-09	0.128713	0.009901	1	0.159091	0.302583	0.666667	0.666667	0.666667	1	1	56815.1	1e+20	9.28447e+14	83.0007	59.6005	47.0444	74.4436	13.4167	59.0131	
 20000	-74763.3	-1202.63	-28020.7	-7143.24	0.0546049	1	0.217794	9.18297	2.04342	0.0324334	19.2295	0.357614	1835	99	307	-33105.8	78.1818f	85.8829	4	1	1	0.118812	0.207921	0.029703	0.019802	0	0	0	0	0.909091	0.939227	0.298343	0.488189	0.809783	9.90099e-09	0.128713	0.009901	1	0.20765	0.302671	0.666667	0.666667	0.666667	1	1	56815.1	1e+20	9.28447e+14	7.97928	75.8026	47.0444	74.4436	78.1818	85.8829	
 21000	-77641.2	-1202.63	-30898.6	-7669.25	0.0604337	1	0.209201	9.56017	2.24935	0.0178635	19.3977	0.33822	2020	99	365	-33105.8	15.9439f	56.5067	4	1	1	0.118812	0.207921	0.029703	0.019802	0	0	0	0	0.9	0.930348	0.29064	0.535088	0.79803	9.90099e-09	0.029703	0.009901	1	0.142857	0.269231	0.666667	0.666667	0.666667	1	1	56815.1	1e+20	9.28447e+14	7.97928	75.8026	42.4864	71.2062	15.9439	56.5067	
 22000	-76965.5	-1202.63	-30222.9	-7585.06	0.0604337	1	0.215624	9.27542	2.08824	0.00387885	18.8972	0.353463	1990	99	336	-33105.8	35.2281f	55.9856	4	1	1	0.118812	0.207921	0.029703	0.019802	0	0	0	0	0.854545	0.940594	0.28	0.490196	0.812808	9.90099e-09	0.029703	0.009901	1	0.133663	0.290323	0.666667	0.666667	0.666667	1	1	56815.1	1e+20	9.28447e+14	19.3364	59.3337	42.4864	71.2062	35.2281	55.9856	
 23000	-78329.9	-1202.63	-31587.2	-7877.41	0.0664812	1	0.232876	8.58825	2.31814	0.0231335	18.5792	0.294818	2094	99	347	-33105.8	65.4743f	85.2367	4	1	1	0.118812	0.207921	0.029703	9.90099e-09	0	0	0	0	0.918182	0.91866	0.232227	0.485981	0.813397	9.90099e-09	0.029703	0.009901	1	0.146919	0.294944	0.666667	0.666667	0.666667	1	1	56815.1	1e+20	9.28447e+14	19.3364	59.3337	42.4864	71.2062	65.4743	85.2367	
 24000	-79481.2	-1202.63	-32738.6	-8132.23	0.0665248	1	0.205115	9.75061	2.51484	0.0236719	19.5695	0.30854	2188	99	346	-33105.8	24.6039f	80.3538	4	1	1	0.0990099	0.207921	0.029703	9.90099e-09	0	0	0	0	0.927273	0.912844	0.24424	0.641509	0.832579	9.90099e-09	0.029703	0.009901	1	0.141553	0.292398	0.666667	0.666667	0.666667	1	1	56815.1	1e+20	9.28447e+14	19.3364	59.3337	42.4864	71.2062	24.6039	80.3538	
 25000	-80656.8	-1202.63	-33914.2	-8369.57	0.068259	1	0.187668	10.6571	2.44957	0.00750478	19.7507	0.346211	2276	99	357	-33105.8	64.7245f	65.4573	4	1	1	0.0990099	0.207921	0.029703	9.90099e-09	0	0	0	0	0.927273	0.947598	0.258772	0.522936	0.860262	9.90099e-09	0.029703	9.90099e-09	1	0.184211	0.316667	0.666667	0.666667	0.666667	1	1	56815.1	1e+20	9.28447e+14	9.10274	78.9382	42.4864	71.2062	64.7245	65.4573	
 26000	-82658.5	-1202.63	-35915.9	-8849.71	0.074579	1	0.186921	10.6997	2.66571	0.00787399	19.7507	0.319411	2458	99	341	-33105.8	53.1377f	27.6341	4	1	1	0.0990099	0.207921	0.039604	9.90099e-09	0	0	0	0	0.881818	0.943548	0.271255	0.465347	0.793522	9.90099e-09	0.029703	9.90099e-09	1	0.0927419	0.284457	0.666667	0.666667	0.666667	1	1	56815.1	1e+20	9.28447e+14	9.10274	78.9382	54.5012	30.8371	53.1377	27.6341	
 27000	-83161.3	-1202.63	-36418.7	-8956.11	0.076309	1	0.186921	10.6997	2.79045	0.00809395	19.8636	0.305133	2499	99	342	-33105.8	31.8151f	35.3243	4	1	1	0.0990099	0.207921	0.039604	9.90099e-09	0	0	0	0	0.918182	0.964143	0.306773	0.632075	0.882353	9.90099e-09	0.118812	9.90099e-09	1	0.108	0.301939	0.666667	0.666667	0.666667	1	1	56815.1	1e+20	9.28447e+14	9.10274	78.9382	54.5012	30.8371	31.8151	35.3243	
 28000	-84146.7	-1202.63	-37404	-9107.86	0.078079	1	0.198757	10.0626	2.98045	0.00516967	19.7722	0.268668	2558	99	364	-33105.8	38.6926f	35.282	4	1	1	0.0990099	0.207921	0.039604	9.90099e-09	0	0	0	0	0.872727	0.940945	0.254902	0.556522	0.835294	9.90099e-09	0.118812	9.90099e-09	1	0.148438	0.291005	0.666667	0.666667	0.666667	1	1	56815.1	1e+20	9.28447e+14	3.82092	76.0118	54.5012	30.8371	38.6926	35.282	
 29000	-86318.9	-1202.63	-39576.3	-9487.54	0.0812173	1	0.203661	9.82023	3.17675	0.02535	19.7722	0.245996	2708	99	403	-33105.8	75.4844f	18.444	4	1	1	0.108911	0.207921	0.039604	9.90099e-09	0	0	0	0	0.854545	0.944853	0.259259	0.508475	0.825926	9.90099e-09	0.118812	9.90099e-09	1	0.155556	0.321867	0.666667	0.666667	0.666667	1	1	56815.1	1e+20	9.28447e+14	8.3471	85.3489	58.9814	34.7807	75.4844	18.444	
 30000	-85673.5	-1202.63	-38930.9	-9474.99	0.0812173	1	0.182021	10.9877	2.54229	0.00269097	19.2336	0.343932	2703	99	355	-33105.8	44.2145f	38.2016	4	1	1	0.108911	0.207921	0.039604	9.90099e-09	0	0	0	0	0.863636	0.951493	0.237918	0.518868	0.847015	9.90099e-09	0.118812	9.90099e-09	1	0.152985	0.315341	0.666667	0.666667	0.666667	1	1	56815.1	1e+20	9.28447e+14	53.99	92.9877	52.7453	36.9253	44.2145	38.2016	
 31000	-86707.3	-1202.63	-39964.7	-9649.48	0.0842579	1	0.196715	10.167	2.95526	0.0280088	19.4082	0.27377	2773	99	371	-33105.8	16.3891f	22.4596	4	1	1	0.108911	0.207921	0.039604	9.90099e-09	0	0	0	0	0.918182	0.94964	0.221014	0.561404	0.826087	9.90099e-09	0.118812	9.90099e-09	1	0.126812	0.297521	0.666667	0.666667	0.666667	1	1	56815.1	1e+20	9.28447e+14	53.99	92.9877	52.7453	36.9253	16.3891	22.4596	
 32000	-88103.9	-1202.63	-41361.2	-9888.4	0.0874598	1	0.175006	11.4282	2.85872	0.0129115	19.6347	0.318124	2870	99	391	-33105.8	36.5891f	23.8343	4	1	1	0.108911	0.287129	0.039604	9.90099e-09	0	0	0	0	0.9	0.929078	0.265734	0.559322	0.80212	9.90099e-09	0.118812	9.90099e-09	1	0.159574	0.26601	0.666667	0.666667	0.666667	1	1	56815.1	1e+20	9.28447e+14	53.99	92.9877	52.7453	36.9253	36.5891	23.8343	
 33000	-89567.1	-1202.63	-42824.5	-10222.2	0.0874598	1	0.175187	11.4164	2.86168	0.00696091	19.6347	0.317465	3007	99	375	-33105.8	70.2221f	46.4396	4	1	1	0.108911	0.287129	0.039604	9.90099e-09	0	0	0	0	0.881818	0.966777	0.261589	0.525862	0.876254	9.90099e-09	0.138614	9.90099e-09	1	0.179402	0.275132	0.666667	0.666667	0.666667	1	1	56815.1	1e+20	9.28447e+14	53.99	92.9877	52.7453	36.9253	70.2221	46.4396	
 34000	-88916.1	-1202.63	-42173.5	-10087.7	0.0896694	1	0.157548	12.6946	2.80705	0.00473594	19.941	0.35988	2952	99	374	-33105.8	37.9632f	36.923	4	1	1	0.108911	0.287129	0.039604	9.90099e-09	0	0	0	0	0.909091	0.942177	0.251701	0.563636	0.871186	9.90099e-09	0.138614	9.90099e-09	1	0.12585	0.307692	0.666667	0.666667	0.666667	1	1	56815.1	1e+20	9.28447e+14	53.99	92.9877	52.7453	36.9253	37.9632	36.923	
 35000	-90352.3	-1202.63	-43609.6	-10318.2	0.0925535	1	0.164869	12.1309	3.06432	0.038369	19.9939	0.315027	3048	99	406	-33105.8	21.0527f	8.32373	4	1	1	0.108911	0.287129	0.039604	9.90099e-09	0	0	0	0	0.845455	0.954248	0.254072	0.512195	0.859935	9.90099e-09	0.138614	9.90099e-09	1	0.114007	0.273399	0.666667	0.666667	0.666667	1	1	56815.1	1e+20	9.28447e+14	53.99	92.9877	52.7453	36.9253	21.0527	8.32373	
 36000	-90467.5	-1202.63	-43724.8	-10434.8	0.0925535	1	0.164869	12.1309	2.93308	0.00506387	19.7763	0.329122	3097	99	365	-33105.8	63.62f	60.5839	4	1	1	0.049505	0.287129	0.039604	9.90099e-09	0	0	0	0	0.854545	0.964401	0.257235	0.649573	0.854839	9.90099e-09	0.138614	9.90099e-09	1	0.134615	0.306849	0.666667	0.666667	0.666667	1	1	56815.1	1e+20	9.28447e+14	53.99	92.9877	52.7453	36.9253	63.62	60.5839	
 37000	-91742.1	-1202.63	-44999.5	-10587.1	0.0925535	1	0.163266	12.25	2.94178	0.0028293	19.8394	0.331371	3161	99	409	-33105.8	48.17f	62.7755	4	1	1	0.049505	0.287129	0.039604	0.019802	0	0	0	0	0.918182	0.9653	0.26875	0.442623	0.874608	0.009901	0.138614	9.90099e-09	1	0.166144	0.281174	0.666667	0.666667	0.666667	1	1	56815.1	1e+20	9.28447e+14	53.99	92.9877	52.7453	36.9253	48.17	62.7755	
 38000	-91262.5	-1202.63	-44519.9	-10489.2	0.0932494	1	0.163266	12.25	2.92209	0.0334805	19.769	0.333603	3120	99	410	-33105.8	49.0059f	96.6833	4	1	1	0.049505	0.287129	0.0792079	0.019802	0	0	0	0	0.890909	0.949206	0.276527	0.581967	0.855305	0.009901	0.138614	9.90099e-09	1	0.118211	0.317708	0.666667	0.666667	0.666667	1	1	56815.1	1e+20	9.28447e+14	53.99	92.9877	62.4708	71.5113	49.0059	96.6833	
 39000	-93118.3	-1202.63	-46375.6	-10921.4	0.0976616	1	0.163266	12.25	2.94873	0.0178445	19.5863	0.33059	3305	99	381	-33105.8	34.3269f	80.3894	4	1	1	0.049505	0.287129	0.0792079	0.019802	0	0	0	0	0.845455	0.936747	0.282738	0.488372	0.862275	0.009901	0.138614	9.90099e-09	1	0.0785499	0.295567	0.666667	0.666667	0.666667	1	1	56815.1	1e+20	9.28447e+14	53.99	92.9877	62.4708	71.5113	34.3269	80.3894	
 40000	-92548.5	-1202.63	-45805.9	-10816.8	0.0974361	1	0.15133	13.2162	2.65204	0.0104635	19.4505	0.396566	3260	99	381	-33105.8	54.7101f	75.2357	4	1	1	0.049505	0.148515	0.0792079	0.019802	0	0	0	0	0.881818	0.960366	0.303681	0.547009	0.875	0.009901	0.0693069	9.90099e-09	1	0.134146	0.314136	0.666667	0.666667	0.666667	1	1	56815.1	1e+20	9.28447e+14	53.99	92.9877	62.4708	71.5113	54.7101	75.2357	
 41000	-95691.5	-1202.63	-48948.8	-11337.5	0.106301	1	0.16259	12.3009	3.10863	0.0229543	19.4505	0.314888	3488	99	427	-33105.8	51.6875f	88.4833	4	1	1	0.049505	0.148515	0.0792079	0.019802	0	0	0	0	0.863636	0.956647	0.295652	0.549618	0.872464	0.009901	0.0693069	9.90099e-09	1	0.133333	0.295508	0.666667	0.666667	0.666667	1	1	56815.1	1e+20	9.28447e+14	53.99	92.9877	62.4708	71.5113	51.6875	88.4833	
 42000	-96442	-1202.63	-49699.4	-11514.3	0.108348	1	0.165877	12.0571	3.23252	0.00659413	19.4505	0.29682	3567	99	412	-33105.8	69.6771f	52.827	4	1	1	0.049505	0.148515	0.0792079	0.019802	0	0	0	0	0.872727	0.960452	0.242254	0.556452	0.896359	0.009901	0.0693069	9.90099e-09	1	0.140056	0.265985	0.666667	0.666667	0.666667	1	1	56815.1	1e+20	9.28447e+14	83.9656	83.1041	62.4708	71.5113	69.6771	52.827	
 43000	-98022.2	-1202.63	-51279.5	-11715.8	0.110576	1	0.18215	10.9799	3.62265	0.0102299	19.4505	0.241192	3658	99	466	-33105.8	52.6534f	75.2763	4	1	1	0.0792079	0.148515	0.0792079	0.019802	0	0	0	0	0.854545	0.959016	0.234973	0.521127	0.87027	0.009901	0.0693069	9.90099e-09	1	0.10929	0.341202	0.666667	0.666667	0.666667	1	1	56815.1	1e+20	9.28447e+14	83.9656	83.1041	62.4708	71.5113	52.6534	75.2763	
 44000	-98184.9	-1202.63	-51442.3	-11812.5	0.111765	1	0.160065	12.4949	3.21764	0.00509358	19.4505	0.30902	3702	99	434	-33105.8	57.6578f	33.895	4	1	1	0.0792079	0.148515	0.0792079	0.019802	0	0	0	0	0.872727	0.962264	0.221622	0.48855	0.862162	0.009901	0.0693069	9.90099e-09	1	0.105121	0.240476	0.666667	0.666667	0.666667	1	1	56815.1	1e+20	9.28447e+14	83.9656	83.1041	62.4708	71.5113	57.6578	33.895	
 45000	-100134	-1202.63	-53391.9	-12104.2	0.113911	1	0.169376	11.808	3.80418	0.0341389	19.9025	0.247005	3836	99	469	-33105.8	9.96143f	75.9841	4	1	1	0.0792079	0.148515	0.019802	0.019802	0	0	0	0	0.9	0.942857	0.249351	0.527397	0.869792	0.009901	0.0891089	9.90099e-09	1	0.119481	0.324895	0.666667	0.666667	0.666667	1	1	56815.1	1e+20	9.28447e+14	16.4026	62.4226	25.4114	66.7631	9.96143	75.9841	
 46000	-99735.9	-1202.63	-52993.2	-12048	0.116868	1	0.159533	12.5366	3.67613	0.035568	19.9025	0.271381	3810	99	456	-33105.8	21.7841f	89.4609	4	1	1	0.0792079	0.168317	0.019802	0.019802	0	0	0	0	0.818182	0.953003	0.301837	0.565217	0.889474	0.009901	0.0891089	9.90099e-09	1	0.113158	0.274123	0.666667	0.666667	0.666667	1	1	56815.1	1e+20	9.28447e+14	16.4026	62.4226	25.4114	66.7631	21.7841	89.4609	
 47000	-100164	-1202.63	-53421.8	-12170.2	0.113054	1	0.171245	11.6791	3.81721	0.0052688	19.9025	0.243475	3866	99	439	-33105.8	41.5971f	66.236	4	1	1	0.0792079	0.168317	0.019802	0.019802	0	0	0	0	0.836364	0.97416	0.222222	0.547445	0.829897	0.009901	0.0891089	9.90099e-09	1	0.121447	0.305987	0.666667	0.666667	0.666667	1	1	56815.1	1e+20	9.28447e+14	16.4026	62.4226	44.7953	67.2859	41.5971	66.236	
 48000	-99033.1	-1202.63	-52290.5	-11978.2	0.114559	1	0.154554	12.9404	3.49103	0.0229229	19.9025	0.294975	3778	99	426	-33105.8	23.6359f	78.6968	4	1	1	0.0693069	0.168317	0.019802	0.009901	0	0	0	0	0.854545	0.955497	0.269841	0.530769	0.867725	0.009901	0.0891089	9.90099e-09	1	0.0978836	0.225882	0.666667	0.666667	0.666667	1	1	56815.1	1e+20	9.28447e+14	29.5386	87.6225	44.7953	67.2859	23.6359	78.6968	
 49000	-100488	-1202.63	-53745.2	-12243.2	0.117306	1	0.147619	13.5484	3.41434	0.00807049	19.9025	0.31577	3901	99	429	-33105.8	27.7091f	56.5702	4	1	1	0.0693069	0.168317	0.019802	0.009901	0	0	0	0	0.881818	0.956298	0.291237	0.444444	0.853093	0.009901	0.0891089	9.90099e-09	1	0.123393	0.294118	0.666667	0.666667	0.666667	1	1	56815.1	1e+20	9.28447e+14	29.5386	87.6225	44.7953	67.2859	27.7091	56.5702	
 50000	-99912.7	-1202.63	-53170.1	-12061.1	0.117306	1	0.150983	13.2465	3.49215	0.0122666	19.9025	0.301855	3816	99	463	-33105.8	53.4703f	77.6901	4	1	1	0.0693069	0.168317	0.019802	0.009901	0	0	0	0	0.909091	0.939948	0.300261	0.532847	0.894737	0.019802	0.0891089	9.90099e-09	1	0.138743	0.293501	0.666667	0.666667	0.666667	1	1	56815.1	1e+20	9.28447e+14	29.5386	87.6225	44.7953	67.2859	53.4703	77.6901	
 51000	-102026	-1202.63	-55283.2	-12534.8	0.11926	1	0.150983	13.2465	3.5503	0.0211101	19.9025	0.296911	4038	99	429	-33105.8	12.7633f	43.6908	4	1	1	0.0693069	0.168317	0.029703	0.009901	0	0	0	0	0.890909	0.962594	0.220551	0.449275	0.880299	0.019802	0.0891089	9.90099e-09	1	0.116337	0.298405	0.666667	0.666667	0.666667	1	1	56815.1	1e+20	9.28447e+14	29.5386	87.6225	44.7953	67.2859	12.7633	43.6908	
 52000	-105711	-1202.63	-58968.1	-13122.5	0.127895	1	0.15377	13.0064	3.87766	0.0211101	19.9025	0.266918	4322	99	470	-33105.8	12.7633f	43.6908	4	1	1	0.0693069	0.168317	0.029703	0.009901	0	0	0	0	0.909091	0.953811	0.274419	0.541667	0.902778	0.019802	0.0594059	9.90099e-09	1	0.131944	0.32287	0.666667	0.666667	0.666667	1	1	56815.1	1e+20	9.28447e+14	29.5386	87.6225	44.7953	67.2859	12.7633	43.6908	
 53000	-105943	-1202.63	-59200.3	-13097.8	0.127895	1	0.15377	13.0064	3.92705	0.0211101	19.9656	0.263561	4310	99	500	-33105.8	12.7633f	43.6908	4	1	1	0.0693069	0.178218	0.029703	0.009901	0	0	0	0	0.818182	0.965197	0.244755	0.543624	0.868056	0.019802	0.0594059	9.90099e-09	1	0.108796	0.231557	0.666667	0.666667	0.666667	1	1	56815.1	1e+20	9.28447e+14	29.5386	87.6225	44.7953	67.2859	12.7633	43.6908	
 54000	-105668	-1202.63	-58925.9	-13066.5	0.130232	1	0.158744	12.5989	4.12816	0.00537296	19.9656	0.242866	4295	99	492	-33105.8	44.0456f	67.3871	4	1	1	0.0693069	0.178218	0.029703	0.009901	0	0	0	0	0.909091	0.949074	0.227378	0.52381	0.852535	0.019802	0.0594059	9.90099e-09	1	0.104651	0.285714	0.666667	0.666667	0.666667	1	1	56815.1	1e+20	9.28447e+14	29.5386	87.6225	47.807	75.116	44.0456	67.3871	
 55000	-106800	-1202.63	-60057.5	-13129.9	0.131894	1	0.18483	10.8208	4.86783	0.0239657	19.9656	0.176894	4326	99	567	-33105.8	32.1822f	85.4581	4	1	1	0.049505	0.178218	0.029703	0.009901	0	0	0	0	0.9	0.935035	0.210648	0.558559	0.838337	0.019802	0.0594059	9.90099e-09	1	0.0946882	0.279113	0.666667	0.666667	0.666667	1	1	56815.1	1e+20	9.28447e+14	14.7207	81.8945	43.8593	66.6053	32.1822	85.4581	
 56000	-104422	-1202.63	-57679.1	-12776.2	0.125873	1	0.168488	11.8703	4.23488	0.0331425	19.9656	0.223054	4154	99	520	-33105.8	3.13405f	43.8552	4	1	1	0.049505	0.178218	0.029703	0.009901	0	0	0	0	0.827273	0.939614	0.249395	0.557692	0.86715	0.019802	0.0594059	9.90099e-09	1	0.138015	0.292308	0.666667	0.666667	0.666667	1	1	56815.1	1e+20	9.28447e+14	14.7207	81.8945	43.8593	66.6053	3.13405	43.8552	
 57000	-104787	-1202.63	-58044.8	-12884	0.125873	1	0.175814	11.3756	4.41904	0.0028613	19.9656	0.204851	4206	99	499	-33105.8	53.3848f	62.3033	4	1	1	0.049505	0.178218	0.029703	0.009901	0	0	0	0	0.827273	0.947743	0.259524	0.513699	0.842353	0.019802	0.0594059	9.90099e-09	1	0.152019	0.268191	0.666667	0.666667	0.666667	1	1	56815.1	1e+20	9.28447e+14	14.7207	81.8945	43.8593	66.6053	53.3848	62.3033	
 58000	-104638	-1202.63	-57895.6	-12925.1	0.126883	1	0.163953	12.1986	4.09646	0.0381027	19.8962	0.23697	4226	99	476	-33105.8	15.6919f	12.7916	4	1	1	0.049505	0.178218	0.009901	0.009901	0	0	0	0	0.827273	0.957547	0.235849	0.531469	0.881797	0.019802	0.0594059	9.90099e-09	1	0.143868	0.270042	0.666667	0.666667	0.666667	1	1	56815.1	1e+20	9.28447e+14	45.7249	14.2253	11.0699	11.8786	15.6919	12.7916	
 59000	-104417	-1202.63	-57674.1	-12886.6	0.1247	1	0.155924	12.8267	3.79136	0.0356671	19.8473	0.269222	4207	99	472	-33105.8	14.1812f	16.5729	4	1	1	0.049505	0.178218	0.009901	9.90099e-09	0	0	0	0	0.827273	0.95	0.252381	0.506849	0.861244	0.019802	0.158416	9.90099e-09	1	0.12381	0.266112	0.666667	0.666667	0.666667	1	1	56815.1	1e+20	9.28447e+14	45.7249	14.2253	11.0699	11.8786	14.1812	16.5729	
 60000	-105906	-1202.63	-59163.6	-12986.5	0.1247	1	0.187276	10.6794	4.55369	0.0364154	19.8473	0.186627	4255	99	556	-33105.8	0.491533f	49.2897	4	1	1	0.049505	0.188119	0.009901	9.90099e-09	0	0	0	0	0.818182	0.943662	0.239437	0.490909	0.898824	0.019802	0.158416	9.90099e-09	1	0.145497	0.313406	0.666667	0.666667	0.666667	1	1	56815.1	1e+20	9.28447e+14	11.8669	20.3162	11.0699	11.8786	0.491533	49.2897	
 61000	-104801	-1202.63	-58058.8	-12849.1	0.1247	1	0.168548	11.8661	4.09829	0.0431917	19.8473	0.230407	4189	99	524	-33105.8	26.4479f	1.66675	4	1	1	0.049505	0.188119	0.009901	9.90099e-09	0	0	0	0	0.8	0.956938	0.251196	0.432692	0.84689	0.019802	0.158416	9.90099e-09	1	0.131265	0.293893	0.666667	0.666667	0.666667	1	1	56815.1	1e+20	9.28447e+14	11.8669	20.3162	11.0699	11.8786	26.4479	1.66675	
 62000	-106356	-1202.63	-59613.4	-13043	0.126531	1	0.180002	11.111	4.44105	0.0106726	19.8473	0.199094	4283	99	565	-33105.8	56.5479f	24.5068	4	1	1	0.0594059	0.188119	0.009901	9.90099e-09	0	0	0	0	0.845455	0.946262	0.27907	0.495327	0.850816	0.019802	0.158416	9.90099e-09	1	0.149184	0.283186	0.666667	0.666667	0.666667	1	1	56815.1	1e+20	9.28447e+14	11.8669	20.3162	11.0699	11.8786	56.5479	24.5068	
 63000	-104591	-1202.63	-57848.6	-12780.5	0.126531	1	0.169599	11.7925	4.18438	0.0059899	19.8473	0.224268	4156	99	535	-33105.8	57.3525f	31.9866	4	1	1	0.0594059	0.188119	0.009901	9.90099e-09	0	0	0	0	0.845455	0.956627	0.236277	0.550459	0.841346	0.009901	0.158416	9.90099e-09	1	0.120192	0.265537	0.666667	0.666667	0.666667	1	1	56815.1	1e+20	9.28447e+14	11.8669	20.3162	30.2205	7.48665	57.3525	31.9866	
 64000	-105415	-1202.63	-58672.4	-12966.2	0.127823	1	0.155904	12.8284	3.88578	0.0617239	19.8473	0.262715	4246	99	516	-33105.8	3.2693f	5.7366	4	1	1	0.0594059	0.188119	0.019802	9.90099e-09	0	0	0	0	0.872727	0.967366	0.247086	0.471154	0.849412	0.009901	0.158416	9.90099e-09	1	0.136471	0.321839	0.666667	0.666667	0.666667	1	1	56815.1	1e+20	9.28447e+14	23.7019	14.5445	30.2205	7.48665	3.2693	5.7366	
 65000	-104922	-1202.63	-58179.5	-12863.3	0.127823	1	0.193895	10.3149	4.35047	0.00600235	19.3325	0.188677	4196	99	530	-33105.8	41.1426f	32.1203	4	1	1	0.0594059	0.188119	0.019802	9.90099e-09	0	0	0	0	0.854545	0.940334	0.251185	0.528302	0.85	0.009901	0.138614	9.90099e-09	1	0.12619	0.259962	0.666667	0.666667	0.666667	1	1	56815.1	1e+20	9.28447e+14	23.7019	14.5445	30.2205	7.48665	41.1426	32.1203	
 66000	-106908	-1202.63	-60165.6	-13142.8	0.128214	1	0.188323	10.62	4.23842	0.0364727	19.3325	0.199394	4332	99	569	-33105.8	31.6392f	4.15569	4	1	1	0.039604	0.217822	0.019802	9.90099e-09	0	0	0	0	0.827273	0.951613	0.247113	0.517544	0.854839	0.009901	0.138614	9.90099e-09	1	0.156682	0.304042	0.666667	0.666667	0.666667	1	1	56815.1	1e+20	9.28447e+14	23.7019	14.5445	30.2205	7.48665	31.6392	4.15569	
 67000	-105529	-1202.63	-58786.5	-13032.2	0.131161	1	0.163039	12.267	4.21867	0.0145724	19.9052	0.231394	4278	99	492	-33105.8	61.9567f	21.663	4	1	1	0.039604	0.217822	0.019802	9.90099e-09	0	0	0	0	0.9	0.932715	0.213615	0.480769	0.869976	0.009901	0.138614	9.90099e-09	1	0.11007	0.309129	0.666667	0.666667	0.666667	1	1	56815.1	1e+20	9.28447e+14	23.7019	14.5445	37.5882	17.0767	61.9567	21.663	
 68000	-106888	-1202.63	-60145.5	-13275.8	0.131747	1	0.169477	11.801	4.37351	0.0239281	19.8698	0.214723	4398	99	499	-33105.8	61.0687f	11.9456	4	1	1	0.039604	0.217822	0.019802	9.90099e-09	0	0	0	0	0.881818	0.958998	0.269406	0.490566	0.879271	0.009901	0.138614	9.90099e-09	1	0.120729	0.27381	0.666667	0.666667	0.666667	1	1	56815.1	1e+20	9.28447e+14	23.7019	14.5445	37.5882	17.0767	61.0687	11.9456	
 69000	-107484	-1202.63	-60741.3	-13358.6	0.132326	1	0.149669	13.3628	3.9028	0.0373061	19.8997	0.272465	4439	99	509	-33105.8	57.6465f	0.94165	4	1	1	0.039604	0.217822	0.019802	9.90099e-09	0	0	0	0	0.736364	0.950339	0.234763	0.436893	0.889888	0.009901	0.138614	9.90099e-09	1	0.147982	0.274747	0.666667	0.666667	0.666667	1	1	56815.1	1e+20	9.28447e+14	23.7019	14.5445	37.5882	17.0767	57.6465	0.94165	
 70000	-107644	-1202.63	-60901.3	-13406.4	0.134845	1	0.151185	13.2288	4.01737	0.00818102	19.8997	0.262041	4463	99	497	-33105.8	50.9905f	26.9299	4	1	1	0.039604	0.217822	0.019802	9.90099e-09	0	0	0	0	0.863636	0.950893	0.262222	0.524752	0.89038	0.009901	0.049505	9.90099e-09	1	0.147651	0.340081	0.666667	0.666667	0.666667	1	1	56815.1	1e+20	9.28447e+14	23.7019	14.5445	37.5882	17.0767	50.9905	26.9299	
 71000	-109920	-1202.63	-63177.3	-13761.6	0.141178	1	0.164167	12.1827	4.17663	0.0188927	19.4599	0.232118	4642	99	525	-33105.8	28.7134f	21.4063	4	1	1	0.0891089	0.227723	0.039604	9.90099e-09	0	0	0	0	0.890909	0.974304	0.222698	0.466019	0.886022	0.009901	0.049505	9.90099e-09	1	0.122056	0.288802	0.666667	0.666667	0.666667	1	1	56815.1	1e+20	9.28447e+14	23.7019	14.5445	37.5882	17.0767	28.7134	21.4063	
 72000	-110215	-1202.63	-63472.1	-13818.5	0.140236	1	0.153741	13.0089	4.23558	0.0252864	19.8844	0.244409	4671	99	524	-33105.8	61.8081f	11.0038	4	1	1	0.0891089	0.227723	0.039604	0.019802	0	0	0	0	0.827273	0.959574	0.256959	0.435185	0.8394	0.009901	0.049505	9.90099e-09	1	0.111111	0.309615	0.666667	0.666667	0.666667	1	1	56815.1	1e+20	9.28447e+14	23.7019	14.5445	40.9058	21.5156	61.8081	11.0038	
 73000	-110663	-1202.63	-63920.7	-13950.1	0.140236	1	0.142393	14.0456	3.92294	0.0304174	19.8844	0.284918	4738	99	494	-33105.8	12.4876f	24.6216	4	1	1	0.0891089	0.227723	0.039604	0.019802	0	0	0	0	0.881818	0.966245	0.250531	0.506757	0.915789	0.009901	0.049505	9.90099e-09	1	0.0991561	0.327122	0.666667	0.666667	0.666667	1	1	56815.1	1e+20	9.28447e+14	23.7019	14.5445	40.9058	21.5156	12.4876	24.6216	
 74000	-114500	-1202.63	-67757	-14487.9	0.14523	1	0.158699	12.6025	4.52786	0.01843	19.8844	0.22149	5017	99	554	-33105.8	27.1241f	23.2074	4	1	1	0.0891089	0.227723	0.039604	0.019802	0	0	0	0	0.845455	0.954183	0.262425	0.521368	0.858896	0.009901	0.049505	9.90099e-09	1	0.145129	0.296296	0.666667	0.666667	0.666667	1	1	56815.1	1e+20	9.28447e+14	23.7019	14.5445	40.9058	21.5156	27.1241	23.2074	
 75000	-113306	-1202.63	-66563.3	-14225.2	0.146144	1	0.169661	11.7882	4.87108	0.0218913	19.8844	0.192581	4881	99	593	-33105.8	34.3788f	15.0511	4	1	1	0.0891089	0.227723	0.039604	0.019802	0	0	0	0	0.854545	0.950617	0.276639	0.491525	0.868583	0.009901	0.049505	9.90099e-09	1	0.112705	0.27598	0.666667	0.666667	0.666667	1	1	56815.1	1e+20	9.28447e+14	23.7019	14.5445	40.9058	21.5156	34.3788	15.0511	
 76000	-113738	-1202.63	-66995.8	-14302.1	0.146144	1	0.178764	11.1879	4.90674	0.0173301	19.6621	0.181446	4921	99	587	-33105.8	80.5803f	37.1541	4	1	1	0.0891089	0.227723	0.039604	0.019802	0	0	0	0	0.890909	0.953252	0.238384	0.508333	0.876016	0.009901	0.108911	9.90099e-09	1	0.132383	0.312081	0.666667	0.666667	0.666667	1	1	56815.1	1e+20	9.28447e+14	23.7019	14.5445	59.702	13.8021	80.5803	37.1541	
 77000	-112144	-1202.63	-65401	-14013.6	0.146144	1	0.167373	11.9494	4.88786	0.0182368	19.9692	0.194543	4771	99	589	-33105.8	69.7602f	21.9121	4	1	1	0.0891089	0.168317	0.039604	0.019802	0	0	0	0	0.845455	0.943515	0.286902	0.559322	0.848233	0.009901	0.108911	9.90099e-09	1	0.108108	0.335463	0.666667	0.666667	0.666667	1	1	56815.1	1e+20	9.28447e+14	18.2512	73.6081	59.702	13.8021	69.7602	21.9121	
 78000	-112652	-1202.63	-65909.7	-14156.1	0.147498	1	0.17097	11.698	5.03914	0.00886257	19.9692	0.184733	4845	99	561	-33105.8	48.9601f	25.9157	4	1	1	0.0891089	0.168317	0.039604	0.019802	0	0	0	0	0.918182	0.960663	0.226804	0.52459	0.841237	0.009901	0.108911	9.90099e-09	1	0.143451	0.300712	0.666667	0.666667	0.666667	1	1	56815.1	1e+20	9.28447e+14	24.2594	55.3018	59.4375	11.1585	48.9601	25.9157	
 79000	-111443	-1202.63	-64699.9	-14044.3	0.143386	1	0.147206	13.5864	4.21778	0.0144208	19.9692	0.256336	4787	99	508	-33105.8	49.3085f	19.1583	4	1	1	0.0792079	0.168317	0.039604	0.019802	0	0	0	0	0.836364	0.945493	0.269474	0.605769	0.88	0.009901	0.108911	9.90099e-09	1	0.112735	0.289575	0.666667	0.666667	0.666667	1	1	56815.1	1e+20	9.28447e+14	46.4713	16.966	59.4375	11.1585	49.3085	19.1583	
 80000	-111820	-1202.63	-65076.9	-14063.7	0.14344	1	0.152762	13.0923	4.37862	0.0395318	19.9692	0.237941	4797	99	541	-33105.8	66.5492f	1.75072	4	1	1	0.0792079	0.168317	0.039604	0.019802	0	0	0	0	0.9	0.955975	0.26875	0.5	0.899791	0.009901	0.108911	9.90099e-09	1	0.1125	0.3327	0.666667	0.666667	0.666667	1	1	56815.1	1e+20	9.28447e+14	46.4713	16.966	49.2418	9.76148	66.5492	1.75072	
 81000	-110181	-1202.63	-63438.8	-13832.1	0.140853	1	0.149527	13.3755	4.20861	0.0402564	19.9692	0.252908	4678	99	507	-33105.8	24.1403f	4.95578	4	1	1	0.0792079	0.168317	0.039604	0.019802	0	0	0	0	0.845455	0.934183	0.265393	0.524752	0.876858	0.009901	0.108911	9.90099e-09	1	0.118896	0.269076	0.666667	0.666667	0.666667	1	1	56815.1	1e+20	9.28447e+14	46.4713	16.966	26.2834	16.72	24.1403	4.95578	
 82000	-111701	-1202.63	-64958.1	-14000.7	0.140853	1	0.173988	11.4951	3.80418	0.0198683	18.7474	0.240459	4764	99	568	-33105.8	28.6061f	20.3656	4	1	1	0.0792079	0.168317	0.039604	0.019802	0	0	0	0	0.909091	0.945378	0.256842	0.575472	0.864693	0.009901	0.108911	9.90099e-09	1	0.12685	0.321818	0.666667	0.666667	0.666667	1	1	56815.1	1e+20	9.28447e+14	64.6171	4.05133	26.2834	16.72	28.6061	20.3656	
 83000	-109957	-1202.63	-63214.5	-13800.8	0.140853	1	0.156457	12.7831	4.37409	0.00142451	19.9356	0.232561	4662	99	506	-33105.8	50.9833f	41.1275	4	1	1	0.0792079	0.168317	0.039604	0.019802	0	0	0	0	0.845455	0.950959	0.254818	0.551948	0.880342	0.009901	0.118812	9.90099e-09	1	0.11349	0.3	0.666667	0.666667	0.666667	1	1	56815.1	1e+20	9.28447e+14	64.6171	4.05133	26.2834	16.72	50.9833	41.1275	
 84000	-110151	-1202.63	-63407.9	-13897.9	0.138964	1	0.141417	14.1426	3.90058	0.00385494	19.9356	0.28853	4711	99	471	-33105.8	56.5206f	36.0768	4	1	1	0.0693069	0.168317	0.039604	9.90099e-09	0	0	0	0	0.881818	0.955603	0.245243	0.575342	0.877119	0.009901	0.118812	9.90099e-09	1	0.107822	0.290254	0.666667	0.666667	0.666667	1	1	56815.1	1e+20	9.28447e+14	64.6171	4.05133	53.3362	30.8278	56.5206	36.0768	
 85000	-108964	-1202.63	-62221.2	-13645.3	0.138964	1	0.150486	13.2903	3.96942	0.00448976	19.7142	0.26644	4583	99	492	-33105.8	38.0803f	62.1011	4	1	1	0.0693069	0.188119	0.039604	9.90099e-09	0	0	0	0	0.881818	0.945295	0.253275	0.560811	0.870614	0.009901	0.118812	9.90099e-09	1	0.100218	0.280488	0.666667	0.666667	0.666667	1	1	56815.1	1e+20	9.28447e+14	64.6171	4.05133	53.3362	30.8278	38.0803	62.1011	
 86000	-109353	-1202.63	-62610.4	-13688.7	0.138964	1	0.138894	14.3995	3.66366	0.0197226	19.7142	0.312768	4605	99	507	-33105.8	51.9197f	13.9686	4	1	1	0.0693069	0.188119	0.039604	9.90099e-09	0	0	0	0	0.836364	0.960526	0.226087	0.465347	0.863736	0.009901	0.118812	9.90099e-09	1	0.0911063	0.254438	0.666667	0.666667	0.666667	1	1	56815.1	1e+20	9.28447e+14	64.6171	4.05133	53.3362	30.8278	51.9197	13.9686	
 87000	-112920	-1202.63	-66177.8	-14204.9	0.144224	1	0.157949	12.6623	4.54186	0.0198888	19.958	0.221856	4870	99	556	-33105.8	20.9372f	27.6765	4	1	1	0.0693069	0.188119	0.039604	9.90099e-09	0	0	0	0	0.918182	0.961066	0.305328	0.46087	0.862705	0.009901	0.118812	9.90099e-09	1	0.132924	0.263717	0.666667	0.666667	0.666667	1	1	56815.1	1e+20	9.28447e+14	39.1867	4.95012	53.3362	30.8278	20.9372	27.6765	
 88000	-113134	-1202.63	-66391.9	-14301.4	0.149066	1	0.143284	13.9583	4.07358	0.000900052	19.7378	0.272676	4921	99	528	-33105.8	55.9432f	50.0513	4	1	1	0.0693069	0.188119	0.039604	9.90099e-09	0	0	0	0	0.918182	0.94929	0.227642	0.566667	0.89858	0.009901	0.118812	9.90099e-09	1	0.111562	0.303435	0.666667	0.666667	0.666667	1	1	56815.1	1e+20	9.28447e+14	40.8493	9.91793	53.3362	30.8278	55.9432	50.0513	
 89000	-115478	-1202.63	-68735.6	-14692.3	0.157322	1	0.141838	14.1006	4.2558	0.00706604	19.7378	0.263662	5128	99	530	-33105.8	68.1101f	39.7057	4	1	1	0.0693069	0.188119	0.049505	9.90099e-09	0	0	0	0	0.9	0.939689	0.252918	0.54717	0.859649	0.009901	0.0693069	9.90099e-09	1	0.142023	0.290323	0.666667	0.666667	0.666667	1	1	56815.1	1e+20	9.28447e+14	40.8493	9.91793	53.3362	30.8278	68.1101	39.7057	
 90000	-117492	-1202.63	-70749.8	-15017	0.160855	1	0.140746	14.21	4.31789	0.00190419	19.7378	0.261887	5304	99	534	-33105.8	59.7731f	48.3982	4	1	1	0.0693069	0.188119	0.049505	9.90099e-09	0	0	0	0	0.872727	0.958569	0.270677	0.523364	0.874296	0.009901	0.0693069	9.90099e-09	1	0.118644	0.284685	0.666667	0.666667	0.666667	1	1	56815.1	1e+20	9.28447e+14	40.8493	9.91793	53.3362	30.8278	59.7731	48.3982	
 91000	-117834	-1202.63	-71091.8	-15093.7	0.161869	1	0.145402	13.755	4.48882	0.00267835	19.7378	0.243848	5346	99	525	-33105.8	61.1629f	54.5224	4	1	1	0.0693069	0.168317	0.049505	9.90099e-09	0	0	0	0	0.818182	0.960967	0.212687	0.473214	0.876866	0.009901	0.0693069	9.90099e-09	1	0.123364	0.290844	0.666667	0.666667	0.666667	1	1	56815.1	1e+20	9.28447e+14	40.8493	9.91793	53.3362	30.8278	61.1629	54.5224	
 92000	-118077	-1202.63	-71334	-15050	0.161869	1	0.153307	13.0457	4.50231	0.0369531	19.4928	0.230581	5322	99	569	-33105.8	50.7024f	0.506791	4	1	1	0.0693069	0.168317	0.049505	9.90099e-09	0	0	0	0	0.918182	0.949343	0.283835	0.581967	0.873823	0.009901	0.0693069	9.90099e-09	1	0.116323	0.265271	0.666667	0.666667	0.666667	1	1	56815.1	1e+20	9.28447e+14	40.8493	9.91793	53.3362	30.8278	50.7024	0.506791	
 93000	-120086	-1202.63	-73343.6	-15264.9	0.161869	1	0.165085	12.115	4.84821	0.021177	19.4928	0.198852	5440	99	630	-33105.8	53.2609f	12.7632	4	1	1	0.0693069	0.168317	0.049505	9.90099e-09	0	0	0	0	0.863636	0.950459	0.246324	0.546154	0.863216	0.009901	0.0693069	9.90099e-09	1	0.13945	0.301587	0.666667	0.666667	0.666667	1	1	56815.1	1e+20	9.28447e+14	40.8493	9.91793	53.3362	30.8278	53.2609	12.7632	
 94000	-121003	-1202.63	-74260.5	-15427.9	0.166564	1	0.186059	10.7493	5.14712	0.0213671	19.0669	0.16619	5531	99	637	-33105.8	37.442f	14.3662	4	1	1	0.0693069	0.168317	0.049505	9.90099e-09	0	0	0	0	0.781818	0.911071	0.232852	0.503937	0.850909	0.009901	0.0693069	9.90099e-09	1	0.119134	0.324759	0.666667	0.666667	0.666667	1	1	56815.1	1e+20	9.28447e+14	40.8493	9.91793	53.3362	30.8278	37.442	14.3662	
 95000	-118305	-1202.63	-71562.3	-15072.4	0.165974	1	0.171098	11.6892	4.42301	0.00762914	18.7632	0.210309	5333	99	590	-33105.8	44.1579f	28.3236	4	1	1	0.0693069	0.168317	0.049505	9.90099e-09	0	0	0	0	0.818182	0.955224	0.246729	0.475	0.876404	0.009901	0.0990099	9.90099e-09	1	0.0992509	0.335505	0.666667	0.666667	0.666667	1	1	56815.1	1e+20	9.28447e+14	40.8493	9.91793	53.3362	30.8278	44.1579	28.3236	
 96000	-121440	-1202.63	-74697.1	-15488.6	0.168301	1	0.184391	10.8465	4.86629	0.00549819	18.7949	0.177371	5565	99	642	-33105.8	36.6483f	36.2186	4	1	1	0.0693069	0.168317	0.049505	9.90099e-09	0	0	0	0	0.809091	0.951351	0.229391	0.492308	0.859964	0.009901	0.0990099	9.90099e-09	1	0.125448	0.315708	0.666667	0.666667	0.666667	1	1	56815.1	1e+20	9.28447e+14	40.8493	9.91793	53.3362	30.8278	36.6483	36.2186	
 97000	-121327	-1202.63	-74583.9	-15534.9	0.168301	1	0.183349	10.9081	4.7252	0.0015906	18.6836	0.183705	5591	99	603	-33105.8	58.8186f	49.8691	4	1	1	0.039604	0.267327	0.049505	9.90099e-09	0	0	0	0	0.863636	0.951699	0.241935	0.52381	0.871479	0.009901	0.0990099	9.90099e-09	1	0.116487	0.270315	0.666667	0.666667	0.666667	1	1	56815.1	1e+20	9.28447e+14	40.8493	9.91793	25.8502	14.8699	58.8186	49.8691	
 98000	-121450	-1202.63	-74707.4	-15538.5	0.168301	1	0.16897	11.8364	4.24237	0.0399374	18.562	0.222025	5593	99	617	-33105.8	10.5861f	16.3262	4	1	1	0.039604	0.267327	0.049505	9.90099e-09	0	0	0	0	0.9	0.956989	0.247331	0.53719	0.896613	0.009901	0.0990099	9.90099e-09	1	0.15233	0.297114	0.666667	0.666667	0.666667	1	1	56815.1	1e+20	9.28447e+14	40.8493	9.91793	25.8502	14.8699	10.5861	16.3262	
 99000	-122915	-1202.63	-76172.6	-15815.3	0.169618	1	0.170653	11.7197	4.15659	0.0407418	18.3859	0.224373	5749	99	589	-33105.8	21.2999f	6.30945	4	1	1	0.039604	0.267327	0.049505	9.90099e-09	0	0	0	0	0.863636	0.953206	0.204506	0.508772	0.911304	0.009901	0.0990099	9.90099e-09	1	0.113043	0.253886	0.666667	0.666667	0.666667	1	1	56815.1	1e+20	9.28447e+14	40.8493	9.91793	25.8502	14.8699	21.2999	6.30945	
100000	-123042	-1202.63	-76299.2	-15744.3	0.169618	1	0.170653	11.7197	4.29399	0.0298765	18.536	0.217193	5709	99	636	-33105.8	16.9238f	19.6953	4	1	1	0.039604	0.267327	0.049505	9.90099e-09	0	0	0	0	0.9	0.963415	0.244328	0.445313	0.90035	9.90099e-09	0.0990099	9.90099e-09	1	0.118674	0.332813	0.666667	0.666667	0.666667	1	1	56815.1	1e+20	9.28447e+14	40.8493	9.91793	25.8502	14.8699	16.9238	19.6953	
101000	-124164	-1202.63	-77421.3	-15953.3	0.174962	1	0.158886	12.5877	4.30054	0.00601704	18.7314	0.232923	5829	99	621	-33105.8	30.1977f	46.323	4	1	1	0.039604	0.267327	0.049505	9.90099e-09	0	0	0	0	0.854545	0.951807	0.269759	0.52	0.890223	9.90099e-09	0.0990099	9.90099e-09	1	0.138225	0.273463	0.666667	0.666667	0.666667	1	1	56815.1	1e+20	9.28447e+14	40.8493	9.91793	25.8502	14.8699	30.1977	46.323	
102000	-125188	-1202.63	-78445.6	-16096.5	0.174656	1	0.153139	13.06	4.99301	0.0129761	19.6323	0.208147	5911	99	623	-33105.8	24.6028f	34.7377	4	1	1	0.039604	0.267327	0.118812	9.90099e-09	0	0	0	0	0.890909	0.962901	0.242424	0.536	0.883249	9.90099e-09	0.0990099	9.90099e-09	1	0.112795	0.307818	0.666667	0.666667	0.666667	1	1	56815.1	1e+20	9.28447e+14	40.8493	9.91793	25.8502	14.8699	24.6028	34.7377	
103000	-123684	-1202.63	-76941.4	-15868.1	0.176044	1	0.154729	12.9258	5.08494	0.0126434	19.6323	0.202284	5780	99	619	-33105.8	32.9378f	26.3617	4	1	1	0.039604	0.138614	0.118812	9.90099e-09	0	0	0	0	0.818182	0.953368	0.298969	0.553846	0.865979	9.90099e-09	0.0792079	9.90099e-09	1	0.113597	0.322632	0.666667	0.666667	0.666667	1	1	56815.1	1e+20	9.28447e+14	40.8493	9.91793	25.8502	14.8699	32.9378	26.3617	
104000	-123898	-1202.63	-77155.7	-15893.1	0.177985	1	0.154729	12.9258	5.14925	0.0283577	19.6401	0.199758	5794	99	624	-33105.8	18.5421f	19.6622	4	1	1	0.039604	0.138614	0.118812	9.90099e-09	0	0	0	0	0.863636	0.956971	0.216867	0.488189	0.887946	9.90099e-09	0.0792079	9.90099e-09	1	0.117241	0.300485	0.666667	0.666667	0.666667	1	1	56815.1	1e+20	9.28447e+14	40.8493	9.91793	25.8502	14.8699	18.5421	19.6622	
105000	-124790	-1202.63	-78047	-16062.3	0.177985	1	0.165282	12.1005	4.50577	0.000284612	18.6847	0.21371	5892	99	618	-33105.8	50.549f	49.0032	4	1	1	0.039604	0.138614	0.118812	9.90099e-09	0	0	0	0	0.872727	0.94247	0.267797	0.46281	0.864636	9.90099e-09	0.0792079	9.90099e-09	1	0.135364	0.368506	0.666667	0.666667	0.666667	1	1	56815.1	1e+20	9.28447e+14	40.8493	9.91793	25.8502	14.8699	50.549	49.0032	
106000	-124408	-1202.63	-77665.5	-16005.6	0.17896	1	0.166871	11.9853	4.57401	0.0533316	18.6847	0.208517	5859	99	616	-33105.8	4.21307f	11.4342	4	1	1	0.039604	0.138614	0.118812	9.90099e-09	0	0	0	0	0.845455	0.958974	0.246575	0.54918	0.875639	9.90099e-09	0.0792079	9.90099e-09	1	0.11453	0.291465	0.666667	0.666667	0.666667	1	1	56815.1	1e+20	9.28447e+14	40.8493	9.91793	25.8502	14.8699	4.21307	11.4342	
107000	-126583	-1202.63	-79840	-16331.8	0.180105	1	0.162686	12.2936	4.48782	0.0214043	18.6847	0.217989	6049	99	622	-33105.8	25.5387f	20.9735	4	1	1	0.039604	0.138614	0.118812	9.90099e-09	0	0	0	0	0.9	0.953642	0.224456	0.495868	0.881188	9.90099e-09	0.0792079	9.90099e-09	1	0.105785	0.3136	0.666667	0.666667	0.666667	1	1	56815.1	1e+20	9.28447e+14	40.8493	9.91793	21.9944	1.32071	25.5387	20.9735	
108000	-123729	-1202.63	-76986.3	-15866.5	0.172503	1	0.168232	11.8884	4.44492	0.00951247	18.6847	0.212838	5779	99	629	-33105.8	29.5505f	35.0143	4	1	1	0.039604	0.138614	0.029703	9.90099e-09	0	0	0	0	0.836364	0.939759	0.219723	0.596774	0.871972	9.90099e-09	0.0792079	9.90099e-09	1	0.0882353	0.306709	0.666667	0.666667	0.666667	1	1	56815.1	1e+20	9.28447e+14	40.8493	9.91793	21.9944	1.32071	29.5505	35.0143	
109000	-123681	-1202.63	-76938.1	-15880.6	0.172503	1	0.156468	12.7822	4.39042	0.0152431	18.9679	0.23168	5787	99	613	-33105.8	41.6407f	19.2572	4	1	1	0.039604	0.128713	0.029703	9.90099e-09	0	0	0	0	0.881818	0.956822	0.215517	0.574803	0.877375	9.90099e-09	0.118812	9.90099e-09	1	0.105354	0.301459	0.666667	0.666667	0.666667	1	1	56815.1	1e+20	9.28447e+14	40.8493	9.91793	21.9944	1.32071	41.6407	19.2572	
110000	-123351	-1202.63	-76608.2	-15847	0.17341	1	0.156468	12.7822	4.42891	0.0477193	18.9844	0.229667	5768	99	603	-33105.8	22.5758f	0.56846	4	1	1	0.0792079	0.128713	0.029703	9.90099e-09	0	0	0	0	0.854545	0.947826	0.254355	0.590164	0.857886	9.90099e-09	0.118812	9.90099e-09	1	0.126516	0.291803	0.666667	0.666667	0.666667	1	1	56815.1	1e+20	9.28447e+14	40.8493	9.91793	21.9944	1.32071	22.5758	0.56846	
111000	-123740	-1202.63	-76996.9	-15985.4	0.17341	1	0.127941	15.6321	4.38511	0.0696616	19.9146	0.28368	5847	99	555	-33105.8	1.48769f	1.84513	4	1	1	0.0792079	0.128713	0.029703	9.90099e-09	0	0	0	0	0.818182	0.960481	0.244863	0.463636	0.902564	9.90099e-09	0.118812	9.90099e-09	1	0.127367	0.245872	0.666667	0.666667	0.666667	1	1	56815.1	1e+20	9.28447e+14	40.8493	9.91793	21.9944	1.32071	1.48769	1.84513	
112000	-125224	-1202.63	-78481.8	-16210.4	0.178721	1	0.1303	15.3492	4.60272	0.0674826	19.9146	0.265376	5978	99	562	-33105.8	4.62741f	0.337173	4	1	1	0.0792079	0.128713	0.0594059	9.90099e-09	0	0	0	0	0.836364	0.979967	0.274542	0.590909	0.885572	0.009901	0.118812	9.90099e-09	1	0.108153	0.31794	0.666667	0.666667	0.666667	1	1	56815.1	1e+20	9.28447e+14	93.4585	11.8858	21.9944	1.32071	4.62741	0.337173	
113000	-126483	-1202.63	-79740	-16305.1	0.178721	1	0.135559	14.7537	4.78852	0.0334893	19.9146	0.245183	6033	99	613	-33105.8	46.0676f	2.99396	4	1	1	0.0792079	0.128713	0.0594059	9.90099e-09	0	0	0	0	0.854545	0.97005	0.230769	0.532258	0.879397	0.009901	0.118812	9.90099e-09	1	0.0971524	0.264706	0.666667	0.666667	0.666667	1	1	56815.1	1e+20	9.28447e+14	82.3745	38.7491	41.8806	30.3938	46.0676	2.99396	
114000	-124501	-1202.63	-77758	-16100.5	0.176753	1	0.135342	14.7774	4.72817	0.00653621	19.9146	0.248711	5914	99	561	-33105.8	48.1868f	29.4285	4	1	1	0.0792079	0.128713	0.0594059	9.90099e-09	0	0	0	0	0.854545	0.955932	0.261824	0.516949	0.893761	0.009901	0.118812	9.90099e-09	1	0.089527	0.273196	0.666667	0.666667	0.666667	1	1	56815.1	1e+20	9.28447e+14	82.3745	38.7491	41.8806	30.3938	48.1868	29.4285	
115000	-123588	-1202.63	-76845.3	-15883.5	0.17065	1	0.144979	13.7951	4.88997	0.000792465	19.9146	0.224496	5788	99	600	-33105.8	43.4692f	50.1091	4	1	1	0.0792079	0.138614	0.0594059	9.90099e-09	0	0	0	0	0.872727	0.97069	0.215889	0.511811	0.87175	0.009901	0.0891089	9.90099e-09	1	0.0967185	0.288557	0.666667	0.666667	0.666667	1	1	56815.1	1e+20	9.28447e+14	82.3745	38.7491	41.8806	30.3938	43.4692	50.1091	
116000	-123560	-1202.63	-76817.6	-15942.8	0.176201	1	0.141037	14.1807	4.91172	0.00905021	19.9146	0.229749	5823	99	561	-33105.8	66.2431f	32.4845	4	1	1	0.0792079	0.138614	0.0594059	9.90099e-09	0	0	0	0	0.845455	0.965517	0.231561	0.486957	0.891938	0.009901	0.0891089	9.90099e-09	1	0.127586	0.307829	0.666667	0.666667	0.666667	1	1	56815.1	1e+20	9.28447e+14	82.3745	38.7491	41.8806	30.3938	66.2431	32.4845	
117000	-123265	-1202.63	-76522.3	-15904.6	0.176201	1	0.138454	14.4453	4.55292	0.0320747	19.631	0.25248	5801	99	559	-33105.8	18.8005f	15.5885	4	1	1	0.0792079	0.138614	0.0594059	9.90099e-09	0	0	0	0	0.845455	0.946274	0.240964	0.463636	0.897569	0.009901	0.0891089	9.90099e-09	1	0.106713	0.330948	0.666667	0.666667	0.666667	1	1	56815.1	1e+20	9.28447e+14	82.3745	38.7491	8.92213	3.89855	18.8005	15.5885	
118000	-123627	-1202.63	-76884.5	-15880.3	0.173405	1	0.140953	14.1891	4.62765	0.0333054	19.7017	0.243998	5787	99	605	-33105.8	5.14142f	34.6923	4	1	1	0.0792079	0.138614	0.0594059	9.90099e-09	0	0	0	0	0.881818	0.955172	0.254733	0.516667	0.891379	0.009901	0.0891089	9.90099e-09	1	0.115717	0.319933	0.666667	0.666667	0.666667	1	1	56815.1	1e+20	9.28447e+14	61.5672	1.59606	37.7855	23.6733	5.14142	34.6923	
119000	-124245	-1202.63	-77502.4	-16029.1	0.173479	1	0.138081	14.4843	4.41344	0.0109289	19.568	0.261162	5872	99	577	-33105.8	58.4961f	24.7973	4	1	1	0.0792079	0.138614	0.029703	9.90099e-09	0	0	0	0	0.881818	0.959253	0.258944	0.426087	0.88455	0.009901	0.0891089	9.90099e-09	1	0.103918	0.294849	0.666667	0.666667	0.666667	1	1	56815.1	1e+20	9.28447e+14	61.5672	1.59606	37.7855	23.6733	58.4961	24.7973	
120000	-123782	-1202.63	-77039.1	-15948.1	0.177163	1	0.14708	13.5981	4.39505	0.0241851	19.1407	0.246209	5826	99	586	-33105.8	39.1742f	11.3196	4	1	1	0.0792079	0.217822	0.029703	9.90099e-09	0	0	0	0	0.845455	0.953528	0.255172	0.525424	0.905085	0.009901	0.128713	9.90099e-09	1	0.0998279	0.25	0.666667	0.666667	0.666667	1	1	56815.1	1e+20	9.28447e+14	61.5672	1.59606	38.2538	21.7213	39.1742	11.3196	
121000	-125791	-1202.63	-79048.8	-16175.8	0.180085	1	0.154754	12.9237	4.83544	0.0347649	19.2764	0.212688	5958	99	633	-33105.8	21.4936f	10.9879	4	1	1	0.0792079	0.217822	0.029703	9.90099e-09	0	0	0	0	0.909091	0.944724	0.259631	0.5625	0.895	0.009901	0.128713	9.90099e-09	1	0.110184	0.282132	0.666667	0.666667	0.666667	1	1	56815.1	1e+20	9.28447e+14	61.5672	1.59606	38.2538	21.7213	21.4936	10.9879	
122000	-126216	-1202.63	-79473.9	-16266.5	0.180923	1	0.148736	13.4466	4.84811	0.0352059	19.4587	0.220714	6011	99	617	-33105.8	24.824f	8.4408	4	1	1	0.0792079	0.217822	0.029703	9.90099e-09	0	0	0	0	0.836364	0.965	0.238806	0.442623	0.88206	0.009901	0.128713	9.90099e-09	1	0.111296	0.342809	0.666667	0.666667	0.666667	1	1	56815.1	1e+20	9.28447e+14	61.5672	1.59606	38.2538	21.7213	24.824	8.4408	
123000	-125373	-1202.63	-78630.4	-16148.5	0.180923	1	0.147223	13.5848	5.15008	0.0138935	19.8054	0.209909	5942	99	612	-33105.8	27.8356f	28.876	4	1	1	0.0792079	0.217822	0.029703	9.90099e-09	0	0	0	0	0.854545	0.957983	0.220539	0.52	0.870805	0.009901	0.128713	9.90099e-09	1	0.115966	0.283439	0.666667	0.666667	0.666667	1	1	56815.1	1e+20	9.28447e+14	61.5672	1.59606	13.7882	10.6495	27.8356	28.876	
124000	-129181	-1202.63	-82438.4	-16632.4	0.180923	1	0.156871	12.7494	5.48758	0.0451006	19.8054	0.184883	6225	99	667	-33105.8	10.9255f	11.2152	4	1	1	0.0594059	0.217822	0.029703	9.90099e-09	0	0	0	0	0.872727	0.955056	0.261866	0.522059	0.883797	0.009901	0.128713	9.90099e-09	1	0.126806	0.300898	0.666667	0.666667	0.666667	1	1	56815.1	1e+20	9.28447e+14	61.5672	1.59606	13.7882	10.6495	10.9255	11.2152	
125000	-128743	-1202.63	-82000.6	-16544.1	0.186943	1	0.151907	13.166	5.23307	0.0453312	19.5688	0.20021	6175	99	687	-33105.8	6.67763f	15.7585	4	1	1	0.0594059	0.217822	0.029703	9.90099e-09	0	0	0	0	0.9	0.946602	0.237864	0.557971	0.89644	0.009901	0.128713	9.90099e-09	1	0.139159	0.273654	0.666667	0.666667	0.666667	1	1	56815.1	1e+20	9.28447e+14	61.5672	1.59606	13.7882	10.6495	6.67763	15.7585	
126000	-130690	-1202.63	-83947.3	-16861.9	0.192927	1	0.15113	13.2336	4.87722	0.0116913	19.1009	0.215922	6366	99	672	-33105.8	43.4748f	22.9163	4	1	1	0.0594059	0.108911	0.0693069	9.90099e-09	0	0	0	0	0.863636	0.955906	0.22292	0.535211	0.869702	9.90099e-09	0.128713	9.90099e-09	1	0.122449	0.275449	0.666667	0.666667	0.666667	1	1	56815.1	1e+20	9.28447e+14	61.5672	1.59606	13.7882	10.6495	43.4748	22.9163	
127000	-130843	-1202.63	-84100.9	-16964.4	0.191524	1	0.148653	13.4541	4.75932	0.0357433	19.0979	0.224957	6428	99	627	-33105.8	18.2579f	12.6528	4	1	1	0.0594059	0.108911	0.0693069	9.90099e-09	0	0	0	0	0.809091	0.96118	0.242236	0.496124	0.888889	9.90099e-09	0.118812	9.90099e-09	1	0.119565	0.286432	0.666667	0.666667	0.666667	1	1	56815.1	1e+20	9.28447e+14	61.5672	1.59606	13.7882	10.6495	18.2579	12.6528	
128000	-130812	-1202.63	-84069.1	-16889.9	0.193202	1	0.161612	12.3753	5.2923	0.0251751	19.164	0.186081	6383	99	668	-33105.8	10.1834f	39.2724	4	1	1	0.0594059	0.108911	0.0693069	9.90099e-09	0	0	0	0	0.827273	0.950233	0.25	0.425373	0.899381	9.90099e-09	0.118812	9.90099e-09	1	0.118936	0.325444	0.666667	0.666667	0.666667	1	1	56815.1	1e+20	9.28447e+14	61.5672	1.59606	13.7882	10.6495	10.1834	39.2724	
129000	-129403	-1202.63	-82660.6	-16741.4	0.191986	1	0.14805	13.5089	5.05713	0.0422811	19.3978	0.212572	6293	99	632	-33105.8	6.11916f	19.6556	4	1	1	0.0594059	0.108911	0.0693069	0.009901	0	0	0	0	0.790909	0.963608	0.258268	0.503759	0.879365	9.90099e-09	0.118812	9.90099e-09	1	0.155063	0.350148	0.666667	0.666667	0.666667	1	1	56815.1	1e+20	9.28447e+14	61.5672	1.59606	13.7882	10.6495	6.11916	19.6556	
130000	-129903	-1202.63	-83160.1	-16833.8	0.191232	1	0.13287	15.0523	4.83591	0.0464474	19.7274	0.247693	6349	99	613	-33105.8	20.0341f	2.9328	4	1	1	0.0792079	0.108911	0.0693069	0.009901	0	0	0	0	0.872727	0.97327	0.251572	0.48062	0.89011	9.90099e-09	0.118812	9.90099e-09	1	0.103774	0.28871	0.666667	0.666667	0.666667	1	1	56815.1	1e+20	9.28447e+14	61.5672	1.59606	13.7882	10.6495	20.0341	2.9328	
131000	-129494	-1202.63	-82751	-16762.7	0.191232	1	0.132367	15.1095	4.81759	0.00826425	19.7274	0.24958	6306	99	618	-33105.8	30.0868f	37.2733	4	1	1	0.0792079	0.108911	0.0891089	0.009901	0	0	0	0	0.790909	0.957211	0.236508	0.552846	0.882726	9.90099e-09	0.118812	9.90099e-09	1	0.1	0.303175	0.666667	0.666667	0.666667	1	1	56815.1	1e+20	9.28447e+14	20.9987	28.285	13.7882	10.6495	30.0868	37.2733	
132000	-129650	-1202.63	-82907.7	-16833.8	0.191232	1	0.131128	15.2522	4.7725	0.0375056	19.7274	0.254319	6349	99	591	-33105.8	52.711f	0.229602	4	1	1	0.0792079	0.108911	0.0891089	0.009901	0	0	0	0	0.863636	0.957278	0.259084	0.558333	0.886256	9.90099e-09	0.118812	9.90099e-09	1	0.116719	0.314721	0.666667	0.666667	0.666667	1	1	56815.1	1e+20	9.28447e+14	20.9987	28.285	32.1003	4.65145	52.711	0.229602	
133000	-128608	-1202.63	-81865.5	-16707.9	0.189943	1	0.131392	15.2216	4.55877	0.0104478	19.5259	0.265708	6273	99	574	-33105.8	38.2463f	26.3313	4	1	1	0.0792079	0.237624	0.0891089	0.009901	0	0	0	0	0.790909	0.955485	0.251592	0.504274	0.888535	9.90099e-09	0.118812	9.90099e-09	1	0.124204	0.338104	0.666667	0.666667	0.666667	1	1	56815.1	1e+20	9.28447e+14	9.35717	57.8295	32.1003	4.65145	38.2463	26.3313	
134000	-129571	-1202.63	-82828.3	-16867.3	0.189943	1	0.133655	14.9639	4.63728	0.0289412	19.5259	0.256786	6369	99	564	-33105.8	11.943f	27.5383	4	1	1	0.0792079	0.237624	0.0891089	0.009901	0	0	0	0	0.872727	0.959119	0.259434	0.535088	0.883648	9.90099e-09	0.0792079	9.90099e-09	1	0.121069	0.321555	0.666667	0.666667	0.666667	1	1	56815.1	1e+20	9.28447e+14	13.4641	44.3007	32.1003	4.65145	11.943	27.5383	
135000	-130051	-1202.63	-83307.9	-16736.1	0.189943	1	0.150151	13.3199	5.13048	0.0314972	19.4513	0.206601	6290	99	683	-33105.8	30.5097f	8.41906	4	1	1	0.0792079	0.237624	0.0891089	0.009901	0	0	0	0	0.8	0.961965	0.257143	0.549618	0.879365	9.90099e-09	0.0792079	9.90099e-09	1	0.11252	0.306003	0.666667	0.666667	0.666667	1	1	56815.1	1e+20	9.28447e+14	13.4641	44.3007	32.1003	4.65145	30.5097	8.41906	
136000	-128238	-1202.63	-81495.5	-16547.9	0.188894	1	0.142302	14.0546	4.89471	0.00543557	19.5106	0.228497	6177	99	635	-33105.8	45.3732f	31.7116	4	1	1	0.039604	0.237624	0.0891089	0.009901	0	0	0	0	0.854545	0.95624	0.231392	0.519685	0.88835	9.90099e-09	0.0792079	9.90099e-09	1	0.140777	0.303459	0.666667	0.666667	0.666667	1	1	56815.1	1e+20	9.28447e+14	59.8054	84.5098	32.1003	4.65145	45.3732	31.7116	
137000	-129515	-1202.63	-82772.9	-16787.9	0.188894	1	0.140091	14.2764	4.83714	0.0232334	19.5293	0.234866	6321	99	608	-33105.8	35.3027f	13.4223	4	1	1	0.039604	0.237624	0.039604	0.009901	0	0	0	0	0.890909	0.970032	0.224329	0.543307	0.890995	0.019802	0.0792079	9.90099e-09	1	0.121643	0.285945	0.666667	0.666667	0.666667	1	1	56815.1	1e+20	9.28447e+14	59.8054	84.5098	32.1003	4.65145	35.3027	13.4223	
138000	-128808	-1202.63	-82065.4	-16649.7	0.189906	1	0.147195	13.5874	5.39567	0.0522952	19.7971	0.200392	6238	99	629	-33105.8	3.43624f	13.2977	4	1	1	0.039604	0.237624	0.039604	0.009901	0	0	0	0	0.909091	0.961353	0.256369	0.57377	0.870968	0.019802	0.0792079	9.90099e-09	1	0.108974	0.343402	0.666667	0.666667	0.666667	1	1	56815.1	1e+20	9.28447e+14	88.8402	28.4793	32.1003	4.65145	3.43624	13.2977	
139000	-129972	-1202.63	-83229.4	-16903.9	0.189906	1	0.134764	14.8408	4.93997	0.0177087	19.7971	0.239069	6391	99	582	-33105.8	31.7184f	20.7613	4	1	1	0.039604	0.237624	0.039604	0.009901	0	0	0	0	0.854545	0.96729	0.237795	0.606299	0.883465	0.019802	0.0792079	9.90099e-09	1	0.109034	0.281924	0.666667	0.666667	0.666667	1	1	56815.1	1e+20	9.28447e+14	59.8054	84.5098	50.3806	21.0345	31.7184	20.7613	
140000	-131438	-1202.63	-84695.6	-17028.1	0.197771	1	0.136972	14.6016	5.22886	0.0037964	19.7971	0.22222	6467	99	634	-33105.8	60.5033f	39.221	4	1	1	0.039604	0.237624	0.039604	0.009901	0	0	0	0	0.809091	0.964174	0.255418	0.475806	0.876923	0.019802	0.0891089	9.90099e-09	1	0.126739	0.301917	0.666667	0.666667	0.666667	1	1	56815.1	1e+20	9.28447e+14	84.9339	60.6144	26.3607	19.7096	60.5033	39.221	
141000	-133063	-1202.63	-86320	-17313.3	0.197771	1	0.134859	14.8303	5.1482	0.00824823	19.7971	0.229238	6643	99	615	-33105.8	63.0637f	31.2625	4	1	1	0.039604	0.188119	0.039604	9.90099e-09	0	0	0	0	0.809091	0.959701	0.246637	0.560976	0.883408	0.019802	0.0891089	9.90099e-09	1	0.112275	0.28529	0.666667	0.666667	0.666667	1	1	56815.1	1e+20	9.28447e+14	84.9339	60.6144	40.9819	36.8466	63.0637	31.2625	
142000	-131243	-1202.63	-84500.3	-17045.9	0.197771	1	0.138487	14.4418	5.2867	0.0142316	19.7971	0.217384	6478	99	609	-33105.8	27.866f	28.3166	4	1	1	0.0693069	0.188119	0.039604	9.90099e-09	0	0	0	0	0.772727	0.961656	0.250769	0.484127	0.881902	0.019802	0.0891089	9.90099e-09	1	0.0984615	0.283388	0.666667	0.666667	0.666667	1	1	56815.1	1e+20	9.28447e+14	90.709	63.2661	42.1668	28.2518	27.866	28.3166	
143000	-134076	-1202.63	-87333.3	-17423.5	0.200653	1	0.137099	14.588	5.31001	0.010681	19.7971	0.21862	6712	99	634	-33105.8	32.622f	29.5813	4	1	1	0.0693069	0.188119	0.039604	9.90099e-09	0	0	0	0	0.827273	0.951111	0.245171	0.641221	0.89808	0.019802	0.0891089	9.90099e-09	1	0.112927	0.302839	0.666667	0.666667	0.666667	1	1	56815.1	1e+20	9.28447e+14	68.5831	85.5309	42.1668	28.2518	32.622	29.5813	
144000	-133139	-1202.63	-86396.3	-17314.3	0.199661	1	0.13385	14.9421	5.15854	0.0334384	19.7971	0.230502	6644	99	617	-33105.8	59.2412f	3.95063	4	1	1	0.0693069	0.188119	0.019802	9.90099e-09	0	0	0	0	0.881818	0.952959	0.269578	0.532787	0.901664	0.019802	0.0891089	9.90099e-09	1	0.100904	0.274637	0.666667	0.666667	0.666667	1	1	56815.1	1e+20	9.28447e+14	68.5831	85.5309	74.0607	5.38181	59.2412	3.95063	
145000	-134151	-1202.63	-87408.2	-17475.4	0.199661	1	0.122568	16.3175	4.72374	0.0219965	19.7971	0.274889	6744	99	605	-33105.8	81.9627f	30.2792	4	1	1	0.0693069	0.188119	0.019802	9.90099e-09	0	0	0	0	0.827273	0.964232	0.253709	0.512	0.897626	0.019802	0.0891089	9.90099e-09	1	0.108309	0.300676	0.666667	0.666667	0.666667	1	1	56815.1	1e+20	9.28447e+14	73.1673	44.6318	68.3124	12.174	81.9627	30.2792	
146000	-132560	-1202.63	-85817.8	-17355.3	0.204896	1	0.112103	17.8408	4.43367	0.0220828	19.7971	0.320214	6669	99	537	-33105.8	87.3187f	46.8148	4	1	1	0.0693069	0.188119	0.019802	9.90099e-09	0	0	0	0	0.872727	0.974513	0.243976	0.544643	0.89955	0.019802	0.0990099	9.90099e-09	1	0.0989505	0.278276	0.666667	0.666667	0.666667	1	1	56815.1	1e+20	9.28447e+14	41.4702	57.9884	91.1342	9.53534	87.3187	46.8148	
147000	-135116	-1202.63	-88373.3	-17560.5	0.202405	1	0.134031	14.9219	5.38203	0.0364149	19.9332	0.220632	6798	99	639	-33105.8	95.6645f	33.798	4	1	1	0.0693069	0.188119	0.019802	9.90099e-09	0	0	0	0	0.9	0.967552	0.246696	0.477273	0.889381	0.019802	0.0990099	9.90099e-09	1	0.117647	0.281538	0.666667	0.666667	0.666667	1	1	56815.1	1e+20	9.28447e+14	5.94157	22.0287	91.1342	9.53534	95.6645	33.798	
148000	-135713	-1202.63	-88970.8	-17634.2	0.205165	1	0.124567	16.0556	5.07022	0.0272433	19.9332	0.251994	6845	99	647	-33105.8	83.1923f	24.3614	4	1	1	0.0594059	0.237624	0.019802	9.90099e-09	0	0	0	0	0.9	0.960641	0.278832	0.504	0.89781	0.019802	0.0990099	9.90099e-09	1	0.112245	0.293313	0.666667	0.666667	0.666667	1	1	56815.1	1e+20	9.28447e+14	5.94157	22.0287	91.1342	9.53534	83.1923	24.3614	
149000	-137685	-1202.63	-90942.6	-17952.6	0.213824	1	0.123051	16.2534	5.21992	0.0220585	19.9332	0.247782	7049	99	622	-33105.8	68.0463f	16.6677	4	1	1	0.0594059	0.237624	0.019802	9.90099e-09	0	0	0	0	0.9	0.965909	0.252841	0.465116	0.893617	0.019802	0.0990099	9.90099e-09	1	0.110638	0.25873	0.666667	0.666667	0.666667	1	1	56815.1	1e+20	9.28447e+14	3.5436	42.625	91.1342	9.53534	68.0463	16.6677	
150000	-138726	-1202.63	-91983.7	-18105.3	0.213824	1	0.137492	14.5463	5.8325	0.021726	19.9332	0.198467	7148	99	622	-33105.8	83.099f	32.835	4	1	1	0.0594059	0.237624	0.009901	9.90099e-09	0	0	0	0	0.872727	0.970629	0.25838	0.492308	0.902235	0.009901	0.0990099	9.90099e-09	1	0.0993007	0.306688	0.666667	0.666667	0.666667	1	1	56815.1	1e+20	9.28447e+14	3.5436	42.625	91.1342	9.53534	83.099	32.835	
151000	-138334	-1202.63	-91591.7	-18094.5	0.213824	1	0.110319	18.1292	4.67983	0.0477609	19.9332	0.308275	7141	99	592	-33105.8	84.131f	5.73206	4	1	1	0.0594059	0.237624	0.009901	9.90099e-09	0	0	0	0	0.8	0.967832	0.272346	0.521008	0.914085	0.009901	0.0990099	9.90099e-09	1	0.103352	0.3125	0.666667	0.666667	0.666667	1	1	56815.1	1e+20	9.28447e+14	3.5436	42.625	91.1342	9.53534	84.131	5.73206	
152000	-138732	-1202.63	-91989.4	-18145.4	0.213824	1	0.111083	18.0046	4.7122	0.0338571	19.9332	0.304054	7174	99	597	-33105.8	90.3491f	26.3409	4	1	1	0.0594059	0.237624	0.009901	9.90099e-09	0	0	0	0	0.909091	0.969317	0.261838	0.457627	0.917827	0.009901	0.0990099	9.90099e-09	1	0.116992	0.262982	0.666667	0.666667	0.666667	1	1	56815.1	1e+20	9.28447e+14	3.5436	42.625	91.1342	9.53534	90.3491	26.3409	
153000	-136149	-1202.63	-89406.8	-17805	0.209114	1	0.108356	18.4577	4.51021	0.0292179	19.9498	0.325665	6954	99	575	-33105.8	62.7741f	8.07839	4	1	1	0.0594059	0.237624	0.009901	9.90099e-09	0	0	0	0	0.827273	0.98	0.275466	0.553571	0.887931	0.009901	0.158416	9.90099e-09	1	0.106017	0.282353	0.666667	0.666667	0.666667	1	1	56815.1	1e+20	9.28447e+14	3.5436	42.625	91.1342	9.53534	62.7741	8.07839	
154000	-135083	-1202.63	-88340.1	-17704.9	0.209114	1	0.108356	18.4577	4.51021	0.00308409	19.9498	0.325665	6890	99	546	-33105.8	61.8602f	44.0849	4	1	1	0.019802	0.237624	0.009901	9.90099e-09	0	0	0	0	0.890909	0.95977	0.229555	0.5	0.906609	0.009901	0.158416	9.90099e-09	1	0.0675287	0.298725	0.666667	0.666667	0.666667	1	1	56815.1	1e+20	9.28447e+14	9.08039	26.9843	47.9689	56.0717	61.8602	44.0849	
155000	-136347	-1202.63	-89603.9	-17828.4	0.209701	1	0.118866	16.8256	4.96161	0.0226066	19.9498	0.26986	6969	99	585	-33105.8	72.6679f	19.1337	4	1	1	0.019802	0.128713	0.009901	9.90099e-09	0	0	0	0	0.854545	0.968481	0.241033	0.435897	0.898135	0.009901	0.158416	9.90099e-09	1	0.106017	0.298812	0.666667	0.666667	0.666667	1	1	56815.1	1e+20	9.28447e+14	9.08039	26.9843	47.9689	56.0717	72.6679	19.1337	
156000	-136561	-1202.63	-89818.5	-17861.2	0.209701	1	0.124107	16.1152	4.99696	0.000560071	19.7708	0.256637	6990	99	588	-33105.8	46.4688f	53.1617	4	1	1	0.019802	0.128713	0.009901	9.90099e-09	0	0	0	0	0.8	0.968616	0.198571	0.5	0.909222	0.009901	0.158416	9.90099e-09	1	0.118571	0.297723	0.666667	0.666667	0.666667	1	1	56815.1	1e+20	9.28447e+14	9.52687	30.0186	47.9689	56.0717	46.4688	53.1617	
157000	-139050	-1202.63	-92306.9	-18112.7	0.215567	1	0.1348	14.8368	5.57932	0.0106815	19.7708	0.211616	7153	99	645	-33105.8	60.8801f	26.141	4	1	1	0.019802	0.128713	0.009901	9.90099e-09	0	0	0	0	0.927273	0.960563	0.241913	0.544715	0.902405	0.009901	0.158416	9.90099e-09	1	0.105634	0.265403	0.666667	0.666667	0.666667	1	1	56815.1	1e+20	9.28447e+14	9.52687	30.0186	47.9689	56.0717	60.8801	26.141	
158000	-141327	-1202.63	-94584.5	-18374.2	0.220843	1	0.123374	16.2108	5.2314	0.0231262	19.7708	0.246591	7325	99	679	-33105.8	25.8806f	18.7957	4	1	1	0.019802	0.128713	0.009901	9.90099e-09	0	0	0	0	0.854545	0.96281	0.245856	0.557252	0.905866	0.009901	0.138614	9.90099e-09	1	0.095498	0.291605	0.666667	0.666667	0.666667	1	1	56815.1	1e+20	9.28447e+14	1.77917	31.6278	47.9689	56.0717	25.8806	18.7957	
159000	-139001	-1202.63	-92258.8	-18108.1	0.216004	1	0.124456	16.07	5.14278	0.029633	19.7528	0.248661	7150	99	649	-33105.8	19.5309f	82.2139	4	1	1	0.019802	0.128713	0.009901	9.90099e-09	0	0	0	0	0.845455	0.959497	0.247552	0.515385	0.897472	0.009901	0.138614	9.90099e-09	1	0.111732	0.312789	0.666667	0.666667	0.666667	1	1	56815.1	1e+20	9.28447e+14	1.77917	31.6278	47.9689	56.0717	19.5309	82.2139	
160000	-139904	-1202.63	-93161.8	-18232.2	0.216004	1	0.124456	16.07	5.14278	0.00547013	19.7528	0.248661	7231	99	643	-33105.8	61.6239f	35.773	4	1	1	0.019802	0.267327	0.009901	9.90099e-09	0	0	0	0	0.863636	0.950207	0.239281	0.446154	0.889495	0.009901	0.138614	9.90099e-09	1	0.107884	0.309487	0.666667	0.666667	0.666667	1	1	56815.1	1e+20	9.28447e+14	1.77917	31.6278	47.9689	56.0717	61.6239	35.773	
161000	-136719	-1202.63	-89976.4	-17797.3	0.211019	1	0.131946	15.1577	5.32649	0.00345126	19.7528	0.226456	6949	99	637	-33105.8	58.1651f	61.4044	4	1	1	0.0594059	0.267327	0.009901	9.90099e-09	0	0	0	0	0.909091	0.955396	0.243516	0.569343	0.900576	0.009901	0.138614	9.90099e-09	1	0.105036	0.309006	0.666667	0.666667	0.666667	1	1	56815.1	1e+20	9.28447e+14	1.77917	31.6278	47.9689	56.0717	58.1651	61.4044	
162000	-136933	-1202.63	-90190.5	-17759.9	0.210839	1	0.14015	14.2704	5.65282	0.0110198	19.7528	0.200892	6925	99	676	-33105.8	43.6846f	23.7099	4	1	1	0.0594059	0.267327	0.019802	9.90099e-09	0	0	0	0	0.863636	0.96259	0.231214	0.521739	0.882014	0.009901	0.138614	9.90099e-09	1	0.115274	0.280179	0.666667	0.666667	0.666667	1	1	56815.1	1e+20	9.28447e+14	56.25	18.0963	47.9689	56.0717	43.6846	23.7099	
163000	-138390	-1202.63	-91647.8	-17957.6	0.210839	1	0.13502	14.8127	5.4459	0.00315174	19.7528	0.216448	7052	99	687	-33105.8	62.9806f	52.5777	4	1	1	0.0594059	0.267327	0.019802	9.90099e-09	0	0	0	0	0.872727	0.95584	0.257102	0.529412	0.874644	0.009901	0.138614	9.90099e-09	1	0.11898	0.281609	0.666667	0.666667	0.666667	1	1	56815.1	1e+20	9.28447e+14	56.25	18.0963	47.9689	56.0717	62.9806	52.5777	
164000	-138056	-1202.63	-91313.7	-17942	0.210839	1	0.137514	14.544	5.5465	0.0177339	19.7528	0.208668	7042	99	667	-33105.8	23.9292f	27.2552	4	1	1	0.0594059	0.267327	0.019802	9.90099e-09	0	0	0	0	0.890909	0.964387	0.269504	0.421053	0.89078	9.90099e-09	0.138614	9.90099e-09	1	0.0808511	0.284839	0.666667	0.666667	0.666667	1	1	56815.1	1e+20	9.28447e+14	75.5	22.4892	47.9689	56.0717	23.9292	27.2552	
165000	-135970	-1202.63	-89227.7	-17660.2	0.210839	1	0.133803	14.9473	5.39685	0.00321561	19.7528	0.2204	6861	99	650	-33105.8	38.568f	58.6258	4	1	1	0.0594059	0.267327	0.019802	9.90099e-09	0	0	0	0	0.836364	0.965066	0.270468	0.476563	0.886463	9.90099e-09	0.0990099	9.90099e-09	1	0.106725	0.302034	0.666667	0.666667	0.666667	1	1	56815.1	1e+20	9.28447e+14	13.1822	2.65767	28.5527	49.549	38.568	58.6258	
166000	-137692	-1202.63	-90949.2	-17896.9	0.210839	1	0.133803	14.9473	5.39685	0.0242654	19.7528	0.2204	7013	99	664	-33105.8	9.98519f	55.6686	4	1	1	0.0594059	0.0990099	0.019802	9.90099e-09	0	0	0	0	0.890909	0.960171	0.251778	0.587786	0.899857	9.90099e-09	0.0990099	9.90099e-09	1	0.112376	0.303835	0.666667	0.666667	0.666667	1	1	56815.1	1e+20	9.28447e+14	6.93044	23.8903	28.5527	49.549	9.98519	55.6686	
167000	-137555	-1202.63	-90812.9	-17954.7	0.215763	1	0.125966	15.8773	4.9521	0.0216118	19.5136	0.25514	7050	99	619	-33105.8	14.2892f	63.1942	4	1	1	0.0594059	0.0990099	0.019802	9.90099e-09	0	0	0	0	0.854545	0.957143	0.245739	0.536585	0.881429	9.90099e-09	0.0990099	9.90099e-09	1	0.0923295	0.310744	0.666667	0.666667	0.666667	1	1	56815.1	1e+20	9.28447e+14	18.2234	11.8275	33.6666	53.2547	14.2892	63.1942	
168000	-137568	-1202.63	-90825.8	-17894.9	0.215763	1	0.125966	15.8773	4.85222	0.000549835	19.4145	0.260392	7011	99	664	-33105.8	45.0589f	49.1253	4	1	1	0.0594059	0.0990099	0.019802	9.90099e-09	0	0	0	0	0.8	0.95422	0.238231	0.484375	0.888889	9.90099e-09	0.0990099	9.90099e-09	1	0.122507	0.288676	0.666667	0.666667	0.666667	1	1	56815.1	1e+20	9.28447e+14	18.2234	11.8275	33.6666	53.2547	45.0589	49.1253	
169000	-140097	-1202.63	-93354.8	-18347	0.219754	1	0.123784	16.1572	4.87369	0.0105537	19.4317	0.263814	7307	99	594	-33105.8	24.3422f	42.5053	4	1	1	0.029703	0.0990099	0.049505	9.90099e-09	0	0	0	0	0.8	0.972678	0.23803	0.52459	0.919289	9.90099e-09	0.0990099	9.90099e-09	1	0.120383	0.284072	0.666667	0.666667	0.666667	1	1	56815.1	1e+20	9.28447e+14	18.2234	11.8275	33.6666	53.2547	24.3422	42.5053	
170000	-140647	-1202.63	-93904	-18310.7	0.219754	1	0.130494	15.3264	5.13787	0.00222723	19.4317	0.237382	7283	99	667	-33105.8	38.1695f	51.7702	4	1	1	0.029703	0.0990099	0.049505	9.90099e-09	0	0	0	0	0.827273	0.971193	0.255144	0.525547	0.89589	9.90099e-09	0.0990099	9.90099e-09	1	0.128944	0.281669	0.666667	0.666667	0.666667	1	1	56815.1	1e+20	9.28447e+14	18.2234	11.8275	33.6666	53.2547	38.1695	51.7702	
171000	-140517	-1202.63	-93773.9	-18307.6	0.219754	1	0.125426	15.9457	4.91072	0.00284947	19.4045	0.258397	7281	99	652	-33105.8	50.494f	36.7232	4	1	1	0.029703	0.0990099	0.049505	9.90099e-09	0	0	0	0	0.790909	0.961433	0.266118	0.564286	0.912209	9.90099e-09	0.108911	9.90099e-09	1	0.120548	0.315714	0.666667	0.666667	0.666667	1	1	56815.1	1e+20	9.28447e+14	18.2234	11.8275	33.6666	53.2547	50.494	36.7232	
172000	-137461	-1202.63	-90718.4	-17963.8	0.210721	1	0.118609	16.8621	4.83688	0.00150035	19.8099	0.27742	7056	99	601	-33105.8	46.9363f	58.5128	4	1	1	0.029703	0.0990099	0.049505	9.90099e-09	0	0	0	0	0.8	0.96875	0.251778	0.561983	0.899004	9.90099e-09	0.108911	9.90099e-09	1	0.0938834	0.311987	0.666667	0.666667	0.666667	1	1	56815.1	1e+20	9.28447e+14	18.2234	11.8275	33.6666	53.2547	46.9363	58.5128	
173000	-135091	-1202.63	-88347.9	-17641	0.203965	1	0.114479	17.4705	4.51878	0.0105923	19.8099	0.307661	6849	99	591	-33105.8	32.0776f	69.3695	4	1	1	0.029703	0.138614	0.049505	9.90099e-09	0	0	0	0	0.854545	0.963716	0.239538	0.517241	0.900862	9.90099e-09	0.108911	9.90099e-09	1	0.103448	0.308081	0.666667	0.666667	0.666667	1	1	56815.1	1e+20	9.28447e+14	18.2234	11.8275	33.6666	53.2547	32.0776	69.3695	
174000	-135045	-1202.63	-88302.4	-17703	0.203965	1	0.116889	17.1102	4.61393	0.0110017	19.8099	0.295104	6888	99	543	-33105.8	39.7745f	74.6516	4	1	1	0.029703	0.138614	0.049505	9.90099e-09	0	0	0	0	0.809091	0.975434	0.24238	0.486726	0.89725	9.90099e-09	0.108911	9.90099e-09	1	0.114162	0.302609	0.666667	0.666667	0.666667	1	1	56815.1	1e+20	9.28447e+14	18.2234	11.8275	33.6666	53.2547	39.7745	74.6516	
175000	-135714	-1202.63	-88971.4	-17679.2	0.203965	1	0.12193	16.4029	4.86563	0.00137401	19.864	0.26827	6873	99	618	-33105.8	40.9722f	51.4144	4	1	1	0.029703	0.138614	0.049505	9.90099e-09	0	0	0	0	0.845455	0.976608	0.280292	0.570313	0.910819	9.90099e-09	0.108911	9.90099e-09	1	0.106105	0.300477	0.666667	0.666667	0.666667	1	1	56815.1	1e+20	9.28447e+14	18.2234	11.8275	33.6666	53.2547	40.9722	51.4144	
176000	-134546	-1202.63	-87803.7	-17576.2	0.208453	1	0.118906	16.82	4.84936	0.00504964	19.864	0.276015	6808	99	574	-33105.8	54.9532f	66.7167	4	1	1	0.029703	0.138614	0.039604	9.90099e-09	0	0	0	0	0.781818	0.970674	0.248902	0.565217	0.908957	9.90099e-09	0.108911	9.90099e-09	1	0.109329	0.293823	0.666667	0.666667	0.666667	1	1	56815.1	1e+20	9.28447e+14	39.2698	18.4762	33.6666	53.2547	54.9532	66.7167	
177000	-135668	-1202.63	-88925	-17731.5	0.208453	1	0.118906	16.82	4.72382	0.0090414	19.7341	0.28335	6907	99	585	-33105.8	42.5835f	72.9119	4	1	1	0.029703	0.138614	0.039604	9.90099e-09	0	0	0	0	0.872727	0.968116	0.29233	0.504587	0.887931	9.90099e-09	0.108911	9.90099e-09	1	0.0984081	0.309524	0.666667	0.666667	0.666667	1	1	56815.1	1e+20	9.28447e+14	39.2698	18.4762	33.6666	53.2547	42.5835	72.9119	
178000	-136852	-1202.63	-90108.9	-17861.8	0.208075	1	0.11627	17.2013	4.79632	0.0233643	19.9298	0.285392	6990	99	610	-33105.8	10.5406f	54.0812	4	1	1	0.029703	0.138614	0.039604	9.90099e-09	0	0	0	0	0.854545	0.958748	0.247126	0.455285	0.907407	9.90099e-09	0.108911	9.90099e-09	1	0.102857	0.321311	0.666667	0.666667	0.666667	1	1	56815.1	1e+20	9.28447e+14	39.2698	18.4762	33.6666	53.2547	10.5406	54.0812	
179000	-136166	-1202.63	-89423.1	-17841.4	0.208075	1	0.104134	19.206	4.33939	0.0134844	19.9803	0.352207	6977	99	556	-33105.8	20.6181f	42.9744	4	1	1	0.029703	0.138614	0.039604	9.90099e-09	0	0	0	0	0.872727	0.95584	0.216023	0.516949	0.905983	0.019802	0.108911	9.90099e-09	1	0.106017	0.263432	0.666667	0.666667	0.666667	1	1	56815.1	1e+20	9.28447e+14	39.2698	18.4762	33.6666	53.2547	20.6181	42.9744	
180000	-135916	-1202.63	-89173.9	-17792.5	0.209728	1	0.114699	17.4369	4.81761	0.00649412	19.9803	0.288024	6946	99	567	-33105.8	29.1519f	48.279	4	1	1	0.029703	0.19802	0.039604	9.90099e-09	0	0	0	0	0.881818	0.96259	0.227011	0.520661	0.920863	0.019802	0.108911	9.90099e-09	1	0.106475	0.308642	0.666667	0.666667	0.666667	1	1	56815.1	1e+20	9.28447e+14	39.2698	18.4762	56.5555	48.0212	29.1519	48.279	
181000	-136578	-1202.63	-89835.1	-17814.3	0.209728	1	0.123518	16.192	4.91077	0.032881	19.7078	0.262387	6960	99	611	-33105.8	92.7338f	32.9305	4	1	1	0.029703	0.19802	0.039604	9.90099e-09	0	0	0	0	0.863636	0.961318	0.24569	0.535433	0.89	0.019802	0.108911	9.90099e-09	1	0.120517	0.280066	0.666667	0.666667	0.666667	1	1	56815.1	1e+20	9.28447e+14	39.2698	18.4762	56.5555	48.0212	92.7338	32.9305	
182000	-135468	-1202.63	-88725.7	-17697.2	0.209728	1	0.120004	16.6661	4.83979	0.0403941	19.7784	0.27403	6885	99	591	-33105.8	94.2075f	75.3095	4	1	1	0.029703	0.19802	0.049505	9.90099e-09	0	0	0	0	0.863636	0.965268	0.217707	0.512397	0.90379	0.019802	0.108911	9.90099e-09	1	0.12627	0.291032	0.666667	0.666667	0.666667	1	1	56815.1	1e+20	9.28447e+14	39.2698	18.4762	91.1677	63.2374	94.2075	75.3095	
183000	-138318	-1202.63	-91575.3	-18053.3	0.209728	1	0.118725	16.8456	4.78821	0.00865298	19.7784	0.279965	7113	99	622	-33105.8	65.869f	66.6757	4	1	1	0.029703	0.19802	0.049505	9.90099e-09	0	0	0	0	0.809091	0.964838	0.247191	0.547619	0.893408	0.019802	0.0891089	9.90099e-09	1	0.11955	0.27492	0.666667	0.666667	0.666667	1	1	56815.1	1e+20	9.28447e+14	39.2698	18.4762	91.1677	63.2374	65.869	66.6757	
184000	-139270	-1202.63	-92527.4	-18167	0.213997	1	0.124676	16.0416	5.1825	0.0136809	19.8283	0.24632	7188	99	636	-33105.8	77.4942f	59.8164	4	1	1	0.029703	0.19802	0.049505	9.90099e-09	0	0	0	0	0.854545	0.967832	0.24581	0.569231	0.882845	0.019802	0.0891089	9.90099e-09	1	0.128671	0.291277	0.666667	0.666667	0.666667	1	1	56815.1	1e+20	9.28447e+14	39.2698	18.4762	75.3575	54.1074	77.4942	59.8164	
185000	-139071	-1202.63	-92328.3	-18140.4	0.221337	1	0.124676	16.0416	4.90489	0.0481644	19.393	0.260261	7170	99	636	-33105.8	92.0035f	86.6428	4	1	1	0.029703	0.19802	0.049505	9.90099e-09	0	0	0	0	0.863636	0.962185	0.215877	0.515873	0.896648	0.019802	0.0891089	9.90099e-09	1	0.135097	0.302795	0.666667	0.666667	0.666667	1	1	56815.1	1e+20	9.28447e+14	39.2698	18.4762	79.1149	57.3583	92.0035	86.6428	
186000	-140479	-1202.63	-93736.3	-18363.6	0.221337	1	0.125912	15.8842	4.95352	0.00654456	19.393	0.255176	7318	99	623	-33105.8	65.1821f	62.7403	4	1	1	0.029703	0.207921	0.049505	9.90099e-09	0	0	0	0	0.872727	0.969863	0.206044	0.579365	0.888736	0.019802	0.0891089	9.90099e-09	1	0.081044	0.294599	0.666667	0.666667	0.666667	1	1	56815.1	1e+20	9.28447e+14	39.2698	18.4762	79.1149	57.3583	65.1821	62.7403	
187000	-142903	-1202.63	-96160.2	-18600.4	0.221337	1	0.149328	13.3934	5.87473	0.0142415	19.393	0.181423	7475	99	689	-33105.8	79.6428f	46.2431	4	1	1	0.0594059	0.207921	0.049505	9.90099e-09	0	0	0	0	0.890909	0.955882	0.23231	0.558621	0.891892	0.019802	0.0891089	9.90099e-09	1	0.129506	0.308989	0.666667	0.666667	0.666667	1	1	56815.1	1e+20	9.28447e+14	39.2698	18.4762	79.1149	57.3583	79.6428	46.2431	
188000	-141996	-1202.63	-95253.6	-18411.9	0.221337	1	0.146381	13.663	5.96164	0.0137185	19.5616	0.182377	7350	99	725	-33105.8	56.339f	20.74	4	1	1	0.0594059	0.207921	0.049505	9.90099e-09	0	0	0	0	0.845455	0.95788	0.224764	0.465753	0.902174	0.019802	0.0891089	9.90099e-09	1	0.10462	0.295486	0.666667	0.666667	0.666667	1	1	56815.1	1e+20	9.28447e+14	39.2698	18.4762	68.3151	27.4391	56.339	20.74	
189000	-141420	-1202.63	-94677.5	-18356.1	0.220224	1	0.142669	14.0184	6.20149	0.0266957	19.9078	0.179885	7313	99	709	-33105.8	75.5158f	17.0784	4	1	1	0.0594059	0.207921	0.039604	9.90099e-09	0	0	0	0	0.863636	0.960651	0.229508	0.486111	0.895522	0.019802	0.0693069	9.90099e-09	1	0.103825	0.248237	0.666667	0.666667	0.666667	1	1	56815.1	1e+20	9.28447e+14	39.2698	18.4762	68.3151	27.4391	75.5158	17.0784	
190000	-140263	-1202.63	-93520.2	-18268.3	0.220224	1	0.124722	16.0357	5.42137	0.000526408	19.9078	0.235379	7255	99	655	-33105.8	45.6319f	51.6667	4	1	1	0.0594059	0.207921	0.039604	9.90099e-09	0	0	0	0	0.809091	0.961591	0.248974	0.536765	0.894231	0.019802	0.0693069	9.90099e-09	1	0.116598	0.258015	0.666667	0.666667	0.666667	1	1	56815.1	1e+20	9.28447e+14	39.2698	18.4762	48.4317	31.5441	45.6319	51.6667	
191000	-143435	-1202.63	-96692.5	-18559.4	0.228271	1	0.144401	13.8504	6.49191	0.0128544	19.8969	0.169777	7448	99	755	-33105.8	53.8439f	21.242	4	1	1	0.0594059	0.207921	0.039604	9.90099e-09	0	0	0	0	0.836364	0.962466	0.261394	0.574324	0.892761	0.019802	0.0693069	9.90099e-09	1	0.113941	0.300662	0.666667	0.666667	0.666667	1	1	56815.1	1e+20	9.28447e+14	39.2698	18.4762	48.4317	31.5441	53.8439	21.242	
192000	-143348	-1202.63	-96605.2	-18717.5	0.228271	1	0.118878	16.824	5.24464	0.0117667	19.8034	0.255273	7555	99	645	-33105.8	65.9831f	71.8683	4	1	1	0.0594059	0.207921	0.039604	9.90099e-09	0	0	0	0	0.836364	0.972332	0.235837	0.545455	0.899868	0.019802	0.0693069	9.90099e-09	1	0.103175	0.290965	0.666667	0.666667	0.666667	1	1	56815.1	1e+20	9.28447e+14	39.2698	18.4762	82.7863	92.306	65.9831	71.8683	
193000	-145055	-1202.63	-98312.8	-18915.8	0.231497	1	0.121306	16.4872	5.42742	0.0512988	19.8034	0.241737	7690	99	666	-33105.8	85.0265f	95.7364	4	1	1	0.0594059	0.178218	0.039604	9.90099e-09	0	0	0	0	0.827273	0.962289	0.246433	0.585938	0.917098	0.019802	0.0693069	9.90099e-09	1	0.115735	0.284211	0.666667	0.666667	0.666667	1	1	56815.1	1e+20	9.28447e+14	39.2698	18.4762	82.7863	92.306	85.0265	95.7364	
194000	-145254	-1202.63	-98511.5	-18956.8	0.231497	1	0.11888	16.8236	5.31888	0.0444151	19.8034	0.251704	7718	99	658	-33105.8	88.988f	86.6359	4	1	1	0.0594059	0.178218	0.029703	9.90099e-09	0	0	0	0	0.863636	0.963777	0.24677	0.521739	0.892626	0.009901	0.0693069	9.90099e-09	1	0.108527	0.32	0.666667	0.666667	0.666667	1	1	56815.1	1e+20	9.28447e+14	39.2698	18.4762	82.7863	92.306	88.988	86.6359	
195000	-143590	-1202.63	-96847.4	-18757.2	0.233209	1	0.11793	16.9593	5.31537	0.0305558	19.8034	0.253901	7581	99	636	-33105.8	83.21f	79.183	4	1	1	0.0594059	0.178218	0.029703	9.90099e-09	0	0	0	0	0.827273	0.956407	0.243065	0.526316	0.919631	0.009901	0.0693069	9.90099e-09	1	0.101449	0.283133	0.666667	0.666667	0.666667	1	1	56815.1	1e+20	9.28447e+14	30.1429	21.4449	82.7863	92.306	83.21	79.183	
196000	-144443	-1202.63	-97700.1	-18896.8	0.232775	1	0.112323	17.8058	5.05323	0.0263819	19.8034	0.280404	7677	99	626	-33105.8	45.9414f	91.2283	4	1	1	0.0594059	0.178218	0.029703	9.90099e-09	0	0	0	0	0.909091	0.972549	0.268579	0.521739	0.916667	0.009901	0.138614	9.90099e-09	1	0.0859375	0.264706	0.666667	0.666667	0.666667	1	1	56815.1	1e+20	9.28447e+14	30.1429	21.4449	82.7863	92.306	45.9414	91.2283	
197000	-143597	-1202.63	-96854.2	-18751.4	0.233371	1	0.120825	16.5528	5.00523	0.0193754	19.3866	0.263171	7577	99	649	-33105.8	79.2954f	69.1046	4	1	1	0.0594059	0.178218	0.029703	9.90099e-09	0	0	0	0	0.809091	0.967148	0.256881	0.514925	0.898701	0.009901	0.138614	9.90099e-09	1	0.0976563	0.284431	0.666667	0.666667	0.666667	1	1	56815.1	1e+20	9.28447e+14	30.1429	21.4449	82.7863	92.306	79.2954	69.1046	
198000	-147068	-1202.63	-100325	-19179.2	0.233371	1	0.130799	15.2906	5.41841	0.0336373	19.3866	0.224565	7871	99	679	-33105.8	96.4288f	50.3519	4	1	1	0.0594059	0.178218	0.029703	9.90099e-09	0	0	0	0	0.845455	0.958175	0.240252	0.496296	0.897208	0.009901	0.138614	9.90099e-09	1	0.119289	0.290801	0.666667	0.666667	0.666667	1	1	56815.1	1e+20	9.28447e+14	30.1429	21.4449	82.7863	92.306	96.4288	50.3519	
199000	-147728	-1202.63	-100986	-19229.6	0.238096	1	0.119148	16.7859	5.36879	0.0431183	19.6996	0.248805	7907	99	699	-33105.8	86.1072f	88.4088	4	1	1	0.0693069	0.0990099	0.029703	9.90099e-09	0	0	0	0	0.854545	0.960908	0.259494	0.531915	0.891824	0.009901	0.138614	9.90099e-09	1	0.0847029	0.292398	0.666667	0.666667	0.666667	1	1	56815.1	1e+20	9.28447e+14	30.1429	21.4449	82.7863	92.306	86.1072	88.4088	
200000	-148826	-1202.63	-102084	-19342.6	0.238817	1	0.131427	15.2175	5.94005	0.0264453	19.6996	0.203866	7986	99	717	-33105.8	80.5545f	77.4346	4	1	1	0.0693069	0.0990099	0.019802	9.90099e-09	0	0	0	0	0.909091	0.966376	0.250311	0.567568	0.898623	0.009901	0.138614	9.90099e-09	1	0.107635	0.295518	0.666667	0.666667	0.666667	1	1	56815.1	1e+20	9.28447e+14	31.8425	6.69995	52.9697	83.2334	80.5545	77.4346	
201000	-151404	-1202.63	-104661	-19662.9	0.252053	1	0.129605	15.4315	6.18235	0.0627914	19.6996	0.198629	8213	99	730	-33105.8	91.0349f	98.8613	4	1	1	0.0693069	0.0990099	0.019802	9.90099e-09	0	0	0	0	0.763636	0.959951	0.268293	0.477124	0.916058	0.009901	0.138614	9.90099e-09	1	0.108404	0.284932	0.666667	0.666667	0.666667	1	1	56815.1	1e+20	9.28447e+14	31.8425	6.69995	52.9697	83.2334	91.0349	98.8613	
202000	-153039	-1202.63	-106297	-19797.4	0.254817	1	0.129068	15.4957	6.33782	0.0178079	19.7889	0.194563	8310	99	785	-33105.8	74.194f	73.1994	4	1	1	0.0693069	0.0990099	0.019802	9.90099e-09	0	0	0	0	0.836364	0.951981	0.238609	0.502959	0.896552	0.009901	0.138614	9.90099e-09	1	0.110577	0.289911	0.666667	0.666667	0.666667	1	1	56815.1	1e+20	9.28447e+14	31.8425	6.69995	52.9697	83.2334	74.194	73.1994	
203000	-157503	-1202.63	-110760	-20254.1	0.254757	1	0.142065	14.078	6.9059	0.0129703	19.7401	0.162223	8644	99	870	-33105.8	47.7951f	78.7515	4	1	1	0.0693069	0.0990099	0.019802	9.90099e-09	0	0	0	0	0.872727	0.958188	0.28223	0.482955	0.895954	0.009901	0.108911	9.90099e-09	1	0.132948	0.308046	0.666667	0.666667	0.666667	1	1	56815.1	1e+20	9.28447e+14	31.8425	6.69995	52.9697	83.2334	47.7951	78.7515	
204000	-153060	-1202.63	-106317	-19822.8	0.250692	1	0.128487	15.5658	6.38297	0.00839948	19.9275	0.194061	8329	99	762	-33105.8	58.9311f	70.9654	4	1	1	0.0693069	0.0990099	0.019802	9.90099e-09	0	0	0	0	0.836364	0.964158	0.240096	0.542484	0.88411	0.009901	0.108911	9.90099e-09	1	0.12605	0.336788	0.666667	0.666667	0.666667	1	1	56815.1	1e+20	9.28447e+14	31.8425	6.69995	52.9697	83.2334	58.9311	70.9654	
205000	-152906	-1202.63	-106164	-19803.9	0.254042	1	0.128487	15.5658	6.46828	0.0196197	19.9275	0.191502	8315	99	775	-33105.8	39.8647f	84.2907	4	1	1	0.0693069	0.0990099	0.019802	9.90099e-09	0	0	0	0	0.781818	0.956731	0.234657	0.513514	0.898673	0.009901	0.108911	9.90099e-09	1	0.120048	0.288714	0.666667	0.666667	0.666667	1	1	56815.1	1e+20	9.28447e+14	31.8425	6.69995	52.9697	83.2334	39.8647	84.2907	
206000	-150939	-1202.63	-104197	-19557.9	0.249571	1	0.13387	14.9399	6.6391	0.0373592	19.9414	0.179073	8138	99	766	-33105.8	71.8944f	93.9588	4	1	1	0.0891089	0.158416	0.019802	9.90099e-09	0	0	0	0	0.845455	0.951397	0.257353	0.563291	0.894289	0.019802	0.108911	9.90099e-09	1	0.101716	0.306789	0.666667	0.666667	0.666667	1	1	56815.1	1e+20	9.28447e+14	55.5166	12.929	52.9697	83.2334	71.8944	93.9588	
207000	-149828	-1202.63	-103085	-19512.1	0.249571	1	0.127663	15.6663	6.33127	0.0373592	19.9414	0.196909	8105	99	697	-33105.8	71.8944f	93.9588	4	1	1	0.0891089	0.158416	0.019802	9.90099e-09	0	0	0	0	0.872727	0.958128	0.254321	0.5	0.906289	0.019802	0.108911	9.90099e-09	1	0.103576	0.311334	0.666667	0.666667	0.666667	1	1	56815.1	1e+20	9.28447e+14	36.8126	1.13368	52.9697	83.2334	71.8944	93.9588	
208000	-152912	-1202.63	-106169	-19761.9	0.249571	1	0.133089	15.0275	6.19573	0.0213355	19.6285	0.193012	8285	99	793	-33105.8	34.9936f	84.2443	4	1	1	0.0891089	0.158416	0.0594059	9.90099e-09	0	0	0	0	0.890909	0.956679	0.21256	0.490446	0.883273	0.019802	0.108911	9.90099e-09	1	0.117008	0.291123	0.666667	0.666667	0.666667	1	1	56815.1	1e+20	9.28447e+14	36.8126	1.13368	52.9697	83.2334	34.9936	84.2443	
209000	-150902	-1202.63	-104159	-19608.8	0.247419	1	0.131166	15.2479	6.05351	0.0148341	19.6285	0.200444	8175	99	721	-33105.8	47.5263f	80.7932	4	1	1	0.0891089	0.158416	0.0594059	9.90099e-09	0	0	0	0	0.8	0.97066	0.272616	0.56338	0.889976	0.019802	0.108911	9.90099e-09	1	0.133252	0.283124	0.666667	0.666667	0.666667	1	1	56815.1	1e+20	9.28447e+14	78.636	10.4832	52.9697	83.2334	47.5263	80.7932	
210000	-149228	-1202.63	-102485	-19423.2	0.241666	1	0.123315	16.2187	5.7636	0.0369549	19.8068	0.22393	8043	99	702	-33105.8	43.8885f	98.7653	4	1	1	0.0891089	0.158416	0.0594059	9.90099e-09	0	0	0	0	0.845455	0.961538	0.27205	0.496403	0.88323	0.019802	0.108911	9.90099e-09	1	0.113043	0.30758	0.666667	0.666667	0.666667	1	1	56815.1	1e+20	9.28447e+14	78.636	10.4832	52.9697	83.2334	43.8885	98.7653	
211000	-148836	-1202.63	-102094	-19339.4	0.241666	1	0.129956	15.3898	6.07403	0.00227178	19.8068	0.201626	7984	99	721	-33105.8	55.3138f	39.8473	4	1	1	0.0891089	0.158416	0.0594059	9.90099e-09	0	0	0	0	0.872727	0.95875	0.234707	0.537415	0.886392	0.019802	0.108911	9.90099e-09	1	0.116395	0.278846	0.666667	0.666667	0.666667	1	1	56815.1	1e+20	9.28447e+14	88.0675	30.6295	52.9697	83.2334	55.3138	39.8473	
212000	-150183	-1202.63	-103441	-19445.9	0.241666	1	0.127287	15.7125	5.94929	0.0050294	19.8068	0.210169	8059	99	771	-33105.8	35.6845f	61.0699	4	1	1	0.049505	0.158416	0.0594059	9.90099e-09	0	0	0	0	0.845455	0.96384	0.239752	0.598684	0.869565	0.019802	0.108911	9.90099e-09	1	0.105459	0.31357	0.666667	0.666667	0.666667	1	1	56815.1	1e+20	9.28447e+14	88.0675	30.6295	52.9697	83.2334	35.6845	61.0699	
213000	-149176	-1202.63	-102433	-19268.1	0.244189	1	0.145471	13.7484	6.73697	0.00774033	19.7101	0.162397	7933	99	805	-33105.8	58.5897f	29.4987	4	1	1	0.049505	0.19802	0.029703	9.90099e-09	0	0	0	0	0.881818	0.943038	0.25158	0.533742	0.875315	0.019802	0.108911	9.90099e-09	1	0.124685	0.292892	0.666667	0.666667	0.666667	1	1	56815.1	1e+20	9.28447e+14	88.0675	30.6295	52.9697	83.2334	58.5897	29.4987	
214000	-151369	-1202.63	-104626	-19490.5	0.240533	1	0.14391	13.8975	6.74266	0.0150394	19.8421	0.16402	8090	99	846	-33105.8	70.8575f	72.5692	4	1	1	0.049505	0.19802	0.029703	9.90099e-09	0	0	0	0	0.9	0.971464	0.268564	0.532164	0.879012	0.019802	0.108911	9.90099e-09	1	0.117284	0.302243	0.666667	0.666667	0.666667	1	1	56815.1	1e+20	9.28447e+14	40.7855	17.0679	52.9697	83.2334	70.8575	72.5692	
215000	-149689	-1202.63	-102946	-19376.3	0.242169	1	0.138862	14.4028	6.69063	0.0186681	19.9475	0.171305	8010	99	771	-33105.8	70.2949f	77.77	4	1	1	0.049505	0.19802	0.029703	9.90099e-09	0	0	0	0	0.854545	0.954603	0.267746	0.56129	0.871375	0.019802	0.108911	9.90099e-09	1	0.123288	0.307298	0.666667	0.666667	0.666667	1	1	56815.1	1e+20	9.28447e+14	40.7855	17.0679	56.2539	59.905	70.2949	77.77	
216000	-150012	-1202.63	-103269	-19406.1	0.243078	1	0.132115	15.1383	6.38949	0.0119726	19.9475	0.188539	8031	99	782	-33105.8	71.6379f	66.5784	4	1	1	0.049505	0.19802	0.029703	9.90099e-09	0	0	0	0	0.881818	0.961538	0.269373	0.5	0.904294	0.019802	0.118812	9.90099e-09	1	0.130597	0.300518	0.666667	0.666667	0.666667	1	1	56815.1	1e+20	9.28447e+14	40.7855	17.0679	56.2539	59.905	71.6379	66.5784	
217000	-149295	-1202.63	-102553	-19293	0.243078	1	0.134601	14.8587	6.5097	0.0352846	19.9475	0.18164	7951	99	791	-33105.8	61.9818f	96.2744	4	1	1	0.0594059	0.19802	0.029703	9.90099e-09	0	0	0	0	0.854545	0.964824	0.280503	0.496732	0.89612	0.019802	0.118812	9.90099e-09	1	0.125628	0.29712	0.666667	0.666667	0.666667	1	1	56815.1	1e+20	9.28447e+14	40.7855	17.0679	56.2539	59.905	61.9818	96.2744	
218000	-150244	-1202.63	-103502	-19435.8	0.243078	1	0.145945	13.7038	7.05831	0.00475	19.9475	0.154501	8052	99	786	-33105.8	65.0764f	57.0215	4	1	1	0.0594059	0.19802	0.029703	9.90099e-09	0	0	0	0	0.881818	0.953028	0.248139	0.515528	0.891521	0.019802	0.118812	9.90099e-09	1	0.140199	0.30855	0.666667	0.666667	0.666667	1	1	56815.1	1e+20	9.28447e+14	40.7855	17.0679	66.7367	85.6231	65.0764	57.0215	
219000	-149746	-1202.63	-103003	-19433	0.243078	1	0.140058	14.2798	6.30048	0.0302471	19.5897	0.180359	8050	99	743	-33105.8	90.0434f	68.0976	4	1	1	0.0594059	0.138614	0.029703	9.90099e-09	0	0	0	0	0.836364	0.949132	0.286957	0.587838	0.875	0.019802	0.118812	9.90099e-09	1	0.101737	0.298789	0.666667	0.666667	0.666667	1	1	56815.1	1e+20	9.28447e+14	40.7855	17.0679	66.7367	85.6231	90.0434	68.0976	
220000	-150052	-1202.63	-103309	-19367.9	0.240936	1	0.147396	13.5689	6.57213	0.0450945	19.5897	0.164297	8004	99	821	-33105.8	25.7716f	98.8705	4	1	1	0.0594059	0.138614	0.029703	9.90099e-09	0	0	0	0	0.872727	0.954944	0.213217	0.544872	0.899371	0.019802	0.118812	9.90099e-09	1	0.127044	0.304507	0.666667	0.666667	0.666667	1	1	56815.1	1e+20	9.28447e+14	40.7855	17.0679	66.7367	85.6231	25.7716	98.8705	
221000	-150068	-1202.63	-103325	-19429.3	0.240272	1	0.147396	13.5689	6.554	0.0124303	19.5897	0.164751	8047	99	778	-33105.8	69.765f	69.5847	4	1	1	0.0594059	0.138614	0.029703	9.90099e-09	0	0	0	0	0.772727	0.953808	0.24375	0.493671	0.88875	0.019802	0.118812	9.90099e-09	1	0.121099	0.306598	0.666667	0.666667	0.666667	1	1	56815.1	1e+20	9.28447e+14	40.7855	17.0679	66.7367	85.6231	69.765	69.5847	
222000	-149241	-1202.63	-102498	-19316.3	0.24467	1	0.149927	13.3398	6.62004	0.0341698	19.467	0.160354	7967	99	780	-33105.8	59.6439f	96.0529	4	1	1	0.0594059	0.138614	0.049505	9.90099e-09	0	0	0	0	0.818182	0.965823	0.274214	0.490196	0.869511	0.019802	0.118812	9.90099e-09	1	0.117942	0.319359	0.666667	0.666667	0.666667	1	1	56815.1	1e+20	9.28447e+14	40.7855	17.0679	66.7367	85.6231	59.6439	96.0529	
223000	-148074	-1202.63	-101332	-19207.1	0.241182	1	0.149927	13.3398	6.59903	0.0184233	19.5214	0.160865	7891	99	751	-33105.8	47.8947f	84.4317	4	1	1	0.039604	0.138614	0.049505	9.90099e-09	0	0	0	0	0.745455	0.959596	0.23203	0.532895	0.881761	0.019802	0.118812	9.90099e-09	1	0.116456	0.3329	0.666667	0.666667	0.666667	1	1	56815.1	1e+20	9.28447e+14	40.7855	17.0679	66.7367	85.6231	47.8947	84.4317	
224000	-145538	-1202.63	-98795.2	-18957	0.230733	1	0.129905	15.3958	5.56084	0.0539524	19.6019	0.220319	7718	99	688	-33105.8	88.4363f	94.8715	4	1	1	0.039604	0.138614	0.049505	9.90099e-09	0	0	0	0	0.8	0.962532	0.25	0.539568	0.890181	0.019802	0.118812	9.90099e-09	1	0.109819	0.307132	0.666667	0.666667	0.666667	1	1	56815.1	1e+20	9.28447e+14	97.2771	26.5044	66.7367	85.6231	88.4363	94.8715	
225000	-144207	-1202.63	-97464.3	-18770.8	0.230733	1	0.148234	13.4922	6.30678	0.0183013	19.572	0.170241	7591	99	695	-33105.8	61.7425f	82.0773	4	1	1	0.039604	0.138614	0.049505	9.90099e-09	0	0	0	0	0.890909	0.957895	0.238158	0.548611	0.892388	0.019802	0.118812	9.90099e-09	1	0.132895	0.298772	0.666667	0.666667	0.666667	1	1	56815.1	1e+20	9.28447e+14	97.2771	26.5044	66.7367	85.6231	61.7425	82.0773	
226000	-145448	-1202.63	-98705.4	-18968.8	0.23054	1	0.121105	16.5145	5.14826	0.0267648	19.572	0.255268	7726	99	670	-33105.8	