
# before rand glnL: -93984.092891 alnL: -1243.389589
# ninter: 99
# ncoal: 99
# nhits: 99
# true lbda: 0.001105
# true mu: 0.872658
# true rad: 61.157420
# true sigsq: 16.948583
# true neigh. size: 2.291847
# fst-based estimate of neighborhood size: -nan
# nucleotide diversity: 0.000000
# length of a generation: 5894.26 time units
# clock rate: 1 subst. per time unit
# after rand glnL: -93984.092891 alnL: -1243.389589
# ninter: 99
# ncoal: 99
# nhits: 99
# start lbda: 0.001105
# start mu: 0.872658
# start rad: 16.735241
sample	lnP	alnL	glnL	tlnL	lbda	clock	mu	neigh	sigsq	sigsqobs	rad	rhoe	nInt	nCoal	nHit	rootTime	rootLon	rootLat	tstv	alpha	MeanBr	accLbda	accMu	accRad	accInDelDisk	accInDelHit	accScaleTime	accSPR	accSPRlocal	accPath	accIndelDiskSerial	accIndelHitSerial	accLdskGivenDisk	accDiskGivenLdsk	accDiskAndLdsk	accLdskMulti	accDiskMulti	accMoveDiskUD	accAddRemoveJump	accLdskTipToRoot	tuneLbda	tuneRad	tuneMu	tuneIndelDisk	tuneIndelHit	tuneLdskGivenDisk	tuneIndelDiskSerial	tuneIndelHitSerial	c0	c1	rootc0	rootc1	rootldsk0	rootldsk1	
  1000	-52898.4	-1243.39	-6115.01	-1775.85	0.00281557	1	0.196503	10.1779	0.0974812	0.0116387	19.3506	8.30862	259	99	123	-90514.3	46.8923f	4.41669	4	1	1	0	0	0	0	0	0	0	0	0.981818	0.810345	0.263636	0.378641	0.558559	0	0	0	1	0.176471	0.24	1	1	1	1	1	1.5	7.59375	1	67.0838	80.9561	32.2587	19.027	46.8923	4.41669	
  2000	-54830.9	-1243.39	-8047.55	-2481.71	0.00416558	1	0.210559	9.49852	0.173249	0.00814401	19.9114	4.3629	384	99	134	-90514.3	21.1626f	25.1409	4	1	1	0	0	0	0	0	0	0	0	0.981818	0.866071	0.190909	0.480769	0.675439	0	0	0	1	0.0892857	0.220472	1	1	1	1	1	5.0625	129.746	5.0625	67.0838	80.9561	32.2587	19.027	21.1626	25.1409	
  3000	-58252.8	-1243.39	-11469.5	-3606.59	0.0061175	1	0.23631	8.46347	0.285546	0.0113799	19.9114	2.35864	599	99	162	-90514.3	54.5636f	5.03763	4	1	1	0	0	0	0	0	0	0	0	0.963636	0.938596	0.324561	0.598214	0.725664	0	0	0	1	0.162393	0.313253	1	1	1	1	1	11.3906	25251.2	7.59375	67.0838	80.9561	32.2587	19.027	54.5636	5.03763	
  4000	-59372.5	-1243.39	-12589.1	-4057.58	0.00696268	1	0.205139	9.74948	0.282128	0.00309146	19.9114	2.74996	690	99	148	-90514.3	35.1213f	32.1947	4	1	1	0	0	0	0	0	0	0	0	0.963636	0.942857	0.224638	0.423423	0.826087	0	0	0	1	0.115108	0.255034	1	1	1	1	1	25.6289	1.10573e+07	129.746	67.0838	80.9561	32.2587	19.027	35.1213	32.1947	
  5000	-61131.5	-1243.39	-14348.1	-4559.5	0.00856873	1	0.229818	8.70254	0.388975	0.0145682	19.9114	1.78039	795	99	175	-90514.3	1.46105f	34.1187	4	1	1	0	0	0	0	0	0	0	0	0.963636	0.9375	0.24375	0.456897	0.775	0	0	0	1	0.175	0.335294	1	1	1	1	1	86.4976	1.43465e+09	656.841	94.2897	24.9779	8.98483	37.7608	1.46105	34.1187	
  6000	-62886	-1243.39	-16102.7	-5142.52	0.0097612	1	0.234247	8.53799	0.451646	0.00686382	19.9114	1.50435	920	99	177	-90514.3	15.1126f	49.6559	4	1	1	0	0	0.039604	0	0	0	0	0	0.954545	0.950276	0.270718	0.543103	0.827957	0	0	0.0693069	1	0.112903	0.331461	1	0.666667	1	1	1	291.929	3.18038e+12	4987.89	94.2897	24.9779	8.98483	37.7608	15.1126	49.6559	
  7000	-66018.4	-1243.39	-19235	-6004.6	0.0119131	1	0.232819	8.59036	0.547851	0.0150998	19.9114	1.24778	1112	99	221	-90514.3	11.0147f	15.5585	4	1	1	0.217822	0.227723	0.039604	0	0	0	0	0	0.963636	0.918182	0.288288	0.473214	0.732143	0	0.118812	0.0693069	1	0.0982143	0.281818	0.666667	0.666667	0.666667	1	1	656.841	5.35389e+16	56815.1	94.2897	24.9779	8.98483	37.7608	11.0147	15.5585	
  8000	-66830.6	-1243.39	-20047.2	-6242.95	0.0137622	1	0.211684	9.44803	0.57459	0.000946857	19.9041	1.3085	1166	99	227	-90514.3	58.6047f	59.0843	4	1	1	0.217822	0.227723	0.039604	0	0	0	0	0	0.954545	0.931624	0.299145	0.504673	0.897436	0	0.118812	0.0693069	1	0.17094	0.157658	0.666667	0.666667	0.666667	1	1	3325.26	1e+20	7.37155e+06	94.2897	24.9779	8.98483	37.7608	58.6047	59.0843	
  9000	-67942	-1243.39	-21158.6	-6518	0.0130892	1	0.254694	7.85257	0.657526	0.000946857	19.9041	0.950361	1230	99	250	-90514.3	58.6047f	59.0843	4	1	1	0.217822	0.227723	0.039604	0	0	0	0	0	0.927273	0.934959	0.354839	0.495652	0.733871	0	0.118812	0.0693069	1	0.185484	0.292	0.666667	0.666667	0.666667	1	1	16834.1	1e+20	7.26291e+09	75.7337	10.366	8.98483	37.7608	58.6047	59.0843	
 10000	-69539.7	-1243.39	-22756.3	-7007.02	0.0143665	1	0.254694	7.85257	0.721694	0.000946857	19.9041	0.865862	1345	99	255	-90514.3	58.6047f	59.0843	4	1	1	0.217822	0.227723	0.039604	0	0	0	0	0	0.954545	0.940741	0.238806	0.519608	0.688889	0	0.118812	0.0693069	1	0.140741	0.285141	0.666667	0.666667	0.666667	1	1	56815.1	1e+20	3.62265e+13	75.7337	10.366	8.98483	37.7608	58.6047	59.0843	
 11000	-70820.7	-1243.39	-24037.3	-7332.79	0.0153328	1	0.282783	7.07256	0.85518	0.00637841	19.9041	0.658126	1423	99	281	-90514.3	21.3609f	32.3921	4	1	1	0.217822	0.227723	0.039604	0	0	0	0	0	0.954545	0.93662	0.278571	0.54955	0.823944	0	0.118812	0.0693069	1	0.126761	0.215827	0.666667	0.666667	0.666667	1	1	56815.1	1e+20	3.62265e+13	39.1658	9.21238	8.98483	37.7608	21.3609	32.3921	
 12000	-71577.8	-1243.39	-24794.4	-7614.8	0.0157062	1	0.245082	8.16055	0.759214	0.00508761	19.9041	0.855353	1491	99	266	-90514.3	61.081f	22.0237	4	1	1	0.217822	0.227723	0.029703	0	0	0	0	0	0.945455	0.933333	0.208054	0.509259	0.813333	0	0.118812	0.009901	1	0.181208	0.150735	0.666667	0.666667	0.666667	1	1	56815.1	1e+20	3.62265e+13	39.1658	9.21238	8.98483	37.7608	61.081	22.0237	
 13000	-71689.8	-1243.39	-24906.4	-7754.21	0.0160309	1	0.216249	9.24862	0.683743	0.00208041	19.9041	1.0764	1525	99	227	-90514.3	31.4156f	46.8955	4	1	1	0.168317	0.227723	0.029703	0.029703	0	0	0	0	0.872727	0.947368	0.214286	0.486486	0.830065	0.019802	0.0891089	0.009901	1	0.130719	0.118182	0.666667	0.666667	0.666667	1	1	56815.1	1e+20	3.62265e+13	39.1658	9.21238	8.98483	37.7608	31.4156	46.8955	
 14000	-73420.5	-1243.39	-26637.1	-8221.79	0.0179976	1	0.22132	9.03668	0.785629	0.00208041	19.9041	0.915338	1641	99	248	-90514.3	31.4156f	46.8955	4	1	1	0.168317	0.217822	0.029703	0.029703	0	0	0	0	0.963636	0.932099	0.272727	0.571429	0.793939	0.019802	0.0891089	0.009901	1	0.109091	0.152893	0.666667	0.666667	0.666667	1	1	56815.1	1e+20	3.62265e+13	39.1658	9.21238	8.98483	37.7608	31.4156	46.8955	
 15000	-75340.7	-1243.39	-28557.4	-8715.1	0.0189698	1	0.252557	7.91901	0.944942	0.00244901	19.9041	0.666892	1765	99	274	-90514.3	30.3799f	43.962	4	1	1	0.168317	0.217822	0.029703	0.029703	0	0	0	0	0.909091	0.931818	0.288136	0.477876	0.785311	0.019802	0.0891089	0.009901	1	0.112994	0.126761	0.666667	0.666667	0.666667	1	1	56815.1	1e+20	3.62265e+13	39.1658	9.21238	8.98483	37.7608	30.3799	43.962	
 16000	-75850.3	-1243.39	-29066.9	-8856.83	0.0192359	1	0.227331	8.79775	0.815486	0.00289413	19.6272	0.85851	1801	99	277	-90514.3	27.9127f	46.3068	4	1	1	0.168317	0.217822	0.029703	0.029703	0	0	0	0	0.881818	0.95	0.243094	0.587156	0.877778	0.019802	0.0891089	0.009901	1	0.0837989	0.180812	0.666667	0.666667	0.666667	1	1	56815.1	1e+20	3.62265e+13	39.1658	9.21238	8.98483	37.7608	27.9127	46.3068	
 17000	-76516.5	-1243.39	-29733.2	-8946.17	0.0205772	1	0.252763	7.91255	1.00509	0.00340195	19.8026	0.626474	1824	99	310	-90514.3	33.7793f	31.8018	4	1	1	0.168317	0.217822	0.029703	0.029703	0	0	0	0	0.918182	0.918033	0.269231	0.467213	0.807692	0.019802	0.0891089	0.009901	1	0.174863	0.17377	0.666667	0.666667	0.666667	1	1	56815.1	1e+20	3.62265e+13	39.1658	9.21238	8.98483	37.7608	33.7793	31.8018	
 18000	-78588.6	-1243.39	-31805.3	-9590.84	0.0205772	1	0.22939	8.71879	0.912144	0.0114847	19.8026	0.760647	1990	99	300	-90514.3	33.8935f	7.60571	4	1	1	0.168317	0.217822	0.029703	0.029703	0	0	0	0	0.981818	0.94	0.271357	0.518797	0.835	0.019802	0.0891089	0.009901	1	0.165	0.201954	0.666667	0.666667	0.666667	1	1	56815.1	1e+20	3.62265e+13	39.1658	9.21238	8.98483	37.7608	33.8935	7.60571	
 19000	-79100.5	-1243.39	-32317.1	-9769.36	0.0227654	1	0.253342	7.89446	1.11451	0.0105697	19.8026	0.563672	2038	99	287	-90514.3	16.8067f	21.9685	4	1	1	0.118812	0.217822	0.029703	0.029703	0	0	0	0	0.945455	0.955224	0.360976	0.578512	0.825871	0.019802	0.0990099	0.009901	1	0.20098	0.146341	0.666667	0.666667	0.666667	1	1	56815.1	1e+20	3.62265e+13	39.1658	9.21238	8.98483	37.7608	16.8067	21.9685	
 20000	-81542.2	-1243.39	-34758.8	-10370.1	0.0242555	1	0.221358	9.03513	1.0405	0.00889568	19.8167	0.691008	2198	99	322	-90514.3	10.313f	47.0322	4	1	1	0.118812	0.217822	0.029703	0.029703	0	0	0	0	0.909091	0.899543	0.251142	0.557252	0.83105	0.019802	0.0990099	0.009901	1	0.114155	0.151703	0.666667	0.666667	0.666667	1	1	56815.1	1e+20	3.62265e+13	39.1658	9.21238	8.98483	37.7608	10.313	47.0322	
 21000	-82478	-1243.39	-35694.6	-10596.3	0.0253044	1	0.204425	9.78356	1.00246	0.00525132	19.8167	0.776644	2259	99	337	-90514.3	19.7001f	47.1296	4	1	1	0.118812	0.217822	0.029703	0.029703	0	0	0	0	0.909091	0.946903	0.266667	0.529412	0.827434	0.019802	0.0990099	0.009901	1	0.124444	0.171429	0.666667	0.666667	0.666667	1	1	56815.1	1e+20	3.62265e+13	39.1658	9.21238	8.98483	37.7608	19.7001	47.1296	
 22000	-84133.5	-1243.39	-37350.1	-11111.8	0.0251361	1	0.214402	9.32826	1.0638	0.0143603	19.9081	0.697801	2399	99	324	-90514.3	0.597764f	38.5987	4	1	1	0.118812	0.178218	0.029703	0.029703	0	0	0	0	0.945455	0.970954	0.25	0.491667	0.875	0.019802	0.0990099	0.009901	1	0.138655	0.161184	0.666667	0.666667	0.666667	1	1	56815.1	1e+20	3.62265e+13	39.1658	9.21238	8.98483	37.7608	0.597764	38.5987	
 23000	-87433.8	-1243.39	-40650.4	-11879.5	0.0274249	1	0.215845	9.2659	1.16848	0.000211098	19.9081	0.631041	2613	99	373	-90514.3	53.5496f	46.9706	4	1	1	0.118812	0.178218	0.029703	0.029703	0	0	0	0	0.9	0.969349	0.260536	0.556604	0.835249	0.019802	0.0990099	0.009901	1	0.0957854	0.182073	0.666667	0.666667	0.666667	1	1	56815.1	1e+20	3.62265e+13	39.1658	9.21238	32.3414	40.9288	53.5496	46.9706	
 24000	-87677.7	-1243.39	-40894.3	-12053.7	0.0287112	1	0.229619	8.71008	1.1323	0.000369597	19.2275	0.61214	2663	99	334	-90514.3	57.107f	49.0718	4	1	1	0.118812	0.178218	0.029703	0.029703	0	0	0	0	0.936364	0.940299	0.250936	0.477941	0.838951	0.019802	0.0990099	9.90099e-09	1	0.134831	0.173653	0.666667	0.666667	0.666667	1	1	56815.1	1e+20	3.62265e+13	39.1658	9.21238	53.1761	38.4195	57.107	49.0718	
 25000	-88728.3	-1243.39	-41944.9	-12095.5	0.0300377	1	0.256027	7.81167	1.3896	0.00188836	19.4729	0.447347	2675	99	422	-90514.3	32.7215f	45.3146	4	1	1	0.148515	0.178218	0.0594059	0.029703	0	0	0	0	0.909091	0.944238	0.242537	0.461538	0.828467	0.019802	0.168317	9.90099e-09	1	0.160448	0.187805	0.666667	0.666667	0.666667	1	1	56815.1	1e+20	3.62265e+13	39.1658	9.21238	53.1761	38.4195	32.7215	45.3146	
 26000	-88115.3	-1243.39	-41331.9	-12056.9	0.0288503	1	0.229436	8.71702	1.31609	0.00461443	19.9442	0.527076	2664	99	374	-90514.3	74.2555f	34.671	4	1	1	0.148515	0.178218	0.0594059	9.90099e-09	0	0	0	0	0.909091	0.962406	0.217228	0.45045	0.865169	9.90099e-09	0.168317	9.90099e-09	1	0.153558	0.144385	0.666667	0.666667	0.666667	1	1	56815.1	1e+20	3.62265e+13	39.1658	9.21238	53.1761	38.4195	74.2555	34.671	
 27000	-87775.9	-1243.39	-40992.5	-12035.7	0.0288503	1	0.210673	9.4934	1.20846	0.00139437	19.9442	0.625145	2658	99	345	-90514.3	48.6466f	34.7491	4	1	1	0.148515	0.178218	0.0594059	9.90099e-09	0	0	0	0	0.927273	0.928302	0.23221	0.522523	0.868421	9.90099e-09	0.168317	9.90099e-09	1	0.116541	0.167116	0.666667	0.666667	0.666667	1	1	56815.1	1e+20	3.62265e+13	39.1658	9.21238	53.1761	38.4195	48.6466	34.7491	
 28000	-87680.9	-1243.39	-40897.5	-12010.8	0.0288503	1	0.217486	9.19601	1.24754	0.00628086	19.9442	0.586592	2651	99	347	-90514.3	61.2591f	18.4623	4	1	1	0.148515	0.237624	0.0594059	9.90099e-09	0	0	0	0	0.936364	0.973485	0.296578	0.480392	0.859848	9.90099e-09	0.168317	9.90099e-09	1	0.135338	0.129032	0.666667	0.666667	0.666667	1	1	56815.1	1e+20	3.62265e+13	39.1658	9.21238	53.1761	38.4195	61.2591	18.4623	
 29000	-89306.6	-1243.39	-42523.2	-12407.3	0.0302244	1	0.2459	8.13338	1.47771	0.00652011	19.9442	0.437997	2764	99	367	-90514.3	80.8609f	35.2538	4	1	1	0.148515	0.237624	0.0594059	9.90099e-09	0	0	0	0	0.909091	0.94964	0.274368	0.491228	0.838129	9.90099e-09	0.168317	9.90099e-09	1	0.115523	0.163539	0.666667	0.666667	0.666667	1	1	56815.1	1e+20	3.62265e+13	39.1658	9.21238	70.9658	40.7292	80.8609	35.2538	
 30000	-90430.5	-1243.39	-43647.1	-12722.2	0.0302257	1	0.245648	8.14172	1.28993	0.00139455	19.2826	0.502274	2854	99	363	-90514.3	48.5825f	34.7544	4	1	1	0.148515	0.237624	0.0594059	9.90099e-09	0	0	0	0	0.909091	0.933798	0.192308	0.477876	0.856643	9.90099e-09	0.168317	9.90099e-09	1	0.129371	0.158333	0.666667	0.666667	0.666667	1	1	56815.1	1e+20	3.62265e+13	39.1658	9.21238	64.8092	36.1154	48.5825	34.7544	
 31000	-89619.7	-1243.39	-42836.3	-12494.7	0.0302504	1	0.244047	8.19515	1.257	0.000335466	19.1858	0.518816	2789	99	371	-90514.3	56.267f	47.6185	4	1	1	0.0792079	0.237624	0.029703	9.90099e-09	0	0	0	0	0.881818	0.956679	0.250909	0.517857	0.850909	9.90099e-09	0.029703	9.90099e-09	1	0.133574	0.169355	0.666667	0.666667	0.666667	1	1	56815.1	1e+20	3.62265e+13	39.1658	9.21238	26.4027	79.2548	56.267	47.6185	
 32000	-89446.1	-1243.39	-42662.7	-12494.2	0.0308392	1	0.244047	8.19515	1.28146	0.0116301	19.1858	0.508911	2789	99	358	-90514.3	7.69565f	67.0085	4	1	1	0.0792079	0.237624	0.029703	9.90099e-09	0	0	0	0	0.872727	0.935252	0.245487	0.540541	0.830325	9.90099e-09	0.029703	9.90099e-09	1	0.122744	0.173913	0.666667	0.666667	0.666667	1	1	56815.1	1e+20	3.62265e+13	30.4571	14.5748	26.4027	79.2548	7.69565	67.0085	
 33000	-90561.5	-1243.39	-43778.1	-12688.8	0.0309836	1	0.251928	7.93876	1.37604	0.00650228	19.3532	0.459104	2845	99	393	-90514.3	20.7157f	67.2086	4	1	1	0.0792079	0.237624	0.029703	9.90099e-09	0	0	0	0	0.909091	0.957895	0.251748	0.504132	0.839161	9.90099e-09	0.029703	9.90099e-09	1	0.143357	0.148615	0.666667	0.666667	0.666667	1	1	56815.1	1e+20	3.62265e+13	30.4571	14.5748	26.4027	79.2548	20.7157	67.2086	
 34000	-90431.2	-1243.39	-43647.8	-12561.8	0.0320544	1	0.270334	7.39826	1.60624	0.00383859	19.5976	0.36653	2808	99	422	-90514.3	45.1877f	75.5799	4	1	1	0.0792079	0.237624	0.029703	9.90099e-09	0	0	0	0	0.945455	0.935943	0.253571	0.507692	0.811388	9.90099e-09	0.029703	9.90099e-09	1	0.135231	0.155131	0.666667	0.666667	0.666667	1	1	56815.1	1e+20	3.62265e+13	30.4571	14.5748	26.4027	79.2548	45.1877	75.5799	
 35000	-92063.9	-1243.39	-45280.5	-13078	0.0319927	1	0.246446	8.11537	1.5337	0.0103618	19.8353	0.421074	2958	99	391	-90514.3	21.6148f	82.3637	4	1	1	0.0792079	0.237624	0.029703	9.90099e-09	0	0	0	0	0.9	0.938776	0.245791	0.477273	0.837838	9.90099e-09	0.029703	9.90099e-09	1	0.131313	0.130435	0.666667	0.666667	0.666667	1	1	56815.1	1e+20	3.62265e+13	30.4571	14.5748	26.4027	79.2548	21.6148	82.3637	
 36000	-93324.4	-1243.39	-46541	-13418.6	0.0329964	1	0.236016	8.47401	1.51487	0.00865429	19.8353	0.445147	3058	99	400	-90514.3	23.4747f	78.9956	4	1	1	0.0990099	0.237624	0.029703	9.90099e-09	0	0	0	0	0.918182	0.944444	0.251634	0.420168	0.862745	9.90099e-09	0.029703	9.90099e-09	1	0.156863	0.165803	0.666667	0.666667	0.666667	1	1	56815.1	1e+20	3.62265e+13	30.4571	14.5748	26.4027	79.2548	23.4747	78.9956	
 37000	-94271.2	-1243.39	-47487.8	-13630.7	0.0341422	1	0.225825	8.85642	1.36245	0.00307687	19.3648	0.517281	3121	99	403	-90514.3	47.596f	73.1149	4	1	1	0.0990099	0.237624	0.029703	9.90099e-09	0	0	0	0	0.954545	0.929487	0.266881	0.54918	0.85209	9.90099e-09	0.029703	9.90099e-09	1	0.138264	0.148883	0.666667	0.666667	0.666667	1	1	56815.1	1e+20	3.62265e+13	30.4571	14.5748	26.4027	79.2548	47.596	73.1149	
 38000	-94022.4	-1243.39	-47239	-13617.1	0.0342213	1	0.242981	8.23111	1.46936	0.0103039	19.3648	0.44578	3117	99	390	-90514.3	10.5736f	66.8846	4	1	1	0.0990099	0.237624	0.0594059	9.90099e-09	0	0	0	0	0.9	0.942308	0.255591	0.5	0.842949	9.90099e-09	0.029703	9.90099e-09	1	0.102564	0.176617	0.666667	0.666667	0.666667	1	1	56815.1	1e+20	3.62265e+13	30.4571	14.5748	26.4027	79.2548	10.5736	66.8846	
 39000	-93744	-1243.39	-46960.6	-13468.6	0.0342213	1	0.254024	7.87326	1.56237	0.017471	19.4469	0.401016	3073	99	417	-90514.3	17.1376f	95.3824	4	1	1	0.0990099	0.237624	0.0594059	9.90099e-09	0	0	0	0	0.909091	0.945161	0.279743	0.453782	0.850649	9.90099e-09	0.039604	9.90099e-09	1	0.116129	0.15566	0.666667	0.666667	0.666667	1	1	56815.1	1e+20	3.62265e+13	30.4571	14.5748	26.4027	79.2548	17.1376	95.3824	
 40000	-93209.5	-1243.39	-46426.1	-13285.4	0.0333376	1	0.271941	7.35453	1.52364	0.00400403	19.1234	0.384115	3019	99	432	-90514.3	30.9708f	68.4872	4	1	1	0.0990099	0.19802	0.0594059	9.90099e-09	0	0	0	0	0.918182	0.940594	0.234323	0.496124	0.857616	9.90099e-09	0.039604	9.90099e-09	1	0.125828	0.181373	0.666667	0.666667	0.666667	1	1	56815.1	1e+20	3.62265e+13	30.4571	14.5748	28.2773	74.3585	30.9708	68.4872	
 41000	-94013.1	-1243.39	-47229.7	-13642	0.0334807	1	0.237733	8.41282	1.39874	0.015169	19.338	0.478626	3124	99	377	-90514.3	7.55309f	80.3032	4	1	1	0.0990099	0.19802	0.0594059	9.90099e-09	0	0	0	0	0.945455	0.954839	0.26129	0.491525	0.864516	9.90099e-09	0.039604	9.90099e-09	1	0.118211	0.180371	0.666667	0.666667	0.666667	1	1	56815.1	1e+20	3.62265e+13	30.4571	14.5748	28.2773	74.3585	7.55309	80.3032	
 42000	-93853.1	-1243.39	-47069.7	-13505.7	0.0341373	1	0.260027	7.69152	1.65271	0.0140826	19.6194	0.370345	3084	99	407	-90514.3	32.201f	97.0411	4	1	1	0.0990099	0.19802	0.0594059	9.90099e-09	0	0	0	0	0.918182	0.931373	0.254902	0.561983	0.869281	9.90099e-09	0.039604	9.90099e-09	1	0.122977	0.14532	0.666667	0.666667	0.666667	1	1	56815.1	1e+20	3.62265e+13	30.4571	14.5748	28.2773	74.3585	32.201	97.0411	
 43000	-94523.8	-1243.39	-47740.4	-13634	0.0341373	1	0.234715	8.52096	1.53372	0.0140826	19.7557	0.442111	3122	99	427	-90514.3	32.201f	97.0411	4	1	1	0.0792079	0.19802	0.0792079	9.90099e-09	0	0	0	0	0.854545	0.936306	0.230032	0.515152	0.853035	9.90099e-09	0.039604	9.90099e-09	1	0.15655	0.168981	0.666667	0.666667	0.666667	1	1	56815.1	1e+20	3.62265e+13	30.4571	14.5748	28.2773	74.3585	32.201	97.0411	
 44000	-97859.8	-1243.39	-51076.5	-14505.6	0.0369618	1	0.22106	9.04734	1.56401	0.0121459	19.7557	0.460333	3384	99	433	-90514.3	23.4698f	88.3781	4	1	1	0.0792079	0.19802	0.0792079	9.90099e-09	0	0	0	0	0.936364	0.949704	0.249258	0.576923	0.863905	9.90099e-09	0.039604	9.90099e-09	1	0.10355	0.147806	0.666667	0.666667	0.666667	1	1	56815.1	1e+20	3.62265e+13	30.4571	14.5748	28.2773	74.3585	23.4698	88.3781	
 45000	-96467.6	-1243.39	-49684.2	-14172	0.0365304	1	0.219575	9.1085	1.53851	0.00862032	19.7658	0.471124	3283	99	418	-90514.3	12.6136f	38.316	4	1	1	0.0792079	0.19802	0.0792079	9.90099e-09	0	0	0	0	0.909091	0.942249	0.250765	0.559055	0.896341	9.90099e-09	0.039604	9.90099e-09	1	0.109422	0.141148	0.666667	0.666667	0.666667	1	1	56815.1	1e+20	3.62265e+13	30.4571	14.5748	28.2773	74.3585	12.6136	38.316	
 46000	-98658.1	-1243.39	-51874.7	-14744.5	0.0381962	1	0.211352	9.4629	1.54842	0.00330203	19.7658	0.486324	3457	99	420	-90514.3	28.143f	59.9058	4	1	1	0.0792079	0.19802	0.0792079	9.90099e-09	0	0	0	0	0.909091	0.959654	0.247839	0.507246	0.83908	9.90099e-09	0.108911	9.90099e-09	1	0.115274	0.178571	0.666667	0.666667	0.666667	1	1	56815.1	1e+20	3.62265e+13	73.0365	3.82082	28.5629	95.9005	28.143	59.9058	
 47000	-100278	-1243.39	-53494.6	-15173.1	0.0393683	1	0.213265	9.37799	1.61038	0.00978124	19.7658	0.463415	3589	99	415	-90514.3	24.2096f	82.9166	4	1	1	0.0792079	0.19802	0.0792079	9.90099e-09	0	0	0	0	0.9	0.95	0.251381	0.471545	0.855114	9.90099e-09	0.108911	9.90099e-09	1	0.126722	0.168675	0.666667	0.666667	0.666667	1	1	56815.1	1e+20	3.62265e+13	73.0365	3.82082	28.5629	95.9005	24.2096	82.9166	
 48000	-101125	-1243.39	-54341.5	-15388.6	0.0403092	1	0.200361	9.98198	1.54911	0.00707866	19.7658	0.512774	3656	99	418	-90514.3	19.266f	67.6961	4	1	1	0.118812	0.19802	0.0792079	9.90099e-09	0	0	0	0	0.890909	0.959459	0.283784	0.528	0.880435	9.90099e-09	0.108911	9.90099e-09	1	0.105691	0.133652	0.666667	0.666667	0.666667	1	1	56815.1	1e+20	3.62265e+13	73.0365	3.82082	28.5629	95.9005	19.266	67.6961	
 49000	-101424	-1243.39	-54640.7	-15369.4	0.0405004	1	0.231189	8.65094	1.81049	0.00367703	19.8057	0.38024	3650	99	453	-90514.3	27.1685f	61.0576	4	1	1	0.118812	0.19802	0.019802	9.90099e-09	0	0	0	0	0.890909	0.948229	0.226415	0.55	0.868633	9.90099e-09	0.108911	9.90099e-09	1	0.140162	0.157787	0.666667	0.666667	0.666667	1	1	56815.1	1e+20	3.62265e+13	73.0365	3.82082	29.8185	62.4907	27.1685	61.0576	
 50000	-100492	-1243.39	-53708.1	-15195.6	0.039852	1	0.218087	9.17064	1.68054	0.00663269	19.8057	0.434251	3596	99	427	-90514.3	21.8803f	69.6712	4	1	1	0.118812	0.19802	0.019802	9.90099e-09	0	0	0	0	0.918182	0.938719	0.269444	0.507463	0.851955	9.90099e-09	0.108911	9.90099e-09	1	0.133333	0.176611	0.666667	0.666667	0.666667	1	1	56815.1	1e+20	3.62265e+13	73.0365	3.82082	29.8185	62.4907	21.8803	69.6712	
 51000	-99031.9	-1243.39	-52248.5	-14891.1	0.0386203	1	0.206358	9.69192	1.54101	0.00189319	19.8057	0.500489	3502	99	401	-90514.3	34.1253f	41.6591	4	1	1	0.118812	0.19802	0.019802	9.90099e-09	0	0	0	0	0.927273	0.940341	0.230114	0.556391	0.860399	9.90099e-09	0.108911	9.90099e-09	1	0.116809	0.158879	0.666667	0.666667	0.666667	1	1	56815.1	1e+20	3.62265e+13	73.0365	3.82082	29.8185	62.4907	34.1253	41.6591	
 52000	-99742.7	-1243.39	-52959.3	-14936.8	0.0384332	1	0.205042	9.75411	1.52377	0.00869922	19.8057	0.509401	3516	99	447	-90514.3	12.694f	62.5561	4	1	1	0.118812	0.19802	0.019802	9.90099e-09	0	0	0	0	0.918182	0.962857	0.30086	0.470149	0.855114	9.90099e-09	0.049505	9.90099e-09	1	0.144886	0.146172	0.666667	0.666667	0.666667	1	1	56815.1	1e+20	3.62265e+13	73.0365	3.82082	29.8185	62.4907	12.694	62.5561	
 53000	-99492.6	-1243.39	-52709.3	-15126.4	0.0382155	1	0.181285	11.0323	1.35984	0.000165617	19.8801	0.645609	3574	99	357	-90514.3	47.9009f	47.2018	4	1	1	0.118812	0.19802	0.019802	9.90099e-09	0	0	0	0	0.9	0.97191	0.271709	0.5	0.907563	9.90099e-09	0.049505	9.90099e-09	1	0.0921788	0.136232	0.666667	0.666667	0.666667	1	1	56815.1	1e+20	3.62265e+13	73.0365	3.82082	29.8185	62.4907	47.9009	47.2018	
 54000	-102077	-1243.39	-55293.9	-15670	0.0413126	1	0.194206	10.2983	1.57482	0.0128354	19.8801	0.520388	3744	99	403	-90514.3	24.9185f	90.9011	4	1	1	0.148515	0.19802	0.019802	9.90099e-09	0	0	0	0	0.918182	0.965426	0.242021	0.495413	0.87234	9.90099e-09	0.049505	9.90099e-09	1	0.114362	0.166253	0.666667	0.666667	0.666667	1	1	56815.1	1e+20	3.62265e+13	75.2697	19.1447	29.8185	62.4907	24.9185	90.9011	
 55000	-101256	-1243.39	-54472.5	-15418.2	0.0413126	1	0.215892	9.26391	1.58747	0.0189733	19.3997	0.464385	3665	99	422	-90514.3	5.43533f	87.7154	4	1	1	0.148515	0.19802	0.019802	9.90099e-09	0	0	0	0	0.918182	0.969697	0.226519	0.582677	0.878453	9.90099e-09	0.049505	9.90099e-09	1	0.119891	0.189904	0.666667	0.666667	0.666667	1	1	56815.1	1e+20	3.62265e+13	75.2697	19.1447	4.73832	44.0685	5.43533	87.7154	
 56000	-103540	-1243.39	-56756.5	-15985.6	0.0412596	1	0.190069	10.5225	1.57516	0.00128804	19.9949	0.5316	3843	99	423	-90514.3	40.0322f	39.3245	4	1	1	0.148515	0.19802	0.019802	9.90099e-09	0	0	0	0	0.890909	0.950521	0.27013	0.584615	0.844156	9.90099e-09	0.049505	9.90099e-09	1	0.127273	0.152778	0.666667	0.666667	0.666667	1	1	56815.1	1e+20	3.62265e+13	75.2697	19.1447	4.73832	44.0685	40.0322	39.3245	
 57000	-102841	-1243.39	-56058	-15936.9	0.0417648	1	0.179535	11.1399	1.23344	0.0021825	19.0212	0.718709	3828	99	380	-90514.3	37.5202f	64.8254	4	1	1	0.148515	0.19802	0.019802	9.90099e-09	0	0	0	0	0.972727	0.97389	0.26893	0.650407	0.89295	9.90099e-09	0.049505	9.90099e-09	1	0.0807292	0.160526	0.666667	0.666667	0.666667	1	1	56815.1	1e+20	3.62265e+13	75.2697	19.1447	4.73832	44.0685	37.5202	64.8254	
 58000	-103039	-1243.39	-56255.4	-15848.1	0.0423669	1	0.212005	9.43376	1.41651	0.0130409	18.8217	0.529974	3800	99	433	-90514.3	16.2756f	84.6355	4	1	1	0.148515	0.237624	0.019802	9.90099e-09	0	0	0	0	0.927273	0.947644	0.212598	0.566929	0.858268	9.90099e-09	0.0594059	9.90099e-09	1	0.139108	0.175799	0.666667	0.666667	0.666667	1	1	56815.1	1e+20	3.62265e+13	75.2697	19.1447	4.36263	41.73	16.2756	84.6355	
 59000	-105158	-1243.39	-58375.1	-16385.3	0.0424264	1	0.223323	8.95564	1.55384	0.00562884	19.0067	0.458648	3970	99	433	-90514.3	19.2955f	42.8126	4	1	1	0.148515	0.237624	0.019802	9.90099e-09	0	0	0	0	0.945455	0.939698	0.233668	0.507813	0.881612	9.90099e-09	0.0594059	9.90099e-09	1	0.125628	0.190909	0.666667	0.666667	0.666667	1	1	56815.1	1e+20	3.62265e+13	75.2697	19.1447	4.36263	41.73	19.2955	42.8126	
 60000	-105493	-1243.39	-58709.7	-16436.2	0.0423414	1	0.192812	10.3728	1.34765	0.00578465	19.0378	0.612503	3986	99	442	-90514.3	26.2789f	28.5273	4	1	1	0.148515	0.237624	0.019802	9.90099e-09	0	0	0	0	0.890909	0.9475	0.268844	0.573643	0.893939	9.90099e-09	0.0594059	9.90099e-09	1	0.100251	0.180995	0.666667	0.666667	0.666667	1	1	56815.1	1e+20	3.62265e+13	63.1439	5.84946	4.36263	41.73	26.2789	28.5273	
 61000	-106990	-1243.39	-60206.2	-16942.3	0.0452266	1	0.188401	10.6157	1.40655	0.0105267	19.0378	0.600597	4150	99	398	-90514.3	18.3586f	79.6808	4	1	1	0.0792079	0.237624	0.019802	9.90099e-09	0	0	0	0	0.972727	0.956731	0.2494	0.532258	0.88729	9.90099e-09	0.0594059	9.90099e-09	1	0.139423	0.149144	0.666667	0.666667	0.666667	1	1	56815.1	1e+20	3.62265e+13	63.1439	5.84946	4.36263	41.73	18.3586	79.6808	
 62000	-107871	-1243.39	-61087.9	-17114.7	0.0472231	1	0.203931	9.80726	1.5897	0.00557369	19.0378	0.490934	4206	99	415	-90514.3	30.8638f	74.9408	4	1	1	0.0792079	0.237624	0.0792079	9.90099e-09	0	0	0	0	0.909091	0.966667	0.259524	0.528455	0.87619	9.90099e-09	0.0594059	9.90099e-09	1	0.0783848	0.15	0.666667	0.666667	0.666667	1	1	56815.1	1e+20	3.62265e+13	63.1439	5.84946	4.36263	41.73	30.8638	74.9408	
 63000	-109087	-1243.39	-62304	-17487.8	0.0468235	1	0.174099	11.4877	1.39841	0.00784278	19.2217	0.653714	4328	99	387	-90514.3	25.685f	78.4025	4	1	1	0.0792079	0.237624	0.0792079	9.90099e-09	0	0	0	0	0.909091	0.967667	0.228311	0.533333	0.889908	9.90099e-09	0.0594059	9.90099e-09	1	0.120092	0.180879	0.666667	0.666667	0.666667	1	1	56815.1	1e+20	3.62265e+13	63.1439	5.84946	4.36263	41.73	25.685	78.4025	
 64000	-110079	-1243.39	-63296	-17641.6	0.048316	1	0.174099	11.4877	1.37265	0.00837033	18.983	0.665983	4379	99	419	-90514.3	11.4109f	49.9631	4	1	1	0.0792079	0.237624	0.0792079	9.90099e-09	0	0	0	0	0.936364	0.965517	0.212329	0.544	0.875576	9.90099e-09	0.049505	9.90099e-09	1	0.112644	0.152745	0.666667	0.666667	0.666667	1	1	56815.1	1e+20	3.62265e+13	63.1439	5.84946	4.36263	41.73	11.4109	49.9631	
 65000	-107656	-1243.39	-60873.1	-17080.7	0.0469021	1	0.181418	11.0242	1.26831	0.0239068	18.5582	0.691693	4195	99	411	-90514.3	1.87158f	5.48518	4	1	1	0.0792079	0.237624	0.0792079	9.90099e-09	0	0	0	0	0.827273	0.983412	0.246445	0.550388	0.877358	9.90099e-09	0.049505	9.90099e-09	1	0.113744	0.17849	0.666667	0.666667	0.666667	1	1	56815.1	1e+20	3.62265e+13	58.1446	12.5566	22.2232	23.5813	1.87158	5.48518	
 66000	-109950	-1243.39	-63166.4	-17584.2	0.0477897	1	0.223702	8.94048	1.19927	0.0111457	17.2853	0.593244	4360	99	440	-90514.3	18.4599f	18.4196	4	1	1	0.0792079	0.336634	0.0792079	9.90099e-09	0	0	0	0	0.890909	0.963303	0.226852	0.459259	0.866511	9.90099e-09	0.049505	9.90099e-09	1	0.108545	0.176201	0.666667	0.666667	0.666667	1	1	56815.1	1e+20	3.62265e+13	58.1446	12.5566	22.2232	23.5813	18.4599	18.4196	
 67000	-108542	-1243.39	-61759	-17286.3	0.0478703	1	0.221488	9.02985	1.27087	0.00874306	17.5739	0.565419	4262	99	419	-90514.3	35.0908f	13.4135	4	1	1	0.0891089	0.336634	0.0792079	0.019802	0	0	0	0	0.909091	0.95814	0.227166	0.519084	0.86836	9.90099e-09	0.049505	9.90099e-09	1	0.119438	0.155814	0.666667	0.666667	0.666667	1	1	56815.1	1e+20	3.62265e+13	58.1446	12.5566	22.2232	23.5813	35.0908	13.4135	
 68000	-110374	-1243.39	-63590.8	-17684	0.0483326	1	0.230245	8.6864	1.31696	0.0150689	17.5179	0.524878	4393	99	439	-90514.3	11.6327f	14.9492	4	1	1	0.0891089	0.336634	0.0792079	0.019802	0	0	0	0	0.909091	0.954442	0.206818	0.481203	0.879545	9.90099e-09	0.049505	9.90099e-09	1	0.102506	0.214953	0.666667	0.666667	0.666667	1	1	56815.1	1e+20	3.62265e+13	62.6559	0.240309	22.2232	23.5813	11.6327	14.9492	
 69000	-110960	-1243.39	-64176.8	-17703.1	0.0475927	1	0.202046	9.89874	1.32615	0.00673465	18.2011	0.593988	4399	99	482	-90514.3	23.2932f	28.0505	4	1	1	0.0891089	0.336634	0.0792079	0.019802	0	0	0	0	0.881818	0.972912	0.280543	0.513333	0.860045	9.90099e-09	0.049505	9.90099e-09	1	0.134091	0.173824	0.666667	0.666667	0.666667	1	1	56815.1	1e+20	3.62265e+13	62.6559	0.240309	22.2232	23.5813	23.2932	28.0505	
 70000	-112651	-1243.39	-65867.6	-18141.4	0.0505201	1	0.216482	9.23865	1.549	0.014546	18.3227	0.474622	4545	99	473	-90514.3	4.58168f	26.7216	4	1	1	0.0891089	0.336634	0.0693069	0.019802	0	0	0	0	0.9	0.951965	0.214912	0.455782	0.863436	9.90099e-09	0.049505	9.90099e-09	1	0.122271	0.168085	0.666667	0.666667	0.666667	1	1	56815.1	1e+20	3.62265e+13	62.6559	0.240309	22.2232	23.5813	4.58168	26.7216	
 71000	-117696	-1243.39	-70912.2	-19207.2	0.0542482	1	0.20825	9.60383	1.50697	0.00851619	18.0502	0.507143	4906	99	529	-90514.3	18.1732f	27.5638	4	1	1	0.0891089	0.336634	0.0693069	0.019802	0	0	0	0	0.918182	0.961066	0.234694	0.536913	0.875256	9.90099e-09	0.0891089	9.90099e-09	1	0.158859	0.145129	0.666667	0.666667	0.666667	1	1	56815.1	1e+20	3.62265e+13	62.6559	0.240309	22.2232	23.5813	18.1732	27.5638	
 72000	-118978	-1243.39	-72195.1	-19547.1	0.0559157	1	0.193047	10.3602	1.77058	0.00212383	19.0076	0.465631	5023	99	511	-90514.3	54.2044f	31.2924	4	1	1	0.0891089	0.207921	0.0693069	0.019802	0	0	0	0	0.927273	0.966203	0.260956	0.513514	0.871032	9.90099e-09	0.0891089	9.90099e-09	1	0.12326	0.15748	0.666667	0.666667	0.666667	1	1	56815.1	1e+20	3.62265e+13	62.6559	0.240309	22.2232	23.5813	54.2044	31.2924	
 73000	-120785	-1243.39	-74001.7	-19924.8	0.0559157	1	0.195216	10.2451	1.79048	0.0117575	19.0076	0.455341	5154	99	523	-90514.3	30.9526f	8.25535	4	1	1	0.0891089	0.207921	0.0693069	0.019802	0	0	0	0	0.981818	0.959144	0.262136	0.538462	0.889105	9.90099e-09	0.0891089	9.90099e-09	1	0.112403	0.17782	0.666667	0.666667	0.666667	1	1	56815.1	1e+20	3.62265e+13	62.6559	0.240309	25.3794	13.4654	30.9526	8.25535	
 74000	-122424	-1243.39	-75640.6	-20230	0.057377	1	0.18588	10.7596	1.81725	0.0163458	19.1893	0.471166	5261	99	560	-90514.3	2.74566f	23.5988	4	1	1	0.0792079	0.207921	0.0693069	0.019802	0	0	0	0	0.872727	0.954545	0.242424	0.563636	0.870968	9.90099e-09	0.0891089	9.90099e-09	1	0.140417	0.168421	0.666667	0.666667	0.666667	1	1	56815.1	1e+20	3.62265e+13	62.6559	0.240309	25.3794	13.4654	2.74566	23.5988	
 75000	-122271	-1243.39	-75487.5	-20261	0.0587485	1	0.18588	10.7596	2.16448	0.018257	19.9287	0.39558	5272	99	528	-90514.3	84.7472f	4.31597	4	1	1	0.0792079	0.207921	0.0693069	0.019802	0	0	0	0	0.881818	0.943074	0.264259	0.518519	0.865019	9.90099e-09	0.0891089	9.90099e-09	1	0.119318	0.159923	0.666667	0.666667	0.666667	1	1	56815.1	1e+20	3.62265e+13	62.6559	0.240309	25.3794	13.4654	84.7472	4.31597	
 76000	-123093	-1243.39	-76309.3	-20368.7	0.0587485	1	0.179318	11.1534	2.08807	0.00341334	19.9287	0.42506	5310	99	558	-90514.3	25.7917f	47.0048	4	1	1	0.0792079	0.207921	0.0792079	0.019802	0	0	0	0	0.936364	0.967925	0.254717	0.423423	0.867159	9.90099e-09	0.0891089	9.90099e-09	1	0.114662	0.143667	0.666667	0.666667	0.666667	1	1	56815.1	1e+20	3.62265e+13	62.6559	0.240309	27.3058	28.5281	25.7917	47.0048	
 77000	-123249	-1243.39	-76465.4	-20507.6	0.0587485	1	0.166966	11.9785	1.79212	0.0153826	19.5269	0.531893	5359	99	519	-90514.3	83.3936f	9.27192	4	1	1	0.0792079	0.207921	0.0792079	0.009901	0	0	0	0	0.927273	0.964486	0.276119	0.53211	0.88806	9.90099e-09	0.0891089	9.90099e-09	1	0.104478	0.179884	0.666667	0.666667	0.666667	1	1	56815.1	1e+20	3.62265e+13	74.8012	23.6482	27.3058	28.5281	83.3936	9.27192	
 78000	-121016	-1243.39	-74232.5	-20079.6	0.0587485	1	0.149871	13.3448	1.67248	0.0153826	19.7178	0.634954	5208	99	487	-90514.3	83.3936f	9.27192	4	1	1	0.0792079	0.0594059	0.0792079	0.009901	0	0	0	0	0.927273	0.948473	0.258621	0.453901	0.900383	9.90099e-09	0.128713	9.90099e-09	1	0.105364	0.158111	0.666667	0.666667	0.666667	1	1	56815.1	1e+20	3.62265e+13	74.8012	23.6482	27.3058	28.5281	83.3936	9.27192	
 79000	-124672	-1243.39	-77888.4	-20833.6	0.0587485	1	0.17015	11.7543	1.89878	0.00375128	19.7178	0.492623	5474	99	525	-90514.3	45.2475f	75.2805	4	1	1	0.0792079	0.0594059	0.0792079	0.009901	0	0	0	0	0.881818	0.968864	0.269581	0.555556	0.849341	9.90099e-09	0.128713	9.90099e-09	1	0.108257	0.186441	0.666667	0.666667	0.666667	1	1	56815.1	1e+20	3.62265e+13	81.6032	9.87916	46.428	66.5075	45.2475	75.2805	
 80000	-124445	-1243.39	-77661.4	-20780.8	0.0602961	1	0.169752	11.7819	1.94424	0.000997898	19.7178	0.48223	5456	99	524	-90514.3	51.7881f	62.6942	4	1	1	0.0792079	0.0594059	0.0792079	0.009901	0	0	0	0	0.9	0.958258	0.263254	0.486726	0.901996	9.90099e-09	0.128713	9.90099e-09	1	0.106227	0.143885	0.666667	0.666667	0.666667	1	1	56815.1	1e+20	3.62265e+13	81.6032	9.87916	46.428	66.5075	51.7881	62.6942	
 81000	-124913	-1243.39	-78129.2	-20851	0.0602961	1	0.174556	11.4576	1.99926	0.000288884	19.7178	0.456052	5481	99	540	-90514.3	44.6973f	47.6125	4	1	1	0.0792079	0.0594059	0.0792079	0.009901	0	0	0	0	0.927273	0.949183	0.306159	0.537736	0.881818	9.90099e-09	0.128713	9.90099e-09	1	0.132246	0.123791	0.666667	0.666667	0.666667	1	1	56815.1	1e+20	3.62265e+13	85.932	35.4406	50.9014	44.1117	44.6973	47.6125	
 82000	-127214	-1243.39	-80430.2	-21333.4	0.062278	1	0.158396	12.6266	1.96704	0.00247871	19.9587	0.510814	5654	99	554	-90514.3	32.571f	38.8939	4	1	1	0.019802	0.0594059	0.029703	0.009901	0	0	0	0	0.918182	0.978686	0.269504	0.537037	0.88057	9.90099e-09	0.128713	9.90099e-09	1	0.109929	0.167619	0.666667	0.666667	0.666667	1	1	56815.1	1e+20	3.62265e+13	85.932	35.4406	69.0482	21.65	32.571	38.8939	
 83000	-126363	-1243.39	-79579.5	-21327.8	0.062278	1	0.144847	13.8076	1.75715	0.000543455	19.8421	0.625316	5652	99	477	-90514.3	45.7041f	42.158	4	1	1	0.019802	0.0594059	0.029703	0.009901	0	0	0	0	0.936364	0.955595	0.255773	0.567308	0.898424	9.90099e-09	0.128713	9.90099e-09	1	0.119005	0.176707	0.666667	0.666667	0.666667	1	1	56815.1	1e+20	3.62265e+13	86.5428	36.4588	69.0482	21.65	45.7041	42.158	
 84000	-127684	-1243.39	-80900.3	-21519.4	0.062278	1	0.164256	12.1761	1.9926	0.000543455	19.8421	0.486273	5721	99	525	-90514.3	45.7041f	42.158	4	1	1	0.019802	0.178218	0.029703	0.009901	0	0	0	0	0.909091	0.949212	0.264808	0.5	0.907343	9.90099e-09	0.128713	9.90099e-09	1	0.1274	0.163462	0.666667	0.666667	0.666667	1	1	56815.1	1e+20	3.62265e+13	86.5428	36.4588	87.4202	17.3671	45.7041	42.158	
 85000	-129103	-1243.39	-82319.9	-21763.7	0.062278	1	0.167837	11.9163	2.03604	0.00781251	19.8421	0.465743	5809	99	553	-90514.3	61.2586f	14.3381	4	1	1	0.019802	0.178218	0.029703	0.009901	0	0	0	0	0.9	0.960345	0.27931	0.566038	0.895189	9.90099e-09	0.118812	9.90099e-09	1	0.12069	0.140187	0.666667	0.666667	0.666667	1	1	56815.1	1e+20	3.62265e+13	88.0347	21.8246	87.4202	17.3671	61.2586	14.3381	
 86000	-127118	-1243.39	-80334.2	-21286.2	0.062278	1	0.169515	11.7983	2.12173	0.0136492	19.9979	0.442507	5637	99	567	-90514.3	84.8035f	14.654	4	1	1	0.019802	0.178218	0.029703	0.009901	0	0	0	0	0.909091	0.961062	0.252189	0.566372	0.881206	9.90099e-09	0.118812	9.90099e-09	1	0.136525	0.169675	0.666667	0.666667	0.666667	1	1	56815.1	1e+20	3.62265e+13	88.0347	21.8246	87.4202	17.3671	84.8035	14.654	
 87000	-127054	-1243.39	-80270.3	-21353.8	0.0613608	1	0.158764	12.5973	1.95789	0.0199242	19.9979	0.512013	5661	99	529	-90514.3	94.7424f	10.0392	4	1	1	0.019802	0.178218	0.029703	0.009901	0	0	0	0	0.890909	0.966608	0.251761	0.514286	0.901408	9.90099e-09	0.118812	9.90099e-09	1	0.110915	0.133205	0.666667	0.666667	0.666667	1	1	56815.1	1e+20	3.62265e+13	88.0347	21.8246	87.4202	17.3671	94.7424	10.0392	
 88000	-125668	-1243.39	-78884.9	-21173.3	0.0630194	1	0.140374	14.2477	1.7779	0.0207204	19.9979	0.637716	5596	99	474	-90514.3	96.6869f	10.4566	4	1	1	0.019802	0.178218	0.029703	0.009901	0	0	0	0	0.872727	0.9625	0.26297	0.425926	0.923214	9.90099e-09	0.118812	9.90099e-09	1	0.103571	0.144374	0.666667	0.666667	0.666667	1	1	56815.1	1e+20	3.62265e+13	88.0347	21.8246	87.4202	17.3671	96.6869	10.4566	
 89000	-124889	-1243.39	-78105.8	-21036.3	0.0603414	1	0.137065	14.5917	1.66222	0.0207204	19.9979	0.698566	5547	99	460	-90514.3	96.6869f	10.4566	4	1	1	0.019802	0.178218	0.019802	0.009901	0	0	0	0	0.918182	0.983957	0.237077	0.49635	0.884135	9.90099e-09	0.118812	9.90099e-09	1	0.117117	0.131403	0.666667	0.666667	0.666667	1	1	56815.1	1e+20	3.62265e+13	88.0347	21.8246	87.4202	17.3671	96.6869	10.4566	
 90000	-126399	-1243.39	-79615.9	-21150	0.0616745	1	0.175322	11.4076	2.17315	0.00144727	19.9979	0.417727	5588	99	547	-90514.3	36.8917f	41.6532	4	1	1	0.019802	0.19802	0.019802	9.90099e-09	0	0	0	0	0.872727	0.962567	0.257143	0.570093	0.91119	9.90099e-09	0.118812	9.90099e-09	1	0.110517	0.178431	0.666667	0.666667	0.666667	1	1	56815.1	1e+20	3.62265e+13	88.0347	21.8246	31.3856	39.4382	36.8917	41.6532	
 91000	-126218	-1243.39	-79434.2	-21058	0.0616745	1	0.174896	11.4354	2.16787	0.00336978	19.9979	0.419766	5555	99	574	-90514.3	45.2719f	73.8795	4	1	1	0.019802	0.19802	0.019802	9.90099e-09	0	0	0	0	0.909091	0.959002	0.240642	0.468468	0.890288	9.90099e-09	0.118812	9.90099e-09	1	0.127698	0.126335	0.666667	0.666667	0.666667	1	1	56815.1	1e+20	3.62265e+13	88.0347	21.8246	31.3856	39.4382	45.2719	73.8795	
 92000	-127281	-1243.39	-80497.7	-21417.4	0.0616745	1	0.153317	13.0448	1.9004	0.00412377	19.9979	0.546241	5684	99	525	-90514.3	58.8056f	24.4462	4	1	1	0.019802	0.19802	0.019802	9.90099e-09	0	0	0	0	0.909091	0.975177	0.249558	0.509434	0.897163	9.90099e-09	0.118812	9.90099e-09	1	0.137083	0.179048	0.666667	0.666667	0.666667	1	1	56815.1	1e+20	3.62265e+13	88.0347	21.8246	31.3856	39.4382	58.8056	24.4462	
 93000	-127434	-1243.39	-80651	-21434.1	0.0616745	1	0.162639	12.2972	2.01594	0.00710554	19.9979	0.485422	5690	99	535	-90514.3	14.6175f	53.0144	4	1	1	0.049505	0.19802	0.019802	9.90099e-09	0	0	0	0	0.881818	0.96831	0.27866	0.557692	0.888889	9.90099e-09	0.118812	9.90099e-09	1	0.130282	0.154876	0.666667	0.666667	0.666667	1	1	56815.1	1e+20	3.62265e+13	88.0347	21.8246	31.3856	39.4382	14.6175	53.0144	
 94000	-126657	-1243.39	-79873.4	-21286.2	0.0622695	1	0.162639	12.2972	2.03538	0.000954141	19.9979	0.480784	5637	99	524	-90514.3	60.1661f	42.6289	4	1	1	0.049505	0.19802	0.019802	9.90099e-09	0	0	0	0	0.945455	0.975089	0.244207	0.509091	0.875	9.90099e-09	0.118812	9.90099e-09	1	0.0921986	0.18315	0.666667	0.666667	0.666667	1	1	56815.1	1e+20	3.62265e+13	88.0347	21.8246	31.3856	39.4382	60.1661	42.6289	
 95000	-128303	-1243.39	-81519.1	-21505.5	0.0622695	1	0.184859	10.8191	2.31347	0.00395842	19.9979	0.372149	5716	99	582	-90514.3	23.8279f	47.127	4	1	1	0.049505	0.19802	9.90099e-09	9.90099e-09	0	0	0	0	0.9	0.956672	0.258741	0.40678	0.890815	9.90099e-09	0.118812	9.90099e-09	1	0.113636	0.141136	0.666667	0.666667	0.666667	1	1	56815.1	1e+20	3.62265e+13	88.0347	21.8246	31.3856	39.4382	23.8279	47.127	
 96000	-127788	-1243.39	-81004.6	-21486.1	0.0622695	1	0.18406	10.866	2.30347	0.00415107	19.9979	0.375386	5709	99	548	-90514.3	47.6081f	76.9991	4	1	1	0.049505	0.188119	9.90099e-09	9.90099e-09	0	0	0	0	0.890909	0.969965	0.262787	0.558559	0.871479	9.90099e-09	0.118812	9.90099e-09	1	0.120141	0.170475	0.666667	0.666667	0.666667	1	1	56815.1	1e+20	3.62265e+13	88.0347	21.8246	21.2776	44.2298	47.6081	76.9991	
 97000	-127459	-1243.39	-80675.9	-21312	0.0634556	1	0.170646	11.7202	2.151	0.00182597	19.9396	0.433594	5646	99	586	-90514.3	32.7062f	53.2249	4	1	1	0.049505	0.188119	9.90099e-09	9.90099e-09	0	0	0	0	0.881818	0.971631	0.279646	0.491379	0.869027	9.90099e-09	0.118812	9.90099e-09	1	0.125887	0.156997	0.666667	0.666667	0.666667	1	1	56815.1	1e+20	3.62265e+13	88.0347	21.8246	21.2776	44.2298	32.7062	53.2249	
 98000	-127934	-1243.39	-81150.2	-21560.3	0.0629158	1	0.17867	11.1938	2.23298	0.001184	19.9396	0.398918	5736	99	535	-90514.3	56.5053f	62.5221	4	1	1	0.049505	0.188119	9.90099e-09	9.90099e-09	0	0	0	0	0.872727	0.963158	0.26087	0.567568	0.890244	9.90099e-09	0.138614	9.90099e-09	1	0.137631	0.15343	0.666667	0.666667	0.666667	1	1	56815.1	1e+20	3.62265e+13	88.0347	21.8246	49.7735	55.9554	56.5053	62.5221	
 99000	-127600	-1243.39	-80816.9	-21416.5	0.0629158	1	0.168373	11.8784	2.1043	0.00455916	19.9396	0.449201	5684	99	560	-90514.3	69.8662f	29.5688	4	1	1	0.0594059	0.188119	9.90099e-09	9.90099e-09	0	0	0	0	0.927273	0.966549	0.230228	0.554545	0.881119	9.90099e-09	0.138614	9.90099e-09	1	0.151142	0.185714	0.666667	0.666667	0.666667	1	1	56815.1	1e+20	3.62265e+13	88.0347	21.8246	49.7735	55.9554	69.8662	29.5688	
100000	-131333	-1243.39	-84549.7	-22315.1	0.0665162	1	0.16543	12.0897	2.12823	0.00101474	19.8069	0.452051	6012	99	538	-90514.3	43.6988f	38.8205	4	1	1	0.0594059	0.188119	9.90099e-09	9.90099e-09	0	0	0	0	0.936364	0.965289	0.246281	0.513761	0.892027	9.90099e-09	0.138614	9.90099e-09	1	0.113861	0.172285	0.666667	0.666667	0.666667	1	1	56815.1	1e+20	3.62265e+13	88.0347	21.8246	49.7735	55.9554	43.6988	38.8205	
101000	-129404	-1243.39	-82620.1	-21995.2	0.0665162	1	0.156345	12.7922	2.01136	0.00411506	19.8069	0.506113	5894	99	488	-90514.3	67.8012f	70.3899	4	1	1	0.0594059	0.188119	9.90099e-09	9.90099e-09	0	0	0	0	0.890909	0.976311	0.277496	0.530612	0.876872	0.009901	0.138614	9.90099e-09	1	0.110169	0.143451	0.666667	0.666667	0.666667	1	1	56815.1	1e+20	3.62265e+13	88.0347	21.8246	76.8094	76.8805	67.8012	70.3899	
102000	-133401	-1243.39	-86618.1	-22797.9	0.0679985	1	0.152377	13.1254	2.00399	0.0122369	19.8069	0.521202	6191	99	528	-90514.3	91.7197f	71.6335	4	1	1	0.0594059	0.168317	0.029703	9.90099e-09	0	0	0	0	0.845455	0.972669	0.264516	0.66055	0.89211	0.009901	0.138614	9.90099e-09	1	0.0887097	0.135531	0.666667	0.666667	0.666667	1	1	56815.1	1e+20	3.62265e+13	76.3068	26.1113	76.8094	76.8805	91.7197	71.6335	
103000	-132744	-1243.39	-85961.1	-22690.4	0.0679985	1	0.156834	12.7523	2.06261	0.0136468	19.8069	0.491996	6151	99	521	-90514.3	48.0329f	99.5043	4	1	1	0.0594059	0.168317	0.029703	9.90099e-09	0	0	0	0	0.881818	0.952998	0.232633	0.480769	0.886364	0.009901	0.148515	9.90099e-09	1	0.105519	0.15739	0.666667	0.666667	0.666667	1	1	56815.1	1e+20	3.62265e+13	76.3068	26.1113	76.8094	76.8805	48.0329	99.5043	
104000	-134127	-1243.39	-87343.3	-22838.2	0.0679985	1	0.171565	11.6574	2.25635	0.0116753	19.8069	0.411134	6206	99	581	-90514.3	51.4067f	95.7856	4	1	1	0.0594059	0.168317	0.029703	9.90099e-09	0	0	0	0	0.909091	0.96129	0.276699	0.483333	0.885484	0.009901	0.148515	9.90099e-09	1	0.117552	0.151568	0.666667	0.666667	0.666667	1	1	56815.1	1e+20	3.62265e+13	76.3068	26.1113	76.8094	76.8805	51.4067	95.7856	
105000	-134987	-1243.39	-88203.5	-23069.4	0.0679985	1	0.168029	11.9027	2.20984	0.0144278	19.8069	0.428623	6292	99	562	-90514.3	93.7027f	76.3787	4	1	1	0.0594059	0.168317	0.029703	9.90099e-09	0	0	0	0	0.927273	0.966507	0.267091	0.529915	0.909524	0.009901	0.148515	9.90099e-09	1	0.111111	0.183274	0.666667	0.666667	0.666667	1	1	56815.1	1e+20	3.62265e+13	26.4636	6.7981	76.8094	76.8805	93.7027	76.3787	
106000	-132896	-1243.39	-86112.6	-22625.9	0.0679985	1	0.172856	11.5703	2.32642	0.00506294	19.9216	0.395774	6127	99	555	-90514.3	59.6386f	78.4552	4	1	1	0.039604	0.168317	0.029703	9.90099e-09	0	0	0	0	0.954545	0.963816	0.281046	0.504505	0.888889	0.009901	0.148515	9.90099e-09	1	0.125817	0.14882	0.666667	0.666667	0.666667	1	1	56815.1	1e+20	3.62265e+13	26.4636	6.7981	76.8094	76.8805	59.6386	78.4552	
107000	-133812	-1243.39	-87028.4	-22849	0.0679985	1	0.16836	11.8793	2.28041	0.00113823	19.9534	0.414542	6210	99	551	-90514.3	63.7268f	48.1025	4	1	1	0.039604	0.168317	0.029703	9.90099e-09	0	0	0	0	0.890909	0.969697	0.263242	0.491228	0.892456	0.009901	0.148515	9.90099e-09	1	0.0898876	0.16221	0.666667	0.666667	0.666667	1	1	56815.1	1e+20	3.62265e+13	26.4636	6.7981	76.8094	76.8805	63.7268	48.1025	
108000	-134883	-1243.39	-88099.5	-23016.5	0.0710136	1	0.16843	11.8744	2.38252	0.00189415	19.9534	0.396612	6272	99	576	-90514.3	65.9657f	41.3829	4	1	1	0.039604	0.168317	0.029703	9.90099e-09	0	0	0	0	0.936364	0.964912	0.27707	0.59322	0.902866	0.009901	0.148515	9.90099e-09	1	0.117834	0.153061	0.666667	0.666667	0.666667	1	1	56815.1	1e+20	3.62265e+13	96.3167	51.6333	91.3319	59.6937	65.9657	41.3829	
109000	-135837	-1243.39	-89053.7	-23230.3	0.0702577	1	0.16843	11.8744	2.35716	0.0119836	19.9534	0.400879	6353	99	575	-90514.3	69.5404f	7.88712	4	1	1	0.039604	0.178218	0.039604	9.90099e-09	0	0	0	0	0.845455	0.960938	0.249608	0.623932	0.896875	0.009901	0.158416	9.90099e-09	1	0.13522	0.149171	0.666667	0.666667	0.666667	1	1	56815.1	1e+20	3.62265e+13	96.3167	51.6333	91.3319	59.6937	69.5404	7.88712	
110000	-135832	-1243.39	-89048.3	-23164.9	0.0686126	1	0.170346	11.7408	2.32815	0.002256	19.9534	0.401308	6328	99	602	-90514.3	65.4458f	62.5177	4	1	1	0.039604	0.178218	0.039604	9.90099e-09	0	0	0	0	0.890909	0.968404	0.263492	0.438017	0.897314	0.009901	0.158416	9.90099e-09	1	0.102686	0.138983	0.666667	0.666667	0.666667	1	1	56815.1	1e+20	3.62265e+13	96.3167	51.6333	91.3319	59.6937	65.4458	62.5177	
111000	-135712	-1243.39	-88929	-23178.3	0.0686126	1	0.174271	11.4764	2.38181	0.00457846	19.9534	0.383432	6333	99	586	-90514.3	70.7795f	69.6316	4	1	1	0.039604	0.178218	0.039604	9.90099e-09	0	0	0	0	0.9	0.967033	0.270142	0.459016	0.897476	0.009901	0.158416	9.90099e-09	1	0.111987	0.197935	0.666667	0.666667	0.666667	1	1	56815.1	1e+20	3.62265e+13	96.3167	51.6333	86.9585	75.7447	70.7795	69.6316	
112000	-133425	-1243.39	-86641.8	-22676.9	0.0678427	1	0.174271	11.4764	2.29616	0.00261515	19.8274	0.397734	6146	99	583	-90514.3	68.8111f	60.3507	4	1	1	0.039604	0.178218	0.039604	9.90099e-09	0	0	0	0	0.927273	0.957724	0.272727	0.529412	0.850649	0.009901	0.158416	9.90099e-09	1	0.134959	0.191201	0.666667	0.666667	0.666667	1	1	56815.1	1e+20	3.62265e+13	96.3167	51.6333	89.9788	61.7784	68.8111	60.3507	
113000	-134952	-1243.39	-88168.6	-22987.9	0.0690583	1	0.181117	11.0426	2.40579	0.00688645	19.7796	0.365261	6262	99	600	-90514.3	79.7505f	68.7608	4	1	1	0.0594059	0.178218	0.039604	9.90099e-09	0	0	0	0	0.927273	0.9744	0.244373	0.491803	0.869219	9.90099e-09	0.158416	9.90099e-09	1	0.119617	0.154362	0.666667	0.666667	0.666667	1	1	56815.1	1e+20	3.62265e+13	96.3167	51.6333	89.9788	61.7784	79.7505	68.7608	
114000	-133004	-1243.39	-86220.9	-22678	0.0691972	1	0.159846	12.5121	2.12752	0.0134691	19.7796	0.468	6146	99	550	-90514.3	96.5273f	66.3625	4	1	1	0.0594059	0.178218	0.039604	9.90099e-09	0	0	0	0	0.909091	0.965686	0.29316	0.556604	0.902439	9.90099e-09	0.158416	9.90099e-09	1	0.100813	0.158929	0.666667	0.666667	0.666667	1	1	56815.1	1e+20	3.62265e+13	96.3167	51.6333	89.9788	61.7784	96.5273	66.3625	
115000	-134705	-1243.39	-87921.9	-23092.3	0.0704192	1	0.161832	12.3585	2.07971	0.0110835	19.5213	0.472883	6301	99	538	-90514.3	89.5324f	70.8897	4	1	1	0.0594059	0.178218	0.029703	9.90099e-09	0	0	0	0	0.936364	0.971474	0.236508	0.574074	0.900316	9.90099e-09	0.0792079	9.90099e-09	1	0.096672	0.153137	0.666667	0.666667	0.666667	1	1	56815.1	1e+20	3.62265e+13	96.3167	51.6333	89.9788	61.7784	89.5324	70.8897	
116000	-136422	-1243.39	-89638.3	-23392.1	0.0704192	1	0.164877	12.1302	2.27739	0.00924359	19.8767	0.42386	6414	99	570	-90514.3	84.4605f	71.8505	4	1	1	0.0594059	0.178218	0.029703	9.90099e-09	0	0	0	0	0.872727	0.972006	0.271028	0.508333	0.917574	9.90099e-09	0.0792079	9.90099e-09	1	0.0916149	0.177066	0.666667	0.666667	0.666667	1	1	56815.1	1e+20	3.62265e+13	96.3167	51.6333	85.5298	66.2048	84.4605	71.8505	
117000	-139520	-1243.39	-92736.5	-23909.6	0.0704102	1	0.168477	11.8711	2.32681	0.00389999	19.8767	0.405994	6609	99	640	-90514.3	69.3573f	67.868	4	1	1	0.0594059	0.168317	0.029703	9.90099e-09	0	0	0	0	0.872727	0.966867	0.281627	0.515385	0.884036	9.90099e-09	0.0792079	9.90099e-09	1	0.113464	0.185124	0.666667	0.666667	0.666667	1	1	56815.1	1e+20	3.62265e+13	96.3167	51.6333	73.542	75.8869	69.3573	67.868	
118000	-136754	-1243.39	-89970.5	-23405.3	0.0706679	1	0.159717	12.5221	2.2139	0.00682017	19.8767	0.450102	6419	99	591	-90514.3	64.6025f	81.7608	4	1	1	0.0594059	0.168317	0.029703	9.90099e-09	0	0	0	0	0.881818	0.964006	0.261346	0.517544	0.888715	9.90099e-09	0.0792079	9.90099e-09	1	0.117555	0.187817	0.666667	0.666667	0.666667	1	1	56815.1	1e+20	3.62265e+13	96.3167	51.6333	73.542	75.8869	64.6025	81.7608	
119000	-137445	-1243.39	-90661.2	-23537.8	0.0706679	1	0.159717	12.5221	2.2139	0.00682017	19.8767	0.450102	6469	99	596	-90514.3	64.6025f	81.7608	4	1	1	0.0693069	0.168317	0.029703	9.90099e-09	0	0	0	0	0.845455	0.947368	0.264297	0.571429	0.909657	9.90099e-09	0.0792079	9.90099e-09	1	0.117647	0.15608	0.666667	0.666667	0.666667	1	1	56815.1	1e+20	3.62265e+13	96.3167	51.6333	73.542	75.8869	64.6025	81.7608	
120000	-137825	-1243.39	-91041.5	-23702.1	0.0706521	1	0.160096	12.4925	2.21865	0.00148414	19.8767	0.448075	6531	99	564	-90514.3	61.2812f	61.281	4	1	1	0.0693069	0.168317	0.029703	9.90099e-09	0	0	0	0	0.872727	0.966565	0.258752	0.522523	0.898331	9.90099e-09	0.0792079	9.90099e-09	1	0.108563	0.16341	0.666667	0.666667	0.666667	1	1	56815.1	1e+20	3.62265e+13	96.3167	51.6333	73.542	75.8869	61.2812	61.281	
121000	-139273	-1243.39	-92489.2	-23897.6	0.0735727	1	0.177082	11.2942	2.55549	0.00815306	19.8767	0.3517	6606	99	620	-90514.3	83.273f	68.976	4	1	1	0.0693069	0.168317	0.029703	9.90099e-09	0	0	0	0	0.890909	0.962293	0.275602	0.484127	0.887048	9.90099e-09	0.0792079	9.90099e-09	1	0.111952	0.168852	0.666667	0.666667	0.666667	1	1	56815.1	1e+20	3.62265e+13	84.9016	15.8951	73.542	75.8869	83.273	68.976	
122000	-140100	-1243.39	-93316.9	-24030.7	0.0735727	1	0.177082	11.2942	2.55549	0.00863105	19.8767	0.3517	6657	99	641	-90514.3	78.1385f	77.5868	4	1	1	0.0693069	0.168317	0.019802	9.90099e-09	0	0	0	0	0.881818	0.952096	0.250375	0.477273	0.906907	9.90099e-09	0.118812	9.90099e-09	1	0.116766	0.147249	0.666667	0.666667	0.666667	1	1	56815.1	1e+20	3.62265e+13	73.6205	6.95904	59.9175	83.3876	78.1385	77.5868	
123000	-139511	-1243.39	-92727.7	-23916.5	0.0719178	1	0.176246	11.3478	2.48623	0.00229063	19.8767	0.363212	6613	99	635	-90514.3	59.0316f	67.8509	4	1	1	0.0693069	0.168317	0.019802	9.90099e-09	0	0	0	0	0.872727	0.96391	0.26435	0.601504	0.86858	9.90099e-09	0.118812	9.90099e-09	1	0.092145	0.164852	0.666667	0.666667	0.666667	1	1	56815.1	1e+20	3.62265e+13	73.6205	6.95904	59.9175	83.3876	59.0316	67.8509	
124000	-139269	-1243.39	-92485.5	-23996.9	0.0729379	1	0.160022	12.4983	2.32232	0.000230415	19.9478	0.428271	6644	99	575	-90514.3	47.7383f	45.6687	4	1	1	0.0693069	0.148515	0.019802	9.90099e-09	0	0	0	0	0.881818	0.968085	0.245482	0.525862	0.905054	9.90099e-09	0.118812	9.90099e-09	1	0.114155	0.163701	0.666667	0.666667	0.666667	1	1	56815.1	1e+20	3.62265e+13	73.6205	6.95904	59.9175	83.3876	47.7383	45.6687	
125000	-140830	-1243.39	-94046.2	-24161.8	0.0729379	1	0.175486	11.3969	2.54324	0.00927798	19.9409	0.356607	6707	99	645	-90514.3	74.5726f	82.6412	4	1	1	0.049505	0.148515	0.019802	9.90099e-09	0	0	0	0	0.918182	0.957037	0.278274	0.480315	0.896296	9.90099e-09	0.118812	9.90099e-09	1	0.116864	0.152207	0.666667	0.666667	0.666667	1	1	56815.1	1e+20	3.62265e+13	80.7189	31.4538	59.9175	83.3876	74.5726	82.6412	
126000	-140346	-1243.39	-93562.8	-24239.8	0.0732913	1	0.157147	12.7269	2.28849	0.00974743	19.9409	0.442554	6737	99	572	-90514.3	63.0019f	89.7838	4	1	1	0.049505	0.148515	0.019802	9.90099e-09	0	0	0	0	0.918182	0.961367	0.27786	0.464912	0.89153	9.90099e-09	0.118812	9.90099e-09	1	0.111276	0.157095	0.666667	0.666667	0.666667	1	1	56815.1	1e+20	3.62265e+13	80.7189	31.4538	59.9175	83.3876	63.0019	89.7838	
127000	-137817	-1243.39	-91033.4	-23703.4	0.0717425	1	0.158207	12.6417	1.96808	0.00227846	19.2734	0.511155	6532	99	565	-90514.3	30.4461f	52.9149	4	1	1	0.049505	0.148515	0.029703	9.90099e-09	0	0	0	0	0.881818	0.964939	0.249235	0.522523	0.899083	9.90099e-09	0.118812	9.90099e-09	1	0.107034	0.155357	0.666667	0.666667	0.666667	1	1	56815.1	1e+20	3.62265e+13	80.7189	31.4538	59.9175	83.3876	30.4461	52.9149	
128000	-137227	-1243.39	-90443.5	-23519	0.0717425	1	0.183359	10.9075	2.28098	0.00587102	19.2734	0.380536	6462	99	586	-90514.3	45.7624f	82.0596	4	1	1	0.049505	0.148515	0.029703	9.90099e-09	0	0	0	0	0.918182	0.950617	0.268934	0.459016	0.863988	9.90099e-09	0.118812	9.90099e-09	1	0.106646	0.16041	0.666667	0.666667	0.666667	1	1	56815.1	1e+20	3.62265e+13	70.8033	18.7917	59.9175	83.3876	45.7624	82.0596	
129000	-139379	-1243.39	-92595.8	-23960.4	0.0754091	1	0.18409	10.8643	2.40711	0.00905336	19.2734	0.359166	6629	99	606	-90514.3	9.89135f	48.0902	4	1	1	0.049505	0.148515	0.029703	9.90099e-09	0	0	0	0	0.836364	0.962349	0.239458	0.492063	0.879518	9.90099e-09	0.0693069	9.90099e-09	1	0.11747	0.148649	0.666667	0.666667	0.666667	1	1	56815.1	1e+20	3.62265e+13	70.8033	18.7917	32.2678	65.8915	9.89135	48.0902	
130000	-141046	-1243.39	-94262.8	-24267.7	0.074104	1	0.178073	11.2313	2.5203	0.014922	19.7447	0.354625	6748	99	625	-90514.3	1.7535f	68.5963	4	1	1	0.049505	0.237624	0.029703	9.90099e-09	0	0	0	0	0.918182	0.970414	0.265185	0.473282	0.877219	9.90099e-09	0.0693069	9.90099e-09	1	0.0992593	0.172078	0.666667	0.666667	0.666667	1	1	56815.1	1e+20	3.62265e+13	70.8033	18.7917	32.2678	65.8915	1.7535	68.5963	
131000	-141418	-1243.39	-94634.9	-24465.5	0.074104	1	0.16247	12.31	2.41031	0.00131522	19.9785	0.406419	6824	99	577	-90514.3	36.7992f	56.6198	4	1	1	0.049505	0.237624	0.029703	9.90099e-09	0	0	0	0	0.936364	0.963343	0.240822	0.578947	0.903704	9.90099e-09	0.0693069	9.90099e-09	1	0.0690162	0.16036	0.666667	0.666667	0.666667	1	1	56815.1	1e+20	3.62265e+13	70.8033	18.7917	13.3564	93.8989	36.7992	56.6198	
132000	-140014	-1243.39	-93231	-24101.2	0.074104	1	0.16247	12.31	2.41031	0.0176273	19.9785	0.406419	6684	99	600	-90514.3	8.35173f	87.8272	4	1	1	0.0594059	0.237624	0.029703	9.90099e-09	0	0	0	0	0.918182	0.970326	0.243685	0.504132	0.894502	9.90099e-09	0.0693069	9.90099e-09	1	0.11276	0.151007	0.666667	0.666667	0.666667	1	1	56815.1	1e+20	3.62265e+13	70.8033	18.7917	13.3564	93.8989	8.35173	87.8272	
133000	-140044	-1243.39	-93261	-24043.9	0.074104	1	0.169228	11.8184	2.51056	0.00706502	19.9785	0.374609	6662	99	625	-90514.3	26.4618f	76.5178	4	1	1	0.0594059	0.237624	0.029703	9.90099e-09	0	0	0	0	0.863636	0.967115	0.253373	0.5625	0.878561	9.90099e-09	0.0693069	9.90099e-09	1	0.107946	0.144231	0.666667	0.666667	0.666667	1	1	56815.1	1e+20	3.62265e+13	72.0284	12.7206	13.3564	93.8989	26.4618	76.5178	
134000	-144060	-1243.39	-97276.9	-24774.5	0.0754719	1	0.170736	11.714	2.5797	0.0107885	19.9785	0.361347	6944	99	687	-90514.3	14.8472f	76.3223	4	1	1	0.0594059	0.237624	0.029703	9.90099e-09	0	0	0	0	0.936364	0.967049	0.230216	0.492857	0.869065	9.90099e-09	0.108911	9.90099e-09	1	0.133813	0.170118	0.666667	0.666667	0.666667	1	1	56815.1	1e+20	3.62265e+13	72.0284	12.7206	13.3564	93.8989	14.8472	76.3223	
135000	-142829	-1243.39	-96045.4	-24735.2	0.0760409	1	0.159881	12.5093	2.32993	0.0102855	19.7616	0.427248	6929	99	593	-90514.3	28.0057f	86.8402	4	1	1	0.0594059	0.158416	0.029703	9.90099e-09	0	0	0	0	0.918182	0.963768	0.241983	0.458333	0.90393	9.90099e-09	0.108911	9.90099e-09	1	0.123726	0.161983	0.666667	0.666667	0.666667	1	1	56815.1	1e+20	3.62265e+13	72.0284	12.7206	13.3564	93.8989	28.0057	86.8402	
136000	-143298	-1243.39	-96514.3	-24844.8	0.0788465	1	0.155492	12.8624	2.34957	0.00724978	19.7616	0.435637	6971	99	588	-90514.3	53.5965f	85.8384	4	1	1	0.049505	0.158416	0.029703	9.90099e-09	0	0	0	0	0.863636	0.960983	0.225251	0.474576	0.901592	9.90099e-09	0.108911	9.90099e-09	1	0.0988539	0.157986	0.666667	0.666667	0.666667	1	1	56815.1	1e+20	3.62265e+13	72.0284	12.7206	13.3564	93.8989	53.5965	85.8384	
137000	-147091	-1243.39	-100308	-25441.6	0.0791874	1	0.165145	12.1105	2.58947	0.0106362	19.9237	0.372172	7206	99	674	-90514.3	13.4058f	73.6949	4	1	1	0.049505	0.158416	0.029703	9.90099e-09	0	0	0	0	0.881818	0.953846	0.298319	0.563025	0.891365	9.90099e-09	0.108911	9.90099e-09	1	0.113731	0.164653	0.666667	0.666667	0.666667	1	1	56815.1	1e+20	3.62265e+13	72.0284	12.7206	13.3564	93.8989	13.4058	73.6949	
138000	-149095	-1243.39	-102311	-25952.6	0.0824883	1	0.158831	12.592	2.59427	0.016566	19.9237	0.38625	7409	99	639	-90514.3	7.75207f	84.4705	4	1	1	0.049505	0.158416	0.029703	9.90099e-09	0	0	0	0	0.918182	0.956931	0.270889	0.530769	0.872801	9.90099e-09	0.108911	9.90099e-09	1	0.106326	0.146565	0.666667	0.666667	0.666667	1	1	56815.1	1e+20	3.62265e+13	72.0284	12.7206	13.3564	93.8989	7.75207	84.4705	
139000	-148768	-1243.39	-101985	-25917.5	0.0823338	1	0.153085	13.0646	2.45577	0.00857151	19.8434	0.423349	7395	99	635	-90514.3	60.6198f	87.756	4	1	1	0.049505	0.158416	0.029703	9.90099e-09	0	0	0	0	0.9	0.960864	0.230458	0.508065	0.897712	9.90099e-09	0.108911	9.90099e-09	1	0.0755736	0.182421	0.666667	0.666667	0.666667	1	1	56815.1	1e+20	3.62265e+13	46.7005	12.6835	20.3359	82.1667	60.6198	87.756	
140000	-150452	-1243.39	-103669	-26224.6	0.0823338	1	0.157123	12.7289	2.52054	0.00839504	19.8434	0.401872	7518	99	647	-90514.3	22.4498f	77.1678	4	1	1	0.049505	0.158416	0.029703	9.90099e-09	0	0	0	0	0.936364	0.961436	0.256991	0.52	0.882979	9.90099e-09	0.108911	9.90099e-09	1	0.0969456	0.153724	0.666667	0.666667	0.666667	1	1	56815.1	1e+20	3.62265e+13	46.7005	12.6835	23.2577	92.0993	22.4498	77.1678	
141000	-149796	-1243.39	-103013	-26035.3	0.0813042	1	0.166976	11.9778	2.6451	0.00647549	19.8434	0.36035	7442	99	668	-90514.3	40.4963f	82.614	4	1	1	0.049505	0.158416	0.029703	9.90099e-09	0	0	0	0	0.881818	0.97043	0.287248	0.503759	0.892617	9.90099e-09	0.138614	9.90099e-09	1	0.144966	0.150298	0.666667	0.666667	0.666667	1	1	56815.1	1e+20	3.62265e+13	46.7005	12.6835	3.63789	56.1184	40.4963	82.614	
142000	-150908	-1243.39	-104124	-26175.9	0.0813042	1	0.177732	11.2529	2.73961	0.00315674	19.7083	0.326863	7498	99	713	-90514.3	31.594f	64.551	4	1	1	0.049505	0.158416	0.029703	9.90099e-09	0	0	0	0	0.9	0.954606	0.260347	0.55	0.886212	9.90099e-09	0.138614	9.90099e-09	1	0.124166	0.154762	0.666667	0.666667	0.666667	1	1	56815.1	1e+20	3.62265e+13	46.7005	12.6835	36.8041	40.3412	31.594	64.551	
143000	-148437	-1243.39	-101653	-25699.6	0.0818899	1	0.177732	11.2529	2.70088	0.0103006	19.6031	0.33155	7308	99	694	-90514.3	7.83334f	42.2904	4	1	1	0.0792079	0.168317	0.029703	9.90099e-09	0	0	0	0	0.872727	0.965894	0.260331	0.510204	0.854993	9.90099e-09	0.138614	9.90099e-09	1	0.129959	0.145617	0.666667	0.666667	0.666667	1	1	56815.1	1e+20	3.62265e+13	46.7005	12.6835	36.8041	40.3412	7.83334	42.2904	
144000	-149825	-1243.39	-103041	-25983.1	0.0808633	1	0.177603	11.2611	2.66508	0.00552458	19.6031	0.336249	7421	99	702	-90514.3	29.8999f	26.0536	4	1	1	0.0792079	0.168317	0.029703	9.90099e-09	0	0	0	0	0.827273	0.966079	0.267568	0.51773	0.897297	9.90099e-09	0.138614	9.90099e-09	1	0.110363	0.166154	0.666667	0.666667	0.666667	1	1	56815.1	1e+20	3.62265e+13	39.1732	20.6729	45.0062	11.8855	29.8999	26.0536	
145000	-146566	-1243.39	-99782.8	-25330.3	0.0798693	1	0.174476	11.4629	2.58597	0.00716525	19.6031	0.352745	7162	99	679	-90514.3	35.4118f	17.4021	4	1	1	0.0792079	0.168317	0.029703	9.90099e-09	0	0	0	0	0.936364	0.961272	0.248603	0.507692	0.890884	9.90099e-09	0.138614	9.90099e-09	1	0.121045	0.139168	0.666667	0.666667	0.666667	1	1	56815.1	1e+20	3.62265e+13	39.1732	20.6729	45.0062	11.8855	35.4118	17.4021	
146000	-146663	-1243.39	-99879.3	-25514.8	0.0798693	1	0.161847	12.3574	2.3988	0.0109355	19.6031	0.409943	7235	99	616	-90514.3	60.0927f	6.85518	4	1	1	0.0792079	0.168317	0.029703	9.90099e-09	0	0	0	0	0.863636	0.969822	0.24487	0.533333	0.892265	9.90099e-09	0.138614	9.90099e-09	1	0.109116	0.159091	0.666667	0.666667	0.666667	1	1	56815.1	1e+20	3.62265e+13	39.1732	20.6729	45.0062	11.8855	60.0927	6.85518	
147000	-147159	-1243.39	-100375	-25444	0.0798693	1	0.161847	12.3574	2.3988	0.00515546	19.6031	0.409943	7207	99	691	-90514.3	76.3909f	34.9908	4	1	1	0.0792079	0.168317	0.029703	9.90099e-09	0	0	0	0	0.881818	0.967922	0.2375	0.503937	0.882108	9.90099e-09	0.0693069	9.90099e-09	1	0.113731	0.175824	0.666667	0.666667	0.666667	1	1	56815.1	1e+20	3.62265e+13	39.1732	20.6729	76.6456	30.9698	76.3909	34.9908	
148000	-146726	-1243.39	-99942.5	-25507.2	0.08007	1	0.156238	12.801	2.32149	0.00958339	19.6031	0.4388	7232	99	622	-90514.3	78.4116f	19.7334	4	1	1	0.0792079	0.108911	0.029703	9.90099e-09	0	0	0	0	0.909091	0.958848	0.255144	0.532787	0.892265	9.90099e-09	0.0693069	9.90099e-09	1	0.10221	0.160772	0.666667	0.666667	0.666667	1	1	56815.1	1e+20	3.62265e+13	30.8843	16.8269	76.6456	30.9698	78.4116	19.7334	
149000	-149679	-1243.39	-102895	-26120.4	0.0814794	1	0.165564	12.0799	2.24272	0.0113204	19.0716	0.428626	7476	99	636	-90514.3	90.464f	29.9111	4	1	1	0.029703	0.108911	0.029703	9.90099e-09	0	0	0	0	0.918182	0.970822	0.275033	0.522388	0.888591	9.90099e-09	0.0693069	9.90099e-09	1	0.109333	0.175038	0.666667	0.666667	0.666667	1	1	56815.1	1e+20	3.62265e+13	30.8843	16.8269	76.6456	30.9698	90.464	29.9111	
150000	-148183	-1243.39	-101399	-25751.8	0.0814794	1	0.186124	10.7455	2.5245	0.00636611	19.0778	0.338721	7329	99	664	-90514.3	80.1314f	34.7069	4	1	1	0.029703	0.108911	0.029703	9.90099e-09	0	0	0	0	0.890909	0.961801	0.263302	0.480916	0.893588	9.90099e-09	0.0693069	9.90099e-09	1	0.114598	0.171032	0.666667	0.666667	0.666667	1	1	56815.1	1e+20	3.62265e+13	30.8843	16.8269	76.6456	30.9698	80.1314	34.7069	
151000	-149418	-1243.39	-102634	-26000.1	0.0814794	1	0.175932	11.368	2.61502	0.00811778	19.5195	0.34594	7428	99	658	-90514.3	84.6231f	66.1943	4	1	1	0.029703	0.108911	0.029703	9.90099e-09	0	0	0	0	0.918182	0.958221	0.260403	0.529412	0.910067	9.90099e-09	0.0693069	9.90099e-09	1	0.100671	0.162614	0.666667	0.666667	0.666667	1	1	56815.1	1e+20	3.62265e+13	92.9623	29.9364	76.6456	30.9698	84.6231	66.1943	
152000	-148061	-1243.39	-101277	-25834.6	0.0814794	1	0.157527	12.6962	2.34145	0.00811778	19.5195	0.431499	7362	99	601	-90514.3	84.6231f	66.1943	4	1	1	0.029703	0.108911	0.049505	9.90099e-09	0	0	0	0	0.890909	0.964722	0.207598	0.472	0.898098	9.90099e-09	0.0693069	9.90099e-09	1	0.0894309	0.146032	0.666667	0.666667	0.666667	1	1	56815.1	1e+20	3.62265e+13	92.9623	29.9364	76.6456	30.9698	84.6231	66.1943	
153000	-147837	-1243.39	-101054	-25734.3	0.0814794	1	0.168937	11.8387	2.51206	0.00142378	19.5214	0.375029	7322	99	626	-90514.3	64.9157f	45.3718	4	1	1	0.029703	0.168317	0.049505	9.90099e-09	0	0	0	0	0.881818	0.960598	0.267394	0.545455	0.88131	9.90099e-09	0.118812	9.90099e-09	1	0.117326	0.20607	0.666667	0.666667	0.666667	1	1	56815.1	1e+20	3.62265e+13	12.6508	21.3934	99.2594	48.7124	64.9157	45.3718	
154000	-148378	-1243.39	-101595	-25636.5	0.0814794	1	0.193501	10.3359	2.87731	0.0111197	19.5214	0.285859	7283	99	717	-90514.3	93.9497f	41.3871	4	1	1	0.029703	0.168317	0.049505	9.90099e-09	0	0	0	0	0.854545	0.968407	0.285519	0.493056	0.887517	9.90099e-09	0.118812	9.90099e-09	1	0.130969	0.162238	0.666667	0.666667	0.666667	1	1	56815.1	1e+20	3.62265e+13	13.5803	79.8936	99.2594	48.7124	93.9497	41.3871	
155000	-148541	-1243.39	-101758	-25719.2	0.0814794	1	0.172453	11.5974	2.56434	0.00544184	19.5214	0.359893	7316	99	697	-90514.3	79.1312f	38.7864	4	1	1	0.009901	0.168317	0.049505	9.90099e-09	0	0	0	0	0.854545	0.954918	0.283379	0.506757	0.861644	9.90099e-09	0.118812	9.90099e-09	1	0.124317	0.142857	0.666667	0.666667	0.666667	1	1	56815.1	1e+20	3.62265e+13	10.1289	35.9321	99.2594	48.7124	79.1312	38.7864	
156000	-151320	-1243.39	-104537	-26179.7	0.0823556	1	0.201599	9.92068	2.62904	0.00453704	18.8409	0.300286	7500	99	768	-90514.3	66.7913f	72.9549	4	1	1	0.009901	0.168317	0.049505	9.90099e-09	0	0	0	0	0.881818	0.952128	0.258322	0.582781	0.869507	9.90099e-09	0.118812	9.90099e-09	1	0.129161	0.180519	0.666667	0.666667	0.666667	1	1	56815.1	1e+20	3.62265e+13	10.1289	35.9321	99.2594	48.7124	66.7913	72.9549	
157000	-150038	-1243.39	-103255	-26062.6	0.0817026	1	0.189298	10.5654	2.44904	0.00981346	18.8409	0.343305	7453	99	700	-90514.3	90.7245f	39.5119	4	1	1	0.009901	0.168317	0.049505	9.90099e-09	0	0	0	0	0.845455	0.955823	0.228304	0.514085	0.872654	9.90099e-09	0.118812	9.90099e-09	1	0.11245	0.194286	0.666667	0.666667	0.666667	1	1	56815.1	1e+20	3.62265e+13	10.1289	35.9321	99.2594	48.7124	90.7245	39.5119	
158000	-150040	-1243.39	-103257	-26040	0.0817026	1	0.199919	10.0041	2.47042	0.00935783	18.6259	0.322253	7444	99	709	-90514.3	87.1092f	67.5792	4	1	1	0.009901	0.168317	0.049505	9.90099e-09	0	0	0	0	0.9	0.959677	0.270415	0.424658	0.884409	9.90099e-09	0.118812	9.90099e-09	1	0.125	0.169916	0.666667	0.666667	0.666667	1	1	56815.1	1e+20	3.62265e+13	10.1289	35.9321	99.2594	48.7124	87.1092	67.5792	
159000	-149872	-1243.39	-103089	-25979.9	0.0823347	1	0.196644	10.1707	2.59977	0.0116407	18.9067	0.311319	7420	99	720	-90514.3	94.3487f	38.4558	4	1	1	0.009901	0.168317	0.039604	9.90099e-09	0	0	0	0	0.854545	0.974394	0.228802	0.412162	0.88814	9.90099e-09	0.0891089	9.90099e-09	1	0.107672	0.195833	0.666667	0.666667	0.666667	1	1	56815.1	1e+20	3.62265e+13	10.1289	35.9321	99.2594	48.7124	94.3487	38.4558	
160000	-151326	-1243.39	-104543	-26281.7	0.0837869	1	0.198233	10.0891	2.667	0.0105358	18.9067	0.301037	7541	99	717	-90514.3	89.698f	68.0015	4	1	1	0.009901	0.168317	0.039604	9.90099e-09	0	0	0	0	0.909091	0.943122	0.243709	0.506849	0.870199	9.90099e-09	0.0891089	9.90099e-09	1	0.121854	0.187767	0.666667	0.666667	0.666667	1	1	56815.1	1e+20	3.62265e+13	10.1289	35.9321	99.2594	48.7124	89.698	68.0015	
161000	-152818	-1243.39	-106035	-26587.2	0.0860053	1	0.192913	10.3674	2.66415	0.0120723	18.9067	0.30967	7664	99	717	-90514.3	94.4426f	35.7521	4	1	1	0.0792079	0.168317	0.039604	9.90099e-09	0	0	0	0	0.809091	0.94401	0.233377	0.496504	0.881356	9.90099e-09	0.0891089	9.90099e-09	1	0.119948	0.189679	0.666667	0.666667	0.666667	1	1	56815.1	1e+20	3.62265e+13	10.1289	35.9321	99.2594	48.7124	94.4426	35.7521	
162000	-155542	-1243.39	-108759	-27060.8	0.0877937	1	0.195061	10.2532	2.87892	0.00747022	19.1248	0.283413	7857	99	761	-90514.3	76.7648f	25.0163	4	1	1	0.0792079	0.168317	0.039604	9.90099e-09	0	0	0	0	0.918182	0.949303	0.23507	0.590604	0.891858	9.90099e-09	0.0891089	9.90099e-09	1	0.119593	0.160643	0.666667	0.666667	0.666667	1	1	56815.1	1e+20	3.62265e+13	10.1289	35.9321	99.2594	48.7124	76.7648	25.0163	
163000	-155891	-1243.39	-109107	-27099.8	0.0877937	1	0.1932	10.352	2.85146	0.00651327	19.1248	0.288898	7873	99	776	-90514.3	82.6157f	60.3002	4	1	1	0.0792079	0.168317	0.039604	0.009901	0	0	0	0	0.9	0.950445	0.260483	0.56051	0.88183	9.90099e-09	0.0891089	9.90099e-09	1	0.137056	0.194444	0.666667	0.666667	0.666667	1	1	56815.1	1e+20	3.62265e+13	10.1289	35.9321	99.2594	48.7124	82.6157	60.3002	
164000	-158194	-1243.39	-111410	-27544.3	0.088549	1	0.194797	10.2671	2.89977	0.0077789	19.1248	0.281756	8056	99	791	-90514.3	86.6087f	42.3119	4	1	1	0.0792079	0.148515	0.039604	0.009901	0	0	0	0	0.836364	0.95398	0.249066	0.538961	0.890547	9.90099e-09	0.0891089	9.90099e-09	1	0.10199	0.17477	0.666667	0.666667	0.666667	1	1	56815.1	1e+20	3.62265e+13	10.1289	35.9321	99.2594	48.7124	86.6087	42.3119	
165000	-158095	-1243.39	-111312	-27515.2	0.088549	1	0.193217	10.351	2.91106	0.00481928	19.1824	0.282958	8044	99	792	-90514.3	77.0286f	38.5709	4	1	1	0.0792079	0.148515	0.039604	0.009901	0	0	0	0	0.827273	0.949132	0.24533	0.449367	0.897022	9.90099e-09	0.138614	9.90099e-09	1	0.128269	0.182285	0.666667	0.666667	0.666667	1	1	56815.1	1e+20	3.62265e+13	10.1289	35.9321	99.2594	48.7124	77.0286	38.5709	
166000	-157589	-1243.39	-110806	-27658.2	0.088549	1	0.182057	10.9856	2.74292	0.0115907	19.1824	0.318712	8103	99	683	-90514.3	91.1116f	70.0299	4	1	1	0.0792079	0.148515	0.039604	0.009901	0	0	0	0	0.927273	0.957921	0.228677	0.486111	0.885327	9.90099e-09	0.138614	9.90099e-09	1	0.0863132	0.166667	0.666667	0.666667	0.666667	1	1	56815.1	1e+20	3.62265e+13	10.1289	35.9321	99.2594	48.7124	91.1116	70.0299	
167000	-156183	-1243.39	-109399	-27294	0.089855	1	0.17595	11.3669	2.69	0.0107206	19.1824	0.336263	7952	99	717	-90514.3	90.5183f	32.95	4	1	1	0.0792079	0.148515	0.039604	0.009901	0	0	0	0	0.890909	0.962169	0.251263	0.524138	0.888331	9.90099e-09	0.138614	9.90099e-09	1	0.0907945	0.164557	0.666667	0.666667	0.666667	1	1	56815.1	1e+20	3.62265e+13	10.1289	35.9321	78.5489	74.7637	90.5183	32.95	
168000	-155606	-1243.39	-108823	-27192.1	0.0874418	1	0.182959	10.9314	2.53274	0.000558902	18.8398	0.343461	7911	99	716	-90514.3	45.0282f	57.6422	4	1	1	0.0990099	0.148515	0.039604	0.009901	0	0	0	0	0.863636	0.949367	0.229114	0.546099	0.889734	9.90099e-09	0.138614	9.90099e-09	1	0.116456	0.132581	0.666667	0.666667	0.666667	1	1	56815.1	1e+20	3.62265e+13	10.1289	35.9321	78.5489	74.7637	45.0282	57.6422	
169000	-154812	-1243.39	-108029	-27102	0.0874418	1	0.178428	11.209	2.47002	0.000558902	18.8398	0.361124	7874	99	679	-90514.3	45.0282f	57.6422	4	1	1	0.0990099	0.148515	0.039604	0.009901	0	0	0	0	0.863636	0.965736	0.245881	0.496403	0.878018	9.90099e-09	0.138614	9.90099e-09	1	0.109276	0.167169	0.666667	0.666667	0.666667	1	1	56815.1	1e+20	3.62265e+13	28.6317	13.5444	78.5489	74.7637	45.0282	57.6422	
170000	-156148	-1243.39	-109364	-27226.2	0.0874418	1	0.199837	10.0082	2.56582	0.0083555	18.4887	0.310398	7925	99	749	-90514.3	83.479f	30.4627	4	1	1	0.0990099	0.128713	0.039604	0.009901	0	0	0	0	0.854545	0.951899	0.264484	0.520548	0.88665	9.90099e-09	0.138614	9.90099e-09	1	0.110831	0.175103	0.666667	0.666667	0.666667	1	1	56815.1	1e+20	3.62265e+13	28.6317	13.5444	78.5489	74.7637	83.479	30.4627	
171000	-154828	-1243.39	-108045	-26987.1	0.0870973	1	0.191586	10.4392	2.45019	0.00394914	18.4887	0.339045	7827	99	736	-90514.3	76.2482f	46.1577	4	1	1	0.0990099	0.128713	0.039604	0.009901	0	0	0	0	0.890909	0.951715	0.237548	0.493333	0.875476	9.90099e-09	0.0891089	9.90099e-09	1	0.103448	0.166216	0.666667	0.666667	0.666667	1	1	56815.1	1e+20	3.62265e+13	28.6317	13.5444	78.5489	74.7637	76.2482	46.1577	
172000	-156117	-1243.39	-109333	-27245.9	0.0870205	1	0.194915	10.2609	2.49057	0.000250201	18.4887	0.327851	7933	99	738	-90514.3	49.9586f	55.3202	4	1	1	0.0990099	0.128713	0.029703	0.009901	0	0	0	0	0.890909	0.955919	0.216625	0.453901	0.871537	9.90099e-09	0.0891089	9.90099e-09	1	0.0994962	0.173315	0.666667	0.666667	0.666667	1	1	56815.1	1e+20	3.62265e+13	28.6317	13.5444	78.5489	74.7637	49.9586	55.3202	
173000	-156333	-1243.39	-109550	-27349	0.086594	1	0.182086	10.9838	2.4841	0.000250201	18.8169	0.351865	7975	99	719	-90514.3	49.9586f	55.3202	4	1	1	0.0990099	0.128713	0.029703	0.009901	0	0	0	0	0.863636	0.967337	0.248432	0.528169	0.893266	9.90099e-09	0.0891089	9.90099e-09	1	0.0966123	0.16	0.666667	0.666667	0.666667	1	1	56815.1	1e+20	3.62265e+13	28.6317	13.5444	78.5489	74.7637	49.9586	55.3202	
174000	-154038	-1243.39	-107254	-26996.8	0.0868052	1	0.173717	11.513	2.37571	0.0176585	18.8169	0.385641	7831	99	650	-90514.3	98.094f	79.6432	4	1	1	0.0990099	0.128713	0.029703	9.90099e-09	0	0	0	0	0.909091	0.965206	0.266922	0.531915	0.860077	9.90099e-09	0.0891089	9.90099e-09	1	0.116071	0.174772	0.666667	0.666667	0.666667	1	1	56815.1	1e+20	3.62265e+13	28.6317	13.5444	78.5489	74.7637	98.094	79.6432	
175000	-154099	-1243.39	-107315	-27079.9	0.0868052	1	0.173717	11.513	2.35248	0.000373636	18.7708	0.389449	7865	99	627	-90514.3	53.3502f	56.3445	4	1	1	0.0792079	0.128713	0.029703	9.90099e-09	0	0	0	0	0.954545	0.968234	0.233207	0.598485	0.885642	9.90099e-09	0.0891089	9.90099e-09	1	0.100381	0.159817	0.666667	0.666667	0.666667	1	1	56815.1	1e+20	3.62265e+13	28.6317	13.5444	78.5489	74.7637	53.3502	56.3445	
176000	-154348	-1243.39	-107564	-27101.9	0.0868052	1	0.166611	12.004	2.25624	0.00252184	18.7708	0.423382	7874	99	632	-90514.3	71.0778f	50.039	4	1	1	0.0792079	0.118812	0.029703	9.90099e-09	0	0	0	0	0.809091	0.97201	0.231939	0.504	0.918679	9.90099e-09	0.0891089	9.90099e-09	1	0.0850254	0.184664	0.666667	0.666667	0.666667	1	1	56815.1	1e+20	3.62265e+13	28.6317	13.5444	78.5489	74.7637	71.0778	50.039	
177000	-156961	-1243.39	-110178	-27548.4	0.0871336	1	0.173139	11.5514	2.47967	0.0039185	19.0174	0.370707	8057	99	674	-90514.3	75.2948f	57.6503	4	1	1	0.0792079	0.118812	0.029703	9.90099e-09	0	0	0	0	0.918182	0.949005	0.263354	0.488889	0.886957	9.90099e-09	0.0891089	9.90099e-09	1	0.116625	0.151213	0.666667	0.666667	0.666667	1	1	56815.1	1e+20	3.62265e+13	28.6317	13.5444	78.5489	74.7637	75.2948	57.6503	
178000	-156974	-1243.39	-110190	-27474.1	0.0891738	1	0.172503	11.594	2.5284	0.0109129	19.0174	0.364902	8027	99	710	-90514.3	76.7615f	85.3504	4	1	1	0.0792079	0.118812	0.039604	9.90099e-09	0	0	0	0	0.918182	0.965174	0.252802	0.563758	0.872976	9.90099e-09	0.0891089	9.90099e-09	1	0.124533	0.182062	0.666667	0.666667	0.666667	1	1	56815.1	1e+20	3.62265e+13	86.7617	27.4761	78.5489	74.7637	76.7615	85.3504	
179000	-158453	-1243.39	-111670	-27727.9	0.0891738	1	0.167394	11.9478	2.76399	0.00591364	19.5924	0.343987	8132	99	724	-90514.3	82.0809f	44.3902	4	1	1	0.0792079	0.118812	0.039604	9.90099e-09	0	0	0	0	0.872727	0.953602	0.259804	0.564626	0.888889	9.90099e-09	0.0891089	9.90099e-09	1	0.105006	0.183311	0.666667	0.666667	0.666667	1	1	56815.1	1e+20	3.62265e+13	86.7617	27.4761	78.5489	74.7637	82.0809	44.3902	
180000	-157636	-1243.39	-110853	-27418.5	0.0891738	1	0.188251	10.6241	3.07133	0.00591364	19.5337	0.275268	8004	99	792	-90514.3	82.0809f	44.3902	4	1	1	0.0792079	0.118812	0.039604	9.90099e-09	0	0	0	0	0.918182	0.95398	0.245963	0.486667	0.89638	9.90099e-09	0.0891089	9.90099e-09	1	0.109317	0.149725	0.666667	0.666667	0.666667	1	1	56815.1	1e+20	3.62265e+13	86.7617	27.4761	78.5489	74.7637	82.0809	44.3902	
181000	-158824	-1243.39	-112041	-27689.2	0.0891738	1	0.189848	10.5348	3.15894	0.00446111	19.6301	0.265383	8116	99	781	-90514.3	70.6764f	69.1935	4	1	1	0.049505	0.128713	0.039604	9.90099e-09	0	0	0	0	0.918182	0.96319	0.235872	0.5875	0.901961	9.90099e-09	0.0891089	9.90099e-09	1	0.105392	0.167734	0.666667	0.666667	0.666667	1	1	56815.1	1e+20	3.62265e+13	86.7617	27.4761	78.5489	74.7637	70.6764	69.1935	
182000	-157145	-1243.39	-110362	-27365.3	0.0891738	1	0.195237	10.244	3.0948	0.0172972	19.3935	0.263407	7982	99	775	-90514.3	89.9988f	89.0498	4	1	1	0.049505	0.128713	0.039604	9.90099e-09	0	0	0	0	0.9	0.956305	0.260325	0.532934	0.861423	9.90099e-09	0.0891089	9.90099e-09	1	0.14125	0.169118	0.666667	0.666667	0.666667	1	1	56815.1	1e+20	3.62265e+13	86.7617	27.4761	78.5489	74.7637	89.9988	89.0498	
183000	-159349	-1243.39	-112566	-27756.9	0.0891738	1	0.194753	10.2694	3.08714	0.00497333	19.3935	0.264716	8144	99	799	-90514.3	77.6145f	61.2877	4	1	1	0.049505	0.128713	0.039604	9.90099e-09	0	0	0	0	0.863636	0.961963	0.268143	0.55	0.879755	9.90099e-09	0.0693069	9.90099e-09	1	0.116564	0.169975	0.666667	0.666667	0.666667	1	1	56815.1	1e+20	3.62265e+13	86.7617	27.4761	78.5489	74.7637	77.6145	61.2877	
184000	-158752	-1243.39	-111968	-27828.8	0.090464	1	0.185417	10.7865	2.52321	0.00608029	18.6007	0.340185	8174	99	720	-90514.3	60.4931f	81.2563	4	1	1	0.049505	0.128713	0.039604	9.90099e-09	0	0	0	0	0.881818	0.959608	0.21978	0.529032	0.894737	9.90099e-09	0.0693069	9.90099e-09	1	0.131868	0.174707	0.666667	0.666667	0.666667	1	1	56815.1	1e+20	3.62265e+13	86.7617	27.4761	78.5489	74.7637	60.4931	81.2563	
185000	-157874	-1243.39	-111090	-27624.1	0.088884	1	0.170189	11.7516	2.27554	0.004761	18.6007	0.410965	8089	99	725	-90514.3	78.6813f	55.382	4	1	1	0.049505	0.128713	0.0792079	9.90099e-09	0	0	0	0	0.918182	0.960494	0.19802	0.517483	0.896806	9.90099e-09	0.0693069	9.90099e-09	1	0.103832	0.151049	0.666667	0.666667	0.666667	1	1	56815.1	1e+20	3.62265e+13	86.7617	27.4761	78.5489	74.7637	78.6813	55.382	
186000	-159456	-1243.39	-112672	-28051.9	0.0912196	1	0.176016	11.3626	2.47186	0.0148475	18.7087	0.3658	8267	99	680	-90514.3	96.8051f	27.8621	4	1	1	0.049505	0.178218	0.0792079	9.90099e-09	0	0	0	0	0.872727	0.952842	0.260291	0.5	0.898058	9.90099e-09	0.0693069	9.90099e-09	1	0.110977	0.146552	0.666667	0.666667	0.666667	1	1	56815.1	1e+20	3.62265e+13	86.7617	27.4761	78.5489	74.7637	96.8051	27.8621	
187000	-159261	-1243.39	-112478	-27977.7	0.0912196	1	0.176016	11.3626	2.67639	0.00806785	19.0842	0.337846	8236	99	691	-90514.3	82.2575f	70.2736	4	1	1	0.0792079	0.178218	0.0792079	9.90099e-09	0	0	0	0	0.909091	0.966102	0.272175	0.536424	0.889429	9.90099e-09	0.0693069	9.90099e-09	1	0.105711	0.193277	0.666667	0.666667	0.666667	1	1	56815.1	1e+20	3.62265e+13	86.7617	27.4761	83.8528	61.4867	82.2575	70.2736	
188000	-162267	-1243.39	-115484	-28573.2	0.0933609	1	0.172269	11.6098	2.68929	0.00606029	19.0991	0.343539	8486	99	704	-90514.3	71.1092f	75.3004	4	1	1	0.0792079	0.178218	0.0792079	9.90099e-09	0	0	0	0	0.863636	0.970726	0.244706	0.466667	0.895294	9.90099e-09	0.0693069	9.90099e-09	1	0.116608	0.170999	0.666667	0.666667	0.666667	1	1	56815.1	1e+20	3.62265e+13	44.3768	15.0251	83.8528	61.4867	71.1092	75.3004	
189000	-162407	-1243.39	-115624	-28613.5	0.0933263	1	0.157192	12.7233	2.45302	0.00582176	19.0991	0.412751	8503	99	698	-90514.3	82.3152f	50.0069	4	1	1	0.0792079	0.178218	0.0792079	9.90099e-09	0	0	0	0	0.863636	0.961313	0.238824	0.507353	0.893318	0.009901	0.0693069	9.90099e-09	1	0.113716	0.20317	0.666667	0.666667	0.666667	1	1	56815.1	1e+20	3.62265e+13	44.3768	15.0251	83.8528	61.4867	82.3152	50.0069	
190000	-160265	-1243.39	-113482	-28317.1	0.0933263	1	0.156139	12.8091	2.59037	0.00396277	19.3936	0.393501	8378	99	640	-90514.3	75.8852f	44.0003	4	1	1	0.0792079	0.178218	0.0594059	9.90099e-09	0	0	0	0	0.909091	0.977435	0.249403	0.546154	0.900238	0.009901	0.0693069	9.90099e-09	1	0.102625	0.181957	0.666667	0.666667	0.666667	1	1	56815.1	1e+20	3.62265e+13	44.3768	15.0251	83.8528	61.4867	75.8852	44.0003	
191000	-160565	-1243.39	-113781	-28274.4	0.0933263	1	0.158426	12.6242	2.69686	0.00474691	19.5189	0.372507	8360	99	678	-90514.3	77.9861f	41.9262	4	1	1	0.0792079	0.178218	0.0594059	9.90099e-09	0	0	0	0	0.890909	0.959184	0.272182	0.517986	0.923169	0.009901	0.0693069	9.90099e-09	1	0.0995204	0.168116	0.666667	0.666667	0.666667	1	1	56815.1	1e+20	3.62265e+13	44.3768	15.0251	67.1837	49.757	77.9861	41.9262	
192000	-162451	-1243.39	-115667	-28566.1	0.0933263	1	0.15934	12.5518	2.89089	0.00154061	19.8323	0.345513	8483	99	716	-90514.3	65.7928f	46.0171	4	1	1	0.0594059	0.108911	0.0594059	9.90099e-09	0	0	0	0	0.927273	0.960234	0.250585	0.552448	0.901639	0.009901	0.0693069	9.90099e-09	1	0.129108	0.165738	0.666667	0.666667	0.666667	1	1	56815.1	1e+20	3.62265e+13	18.7628	26.7872	67.1837	49.757	65.7928	46.0171	
193000	-160779	-1243.39	-113995	-28153.9	0.0936067	1	0.174824	11.4401	2.99917	0.00470645	19.5421	0.303542	8309	99	749	-90514.3	76.2586f	62.3234	4	1	1	0.0594059	0.108911	0.0594059	9.90099e-09	0	0	0	0	0.881818	0.970131	0.26247	0.539474	0.894103	0.009901	0.0693069	9.90099e-09	1	0.11432	0.18134	0.666667	0.666667	0.666667	1	1	56815.1	1e+20	3.62265e+13	18.7628	26.7872	67.1837	49.757	76.2586	62.3234	
194000	-159809	-1243.39	-113025	-27931.2	0.0936067	1	0.168115	11.8966	2.88408	0.0171319	19.5421	0.328251	8215	99	764	-90514.3	79.2267f	97.3122	4	1	1	0.0594059	0.108911	0.0594059	9.90099e-09	0	0	0	0	0.845455	0.951456	0.256068	0.476821	0.882282	0.009901	0.0693069	9.90099e-09	1	0.104369	0.16623	0.666667	0.666667	0.666667	1	1	56815.1	1e+20	3.62265e+13	18.7628	26.7872	74.0349	94.1768	79.2267	97.3122	
195000	-162147	-1243.39	-115363	-28442.9	0.0936067	1	0.179675	11.1312	3.0824	0.0047764	19.5421	0.287371	8431	99	750	-90514.3	56.3327f	78.4579	4	1	1	0.0594059	0.108911	0.0594059	9.90099e-09	0	0	0	0	0.881818	0.946934	0.272727	0.50641	0.888889	0.009901	0.148515	9.90099e-09	1	0.120567	0.151751	0.666667	0.666667	0.666667	1	1	56815.1	1e+20	3.62265e+13	50.6293	12.255	74.0349	94.1768	56.3327	78.4579	
196000	-161971	-1243.39	-115187	-28518.7	0.0936067	1	0.149448	13.3826	2.56384	0.00964259	19.5421	0.415373	8463	99	694	-90514.3	26.6391f	84.3283	4	1	1	0.0594059	0.108911	0.0594059	9.90099e-09	0	0	0	0	0.836364	0.966864	0.275208	0.469799	0.919336	0.009901	0.148515	9.90099e-09	1	0.0955189	0.152738	0.666667	0.666667	0.666667	1	1	56815.1	1e+20	3.62265e+13	50.6293	12.255	63.0137	85.7089	26.6391	84.3283	
197000	-165738	-1243.39	-118955	-29030.3	0.0936067	1	0.169734	11.7831	2.91186	0.00873113	19.5421	0.322019	8679	99	811	-90514.3	53.5391f	89.4091	4	1	1	0.0594059	0.148515	0.049505	9.90099e-09	0	0	0	0	0.909091	0.955711	0.246544	0.550633	0.883041	0.009901	0.148515	9.90099e-09	1	0.112903	0.165768	0.666667	0.666667	0.666667	1	1	56815.1	1e+20	3.62265e+13	50.6293	12.255	63.0137	85.7089	53.5391	89.4091	
198000	-162383	-1243.39	-115599	-28487.9	0.0936067	1	0.170366	11.7394	2.92269	0.00325502	19.5421	0.319635	8450	99	738	-90514.3	65.1953f	68.5842	4	1	1	0.0594059	0.148515	0.049505	9.90099e-09	0	0	0	0	0.872727	0.963357	0.255621	0.55102	0.904818	0.009901	0.148515	9.90099e-09	1	0.128994	0.159675	0.666667	0.666667	0.666667	1	1	56815.1	1e+20	3.62265e+13	50.6293	12.255	63.0137	85.7089	65.1953	68.5842	
199000	-162451	-1243.39	-115667	-28533.4	0.0946099	1	0.168456	11.8725	2.92091	0.00947499	19.5421	0.323455	8469	99	728	-90514.3	78.9583f	79.4492	4	1	1	0.009901	0.148515	0.049505	9.90099e-09	0	0	0	0	0.918182	0.958726	0.242604	0.449664	0.882214	0.009901	0.148515	9.90099e-09	1	0.0943396	0.149086	0.666667	0.666667	0.666667	1	1	56815.1	1e+20	3.62265e+13	50.6293	12.255	63.0137	85.7089	78.9583	79.4492	
200000	-162244	-1243.39	-115461	-28516.7	0.0925673	1	0.165199	12.1066	2.80258	0.00156768	19.5421	0.343759	8462	99	718	-90514.3	49.1229f	66.3163	4	1	1	0.009901	0.148515	0.049505	9.90099e-09	0	0	0	0	0.890909	0.962085	0.257988	0.406897	0.90673	0.009901	0.148515	9.90099e-09	1	0.0991736	0.159501	0.666667	0.666667	0.666667	1	1	56815.1	1e+20	3.62265e+13	50.6293	12.255	63.0137	85.7089	49.1229	66.3163	
201000	-162955	-1243.39	-116172	-28528.6	0.0925673	1	0.175828	11.3747	3.00215	0.00719842	19.5735	0.301508	8467	99	783	-90514.3	46.0692f	85.6485	4	1	1	0.009901	0.148515	0.049505	9.90099e-09	0	0	0	0	0.909091	0.959858	0.267773	0.554054	0.887839	0.009901	0.148515	9.90099e-09	1	0.116883	0.163342	0.666667	0.666667	0.666667	1	1	56815.1	1e+20	3.62265e+13	50.6293	12.255	63.0137	85.7089	46.0692	85.6485	
202000	-161478	-1243.39	-114695	-28331.1	0.0925673	1	0.177036	11.2972	3.2443	0.00772349	19.9227	0.277101	8384	99	734	-90514.3	43.4069f	86.5686	4	1	1	0.009901	0.148515	0.009901	9.90099e-09	0	0	0	0	0.890909	0.952153	0.25895	0.489933	0.889154	0.009901	0.138614	9.90099e-09	1	0.112038	0.157182	0.666667	0.666667	0.666667	1	1	56815.1	1e+20	3.62265e+13	50.6293	12.255	63.0137	85.7089	43.4069	86.5686	
203000	-162603	-1243.39	-115819	-28663.6	0.0930206	1	0.144842	13.8081	2.68687	0.00582883	19.9591	0.408957	8524	99	677	-90514.3	41.1422f	80.9607	4	1	1	0.009901	0.188119	0.009901	9.90099e-09	0	0	0	0	0.881818	0.978873	0.273154	0.524476	0.908772	0.009901	0.138614	9.90099e-09	1	0.104338	0.187588	0.666667	0.666667	0.666667	1	1	56815.1	1e+20	3.62265e+13	50.6293	12.255	63.0137	85.7089	41.1422	80.9607	