
# before rand glnL: -58290.199944 alnL: -1209.443868
# ninter: 99
# ncoal: 99
# nhits: 99
# true lbda: 0.002081
# true mu: 0.109285
# true rad: 39.153358
# true sigsq: 0.671548
# true neigh. size: 18.300778
# fst-based estimate of neighborhood size: -nan
# nucleotide diversity: 0.000000
# length of a generation: 56057.6 time units
# clock rate: 1 subst. per time unit
# after rand glnL: -58290.199944 alnL: -1209.443868
# ninter: 99
# ncoal: 99
# nhits: 99
# start lbda: 0.002081
# start mu: 0.109285
# start rad: 11.173703
sample	lnP	alnL	glnL	tlnL	lbda	clock	mu	neigh	sigsq	sigsqobs	rad	rhoe	nInt	nCoal	nHit	rootTime	rootLon	rootLat	tstv	alpha	MeanBr	accLbda	accMu	accRad	accInDelDisk	accInDelHit	accScaleTime	accSPR	accSPRlocal	accPath	accIndelDiskSerial	accIndelHitSerial	accLdskGivenDisk	accDiskGivenLdsk	accDiskAndLdsk	accLdskMulti	accDiskMulti	accMoveDiskUD	accAddRemoveJump	accLdskTipToRoot	tuneLbda	tuneRad	tuneMu	tuneIndelDisk	tuneIndelHit	tuneLdskGivenDisk	tuneIndelDiskSerial	tuneIndelHitSerial	c0	c1	rootc0	rootc1	rootldsk0	rootldsk1	
  1000	-52435.8	-1209.44	-5686.35	-1528.97	0.00456944	1	0.234677	8.52237	0.199739	0.0206488	19.6214	3.39537	243	99	114	-48058.4	51.6582f	5.17214	4	1	1	0	0	0	0	0	0	0	0	0.972727	0.788136	0.252174	0.396396	0.522936	0	0	0	1	0.196581	0.123894	1	1	1	1	1	1.5	7.59375	1	91.7013	81.8071	78.1965	1.25861	51.6582	5.17214	
  2000	-54862.3	-1209.44	-8112.83	-2358.82	0.0072158	1	0.160202	12.4842	0.216398	0.0320716	19.6459	4.59092	408	99	126	-48058.4	96.3665f	19.7775	4	1	1	0	0	0	0	0	0	0	0	0.972727	0.929825	0.271186	0.54902	0.747899	0	0	0	1	0.144068	0.155039	1	1	1	1	1	3.375	194.62	5.0625	53.2223	98.0627	78.1965	1.25861	96.3665	19.7775	
  3000	-56825.1	-1209.44	-10075.6	-2927.95	0.0108936	1	0.164401	12.1654	0.360062	0.00932405	19.9997	2.68868	532	99	150	-48058.4	68.297f	26.4285	4	1	1	0	0	0	0	0	0	0	0	0.972727	0.88785	0.226415	0.5	0.745283	0	0	0	1	0.166667	0.245033	1	1	1	1	1	7.59375	37876.8	17.0859	11.0307	40.2999	78.1965	1.25861	68.297	26.4285	
  4000	-58687.4	-1209.44	-11937.9	-3525.34	0.0131354	1	0.156572	12.7737	0.413484	0.0276235	19.9997	2.45836	668	99	150	-48058.4	74.7222f	4.66404	4	1	1	0	0	0	0	0	0	0	0	0.936364	0.940299	0.237037	0.513043	0.780303	0	0	0	1	0.126866	0.286667	1	1	1	1	1	17.0859	1.6586e+07	985.261	11.0307	40.2999	78.1965	1.25861	74.7222	4.66404	
  5000	-59922	-1209.44	-13172.6	-3888.04	0.0147743	1	0.152043	13.1542	0.447972	0.0236148	19.9592	2.33671	754	99	157	-48058.4	73.715f	8.57995	4	1	1	0	0	0	0	0	0	0	0	0.927273	0.986667	0.350649	0.5	0.846154	0	0	0	1	0.135484	0.263473	1	1	1	1	1	38.4434	6.37622e+08	287627	11.0307	40.2999	47.5858	16.5352	73.715	8.57995	
  6000	-61906.7	-1209.44	-15157.3	-4424.43	0.0188622	1	0.158427	12.6241	0.595939	0.0477534	19.9592	1.68573	886	99	178	-48058.4	96.336f	0.57478	4	1	1	0.217822	0	0	0	0	0	0	0	0.945455	0.893855	0.241573	0.527273	0.829412	0	0.0990099	0	1	0.100559	0.303371	0.666667	1	1	1	1	129.746	1.4135e+12	2.4879e+07	11.0307	40.2999	47.5858	16.5352	96.336	0.57478	
  7000	-63552.8	-1209.44	-16803.4	-4864.83	0.0211389	1	0.187866	10.6459	0.791974	0.0179029	19.9592	1.0697	998	99	195	-48058.4	62.9427f	10.4091	4	1	1	0.217822	0.247525	0	0	0	0	0	0	0.945455	0.928571	0.266667	0.559322	0.774359	0	0.0990099	0.0891089	1	0.209184	0.238579	0.666667	1	1.5	1	1	656.841	9.28447e+14	2.45123e+10	11.0307	40.2999	47.5858	16.5352	62.9427	10.4091	
  8000	-64852.7	-1209.44	-18103.3	-5214.42	0.0216117	1	0.187597	10.6612	0.811921	0.0168716	19.9801	1.04491	1089	99	206	-48058.4	62.621f	11.5867	4	1	1	0.217822	0.247525	0.0891089	0	0	0	0	0	0.927273	0.981308	0.229358	0.567308	0.841121	0	0.0990099	0.0891089	1	0.102804	0.296482	0.666667	0.666667	1.5	1	1	4987.89	7.91247e+19	8.27291e+10	11.0307	40.2999	47.5858	16.5352	62.621	11.5867	
  9000	-67256.1	-1209.44	-20506.6	-5741.82	0.0237439	1	0.200654	9.96741	0.954112	0.0125735	19.9801	0.831329	1230	99	256	-48058.4	43.3493f	15.5406	4	1	1	0.217822	0.247525	0.0891089	0	0	0	0	0	0.918182	0.942623	0.211382	0.56	0.844262	0	0.0990099	0.0891089	1	0.213115	0.139344	0.666667	0.666667	1.5	1	1	16834.1	1e+20	1.4135e+12	45.9794	17.5231	47.5858	16.5352	43.3493	15.5406	
 10000	-68240.5	-1209.44	-21491.1	-6051.46	0.0283043	1	0.175247	11.4125	0.996557	0.0173461	19.9962	0.911315	1316	99	243	-48058.4	89.6223f	56.755	4	1	1	0.217822	0.247525	0.0891089	0	0	0	0	0	0.945455	0.930769	0.27907	0.6	0.851563	0	0.0990099	0.0891089	1	0.136364	0.268722	0.666667	0.666667	1.5	1	1	56815.1	1e+20	3.13351e+15	45.9794	17.5231	67.16	29.7125	89.6223	56.755	
 11000	-69408.3	-1209.44	-22658.9	-6258.21	0.0283043	1	0.207124	9.65606	1.17783	0.0173461	19.9962	0.652391	1374	99	279	-48058.4	89.6223f	56.755	4	1	1	0.217822	0.247525	0.0891089	0	0	0	0	0	0.945455	0.934783	0.345324	0.554545	0.80292	0	0.0990099	0.0891089	1	0.26087	0.142857	0.666667	0.666667	1.5	1	1	56815.1	1e+20	3.13351e+15	5.76276	22.3157	67.16	29.7125	89.6223	56.755	
 12000	-69769	-1209.44	-23019.6	-6337.36	0.0278661	1	0.196645	10.1706	1.10093	0.0203906	19.9962	0.735155	1396	99	289	-48058.4	54.4164f	5.66631	4	1	1	0.217822	0.247525	0.0891089	0	0	0	0	0	0.9	0.94964	0.3	0.475	0.805755	0	0.0990099	0.0891089	1	0.171429	0.148649	0.666667	0.666667	1.5	1	1	56815.1	1e+20	3.13351e+15	5.76276	22.3157	67.16	29.7125	54.4164	5.66631	
 13000	-71051.1	-1209.44	-24301.7	-6703.94	0.0309771	1	0.215329	9.28813	1.32198	0.00181038	19.9282	0.559105	1501	99	284	-48058.4	44.5124f	60.9777	4	1	1	0.168317	0.0891089	0.0891089	0.019802	0	0	0	0	0.9	0.953642	0.258278	0.5	0.766234	0.009901	0.148515	0.0891089	1	0.172185	0.127148	0.666667	0.666667	1.5	1	1	56815.1	1e+20	3.13351e+15	53.5491	93.5814	67.16	29.7125	44.5124	60.9777	
 14000	-72415.9	-1209.44	-25666.5	-6989.34	0.0329223	1	0.228251	8.76227	1.48931	0.0173584	19.9282	0.468188	1584	99	313	-48058.4	44.4723f	9.17569	4	1	1	0.168317	0.0891089	0.039604	0.019802	0	0	0	0	0.890909	0.93125	0.25625	0.561983	0.773585	0.009901	0.148515	0.019802	1	0.138365	0.153355	0.666667	0.666667	1.5	1	1	56815.1	1e+20	3.13351e+15	28.4119	82.6921	67.16	29.7125	44.4723	9.17569	
 15000	-74133.6	-1209.44	-27384.1	-7331.6	0.0340213	1	0.265455	7.53422	1.59204	0.00290299	19.3531	0.376595	1685	99	356	-48058.4	65.061f	54.5242	4	1	1	0.168317	0.0891089	0.039604	0.019802	0	0	0	0	0.890909	0.878049	0.289941	0.554688	0.785276	0.009901	0.148515	0.019802	1	0.201183	0.153409	0.666667	0.666667	1.5	1	1	56815.1	1e+20	3.13351e+15	28.4119	82.6921	67.16	29.7125	65.061	54.5242	
 16000	-74699.4	-1209.44	-27949.9	-7465.42	0.0346742	1	0.279688	7.15083	1.65672	0.00290299	19.2017	0.343476	1725	99	365	-48058.4	65.061f	54.5242	4	1	1	0.168317	0.0891089	0.039604	0.019802	0	0	0	0	0.854545	0.936047	0.238372	0.491071	0.826347	0.009901	0.148515	0.019802	1	0.174419	0.139726	0.666667	0.666667	1.5	1	1	56815.1	1e+20	3.13351e+15	76.3314	14.128	67.16	29.7125	65.061	54.5242	
 17000	-74716.3	-1209.44	-27966.8	-7537.46	0.0364196	1	0.257013	7.78171	1.59904	0.00500766	19.2017	0.387262	1747	99	339	-48058.4	69.8705f	42.0077	4	1	1	0.168317	0.0891089	0.039604	0.019802	0	0	0	0	0.872727	0.948571	0.217143	0.571429	0.817143	0.009901	0.148515	0.019802	1	0.205714	0.161194	0.666667	0.666667	1.5	1	1	56815.1	1e+20	3.13351e+15	7.44648	76.816	61.0092	41.5675	69.8705	42.0077	
 18000	-74926.6	-1209.44	-28177.2	-7637.69	0.0357211	1	0.229539	8.71312	1.51782	0.0036474	19.591	0.456817	1777	99	324	-48058.4	60.6977f	64.0698	4	1	1	0.168317	0.0891089	0.039604	0.019802	0	0	0	0	0.909091	0.932584	0.269663	0.465347	0.825843	0.009901	0.118812	0.019802	1	0.134831	0.160494	0.666667	0.666667	1.5	1	1	56815.1	1e+20	3.13351e+15	0.715764	67.6646	61.0092	41.5675	60.6977	64.0698	
 19000	-74647.1	-1209.44	-27897.6	-7602.43	0.034986	1	0.198824	10.0591	1.39485	0.00665354	19.9866	0.573885	1766	99	305	-48058.4	74.0666f	54.6832	4	1	1	0.168317	0.0891089	0.039604	0.019802	0	0	0	0	0.836364	0.971751	0.242938	0.51145	0.824859	0.009901	0.118812	0.019802	1	0.146893	0.146875	0.666667	0.666667	1.5	1	1	56815.1	1e+20	3.13351e+15	28.8129	81.0473	61.0092	41.5675	74.0666	54.6832	
 20000	-76223.6	-1209.44	-29474.1	-7993.02	0.0386348	1	0.203916	9.80794	1.57977	0.0110474	19.9866	0.494054	1886	99	311	-48058.4	71.6881f	25.8377	4	1	1	0.118812	0.0891089	0.039604	0.019802	0	0	0	0	0.890909	0.941799	0.242105	0.593985	0.769634	0.009901	0.118812	9.90099e-09	1	0.169312	0.215873	0.666667	0.666667	1.5	1	1	56815.1	1e+20	3.13351e+15	28.8129	81.0473	61.0092	41.5675	71.6881	25.8377	
 21000	-79937.4	-1209.44	-33188	-8821.94	0.0431246	1	0.1853	10.7933	1.60237	0.00239371	19.9866	0.53602	2147	99	349	-48058.4	35.0687f	48.1341	4	1	1	0.118812	0.0891089	0.039604	0.019802	0	0	0	0	0.881818	0.916279	0.296296	0.554745	0.855814	0.009901	0.118812	9.90099e-09	1	0.212963	0.148997	0.666667	0.666667	1.5	1	1	56815.1	1e+20	3.13351e+15	28.8129	81.0473	61.0092	41.5675	35.0687	48.1341	
 22000	-80776.4	-1209.44	-34027	-9013.84	0.0443535	1	0.181045	11.047	1.38542	0.000777738	19.2493	0.634528	2209	99	357	-48058.4	55.0386f	44.0492	4	1	1	0.118812	0.0891089	0.039604	0.019802	0	0	0	0	0.945455	0.931818	0.244344	0.543307	0.773756	0.009901	0.118812	9.90099e-09	1	0.117647	0.152542	0.666667	0.666667	1.5	1	1	56815.1	1e+20	3.13351e+15	28.8129	81.0473	53.0813	41.1309	55.0386	44.0492	
 23000	-80416.9	-1209.44	-33667.4	-8963.18	0.0459941	1	0.178188	11.2241	1.5867	0.00114468	19.8119	0.562919	2193	99	344	-48058.4	56.3929f	42.5337	4	1	1	0.118812	0.0891089	0.039604	0.019802	0	0	0	0	0.954545	0.930876	0.245455	0.511628	0.862385	0.009901	0.118812	9.90099e-09	1	0.1	0.139241	0.666667	0.666667	1.5	1	1	56815.1	1e+20	3.13351e+15	28.8129	81.0473	53.0813	41.1309	56.3929	42.5337	
 24000	-83158.1	-1209.44	-36408.6	-9541.78	0.0491084	1	0.19328	10.3477	1.66314	0.00547344	19.3239	0.495113	2383	99	381	-48058.4	70.3558f	40.4977	4	1	1	0.118812	0.0891089	0.039604	0.019802	0	0	0	0	0.909091	0.903361	0.242678	0.622807	0.820084	0.009901	0.118812	9.90099e-09	1	0.125523	0.15508	0.666667	0.666667	1.5	1	1	56815.1	1e+20	3.13351e+15	15.6536	55.9315	53.0813	41.1309	70.3558	40.4977	
 25000	-86371.5	-1209.44	-39622.1	-10169.6	0.0533248	1	0.19328	10.3477	1.83738	0.00406445	19.4074	0.448161	2595	99	437	-48058.4	67.6209f	42.3279	4	1	1	0.118812	0.0891089	0.0693069	0.019802	0	0	0	0	0.863636	0.968872	0.236434	0.419355	0.824	0.009901	0.0792079	9.90099e-09	1	0.205534	0.180778	0.666667	0.666667	1.5	1	1	56815.1	1e+20	3.13351e+15	15.6536	55.9315	53.0813	41.1309	67.6209	42.3279	
 26000	-86438.2	-1209.44	-39688.8	-10184.2	0.0533248	1	0.189771	10.539	2.01375	0.0327254	19.9484	0.416472	2600	99	439	-48058.4	96.9087f	79.4158	4	1	1	0.108911	0.0693069	0.0693069	0.019802	0	0	0	0	0.890909	0.938462	0.280769	0.515873	0.816092	0.009901	0.0792079	9.90099e-09	1	0.153257	0.130337	0.666667	0.666667	1.5	1	1	56815.1	1e+20	3.13351e+15	19.5292	84.7843	83.7885	90.8272	96.9087	79.4158	
 27000	-85882.7	-1209.44	-39133.2	-10108	0.0534188	1	0.191291	10.4553	2.03345	0.0179963	19.9484	0.409158	2574	99	420	-48058.4	83.0495f	73.9424	4	1	1	0.108911	0.0693069	0.0693069	0.019802	0	0	0	0	0.854545	0.965116	0.284047	0.472441	0.835938	0.009901	0.0792079	9.90099e-09	1	0.162791	0.169014	0.666667	0.666667	1.5	1	1	56815.1	1e+20	3.13351e+15	28.3647	84.7861	85.5122	91.3334	83.0495	73.9424	
 28000	-87115.2	-1209.44	-40365.8	-10442.1	0.0556501	1	0.198733	10.0638	2.2008	0.0268267	19.9484	0.363889	2689	99	403	-48058.4	87.2424f	83.3877	4	1	1	0.108911	0.0693069	0.0693069	0.019802	0	0	0	0	0.909091	0.933086	0.211111	0.48	0.82963	0.009901	0.0792079	9.90099e-09	1	0.192593	0.14951	0.666667	0.666667	1.5	1	1	56815.1	1e+20	3.13351e+15	28.3647	84.7861	85.5122	91.3334	87.2424	83.3877	
 29000	-87305	-1209.44	-40555.5	-10445.2	0.0552203	1	0.198733	10.0638	2.1143	0.024328	19.7878	0.378777	2690	99	415	-48058.4	54.4262f	97.4501	4	1	1	0.108911	0.0693069	0.0693069	0.019802	0	0	0	0	0.881818	0.948529	0.205882	0.47619	0.870849	0.009901	0.0792079	9.90099e-09	1	0.166667	0.174334	0.666667	0.666667	1.5	1	1	56815.1	1e+20	3.13351e+15	28.3647	84.7861	85.5122	91.3334	54.4262	97.4501	
 30000	-87514	-1209.44	-40764.6	-10436.5	0.0552203	1	0.198733	10.0638	2.07799	0.024328	19.7023	0.385396	2687	99	435	-48058.4	54.4262f	97.4501	4	1	1	0.108911	0.0693069	0.0693069	0.019802	0	0	0	0	0.936364	0.944853	0.192593	0.583333	0.776119	0.009901	0.0792079	9.90099e-09	1	0.182156	0.137778	0.666667	0.666667	1.5	1	1	56815.1	1e+20	3.13351e+15	28.3647	84.7861	85.5122	91.3334	54.4262	97.4501	
 31000	-87892.4	-1209.44	-41142.9	-10529.3	0.0551263	1	0.199245	10.0379	2.0798	0.00878107	19.7023	0.384072	2719	99	440	-48058.4	72.843f	66.5167	4	1	1	0.108911	0.0693069	0.029703	0.019802	0	0	0	0	0.881818	0.948148	0.264925	0.477273	0.833333	0.009901	0.138614	9.90099e-09	1	0.138577	0.159091	0.666667	0.666667	1.5	1	1	56815.1	1e+20	3.13351e+15	3.96005	47.127	85.5122	91.3334	72.843	66.5167	
 32000	-88496.8	-1209.44	-41747.3	-10686.8	0.0593154	1	0.208607	9.58738	2.31883	0.0441595	19.6513	0.329019	2774	99	431	-48058.4	95.6249f	95.4739	4	1	1	0.108911	0.0693069	0.029703	0.019802	0	0	0	0	0.9	0.935018	0.291367	0.592593	0.768953	0.009901	0.138614	9.90099e-09	1	0.176259	0.191874	0.666667	0.666667	1.5	1	1	56815.1	1e+20	3.13351e+15	6.77466	41.455	78.9457	64.9784	95.6249	95.4739	
 33000	-90217.8	-1209.44	-43468.4	-11017.4	0.0592281	1	0.205991	9.70918	2.28637	0.0441595	19.6513	0.337929	2891	99	461	-48058.4	95.6249f	95.4739	4	1	1	0.0891089	0.0594059	0.029703	0.019802	0	0	0	0	0.881818	0.948454	0.248276	0.467626	0.845361	0.009901	0.138614	9.90099e-09	1	0.168385	0.171367	0.666667	0.666667	1.5	1	1	56815.1	1e+20	3.13351e+15	6.77466	41.455	78.9457	64.9784	95.6249	95.4739	
 34000	-90546.8	-1209.44	-43797.3	-11107.2	0.0599024	1	0.205991	9.70918	2.3124	0.0332174	19.6513	0.334125	2923	99	456	-48058.4	97.9105f	78.5954	4	1	1	0.0891089	0.0594059	0.029703	0.019802	0	0	0	0	0.881818	0.941781	0.218855	0.475248	0.79322	0.009901	0.138614	9.90099e-09	1	0.170648	0.171674	0.666667	0.666667	1.5	1	1	56815.1	1e+20	3.13351e+15	6.77466	41.455	78.9457	64.9784	97.9105	78.5954	
 35000	-91045.2	-1209.44	-44295.8	-11250.7	0.0599024	1	0.192598	10.3843	2.19458	0.00199122	19.7248	0.376545	2974	99	443	-48058.4	44.2615f	61.6029	4	1	1	0.0891089	0.0594059	0.029703	0.019802	0	0	0	0	0.890909	0.963211	0.248322	0.456522	0.774744	0.009901	0.138614	9.90099e-09	1	0.167224	0.136465	0.666667	0.666667	1.5	1	1	56815.1	1e+20	3.13351e+15	6.77466	41.455	78.9457	64.9784	44.2615	61.6029	
 36000	-91672.3	-1209.44	-44922.8	-11299.2	0.0623709	1	0.192598	10.3843	2.28502	0.00337693	19.7248	0.361642	2992	99	478	-48058.4	62.5429f	61.4198	4	1	1	0.0891089	0.0594059	0.029703	0.009901	0	0	0	0	0.854545	0.943144	0.270903	0.539007	0.833333	0.009901	0.138614	9.90099e-09	1	0.163333	0.144681	0.666667	0.666667	1.5	1	1	56815.1	1e+20	3.13351e+15	6.77466	41.455	95.255	46.3068	62.5429	61.4198	
 37000	-90830.9	-1209.44	-44081.4	-11254.8	0.0623709	1	0.186627	10.7166	2.21418	0.0212868	19.7248	0.385154	2976	99	417	-48058.4	93.3392f	38.5241	4	1	1	0.0891089	0.0594059	0.039604	0.009901	0	0	0	0	0.845455	0.953488	0.267559	0.524823	0.807309	9.90099e-09	0.138614	9.90099e-09	1	0.157718	0.170168	0.666667	0.666667	1.5	1	1	56815.1	1e+20	3.13351e+15	6.77466	41.455	95.255	46.3068	93.3392	38.5241	
 38000	-90715	-1209.44	-43965.5	-11176.8	0.0610703	1	0.186627	10.7166	2.20676	0.0259448	19.8123	0.386448	2948	99	442	-48058.4	95.6727f	68.437	4	1	1	0.0594059	0.0594059	0.039604	0.009901	0	0	0	0	0.890909	0.939189	0.236486	0.496403	0.804054	9.90099e-09	0.118812	9.90099e-09	1	0.138514	0.174888	0.666667	0.666667	1.5	1	1	56815.1	1e+20	3.13351e+15	22.9328	81.0391	96.1966	45.4157	95.6727	68.437	
 39000	-93188.5	-1209.44	-46439.1	-11569.9	0.064972	1	0.20275	9.86438	2.55057	0.0177048	19.8123	0.307768	3090	99	511	-48058.4	85.4995f	29.501	4	1	1	0.0594059	0.0594059	0.039604	0.009901	0	0	0	0	0.909091	0.906149	0.28479	0.576923	0.822006	9.90099e-09	0.118812	9.90099e-09	1	0.167742	0.143451	0.666667	0.666667	1.5	1	1	56815.1	1e+20	3.13351e+15	22.9328	81.0391	96.1966	45.4157	85.4995	29.501	
 40000	-94322.5	-1209.44	-47573.1	-11922.1	0.0686631	1	0.203287	9.83831	2.39418	0.00487056	19.2211	0.327005	3219	99	479	-48058.4	70.0171f	43.4177	4	1	1	0.0594059	0.0594059	0.039604	0.009901	0	0	0	0	0.890909	0.925466	0.247706	0.580952	0.819572	9.90099e-09	0.118812	9.90099e-09	1	0.174312	0.175365	0.666667	0.666667	1.5	1	1	56815.1	1e+20	3.13351e+15	22.9328	81.0391	96.1966	45.4157	70.0171	43.4177	
 41000	-96776.9	-1209.44	-50027.4	-12403	0.0715608	1	0.189128	10.5749	2.47944	0.0159374	19.5402	0.339399	3399	99	505	-48058.4	81.2248f	72.2627	4	1	1	0.0594059	0.0792079	0.039604	0.009901	0	0	0	0	0.827273	0.940828	0.20944	0.5	0.814159	9.90099e-09	0.118812	9.90099e-09	1	0.141176	0.158416	0.666667	0.666667	1.5	1	1	56815.1	1e+20	3.13351e+15	22.9328	81.0391	96.1966	45.4157	81.2248	72.2627	
 42000	-97601.9	-1209.44	-50852.4	-12577	0.0715608	1	0.189128	10.5749	2.50913	0.00622352	19.5984	0.335384	3465	99	509	-48058.4	71.8572f	40.083	4	1	1	0.0594059	0.0792079	0.039604	0.009901	0	0	0	0	0.863636	0.927746	0.248555	0.544554	0.83526	9.90099e-09	0.118812	9.90099e-09	1	0.15896	0.156118	0.666667	0.666667	1.5	1	1	56815.1	1e+20	3.13351e+15	22.9328	81.0391	96.1966	45.4157	71.8572	40.083	
 43000	-97978.9	-1209.44	-51229.4	-12632.7	0.0738797	1	0.189128	10.5749	2.59043	0.0228349	19.5984	0.324857	3486	99	516	-48058.4	82.5956f	16.4401	4	1	1	0.0594059	0.0792079	0.0693069	0.009901	0	0	0	0	0.854545	0.939828	0.254286	0.566667	0.837143	9.90099e-09	0.118812	9.90099e-09	1	0.16474	0.167619	0.666667	0.666667	1.5	1	1	56815.1	1e+20	3.13351e+15	22.9328	81.0391	96.1966	45.4157	82.5956	16.4401	
 44000	-99078.5	-1209.44	-52329	-12986.4	0.0760802	1	0.151492	13.202	2.13675	0.0183834	19.5984	0.491673	3622	99	464	-48058.4	85.3767f	27.7288	4	1	1	0.0594059	0.0792079	0.0693069	0.009901	0	0	0	0	0.9	0.947802	0.323288	0.485714	0.857143	9.90099e-09	0.0594059	9.90099e-09	1	0.14876	0.1625	0.666667	0.666667	1.5	1	1	56815.1	1e+20	3.13351e+15	22.9328	81.0391	96.1966	45.4157	85.3767	27.7288	
 45000	-99797.2	-1209.44	-53047.8	-13115.2	0.0760802	1	0.155015	12.902	2.18644	0.0192895	19.5984	0.46958	3672	99	478	-48058.4	90.4694f	36.4198	4	1	1	0.0594059	0.0792079	0.0693069	0.009901	0	0	0	0	0.918182	0.956757	0.256065	0.550336	0.854839	9.90099e-09	0.0594059	9.90099e-09	1	0.141304	0.144351	0.666667	0.666667	1.5	1	1	56815.1	1e+20	3.13351e+15	22.9328	81.0391	96.1966	45.4157	90.4694	36.4198	
 46000	-100568	-1209.44	-53818.1	-13205.1	0.0766014	1	0.158128	12.648	2.33237	0.0355549	19.785	0.431532	3707	99	509	-48058.4	97.9522f	16.8268	4	1	1	0.0594059	0.049505	0.0693069	0.009901	0	0	0	0	0.836364	0.932796	0.289544	0.563107	0.836461	9.90099e-09	0.0594059	9.90099e-09	1	0.144772	0.191651	0.666667	0.666667	1.5	1	1	56815.1	1e+20	3.13351e+15	22.9328	81.0391	96.1966	45.4157	97.9522	16.8268	
 47000	-100759	-1209.44	-54009.7	-13200	0.0766014	1	0.17009	11.7585	2.50881	0.00852754	19.785	0.37297	3705	99	527	-48058.4	75.8353f	38.6583	4	1	1	0.0594059	0.049505	0.0693069	9.90099e-09	0	0	0	0	0.936364	0.943396	0.25876	0.518182	0.84097	9.90099e-09	0.0594059	9.90099e-09	1	0.145553	0.157798	0.666667	0.666667	1.5	1	1	56815.1	1e+20	3.13351e+15	22.9328	81.0391	96.1966	45.4157	75.8353	38.6583	
 48000	-100798	-1209.44	-54048.5	-13274.5	0.0766014	1	0.161583	12.3775	2.47389	0.00838214	19.9703	0.398149	3734	99	500	-48058.4	76.7765f	56.7982	4	1	1	0.0594059	0.049505	0.0693069	9.90099e-09	0	0	0	0	0.945455	0.951482	0.257373	0.554054	0.862162	9.90099e-09	0.0594059	9.90099e-09	1	0.144772	0.146893	0.666667	0.666667	1.5	1	1	56815.1	1e+20	3.13351e+15	22.9328	81.0391	65.2587	24.9268	76.7765	56.7982	
 49000	-100499	-1209.44	-53749.7	-13259.1	0.0766014	1	0.16931	11.8127	2.59218	0.00215308	19.9703	0.362638	3728	99	479	-48058.4	37.2557f	55.6352	4	1	1	0.0594059	0.049505	0.019802	9.90099e-09	0	0	0	0	0.854545	0.96496	0.24933	0.59589	0.844504	9.90099e-09	0.0594059	9.90099e-09	1	0.142091	0.150515	0.666667	0.666667	1.5	1	1	56815.1	1e+20	3.13351e+15	22.9328	81.0391	65.2587	24.9268	37.2557	55.6352	
 50000	-102088	-1209.44	-55338.3	-13498	0.0789851	1	0.16931	11.8127	2.54994	0.0185889	19.7366	0.368645	3822	99	524	-48058.4	80.0805f	20.4435	4	1	1	0.039604	0.049505	0.019802	9.90099e-09	0	0	0	0	0.936364	0.955381	0.278215	0.483221	0.847769	9.90099e-09	0.0990099	9.90099e-09	1	0.164491	0.17505	0.666667	0.666667	1.5	1	1	56815.1	1e+20	3.13351e+15	53.0745	7.17129	65.2587	24.9268	80.0805	20.4435	
 51000	-103014	-1209.44	-56264.1	-13652.9	0.0789851	1	0.158702	12.6022	2.39018	0.00707216	19.7366	0.419572	3883	99	538	-48058.4	65.8302f	29.4551	4	1	1	0.039604	0.049505	0.019802	9.90099e-09	0	0	0	0	0.918182	0.953608	0.290488	0.538462	0.848958	9.90099e-09	0.0990099	9.90099e-09	1	0.159383	0.158635	0.666667	0.666667	1.5	1	1	56815.1	1e+20	3.13351e+15	84.3428	76.5088	65.2587	24.9268	65.8302	29.4551	
 52000	-104459	-1209.44	-57709.9	-14008	0.0815074	1	0.175766	11.3788	2.73172	0.0186109	19.7366	0.331474	4025	99	519	-48058.4	88.5733f	33.4647	4	1	1	0.039604	0.049505	0.019802	9.90099e-09	0	0	0	0	0.845455	0.952854	0.238806	0.588235	0.83871	9.90099e-09	0.0990099	9.90099e-09	1	0.176179	0.145383	0.666667	0.666667	1.5	1	1	56815.1	1e+20	3.13351e+15	84.3428	76.5088	88.7093	16.4304	88.5733	33.4647	
 53000	-103308	-1209.44	-56558.7	-13752.7	0.0804336	1	0.175766	11.3788	2.7719	0.0226178	19.8746	0.326669	3923	99	527	-48058.4	84.9162f	19.2719	4	1	1	0.039604	0.118812	0.019802	9.90099e-09	0	0	0	0	0.863636	0.956853	0.259542	0.523364	0.86514	9.90099e-09	0.0990099	9.90099e-09	1	0.148615	0.18315	0.666667	0.666667	1.5	1	1	56815.1	1e+20	3.13351e+15	21.9241	13.8125	88.7093	16.4304	84.9162	19.2719	
 54000	-104320	-1209.44	-57570.6	-14008.3	0.0813411	1	0.159093	12.5713	2.53726	0.0262749	19.8746	0.394281	4025	99	506	-48058.4	92.2936f	23.2267	4	1	1	0.039604	0.118812	0.019802	9.90099e-09	0	0	0	0	0.854545	0.965174	0.210918	0.592233	0.873737	9.90099e-09	0.0990099	9.90099e-09	1	0.119107	0.162933	0.666667	0.666667	1.5	1	1	56815.1	1e+20	3.13351e+15	16.1952	37.4075	88.7093	16.4304	92.2936	23.2267	
 55000	-103775	-1209.44	-57025.2	-13904.8	0.0835074	1	0.159093	12.5713	2.56397	0.0326935	19.7962	0.390172	3984	99	504	-48058.4	92.292f	13.3418	4	1	1	0.0693069	0.118812	0.019802	9.90099e-09	0	0	0	0	0.881818	0.972292	0.248744	0.470588	0.846734	9.90099e-09	0.0990099	9.90099e-09	1	0.115869	0.140873	0.666667	0.666667	1.5	1	1	56815.1	1e+20	3.13351e+15	19.4595	68.8045	88.7093	16.4304	92.292	13.3418	
 56000	-105090	-1209.44	-58340.5	-14211.7	0.0847117	1	0.145893	13.7087	2.36678	0.00517983	19.758	0.460924	4108	99	489	-48058.4	62.8045f	31.9294	4	1	1	0.0693069	0.118812	0.039604	9.90099e-09	0	0	0	0	0.881818	0.940594	0.217073	0.435374	0.865196	9.90099e-09	0.148515	9.90099e-09	1	0.126829	0.158996	0.666667	0.666667	1.5	1	1	56815.1	1e+20	3.13351e+15	10.0744	46.1643	88.7093	16.4304	62.8045	31.9294	
 57000	-105636	-1209.44	-58886.4	-14358.7	0.0866363	1	0.143921	13.8965	2.24817	0.0254575	19.4625	0.491891	4168	99	473	-48058.4	78.9976f	9.88581	4	1	1	0.0693069	0.118812	0.039604	9.90099e-09	0	0	0	0	0.872727	0.966427	0.270983	0.593103	0.902676	9.90099e-09	0.148515	9.90099e-09	1	0.129496	0.151386	0.666667	0.666667	1.5	1	1	56815.1	1e+20	3.13351e+15	10.0744	46.1643	88.7093	16.4304	78.9976	9.88581	
 58000	-106743	-1209.44	-59993.4	-14490.8	0.0866363	1	0.154841	12.9164	2.41876	0.032207	19.4625	0.424953	4222	99	513	-48058.4	80.4948f	3.37071	4	1	1	0.0693069	0.118812	0.039604	9.90099e-09	0	0	0	0	0.872727	0.973747	0.264151	0.552632	0.871122	9.90099e-09	0.148515	9.90099e-09	1	0.13948	0.140039	0.666667	0.666667	1.5	1	1	56815.1	1e+20	3.13351e+15	10.0744	46.1643	88.7093	16.4304	80.4948	3.37071	
 59000	-105952	-1209.44	-59202.1	-14334.4	0.085651	1	0.154841	12.9164	2.50569	0.0254121	19.6913	0.41021	4158	99	509	-48058.4	95.1186f	30.5702	4	1	1	0.0693069	0.118812	0.039604	9.90099e-09	0	0	0	0	0.845455	0.964286	0.275534	0.432692	0.832936	9.90099e-09	0.148515	9.90099e-09	1	0.137767	0.163065	0.666667	0.666667	1.5	1	1	56815.1	1e+20	3.13351e+15	76.9567	36.7287	88.7093	16.4304	95.1186	30.5702	
 60000	-109088	-1209.44	-62338.7	-14883.7	0.0908451	1	0.154841	12.9164	2.65764	0.0286146	19.6913	0.386757	4385	99	548	-48058.4	87.3999f	13.3233	4	1	1	0.0693069	0.118812	0.039604	9.90099e-09	0	0	0	0	0.863636	0.956322	0.224771	0.518519	0.845103	9.90099e-09	0.148515	9.90099e-09	1	0.118451	0.16129	0.666667	0.666667	1.5	1	1	56815.1	1e+20	3.13351e+15	57.5264	17.8299	88.7093	16.4304	87.3999	13.3233	
 61000	-108591	-1209.44	-61841.9	-14850.1	0.0908451	1	0.150228	13.3131	2.57845	0.0214266	19.6913	0.410877	4371	99	525	-48058.4	89.2553f	71.2708	4	1	1	0.0792079	0.0990099	0.039604	9.90099e-09	0	0	0	0	0.872727	0.951835	0.254005	0.578431	0.871854	9.90099e-09	0.148515	9.90099e-09	1	0.143836	0.130859	0.666667	0.666667	1.5	1	1	56815.1	1e+20	3.13351e+15	57.5264	17.8299	97.5158	48.8248	89.2553	71.2708	
 62000	-109877	-1209.44	-63128	-15043.6	0.0921675	1	0.141191	14.1652	2.48617	0.0181332	19.7462	0.453401	4452	99	549	-48058.4	91.0024f	53.5053	4	1	1	0.0792079	0.0990099	0.039604	9.90099e-09	0	0	0	0	0.8	0.966216	0.255656	0.46789	0.856502	9.90099e-09	0.0891089	9.90099e-09	1	0.139013	0.147687	0.666667	0.666667	1.5	1	1	56815.1	1e+20	3.13351e+15	5.46709	33.2556	97.5158	48.8248	91.0024	53.5053	
 63000	-109600	-1209.44	-62850.1	-15041.9	0.0910225	1	0.141191	14.1652	2.42897	0.01632	19.6931	0.464079	4451	99	526	-48058.4	70.6244f	82.8485	4	1	1	0.0792079	0.0990099	0.0693069	9.90099e-09	0	0	0	0	0.881818	0.964206	0.262921	0.533333	0.875278	9.90099e-09	0.0891089	9.90099e-09	1	0.127803	0.168297	0.666667	0.666667	1.5	1	1	56815.1	1e+20	3.13351e+15	26.9221	68.0749	97.5158	48.8248	70.6244	82.8485	
 64000	-110140	-1209.44	-63390.9	-14958	0.0910225	1	0.189767	10.5392	2.9597	0.018338	19.2162	0.283369	4416	99	625	-48058.4	89.1949f	36.0062	4	1	1	0.0792079	0.0990099	0.0693069	9.90099e-09	0	0	0	0	0.890909	0.952596	0.221219	0.5	0.850679	9.90099e-09	0.0891089	9.90099e-09	1	0.165158	0.17953	0.666667	0.666667	1.5	1	1	56815.1	1e+20	3.13351e+15	26.9221	68.0749	97.5158	48.8248	89.1949	36.0062	
 65000	-110497	-1209.44	-63747.4	-15053.1	0.0923047	1	0.172263	11.6101	2.72455	0.00852943	19.2162	0.339104	4456	99	617	-48058.4	67.0131f	27.0907	4	1	1	0.0792079	0.0990099	0.0693069	9.90099e-09	0	0	0	0	0.9	0.966292	0.269663	0.591667	0.839644	9.90099e-09	0.0891089	9.90099e-09	1	0.14382	0.158065	0.666667	0.666667	1.5	1	1	56815.1	1e+20	3.13351e+15	58.0745	79.208	97.5158	48.8248	67.0131	27.0907	
 66000	-112593	-1209.44	-65843.3	-15492.2	0.098104	1	0.172837	11.5716	3.03536	0.0233086	19.4276	0.303371	4642	99	605	-48058.4	96.7909f	50.5602	4	1	1	0.0792079	0.0990099	0.0693069	9.90099e-09	0	0	0	0	0.854545	0.95914	0.24086	0.517241	0.840517	9.90099e-09	0.0891089	9.90099e-09	1	0.144086	0.163194	0.666667	0.666667	1.5	1	1	56815.1	1e+20	3.13351e+15	58.0745	79.208	97.5158	48.8248	96.7909	50.5602	
 67000	-112466	-1209.44	-65716.1	-15494.5	0.098104	1	0.174217	11.4799	3.1323	0.0191421	19.542	0.291652	4643	99	589	-48058.4	92.3327f	50.5986	4	1	1	0.0891089	0.0792079	0.0693069	9.90099e-09	0	0	0	0	0.881818	0.960954	0.267819	0.457627	0.842217	9.90099e-09	0.0891089	9.90099e-09	1	0.116631	0.149406	0.666667	0.666667	1.5	1	1	56815.1	1e+20	3.13351e+15	73.1315	75.4083	97.5158	48.8248	92.3327	50.5986	
 68000	-111385	-1209.44	-64635.1	-15417.1	0.0946875	1	0.148579	13.4609	2.57831	0.00972531	19.542	0.415459	4610	99	521	-48058.4	71.2497f	28.2408	4	1	1	0.0891089	0.0792079	0.0693069	9.90099e-09	0	0	0	0	0.854545	0.950538	0.255914	0.586538	0.88172	9.90099e-09	0.0891089	9.90099e-09	1	0.112554	0.140316	0.666667	0.666667	1.5	1	1	56815.1	1e+20	3.13351e+15	73.1315	75.4083	97.5158	48.8248	71.2497	28.2408	
 69000	-109964	-1209.44	-63215	-15113.5	0.0952694	1	0.15029	13.3076	2.60592	0.0157984	19.5082	0.406377	4481	99	531	-48058.4	88.402f	49.382	4	1	1	0.0891089	0.0792079	0.0693069	9.90099e-09	0	0	0	0	0.818182	0.966443	0.301339	0.513761	0.86	9.90099e-09	0.0891089	9.90099e-09	1	0.146993	0.148728	0.666667	0.666667	1.5	1	1	56815.1	1e+20	3.13351e+15	73.1315	75.4083	97.5158	48.8248	88.402	49.382	
 70000	-111144	-1209.44	-64394.3	-15327.7	0.0941583	1	0.164361	12.1683	2.92704	0.010859	19.6965	0.33082	4572	99	547	-48058.4	81.5352f	52.7307	4	1	1	0.0891089	0.0792079	0.049505	9.90099e-09	0	0	0	0	0.881818	0.950108	0.270742	0.522124	0.850325	9.90099e-09	0.0891089	9.90099e-09	1	0.139738	0.177331	0.666667	0.666667	1.5	1	1	56815.1	1e+20	3.13351e+15	73.1315	75.4083	92.0073	61.1993	81.5352	52.7307	
 71000	-111574	-1209.44	-64824.3	-15496.4	0.097153	1	0.144706	13.8212	2.65896	0.0194824	19.6965	0.41364	4644	99	511	-48058.4	62.518f	90.6164	4	1	1	0.0891089	0.0792079	0.049505	9.90099e-09	0	0	0	0	0.836364	0.95914	0.217204	0.590909	0.868251	9.90099e-09	0.0891089	9.90099e-09	1	0.137634	0.177606	0.666667	0.666667	1.5	1	1	56815.1	1e+20	3.13351e+15	73.1315	75.4083	92.0073	61.1993	62.518	90.6164	
 72000	-112319	-1209.44	-65569.9	-15575.9	0.0941133	1	0.136578	14.6436	2.37035	0.0176178	19.5723	0.491615	4677	99	535	-48058.4	84.9066f	70.3213	4	1	1	0.0891089	0.0792079	0.049505	9.90099e-09	0	0	0	0	0.827273	0.970339	0.241015	0.592593	0.864979	9.90099e-09	0.0891089	9.90099e-09	1	0.113248	0.174	0.666667	0.666667	1.5	1	1	56815.1	1e+20	3.13351e+15	73.1315	75.4083	92.0073	61.1993	84.9066	70.3213	
 73000	-113080	-1209.44	-66330.1	-15733.9	0.0974981	1	0.13499	14.8159	2.42703	0.0301417	19.5723	0.485784	4746	99	536	-48058.4	95.7517f	76.9714	4	1	1	0.0891089	0.049505	0.049505	9.90099e-09	0	0	0	0	0.918182	0.955975	0.227368	0.461039	0.880503	9.90099e-09	0.0891089	9.90099e-09	1	0.126316	0.147388	0.666667	0.666667	1.5	1	1	56815.1	1e+20	3.13351e+15	73.1315	75.4083	92.0073	61.1993	95.7517	76.9714	
 74000	-111992	-1209.44	-65242.4	-15479.7	0.099425	1	0.133495	14.9818	2.63908	0.0301417	19.9444	0.451754	4636	99	551	-48058.4	95.7517f	76.9714	4	1	1	0.0792079	0.049505	0.049505	0.009901	0	0	0	0	0.927273	0.956897	0.24838	0.648649	0.885529	9.90099e-09	0.0891089	9.90099e-09	1	0.12069	0.122841	0.666667	0.666667	1.5	1	1	56815.1	1e+20	3.13351e+15	73.1315	75.4083	92.0073	61.1993	95.7517	76.9714	
 75000	-111875	-1209.44	-65125.9	-15528.1	0.0993593	1	0.136004	14.7054	2.68692	0.00920442	19.9444	0.435525	4657	99	516	-48058.4	75.3799f	63.8564	4	1	1	0.0792079	0.049505	0.049505	0.009901	0	0	0	0	0.863636	0.946237	0.247845	0.5	0.901288	9.90099e-09	0.148515	9.90099e-09	1	0.158798	0.152778	0.666667	0.666667	1.5	1	1	56815.1	1e+20	3.13351e+15	96.5133	29.8278	92.0073	61.1993	75.3799	63.8564	
 76000	-112290	-1209.44	-65540.1	-15595.1	0.0993593	1	0.138844	14.4047	2.74301	0.00791149	19.9444	0.417894	4686	99	525	-48058.4	76.8435f	51.6016	4	1	1	0.0792079	0.049505	0.019802	0.009901	0	0	0	0	0.854545	0.968153	0.278132	0.481132	0.859873	9.90099e-09	0.148515	9.90099e-09	1	0.161359	0.14794	0.666667	0.666667	1.5	1	1	56815.1	1e+20	3.13351e+15	80.8155	24.3739	92.0073	61.1993	76.8435	51.6016	
 77000	-115060	-1209.44	-68310.1	-16052.3	0.0992952	1	0.138844	14.4047	2.74124	0.0307572	19.9444	0.418164	4884	99	564	-48058.4	83.1886f	92.0976	4	1	1	0.0792079	0.049505	0.019802	0.009901	0	0	0	0	0.863636	0.96319	0.244353	0.518182	0.883436	9.90099e-09	0.148515	9.90099e-09	1	0.137014	0.133929	0.666667	0.666667	1.5	1	1	56815.1	1e+20	3.13351e+15	80.8155	24.3739	92.0073	61.1993	83.1886	92.0976	
 78000	-114766	-1209.44	-68017	-15936.9	0.10197	1	0.138442	14.4465	2.80695	0.0184432	19.9444	0.40956	4834	99	592	-48058.4	86.458f	69.5259	4	1	1	0.0792079	0.0693069	0.019802	0.009901	0	0	0	0	0.827273	0.975	0.246377	0.54955	0.875	9.90099e-09	0.148515	9.90099e-09	1	0.132231	0.192568	0.666667	0.666667	1.5	1	1	56815.1	1e+20	3.13351e+15	92.037	32.844	92.0073	61.1993	86.458	69.5259	
 79000	-115423	-1209.44	-68673.2	-16127.1	0.100584	1	0.138442	14.4465	2.7923	0.0228935	19.9866	0.411709	4917	99	561	-48058.4	89.7364f	73.5125	4	1	1	0.0792079	0.0693069	0.019802	0.009901	0	0	0	0	0.918182	0.95723	0.26626	0.586777	0.845528	9.90099e-09	0.148515	9.90099e-09	1	0.128049	0.141914	0.666667	0.666667	1.5	1	1	56815.1	1e+20	3.13351e+15	85.0132	70.7855	92.0073	61.1993	89.7364	73.5125	
 80000	-115636	-1209.44	-68886.2	-16175.1	0.100847	1	0.141729	14.1115	2.86607	0.011205	19.9866	0.39181	4938	99	563	-48058.4	81.2188f	41.5097	4	1	1	0.0891089	0.0693069	0.019802	0.009901	0	0	0	0	0.9	0.941176	0.237425	0.565217	0.883065	9.90099e-09	0.0693069	9.90099e-09	1	0.124748	0.162409	0.666667	0.666667	1.5	1	1	56815.1	1e+20	3.13351e+15	85.0132	70.7855	92.0073	61.1993	81.2188	41.5097	
 81000	-117016	-1209.44	-70266.8	-16396.6	0.108213	1	0.141729	14.1115	3.07541	0.0175688	19.9866	0.365139	5035	99	589	-48058.4	90.3901f	52.9744	4	1	1	0.0891089	0.0693069	0.019802	0.009901	0	0	0	0	0.945455	0.968191	0.234592	0.583333	0.867063	9.90099e-09	0.0693069	9.90099e-09	1	0.111111	0.14262	0.666667	0.666667	1.5	1	1	56815.1	1e+20	3.13351e+15	85.0132	70.7855	92.0073	61.1993	90.3901	52.9744	
 82000	-118172	-1209.44	-71422.4	-16621.2	0.108213	1	0.141729	14.1115	2.93636	0.000673814	19.7567	0.382431	5136	99	588	-48058.4	43.9803f	45.3957	4	1	1	0.0891089	0.0693069	0.019802	0.009901	0	0	0	0	0.872727	0.968992	0.225681	0.5	0.885659	9.90099e-09	0.0693069	9.90099e-09	1	0.100775	0.173469	0.666667	0.666667	1.5	1	1	56815.1	1e+20	3.13351e+15	85.0132	70.7855	92.0073	61.1993	43.9803	45.3957	
 83000	-120516	-1209.44	-73766.5	-17019	0.108429	1	0.146379	13.6632	3.03875	0.000673814	19.7567	0.357805	5315	99	611	-48058.4	43.9803f	45.3957	4	1	1	0.0891089	0.0693069	0.019802	0.009901	0	0	0	0	0.872727	0.95514	0.236398	0.438017	0.844278	9.90099e-09	0.0693069	9.90099e-09	1	0.148496	0.177924	0.666667	0.666667	1.5	1	1	56815.1	1e+20	3.13351e+15	85.0132	70.7855	92.0073	61.1993	43.9803	45.3957	
 84000	-120894	-1209.44	-74144.3	-17094.6	0.108429	1	0.14881	13.4399	3.07774	0.000673814	19.7384	0.347501	5349	99	609	-48058.4	43.9803f	45.3957	4	1	1	0.0891089	0.0693069	0.019802	0.009901	0	0	0	0	0.818182	0.962756	0.247212	0.575	0.879852	9.90099e-09	0.0693069	9.90099e-09	1	0.154562	0.174056	0.666667	0.666667	1.5	1	1	56815.1	1e+20	3.13351e+15	68.0762	24.5673	91.8705	39.4285	43.9803	45.3957	
 85000	-120373	-1209.44	-73623.7	-16958.6	0.110672	1	0.14881	13.4399	3.1414	0.0147273	19.7384	0.340459	5288	99	624	-48058.4	17.8402f	69.2062	4	1	1	0.0891089	0.0594059	0.019802	0.009901	0	0	0	0	0.863636	0.945489	0.229602	0.581967	0.87666	9.90099e-09	0.0693069	9.90099e-09	1	0.140417	0.12562	0.666667	0.666667	1.5	1	1	56815.1	1e+20	3.13351e+15	81.5715	13.0025	60.4366	53.3355	17.8402	69.2062	
 86000	-122011	-1209.44	-75261.9	-17219.8	0.112974	1	0.155239	12.8834	3.40684	0.00301533	19.8285	0.300932	5407	99	650	-48058.4	37.6828f	38.0538	4	1	1	0.039604	0.0594059	0.019802	9.90099e-09	0	0	0	0	0.845455	0.95572	0.277778	0.571429	0.849442	9.90099e-09	0.148515	9.90099e-09	1	0.142066	0.152308	0.666667	0.666667	1.5	1	1	56815.1	1e+20	3.13351e+15	81.5715	13.0025	60.4366	53.3355	37.6828	38.0538	
 87000	-123279	-1209.44	-76529.9	-17459.2	0.113845	1	0.14997	13.336	3.31659	0.00230034	19.8285	0.31998	5517	99	654	-48058.4	57.2753f	37.3781	4	1	1	0.039604	0.0594059	0.019802	9.90099e-09	0	0	0	0	0.918182	0.952641	0.283122	0.530769	0.889493	9.90099e-09	0.148515	9.90099e-09	1	0.148551	0.19419	0.666667	0.666667	1.5	1	1	56815.1	1e+20	3.13351e+15	81.5715	13.0025	60.4366	53.3355	57.2753	37.3781	
 88000	-124804	-1209.44	-78054.5	-17767.7	0.119967	1	0.147834	13.5287	3.44513	0.000378569	19.8285	0.312493	5660	99	643	-48058.4	54.1171f	48.8531	4	1	1	0.039604	0.0594059	0.019802	9.90099e-09	0	0	0	0	0.845455	0.957597	0.268551	0.469231	0.886926	9.90099e-09	0.148515	9.90099e-09	1	0.139576	0.166407	0.666667	0.666667	1.5	1	1	56815.1	1e+20	3.13351e+15	81.5715	13.0025	50.7367	68.6948	54.1171	48.8531	
 89000	-125485	-1209.44	-78736	-17921.3	0.121516	1	0.147834	13.5287	3.50559	0.00291661	19.8512	0.307104	5732	99	632	-48058.4	33.4653f	51.1763	4	1	1	0.039604	0.0594059	0.019802	9.90099e-09	0	0	0	0	0.854545	0.956294	0.270506	0.553846	0.883275	9.90099e-09	0.148515	9.90099e-09	1	0.149826	0.173016	0.666667	0.666667	1.5	1	1	56815.1	1e+20	3.13351e+15	36.5989	14.1163	50.7367	68.6948	33.4653	51.1763	
 90000	-127352	-1209.44	-80602.7	-18207.9	0.121516	1	0.147834	13.5287	3.50559	0.0406373	19.8512	0.307104	5868	99	658	-48058.4	96.5076f	90.6475	4	1	1	0.039604	0.0594059	0.039604	9.90099e-09	0	0	0	0	0.8	0.962585	0.250426	0.627737	0.889078	9.90099e-09	0.148515	9.90099e-09	1	0.158433	0.160606	0.666667	0.666667	1.5	1	1	56815.1	1e+20	3.13351e+15	36.5989	14.1163	82.4792	64.3602	96.5076	90.6475	
 91000	-125241	-1209.44	-78491.4	-17884.5	0.120419	1	0.150578	13.2821	3.2388	0.028746	19.4169	0.326343	5715	99	626	-48058.4	75.8427f	94.889	4	1	1	0.039604	0.0693069	0.039604	9.90099e-09	0	0	0	0	0.890909	0.948007	0.247819	0.480315	0.870855	9.90099e-09	0.148515	9.90099e-09	1	0.142114	0.146965	0.666667	0.666667	1.5	1	1	56815.1	1e+20	3.13351e+15	36.5989	14.1163	82.4792	64.3602	75.8427	94.889	
 92000	-127886	-1209.44	-81136.9	-18266.7	0.123017	1	0.150578	13.2821	3.36804	0.0223952	19.5034	0.31382	5896	99	680	-48058.4	95.8545f	48.6175	4	1	1	0.0990099	0.0693069	0.039604	9.90099e-09	0	0	0	0	0.954545	0.954315	0.267797	0.489051	0.872232	0.009901	0.108911	9.90099e-09	1	0.138983	0.148094	0.666667	0.666667	1.5	1	1	56815.1	1e+20	3.13351e+15	14.1272	35.7168	39.6305	34.8321	95.8545	48.6175	
 93000	-129598	-1209.44	-82848.5	-18661	0.124525	1	0.137721	14.5221	3.13024	0.0163692	19.5222	0.369182	6085	99	635	-48058.4	64.8463f	13.0804	4	1	1	0.0990099	0.0693069	0.039604	9.90099e-09	0	0	0	0	0.927273	0.955882	0.24792	0.484375	0.893791	0.009901	0.108911	9.90099e-09	1	0.104651	0.123053	0.666667	0.666667	1.5	1	1	56815.1	1e+20	3.13351e+15	14.1272	35.7168	55.1931	32.644	64.8463	13.0804	
 94000	-129424	-1209.44	-82674.6	-18661	0.124525	1	0.137721	14.5221	3.02113	0.00631939	19.3498	0.382516	6085	99	621	-48058.4	58.5855f	72.1122	4	1	1	0.0990099	0.0693069	0.039604	9.90099e-09	0	0	0	0	0.845455	0.9509	0.247947	0.56	0.901639	0.009901	0.108911	9.90099e-09	1	0.131148	0.184168	0.666667	0.666667	1.5	1	1	56815.1	1e+20	3.13351e+15	14.1272	35.7168	55.1931	32.644	58.5855	72.1122	
 95000	-130445	-1209.44	-83696	-18719.4	0.124525	1	0.148248	13.4909	3.21525	0.00520238	19.2948	0.3339	6113	99	686	-48058.4	28.0586f	53.7861	4	1	1	0.0990099	0.0693069	0.039604	9.90099e-09	0	0	0	0	0.872727	0.961983	0.280265	0.508197	0.867769	0.009901	0.108911	9.90099e-09	1	0.127273	0.155096	0.666667	0.666667	1.5	1	1	56815.1	1e+20	3.13351e+15	14.1272	35.7168	55.1931	32.644	28.0586	53.7861	
 96000	-130471	-1209.44	-83721.3	-18776.9	0.125274	1	0.148248	13.4909	3.26662	0.0013302	19.3424	0.328649	6141	99	664	-48058.4	53.2504f	39.5526	4	1	1	0.0990099	0.0693069	0.039604	9.90099e-09	0	0	0	0	0.8	0.962541	0.234528	0.584615	0.868078	0.009901	0.108911	9.90099e-09	1	0.138211	0.161859	0.666667	0.666667	1.5	1	1	56815.1	1e+20	3.13351e+15	85.6335	64.9208	55.1931	32.644	53.2504	39.5526	
 97000	-130501	-1209.44	-83751.5	-18803.1	0.129996	1	0.148248	13.4909	3.43428	0.00502813	19.4056	0.312605	6154	99	650	-48058.4	59.2668f	30.1405	4	1	1	0.0990099	0.0693069	0.0891089	9.90099e-09	0	0	0	0	0.836364	0.957929	0.242326	0.435115	0.883117	0.009901	0.108911	9.90099e-09	1	0.12987	0.190962	0.666667	0.666667	1.5	1	1	56815.1	1e+20	3.13351e+15	85.6335	64.9208	55.1931	32.644	59.2668	30.1405	
 98000	-131567	-1209.44	-84817.1	-19001.2	0.129051	1	0.137993	14.4935	3.17347	0.00701244	19.4056	0.363437	6251	99	649	-48058.4	64.8773f	28.86	4	1	1	0.0594059	0.0693069	0.0891089	0.009901	0	0	0	0	0.854545	0.961477	0.24077	0.432	0.869984	0.009901	0.108911	9.90099e-09	1	0.118211	0.179572	0.666667	0.666667	1.5	1	1	56815.1	1e+20	3.13351e+15	85.6335	64.9208	55.1931	32.644	64.8773	28.86	
 99000	-133297	-1209.44	-86547.7	-19282	0.130577	1	0.137993	14.4935	3.15061	0.019028	19.3137	0.366075	6389	99	656	-48058.4	70.2362f	12.2311	4	1	1	0.0594059	0.0693069	0.0891089	0.009901	0	0	0	0	0.890909	0.965409	0.228482	0.545455	0.882629	0.009901	0.0990099	9.90099e-09	1	0.14867	0.180556	0.666667	0.666667	1.5	1	1	56815.1	1e+20	3.13351e+15	85.6335	64.9208	68.2982	11.198	70.2362	12.2311	
100000	-132704	-1209.44	-85954.7	-19243.5	0.134839	1	0.134834	14.8331	3.57748	0.00469396	19.8925	0.329947	6370	99	624	-48058.4	69.0063f	41.7406	4	1	1	0.0594059	0.0693069	0.0891089	0.009901	0	0	0	0	0.845455	0.962559	0.23053	0.525926	0.876755	0.009901	0.0990099	9.90099e-09	1	0.11442	0.161876	0.666667	0.666667	1.5	1	1	56815.1	1e+20	3.13351e+15	85.6335	64.9208	68.2982	11.198	69.0063	41.7406	
101000	-135132	-1209.44	-88382.8	-19518.4	0.133949	1	0.135375	14.7738	3.56815	0.0241914	19.8925	0.329487	6507	99	699	-48058.4	89.8365f	23.1636	4	1	1	0.0594059	0.0693069	0.0891089	0.009901	0	0	0	0	0.854545	0.969419	0.264526	0.585185	0.891437	0.009901	0.0990099	9.90099e-09	1	0.102919	0.15616	0.666667	0.666667	1.5	1	1	56815.1	1e+20	3.13351e+15	85.6335	64.9208	68.2982	11.198	89.8365	23.1636	
102000	-134648	-1209.44	-87898.6	-19490.2	0.133949	1	0.135375	14.7738	3.56815	0.0180684	19.8925	0.329487	6493	99	671	-48058.4	24.3819f	16.5908	4	1	1	0.0594059	0.0693069	0.0891089	0.009901	0	0	0	0	0.845455	0.953917	0.26087	0.496403	0.872308	0.009901	0.0990099	9.90099e-09	1	0.136923	0.188427	0.666667	0.666667	1.5	1	1	56815.1	1e+20	3.13351e+15	80.64	31.8908	68.2982	11.198	24.3819	16.5908	
103000	-133394	-1209.44	-86644.2	-19323.4	0.133949	1	0.128161	15.6054	3.378	0.0352769	19.8925	0.367625	6410	99	644	-48058.4	85.7317f	3.97659	4	1	1	0.0594059	0.0693069	0.0891089	0.009901	0	0	0	0	0.854545	0.976852	0.241058	0.522727	0.869362	0.009901	0.0990099	9.90099e-09	1	0.109034	0.150307	0.666667	0.666667	1.5	1	1	56815.1	1e+20	3.13351e+15	80.64	31.8908	75.4153	16.474	85.7317	3.97659	
104000	-133026	-1209.44	-86276.6	-19157.8	0.132835	1	0.130773	15.2937	3.41817	0.0385989	19.8925	0.356048	6328	99	692	-48058.4	98.3165f	13.1021	4	1	1	0.039604	0.0891089	0.039604	0.009901	0	0	0	0	0.918182	0.955975	0.291798	0.510638	0.886435	9.90099e-09	0.0990099	9.90099e-09	1	0.139021	0.166185	0.666667	0.666667	1.5	1	1	56815.1	1e+20	3.13351e+15	80.64	31.8908	86.7701	40.3481	98.3165	13.1021	
105000	-134379	-1209.44	-87629.2	-19353.8	0.132504	1	0.134756	14.8417	3.5135	0.0060336	19.8925	0.336149	6425	99	711	-48058.4	67.4089f	33.7413	4	1	1	0.039604	0.0891089	0.039604	0.009901	0	0	0	0	0.818182	0.953271	0.271875	0.51773	0.898911	9.90099e-09	0.0990099	9.90099e-09	1	0.145313	0.164557	0.666667	0.666667	1.5	1	1	56815.1	1e+20	3.13351e+15	64.3005	21.2311	86.7701	40.3481	67.4089	33.7413	
106000	-135712	-1209.44	-88962.7	-19651.7	0.13623	1	0.123386	16.2093	3.30752	0.0061891	19.8925	0.389988	6574	99	680	-48058.4	43.7513f	26.1671	4	1	1	0.039604	0.0891089	0.039604	0.009901	0	0	0	0	0.872727	0.945038	0.241641	0.5	0.903817	9.90099e-09	0.188119	9.90099e-09	1	0.141337	0.174165	0.666667	0.666667	1.5	1	1	56815.1	1e+20	3.13351e+15	64.3005	21.2311	86.7701	40.3481	43.7513	26.1671	
107000	-136455	-1209.44	-89705.3	-19841	0.13623	1	0.123386	16.2093	3.30752	0.00327226	19.8925	0.389988	6669	99	656	-48058.4	58.162f	64.529	4	1	1	0.039604	0.0891089	0.039604	0.009901	0	0	0	0	0.818182	0.96997	0.271364	0.491935	0.887556	9.90099e-09	0.188119	9.90099e-09	1	0.0989505	0.142857	0.666667	0.666667	1.5	1	1	56815.1	1e+20	3.13351e+15	64.3005	21.2311	86.7701	40.3481	58.162	64.529	
108000	-136731	-1209.44	-89981.7	-19867.9	0.137752	1	0.123386	16.2093	3.34447	0.0223975	19.8925	0.385679	6683	99	657	-48058.4	69.8869f	7.94132	4	1	1	0.039604	0.0891089	0.039604	0.009901	0	0	0	0	0.872727	0.966967	0.281016	0.568182	0.899851	9.90099e-09	0.188119	9.90099e-09	1	0.113602	0.141553	0.666667	0.666667	1.5	1	1	56815.1	1e+20	3.13351e+15	64.3005	21.2311	86.7701	40.3481	69.8869	7.94132	
109000	-133878	-1209.44	-87129	-19511	0.137752	1	0.123386	16.2093	3.34447	0.0188024	19.8925	0.385679	6503	99	599	-48058.4	89.023f	64.9961	4	1	1	0.039604	0.0891089	0.039604	0.009901	0	0	0	0	0.890909	0.972393	0.254992	0.511811	0.90169	9.90099e-09	0.188119	9.90099e-09	1	0.119816	0.139767	0.666667	0.666667	1.5	1	1	56815.1	1e+20	3.13351e+15	81.438	43.649	86.7701	40.3481	89.023	64.9961	
110000	-137605	-1209.44	-90855.8	-19922.8	0.138952	1	0.137622	14.5325	3.72307	0.00797012	19.8397	0.310621	6711	99	711	-48058.4	52.7867f	76.7043	4	1	1	0.039604	0.049505	9.90099e-09	9.90099e-09	0	0	0	0	0.872727	0.973054	0.251863	0.445946	0.894188	9.90099e-09	0.188119	9.90099e-09	1	0.154762	0.164029	0.666667	0.666667	1.5	1	1	56815.1	1e+20	3.13351e+15	56.1765	10.4283	89.2771	72.0817	52.7867	76.7043	
111000	-138068	-1209.44	-91318.9	-19966.6	0.141895	1	0.138556	14.4346	3.8277	0.013775	19.8397	0.300095	6733	99	738	-48058.4	82.8539f	63.8104	4	1	1	0.049505	0.049505	9.90099e-09	9.90099e-09	0	0	0	0	0.854545	0.948301	0.248889	0.528986	0.892537	9.90099e-09	0.188119	9.90099e-09	1	0.138848	0.165945	0.666667	0.666667	1.5	1	1	56815.1	1e+20	3.13351e+15	56.1765	10.4283	89.2771	72.0817	82.8539	63.8104	
112000	-138557	-1209.44	-91807.1	-20056.3	0.140907	1	0.137555	14.5396	3.77361	0.0119169	19.8397	0.30661	6779	99	736	-48058.4	71.4785f	75.0419	4	1	1	0.049505	0.049505	9.90099e-09	9.90099e-09	0	0	0	0	0.872727	0.951327	0.265487	0.534247	0.875	9.90099e-09	0.138614	9.90099e-09	1	0.120588	0.150273	0.666667	0.666667	1.5	1	1	56815.1	1e+20	3.13351e+15	56.1765	10.4283	89.2771	72.0817	71.4785	75.0419	
113000	-137870	-1209.44	-91120.3	-19903.4	0.140907	1	0.137555	14.5396	3.8748	0.0146788	19.9714	0.298602	6701	99	742	-48058.4	78.2201f	25.4535	4	1	1	0.049505	0.049505	9.90099e-09	9.90099e-09	0	0	0	0	0.881818	0.970149	0.289552	0.520548	0.888227	9.90099e-09	0.138614	9.90099e-09	1	0.141791	0.141689	0.666667	0.666667	1.5	1	1	56815.1	1e+20	3.13351e+15	5.24521	42.8697	89.2771	72.0817	78.2201	25.4535	
114000	-137289	-1209.44	-90539.7	-19909.1	0.138613	1	0.128169	15.6044	3.55163	0.00740724	19.9714	0.34963	6704	99	695	-48058.4	76.0012f	48.4567	4	1	1	0.049505	0.049505	9.90099e-09	9.90099e-09	0	0	0	0	0.827273	0.977712	0.259259	0.550725	0.876304	9.90099e-09	0.138614	9.90099e-09	1	0.128167	0.150365	0.666667	0.666667	1.5	1	1	56815.1	1e+20	3.13351e+15	5.24521	42.8697	69.0796	42.9551	76.0012	48.4567	
115000	-136877	-1209.44	-90127.6	-19948	0.143045	1	0.114778	17.4249	3.28226	0.00395089	19.9714	0.422462	6723	99	641	-48058.4	38.0041f	34.3824	4	1	1	0.049505	0.049505	9.90099e-09	9.90099e-09	0	0	0	0	0.890909	0.973214	0.276786	0.555556	0.903418	9.90099e-09	0.138614	9.90099e-09	1	0.10104	0.143072	0.666667	0.666667	1.5	1	1	56815.1	1e+20	3.13351e+15	5.24521	42.8697	18.7594	34.5248	38.0041	34.3824	
116000	-141114	-1209.44	-94364.9	-20621.6	0.142544	1	0.109783	18.2178	3.12841	0.0215596	19.9714	0.463406	7069	99	666	-48058.4	17.2604f	17.7491	4	1	1	0.049505	0.0891089	0.019802	9.90099e-09	0	0	0	0	0.836364	0.977369	0.27983	0.496183	0.895332	9.90099e-09	0.138614	9.90099e-09	1	0.127298	0.147567	0.666667	0.666667	1.5	1	1	56815.1	1e+20	3.13351e+15	5.24521	42.8697	18.7594	34.5248	17.2604	17.7491	
117000	-138191	-1209.44	-91441.5	-20132.6	0.142544	1	0.112167	17.8305	3.19636	0.0246946	19.9714	0.443913	6818	99	659	-48058.4	17.5138f	13.0882	4	1	1	0.0891089	0.0891089	0.019802	9.90099e-09	0	0	0	0	0.909091	0.976471	0.237463	0.55	0.89911	9.90099e-09	0.138614	9.90099e-09	1	0.110619	0.155416	0.666667	0.666667	1.5	1	1	56815.1	1e+20	3.13351e+15	18.5771	47.0242	18.7594	34.5248	17.5138	13.0882	
118000	-138566	-1209.44	-91816.1	-20142.4	0.142544	1	0.129203	15.4795	3.68181	0.00608301	19.9714	0.33457	6823	99	693	-48058.4	25.7933f	49.1293	4	1	1	0.0891089	0.0891089	0.019802	9.90099e-09	0	0	0	0	0.909091	0.964912	0.243402	0.514493	0.879941	9.90099e-09	0.0594059	9.90099e-09	1	0.121701	0.135618	0.666667	0.666667	1.5	1	1	56815.1	1e+20	3.13351e+15	18.5771	47.0242	18.7594	34.5248	25.7933	49.1293	
119000	-138783	-1209.44	-92033.1	-20185.2	0.142585	1	0.120648	16.5771	3.43903	0.0276121	19.9714	0.383586	6845	99	686	-48058.4	12.1155f	14.4251	4	1	1	0.0891089	0.0891089	0.019802	9.90099e-09	0	0	0	0	0.854545	0.966423	0.260615	0.5	0.858394	9.90099e-09	0.0594059	9.90099e-09	1	0.137226	0.146084	0.666667	0.666667	1.5	1	1	56815.1	1e+20	3.13351e+15	18.5771	47.0242	18.7594	34.5248	12.1155	14.4251	
120000	-138472	-1209.44	-91723	-20241.7	0.142585	1	0.130306	15.3485	3.33057	0.00964466	19.4342	0.366721	6874	99	635	-48058.4	21.3566f	38.9523	4	1	1	0.0891089	0.0891089	0.019802	9.90099e-09	0	0	0	0	0.909091	0.967977	0.252907	0.656	0.901163	9.90099e-09	0.0594059	9.90099e-09	1	0.107558	0.164763	0.666667	0.666667	1.5	1	1	56815.1	1e+20	3.13351e+15	18.5771	47.0242	18.7594	34.5248	21.3566	38.9523	
121000	-140096	-1209.44	-93346.8	-20530.9	0.143641	1	0.119805	16.6939	3.37471	0.00407307	19.8755	0.393649	7023	99	626	-48058.4	33.0091f	39.5466	4	1	1	0.0891089	0.0891089	0.019802	9.90099e-09	0	0	0	0	0.845455	0.97568	0.258297	0.504065	0.894813	9.90099e-09	0.0594059	9.90099e-09	1	0.113997	0.162939	0.666667	0.666667	1.5	1	1	56815.1	1e+20	3.13351e+15	18.0656	73.9673	18.7594	34.5248	33.0091	39.5466	
122000	-143288	-1209.44	-96538.3	-20938.2	0.149941	1	0.119805	16.6939	3.59562	0.0153438	19.9776	0.369465	7237	99	693	-48058.4	19.8216f	25.6267	4	1	1	0.0891089	0.0891089	0.049505	9.90099e-09	0	0	0	0	0.863636	0.971154	0.266118	0.479167	0.89271	9.90099e-09	0.0594059	9.90099e-09	1	0.139503	0.157303	0.666667	0.666667	1.5	1	1	56815.1	1e+20	3.13351e+15	16.8545	86.2565	18.7594	34.5248	19.8216	25.6267	
123000	-141824	-1209.44	-95074.7	-20786.3	0.149128	1	0.114123	17.525	3.30335	0.0235619	19.8245	0.422175	7157	99	647	-48058.4	13.3792f	18.9359	4	1	1	0.0891089	0.0891089	0.049505	0.009901	0	0	0	0	0.9	0.969359	0.223611	0.560284	0.913408	9.90099e-09	0.0594059	9.90099e-09	1	0.0933148	0.163833	0.666667	0.666667	1.5	1	1	56815.1	1e+20	3.13351e+15	16.8545	86.2565	18.7594	34.5248	13.3792	18.9359	
124000	-140511	-1209.44	-93761.1	-20696.8	0.146959	1	0.108773	18.3869	3.10271	0.003136	19.8245	0.471582	7110	99	577	-48058.4	36.0867f	59.5883	4	1	1	0.0891089	0.0891089	0.049505	0.009901	0	0	0	0	0.909091	0.964937	0.223464	0.465517	0.905028	9.90099e-09	0.118812	9.90099e-09	1	0.101124	0.142114	0.666667	0.666667	1.5	1	1	56815.1	1e+20	3.13351e+15	23.0654	79.0638	18.7594	34.5248	36.0867	59.5883	
125000	-142081	-1209.44	-95331.9	-20794.3	0.147408	1	0.108101	18.5011	3.15373	0.0234071	19.9212	0.466836	7161	99	667	-48058.4	12.3963f	20.3961	4	1	1	0.0594059	0.0891089	0.049505	0.009901	0	0	0	0	0.854545	0.976124	0.248951	0.531746	0.90795	9.90099e-09	0.118812	9.90099e-09	1	0.113287	0.183386	0.666667	0.666667	1.5	1	1	56815.1	1e+20	3.13351e+15	23.0654	79.0638	18.7594	34.5248	12.3963	20.3961	
126000	-140639	-1209.44	-93890	-20648.8	0.147408	1	0.108101	18.5011	3.15373	0.00520902	19.9212	0.466836	7085	99	616	-48058.4	32.3632f	63.146	4	1	1	0.0594059	0.0891089	0.049505	0.009901	0	0	0	0	0.827273	0.973164	0.243662	0.524194	0.909732	9.90099e-09	0.118812	9.90099e-09	1	0.108604	0.162252	0.666667	0.666667	1.5	1	1	56815.1	1e+20	3.13351e+15	23.0654	79.0638	18.7594	34.5248	32.3632	63.146	
127000	-144292	-1209.44	-97542.7	-21142.3	0.156746	1	0.115368	17.3358	3.57893	0.00179047	19.9212	0.385462	7344	99	677	-48058.4	38.8974f	43.1104	4	1	1	0.0594059	0.0891089	0.049505	0.009901	0	0	0	0	0.881818	0.961801	0.237057	0.5625	0.893733	9.90099e-09	0.118812	9.90099e-09	1	0.137602	0.1571	0.666667	0.666667	1.5	1	1	56815.1	1e+20	3.13351e+15	23.0654	79.0638	18.7594	34.5248	38.8974	43.1104	
128000	-146732	-1209.44	-99982.7	-21518.7	0.158076	1	0.117396	17.0364	3.52827	0.00247753	19.7224	0.384243	7547	99	694	-48058.4	41.1437f	37.248	4	1	1	0.0594059	0.0792079	0.029703	0.009901	0	0	0	0	0.818182	0.964238	0.26755	0.489209	0.911258	9.90099e-09	0.118812	9.90099e-09	1	0.117881	0.169415	0.666667	0.666667	1.5	1	1	56815.1	1e+20	3.13351e+15	23.0654	79.0638	18.7594	34.5248	41.1437	37.248	
129000	-148780	-1209.44	-102031	-21823	0.158076	1	0.120231	16.6347	3.61348	0.0133331	19.7224	0.366336	7712	99	715	-48058.4	41.8519f	14.7844	4	1	1	0.0594059	0.0792079	0.029703	0.009901	0	0	0	0	0.872727	0.962581	0.228682	0.560284	0.871762	9.90099e-09	0.118812	9.90099e-09	1	0.130829	0.187755	0.666667	0.666667	1.5	1	1	56815.1	1e+20	3.13351e+15	23.0654	79.0638	18.7594	34.5248	41.8519	14.7844	
130000	-148510	-1209.44	-101761	-21747.1	0.159094	1	0.115469	17.3207	3.49272	0.0158729	19.7224	0.394631	7671	99	731	-48058.4	17.5953f	27.5215	4	1	1	0.0594059	0.0792079	0.029703	0.009901	0	0	0	0	0.845455	0.972441	0.277344	0.514493	0.900654	9.90099e-09	0.118812	9.90099e-09	1	0.134115	0.151685	0.666667	0.666667	1.5	1	1	56815.1	1e+20	3.13351e+15	23.0654	79.0638	18.7594	34.5248	17.5953	27.5215	
131000	-149046	-1209.44	-102296	-21816.9	0.159094	1	0.121452	16.4674	3.73438	0.0153212	19.8033	0.350911	7709	99	741	-48058.4	16.8982f	29.8823	4	1	1	0.0594059	0.0792079	0.029703	0.009901	0	0	0	0	0.872727	0.962289	0.271429	0.496599	0.892487	9.90099e-09	0.168317	9.90099e-09	1	0.124837	0.136302	0.666667	0.666667	1.5	1	1	56815.1	1e+20	3.13351e+15	23.0654	79.0638	18.7594	34.5248	16.8982	29.8823	
132000	-147841	-1209.44	-101091	-21622.1	0.159094	1	0.121439	16.4692	3.73399	0.0242	19.8033	0.350985	7603	99	732	-48058.4	9.77684f	22.6438	4	1	1	0.0594059	0.0792079	0.029703	0.009901	0	0	0	0	0.927273	0.959049	0.263926	0.503401	0.887715	9.90099e-09	0.168317	9.90099e-09	1	0.122208	0.170765	0.666667	0.666667	1.5	1	1	56815.1	1e+20	3.13351e+15	23.0654	79.0638	18.7594	34.5248	9.77684	22.6438	
133000	-148452	-1209.44	-101702	-21688.3	0.159094	1	0.121439	16.4692	3.73399	0.0165237	19.8033	0.350985	7639	99	762	-48058.4	34.0999f	13.0167	4	1	1	0.0594059	0.0792079	0.029703	0.009901	0	0	0	0	0.872727	0.971166	0.235602	0.47973	0.895288	9.90099e-09	0.168317	9.90099e-09	1	0.13089	0.163514	0.666667	0.666667	1.5	1	1	56815.1	1e+20	3.13351e+15	23.0654	79.0638	18.7594	34.5248	34.0999	13.0167	
134000	-149781	-1209.44	-103031	-21869.7	0.161548	1	0.131547	15.2037	4.1072	0.0092426	19.8033	0.294573	7738	99	779	-48058.4	25.8995f	31.9221	4	1	1	0.0594059	0.0792079	0.029703	0.009901	0	0	0	0	0.881818	0.970246	0.258732	0.559748	0.864166	9.90099e-09	0.168317	9.90099e-09	1	0.143596	0.168164	0.666667	0.666667	1.5	1	1	56815.1	1e+20	3.13351e+15	37.0427	6.96408	18.7594	34.5248	25.8995	31.9221	
135000	-150039	-1209.44	-103290	-22002.7	0.159012	1	0.131547	15.2037	4.04271	0.0252153	19.8033	0.299272	7810	99	738	-48058.4	0.588132f	50.7968	4	1	1	0.0594059	0.0891089	0.029703	0.009901	0	0	0	0	0.854545	0.969309	0.235897	0.553333	0.897436	9.90099e-09	0.168317	9.90099e-09	1	0.138107	0.171916	0.666667	0.666667	1.5	1	1	56815.1	1e+20	3.13351e+15	55.6019	8.85101	18.7594	34.5248	0.588132	50.7968	
136000	-147177	-1209.44	-100427	-21566.9	0.159012	1	0.127188	15.7247	3.90875	0.0102978	19.8033	0.320136	7573	99	715	-48058.4	24.82f	68.4149	4	1	1	0.0594059	0.0891089	0.029703	0.009901	0	0	0	0	0.854545	0.948752	0.241107	0.591837	0.915679	9.90099e-09	0.168317	9.90099e-09	1	0.10686	0.149171	0.666667	0.666667	1.5	1	1	56815.1	1e+20	3.13351e+15	75.5542	67.5455	18.7594	34.5248	24.82	68.4149	
137000	-146372	-1209.44	-99623	-21473.1	0.159012	1	0.127188	15.7247	3.90875	0.0117343	19.8033	0.320136	7522	99	686	-48058.4	23.762f	28.4656	4	1	1	0.0594059	0.0891089	0.029703	0.009901	0	0	0	0	0.845455	0.960106	0.218543	0.453947	0.900662	9.90099e-09	0.168317	9.90099e-09	1	0.129801	0.145455	0.666667	0.666667	1.5	1	1	56815.1	1e+20	3.13351e+15	75.5542	67.5455	18.7594	34.5248	23.762	28.4656	
138000	-148305	-1209.44	-101555	-21769.2	0.159012	1	0.115105	17.3755	3.55173	0.018647	19.8234	0.389303	7683	99	697	-48058.4	8.03696f	42.7424	4	1	1	0.039604	0.0891089	0.029703	9.90099e-09	0	0	0	0	0.881818	0.969816	0.28961	0.520833	0.89987	9.90099e-09	0.158416	9.90099e-09	1	0.105332	0.16129	0.666667	0.666667	1.5	1	1	56815.1	1e+20	3.13351e+15	75.5542	67.5455	18.7594	34.5248	8.03696	42.7424	
139000	-147286	-1209.44	-100537	-21491.5	0.158987	1	0.122851	16.2799	3.79016	0.00565079	19.8234	0.34181	7532	99	755	-48058.4	46.212f	72.201	4	1	1	0.039604	0.0891089	0.009901	9.90099e-09	0	0	0	0	0.818182	0.964333	0.245358	0.529801	0.865789	9.90099e-09	0.158416	9.90099e-09	1	0.14191	0.158455	0.666667	0.666667	1.5	1	1	56815.1	1e+20	3.13351e+15	33.246	87.4643	34.3038	43.1356	46.212	72.201	
140000	-147623	-1209.44	-100873	-21561.1	0.157559	1	0.122803	16.2862	3.75467	0.0143915	19.8234	0.345175	7570	99	756	-48058.4	12.9174f	45.1551	4	1	1	0.039604	0.049505	0.009901	9.90099e-09	0	0	0	0	0.827273	0.957333	0.268164	0.493056	0.907039	0.009901	0.158416	9.90099e-09	1	0.133421	0.151226	0.666667	0.666667	1.5	1	1	56815.1	1e+20	3.13351e+15	61.8992	13.5552	34.3038	43.1356	12.9174	45.1551	
141000	-148293	-1209.44	-101543	-21704.8	0.15873	1	0.120729	16.566	3.71868	0.0229454	19.8234	0.354503	7648	99	732	-48058.4	47.6256f	2.74817	4	1	1	0.039604	0.049505	0.009901	9.90099e-09	0	0	0	0	0.872727	0.971166	0.291885	0.467105	0.900131	0.009901	0.158416	9.90099e-09	1	0.11911	0.151762	0.666667	0.666667	1.5	1	1	56815.1	1e+20	3.13351e+15	61.8992	13.5552	40.1776	25.026	47.6256	2.74817	
142000	-144607	-1209.44	-97857.4	-21143.8	0.153672	1	0.121815	16.4184	3.63257	0.0188984	19.8234	0.359672	7346	99	704	-48058.4	17.9567f	21.2702	4	1	1	0.039604	0.049505	0.009901	9.90099e-09	0	0	0	0	0.854545	0.959459	0.260459	0.553191	0.900531	0.009901	0.158416	9.90099e-09	1	0.114555	0.169757	0.666667	0.666667	1.5	1	1	56815.1	1e+20	3.13351e+15	13.3141	38.9153	40.1776	25.026	17.9567	21.2702	
143000	-147485	-1209.44	-100735	-21513.5	0.155177	1	0.125275	15.9648	3.77235	0.00289183	19.8234	0.336777	7544	99	766	-48058.4	36.0162f	40.7536	4	1	1	0.039604	0.049505	0.009901	9.90099e-09	0	0	0	0	0.890909	0.95756	0.264628	0.578231	0.891275	0.009901	0.158416	9.90099e-09	1	0.117021	0.138814	0.666667	0.666667	1.5	1	1	56815.1	1e+20	3.13351e+15	13.3141	38.9153	40.1776	25.026	36.0162	40.7536	
144000	-147361	-1209.44	-100611	-21599.9	0.15712	1	0.125275	15.9648	3.77159	0.0210703	19.7608	0.336845	7591	99	706	-48058.4	38.8035f	6.00131	4	1	1	0.0693069	0.049505	0.009901	9.90099e-09	0	0	0	0	0.836364	0.96452	0.259843	0.542254	0.877309	0.009901	0.158416	9.90099e-09	1	0.110236	0.155492	0.666667	0.666667	1.5	1	1	56815.1	1e+20	3.13351e+15	15.8354	41.5857	40.1776	25.026	38.8035	6.00131	
145000	-147452	-1209.44	-100702	-21389	0.15712	1	0.134897	14.8261	4.04	0.0237612	19.7349	0.292036	7477	99	828	-48058.4	12.9553f	19.1289	4	1	1	0.0693069	0.049505	0.019802	9.90099e-09	0	0	0	0	0.872727	0.945187	0.256376	0.50625	0.877333	0.009901	0.108911	9.90099e-09	1	0.128342	0.168342	0.666667	0.666667	1.5	1	1	56815.1	1e+20	3.13351e+15	15.8354	41.5857	34.5269	22.8189	12.9553	19.1289	
146000	-147379	-1209.44	-100630	-21562.4	0.154509	1	0.134897	14.8261	3.93811	0.0228348	19.6916	0.299592	7570	99	732	-48058.4	70.1502f	7.56639	4	1	1	0.0693069	0.049505	0.019802	9.90099e-09	0	0	0	0	0.863636	0.968127	0.277188	0.532895	0.862069	0.009901	0.108911	9.90099e-09	1	0.116711	0.162125	0.666667	0.666667	1.5	1	1	56815.1	1e+20	3.13351e+15	15.8354	41.5857	34.5269	22.8189	70.1502	7.56639	
147000	-148068	-1209.44	-101318	-21563.1	0.153918	1	0.134897	14.8261	3.92305	0.0130935	19.6916	0.300742	7570	99	794	-48058.4	26.7585f	22.6818	4	1	1	0.0693069	0.0693069	0.019802	9.90099e-09	0	0	0	0	0.9	0.966799	0.266932	0.509677	0.892573	0.009901	0.108911	9.90099e-09	1	0.129288	0.153944	0.666667	0.666667	1.5	1	1	56815.1	1e+20	3.13351e+15	15.8354	41.5857	34.5269	22.8189	26.7585	22.6818	
148000	-149224	-1209.44	-102474	-21699.5	0.158051	1	0.154047	12.9831	4.60027	0.00720431	19.6916	0.224587	7645	99	826	-48058.4	72.0896f	36.3627	4	1	1	0.0693069	0.0693069	0.019802	9.90099e-09	0	0	0	0	0.763636	0.95806	0.23057	0.464286	0.870249	0.009901	0.108911	9.90099e-09	1	0.156863	0.154964	0.666667	0.666667	1.5	1	1	56815.1	1e+20	3.13351e+15	15.8354	41.5857	34.5269	22.8189	72.0896	36.3627	
149000	-147661	-1209.44	-100911	-21444.6	0.159905	1	0.153731	13.0097	4.64467	0.00982668	19.6916	0.222897	7506	99	828	-48058.4	35.2955f	22.6113	4	1	1	0.0693069	0.0693069	0.019802	9.90099e-09	0	0	0	0	0.818182	0.960159	0.24767	0.511628	0.865513	0.009901	0.108911	9.90099e-09	1	0.138114	0.18599	0.666667	0.666667	1.5	1	1	56815.1	1e+20	3.13351e+15	15.8354	41.5857	34.5269	22.8189	35.2955	22.6113	
150000	-151890	-1209.44	-105141	-21970.7	0.159905	1	0.153731	13.0097	4.91713	0.00727928	19.9742	0.210546	7793	99	921	-48058.4	45.1283f	23.7406	4	1	1	0.0594059	0.0693069	0.019802	9.90099e-09	0	0	0	0	0.836364	0.957419	0.250321	0.543478	0.880674	0.009901	0.108911	9.90099e-09	1	0.120513	0.149075	0.666667	0.666667	1.5	1	1	56815.1	1e+20	3.13351e+15	15.4069	30.4832	34.5269	22.8189	45.1283	23.7406	
151000	-150091	-1209.44	-103341	-21773.6	0.162317	1	0.160098	12.4923	4.95421	0.00063141	19.7358	0.200659	7685	99	863	-48058.4	52.9962f	43.7092	4	1	1	0.0594059	0.0693069	0.019802	9.90099e-09	0	0	0	0	0.827273	0.938882	0.243839	0.538462	0.849155	0.009901	0.118812	9.90099e-09	1	0.13264	0.144828	0.666667	0.666667	1.5	1	1	56815.1	1e+20	3.13351e+15	15.4069	30.4832	34.5269	22.8189	52.9962	43.7092	
152000	-147801	-1209.44	-101052	-21446.7	0.161478	1	0.150156	13.3195	4.68608	0.00266288	19.8032	0.226187	7506	99	829	-48058.4	57.1043f	35.9214	4	1	1	0.0594059	0.0693069	0.029703	9.90099e-09	0	0	0	0	0.827273	0.949602	0.240372	0.483146	0.864542	0.009901	0.118812	9.90099e-09	1	0.11984	0.161697	0.666667	0.666667	1.5	1	1	56815.1	1e+20	3.13351e+15	13.0919	28.3949	34.5269	22.8189	57.1043	35.9214	
153000	-151830	-1209.44	-105080	-22088.5	0.161478	1	0.150156	13.3195	4.38938	0.0174697	19.482	0.241476	7858	99	847	-48058.4	59.4457f	9.91119	4	1	1	0.0594059	0.049505	0.029703	9.90099e-09	0	0	0	0	0.890909	0.951592	0.238217	0.402299	0.86277	9.90099e-09	0.118812	9.90099e-09	1	0.133758	0.192963	0.666667	0.666667	1.5	1	1	56815.1	1e+20	3.13351e+15	12.2906	23.0806	34.5269	22.8189	59.4457	9.91119	
154000	-152587	-1209.44	-105837	-22086.7	0.161478	1	0.150156	13.3195	4.32882	0.0235386	19.4145	0.244854	7857	99	913	-48058.4	55.4731f	2.45988	4	1	1	0.0594059	0.049505	0.029703	9.90099e-09	0	0	0	0	0.854545	0.957962	0.28117	0.55618	0.876433	9.90099e-09	0.118812	9.90099e-09	1	0.137004	0.155767	0.666667	0.666667	1.5	1	1	56815.1	1e+20	3.13351e+15	12.2906	23.0806	34.5269	22.8189	55.4731	2.45988	
155000	-151728	-1209.44	-104978	-22000.9	0.162408	1	0.152984	13.0733	4.64688	0.0183375	19.6415	0.223879	7810	99	886	-48058.4	41.1979f	8.56585	4	1	1	0.0594059	0.049505	0.029703	0.009901	0	0	0	0	0.881818	0.963964	0.25	0.55	0.875969	9.90099e-09	0.118812	9.90099e-09	1	0.148338	0.154428	0.666667	0.666667	1.5	1	1	56815.1	1e+20	3.13351e+15	12.2906	23.0806	34.5269	22.8189	41.1979	8.56585	
156000	-150521	-1209.44	-103771	-21846.4	0.162408	1	0.15121	13.2267	4.80243	0.000901616	19.8617	0.219169	7725	99	858	-48058.4	52.0765f	57.5469	4	1	1	0.0594059	0.049505	0.029703	0.009901	0	0	0	0	0.863636	0.951094	0.276129	0.483146	0.877735	9.90099e-09	0.118812	9.90099e-09	1	0.117117	0.171038	0.666667	0.666667	1.5	1	1	56815.1	1e+20	3.13351e+15	12.2906	23.0806	34.5269	22.8189	52.0765	57.5469	
157000	-148664	-1209.44	-101914	-21605.4	0.161502	1	0.151418	13.2085	4.43381	0.0383786	19.4896	0.237064	7593	99	825	-48058.4	2.09679f	11.9121	4	1	1	0.049505	0.049505	0.029703	0.009901	0	0	0	0	0.854545	0.948886	0.247028	0.482143	0.850331	9.90099e-09	0.118812	9.90099e-09	1	0.134993	0.175092	0.666667	0.666667	1.5	1	1	56815.1	1e+20	3.13351e+15	12.2906	23.0806	34.5269	22.8189	2.09679	11.9121	
158000	-151476	-1209.44	-104726	-21964.5	0.161572	1	0.160569	12.4557	4.68419	0.0383786	19.4693	0.211604	7790	99	889	-48058.4	2.09679f	11.9121	4	1	1	0.049505	0.049505	0.0792079	0.009901	0	0	0	0	0.863636	0.957584	0.256739	0.494253	0.878205	9.90099e-09	0.118812	9.90099e-09	1	0.169666	0.175936	0.666667	0.666667	1.5	1	1	56815.1	1e+20	3.13351e+15	12.2906	23.0806	34.5269	22.8189	2.09679	11.9121	
159000	-149177	-1209.44	-102428	-21691.1	0.161572	1	0.149861	13.3457	4.62562	0.0383786	19.7459	0.229595	7640	99	824	-48058.4	2.09679f	11.9121	4	1	1	0.049505	0.049505	0.0792079	0.009901	0	0	0	0	0.827273	0.955556	0.253281	0.508876	0.886126	9.90099e-09	0.118812	9.90099e-09	1	0.114173	0.151149	0.666667	0.666667	1.5	1	1	56815.1	1e+20	3.13351e+15	12.2906	23.0806	34.5269	22.8189	2.09679	11.9121	
160000	-149510	-1209.44	-102761	-21723.2	0.159529	1	0.141317	14.1526	4.30676	0.0244816	19.7459	0.261502	7658	99	829	-48058.4	13.0558f	17.8928	4	1	1	0.049505	0.108911	0.0792079	0.009901	0	0	0	0	0.845455	0.966278	0.235065	0.511628	0.871429	9.90099e-09	0.118812	9.90099e-09	1	0.131854	0.157074	0.666667	0.666667	1.5	1	1	56815.1	1e+20	3.13351e+15	12.2906	23.0806	34.5269	22.8189	13.0558	17.8928	
161000	-148575	-1209.44	-101826	-21620.4	0.159529	1	0.141317	14.1526	4.30676	0.0257333	19.7459	0.261502	7602	99	804	-48058.4	18.8443f	10.6492	4	1	1	0.049505	0.108911	0.0792079	0.009901	0	0	0	0	0.790909	0.964889	0.257218	0.475904	0.878113	9.90099e-09	0.118812	9.90099e-09	1	0.111695	0.153754	0.666667	0.666667	1.5	1	1	56815.1	1e+20	3.13351e+15	12.2906	23.0806	43.189	7.38613	18.8443	10.6492	
162000	-151309	-1209.44	-104559	-22047.9	0.159668	1	0.14344	13.9431	3.96614	0.0142627	19.2671	0.279757	7835	99	826	-48058.4	83.9945f	62.7136	4	1	1	0.049505	0.108911	0.0792079	0.009901	0	0	0	0	0.790909	0.970812	0.260483	0.57485	0.885204	9.90099e-09	0.118812	9.90099e-09	1	0.138677	0.208385	0.666667	0.666667	1.5	1	1	56815.1	1e+20	3.13351e+15	12.2906	23.0806	54.8678	41.5882	83.9945	62.7136	
163000	-150455	-1209.44	-103705	-21957.6	0.16039	1	0.140418	14.2432	3.90011	0.0013571	19.2671	0.290618	7786	99	802	-48058.4	49.2728f	60.1922	4	1	1	0.039604	0.108911	0.0792079	0.009901	0	0	0	0	0.881818	0.962773	0.241335	0.5	0.887035	9.90099e-09	0.118812	9.90099e-09	1	0.119384	0.159601	0.666667	0.666667	1.5	1	1	56815.1	1e+20	3.13351e+15	66.6542	24.746	54.8678	41.5882	49.2728	60.1922	
164000	-150056	-1209.44	-103307	-22003	0.161028	1	0.127205	15.7227	3.54718	0.0013571	19.2671	0.352724	7811	99	736	-48058.4	49.2728f	60.1922	4	1	1	0.039604	0.108911	0.029703	0.009901	0	0	0	0	0.863636	0.973042	0.283697	0.516129	0.8819	9.90099e-09	0.128713	9.90099e-09	1	0.124519	0.164626	0.666667	0.666667	1.5	1	1	56815.1	1e+20	3.13351e+15	37.6556	18.2848	54.8678	41.5882	49.2728	60.1922	
165000	-149166	-1209.44	-102416	-21888	0.161028	1	0.127205	15.7227	3.70044	0.000538586	19.472	0.338114	7748	99	722	-48058.4	53.0337f	54.429	4	1	1	0.039604	0.108911	0.029703	0.009901	0	0	0	0	0.890909	0.960256	0.246452	0.57047	0.894872	9.90099e-09	0.128713	9.90099e-09	1	0.131613	0.171388	0.666667	0.666667	1.5	1	1	56815.1	1e+20	3.13351e+15	45.8392	4.57264	54.8678	41.5882	53.0337	54.429	
166000	-149298	-1209.44	-102548	-21988.4	0.161028	1	0.127205	15.7227	3.70044	0.00314878	19.472	0.338114	7803	99	680	-48058.4	57.0492f	64.7227	4	1	1	0.039604	0.0792079	0.029703	0.009901	0	0	0	0	0.872727	0.962773	0.235219	0.503597	0.902689	9.90099e-09	0.128713	9.90099e-09	1	0.099872	0.147059	0.666667	0.666667	1.5	1	1	56815.1	1e+20	3.13351e+15	8.0463	31.6608	54.8678	41.5882	57.0492	64.7227	
167000	-148416	-1209.44	-101667	-21747.8	0.16189	1	0.127205	15.7227	4.05815	0.0152156	19.8998	0.308311	7671	99	728	-48058.4	75.095f	77.7559	4	1	1	0.039604	0.0792079	0.029703	9.90099e-09	0	0	0	0	0.845455	0.970013	0.259452	0.533784	0.881356	9.90099e-09	0.128713	9.90099e-09	1	0.113281	0.157241	0.666667	0.666667	1.5	1	1	56815.1	1e+20	3.13351e+15	8.0463	31.6608	54.8678	41.5882	75.095	77.7559	
168000	-150328	-1209.44	-103578	-22015.5	0.16189	1	0.11892	16.818	3.63837	0.010978	19.6927	0.367839	7818	99	744	-48058.4	81.8762f	49.6313	4	1	1	0.039604	0.0792079	0.029703	9.90099e-09	0	0	0	0	0.836364	0.974747	0.275862	0.503311	0.8831	9.90099e-09	0.128713	9.90099e-09	1	0.13038	0.168011	0.666667	0.666667	1.5	1	1	56815.1	1e+20	3.13351e+15	8.0463	31.6608	64.6774	39.6067	81.8762	49.6313	
169000	-151440	-1209.44	-104691	-22328.7	0.16189	1	0.113426	17.6327	3.47027	0.00201693	19.6927	0.404338	7990	99	677	-48058.4	54.5601f	61.8956	4	1	1	0.019802	0.0792079	0.029703	9.90099e-09	0	0	0	0	0.854545	0.962359	0.258469	0.50365	0.88875	9.90099e-09	0.128713	9.90099e-09	1	0.102886	0.174927	0.666667	0.666667	1.5	1	1	56815.1	1e+20	3.13351e+15	8.0463	31.6608	64.6774	39.6067	54.5601	61.8956	
170000	-153563	-1209.44	-106813	-22538.4	0.165336	1	0.110193	18.1499	3.63885	0.00910176	19.9668	0.396919	8108	99	744	-48058.4	71.3782f	69.1522	4	1	1	0.019802	0.0792079	0.049505	9.90099e-09	0	0	0	0	0.881818	0.967782	0.275434	0.546099	0.883519	9.90099e-09	0.138614	9.90099e-09	1	0.135068	0.158416	0.666667	0.666667	1.5	1	1	56815.1	1e+20	3.13351e+15	8.0463	31.6608	64.6774	39.6067	71.3782	69.1522	
171000	-153108	-1209.44	-106358	-22471.8	0.165336	1	0.110193	18.1499	3.63885	0.00211496	19.9668	0.396919	8071	99	742	-48058.4	42.6529f	37.7261	4	1	1	0.019802	0.0792079	0.049505	9.90099e-09	0	0	0	0	0.863636	0.971499	0.255583	0.454545	0.897883	9.90099e-09	0.138614	9.90099e-09	1	0.11772	0.174157	0.666667	0.666667	1.5	1	1	56815.1	1e+20	3.13351e+15	8.0463	31.6608	64.6774	39.6067	42.6529	37.7261	
172000	-153381	-1209.44	-106631	-22551	0.16924	1	0.110193	18.1499	3.72476	0.0222667	19.9668	0.387764	8116	99	719	-48058.4	90.2658f	71.2631	4	1	1	0.019802	0.0792079	0.049505	9.90099e-09	0	0	0	0	0.845455	0.97543	0.247232	0.493056	0.900246	9.90099e-09	0.138614	9.90099e-09	1	0.121921	0.159664	0.666667	0.666667	1.5	1	1	56815.1	1e+20	3.13351e+15	8.0463	31.6608	64.6774	39.6067	90.2658	71.2631	
173000	-154592	-1209.44	-107842	-22616.7	0.16924	1	0.114784	17.424	3.87994	0.0168939	19.9668	0.357366	8153	99	787	-48058.4	83.073f	27.3603	4	1	1	0.019802	0.0792079	0.049505	9.90099e-09	0	0	0	0	0.9	0.969438	0.246626	0.562092	0.882353	9.90099e-09	0.138614	9.90099e-09	1	0.111247	0.135659	0.666667	0.666667	1.5	1	1	56815.1	1e+20	3.13351e+15	8.0463	31.6608	64.6774	39.6067	83.073	27.3603	
174000	-154072	-1209.44	-107323	-22607	0.172095	1	0.115538	17.3103	3.84633	0.0174856	19.8078	0.358137	8147	99	754	-48058.4	48.5673f	8.70991	4	1	1	0.019802	0.0792079	0.049505	9.90099e-09	0	0	0	0	0.872727	0.948529	0.253988	0.560811	0.882282	9.90099e-09	0.138614	9.90099e-09	1	0.125	0.165088	0.666667	0.666667	1.5	1	1	56815.1	1e+20	3.13351e+15	15.3653	65.9847	64.6774	39.6067	48.5673	8.70991	
175000	-155040	-1209.44	-108291	-22738.8	0.170799	1	0.120159	16.6446	4.0918	0.0225287	19.9579	0.323704	8222	99	766	-48058.4	84.6813f	19.1407	4	1	1	0.019802	0.0792079	0.049505	9.90099e-09	0	0	0	0	0.827273	0.970803	0.2661	0.509554	0.89011	9.90099e-09	0.168317	9.90099e-09	1	0.103281	0.167726	0.666667	0.666667	1.5	1	1	56815.1	1e+20	3.13351e+15	26.0946	35.5158	64.6774	39.6067	84.6813	19.1407	
176000	-155481	-1209.44	-108731	-22779.4	0.171058	1	0.120159	16.6446	4.09801	0.00184602	19.9579	0.323213	8245	99	781	-48058.4	59.1993f	41.1234	4	1	1	0.019802	0.0792079	0.049505	9.90099e-09	0	0	0	0	0.854545	0.965854	0.25697	0.538961	0.894289	9.90099e-09	0.168317	9.90099e-09	1	0.0972053	0.13929	0.666667	0.666667	1.5	1	1	56815.1	1e+20	3.13351e+15	26.0946	35.5158	64.6774	39.6067	59.1993	41.1234	
177000	-154381	-1209.44	-107632	-22682.3	0.171058	1	0.120159	16.6446	4.09801	0.00164504	19.9579	0.323213	8190	99	734	-48058.4	58.2179f	41.2145	4	1	1	0.0693069	0.0792079	0.029703	9.90099e-09	0	0	0	0	0.836364	0.967033	0.264957	0.486842	0.885505	9.90099e-09	0.168317	9.90099e-09	1	0.120585	0.167979	0.666667	0.666667	1.5	1	1	56815.1	1e+20	3.13351e+15	26.0946	35.5158	64.6774	39.6067	58.2179	41.2145	
178000	-153669	-1209.44	-106920	-22532.2	0.171058	1	0.120159	16.6446	4.09801	0.00789646	19.9579	0.323213	8105	99	752	-48058.4	76.1041f	42.9649	4	1	1	0.0693069	0.0792079	0.029703	0.009901	0	0	0	0	0.881818	0.961823	0.266667	0.597315	0.865764	9.90099e-09	0.168317	9.90099e-09	1	0.140567	0.184573	0.666667	0.666667	1.5	1	1	56815.1	1e+20	3.13351e+15	10.245	85.9145	58.4954	59.1077	76.1041	42.9649	
179000	-153000	-1209.44	-106251	-22453.2	0.166319	1	0.120159	16.6446	3.98448	0.00564594	19.9579	0.332422	8061	99	740	-48058.4	72.2616f	45.6273	4	1	1	0.0693069	0.0792079	0.029703	0.009901	0	0	0	0	0.827273	0.966543	0.231813	0.566667	0.888614	9.90099e-09	0.168317	9.90099e-09	1	0.126394	0.154054	0.666667	0.666667	1.5	1	1	56815.1	1e+20	3.13351e+15	25.5389	43.8627	58.4954	59.1077	72.2616	45.6273	
180000	-152811	-1209.44	-106062	-22419.1	0.166319	1	0.119631	16.7181	3.96695	0.0260111	19.9579	0.335368	8042	99	745	-48058.4	95.2929f	69.495	4	1	1	0.0693069	0.0792079	0.029703	0.009901	0	0	0	0	0.872727	0.970112	0.282528	0.544304	0.878412	9.90099e-09	0.168317	9.90099e-09	1	0.11772	0.144737	0.666667	0.666667	1.5	1	1	56815.1	1e+20	3.13351e+15	58.0202	11.4784	58.4954	59.1077	95.2929	69.495	
181000	-154094	-1209.44	-107345	-22609.3	0.166319	1	0.126359	15.8279	4.19008	0.0260111	19.9579	0.300601	8148	99	758	-48058.4	95.2929f	69.495	4	1	1	0.0693069	0.039604	0.029703	0.009901	0	0	0	0	0.854545	0.976829	0.268473	0.522876	0.900613	9.90099e-09	0.168317	9.90099e-09	1	0.128834	0.141161	0.666667	0.666667	1.5	1	1	56815.1	1e+20	3.13351e+15	58.0202	11.4784	58.4954	59.1077	95.2929	69.495	
182000	-157407	-1209.44	-110658	-23037.5	0.173021	1	0.126359	15.8279	4.35893	0.00817781	19.9579	0.288957	8392	99	813	-48058.4	57.3291f	76.1611	4	1	1	0.0693069	0.039604	0.029703	0.009901	0	0	0	0	0.863636	0.964497	0.277974	0.554878	0.908876	9.90099e-09	0.168317	9.90099e-09	1	0.123675	0.144242	0.666667	0.666667	1.5	1	1	56815.1	1e+20	3.13351e+15	58.0202	11.4784	58.4954	59.1077	57.3291	76.1611	
183000	-155409	-1209.44	-108659	-22816.4	0.17166	1	0.123286	16.2224	3.5942	0.000595151	19.1735	0.359172	8266	99	766	-48058.4	44.5077f	53.3639	4	1	1	0.0891089	0.039604	0.009901	0.009901	0	0	0	0	0.827273	0.974607	0.220748	0.541935	0.886473	9.90099e-09	0.148515	9.90099e-09	1	0.0977081	0.178934	0.666667	0.666667	1.5	1	1	56815.1	1e+20	3.13351e+15	24.3036	36.5733	58.4954	59.1077	44.5077	53.3639	
184000	-157381	-1209.44	-110631	-23054.3	0.17166	1	0.123286	16.2224	3.5942	0.000595151	19.1735	0.359172	8401	99	805	-48058.4	44.5077f	53.3639	4	1	1	0.0891089	0.039604	0.009901	0.009901	0	0	0	0	0.809091	0.97381	0.246136	0.518987	0.884935	9.90099e-09	0.148515	9.90099e-09	1	0.122619	0.16962	0.666667	0.666667	1.5	1	1	56815.1	1e+20	3.13351e+15	24.3036	36.5733	43.8084	87.6153	44.5077	53.3639	
185000	-156656	-1209.44	-109906	-23007.6	0.173317	1	0.116992	17.0952	3.54498	0.0020383	19.3131	0.383751	8375	99	761	-48058.4	36.3215f	51.1205	4	1	1	0.0891089	0.039604	0.009901	0.009901	0	0	0	0	0.881818	0.965435	0.240431	0.592357	0.909308	9.90099e-09	0.148515	9.90099e-09	1	0.138425	0.184516	0.666667	0.666667	1.5	1	1	56815.1	1e+20	3.13351e+15	24.3036	36.5733	47.2986	55.3292	36.3215	51.1205	
186000	-155122	-1209.44	-108372	-22827.1	0.173317	1	0.110799	18.0506	3.35733	0.00154754	19.3131	0.427847	8272	99	727	-48058.4	40.1679f	56.0637	4	1	1	0.0891089	0.039604	0.009901	0.009901	0	0	0	0	0.872727	0.972222	0.25	0.589041	0.880435	9.90099e-09	0.148515	9.90099e-09	1	0.108696	0.169421	0.666667	0.666667	1.5	1	1	56815.1	1e+20	3.13351e+15	37.3132	99.9573	47.2986	55.3292	40.1679	56.0637	
187000	-155197	-1209.44	-108448	-22920	0.173146	1	0.109145	18.3242	3.30395	0.000776142	19.3131	0.44135	8325	99	682	-48058.4	46.9936f	56.686	4	1	1	0.0891089	0.039604	0.009901	0.009901	0	0	0	0	0.8	0.97599	0.249102	0.524476	0.895683	9.90099e-09	0.148515	9.90099e-09	1	0.11018	0.154412	0.666667	0.666667	1.5	1	1	56815.1	1e+20	3.13351e+15	9.72956	70.3161	47.2986	55.3292	46.9936	56.686	
188000	-156201	-1209.44	-109451	-22900.9	0.171998	1	0.113119	17.6805	3.64948	0.0135913	19.6558	0.385525	8314	99	776	-48058.4	85.4973f	47.3473	4	1	1	0.049505	0.039604	0.009901	0.009901	0	0	0	0	0.909091	0.968712	0.263855	0.592105	0.901205	9.90099e-09	0.148515	9.90099e-09	1	0.123947	0.174468	0.666667	0.666667	1.5	1	1	56815.1	1e+20	3.13351e+15	9.72956	70.3161	47.2986	55.3292	85.4973	47.3473	
189000	-158302	-1209.44	-111552	-23397.6	0.179063	1	0.109899	18.1985	3.66394	0.00553972	19.6193	0.395255	8600	99	687	-48058.4	59.1804f	70.1248	4	1	1	0.049505	0.039604	0.0594059	0.009901	0	0	0	0	0.909091	0.958237	0.262485	0.482014	0.908246	9.90099e-09	0.148515	9.90099e-09	1	0.11266	0.161103	0.666667	0.666667	1.5	1	1	56815.1	1e+20	3.13351e+15	9.72956	70.3161	47.2986	55.3292	59.1804	70.1248	
190000	-159998	-1209.44	-113248	-23600.3	0.179628	1	0.109899	18.1985	3.67549	0.00506503	19.6193	0.394012	8718	99	725	-48058.4	31.8188f	61.8805	4	1	1	0.049505	0.039604	0.0594059	9.90099e-09	0	0	0	0	0.881818	0.971429	0.264	0.536913	0.918578	9.90099e-09	0.108911	9.90099e-09	1	0.106286	0.169655	0.666667	0.666667	1.5	1	1	56815.1	1e+20	3.13351e+15	23.9382	23.8606	33.9183	94.5428	31.8188	61.8805	
191000	-159762	-1209.44	-113013	-23528.2	0.179628	1	0.10634	18.8077	3.80527	0.021295	19.9538	0.393314	8676	99	738	-48058.4	10.362f	71.5923	4	1	1	0.049505	0.039604	0.0594059	9.90099e-09	0	0	0	0	0.909091	0.978035	0.25406	0.480263	0.896871	9.90099e-09	0.108911	9.90099e-09	1	0.108922	0.162602	0.666667	0.666667	1.5	1	1	56815.1	1e+20	3.13351e+15	23.9382	23.8606	33.9183	94.5428	10.362	71.5923	
192000	-160394	-1209.44	-113644	-23653.5	0.179628	1	0.10634	18.8077	3.8294	0.0168478	19.9854	0.390836	8749	99	726	-48058.4	30.5245f	84.6832	4	1	1	0.049505	0.039604	0.0594059	9.90099e-09	0	0	0	0	0.863636	0.969143	0.304447	0.487179	0.901826	9.90099e-09	0.108911	9.90099e-09	1	0.128	0.162019	0.666667	0.666667	1.5	1	1	56815.1	1e+20	3.13351e+15	25.8027	70.4214	24.6915	63.6077	30.5245	84.6832	
193000	-161128	-1209.44	-114379	-23560.8	0.179628	1	0.119264	16.7695	4.29483	0.0131562	19.9854	0.310716	8695	99	846	-48058.4	22.4525f	72.0692	4	1	1	0.049505	0.0693069	0.0594059	9.90099e-09	0	0	0	0	0.827273	0.964368	0.260669	0.5	0.897936	9.90099e-09	0.108911	9.90099e-09	1	0.118391	0.159211	0.666667	0.666667	1.5	1	1	56815.1	1e+20	3.13351e+15	25.8027	70.4214	24.6915	63.6077	22.4525	72.0692	
194000	-159060	-1209.44	-112311	-23395.8	0.182386	1	0.10689	18.7108	3.90833	0.00377931	19.9854	0.380971	8598	99	750	-48058.4	55.7096f	31.8765	4	1	1	0.039604	0.0693069	0.0594059	9.90099e-09	0	0	0	0	0.827273	0.97669	0.278555	0.509434	0.904762	9.90099e-09	0.108911	9.90099e-09	1	0.113821	0.177333	0.666667	0.666667	1.5	1	1	56815.1	1e+20	3.13351e+15	25.8027	70.4214	4.653	39.9095	55.7096	31.8765	
195000	-161281	-1209.44	-114531	-23754.8	0.182386	1	0.10689	18.7108	3.90833	0.000636852	19.9854	0.380971	8809	99	745	-48058.4	44.8451f	54.2203	4	1	1	0.039604	0.0693069	0.0594059	9.90099e-09	0	0	0	0	0.854545	0.972758	0.30193	0.52	0.913832	9.90099e-09	0.0990099	9.90099e-09	1	0.102157	0.154778	0.666667	0.666667	1.5	1	1	56815.1	1e+20	3.13351e+15	25.8027	70.4214	9.51874	49.3659	44.8451	54.2203	
196000	-161964	-1209.44	-115214	-23788.9	0.182386	1	0.111384	17.9559	4.07264	0.00795056	19.9854	0.35085	8829	99	788	-48058.4	24.0596f	39.8044	4	1	1	0.039604	0.0693069	0.019802	9.90099e-09	0	0	0	0	0.863636	0.972758	0.241223	0.510204	0.901472	9.90099e-09	0.0990099	9.90099e-09	1	0.106455	0.18069	0.666667	0.666667	1.5	1	1	56815.1	1e+20	3.13351e+15	68.4828	95.3961	19.0893	48.247	24.0596	39.8044	
197000	-161669	-1209.44	-114919	-23688.5	0.182386	1	0.111384	17.9559	4.07264	0.0161017	19.9854	0.35085	8770	99	819	-48058.4	20.445f	75.5629	4	1	1	0.039604	0.0693069	0.019802	9.90099e-09	0	0	0	0	0.845455	0.971429	0.231471	0.5375	0.896237	9.90099e-09	0.0990099	9.90099e-09	1	0.127563	0.161728	0.666667	0.666667	1.5	1	1	56815.1	1e+20	3.13351e+15	68.4828	95.3961	19.0893	48.247	20.445	75.5629	
198000	-162350	-1209.44	-115600	-23834.1	0.187636	1	0.111384	17.9559	4.18987	0.00826887	19.9854	0.341034	8855	99	797	-48058.4	35.2588f	73.4149	4	1	1	0.039604	0.0693069	0.019802	9.90099e-09	0	0	0	0	0.881818	0.976298	0.265237	0.45	0.892777	9.90099e-09	0.0990099	9.90099e-09	1	0.102709	0.148428	0.666667	0.666667	1.5	1	1	56815.1	1e+20	3.13351e+15	98.6961	31.8959	27.6851	57.4414	35.2588	73.4149	
199000	-164241	-1209.44	-117491	-24085.1	0.187636	1	0.111384	17.9559	4.10062	0.0244032	19.8781	0.348456	9005	99	811	-48058.4	9.46469f	76.2486	4	1	1	0.039604	0.0693069	0.019802	9.90099e-09	0	0	0	0	0.890909	0.964719	0.27636	0.554878	0.90899	9.90099e-09	0.0990099	9.90099e-09	1	0.122087	0.159951	0.666667	0.666667	1.5	1	1	56815.1	1e+20	3.13351e+15	74.0795	73.7089	27.6851	57.4414	9.46469	76.2486	
200000	-166616	-1209.44	-119866	-24429.6	0.192895	1	0.112809	17.7291	4.23848	0.0197984	19.842	0.332864	9212	99	828	-48058.4	6.8265f	56.8534	4	1	1	0.039604	0.0792079	0.019802	9.90099e-09	0	0	0	0	0.854545	0.96533	0.254054	0.5	0.898598	9.90099e-09	0.0990099	9.90099e-09	1	0.12945	0.163384	0.666667	0.666667	1.5	1	1	56815.1	1e+20	3.13351e+15	74.0795	73.7089	27.6851	57.4414	6.8265	56.8534	
201000	-167403	-1209.44	-120654	-24521.7	0.192895	1	0.117912	16.9618	4.548	0.0331781	19.9725	0.296785	9268	99	847	-48058.4	16.0577f	94.7225	4	1	1	0.039604	0.0792079	0.019802	9.90099e-09	0	0	0	0	0.863636	0.967638	0.261057	0.520468	0.887324	9.90099e-09	0.0990099	9.90099e-09	1	0.116505	0.1417	0.666667	0.666667	1.5	1	1	56815.1	1e+20	3.13351e+15	50.8676	38.1525	27.6851	57.4414	16.0577	94.7225	
202000	-165406	-1209.44	-118657	-24289	0.191716	1	0.1178	16.9779	4.51593	0.0331781	19.9725	0.299177	9127	99	801	-48058.4	16.0577f	94.7225	4	1	1	0.039604	0.0792079	0.029703	9.90099e-09	0	0	0	0	0.827273	0.970264	0.252735	0.538922	0.893013	9.90099e-09	0.0594059	9.90099e-09	1	0.12035	0.138991	0.666667	0.666667	1.5	1	1	56815.1	1e+20	3.13351e+15	50.8676	38.1525	27.6851	57.4414	16.0577	94.7225	
203000	-166832	-1209.44	-120083	-24454.2	0.191716	1	0.117426	17.032	4.37438	0.0180954	19.8299	0.309841	9227	99	833	-48058.4	46.7721f	8.08298	4	1	1	0.039604	0.0792079	0.029703	0.009901	0	0	0	0	0.909091	0.971861	0.296216	0.535714	0.898598	9.90099e-09	0.0594059	9.90099e-09	1	0.134054	0.169268	0.666667	0.666667	1.5	1	1	56815.1	1e+20	3.13351e+15	15.6465	43.6077	50.9876	7.32899	46.7721	8.08298	
204000	-168087	-1209.44	-121338	-24654	0.191716	1	0.117426	17.032	4.18826	0.0191311	19.6155	0.323609	9348	99	833	-48058.4	34.1562f	9.70787	4	1	1	0.039604	0.0792079	0.029703	0.009901	0	0	0	0	0.872727	0.967914	0.256684	0.534591	0.898396	9.90099e-09	0.0594059	9.90099e-09	1	0.113369	0.147521	0.666667	0.666667	1.5	1	1	56815.1	1e+20	3.13351e+15	15.6465	43.6077	61.524	19.1439	34.1562	9.70787	
205000	-166980	-1209.44	-120230	-24445.9	0.191716	1	0.122771	16.2905	3.84741	0.023351	18.9911	0.336942	9222	99	860	-48058.4	34.1666f	4.89778	4	1	1	0.039604	0.0792079	0.029703	0.009901	0	0	0	0	0.863636	0.965443	0.233189	0.5	0.890337	9.90099e-09	0.0594059	9.90099e-09	1	0.131236	0.186826	0.666667	0.666667	1.5	1	1	56815.1	1e+20	3.13351e+15	15.6465	43.6077	34.0995	44.2095	34.1666	4.89778	
206000	-164865	-1209.44	-118116	-24165.6	0.192268	1	0.122771	16.2905	4.27626	0.0101247	19.4856	0.303151	9052	99	831	-48058.4	48.1405f	18.5942	4	1	1	0.019802	0.0594059	0.029703	0.009901	0	0	0	0	0.872727	0.960221	0.245304	0.548023	0.901099	9.90099e-09	0.0594059	9.90099e-09	1	0.129282	0.154031	0.666667	0.666667	1.5	1	1	56815.1	1e+20	3.13351e+15	6.78396	32.7121	34.0995	44.2095	48.1405	18.5942	
207000	-166108	-1209.44	-119359	-24325.1	0.18978	1	0.120975	16.5323	4.43743	0.0158786	19.8036	0.296478	9149	99	842	-48058.4	11.8306f	40.5085	4	1	1	0.019802	0.0594059	0.029703	0.009901	0	0	0	0	0.863636	0.965971	0.250821	0.494186	0.89879	9.90099e-09	0.0594059	9.90099e-09	1	0.115258	0.161176	0.666667	0.666667	1.5	1	1	56815.1	1e+20	3.13351e+15	6.78396	32.7121	34.0995	44.2095	11.8306	40.5085	
208000	-165406	-1209.44	-118656	-24257.4	0.187825	1	0.125849	15.8921	4.56865	0.0125256	19.8036	0.276811	9108	99	821	-48058.4	15.5336f	44.5161	4	1	1	0.019802	0.0594059	0.0891089	0.009901	0	0	0	0	0.881818	0.97377	0.256326	0.475904	0.895082	9.90099e-09	0.128713	9.90099e-09	1	0.108672	0.16687	0.666667	0.666667	1.5	1	1	56815.1	1e+20	3.13351e+15	21.654	55.2203	34.0995	44.2095	15.5336	44.5161	
209000	-166711	-1209.44	-119961	-24351	0.187825	1	0.125849	15.8921	4.74238	0.00136585	19.9892	0.26667	9164	99	879	-48058.4	43.5639f	58.3544	4	1	1	0.019802	0.0594059	0.0891089	0.009901	0	0	0	0	0.836364	0.958379	0.276923	0.505435	0.907306	9.90099e-09	0.128713	9.90099e-09	1	0.10687	0.152446	0.666667	0.666667	1.5	1	1	56815.1	1e+20	3.13351e+15	38.5931	38.2995	34.0995	44.2095	43.5639	58.3544	
210000	-165323	-1209.44	-118574	-24208.8	0.188443	1	0.125849	15.8921	4.75797	0.0126011	19.9892	0.265796	9079	99	836	-48058.4	18.4657f	34.548	4	1	1	0.019802	0.0594059	0.0891089	0.009901	0	0	0	0	0.881818	0.963616	0.283516	0.482143	0.893172	9.90099e-09	0.128713	9.90099e-09	1	0.121279	0.130383	0.666667	0.666667	1.5	1	1	56815.1	1e+20	3.13351e+15	66.326	0.408303	34.0995	44.2095	18.4657	34.548	
211000	-164516	-1209.44	-117767	-24002.9	0.186282	1	0.126712	15.7839	4.73565	0.0114122	19.9892	0.26523	8956	99	886	-48058.4	32.7553f	77.7091	4	1	1	0.019802	0.039604	0.0891089	0.009901	0	0	0	0	0.872727	0.967814	0.276169	0.552326	0.855556	9.90099e-09	0.128713	9.90099e-09	1	0.128348	0.135632	0.666667	0.666667	1.5	1	1	56815.1	1e+20	3.13351e+15	61.4105	1.10484	5.04031	48.659	32.7553	77.7091	
212000	-164591	-1209.44	-117842	-24011.3	0.186282	1	0.126712	15.7839	4.73565	0.00817888	19.9892	0.26523	8961	99	890	-48058.4	22.184f	53.5498	4	1	1	0.039604	0.039604	0.0891089	0.009901	0	0	0	0	0.890909	0.965402	0.274554	0.542373	0.887402	9.90099e-09	0.128713	9.90099e-09	1	0.112598	0.186308	0.666667	0.666667	1.5	1	1	56815.1	1e+20	3.13351e+15	61.4105	1.10484	5.04031	48.659	22.184	53.5498	
213000	-163907	-1209.44	-117158	-23950.8	0.186282	1	0.131547	15.2037	4.81568	0.00331683	19.8861	0.251236	8925	99	871	-48058.4	33.6768f	56.4314	4	1	1	0.039604	0.039604	0.0891089	0.009901	0	0	0	0	0.854545	0.970787	0.270483	0.537143	0.907969	9.90099e-09	0.128713	9.90099e-09	1	0.12709	0.163529	0.666667	0.666667	1.5	1	1	56815.1	1e+20	3.13351e+15	61.4105	1.10484	5.04031	48.659	33.6768	56.4314	
214000	-163728	-1209.44	-116979	-23837.4	0.181077	1	0.132555	15.0881	4.80893	0.0173009	19.9823	0.249675	8857	99	922	-48058.4	14.1137f	69.1167	4	1	1	0.039604	0.039604	0.019802	0.009901	0	0	0	0	0.9	0.959322	0.268403	0.513514	0.885876	9.90099e-09	0.128713	9.90099e-09	1	0.124153	0.161781	0.666667	0.666667	1.5	1	1	56815.1	1e+20	3.13351e+15	61.4105	1.10484	5.04031	48.659	14.1137	69.1167	
215000	-160343	-1209.44	-113594	-23538.4	0.181077	1	0.132555	15.0881	4.72393	0.0138641	19.8934	0.254167	8682	99	793	-48058.4	13.3544f	49.2282	4	1	1	0.039604	0.039604	0.019802	9.90099e-09	0	0	0	0	0.890909	0.959677	0.249712	0.558824	0.885945	9.90099e-09	0.128713	9.90099e-09	1	0.111623	0.163474	0.666667	0.666667	1.5	1	1	56815.1	1e+20	3.13351e+15	56.2364	26.9217	5.04031	48.659	13.3544	49.2282	
216000	-164482	-1209.44	-117732	-23992.9	0.181077	1	0.132555	15.0881	4.72393	0.0184887	19.8934	0.254167	8948	99	894	-48058.4	8.74652f	58.9282	4	1	1	0.039604	0.039604	0.019802	9.90099e-09	0	0	0	0	0.827273	0.962096	0.262806	0.535135	0.888393	0.009901	0.128713	9.90099e-09	1	0.13029	0.173959	0.666667	0.666667	1.5	1	1	56815.1	1e+20	3.13351e+15	56.2364	26.9217	5.04031	48.659	8.74652	58.9282	
217000	-164526	-1209.44	-117776	-24103.1	0.190703	1	0.126255	15.8409	4.31131	0.0190672	19.4289	0.292389	9015	99	841	-48058.4	13.1704f	27.4338	4	1	1	0.039604	0.029703	0.019802	9.90099e-09	0	0	0	0	0.790909	0.956715	0.26859	0.5	0.885683	0.009901	0.128713	9.90099e-09	1	0.12306	0.163415	0.666667	0.666667	1.5	1	1	56815.1	1e+20	3.13351e+15	56.2364	26.9217	13.3351	65.3111	13.1704	27.4338	
218000	-165247	-1209.44	-118498	-24109.7	0.190703	1	0.133262	15.008	4.55059	0.00590743	19.4289	0.262449	9019	99	903	-48058.4	44.7701f	72.4791	4	1	1	0.029703	0.029703	0.019802	9.90099e-09	0	0	0	0	0.8	0.961111	0.252212	0.546448	0.896133	0.009901	0.128713	9.90099e-09	1	0.124169	0.18318	0.666667	0.666667	1.5	1	1	56815.1	1e+20	3.13351e+15	56.2364	26.9217	9.75393	85.1227	44.7701	72.4791	
219000	-169722	-1209.44	-122972	-24779.6	0.198601	1	0.133262	15.008	4.53199	0.010449	19.2131	0.263526	9425	99	905	-48058.4	73.6323f	69.8129	4	1	1	0.029703	0.029703	0.019802	9.90099e-09	0	0	0	0	0.890909	0.970339	0.222222	0.538462	0.887831	0.009901	0.128713	9.90099e-09	1	0.125133	0.15778	0.666667	0.666667	1.5	1	1	56815.1	1e+20	3.13351e+15	11.5677	54.1229	50.3185	55.2853	73.6323	69.8129	
220000	-169523	-1209.44	-122774	-24761	0.199678	1	0.127104	15.7352	4.28736	0.0085339	19.148	0.29206	9413	99	898	-48058.4	27.2679f	32.0655	4	1	1	0.029703	0.029703	0.019802	9.90099e-09	0	0	0	0	0.845455	0.954352	0.254777	0.497143	0.908413	0.009901	0.0693069	9.90099e-09	1	0.111465	0.169109	0.666667	0.666667	1.5	1	1	56815.1	1e+20	3.13351e+15	11.5677	54.1229	50.3185	55.2853	27.2679	32.0655	
221000	-169779	-1209.44	-123030	-24748.1	0.199678	1	0.128396	15.5768	4.99241	0.000381346	19.8406	0.248289	9405	99	928	-48058.4	45.3635f	51.0631	4	1	1	0.029703	0.029703	0.0594059	9.90099e-09	0	0	0	0	0.836364	0.957492	0.282678	0.538043	0.906482	0.009901	0.0693069	9.90099e-09	1	0.124336	0.18084	0.666667	0.666667	1.5	1	1	56815.1	1e+20	3.13351e+15	5.94188	43.8367	50.3185	55.2853	45.3635	51.0631	
222000	-170880	-1209.44	-124131	-24872.2	0.199678	1	0.129356	15.4612	5.02971	0.000209004	19.8406	0.24462	9482	99	948	-48058.4	51.6577f	49.8038	4	1	1	0.029703	0.029703	0.0594059	9.90099e-09	0	0	0	0	0.854545	0.956751	0.25079	0.507853	0.895899	0.009901	0.0693069	9.90099e-09	1	0.130664	0.168076	0.666667	0.666667	1.5	1	1	56815.1	1e+20	3.13351e+15	5.94188	43.8367	50.3185	55.2853	51.6577	49.8038	
223000	-169593	-1209.44	-122843	-24797.1	0.198075	1	0.120702	16.5697	4.65557	0.0153115	19.8406	0.283225	9436	99	875	-48058.4	73.6555f	19.8494	4	1	1	0.029703	0.108911	0.0594059	9.90099e-09	0	0	0	0	0.809091	0.968119	0.243644	0.505618	0.880978	0.009901	0.0693069	9.90099e-09	1	0.125	0.162921	0.666667	0.666667	1.5	1	1	56815.1	1e+20	3.13351e+15	5.94188	43.8367	50.3185	55.2853	73.6555	19.8494	
224000	-169514	-1209.44	-122765	-24844	0.198075	1	0.117773	16.9818	4.54258	0.0153115	19.8406	0.297489	9465	99	844	-48058.4	73.6555f	19.8494	4	1	1	0.029703	0.108911	0.0594059	9.90099e-09	0	0	0	0	0.854545	0.969409	0.255765	0.47561	0.918776	0.009901	0.0693069	9.90099e-09	1	0.12566	0.143195	0.666667	0.666667	1.5	1	1	56815.1	1e+20	3.13351e+15	32.4681	18.7092	50.3185	55.2853	73.6555	19.8494	
225000	-171015	-1209.44	-124265	-25004.3	0.198075	1	0.117027	17.0901	4.51379	0.00695304	19.8406	0.301297	9564	99	876	-48058.4	59.2026f	25.8133	4	1	1	0.029703	0.108911	0.0594059	9.90099e-09	0	0	0	0	0.890909	0.962343	0.242678	0.581818	0.901776	0.009901	0.0693069	9.90099e-09	1	0.123302	0.149083	0.666667	0.666667	1.5	1	1	56815.1	1e+20	3.13351e+15	32.4681	18.7092	30.7518	30.8742	59.2026	25.8133	
226000	-174392	-1209.44	-127643	-25536.1	0.20599	1	0.116002	17.2411	4.54031	0.00287236	19.7193	0.302183	9897	99	851	-48058.4	49.001f	33.3802	4	1	1	0.029703	0.108911	0.0594059	9.90099e-09	0	0	0	0	0.863636	0.958502	0.236308	0.528736	0.906977	0.009901	0.0693069	9.90099e-09	1	0.126646	0.149588	0.666667	0.666667	1.5	1	1	56815.1	1e+20	3.13351e+15	34.9042	9.51858	30.7518	30.8742	49.001	33.3802	
227000	-174171	-1209.44	-127421	-25354.4	0.20599	1	0.124195	16.1036	4.86102	0.00903052	19.7193	0.263625	9782	99	947	-48058.4	24.5626f	34.5561	4	1	1	0.029703	0.108911	0.019802	9.90099e-09	0	0	0	0	0.818182	0.975535	0.259184	0.537634	0.881512	0.009901	0.0693069	9.90099e-09	1	0.120408	0.168817	0.666667	0.666667	1.5	1	1	56815.1	1e+20	3.13351e+15	34.3818	24.4875	29.0725	22.0344	24.5626	34.5561	
228000	-176473	-1209.44	-129724	-25792	0.20599	1	0.124195	16.1036	4.86102	0.0028015	19.7193	0.263625	10059	99	886	-48058.4	52.2099f	33.7891	4	1	1	0.029703	0.108911	0.019802	9.90099e-09	0	0	0	0	0.863636	0.962189	0.250992	0.52459	0.890656	0.009901	0.0990099	9.90099e-09	1	0.11829	0.173864	0.666667	0.666667	1.5	1	1	56815.1	1e+20	3.13351e+15	61.2841	13.0514	29.0725	22.0344	52.2099	33.7891	
229000	-177112	-1209.44	-130363	-25841	0.20599	1	0.124195	16.1036	4.86102	0.00759033	19.7193	0.263625	10090	99	915	-48058.4	27.4206f	64.3285	4	1	1	0.029703	0.049505	0.019802	9.90099e-09	0	0	0	0	0.827273	0.966337	0.238614	0.467742	0.879482	9.90099e-09	0.0990099	9.90099e-09	1	0.127723	0.163934	0.666667	0.666667	1.5	1	1	56815.1	1e+20	3.13351e+15	61.2841	13.0514	19.0661	32.7982	27.4206	64.3285	
230000	-175409	-1209.44	-128660	-25679.9	0.20599	1	0.117495	17.022	4.59877	0.0117864	19.7193	0.29455	9988	99	863	-48058.4	38.5644f	17.9645	4	1	1	0.029703	0.049505	0.019802	9.90099e-09	0	0	0	0	0.8	0.95996	0.245	0.508571	0.885886	9.90099e-09	0.0990099	9.90099e-09	1	0.111111	0.158076	0.666667	0.666667	1.5	1	1	56815.1	1e+20	3.13351e+15	61.2841	13.0514	19.0661	32.7982	38.5644	17.9645	
231000	-174782	-1209.44	-128033	-25542.4	0.205812	1	0.117495	17.022	4.5948	0.0199904	19.7193	0.294804	9901	99	891	-48058.4	17.001f	20.5101	4	1	1	0.029703	0.049505	0.019802	9.90099e-09	0	0	0	0	0.872727	0.965691	0.223007	0.494253	0.894366	9.90099e-09	0.0990099	9.90099e-09	1	0.131181	0.174566	0.666667	0.666667	1.5	1	1	56815.1	1e+20	3.13351e+15	61.2841	13.0514	19.0661	32.7982	17.001	20.5101	
232000	-177515	-1209.44	-130765	-25883.3	0.208533	1	0.123732	16.164	4.53551	0.000891252	19.3393	0.283604	10118	99	925	-48058.4	57.6373f	47.0941	4	1	1	0.029703	0.049505	0.019802	9.90099e-09	0	0	0	0	0.909091	0.981262	0.277394	0.516854	0.886228	9.90099e-09	0.0990099	9.90099e-09	1	0.119447	0.173815	0.666667	0.666667	1.5	1	1	56815.1	1e+20	3.13351e+15	61.2841	13.0514	19.0661	32.7982	57.6373	47.0941	
233000	-175984	-1209.44	-129235	-25701.5	0.207277	1	0.127613	15.6723	4.51661	0.0132752	19.1994	0.276129	10002	99	901	-48058.4	15.1811f	40.9707	4	1	1	0.029703	0.049505	0.019802	9.90099e-09	0	0	0	0	0.781818	0.965174	0.259481	0.489362	0.882118	9.90099e-09	0.0990099	9.90099e-09	1	0.100298	0.161749	0.666667	0.666667	1.5	1	1	56815.1	1e+20	3.13351e+15	61.2841	13.0514	19.0661	32.7982	15.1811	40.9707	
234000	-177495	-1209.44	-130745	-25792.3	0.209717	1	0.127613	15.6723	4.54061	0.0119155	19.1687	0.274669	10060	99	983	-48058.4	61.6041f	18.0933	4	1	1	0.029703	0.049505	0.019802	9.90099e-09	0	0	0	0	0.8	0.970209	0.239801	0.544444	0.88171	9.90099e-09	0.0693069	9.90099e-09	1	0.125373	0.170124	0.666667	0.666667	1.5	1	1	56815.1	1e+20	3.13351e+15	30.2783	55.4055	19.0661	32.7982	61.6041	18.0933	
235000	-179419	-1209.44	-132670	-26171	0.213803	1	0.127613	15.6723	4.62907	0.00147899	19.1687	0.26942	10304	99	915	-48058.4	43.4138f	40.144	4	1	1	0.029703	0.049505	0.019802	9.90099e-09	0	0	0	0	0.836364	0.968992	0.250726	0.529101	0.884282	9.90099e-09	0.0693069	9.90099e-09	1	0.107662	0.164894	0.666667	0.666667	1.5	1	1	56815.1	1e+20	3.13351e+15	21.281	30.3934	19.0661	32.7982	43.4138	40.144	
236000	-181186	-1209.44	-134437	-26393.2	0.213803	1	0.135244	14.788	4.41982	0.0164359	18.6752	0.266254	10448	99	934	-48058.4	18.7251f	24.836	4	1	1	0.029703	0.049505	0.019802	9.90099e-09	0	0	0	0	0.836364	0.966475	0.251681	0.486631	0.891683	9.90099e-09	0.0693069	9.90099e-09	1	0.112077	0.185145	0.666667	0.666667	1.5	1	1	56815.1	1e+20	3.13351e+15	21.281	30.3934	19.0661	32.7982	18.7251	24.836	