
# before rand glnL: -39306.655539 alnL: -1190.664560
# ninter: 99
# ncoal: 99
# nhits: 99
# true lbda: 0.003448
# true mu: 0.109285
# true rad: 34.509568
# true sigsq: 0.671548
# true neigh. size: 18.300778
# fst-based estimate of neighborhood size: -nan
# nucleotide diversity: 0.000000
# length of a generation: 33831.1 time units
# clock rate: 1 subst. per time unit
# after rand glnL: -39306.655539 alnL: -1190.664560
# ninter: 99
# ncoal: 99
# nhits: 99
# start lbda: 0.003448
# start mu: 0.109285
# start rad: 11.173703
sample	lnP	alnL	glnL	tlnL	lbda	clock	mu	neigh	sigsq	sigsqobs	rad	rhoe	nInt	nCoal	nHit	rootTime	rootLon	rootLat	tstv	alpha	MeanBr	accLbda	accMu	accRad	accInDelDisk	accInDelHit	accScaleTime	accSPR	accSPRlocal	accPath	accIndelDiskSerial	accIndelHitSerial	accLdskGivenDisk	accDiskGivenLdsk	accDiskAndLdsk	accLdskMulti	accDiskMulti	accMoveDiskUD	accAddRemoveJump	accLdskTipToRoot	tuneLbda	tuneRad	tuneMu	tuneIndelDisk	tuneIndelHit	tuneLdskGivenDisk	tuneIndelDiskSerial	tuneIndelHitSerial	c0	c1	rootc0	rootc1	rootldsk0	rootldsk1	
  1000	-52960	-1190.66	-6229.29	-1589.68	0.00786061	1	0.161759	12.364	0.21508	0.031294	19.1543	4.57458	281	99	124	-29003.6	89.5496f	34.5324	4	1	1	0	0	0	0	0	0	0	0	0.990909	0.923077	0.240385	0.528846	0.635514	0	0	0	1	0.186916	0.193277	1	1	1	1	1	1.5	7.59375	3.375	25.6109	31.1968	78.1965	1.25861	89.5496	34.5324	
  2000	-54636.7	-1190.66	-7906	-2131.84	0.012865	1	0.185899	10.7585	0.435245	0.0571443	19.5079	1.96702	404	99	129	-29003.6	79.3455f	0.902704	4	1	1	0	0	0	0	0	0	0	0	0.972727	0.90678	0.235772	0.481818	0.731092	0	0	0	1	0.130081	0.128	1	1	1	1	1	3.375	291.929	57.665	10.8497	19.3723	78.1965	1.25861	79.3455	0.902704	
  3000	-56318.1	-1190.66	-9587.43	-2603.06	0.017978	1	0.175839	11.374	0.575314	0.0136459	19.5079	1.57326	518	99	142	-29003.6	76.6265f	41.5719	4	1	1	0	0	0	0	0	0	0	0	0.945455	0.912621	0.230769	0.495238	0.730769	0	0	0	1	0.125	0.245033	1	1	1	1	1	7.59375	56815.1	38.4434	30.0922	10.1438	78.1965	1.25861	76.6265	41.5719	
  4000	-57683.3	-1190.66	-10952.6	-2985.19	0.0205939	1	0.176132	11.3551	0.660121	0.0751766	19.5079	1.36886	615	99	155	-29003.6	98.5308f	5.56856	4	1	1	0	0	0	0	0	0	0	0	0.945455	0.927419	0.25	0.469565	0.760331	0	0	0	1	0.137097	0.15528	1	1	1	1	1	25.6289	2.4879e+07	656.841	30.0922	10.1438	78.1965	1.25861	98.5308	5.56856	
  5000	-58474.7	-1190.66	-11744	-3221.25	0.0225332	1	0.156483	12.7809	0.623761	0.0239742	19.37	1.63055	677	99	150	-29003.6	80.3602f	28.8177	4	1	1	0	0	0	0	0	0	0	0	0.945455	0.933824	0.233577	0.495575	0.764706	0	0	0	1	0.0888889	0.135484	1	1	1	1	1	38.4434	2.79211e+11	7481.83	26.3379	14.3917	57.7802	13.9067	80.3602	28.8177	
  6000	-59067.4	-1190.66	-12336.8	-3336.72	0.0239803	1	0.192516	10.3887	0.910853	0.0177166	19.9058	0.907622	708	99	171	-29003.6	49.3591f	18.5995	4	1	1	0	0.217822	0	0	0	0	0	0	0.927273	0.909091	0.316901	0.466019	0.753521	0	0	0	1	0.190141	0.374269	1	1	0.666667	1	1	129.746	2.75095e+14	25251.2	15.1937	31.1618	42.9783	9.36671	49.3591	18.5995	
  7000	-60438.7	-1190.66	-13708.1	-3690.66	0.0270433	1	0.185599	10.7759	0.890685	0.00601558	19.3852	0.962764	805	99	182	-29003.6	47.0325f	32.4221	4	1	1	0.178218	0.217822	0.049505	0	0	0	0	0	0.909091	0.932515	0.2625	0.470588	0.842767	0	0	0.049505	1	0.147239	0.282609	0.666667	0.666667	0.666667	1	1	291.929	4.06561e+17	647160	15.1937	31.1618	43.3229	4.81639	47.0325	32.4221	
  8000	-61210.9	-1190.66	-14480.3	-3851.64	0.0308902	1	0.185479	10.7829	1.10785	0.0436179	19.8057	0.774539	850	99	200	-29003.6	28.0381f	5.42275	4	1	1	0.178218	0.217822	0.049505	0	0	0	0	0	0.927273	0.924855	0.269006	0.621622	0.83237	0	0.118812	0.049505	1	0.17341	0.28934	0.666667	0.666667	0.666667	1	1	656.841	1e+20	2.4879e+07	15.1937	31.1618	43.3229	4.81639	28.0381	5.42275	
  9000	-64087.9	-1190.66	-17357.2	-4619.23	0.0348481	1	0.187424	10.671	1.25757	0.0415957	19.7847	0.675249	1075	99	201	-29003.6	66.3466f	4.17633	4	1	1	0.178218	0.217822	0.049505	0	0	0	0	0	0.927273	0.95283	0.261682	0.615385	0.788462	0	0.118812	0.049505	1	0.145631	0.243781	0.666667	0.666667	0.666667	1	1	2216.84	1e+20	1.88925e+08	15.1937	31.1618	43.3229	4.81639	66.3466	4.17633	
 10000	-65679.2	-1190.66	-18948.5	-5009.94	0.0425252	1	0.192853	10.3706	1.5644	0.0418984	19.7386	0.527528	1196	99	212	-29003.6	35.1098f	3.63739	4	1	1	0.178218	0.217822	0.049505	0	0	0	0	0	0.954545	0.907563	0.283333	0.47541	0.818182	0	0.118812	0.049505	1	0.183333	0.134259	0.666667	0.666667	0.666667	1	1	3325.26	1e+20	1.88925e+08	15.1937	31.1618	43.3229	4.81639	35.1098	3.63739	
 11000	-66537.2	-1190.66	-19806.6	-5187.65	0.0414448	1	0.182787	10.9417	1.4652	0.0122763	19.807	0.59426	1252	99	226	-29003.6	61.1706f	26.3951	4	1	1	0.178218	0.217822	0.049505	0	0	0	0	0	0.954545	0.944	0.214286	0.522936	0.761905	0	0.118812	0.049505	1	0.16129	0.270386	0.666667	0.666667	0.666667	1	1	3325.26	1e+20	1.88925e+08	15.1937	31.1618	57.5639	20.7431	61.1706	26.3951	
 12000	-67167.2	-1190.66	-20436.6	-5374.56	0.0436849	1	0.159477	12.541	1.35472	0.00258398	19.8336	0.736673	1312	99	216	-29003.6	49.1117f	61.937	4	1	1	0.237624	0.217822	0.049505	0.009901	0	0	0	0	0.945455	0.97037	0.288889	0.522936	0.837037	0	0.118812	0.049505	1	0.0984849	0.24878	0.666667	0.666667	0.666667	1	1	3325.26	1e+20	1.88925e+08	4.41505	42.2152	37.6964	26.3932	49.1117	61.937	
 13000	-68256.6	-1190.66	-21525.9	-5582.64	0.0470671	1	0.181091	11.0441	1.65743	0.0321206	19.8336	0.530258	1380	99	237	-29003.6	45.6764f	7.65693	4	1	1	0.237624	0.287129	0.0792079	0.009901	0	0	0	0	0.909091	0.942446	0.242857	0.421053	0.814286	0	0.118812	0.049505	1	0.158273	0.30315	0.666667	0.666667	0.666667	1	1	3325.26	1e+20	1.88925e+08	17.423	74.171	37.6964	26.3932	45.6764	7.65693	
 14000	-70161.7	-1190.66	-23431	-5973.67	0.0500555	1	0.172484	11.5953	1.67889	0.00426996	19.8336	0.549603	1510	99	265	-29003.6	54.0996f	35.6731	4	1	1	0.237624	0.287129	0.0792079	0.009901	0	0	0	0	0.918182	0.934211	0.258278	0.481132	0.862745	0	0.0792079	0.049505	1	0.145695	0.302326	0.666667	0.666667	0.666667	1	1	3325.26	1e+20	1.88925e+08	36.6185	73.6499	55.3014	32.6095	54.0996	35.6731	
 15000	-71283.3	-1190.66	-24552.6	-6230.24	0.0542927	1	0.184238	10.8555	1.94509	0.00799618	19.8336	0.44412	1598	99	267	-29003.6	49.4973f	29.242	4	1	1	0.237624	0.287129	0.0792079	0.009901	0	0	0	0	0.945455	0.955975	0.23125	0.463636	0.85	0.009901	0.0792079	9.90099e-09	1	0.175	0.307692	0.666667	0.666667	0.666667	1	1	3325.26	1e+20	1.88925e+08	36.6185	73.6499	55.3014	32.6095	49.4973	29.242	
 16000	-70764.3	-1190.66	-24033.6	-6181.61	0.0526829	1	0.152401	13.1233	1.58215	0.0124676	19.8996	0.660063	1581	99	240	-29003.6	33.8377f	29.4338	4	1	1	0.237624	0.287129	0.0792079	0.009901	0	0	0	0	0.918182	0.955414	0.264151	0.586777	0.823899	0.009901	0.0792079	9.90099e-09	1	0.138365	0.295359	0.666667	0.666667	0.666667	1	1	3325.26	1e+20	1.88925e+08	49.195	89.186	55.3014	32.6095	33.8377	29.4338	
 17000	-71447.6	-1190.66	-24716.9	-6253.7	0.0567083	1	0.184905	10.8163	2.08363	0.000600998	19.9413	0.413095	1606	99	274	-29003.6	51.7066f	46.2786	4	1	1	0.237624	0.287129	0.0792079	0.009901	0	0	0	0	0.863636	0.987342	0.310127	0.598131	0.767296	0.009901	0.0792079	9.90099e-09	1	0.167702	0.267658	0.666667	0.666667	0.666667	1	1	3325.26	1e+20	1.88925e+08	0.7949	22.387	55.3014	32.6095	51.7066	46.2786	
 18000	-71691	-1190.66	-24960.3	-6285.04	0.0555932	1	0.193501	10.3359	2.13761	0.044777	19.9413	0.384776	1617	99	285	-29003.6	98.9362f	64.7971	4	1	1	0.237624	0.217822	0.0792079	0.009901	0	0	0	0	0.954545	0.944444	0.278788	0.454545	0.851852	0.009901	0.0792079	9.90099e-09	1	0.0987654	0.269625	0.666667	0.666667	0.666667	1	1	3325.26	1e+20	1.88925e+08	0.7949	22.387	55.3014	32.6095	98.9362	64.7971	
 19000	-72261.7	-1190.66	-25531	-6448.66	0.0582546	1	0.180162	11.1011	2.08553	0.0515197	19.9413	0.423585	1674	99	273	-29003.6	2.59084f	23.8385	4	1	1	0.237624	0.217822	0.019802	0.009901	0	0	0	0	0.836364	0.934911	0.303571	0.504348	0.845238	0.009901	0.0792079	9.90099e-09	1	0.166667	0.241758	0.666667	0.666667	0.666667	1	1	3325.26	1e+20	1.88925e+08	18.9758	95.1959	55.3014	32.6095	2.59084	23.8385	
 20000	-73352.6	-1190.66	-26621.9	-6630.14	0.0589718	1	0.200719	9.96417	2.35211	0.0386868	19.9413	0.337111	1738	99	304	-29003.6	34.5039f	5.88276	4	1	1	0.138614	0.217822	0.019802	0.009901	0	0	0	0	0.918182	0.913793	0.238636	0.508333	0.845714	0.009901	0.0792079	9.90099e-09	1	0.148571	0.298658	0.666667	0.666667	0.666667	1	1	3325.26	1e+20	1.88925e+08	16.4801	72.1834	55.3014	32.6095	34.5039	5.88276	
 21000	-75802.6	-1190.66	-29071.9	-7171.22	0.0678211	1	0.179408	11.1478	2.41786	0.00875222	19.9413	0.366899	1934	99	310	-29003.6	57.3919f	29.4144	4	1	1	0.138614	0.217822	0.019802	0.009901	0	0	0	0	0.945455	0.912821	0.273196	0.507813	0.814433	0.009901	0.0891089	9.90099e-09	1	0.123711	0.281646	0.666667	0.666667	0.666667	1	1	3325.26	1e+20	1.88925e+08	16.4801	72.1834	55.3014	32.6095	57.3919	29.4144	
 22000	-75631.2	-1190.66	-28900.5	-7143.98	0.0671513	1	0.189826	10.536	2.33778	0.00394179	19.5455	0.358642	1924	99	304	-29003.6	48.6711f	64.916	4	1	1	0.138614	0.217822	0.019802	0.009901	0	0	0	0	0.836364	0.958549	0.231959	0.567308	0.823834	0.009901	0.0891089	9.90099e-09	1	0.145078	0.296636	0.666667	0.666667	0.666667	1	1	3325.26	1e+20	1.88925e+08	16.4801	72.1834	23.5933	59.3245	48.6711	64.916	
 23000	-76081.2	-1190.66	-29350.6	-7281.73	0.0690803	1	0.166917	11.982	2.11471	0.00474556	19.5455	0.450888	1975	99	290	-29003.6	46.6044f	34.6952	4	1	1	0.138614	0.217822	0.019802	0.009901	0	0	0	0	0.909091	0.934343	0.276382	0.512605	0.863636	0.009901	0.0891089	9.90099e-09	1	0.0909091	0.270463	0.666667	0.666667	0.666667	1	1	3325.26	1e+20	1.88925e+08	16.4801	72.1834	23.5933	59.3245	46.6044	34.6952	
 24000	-75309.1	-1190.66	-28578.4	-7071.06	0.0671492	1	0.193589	10.3312	2.38405	0.0271272	19.5455	0.344846	1897	99	305	-29003.6	20.74f	76.6623	4	1	1	0.138614	0.247525	0.019802	0.009901	0	0	0	0	0.927273	0.905263	0.268421	0.504132	0.842105	0.009901	0.0891089	9.90099e-09	1	0.142105	0.294118	0.666667	0.666667	0.666667	1	1	3325.26	1e+20	1.88925e+08	16.4801	72.1834	23.5933	59.3245	20.74	76.6623	
 25000	-77426	-1190.66	-30695.3	-7528.23	0.0684827	1	0.195353	10.2379	2.45356	0.0051243	19.5455	0.332049	2067	99	312	-29003.6	40.8821f	64.3539	4	1	1	0.138614	0.247525	0.019802	0.009901	0	0	0	0	0.936364	0.956522	0.245192	0.492188	0.84466	0.009901	0.0891089	9.90099e-09	1	0.130435	0.283439	0.666667	0.666667	0.666667	1	1	3325.26	1e+20	1.88925e+08	16.4801	72.1834	23.5933	59.3245	40.8821	64.3539	
 26000	-78562.6	-1190.66	-31832	-7718.16	0.0739864	1	0.196757	10.1648	2.66979	0.0789146	19.5455	0.302979	2140	99	338	-29003.6	2.66988f	98.3826	4	1	1	0.158416	0.247525	0.019802	9.90099e-09	0	0	0	0	0.881818	0.925234	0.261682	0.504673	0.817757	0.009901	0.0891089	9.90099e-09	1	0.0841122	0.322485	0.666667	0.666667	0.666667	1	1	3325.26	1e+20	1.88925e+08	16.4801	72.1834	23.5933	59.3245	2.66988	98.3826	
 27000	-81265.8	-1190.66	-34535.2	-8277.26	0.0783327	1	0.190426	10.5028	2.73567	0.00573404	19.5455	0.305515	2358	99	346	-29003.6	35.9101f	39.7902	4	1	1	0.158416	0.247525	0.009901	9.90099e-09	0	0	0	0	0.881818	0.940171	0.288136	0.475728	0.837607	0.009901	0.0693069	9.90099e-09	1	0.135593	0.263006	0.666667	0.666667	0.666667	1	1	3325.26	1e+20	1.88925e+08	16.4801	72.1834	23.5933	59.3245	35.9101	39.7902	
 28000	-81521.4	-1190.66	-34790.7	-8346.44	0.0803103	1	0.175592	11.39	2.66393	0.0550141	19.6906	0.340246	2386	99	343	-29003.6	21.1211f	98.6672	4	1	1	0.158416	0.247525	0.009901	9.90099e-09	0	0	0	0	0.909091	0.970711	0.256303	0.53271	0.845833	0.009901	0.0693069	9.90099e-09	1	0.129707	0.260736	0.666667	0.666667	0.666667	1	1	3325.26	1e+20	1.88925e+08	16.4801	72.1834	23.5933	59.3245	21.1211	98.6672	
 29000	-83324.6	-1190.66	-36593.9	-8652.94	0.0846123	1	0.197056	10.1494	3.14971	0.0143812	19.6906	0.256424	2510	99	374	-29003.6	55.9047f	78.4394	4	1	1	0.158416	0.247525	0.009901	9.90099e-09	0	0	0	0	0.936364	0.951807	0.222222	0.574074	0.807229	0.009901	0.0693069	9.90099e-09	1	0.119048	0.293963	0.666667	0.666667	0.666667	1	1	3325.26	1e+20	1.88925e+08	16.4801	72.1834	23.5933	59.3245	55.9047	78.4394	
 30000	-82600.6	-1190.66	-35870	-8420.79	0.0846123	1	0.239046	8.3666	3.80161	0.00579034	19.6658	0.175134	2416	99	409	-29003.6	32.6331f	47.0221	4	1	1	0.158416	0.237624	0.009901	9.90099e-09	0	0	0	0	0.890909	0.922131	0.242798	0.544	0.802469	0.009901	0.0693069	9.90099e-09	1	0.159836	0.339759	0.666667	0.666667	0.666667	1	1	3325.26	1e+20	1.88925e+08	68.1839	97.9806	23.5933	59.3245	32.6331	47.0221	
 31000	-83035.4	-1190.66	-36304.8	-8561.56	0.0846123	1	0.20223	9.88975	3.00443	0.0281561	19.3339	0.261947	2473	99	388	-29003.6	37.0261f	88.3999	4	1	1	0.158416	0.237624	0.009901	9.90099e-09	0	0	0	0	0.872727	0.931174	0.272358	0.537037	0.843373	0.009901	0.0693069	9.90099e-09	1	0.153226	0.323834	0.666667	0.666667	0.666667	1	1	3325.26	1e+20	1.88925e+08	68.1839	97.9806	23.5933	59.3245	37.0261	88.3999	
 32000	-84342.9	-1190.66	-37612.2	-8852.24	0.0874738	1	0.199716	10.0142	3.26206	0.0281561	19.6335	0.244295	2592	99	381	-29003.6	37.0261f	88.3999	4	1	1	0.0693069	0.237624	0.009901	9.90099e-09	0	0	0	0	0.881818	0.96124	0.27027	0.547009	0.838462	0.009901	0.0693069	9.90099e-09	1	0.219231	0.238845	0.666667	0.666667	0.666667	1	1	3325.26	1e+20	1.88925e+08	68.1839	97.9806	23.5933	59.3245	37.0261	88.3999	
 33000	-87158	-1190.66	-40427.4	-9321.09	0.0936242	1	0.206138	9.70225	3.65919	0.0281561	19.7087	0.210998	2789	99	426	-29003.6	37.0261f	88.3999	4	1	1	0.0693069	0.237624	0.039604	9.90099e-09	0	0	0	0	0.890909	0.953405	0.236559	0.523438	0.853571	0.009901	0.0792079	9.90099e-09	1	0.139286	0.264368	0.666667	0.666667	0.666667	1	1	3325.26	1e+20	1.88925e+08	95.9175	45.7537	23.5933	59.3245	37.0261	88.3999	
 34000	-86179.4	-1190.66	-39448.7	-9176.74	0.0930511	1	0.198858	10.0574	3.61287	0.0132734	19.8538	0.221527	2728	99	403	-29003.6	23.1853f	45.4866	4	1	1	0.0693069	0.237624	0.039604	9.90099e-09	0	0	0	0	0.818182	0.948718	0.234432	0.508333	0.838235	0.009901	0.0792079	9.90099e-09	1	0.14652	0.285714	0.666667	0.666667	0.666667	1	1	3325.26	1e+20	1.88925e+08	95.9175	45.7537	23.5933	59.3245	23.1853	45.4866	
 35000	-83775.9	-1190.66	-37045.2	-8672.96	0.0893911	1	0.222032	9.00771	3.87524	0.021458	19.8538	0.184972	2518	99	408	-29003.6	15.2795f	53.4279	4	1	1	0.0693069	0.237624	0.039604	9.90099e-09	0	0	0	0	0.863636	0.912	0.247012	0.537879	0.833992	0.009901	0.0792079	9.90099e-09	1	0.140625	0.30303	0.666667	0.666667	0.666667	1	1	3325.26	1e+20	1.88925e+08	95.9175	45.7537	23.5933	59.3245	15.2795	53.4279	
 36000	-85456.2	-1190.66	-38725.5	-8921.57	0.0898091	1	0.230504	8.67664	4.04192	0.044265	19.8538	0.170826	2621	99	454	-29003.6	1.69158f	36.3189	4	1	1	0.0693069	0.247525	0.039604	9.90099e-09	0	0	0	0	0.872727	0.920455	0.281369	0.536232	0.801527	0.009901	0.0792079	9.90099e-09	1	0.174905	0.278912	0.666667	0.666667	0.666667	1	1	3325.26	1e+20	1.88925e+08	92.5764	74.8115	23.5933	59.3245	1.69158	36.3189	
 37000	-84763.7	-1190.66	-38033.1	-8832.36	0.0895955	1	0.206279	9.69559	3.69843	0.00102537	19.9764	0.208616	2584	99	423	-29003.6	44.9638f	46.3553	4	1	1	0.0693069	0.247525	0.039604	0.009901	0	0	0	0	0.9	0.934866	0.254826	0.477612	0.832061	0.009901	0.0792079	9.90099e-09	1	0.164751	0.242697	0.666667	0.666667	0.666667	1	1	3325.26	1e+20	1.88925e+08	92.5764	74.8115	23.5933	59.3245	44.9638	46.3553	
 38000	-86098.1	-1190.66	-39367.4	-9195.78	0.0902034	1	0.205031	9.75462	3.70099	0.0432127	19.9764	0.209741	2735	99	383	-29003.6	0.738395f	43.7776	4	1	1	0.148515	0.247525	0.039604	0.009901	0	0	0	0	0.872727	0.930403	0.246324	0.508197	0.840149	0.009901	0.0792079	9.90099e-09	1	0.159851	0.296875	0.666667	0.666667	0.666667	1	1	3325.26	1e+20	1.88925e+08	92.5764	74.8115	23.5933	59.3245	0.738395	43.7776	
 39000	-86336	-1190.66	-39605.3	-9259.38	0.0939038	1	0.175502	11.3959	3.04606	0.0278151	19.5835	0.297714	2763	99	379	-29003.6	10.2464f	51.3999	4	1	1	0.148515	0.247525	0.049505	0.009901	0	0	0	0	0.890909	0.942029	0.173285	0.526316	0.843284	0.009901	0.0792079	9.90099e-09	1	0.122302	0.269755	0.666667	0.666667	0.666667	1	1	3325.26	1e+20	1.88925e+08	89.156	67.7274	23.5933	59.3245	10.2464	51.3999	
 40000	-87393.5	-1190.66	-40662.8	-9479.7	0.101373	1	0.176062	11.3596	3.29883	0.00923551	19.5835	0.274027	2857	99	377	-29003.6	27.9386f	55.3227	4	1	1	0.148515	0.247525	0.049505	0.009901	0	0	0	0	0.881818	0.965157	0.280142	0.516129	0.84965	0.009901	0.0792079	9.90099e-09	1	0.111888	0.262735	0.666667	0.666667	0.666667	1	1	3325.26	1e+20	1.88925e+08	89.156	67.7274	23.5933	59.3245	27.9386	55.3227	
 41000	-90119.6	-1190.66	-43389	-9867.6	0.103773	1	0.196989	10.1529	3.7783	0.0121062	19.5835	0.213837	3027	99	443	-29003.6	24.2727f	54.1472	4	1	1	0.148515	0.247525	0.049505	0.009901	0	0	0	0	0.863636	0.903654	0.227723	0.452381	0.86711	0.009901	0.0792079	9.90099e-09	1	0.0891089	0.27991	0.666667	0.666667	0.666667	1	1	3325.26	1e+20	1.88925e+08	89.156	67.7274	23.5933	59.3245	24.2727	54.1472	
 42000	-88941.4	-1190.66	-42210.8	-9709.12	0.103965	1	0.170807	11.7091	3.28219	0.0166583	19.5835	0.28389	2957	99	405	-29003.6	20.9477f	60.1261	4	1	1	0.148515	0.227723	0.049505	0.009901	0	0	0	0	0.890909	0.955782	0.216216	0.443609	0.858108	0.009901	0.0792079	9.90099e-09	1	0.152027	0.286408	0.666667	0.666667	0.666667	1	1	3325.26	1e+20	1.88925e+08	89.156	67.7274	23.5933	59.3245	20.9477	60.1261	
 43000	-90374.3	-1190.66	-43643.6	-9911.95	0.10174	1	0.177433	11.2719	3.33654	0.000946023	19.5835	0.268838	3046	99	444	-29003.6	52.2965f	56.3084	4	1	1	0.148515	0.227723	0.049505	0.009901	0	0	0	0	0.9	0.944444	0.257426	0.551181	0.827243	9.90099e-09	0.0792079	9.90099e-09	1	0.117647	0.314685	0.666667	0.666667	0.666667	1	1	3325.26	1e+20	1.88925e+08	89.156	67.7274	23.5933	59.3245	52.2965	56.3084	
 44000	-89998	-1190.66	-43267.3	-9881.42	0.106081	1	0.190743	10.4853	3.76619	0.00108014	19.6179	0.221549	3033	99	427	-29003.6	56.9551f	49.1754	4	1	1	0.148515	0.227723	0.049505	0.009901	0	0	0	0	0.863636	0.940984	0.240924	0.507463	0.858065	9.90099e-09	0.0792079	9.90099e-09	1	0.154098	0.313364	0.666667	0.666667	0.666667	1	1	3325.26	1e+20	1.88925e+08	89.156	67.7274	23.5933	59.3245	56.9551	49.1754	
 45000	-90582	-1190.66	-43851.4	-9946.5	0.104986	1	0.199623	10.0189	3.99424	0.0149273	19.7342	0.199607	3062	99	446	-29003.6	28.5828f	69.9631	4	1	1	0.118812	0.227723	0.049505	0.009901	0	0	0	0	0.890909	0.934426	0.246006	0.51049	0.842767	9.90099e-09	0.0792079	9.90099e-09	1	0.140523	0.322222	0.666667	0.666667	0.666667	1	1	3325.26	1e+20	1.88925e+08	89.156	67.7274	23.5933	59.3245	28.5828	69.9631	
 46000	-90014.3	-1190.66	-43283.6	-9923.96	0.104986	1	0.163804	12.2097	3.41273	0.0504709	19.9347	0.284704	3052	99	403	-29003.6	7.36899f	83.2182	4	1	1	0.118812	0.227723	0.039604	0.009901	0	0	0	0	0.9	0.934641	0.273026	0.561983	0.848684	9.90099e-09	0.0693069	9.90099e-09	1	0.127451	0.307692	0.666667	0.666667	0.666667	1	1	3325.26	1e+20	1.88925e+08	89.156	67.7274	23.5933	59.3245	7.36899	83.2182	
 47000	-92051.9	-1190.66	-45321.3	-10245.8	0.107471	1	0.167792	11.9196	3.57855	0.00195332	19.9347	0.265059	3196	99	439	-29003.6	49.3474f	60.2476	4	1	1	0.118812	0.227723	0.039604	0.009901	0	0	0	0	0.818182	0.953416	0.265625	0.541667	0.875389	9.90099e-09	0.0693069	9.90099e-09	1	0.159375	0.285377	0.666667	0.666667	0.666667	1	1	3325.26	1e+20	1.88925e+08	89.156	67.7274	23.5933	59.3245	49.3474	60.2476	
 48000	-90522.7	-1190.66	-43792.1	-10040.6	0.107471	1	0.176005	11.3633	3.73872	0.0036109	19.9147	0.241865	3104	99	393	-29003.6	37.4171f	55.902	4	1	1	0.118812	0.237624	0.039604	0.009901	0	0	0	0	0.909091	0.938907	0.254019	0.495935	0.87055	9.90099e-09	0.0693069	9.90099e-09	1	0.145631	0.274809	0.666667	0.666667	0.666667	1	1	3325.26	1e+20	1.88925e+08	89.156	67.7274	23.5933	59.3245	37.4171	55.902	
 49000	-91444.8	-1190.66	-44714.2	-10107.5	0.107471	1	0.187628	10.6594	3.98561	0.00578026	19.9147	0.212828	3134	99	448	-29003.6	33.3157f	56.2631	4	1	1	0.118812	0.237624	0.039604	0.009901	0	0	0	0	0.827273	0.920635	0.27619	0.492537	0.857143	9.90099e-09	0.0693069	9.90099e-09	1	0.12381	0.276786	0.666667	0.666667	0.666667	1	1	3325.26	1e+20	1.88925e+08	89.156	67.7274	23.5933	59.3245	33.3157	56.2631	
 50000	-90824.2	-1190.66	-44093.5	-10007.6	0.104414	1	0.189598	10.5486	3.91291	0.0381551	19.9147	0.214529	3089	99	444	-29003.6	15.549f	81.9682	4	1	1	0.118812	0.237624	0.039604	9.90099e-09	0	0	0	0	0.872727	0.932039	0.213592	0.574803	0.819355	9.90099e-09	0.0693069	9.90099e-09	1	0.148387	0.268793	0.666667	0.666667	0.666667	1	1	3325.26	1e+20	1.88925e+08	89.156	67.7274	23.5933	59.3245	15.549	81.9682	
 51000	-92095	-1190.66	-45364.3	-10201.1	0.111348	1	0.189731	10.5413	4.17565	0.0617657	19.9147	0.20089	3176	99	463	-29003.6	15.0599f	98.6911	4	1	1	0.118812	0.237624	0.039604	9.90099e-09	0	0	0	0	0.881818	0.921384	0.222571	0.458333	0.836478	9.90099e-09	0.0693069	9.90099e-09	1	0.150943	0.250535	0.666667	0.666667	0.666667	1	1	3325.26	1e+20	1.88925e+08	89.156	67.7274	35.092	66.0199	15.0599	98.6911	
 52000	-94348.4	-1190.66	-47617.8	-10637	0.1176	1	0.177066	11.2952	4.089	0.0201566	19.8823	0.21982	3376	99	464	-29003.6	23.6194f	71.5366	4	1	1	0.108911	0.237624	0.029703	9.90099e-09	0	0	0	0	0.872727	0.943953	0.265487	0.528986	0.882353	9.90099e-09	0.0990099	9.90099e-09	1	0.142012	0.283753	0.666667	0.666667	0.666667	1	1	3325.26	1e+20	1.88925e+08	89.156	67.7274	35.092	66.0199	23.6194	71.5366	
 53000	-94190.5	-1190.66	-47459.8	-10664.9	0.115929	1	0.167494	11.9407	3.85747	0.0302727	19.94	0.24633	3389	99	430	-29003.6	41.8717f	91.2784	4	1	1	0.108911	0.237624	0.029703	9.90099e-09	0	0	0	0	0.836364	0.95549	0.253687	0.544	0.869822	9.90099e-09	0.0990099	9.90099e-09	1	0.115044	0.310421	0.666667	0.666667	0.666667	1	1	3325.26	1e+20	1.88925e+08	89.156	67.7274	24.7419	88.6768	41.8717	91.2784	
 54000	-96624.5	-1190.66	-49893.8	-11067.8	0.121617	1	0.164617	12.1494	3.65352	0.0173402	19.5213	0.264627	3579	99	458	-29003.6	51.7177f	81.8331	4	1	1	0.108911	0.158416	0.029703	9.90099e-09	0	0	0	0	0.909091	0.955679	0.222841	0.542254	0.853521	9.90099e-09	0.0990099	9.90099e-09	1	0.130919	0.322785	0.666667	0.666667	0.666667	1	1	3325.26	1e+20	1.88925e+08	89.156	67.7274	24.7419	88.6768	51.7177	81.8331	
 55000	-97684	-1190.66	-50953.3	-11163.4	0.124972	1	0.189931	10.5301	4.00087	0.0299606	19.1374	0.209445	3625	99	510	-29003.6	19.9667f	78.8236	4	1	1	0.108911	0.158416	0.029703	9.90099e-09	0	0	0	0	0.927273	0.933702	0.253444	0.588235	0.837466	9.90099e-09	0.0990099	9.90099e-09	1	0.129477	0.269547	0.666667	0.666667	0.666667	1	1	3325.26	1e+20	1.88925e+08	89.156	67.7274	21.8501	50.491	19.9667	78.8236	
 56000	-97956	-1190.66	-51225.3	-11300.7	0.124972	1	0.173931	11.4988	3.62799	0.0382855	19.0905	0.252219	3691	99	464	-29003.6	43.1112f	96.8218	4	1	1	0.108911	0.158416	0.029703	9.90099e-09	0	0	0	0	0.836364	0.948787	0.229111	0.44898	0.846361	0.019802	0.0990099	9.90099e-09	1	0.132075	0.317797	0.666667	0.666667	0.666667	1	1	3325.26	1e+20	1.88925e+08	89.3451	60.9812	21.8501	50.491	43.1112	96.8218	
 57000	-99052.5	-1190.66	-52321.9	-11484.6	0.129656	1	0.19369	10.3258	4.16026	0.040946	19.0547	0.197511	3781	99	474	-29003.6	2.10239f	57.145	4	1	1	0.108911	0.158416	0.118812	9.90099e-09	0	0	0	0	0.854545	0.939791	0.240106	0.524476	0.841689	0.019802	0.0990099	9.90099e-09	1	0.128947	0.311203	0.666667	0.666667	0.666667	1	1	3325.26	1e+20	1.88925e+08	89.3451	60.9812	21.8501	50.491	2.10239	57.145	
 58000	-100600	-1190.66	-53869.7	-11745.7	0.13257	1	0.20008	9.99601	3.90118	0.010245	18.4963	0.203902	3910	99	485	-29003.6	39.0157f	29.1076	4	1	1	0.108911	0.158416	0.118812	9.90099e-09	0	0	0	0	0.881818	0.940874	0.204663	0.563107	0.868557	0.019802	0.0990099	9.90099e-09	1	0.0994898	0.32874	0.666667	0.666667	0.666667	1	1	3325.26	1e+20	1.88925e+08	93.9941	61.7058	21.8501	50.491	39.0157	29.1076	
 59000	-103150	-1190.66	-56419.3	-12104.1	0.139228	1	0.198141	10.0938	4.05739	0.0129513	18.4963	0.19797	4091	99	525	-29003.6	24.8422f	60.0071	4	1	1	0.108911	0.158416	0.118812	9.90099e-09	0	0	0	0	0.854545	0.938875	0.246944	0.457944	0.847087	0.019802	0.0792079	9.90099e-09	1	0.117073	0.288425	0.666667	0.666667	0.666667	1	1	3325.26	1e+20	1.88925e+08	93.9941	61.7058	10.6902	76.6535	24.8422	60.0071	
 60000	-103831	-1190.66	-57100.1	-12283.5	0.139228	1	0.177444	11.2711	3.63358	0.0274242	18.4963	0.246844	4182	99	504	-29003.6	10.6728f	53.8969	4	1	1	0.108911	0.158416	0.118812	9.90099e-09	0	0	0	0	0.881818	0.954654	0.193317	0.466667	0.840095	0.019802	0.0792079	9.90099e-09	1	0.121718	0.340426	0.666667	0.666667	0.666667	1	1	3325.26	1e+20	1.88925e+08	93.9941	61.7058	10.6902	76.6535	10.6728	53.8969	
 61000	-104406	-1190.66	-57675	-12412.4	0.144981	1	0.139775	14.3087	3.25597	0.0383071	18.9096	0.349713	4250	99	474	-29003.6	37.0768f	95.5018	4	1	1	0.108911	0.158416	0.118812	9.90099e-09	0	0	0	0	0.854545	0.964455	0.252955	0.5	0.85545	0.019802	0.0792079	9.90099e-09	1	0.104265	0.302326	0.666667	0.666667	0.666667	1	1	3325.26	1e+20	1.88925e+08	93.9941	61.7058	29.4157	78.0164	37.0768	95.5018	
 62000	-105019	-1190.66	-58288	-12588.1	0.148084	1	0.1363	14.6735	3.68888	0.00591391	19.5286	0.316541	4342	99	437	-29003.6	32.407f	47.1471	4	1	1	0.108911	0.237624	0.118812	9.90099e-09	0	0	0	0	0.890909	0.97235	0.255172	0.561151	0.898851	0.019802	0.0792079	9.90099e-09	1	0.156322	0.326039	0.666667	0.666667	0.666667	1	1	3325.26	1e+20	1.88925e+08	93.9941	61.7058	29.4157	78.0164	32.407	47.1471	
 63000	-105034	-1190.66	-58303.4	-12527.7	0.143348	1	0.13704	14.5943	3.30668	0.0654375	19.1309	0.351221	4309	99	467	-29003.6	13.2795f	99.56	4	1	1	0.108911	0.237624	0.118812	9.90099e-09	0	0	0	0	0.845455	0.944573	0.243619	0.619718	0.863109	0.019802	0.0792079	9.90099e-09	1	0.12993	0.295503	0.666667	0.666667	0.666667	1	1	3325.26	1e+20	1.88925e+08	93.9941	61.7058	29.4157	78.0164	13.2795	99.56	
 64000	-105509	-1190.66	-58778.8	-12593.7	0.148473	1	0.162188	12.3313	3.40535	0.0282701	18.3156	0.288163	4345	99	483	-29003.6	35.1132f	87.77	4	1	1	0.108911	0.237624	0.049505	9.90099e-09	0	0	0	0	0.863636	0.967816	0.222989	0.529801	0.852874	0.019802	0.0792079	9.90099e-09	1	0.117241	0.318841	0.666667	0.666667	0.666667	1	1	3325.26	1e+20	1.88925e+08	93.9941	61.7058	29.4157	78.0164	35.1132	87.77	
 65000	-105883	-1190.66	-59152	-12631.8	0.148676	1	0.172696	11.5811	3.63092	0.0753259	18.3156	0.253818	4365	99	495	-29003.6	2.9041f	96.404	4	1	1	0.0990099	0.237624	0.049505	9.90099e-09	0	0	0	0	0.9	0.956221	0.220657	0.524752	0.873832	0.019802	0.0792079	9.90099e-09	1	0.108295	0.321499	0.666667	0.666667	0.666667	1	1	3325.26	1e+20	1.88925e+08	93.9941	61.7058	44.0301	80.8139	2.9041	96.404	
 66000	-106049	-1190.66	-59318.3	-12606.9	0.14906	1	0.182637	10.9507	3.6412	0.0226673	18.0622	0.239325	4352	99	523	-29003.6	22.3891f	73.3231	4	1	1	0.0990099	0.237624	0.049505	9.90099e-09	0	0	0	0	0.909091	0.9447	0.240826	0.425926	0.866972	0.019802	0.0792079	9.90099e-09	1	0.144495	0.291439	0.666667	0.666667	0.666667	1	1	3325.26	1e+20	1.88925e+08	93.9941	61.7058	44.0301	80.8139	22.3891	73.3231	
 67000	-105577	-1190.66	-58846.7	-12532.9	0.147132	1	0.173982	11.4955	4.89563	0.012736	19.7514	0.186856	4313	99	516	-29003.6	56.1532f	76.6273	4	1	1	0.0990099	0.237624	0.049505	9.90099e-09	0	0	0	0	0.845455	0.931034	0.235566	0.510067	0.87239	9.90099e-09	0.0792079	9.90099e-09	1	0.145833	0.316327	0.666667	0.666667	0.666667	1	1	3325.26	1e+20	1.88925e+08	93.9941	61.7058	44.0301	80.8139	56.1532	76.6273	
 68000	-108072	-1190.66	-61341.4	-12981.3	0.1529	1	0.168608	11.8618	4.93045	0.0187776	19.7514	0.19145	4551	99	503	-29003.6	41.5178f	81.9942	4	1	1	0.0990099	0.217822	0.049505	9.90099e-09	0	0	0	0	0.8	0.95585	0.223451	0.554455	0.844298	9.90099e-09	0.0792079	9.90099e-09	1	0.138158	0.295547	0.666667	0.666667	0.666667	1	1	3325.26	1e+20	1.88925e+08	97.4145	39.2452	44.0301	80.8139	41.5178	81.9942	
 69000	-108309	-1190.66	-61578.5	-12915.6	0.1529	1	0.159741	12.5203	4.67115	0.0211122	19.7514	0.213295	4516	99	553	-29003.6	76.3331f	73.3463	4	1	1	0.0990099	0.217822	0.049505	9.90099e-09	0	0	0	0	0.872727	0.964912	0.250549	0.611111	0.864745	9.90099e-09	0.0792079	9.90099e-09	1	0.131579	0.30292	0.666667	0.666667	0.666667	1	1	3325.26	1e+20	1.88925e+08	93.5751	11.4933	44.3484	87.8783	76.3331	73.3463	
 70000	-108709	-1190.66	-61977.9	-13020.5	0.156968	1	0.147343	13.5737	4.48359	0.036868	19.8184	0.240915	4573	99	533	-29003.6	47.9343f	96.4211	4	1	1	0.0792079	0.217822	0.049505	9.90099e-09	0	0	0	0	0.872727	0.953947	0.2407	0.560748	0.866521	9.90099e-09	0.0792079	9.90099e-09	1	0.157549	0.255403	0.666667	0.666667	0.666667	1	1	3325.26	1e+20	1.88925e+08	93.5751	11.4933	44.3484	87.8783	47.9343	96.4211	
 71000	-109908	-1190.66	-63177.8	-13218.8	0.160355	1	0.144651	13.8264	4.49665	0.0254176	19.8184	0.244686	4681	99	528	-29003.6	49.2562f	88.5835	4	1	1	0.0792079	0.217822	0.049505	9.90099e-09	0	0	0	0	0.881818	0.959315	0.230769	0.514286	0.869379	9.90099e-09	0.049505	9.90099e-09	1	0.134328	0.286822	0.666667	0.666667	0.666667	1	1	3325.26	1e+20	1.88925e+08	93.5751	11.4933	36.7344	71.9744	49.2562	88.5835	
 72000	-109096	-1190.66	-62365.3	-13109.7	0.162281	1	0.14616	13.6837	4.59811	0.00658927	19.8184	0.236817	4621	99	518	-29003.6	65.9885f	61.2435	4	1	1	0.0792079	0.217822	0.049505	9.90099e-09	0	0	0	0	0.863636	0.948164	0.225806	0.509615	0.869379	9.90099e-09	0.049505	9.90099e-09	1	0.114471	0.26506	0.666667	0.666667	0.666667	1	1	3325.26	1e+20	1.88925e+08	93.5751	11.4933	36.7344	71.9744	65.9885	61.2435	
 73000	-108401	-1190.66	-61669.9	-13063.1	0.159955	1	0.131392	15.2217	4.07429	0.0131854	19.8184	0.297303	4596	99	483	-29003.6	39.7823f	75.7104	4	1	1	0.0792079	0.217822	0.049505	9.90099e-09	0	0	0	0	0.918182	0.967532	0.255411	0.435644	0.859307	9.90099e-09	0.049505	9.90099e-09	1	0.0887446	0.302419	0.666667	0.666667	0.666667	1	1	3325.26	1e+20	1.88925e+08	93.5751	11.4933	36.7344	71.9744	39.7823	75.7104	
 74000	-111023	-1190.66	-64292.7	-13474.1	0.168206	1	0.137034	14.5949	4.46843	0.0232177	19.8184	0.259918	4822	99	492	-29003.6	44.931f	86.5031	4	1	1	0.0792079	0.217822	0.049505	9.90099e-09	0	0	0	0	0.9	0.972973	0.269151	0.554795	0.889813	9.90099e-09	0.049505	9.90099e-09	1	0.114108	0.281837	0.666667	0.666667	0.666667	1	1	3325.26	1e+20	1.88925e+08	93.5751	11.4933	36.7344	71.9744	44.931	86.5031	
 75000	-111875	-1190.66	-65144.8	-13586.6	0.166857	1	0.13966	14.3205	4.51751	0.0129919	19.8184	0.252261	4885	99	507	-29003.6	58.2462f	76.3508	4	1	1	0.0990099	0.188119	0.049505	9.90099e-09	0	0	0	0	0.881818	0.96945	0.255102	0.47619	0.879098	9.90099e-09	0.049505	9.90099e-09	1	0.122699	0.324435	0.666667	0.666667	0.666667	1	1	3325.26	1e+20	1.88925e+08	93.5751	11.4933	36.7344	71.9744	58.2462	76.3508	
 76000	-112610	-1190.66	-65879.7	-13647.5	0.166857	1	0.136341	14.6691	4.41017	0.0388693	19.8184	0.26469	4919	99	541	-29003.6	2.90248f	49.2389	4	1	1	0.0990099	0.188119	0.049505	9.90099e-09	0	0	0	0	0.863636	0.951417	0.275304	0.485981	0.885947	9.90099e-09	0.049505	9.90099e-09	1	0.134146	0.33578	0.666667	0.666667	0.666667	1	1	3325.26	1e+20	1.88925e+08	93.5751	11.4933	26.9279	68.9681	2.90248	49.2389	
 77000	-111415	-1190.66	-64684.2	-13489.9	0.167194	1	0.151044	13.2412	4.89563	0.0166321	19.8184	0.215233	4831	99	518	-29003.6	33.5294f	76.3053	4	1	1	0.0990099	0.188119	0.049505	9.90099e-09	0	0	0	0	0.827273	0.950311	0.201681	0.468468	0.888199	9.90099e-09	0.049505	9.90099e-09	1	0.10766	0.333977	0.666667	0.666667	0.666667	1	1	3325.26	1e+20	1.88925e+08	82.8576	2.87485	26.9279	68.9681	33.5294	76.3053	
 78000	-111763	-1190.66	-65032.2	-13577.9	0.165982	1	0.136494	14.6526	4.39197	0.0439669	19.8184	0.265489	4880	99	500	-29003.6	0.657517f	41.4785	4	1	1	0.0990099	0.188119	0.049505	9.90099e-09	0	0	0	0	0.9	0.95112	0.256148	0.564356	0.877551	0.009901	0.049505	9.90099e-09	1	0.0817996	0.278	0.666667	0.666667	0.666667	1	1	3325.26	1e+20	1.88925e+08	82.8576	2.87485	23.4118	66.4657	0.657517	41.4785	
 79000	-112055	-1190.66	-65324.6	-13567.2	0.165982	1	0.151652	13.1881	4.8797	0.0426107	19.8184	0.21507	4874	99	532	-29003.6	15.7092f	85.9822	4	1	1	0.0990099	0.188119	9.90099e-09	9.90099e-09	0	0	0	0	0.854545	0.95723	0.229508	0.469027	0.851107	0.009901	0.049505	9.90099e-09	1	0.133197	0.274223	0.666667	0.666667	0.666667	1	1	3325.26	1e+20	1.88925e+08	82.8576	2.87485	23.4118	66.4657	15.7092	85.9822	
 80000	-112703	-1190.66	-65972.1	-13665.9	0.165982	1	0.151652	13.1881	4.8106	0.0106079	19.7479	0.218159	4929	99	540	-29003.6	25.9072f	53.4395	4	1	1	0.0990099	0.188119	9.90099e-09	9.90099e-09	0	0	0	0	0.827273	0.961224	0.210526	0.571429	0.870445	0.009901	0.049505	9.90099e-09	1	0.117886	0.243856	0.666667	0.666667	0.666667	1	1	3325.26	1e+20	1.88925e+08	82.8576	2.87485	23.4118	66.4657	25.9072	53.4395	
 81000	-113105	-1190.66	-66374.1	-13674.6	0.166392	1	0.151652	13.1881	5.01996	0.015769	19.947	0.209061	4934	99	568	-29003.6	20.7372f	55.9349	4	1	1	0.0990099	0.188119	9.90099e-09	9.90099e-09	0	0	0	0	0.836364	0.95112	0.228571	0.473684	0.865306	0.009901	0.049505	9.90099e-09	1	0.132383	0.286972	0.666667	0.666667	0.666667	1	1	3325.26	1e+20	1.88925e+08	82.8576	2.87485	23.4118	66.4657	20.7372	55.9349	
 82000	-112773	-1190.66	-66042.5	-13708.7	0.166392	1	0.143634	13.9243	4.75456	0.0123646	19.947	0.233052	4953	99	523	-29003.6	27.2181f	63.5589	4	1	1	0.039604	0.118812	9.90099e-09	9.90099e-09	0	0	0	0	0.872727	0.959514	0.270707	0.481818	0.89899	0.009901	0.049505	9.90099e-09	1	0.100806	0.290631	0.666667	0.666667	0.666667	1	1	3325.26	1e+20	1.88925e+08	44.9012	21.9134	23.4118	66.4657	27.2181	63.5589	
 83000	-113367	-1190.66	-66636.8	-13809.1	0.166392	1	0.148462	13.4715	4.91435	0.0226255	19.947	0.218142	5009	99	523	-29003.6	27.7525f	78.5547	4	1	1	0.039604	0.118812	9.90099e-09	9.90099e-09	0	0	0	0	0.845455	0.98004	0.224	0.509259	0.872255	0.009901	0.0693069	9.90099e-09	1	0.121756	0.309568	0.666667	0.666667	0.666667	1	1	3325.26	1e+20	1.88925e+08	44.9012	21.9134	23.4118	66.4657	27.7525	78.5547	
 84000	-113805	-1190.66	-67074.2	-13707.2	0.171935	1	0.171496	11.6621	5.58624	0.0203098	19.7048	0.16613	4953	99	617	-29003.6	59.5588f	83.1891	4	1	1	0.039604	0.118812	9.90099e-09	9.90099e-09	0	0	0	0	0.9	0.951417	0.237323	0.468254	0.857724	0.009901	0.0693069	9.90099e-09	1	0.131048	0.258883	0.666667	0.666667	0.666667	1	1	3325.26	1e+20	1.88925e+08	44.9012	21.9134	46.6184	66.3605	59.5588	83.1891	
 85000	-113420	-1190.66	-66689.7	-13724.7	0.171113	1	0.159139	12.5676	5.15898	0.0103981	19.7048	0.193856	4963	99	568	-29003.6	34.5666f	68.9194	4	1	1	0.039604	0.118812	0.0693069	9.90099e-09	0	0	0	0	0.881818	0.945783	0.220884	0.512821	0.851107	0.009901	0.0693069	9.90099e-09	1	0.120724	0.318815	0.666667	0.666667	0.666667	1	1	3325.26	1e+20	1.88925e+08	69.8444	64.2917	46.6184	66.3605	34.5666	68.9194	
 86000	-113826	-1190.66	-67094.9	-13717.7	0.171113	1	0.159139	12.5676	5.21527	0.00162108	19.7584	0.191763	4959	99	607	-29003.6	48.712f	59.1295	4	1	1	0.039604	0.118812	0.0693069	9.90099e-09	0	0	0	0	0.845455	0.94929	0.222222	0.474576	0.868952	0.009901	0.0693069	9.90099e-09	1	0.147177	0.318182	0.666667	0.666667	0.666667	1	1	3325.26	1e+20	1.88925e+08	69.1729	21.7307	46.6184	66.3605	48.712	59.1295	
 87000	-114920	-1190.66	-68189.4	-13952.5	0.175563	1	0.1587	12.6024	5.15107	0.0128504	19.5848	0.194691	5093	99	578	-29003.6	76.0361f	58.3171	4	1	1	0.039604	0.118812	0.0693069	9.90099e-09	0	0	0	0	0.881818	0.923679	0.260274	0.463636	0.888235	0.009901	0.0693069	9.90099e-09	1	0.146771	0.283761	0.666667	0.666667	0.666667	1	1	3325.26	1e+20	1.88925e+08	69.1729	21.7307	46.6184	66.3605	76.0361	58.3171	
 88000	-115171	-1190.66	-68440.1	-13954.3	0.175563	1	0.166673	11.9995	5.40987	0.00891202	19.5848	0.176509	5094	99	596	-29003.6	51.4162f	72.7593	4	1	1	0.039604	0.118812	0.0693069	9.90099e-09	0	0	0	0	0.909091	0.951267	0.266667	0.507813	0.839216	0.009901	0.0693069	9.90099e-09	1	0.148148	0.274112	0.666667	0.666667	0.666667	1	1	3325.26	1e+20	1.88925e+08	69.1729	21.7307	68.3854	79.5935	51.4162	72.7593	
 89000	-114743	-1190.66	-68012.6	-13927	0.17236	1	0.149358	13.3907	4.75939	0.0432498	19.5848	0.223894	5078	99	573	-29003.6	75.7979f	93.2766	4	1	1	0.0693069	0.138614	0.0693069	9.90099e-09	0	0	0	0	0.863636	0.941406	0.240157	0.533898	0.874016	0.009901	0.108911	9.90099e-09	1	0.120079	0.286213	0.666667	0.666667	0.666667	1	1	3325.26	1e+20	1.88925e+08	83.411	45.147	68.3854	79.5935	75.7979	93.2766	
 90000	-112972	-1190.66	-66241.2	-13693.2	0.17236	1	0.151151	13.2318	4.81515	0.0394945	19.5834	0.218674	4945	99	545	-29003.6	89.8892f	76.8715	4	1	1	0.0693069	0.138614	0.029703	9.90099e-09	0	0	0	0	0.9	0.925253	0.244444	0.45045	0.848485	0.009901	0.108911	9.90099e-09	1	0.129293	0.293381	0.666667	0.666667	0.666667	1	1	3325.26	1e+20	1.88925e+08	83.411	45.147	89.6231	40.8305	89.8892	76.8715	
 91000	-114230	-1190.66	-67499.7	-13847.9	0.17236	1	0.142919	13.9939	4.79065	0.00484087	19.8342	0.232453	5033	99	574	-29003.6	51.2246f	34.1485	4	1	1	0.0693069	0.138614	0.029703	9.90099e-09	0	0	0	0	0.818182	0.966135	0.27833	0.539823	0.88247	0.009901	0.108911	9.90099e-09	1	0.113095	0.264865	0.666667	0.666667	0.666667	1	1	3325.26	1e+20	1.88925e+08	83.411	45.147	89.6231	40.8305	51.2246	34.1485	
 92000	-114123	-1190.66	-67392	-13905.9	0.17236	1	0.142919	13.9939	4.56087	0.0398185	19.592	0.244164	5066	99	530	-29003.6	94.8726f	33.1059	4	1	1	0.0693069	0.138614	0.029703	9.90099e-09	0	0	0	0	0.818182	0.956778	0.271654	0.53271	0.86166	0.009901	0.108911	9.90099e-09	1	0.121807	0.266917	0.666667	0.666667	0.666667	1	1	3325.26	1e+20	1.88925e+08	93.3809	41.1047	89.6231	40.8305	94.8726	33.1059	
 93000	-114453	-1190.66	-67722.3	-13895	0.17465	1	0.137088	14.5892	4.5762	0.0335779	19.7484	0.253697	5060	99	565	-29003.6	92.2937f	63.0842	4	1	1	0.0693069	0.138614	0.029703	9.90099e-09	0	0	0	0	0.863636	0.962745	0.310891	0.603448	0.891519	0.009901	0.108911	9.90099e-09	1	0.138067	0.264706	0.666667	0.666667	0.666667	1	1	3325.26	1e+20	1.88925e+08	93.3809	41.1047	95.521	66.2373	92.2937	63.0842	
 94000	-114637	-1190.66	-67906.4	-14005	0.17465	1	0.134214	14.9015	4.48028	0.035759	19.7484	0.264677	5123	99	517	-29003.6	94.9261f	42.7289	4	1	1	0.0693069	0.138614	0.029703	9.90099e-09	0	0	0	0	0.827273	0.955166	0.261719	0.5	0.901575	0.009901	0.108911	9.90099e-09	1	0.0935673	0.324376	0.666667	0.666667	0.666667	1	1	3325.26	1e+20	1.88925e+08	93.3809	41.1047	95.521	66.2373	94.9261	42.7289	
 95000	-113014	-1190.66	-66282.9	-13778.2	0.177446	1	0.138622	14.4278	4.70149	0.0528293	19.7484	0.244204	4992	99	506	-29003.6	8.45672f	86.5367	4	1	1	0.0693069	0.148515	0.029703	9.90099e-09	0	0	0	0	0.854545	0.960159	0.250996	0.556604	0.898406	0.009901	0.108911	9.90099e-09	1	0.11	0.291429	0.666667	0.666667	0.666667	1	1	3325.26	1e+20	1.88925e+08	93.3809	41.1047	40.4083	83.6639	8.45672	86.5367	
 96000	-115226	-1190.66	-68495.4	-14053.3	0.179271	1	0.135377	14.7735	4.80919	0.0147736	19.9274	0.244457	5151	99	543	-29003.6	67.784f	73.4752	4	1	1	0.029703	0.148515	0.0693069	9.90099e-09	0	0	0	0	0.918182	0.96124	0.267057	0.527273	0.874016	0.009901	0.108911	9.90099e-09	1	0.108527	0.24581	0.666667	0.666667	0.666667	1	1	3325.26	1e+20	1.88925e+08	93.3809	41.1047	40.4083	83.6639	67.784	73.4752	
 97000	-116957	-1190.66	-70226.6	-14330.1	0.179271	1	0.139407	14.3465	4.99242	0.0220745	19.9677	0.228679	5312	99	544	-29003.6	66.8502f	81.8316	4	1	1	0.029703	0.148515	0.0693069	9.90099e-09	0	0	0	0	0.827273	0.979284	0.225564	0.472727	0.900188	0.009901	0.108911	9.90099e-09	1	0.12218	0.306715	0.666667	0.666667	0.666667	1	1	3325.26	1e+20	1.88925e+08	93.3809	41.1047	40.4083	83.6639	66.8502	81.8316	
 98000	-116023	-1190.66	-69292.3	-14226.7	0.181169	1	0.125599	15.9237	4.54556	0.0304634	19.9677	0.278771	5252	99	514	-29003.6	22.7536f	81.989	4	1	1	0.029703	0.148515	0.0693069	9.90099e-09	0	0	0	0	0.845455	0.971537	0.246679	0.483444	0.893738	0.009901	0.108911	9.90099e-09	1	0.11597	0.281377	0.666667	0.666667	0.666667	1	1	3325.26	1e+20	1.88925e+08	93.8066	33.8491	38.7951	84.6923	22.7536	81.989	
 99000	-114987	-1190.66	-68256.4	-14156.6	0.181169	1	0.121881	16.4094	4.41101	0.0288001	19.9677	0.296036	5211	99	467	-29003.6	28.6613f	84.9088	4	1	1	0.029703	0.148515	0.0693069	9.90099e-09	0	0	0	0	0.836364	0.952381	0.246654	0.613861	0.883365	0.009901	0.108911	9.90099e-09	1	0.105163	0.327935	0.666667	0.666667	0.666667	1	1	3325.26	1e+20	1.88925e+08	93.8066	33.8491	38.7951	84.6923	28.6613	84.9088	
100000	-115890	-1190.66	-69159.8	-14270	0.179035	1	0.120005	16.6659	4.29198	0.0343914	19.9677	0.309002	5277	99	484	-29003.6	31.2133f	90.6327	4	1	1	0.029703	0.148515	0.0693069	9.90099e-09	0	0	0	0	0.863636	0.971591	0.295455	0.552448	0.895238	0.009901	0.108911	9.90099e-09	1	0.110476	0.319742	0.666667	0.666667	0.666667	1	1	3325.26	1e+20	1.88925e+08	93.8066	33.8491	38.7951	84.6923	31.2133	90.6327	
101000	-115342	-1190.66	-68611.6	-14072.2	0.179035	1	0.143419	13.9452	4.73452	0.0225471	19.5718	0.23439	5162	99	551	-29003.6	46.7375f	86.1817	4	1	1	0.029703	0.148515	0.0693069	9.90099e-09	0	0	0	0	0.945455	0.966797	0.263056	0.486239	0.883495	0.009901	0.108911	9.90099e-09	1	0.110251	0.273743	0.666667	0.666667	0.666667	1	1	3325.26	1e+20	1.88925e+08	93.8066	33.8491	32.5497	90.4911	46.7375	86.1817	
102000	-117539	-1190.66	-70808.2	-14333.2	0.179833	1	0.145589	13.7373	5.23869	0.0206602	19.9758	0.208674	5314	99	588	-29003.6	15.8348f	51.5707	4	1	1	0.0594059	0.178218	0.039604	9.90099e-09	0	0	0	0	0.872727	0.951402	0.274436	0.571429	0.881579	0.009901	0.138614	9.90099e-09	1	0.112994	0.305556	0.666667	0.666667	0.666667	1	1	3325.26	1e+20	1.88925e+08	93.8066	33.8491	32.5497	90.4911	15.8348	51.5707	
103000	-118000	-1190.66	-71269.2	-14424.7	0.179214	1	0.143412	13.9458	5.14259	0.0424018	19.9758	0.215801	5367	99	581	-29003.6	8.10027f	76.3051	4	1	1	0.0594059	0.178218	0.039604	9.90099e-09	0	0	0	0	0.890909	0.953358	0.271881	0.598214	0.873371	0.009901	0.138614	9.90099e-09	1	0.108007	0.307427	0.666667	0.666667	0.666667	1	1	3325.26	1e+20	1.88925e+08	93.8066	33.8491	32.5497	90.4911	8.10027	76.3051	
104000	-119971	-1190.66	-73239.8	-14668.4	0.187572	1	0.141152	14.1691	5.2976	0.0365672	19.9758	0.21284	5514	99	608	-29003.6	26.3825f	89.6178	4	1	1	0.0594059	0.178218	0.039604	9.90099e-09	0	0	0	0	0.854545	0.956364	0.268116	0.516667	0.846995	0.009901	0.138614	9.90099e-09	1	0.105072	0.274611	0.666667	0.666667	0.666667	1	1	3325.26	1e+20	1.88925e+08	93.8066	33.8491	32.5497	90.4911	26.3825	89.6178	
105000	-119302	-1190.66	-72570.9	-14615.2	0.183798	1	0.139703	14.316	5.13773	0.0247062	19.9758	0.221739	5481	99	589	-29003.6	23.9461f	77.3806	4	1	1	0.0594059	0.178218	0.039604	9.90099e-09	0	0	0	0	0.872727	0.958258	0.221014	0.5	0.870909	0.009901	0.138614	9.90099e-09	1	0.102004	0.26936	0.666667	0.666667	0.666667	1	1	3325.26	1e+20	1.88925e+08	91.1509	78.4579	32.5497	90.4911	23.9461	77.3806	
106000	-118334	-1190.66	-71603.1	-14478	0.180963	1	0.135665	14.7422	4.91226	0.027694	19.9758	0.23882	5399	99	577	-29003.6	61.3627f	88.6947	4	1	1	0.0594059	0.178218	0.039604	9.90099e-09	0	0	0	0	0.881818	0.977941	0.285714	0.508621	0.874074	9.90099e-09	0.138614	9.90099e-09	1	0.148897	0.323268	0.666667	0.666667	0.666667	1	1	3325.26	1e+20	1.88925e+08	91.1509	78.4579	32.5497	90.4911	61.3627	88.6947	
107000	-117053	-1190.66	-70322.8	-14295.1	0.180905	1	0.154227	12.9679	5.16604	0.014964	19.5923	0.199757	5292	99	574	-29003.6	53.0344f	79.46	4	1	1	0.0594059	0.178218	0.039604	9.90099e-09	0	0	0	0	0.854545	0.965909	0.200382	0.537815	0.882576	9.90099e-09	0.138614	9.90099e-09	1	0.104167	0.290941	0.666667	0.666667	0.666667	1	1	3325.26	1e+20	1.88925e+08	53.8424	86.3546	32.5497	90.4911	53.0344	79.46	
108000	-117650	-1190.66	-70919.5	-14376.3	0.184302	1	0.151595	13.193	5.17324	0.00515726	19.5923	0.202942	5340	99	574	-29003.6	60.7202f	63.5548	4	1	1	0.0990099	0.178218	0.029703	9.90099e-09	0	0	0	0	0.854545	0.958569	0.266917	0.584746	0.882463	9.90099e-09	0.0792079	9.90099e-09	1	0.123364	0.311148	0.666667	0.666667	0.666667	1	1	3325.26	1e+20	1.88925e+08	53.8424	86.3546	26.4961	93.3504	60.7202	63.5548	
109000	-119479	-1190.66	-72748.7	-14617.1	0.185936	1	0.132477	15.0969	4.80391	0.0160882	19.8481	0.250083	5483	99	605	-29003.6	41.1895f	79.3201	4	1	1	0.0990099	0.148515	0.029703	9.90099e-09	0	0	0	0	0.836364	0.956204	0.264117	0.540984	0.863388	9.90099e-09	0.0792079	9.90099e-09	1	0.127505	0.322204	0.666667	0.666667	0.666667	1	1	3325.26	1e+20	1.88925e+08	53.8424	86.3546	26.4961	93.3504	41.1895	79.3201	
110000	-118894	-1190.66	-72163.5	-14615	0.190961	1	0.133593	14.9709	4.75548	0.0334034	19.6252	0.250521	5482	99	551	-29003.6	9.8042f	67.4196	4	1	1	0.0990099	0.148515	0.029703	9.90099e-09	0	0	0	0	0.790909	0.952813	0.275547	0.490741	0.858696	9.90099e-09	0.0792079	9.90099e-09	1	0.147541	0.272894	0.666667	0.666667	0.666667	1	1	3325.26	1e+20	1.88925e+08	97.1034	33.4009	26.4961	93.3504	9.8042	67.4196	
111000	-119411	-1190.66	-72680.6	-14691.2	0.19053	1	0.14156	14.1283	4.25405	0.0708425	18.8223	0.264288	5528	99	549	-29003.6	0.172519f	90.2798	4	1	1	0.0990099	0.148515	0.029703	9.90099e-09	0	0	0	0	0.881818	0.949458	0.239209	0.547826	0.883929	9.90099e-09	0.0792079	9.90099e-09	1	0.122744	0.288927	0.666667	0.666667	0.666667	1	1	3325.26	1e+20	1.88925e+08	70.4232	26.57	26.4961	93.3504	0.172519	90.2798	
112000	-119313	-1190.66	-72582.4	-14616.6	0.19053	1	0.164331	12.1706	5.27847	0.0561366	19.1383	0.183482	5483	99	591	-29003.6	15.9416f	95.861	4	1	1	0.0990099	0.148515	0.029703	9.90099e-09	0	0	0	0	0.863636	0.939781	0.254083	0.447154	0.856102	9.90099e-09	0.0792079	9.90099e-09	1	0.138434	0.329949	0.666667	0.666667	0.666667	1	1	3325.26	1e+20	1.88925e+08	70.4232	26.57	14.5401	87.623	15.9416	95.861	
113000	-119589	-1190.66	-72858.1	-14583.7	0.185414	1	0.168442	11.8736	5.01066	0.0409541	18.9027	0.188571	5463	99	635	-29003.6	27.4328f	93.3122	4	1	1	0.0990099	0.148515	0.029703	9.90099e-09	0	0	0	0	0.845455	0.952381	0.264599	0.507937	0.842779	9.90099e-09	0.0792079	9.90099e-09	1	0.14808	0.305994	0.666667	0.666667	0.666667	1	1	3325.26	1e+20	1.88925e+08	70.4232	26.57	14.5401	87.623	27.4328	93.3122	
114000	-119004	-1190.66	-72273.6	-14566.9	0.185414	1	0.168442	11.8736	5.01066	0.0429202	18.9027	0.188571	5453	99	592	-29003.6	20.8238f	90.5346	4	1	1	0.049505	0.148515	0.049505	9.90099e-09	0	0	0	0	0.854545	0.95438	0.20696	0.529915	0.891941	9.90099e-09	0.0792079	9.90099e-09	1	0.10989	0.282456	0.666667	0.666667	0.666667	1	1	3325.26	1e+20	1.88925e+08	70.4232	26.57	14.5401	87.623	20.8238	90.5346	
115000	-119441	-1190.66	-72710.5	-14673	0.185414	1	0.14598	13.7005	4.71892	0.0336304	19.2996	0.231038	5516	99	566	-29003.6	75.5365f	86.368	4	1	1	0.049505	0.237624	0.049505	9.90099e-09	0	0	0	0	0.809091	0.969147	0.22686	0.580357	0.865209	9.90099e-09	0.0891089	9.90099e-09	1	0.0996377	0.254973	0.666667	0.666667	0.666667	1	1	3325.26	1e+20	1.88925e+08	76.2687	42.7837	14.5401	87.623	75.5365	86.368	
116000	-119389	-1190.66	-72658.5	-14637.2	0.192815	1	0.147045	13.6012	5.50019	0.0390435	19.8218	0.196785	5495	99	580	-29003.6	22.2394f	88.7026	4	1	1	0.049505	0.237624	0.049505	9.90099e-09	0	0	0	0	0.927273	0.945455	0.268116	0.529915	0.874545	9.90099e-09	0.0891089	9.90099e-09	1	0.114545	0.297697	0.666667	0.666667	0.666667	1	1	3325.26	1e+20	1.88925e+08	76.2687	42.7837	14.5401	87.623	22.2394	88.7026	
117000	-122407	-1190.66	-75676.6	-15007.8	0.197145	1	0.154649	12.9325	5.91451	0.0153345	19.8218	0.174002	5721	99	628	-29003.6	28.1309f	70.0617	4	1	1	0.049505	0.237624	0.049505	9.90099e-09	0	0	0	0	0.836364	0.940767	0.183566	0.547619	0.896853	9.90099e-09	0.0891089	9.90099e-09	1	0.113438	0.2768	0.666667	0.666667	0.666667	1	1	3325.26	1e+20	1.88925e+08	18.8498	30.1297	14.5401	87.623	28.1309	70.0617	
118000	-120629	-1190.66	-73898.8	-14770.7	0.193758	1	0.145877	13.7102	5.48315	0.013506	19.8218	0.198977	5576	99	614	-29003.6	29.6825f	69.0176	4	1	1	0.049505	0.237624	0.049505	9.90099e-09	0	0	0	0	0.854545	0.956912	0.216846	0.612903	0.902309	9.90099e-09	0.0891089	9.90099e-09	1	0.113677	0.306189	0.666667	0.666667	0.666667	1	1	3325.26	1e+20	1.88925e+08	73.7686	41.0028	14.5401	87.623	29.6825	69.0176	
119000	-120140	-1190.66	-73409	-14651.6	0.187858	1	0.152251	13.1362	5.65699	0.0254017	19.918	0.184788	5504	99	638	-29003.6	40.2274f	87.256	4	1	1	0.049505	0.237624	0.049505	9.90099e-09	0	0	0	0	0.827273	0.952899	0.264014	0.488372	0.867514	9.90099e-09	0.0891089	9.90099e-09	1	0.132486	0.25972	0.666667	0.666667	0.666667	1	1	3325.26	1e+20	1.88925e+08	73.7686	41.0028	14.5401	87.623	40.2274	87.256	
120000	-119294	-1190.66	-72563.4	-14581.4	0.187858	1	0.153343	13.0426	5.69759	0.0249899	19.918	0.182165	5462	99	601	-29003.6	30.5937f	82.7941	4	1	1	0.049505	0.237624	0.049505	9.90099e-09	0	0	0	0	0.890909	0.963168	0.251825	0.528455	0.888686	9.90099e-09	0.0891089	9.90099e-09	1	0.127971	0.294498	0.666667	0.666667	0.666667	1	1	3325.26	1e+20	1.88925e+08	73.7686	41.0028	21.3073	83.1509	30.5937	82.7941	
121000	-119043	-1190.66	-72312.6	-14586.4	0.187858	1	0.140584	14.2264	5.2235	0.0258583	19.918	0.216732	5465	99	580	-29003.6	23.3881f	78.0615	4	1	1	0.039604	0.237624	0.049505	9.90099e-09	0	0	0	0	0.881818	0.961749	0.279707	0.583333	0.875458	9.90099e-09	0.0891089	9.90099e-09	1	0.155393	0.294509	0.666667	0.666667	0.666667	1	1	3325.26	1e+20	1.88925e+08	73.7686	41.0028	21.3073	83.1509	23.3881	78.0615	
122000	-118355	-1190.66	-71624.2	-14475.8	0.186137	1	0.128406	15.5755	4.72733	0.0308015	19.918	0.262191	5399	99	581	-29003.6	15.1978f	73.756	4	1	1	0.039604	0.19802	0.029703	9.90099e-09	0	0	0	0	0.872727	0.966728	0.289425	0.464912	0.887037	9.90099e-09	0.128713	9.90099e-09	1	0.116667	0.267135	0.666667	0.666667	0.666667	1	1	3325.26	1e+20	1.88925e+08	73.7686	41.0028	21.3073	83.1509	15.1978	73.756	
123000	-117340	-1190.66	-70609	-14407.4	0.181796	1	0.134926	14.8229	4.85152	0.0511113	19.918	0.243134	5358	99	527	-29003.6	25.1736f	98.5939	4	1	1	0.039604	0.19802	0.029703	0.009901	0	0	0	0	0.863636	0.956848	0.278719	0.584906	0.88425	9.90099e-09	0.128713	9.90099e-09	1	0.123134	0.3	0.666667	0.666667	0.666667	1	1	3325.26	1e+20	1.88925e+08	93.1931	32.6301	21.3073	83.1509	25.1736	98.5939	
124000	-118169	-1190.66	-71438	-14520.5	0.183434	1	0.134926	14.8229	4.91005	0.0504218	19.9331	0.240235	5425	99	534	-29003.6	22.238f	96.52	4	1	1	0.039604	0.19802	0.029703	0.009901	0	0	0	0	0.872727	0.955882	0.224265	0.534483	0.883764	9.90099e-09	0.128713	9.90099e-09	1	0.137868	0.270872	0.666667	0.666667	0.666667	1	1	3325.26	1e+20	1.88925e+08	93.1931	32.6301	21.3073	83.1509	22.238	96.52	
125000	-119413	-1190.66	-72682.3	-14662.5	0.1839	1	0.141952	14.0892	5.12831	0.0107557	19.8843	0.218627	5509	99	568	-29003.6	42.9296f	73.9667	4	1	1	0.039604	0.19802	0.029703	0.009901	0	0	0	0	0.863636	0.958029	0.23049	0.441441	0.883848	9.90099e-09	0.128713	9.90099e-09	1	0.105263	0.294221	0.666667	0.666667	0.666667	1	1	3325.26	1e+20	1.88925e+08	93.1931	32.6301	21.3073	83.1509	42.9296	73.9667	
126000	-119619	-1190.66	-72888.3	-14611.5	0.184207	1	0.141952	14.0892	5.13685	0.0697054	19.8843	0.218263	5479	99	613	-29003.6	4.21355f	94.1321	4	1	1	0.039604	0.19802	0.029703	0.009901	0	0	0	0	0.854545	0.954212	0.256831	0.458333	0.880734	9.90099e-09	0.128713	9.90099e-09	1	0.138434	0.278049	0.666667	0.666667	0.666667	1	1	3325.26	1e+20	1.88925e+08	93.1931	32.6301	21.3073	83.1509	4.21355	94.1321	
127000	-118361	-1190.66	-71630.8	-14457.5	0.184207	1	0.139442	14.3429	5.04602	0.0620716	19.8843	0.226192	5388	99	590	-29003.6	14.6168f	98.5501	4	1	1	0.118812	0.19802	0.029703	0.009901	0	0	0	0	0.872727	0.957643	0.313076	0.584746	0.876611	9.90099e-09	0.128713	9.90099e-09	1	0.12523	0.281787	0.666667	0.666667	0.666667	1	1	3325.26	1e+20	1.88925e+08	93.1931	32.6301	21.3073	83.1509	14.6168	98.5501	
128000	-121136	-1190.66	-74405.7	-14813.4	0.192364	1	0.160193	12.4849	6.05365	0.0424005	19.8843	0.164119	5602	99	635	-29003.6	19.5025f	89.1459	4	1	1	0.118812	0.148515	0.039604	0.009901	0	0	0	0	0.818182	0.956912	0.247723	0.507813	0.851449	9.90099e-09	0.128713	9.90099e-09	1	0.0980392	0.306962	0.666667	0.666667	0.666667	1	1	3325.26	1e+20	1.88925e+08	93.1931	32.6301	21.3073	83.1509	19.5025	89.1459	
129000	-119919	-1190.66	-73188.3	-14682.9	0.191063	1	0.153613	13.0197	5.7909	0.00276693	19.906	0.178915	5523	99	598	-29003.6	38.6564f	47.015	4	1	1	0.118812	0.148515	0.039604	0.009901	0	0	0	0	0.9	0.938406	0.246824	0.479339	0.878403	9.90099e-09	0.0990099	9.90099e-09	1	0.139493	0.273927	0.666667	0.666667	0.666667	1	1	3325.26	1e+20	1.88925e+08	93.1931	32.6301	30.6931	63.4521	38.6564	47.015	
130000	-118702	-1190.66	-71971.7	-14532.3	0.191063	1	0.156	12.8205	5.88088	0.0146735	19.906	0.173482	5432	99	581	-29003.6	21.3016f	50.2531	4	1	1	0.118812	0.148515	0.039604	0.009901	0	0	0	0	0.863636	0.961397	0.263158	0.546218	0.880651	9.90099e-09	0.0990099	9.90099e-09	1	0.127042	0.302876	0.666667	0.666667	0.666667	1	1	3325.26	1e+20	1.88925e+08	93.1931	32.6301	30.6931	63.4521	21.3016	50.2531	
131000	-119998	-1190.66	-73267.2	-14666.3	0.189629	1	0.148921	13.43	5.57189	0.0107508	19.906	0.191806	5513	99	621	-29003.6	26.3962f	56.8084	4	1	1	0.118812	0.148515	0.039604	0.009901	0	0	0	0	0.845455	0.954545	0.274725	0.52381	0.893116	9.90099e-09	0.0990099	9.90099e-09	1	0.119565	0.276527	0.666667	0.666667	0.666667	1	1	3325.26	1e+20	1.88925e+08	71.7768	18.6891	30.6931	63.4521	26.3962	56.8084	
132000	-120219	-1190.66	-73488.8	-14677.9	0.189629	1	0.161698	12.3687	5.91209	0.0320467	19.7916	0.166485	5520	99	631	-29003.6	29.302f	12.9006	4	1	1	0.118812	0.148515	0.039604	0.009901	0	0	0	0	0.790909	0.953405	0.240642	0.515873	0.867384	9.90099e-09	0.0990099	9.90099e-09	1	0.132007	0.273906	0.666667	0.666667	0.666667	1	1	3325.26	1e+20	1.88925e+08	71.7768	18.6891	30.6931	63.4521	29.302	12.9006	
133000	-121643	-1190.66	-74911.9	-14790.7	0.190403	1	0.17079	11.7103	6.26999	0.00275288	19.7916	0.148625	5588	99	693	-29003.6	45.6113f	61.4895	4	1	1	0.049505	0.148515	0.039604	0.009901	0	0	0	0	0.890909	0.969534	0.238779	0.525926	0.862254	9.90099e-09	0.0990099	9.90099e-09	1	0.13465	0.250712	0.666667	0.666667	0.666667	1	1	3325.26	1e+20	1.88925e+08	71.7768	18.6891	30.6931	63.4521	45.6113	61.4895	
134000	-120144	-1190.66	-73413.6	-14711.1	0.190403	1	0.161923	12.3516	5.94447	0.0123481	19.7916	0.165348	5540	99	611	-29003.6	42.3121f	75.6665	4	1	1	0.049505	0.158416	0.039604	0.009901	0	0	0	0	0.890909	0.947464	0.235935	0.507813	0.854054	9.90099e-09	0.0990099	9.90099e-09	1	0.133333	0.244698	0.666667	0.666667	0.666667	1	1	3325.26	1e+20	1.88925e+08	88.4128	29.5529	30.6931	63.4521	42.3121	75.6665	
135000	-122948	-1190.66	-76217.2	-15041.1	0.190403	1	0.162249	12.3267	5.95646	0.0438308	19.7916	0.164683	5739	99	660	-29003.6	2.07295f	64.8922	4	1	1	0.049505	0.158416	0.019802	9.90099e-09	0	0	0	0	0.845455	0.946367	0.252174	0.503759	0.87108	9.90099e-09	0.0990099	9.90099e-09	1	0.130435	0.287856	0.666667	0.666667	0.666667	1	1	3325.26	1e+20	1.88925e+08	41.7595	14.6267	30.6931	63.4521	2.07295	64.8922	
136000	-122771	-1190.66	-76040.5	-15039.8	0.204183	1	0.159703	12.5233	5.96261	0.0438308	19.531	0.167136	5739	99	648	-29003.6	2.07295f	64.8922	4	1	1	0.049505	0.158416	0.019802	9.90099e-09	0	0	0	0	0.8	0.95288	0.234375	0.586466	0.8669	9.90099e-09	0.0990099	9.90099e-09	1	0.101045	0.330317	0.666667	0.666667	0.666667	1	1	3325.26	1e+20	1.88925e+08	51.8157	5.9062	30.6931	63.4521	2.07295	64.8922	
137000	-122377	-1190.66	-75646.2	-14914.9	0.195064	1	0.15685	12.751	5.47264	0.0197701	19.4237	0.185412	5664	99	688	-29003.6	17.7219f	59.1135	4	1	1	0.049505	0.158416	0.019802	9.90099e-09	0	0	0	0	0.854545	0.940246	0.261863	0.552239	0.838596	9.90099e-09	0.0990099	9.90099e-09	1	0.126538	0.311404	0.666667	0.666667	0.666667	1	1	3325.26	1e+20	1.88925e+08	51.8157	5.9062	31.9297	37.567	17.7219	59.1135	
138000	-122394	-1190.66	-75663.8	-15055.5	0.195064	1	0.14466	13.8255	5.00734	0.0372221	19.3851	0.219717	5750	99	603	-29003.6	25.1986f	11.4384	4	1	1	0.049505	0.158416	0.019802	9.90099e-09	0	0	0	0	0.818182	0.947644	0.250438	0.52	0.86562	9.90099e-09	0.0990099	9.90099e-09	1	0.146597	0.281924	0.666667	0.666667	0.666667	1	1	3325.26	1e+20	1.88925e+08	51.8157	5.9062	31.9297	37.567	25.1986	11.4384	
139000	-122171	-1190.66	-75440.8	-14995.8	0.200759	1	0.146539	13.6483	5.29911	0.014132	19.4577	0.204958	5713	99	618	-29003.6	39.6418f	24.0856	4	1	1	0.0693069	0.158416	0.019802	9.90099e-09	0	0	0	0	0.872727	0.956294	0.262238	0.496124	0.838765	9.90099e-09	0.0990099	9.90099e-09	1	0.104991	0.274143	0.666667	0.666667	0.666667	1	1	3325.26	1e+20	1.88925e+08	51.8157	5.9062	31.9297	37.567	39.6418	24.0856	
140000	-120286	-1190.66	-73554.9	-14821.6	0.192984	1	0.160509	12.4604	5.22191	0.0581058	19.1382	0.189886	5607	99	560	-29003.6	12.4101f	6.51141	4	1	1	0.0693069	0.178218	0.019802	9.90099e-09	0	0	0	0	0.827273	0.946714	0.223801	0.478261	0.868093	9.90099e-09	0.0990099	9.90099e-09	1	0.0998217	0.302609	0.666667	0.666667	0.666667	1	1	3325.26	1e+20	1.88925e+08	51.8157	5.9062	31.9297	37.567	12.4101	6.51141	
141000	-120357	-1190.66	-73626.7	-14821.6	0.192984	1	0.137377	14.5585	4.46934	0.0159931	19.1382	0.259217	5607	99	562	-29003.6	21.7116f	60.4065	4	1	1	0.0693069	0.178218	0.0594059	9.90099e-09	0	0	0	0	0.9	0.957219	0.254902	0.436364	0.883929	9.90099e-09	0.0990099	9.90099e-09	1	0.0962567	0.301075	0.666667	0.666667	0.666667	1	1	3325.26	1e+20	1.88925e+08	51.8157	5.9062	31.9297	37.567	21.7116	60.4065	
142000	-121205	-1190.66	-74474.5	-14957.4	0.19559	1	0.142877	13.9981	4.71103	0.0328728	19.1382	0.236452	5690	99	555	-29003.6	13.3834f	27.2657	4	1	1	0.0693069	0.178218	0.0594059	9.90099e-09	0	0	0	0	0.909091	0.961336	0.26362	0.527273	0.891419	9.90099e-09	0.0693069	9.90099e-09	1	0.0933099	0.272894	0.666667	0.666667	0.666667	1	1	3325.26	1e+20	1.88925e+08	51.8157	5.9062	18.3302	33.8516	13.3834	27.2657	
143000	-120731	-1190.66	-74000.4	-14833.4	0.19559	1	0.142877	13.9981	4.71103	0.0230058	19.1382	0.236452	5614	99	588	-29003.6	14.739f	42.5977	4	1	1	0.0693069	0.178218	0.0594059	9.90099e-09	0	0	0	0	0.9	0.962898	0.226786	0.57265	0.893238	9.90099e-09	0.0693069	9.90099e-09	1	0.101604	0.293515	0.666667	0.666667	0.666667	1	1	3325.26	1e+20	1.88925e+08	68.3746	29.9567	18.3302	33.8516	14.739	42.5977	
144000	-119948	-1190.66	-73217.1	-14775.7	0.190778	1	0.141656	14.1187	4.6348	0.00410736	19.2205	0.242412	5579	99	553	-29003.6	36.0885f	45.5739	4	1	1	0.0693069	0.178218	0.0594059	9.90099e-09	0	0	0	0	0.863636	0.960145	0.257143	0.560748	0.887477	9.90099e-09	0.0693069	9.90099e-09	1	0.0982143	0.298182	0.666667	0.666667	0.666667	1	1	3325.26	1e+20	1.88925e+08	68.3746	29.9567	35.9804	50.6246	36.0885	45.5739	
145000	-118900	-1190.66	-72169.2	-14571.9	0.190778	1	0.139486	14.3384	4.5638	0.000610541	19.2205	0.250014	5456	99	575	-29003.6	46.1794f	48.51	4	1	1	0.0693069	0.178218	0.0594059	9.90099e-09	0	0	0	0	0.836364	0.952641	0.229091	0.504505	0.905282	9.90099e-09	0.0693069	9.90099e-09	1	0.10929	0.274864	0.666667	0.666667	0.666667	1	1	3325.26	1e+20	1.88925e+08	68.3746	29.9567	35.9804	50.6246	46.1794	48.51	
146000	-120017	-1190.66	-73286.5	-14696.1	0.190778	1	0.148902	13.4316	4.8719	0.00792593	19.2205	0.219392	5531	99	603	-29003.6	53.8363f	71.1611	4	1	1	0.0693069	0.178218	0.0594059	9.90099e-09	0	0	0	0	0.818182	0.953153	0.233273	0.533898	0.866906	9.90099e-09	0.0693069	9.90099e-09	1	0.106691	0.300664	0.666667	0.666667	0.666667	1	1	3325.26	1e+20	1.88925e+08	68.3746	29.9567	35.9804	50.6246	53.8363	71.1611	
147000	-120071	-1190.66	-73339.9	-14756.5	0.195265	1	0.143311	13.9556	4.79926	0.0246656	19.2205	0.231401	5567	99	571	-29003.6	14.0459f	40.0315	4	1	1	0.0693069	0.168317	0.009901	9.90099e-09	0	0	0	0	0.863636	0.964029	0.240575	0.530973	0.888689	9.90099e-09	0.108911	9.90099e-09	1	0.122083	0.334501	0.666667	0.666667	0.666667	1	1	3325.26	1e+20	1.88925e+08	68.3746	29.9567	35.9804	50.6246	14.0459	40.0315	
148000	-121794	-1190.66	-75063.6	-14975.3	0.19705	1	0.144079	13.8813	5.06203	0.0109991	19.4082	0.21822	5701	99	594	-29003.6	26.3831f	42.9968	4	1	1	0.0693069	0.168317	0.009901	9.90099e-09	0	0	0	0	0.890909	0.965035	0.234266	0.566929	0.89317	9.90099e-09	0.108911	9.90099e-09	1	0.108581	0.279461	0.666667	0.666667	0.666667	1	1	3325.26	1e+20	1.88925e+08	68.3746	29.9567	35.9804	50.6246	26.3831	42.9968	
149000	-121795	-1190.66	-75064.1	-14855.1	0.19705	1	0.168097	11.8979	5.19376	0.0167843	18.7947	0.182297	5627	99	671	-29003.6	22.5192f	64.235	4	1	1	0.0693069	0.168317	0.009901	9.90099e-09	0	0	0	0	0.845455	0.944544	0.275801	0.567797	0.875	9.90099e-09	0.108911	9.90099e-09	1	0.125224	0.325545	0.666667	0.666667	0.666667	1	1	3325.26	1e+20	1.88925e+08	68.3746	29.9567	35.9804	50.6246	22.5192	64.235	
150000	-121979	-1190.66	-75248	-14908.4	0.194419	1	0.169667	11.7878	5.56688	0.00372066	19.1433	0.168504	5660	99	656	-29003.6	64.3541f	50.1389	4	1	1	0.0693069	0.168317	0.009901	9.90099e-09	0	0	0	0	0.872727	0.954225	0.22575	0.539063	0.862989	9.90099e-09	0.108911	9.90099e-09	1	0.130511	0.287975	0.666667	0.666667	0.666667	1	1	3325.26	1e+20	1.88925e+08	68.3746	29.9567	35.9804	50.6246	64.3541	50.1389	
151000	-121800	-1190.66	-75069.5	-14885.5	0.194419	1	0.161881	12.3548	5.95512	0.0212963	19.6987	0.165095	5646	99	645	-29003.6	52.952f	85.2177	4	1	1	0.0693069	0.168317	0.009901	9.90099e-09	0	0	0	0	0.872727	0.948763	0.249117	0.433071	0.893993	9.90099e-09	0.108911	9.90099e-09	1	0.129204	0.302215	0.666667	0.666667	0.666667	1	1	3325.26	1e+20	1.88925e+08	68.3746	29.9567	47.0966	37.4311	52.952	85.2177	
152000	-120846	-1190.66	-74115.6	-14844.7	0.195037	1	0.147894	13.5232	5.45788	0.00954868	19.6987	0.197172	5621	99	587	-29003.6	56.3021f	28.0155	4	1	1	0.0693069	0.168317	0.009901	9.90099e-09	0	0	0	0	0.909091	0.952212	0.223009	0.531746	0.879218	9.90099e-09	0.138614	9.90099e-09	1	0.0957447	0.300477	0.666667	0.666667	0.666667	1	1	3325.26	1e+20	1.88925e+08	98.5359	10.7044	47.0966	37.4311	56.3021	28.0155	
153000	-120336	-1190.66	-73605.2	-14770.5	0.192763	1	0.140235	14.2618	4.90196	0.00686506	19.4904	0.231523	5576	99	588	-29003.6	65.2114f	62.9502	4	1	1	0.0693069	0.227723	0.049505	9.90099e-09	0	0	0	0	0.781818	0.953488	0.213404	0.439655	0.893428	9.90099e-09	0.138614	9.90099e-09	1	0.113879	0.297391	0.666667	0.666667	0.666667	1	1	3325.26	1e+20	1.88925e+08	68.9779	29.4435	47.0966	37.4311	65.2114	62.9502	
154000	-124521	-1190.66	-77790.7	-15323.2	0.20107	1	0.144504	13.8405	5.26888	0.0258057	19.4904	0.209037	5917	99	626	-29003.6	18.7845f	72.6255	4	1	1	0.0693069	0.227723	0.049505	9.90099e-09	0	0	0	0	0.890909	0.954545	0.229342	0.47619	0.876897	9.90099e-09	0.138614	9.90099e-09	1	0.133221	0.2816	0.666667	0.666667	0.666667	1	1	3325.26	1e+20	1.88925e+08	68.9779	29.4435	28.4865	39.2366	18.7845	72.6255	
155000	-123934	-1190.66	-77202.9	-15270.3	0.20107	1	0.144739	13.818	5.27745	0.0357929	19.4904	0.208359	5884	99	605	-29003.6	28.5546f	10.504	4	1	1	0.0693069	0.227723	0.049505	9.90099e-09	0	0	0	0	0.863636	0.943878	0.244898	0.5625	0.888508	9.90099e-09	0.138614	9.90099e-09	1	0.12415	0.329032	0.666667	0.666667	0.666667	1	1	3325.26	1e+20	1.88925e+08	59.2277	13.4834	28.4865	39.2366	28.5546	10.504	
156000	-123575	-1190.66	-76844	-15182.1	0.200819	1	0.146749	13.6287	5.34409	0.0136212	19.4904	0.202941	5829	99	634	-29003.6	23.1147f	44.0364	4	1	1	0.0693069	0.227723	0.049505	9.90099e-09	0	0	0	0	0.854545	0.952137	0.253425	0.459677	0.868376	9.90099e-09	0.138614	9.90099e-09	1	0.128205	0.328025	0.666667	0.666667	0.666667	1	1	3325.26	1e+20	1.88925e+08	59.2277	13.4834	28.4865	39.2366	23.1147	44.0364	
157000	-123397	-1190.66	-76666.7	-15182.1	0.200819	1	0.151291	13.2196	5.34732	0.0251881	19.3454	0.19673	5829	99	615	-29003.6	12.5698f	45.025	4	1	1	0.0693069	0.227723	0.049505	9.90099e-09	0	0	0	0	0.9	0.965812	0.263248	0.503937	0.861301	9.90099e-09	0.0693069	9.90099e-09	1	0.123288	0.322795	0.666667	0.666667	0.666667	1	1	3325.26	1e+20	1.88925e+08	77.3753	82.815	28.4865	39.2366	12.5698	45.025	
158000	-124357	-1190.66	-77626.7	-15331.4	0.200819	1	0.14686	13.6184	5.37198	0.0087172	19.5121	0.201735	5922	99	613	-29003.6	55.8968f	29.0081	4	1	1	0.049505	0.227723	0.049505	9.90099e-09	0	0	0	0	0.836364	0.956376	0.244482	0.483871	0.88255	9.90099e-09	0.0693069	9.90099e-09	1	0.151771	0.31401	0.666667	0.666667	0.666667	1	1	3325.26	1e+20	1.88925e+08	77.3753	82.815	28.4865	39.2366	55.8968	29.0081	
159000	-125589	-1190.66	-78858.3	-15438.2	0.206726	1	0.153584	13.0222	5.385	0.0465216	19.1672	0.192438	5990	99	653	-29003.6	27.2203f	3.9839	4	1	1	0.049505	0.227723	0.049505	9.90099e-09	0	0	0	0	0.872727	0.948419	0.231667	0.503817	0.873333	9.90099e-09	0.0693069	9.90099e-09	1	0.11	0.2737	0.666667	0.666667	0.666667	1	1	3325.26	1e+20	1.88925e+08	77.3753	82.815	28.4865	39.2366	27.2203	3.9839	
160000	-127192	-1190.66	-80461.2	-15662.1	0.212576	1	0.153584	13.0222	5.53738	0.0314479	19.1672	0.187142	6133	99	667	-29003.6	12.6515f	30.4473	4	1	1	0.049505	0.19802	0.049505	9.90099e-09	0	0	0	0	0.8	0.952998	0.237785	0.484848	0.880065	9.90099e-09	0.0693069	9.90099e-09	1	0.117264	0.340361	0.666667	0.666667	0.666667	1	1	3325.26	1e+20	1.88925e+08	77.3753	82.815	18.1368	25.265	12.6515	30.4473	
161000	-130475	-1190.66	-83744.4	-16120.5	0.217752	1	0.153584	13.0222	5.6722	0.0221585	19.1672	0.182694	6432	99	661	-29003.6	16.4684f	38.9369	4	1	1	0.049505	0.19802	0.049505	9.90099e-09	0	0	0	0	0.818182	0.968847	0.250779	0.580882	0.902174	9.90099e-09	0.0693069	9.90099e-09	1	0.124224	0.317221	0.666667	0.666667	0.666667	1	1	3325.26	1e+20	1.88925e+08	77.3753	82.815	18.1368	25.265	16.4684	38.9369	
162000	-128545	-1190.66	-81814.5	-15790.5	0.214641	1	0.150941	13.2502	6.04442	0.0173118	19.6293	0.174444	6216	99	697	-29003.6	19.0005f	54.2406	4	1	1	0.049505	0.19802	0.049505	9.90099e-09	0	0	0	0	0.890909	0.944	0.250401	0.598592	0.860129	9.90099e-09	0.0693069	9.90099e-09	1	0.1312	0.286111	0.666667	0.666667	0.666667	1	1	3325.26	1e+20	1.88925e+08	77.3753	82.815	18.1368	25.265	19.0005	54.2406	
163000	-126370	-1190.66	-79639.5	-15588.8	0.209733	1	0.143384	13.9486	5.64034	0.0214041	19.6554	0.196796	6086	99	629	-29003.6	21.8576f	29.8519	4	1	1	0.049505	0.19802	0.049505	9.90099e-09	0	0	0	0	0.845455	0.948929	0.20132	0.572581	0.879736	9.90099e-09	0.0693069	9.90099e-09	1	0.0889621	0.27345	0.666667	0.666667	0.666667	1	1	3325.26	1e+20	1.88925e+08	77.3753	82.815	55.6737	17.6426	21.8576	29.8519	
164000	-127144	-1190.66	-80412.9	-15747.3	0.208541	1	0.138766	14.4128	5.35205	0.0235221	19.5866	0.214297	6187	99	598	-29003.6	20.8068f	28.391	4	1	1	0.0990099	0.19802	0.049505	9.90099e-09	0	0	0	0	0.854545	0.958132	0.240711	0.525	0.88853	9.90099e-09	0.0594059	9.90099e-09	1	0.130856	0.300336	0.666667	0.666667	0.666667	1	1	3325.26	1e+20	1.88925e+08	77.3753	82.815	55.6737	17.6426	20.8068	28.391	
165000	-125533	-1190.66	-78801.9	-15443.2	0.204775	1	0.153752	13.008	5.82295	0.023457	19.5866	0.177769	5993	99	648	-29003.6	36.8125f	16.2598	4	1	1	0.0990099	0.19802	0.049505	9.90099e-09	0	0	0	0	0.809091	0.959933	0.245847	0.532258	0.859766	9.90099e-09	0.0594059	9.90099e-09	1	0.116279	0.288998	0.666667	0.666667	0.666667	1	1	3325.26	1e+20	1.88925e+08	73.7987	76.7403	55.6737	17.6426	36.8125	16.2598	
166000	-125773	-1190.66	-79042.8	-15489.2	0.204775	1	0.146842	13.6201	5.66325	0.00363804	19.6758	0.191384	6022	99	638	-29003.6	41.4578f	39.4987	4	1	1	0.0990099	0.128713	0.049505	9.90099e-09	0	0	0	0	0.863636	0.966611	0.237542	0.598361	0.906511	9.90099e-09	0.0594059	9.90099e-09	1	0.123539	0.305331	0.666667	0.666667	0.666667	1	1	3325.26	1e+20	1.88925e+08	73.7987	76.7403	55.6737	17.6426	41.4578	39.4987	
167000	-125085	-1190.66	-78354	-15365.5	0.204775	1	0.141664	14.1179	5.1522	0.0223037	19.3893	0.218056	5944	99	650	-29003.6	34.1707f	18.4484	4	1	1	0.0990099	0.128713	0.0891089	9.90099e-09	0	0	0	0	0.881818	0.947723	0.257143	0.446154	0.872269	9.90099e-09	0.0594059	9.90099e-09	1	0.132773	0.276923	0.666667	0.666667	0.666667	1	1	3325.26	1e+20	1.88925e+08	73.7987	76.7403	55.6737	17.6426	34.1707	18.4484	
168000	-123924	-1190.66	-77192.9	-15305.2	0.204775	1	0.119874	16.6842	4.69594	0.0158009	19.7527	0.28273	5906	99	583	-29003.6	78.19f	39.543	4	1	1	0.0990099	0.128713	0.0891089	9.90099e-09	0	0	0	0	0.872727	0.978114	0.241554	0.479675	0.863176	9.90099e-09	0.0594059	9.90099e-09	1	0.103215	0.264505	0.666667	0.666667	0.666667	1	1	3325.26	1e+20	1.88925e+08	73.7987	76.7403	67.0166	41.2134	78.19	39.543	
169000	-124933	-1190.66	-78202.4	-15457.4	0.204775	1	0.134215	14.9015	5.04745	0.00736952	19.5522	0.234936	6002	99	577	-29003.6	70.3235f	53.0842	4	1	1	0.0990099	0.128713	0.0891089	9.90099e-09	0	0	0	0	0.836364	0.975248	0.243781	0.5	0.910891	9.90099e-09	0.0594059	9.90099e-09	1	0.106908	0.245528	0.666667	0.666667	0.666667	1	1	3325.26	1e+20	1.88925e+08	73.7987	76.7403	67.0166	41.2134	70.3235	53.0842	
170000	-124119	-1190.66	-77388.6	-15371.8	0.204775	1	0.13721	14.5762	4.79556	0.0454389	19.1974	0.241878	5948	99	562	-29003.6	84.5757f	88.3349	4	1	1	0.0990099	0.128713	0.0891089	9.90099e-09	0	0	0	0	0.827273	0.957983	0.263423	0.482143	0.880672	9.90099e-09	0.0792079	9.90099e-09	1	0.0907563	0.285714	0.666667	0.666667	0.666667	1	1	3325.26	1e+20	1.88925e+08	47.052	77.0602	67.0166	41.2134	84.5757	88.3349	
171000	-125990	-1190.66	-79259.1	-15595.3	0.208173	1	0.144938	13.799	5.18666	0.0080354	19.2317	0.211715	6090	99	595	-29003.6	62.9242f	33.4081	4	1	1	0.029703	0.128713	0.0891089	9.90099e-09	0	0	0	0	0.854545	0.962418	0.261866	0.508065	0.888707	9.90099e-09	0.0792079	9.90099e-09	1	0.136066	0.320132	0.666667	0.666667	0.666667	1	1	3325.26	1e+20	1.88925e+08	97.6172	54.6436	71.5671	42.7978	62.9242	33.4081	
172000	-124817	-1190.66	-78086.6	-15413.3	0.208173	1	0.132015	15.1498	5.19713	0.0198741	19.696	0.231972	5974	99	594	-29003.6	82.6402f	59.6379	4	1	1	0.029703	0.128713	0.0891089	9.90099e-09	0	0	0	0	0.890909	0.956522	0.220367	0.483333	0.892617	9.90099e-09	0.0792079	9.90099e-09	1	0.110368	0.302829	0.666667	0.666667	0.666667	1	1	3325.26	1e+20	1.88925e+08	97.6172	54.6436	91.1775	35.5962	82.6402	59.6379	
173000	-124566	-1190.66	-77835.6	-15367.8	0.208173	1	0.124935	16.0083	5.02574	0.038749	19.8025	0.253475	5945	99	603	-29003.6	95.0506f	35.5298	4	1	1	0.029703	0.128713	0.0594059	9.90099e-09	0	0	0	0	0.854545	0.952862	0.290268	0.566667	0.873737	9.90099e-09	0.0792079	9.90099e-09	1	0.105882	0.278746	0.666667	0.666667	0.666667	1	1	3325.26	1e+20	1.88925e+08	97.6172	54.6436	96.3561	45.2428	95.0506	35.5298	
174000	-125760	-1190.66	-79029.1	-15562.2	0.204637	1	0.127536	15.6818	5.04323	0.038344	19.8025	0.247445	6068	99	591	-29003.6	95.7887f	38.9589	4	1	1	0.029703	0.128713	0.0594059	9.90099e-09	0	0	0	0	0.845455	0.967051	0.248355	0.45082	0.883224	9.90099e-09	0.0792079	9.90099e-09	1	0.126645	0.319536	0.666667	0.666667	0.666667	1	1	3325.26	1e+20	1.88925e+08	97.6172	54.6436	96.3561	45.2428	95.7887	38.9589	
175000	-124401	-1190.66	-77670.4	-15378.2	0.206064	1	0.134022	14.9229	5.20943	0.0397834	19.6834	0.227958	5952	99	581	-29003.6	96.5266f	38.2932	4	1	1	0.029703	0.128713	0.0594059	9.90099e-09	0	0	0	0	0.854545	0.942761	0.254637	0.423729	0.877517	9.90099e-09	0.0990099	9.90099e-09	1	0.0927487	0.311712	0.666667	0.666667	0.666667	1	1	3325.26	1e+20	1.88925e+08	97.6172	54.6436	96.3561	45.2428	96.5266	38.2932	
176000	-125319	-1190.66	-78588.4	-15574.4	0.205377	1	0.126432	15.8187	4.89806	0.0216298	19.6834	0.257003	6076	99	544	-29003.6	85.3948f	51.3432	4	1	1	0.029703	0.128713	0.0594059	9.90099e-09	0	0	0	0	0.863636	0.968595	0.276382	0.5	0.890909	9.90099e-09	0.0990099	9.90099e-09	1	0.11405	0.300885	0.666667	0.666667	0.666667	1	1	3325.26	1e+20	1.88925e+08	97.6172	54.6436	96.3561	45.2428	85.3948	51.3432	
177000	-124563	-1190.66	-77832.6	-15452.5	0.205377	1	0.126432	15.8187	4.89806	0.0147021	19.6834	0.257003	5999	99	554	-29003.6	79.1378f	50.8715	4	1	1	0.0594059	0.128713	0.0594059	9.90099e-09	0	0	0	0	0.8	0.963455	0.232558	0.538462	0.890365	9.90099e-09	0.0990099	9.90099e-09	1	0.11794	0.323105	0.666667	0.666667	0.666667	1	1	3325.26	1e+20	1.88925e+08	97.6172	54.6436	96.3561	45.2428	79.1378	50.8715	
178000	-125411	-1190.66	-78680.7	-15452.5	0.205377	1	0.13462	14.8566	5.21525	0.0259934	19.6834	0.226692	5999	99	622	-29003.6	72.8154f	81.723	4	1	1	0.0594059	0.128713	0.0594059	9.90099e-09	0	0	0	0	0.809091	0.974958	0.248333	0.488189	0.886667	9.90099e-09	0.0990099	9.90099e-09	1	0.11	0.327922	0.666667	0.666667	0.666667	1	1	3325.26	1e+20	1.88925e+08	82.9525	89.3234	74.1603	70.3907	72.8154	81.723	
179000	-125579	-1190.66	-78847.9	-15599.7	0.205377	1	0.126831	15.769	4.9135	0.00508159	19.6834	0.25539	6092	99	551	-29003.6	46.0803f	66.5914	4	1	1	0.0594059	0.148515	0.009901	9.90099e-09	0	0	0	0	0.836364	0.957237	0.231148	0.468468	0.898361	9.90099e-09	0.0990099	9.90099e-09	1	0.091653	0.288809	0.666667	0.666667	0.666667	1	1	3325.26	1e+20	1.88925e+08	82.9525	89.3234	74.1603	70.3907	46.0803	66.5914	
180000	-125098	-1190.66	-78367	-15492.1	0.205377	1	0.121395	16.4751	4.54265	0.0121088	19.5136	0.288609	6024	99	578	-29003.6	31.9819f	69.2326	4	1	1	0.0594059	0.148515	0.009901	9.90099e-09	0	0	0	0	0.872727	0.961983	0.224793	0.508929	0.895868	9.90099e-09	0.0990099	9.90099e-09	1	0.0945274	0.319419	0.666667	0.666667	0.666667	1	1	3325.26	1e+20	1.88925e+08	57.458	0.621052	74.1603	70.3907	31.9819	69.2326	
181000	-128560	-1190.66	-81829	-15860.8	0.211726	1	0.151559	13.1962	5.84672	0.0146469	19.5136	0.179609	6261	99	647	-29003.6	76.8627f	61.5135	4	1	1	0.0594059	0.148515	0.009901	9.90099e-09	0	0	0	0	0.836364	0.96	0.2688	0.519685	0.858521	9.90099e-09	0.148515	9.90099e-09	1	0.1152	0.279753	0.666667	0.666667	0.666667	1	1	3325.26	1e+20	1.88925e+08	57.458	0.621052	74.1603	70.3907	76.8627	61.5135	
182000	-130754	-1190.66	-84023	-16109.4	0.224394	1	0.145815	13.716	5.96169	0.0330502	19.5136	0.183084	6425	99	693	-29003.6	69.9923f	89.2609	4	1	1	0.0594059	0.148515	0.009901	9.90099e-09	0	0	0	0	0.818182	0.964174	0.279503	0.557143	0.872274	9.90099e-09	0.148515	9.90099e-09	1	0.132193	0.294707	0.666667	0.666667	0.666667	1	1	3325.26	1e+20	1.88925e+08	57.458	0.621052	74.1603	70.3907	69.9923	89.2609	
183000	-129591	-1190.66	-82860.5	-16062.1	0.219635	1	0.133504	14.9808	5.06272	0.0049521	19.2528	0.235473	6394	99	618	-29003.6	53.3572f	66.579	4	1	1	0.0594059	0.148515	0.009901	9.90099e-09	0	0	0	0	0.845455	0.945568	0.229329	0.48	0.880062	9.90099e-09	0.148515	9.90099e-09	1	0.110764	0.3248	0.666667	0.666667	0.666667	1	1	3325.26	1e+20	1.88925e+08	57.458	0.621052	74.1603	70.3907	53.3572	66.579	
184000	-133725	-1190.66	-86993.9	-16580.5	0.232836	1	0.139404	14.3468	5.696	0.0148386	19.3312	0.200436	6743	99	651	-29003.6	56.4605f	78.7918	4	1	1	0.0594059	0.148515	0.009901	9.90099e-09	0	0	0	0	0.854545	0.957101	0.240964	0.557252	0.883408	9.90099e-09	0.148515	9.90099e-09	1	0.10963	0.324888	0.666667	0.666667	0.666667	1	1	3325.26	1e+20	1.88925e+08	57.458	0.621052	74.1603	70.3907	56.4605	78.7918	
185000	-133381	-1190.66	-86650.1	-16486.8	0.231347	1	0.136904	14.6087	5.22142	0.0183955	19.0316	0.222646	6679	99	682	-29003.6	80.4287f	62.1532	4	1	1	0.0594059	0.148515	0.039604	9.90099e-09	0	0	0	0	0.827273	0.958084	0.238381	0.511278	0.884731	9.90099e-09	0.148515	9.90099e-09	1	0.133234	0.290323	0.666667	0.666667	0.666667	1	1	3325.26	1e+20	1.88925e+08	57.458	0.621052	74.1603	70.3907	80.4287	62.1532	
186000	-135765	-1190.66	-89034.6	-16779.6	0.231347	1	0.147968	13.5164	5.64338	0.00857168	19.0316	0.190596	6879	99	706	-29003.6	72.1025f	51.8815	4	1	1	0.0594059	0.148515	0.039604	9.90099e-09	0	0	0	0	0.818182	0.953421	0.260553	0.5	0.874636	9.90099e-09	0.148515	9.90099e-09	1	0.119186	0.304533	0.666667	0.666667	0.666667	1	1	3325.26	1e+20	1.88925e+08	57.458	0.621052	74.1603	70.3907	72.1025	51.8815	
187000	-136556	-1190.66	-89825.2	-16925.1	0.242544	1	0.13051	15.3245	5.04738	0.0015791	18.8736	0.241608	6982	99	674	-29003.6	58.9237f	50.444	4	1	1	0.0594059	0.148515	0.039604	9.90099e-09	0	0	0	0	0.836364	0.955587	0.276259	0.571429	0.889843	9.90099e-09	0.128713	9.90099e-09	1	0.107914	0.304154	0.666667	0.666667	0.666667	1	1	3325.26	1e+20	1.88925e+08	57.458	0.621052	74.1603	70.3907	58.9237	50.444	
188000	-137950	-1190.66	-91219.7	-17047.1	0.241694	1	0.139689	14.3175	5.97159	0.0411427	19.3693	0.190795	7068	99	713	-29003.6	87.859f	81.2766	4	1	1	0.0594059	0.148515	0.039604	9.90099e-09	0	0	0	0	0.836364	0.948791	0.268466	0.559701	0.880682	9.90099e-09	0.128713	9.90099e-09	1	0.12642	0.303519	0.666667	0.666667	0.666667	1	1	3325.26	1e+20	1.88925e+08	57.458	0.621052	74.1603	70.3907	87.859	81.2766	
189000	-138502	-1190.66	-91771.6	-17174.9	0.241805	1	0.145848	13.7129	6.23774	0.0216116	19.3693	0.174941	7158	99	680	-29003.6	80.5451f	32.5795	4	1	1	0.108911	0.148515	0.039604	9.90099e-09	0	0	0	0	0.8	0.967787	0.267229	0.492754	0.894663	9.90099e-09	0.128713	9.90099e-09	1	0.131837	0.262857	0.666667	0.666667	0.666667	1	1	3325.26	1e+20	1.88925e+08	57.458	0.621052	86.5273	43.1903	80.5451	32.5795	
190000	-136594	-1190.66	-89862.9	-16944.2	0.237711	1	0.132403	15.1054	5.56684	0.0340982	19.3693	0.215931	6995	99	669	-29003.6	83.1717f	20.8098	4	1	1	0.108911	0.148515	0.039604	9.90099e-09	0	0	0	0	0.845455	0.952924	0.232194	0.47482	0.878571	9.90099e-09	0.128713	9.90099e-09	1	0.128205	0.265988	0.666667	0.666667	0.666667	1	1	3325.26	1e+20	1.88925e+08	57.458	0.621052	73.7259	23.797	83.1717	20.8098	
191000	-135145	-1190.66	-88414.7	-16827.6	0.242871	1	0.126315	15.8335	5.42614	0.0190145	19.3693	0.232207	6913	99	616	-29003.6	47.4907f	17.5382	4	1	1	0.108911	0.128713	0.039604	9.90099e-09	0	0	0	0	0.763636	0.972622	0.238849	0.488	0.908178	9.90099e-09	0.128713	9.90099e-09	1	0.101156	0.303571	0.666667	0.666667	0.666667	1	1	3325.26	1e+20	1.88925e+08	57.458	0.621052	65.1268	57.0442	47.4907	17.5382	
192000	-134723	-1190.66	-87992.1	-16754.6	0.235032	1	0.126315	15.8335	5.79905	0.0190145	19.856	0.217275	6863	99	618	-29003.6	47.4907f	17.5382	4	1	1	0.108911	0.128713	0.039604	9.90099e-09	0	0	0	0	0.872727	0.954876	0.268222	0.530303	0.893741	9.90099e-09	0.128713	9.90099e-09	1	0.123726	0.286408	0.666667	0.666667	0.666667	1	1	3325.26	1e+20	1.88925e+08	57.458	0.621052	65.1268	57.0442	47.4907	17.5382	
193000	-136090	-1190.66	-89359.5	-16860.7	0.23934	1	0.117412	17.034	5.58311	0.00125827	19.9404	0.24279	6937	99	675	-29003.6	49.176f	42.8974	4	1	1	0.108911	0.128713	0.039604	9.90099e-09	0	0	0	0	0.854545	0.967096	0.270893	0.480916	0.889843	9.90099e-09	0.128713	9.90099e-09	1	0.112392	0.253353	0.666667	0.666667	0.666667	1	1	3325.26	1e+20	1.88925e+08	57.458	0.621052	65.1268	57.0442	49.176	42.8974	
194000	-132482	-1190.66	-85751.3	-16438.2	0.228868	1	0.126449	15.8166	5.53301	0.0612408	19.7498	0.227479	6646	99	627	-29003.6	99.9377f	17.7877	4	1	1	0.108911	0.128713	0.039604	9.90099e-09	0	0	0	0	0.827273	0.96988	0.276786	0.560976	0.912333	9.90099e-09	0.108911	9.90099e-09	1	0.108824	0.292645	0.666667	0.666667	0.666667	1	1	3325.26	1e+20	1.88925e+08	73.188	5.04456	65.1268	57.0442	99.9377	17.7877	
195000	-133988	-1190.66	-87257.5	-16669.8	0.228868	1	0.121292	16.4891	5.30734	0.0612408	19.7498	0.247235	6803	99	614	-29003.6	99.9377f	17.7877	4	1	1	0.108911	0.128713	0.039604	9.90099e-09	0	0	0	0	0.881818	0.967789	0.221733	0.584	0.892805	9.90099e-09	0.108911	9.90099e-09	1	0.118594	0.300485	0.666667	0.666667	0.666667	1	1	3325.26	1e+20	1.88925e+08	73.188	5.04456	65.1268	57.0442	99.9377	17.7877	
196000	-132622	-1190.66	-85891.5	-16340.9	0.228868	1	0.138061	14.4863	6.04112	0.0228222	19.7498	0.190823	6580	99	705	-29003.6	77.8551f	73.7213	4	1	1	0.0693069	0.128713	0.039604	9.90099e-09	0	0	0	0	0.890909	0.958904	0.265244	0.515152	0.882263	9.90099e-09	0.108911	9.90099e-09	1	0.122324	0.280415	0.666667	0.666667	0.666667	1	1	3325.26	1e+20	1.88925e+08	73.188	5.04456	65.1268	57.0442	77.8551	73.7213	
197000	-133877	-1190.66	-87146.2	-16625.6	0.233818	1	0.136414	14.6612	6.09812	0.0228222	19.7498	0.191322	6774	99	637	-29003.6	77.8551f	73.7213	4	1	1	0.0693069	0.168317	0.039604	9.90099e-09	0	0	0	0	0.881818	0.968889	0.228951	0.462121	0.882006	9.90099e-09	0.108911	9.90099e-09	1	0.116176	0.31791	0.666667	0.666667	0.666667	1	1	3325.26	1e+20	1.88925e+08	73.188	5.04456	65.1268	57.0442	77.8551	73.7213	
198000	-133553	-1190.66	-86822.8	-16644.5	0.233818	1	0.123953	16.1351	5.54108	0.00728875	19.7498	0.231723	6787	99	592	-29003.6	68.1961f	59.5433	4	1	1	0.0693069	0.168317	0.0594059	9.90099e-09	0	0	0	0	0.881818	0.958641	0.268148	0.534483	0.90625	9.90099e-09	0.108911	9.90099e-09	1	0.110457	0.286913	0.666667	0.666667	0.666667	1	1	3325.26	1e+20	1.88925e+08	71.4232	7.70666	65.1268	57.0442	68.1961	59.5433	
199000	-135233	-1190.66	-88502.2	-16765.3	0.240436	1	0.131856	15.1681	6.06121	0.000783471	19.7498	0.199141	6870	99	662	-29003.6	44.7474f	50.547	4	1	1	0.0693069	0.168317	0.0594059	9.90099e-09	0	0	0	0	0.836364	0.960813	0.263081	0.540146	0.883117	9.90099e-09	0.108911	9.90099e-09	1	0.0930233	0.306428	0.666667	0.666667	0.666667	1	1	3325.26	1e+20	1.88925e+08	76.2251	20.0752	65.1268	57.0442	44.7474	50.547	
200000	-136128	-1190.66	-89397.7	-16940.6	0.240436	1	0.114922	17.4031	5.22925	0.0125581	19.6996	0.264837	6993	99	622	-29003.6	65.879f	72.0168	4	1	1	0.0693069	0.168317	0.0594059	9.90099e-09	0	0	0	0	0.9	0.958333	0.242857	0.56	0.889843	9.90099e-09	0.0594059	9.90099e-09	1	0.107296	0.284512	0.666667	0.666667	0.666667	1	1	3325.26	1e+20	1.88925e+08	76.2251	20.0752	65.1268	57.0442	65.879	72.0168	
201000	-136536	-1190.66	-89805.2	-16970.6	0.240436	1	0.12361	16.1799	5.61265	0.018261	19.6891	0.229402	7014	99	641	-29003.6	81.8305f	43.7977	4	1	1	0.0693069	0.168317	0.0594059	9.90099e-09	0	0	0	0	0.836364	0.96719	0.239316	0.51773	0.883191	9.90099e-09	0.0594059	9.90099e-09	1	0.10114	0.297222	0.666667	0.666667	0.666667	1	1	3325.26	1e+20	1.88925e+08	76.2251	20.0752	60.2093	55.3838	81.8305	43.7977	
202000	-138479	-1190.66	-91747.9	-17237.6	0.24925	1	0.12361	16.1799	5.8184	0.00955509	19.6891	0.22129	7204	99	634	-29003.6	49.4688f	73.5983	4	1	1	0.0693069	0.168317	0.0594059	9.90099e-09	0	0	0	0	0.845455	0.962604	0.202497	0.537879	0.899721	9.90099e-09	0.0594059	9.90099e-09	1	0.117729	0.343465	0.666667	0.666667	0.666667	1	1	3325.26	1e+20	1.88925e+08	76.2251	20.0752	60.2093	55.3838	49.4688	73.5983	
203000	-141057	-1190.66	-94326.2	-17557.2	0.24925	1	0.106902	18.7087	5.03193	0.0135991	19.6891	0.295869	7434	99	640	-29003.6	61.0209f	76.0195	4	1	1	0.049505	0.168317	0.0594059	9.90099e-09	0	0	0	0	0.881818	0.971698	0.25	0.530303	0.915323	9.90099e-09	0.0594059	9.90099e-09	1	0.121294	0.289515	0.666667	0.666667	0.666667	1	1	3325.26	1e+20	1.88925e+08	76.2251	20.0752	40.4554	54.2157	61.0209	76.0195	
204000	-138283	-1190.66	-91552.6	-17232.9	0.252137	1	0.118987	16.8086	5.5233	0.0180026	19.5643	0.242172	7200	99	616	-29003.6	42.5677f	81.5509	4	1	1	0.049505	0.168317	0.0594059	9.90099e-09	0	0	0	0	0.8	0.977839	0.231944	0.524194	0.890884	9.90099e-09	0.0594059	9.90099e-09	1	0.104022	0.285481	0.666667	0.666667	0.666667	1	1	3325.26	1e+20	1.88925e+08	76.2251	20.0752	29.6916	62.7111	42.5677	81.5509	
205000	-140098	-1190.66	-93367.8	-17374.8	0.252463	1	0.131788	15.1759	6.05246	0.00044624	19.5057	0.199532	7303	99	680	-29003.6	53.3541f	49.7975	4	1	1	0.049505	0.168317	0.0594059	9.90099e-09	0	0	0	0	0.790909	0.957592	0.240766	0.576923	0.903978	9.90099e-09	0.0594059	9.90099e-09	1	0.108071	0.291727	0.666667	0.666667	0.666667	1	1	3325.26	1e+20	1.88925e+08	76.2251	20.0752	29.6916	62.7111	53.3541	49.7975	
206000	-141819	-1190.66	-95088.7	-17535.3	0.255108	1	0.13535	14.7766	6.36689	0.0212663	19.572	0.184687	7420	99	726	-29003.6	23.4651f	72.8254	4	1	1	0.049505	0.168317	0.0594059	9.90099e-09	0	0	0	0	0.836364	0.958722	0.248656	0.448529	0.882907	9.90099e-09	0.0891089	9.90099e-09	1	0.144772	0.308804	0.666667	0.666667	0.666667	1	1	3325.26	1e+20	1.88925e+08	76.2251	20.0752	29.6916	62.7111	23.4651	72.8254	
207000	-145703	-1190.66	-98972.6	-17991.6	0.264473	1	0.136898	14.6094	6.94947	0.0366275	19.7693	0.16729	7760	99	749	-29003.6	8.12897f	68.7989	4	1	1	0.049505	0.168317	0.0594059	9.90099e-09	0	0	0	0	0.854545	0.963777	0.267442	0.55102	0.86736	9.90099e-09	0.0891089	9.90099e-09	1	0.121604	0.333778	0.666667	0.666667	0.666667	1	1	3325.26	1e+20	1.88925e+08	76.2251	20.0752	29.6916	62.7111	8.12897	68.7989	
208000	-146142	-1190.66	-99411.1	-18120.6	0.264473	1	0.116265	17.2021	5.90204	0.00875762	19.7693	0.231937	7857	99	693	-29003.6	28.4354f	46.1141	4	1	1	0.049505	0.168317	0.0594059	9.90099e-09	0	0	0	0	0.9	0.969388	0.243964	0.468531	0.911055	9.90099e-09	0.0891089	9.90099e-09	1	0.103053	0.289586	0.666667	0.666667	0.666667	1	1	3325.26	1e+20	1.88925e+08	76.2251	20.0752	29.6916	62.7111	28.4354	46.1141	
209000	-147914	-1190.66	-101183	-18345.9	0.272729	1	0.116265	17.2021	6.08629	0.0287262	19.7693	0.224916	8032	99	687	-29003.6	11.5048f	62.7641	4	1	1	0.049505	0.168317	0.0594059	9.90099e-09	0	0	0	0	0.872727	0.972603	0.205224	0.527027	0.910336	9.90099e-09	0.0891089	9.90099e-09	1	0.100746	0.272328	0.666667	0.666667	0.666667	1	1	3325.26	1e+20	1.88925e+08	76.2251	20.0752	29.6916	62.7111	11.5048	62.7641	
210000	-145012	-1190.66	-98281.1	-17910.5	0.260262	1	0.125106	15.9865	6.24973	0.00415917	19.7693	0.203555	7698	99	738	-29003.6	45.2237f	64.572	4	1	1	0.049505	0.168317	0.049505	9.90099e-09	0	0	0	0	0.827273	0.967448	0.276042	0.472	0.875325	9.90099e-09	0.0891089	9.90099e-09	1	0.116883	0.3101	0.666667	0.666667	0.666667	1	1	3325.26	1e+20	1.88925e+08	76.2251	20.0752	45.5318	58.8273	45.2237	64.572	
211000	-143793	-1190.66	-97061.9	-17829.3	0.263746	1	0.120692	16.5711	6.10993	0.00214119	19.7693	0.215827	7638	99	690	-29003.6	49.7451f	39.991	4	1	1	0.049505	0.19802	0.049505	9.90099e-09	0	0	0	0	0.927273	0.970052	0.247382	0.517986	0.907068	9.90099e-09	0.0891089	9.90099e-09	1	0.10733	0.302023	0.666667	0.666667	0.666667	1	1	3325.26	1e+20	1.88925e+08	64.0907	17.0683	50.0366	50.9328	49.7451	39.991	
212000	-143263	-1190.66	-96532	-17736	0.263746	1	0.128335	15.5843	6.49684	0.00369902	19.7693	0.190886	7568	99	708	-29003.6	57.4738f	62.4905	4	1	1	0.049505	0.19802	0.049505	9.90099e-09	0	0	0	0	0.881818	0.952569	0.283641	0.542254	0.903567	9.90099e-09	0.0990099	9.90099e-09	1	0.112285	0.262712	0.666667	0.666667	0.666667	1	1	3325.26	1e+20	1.88925e+08	32.4808	13.1734	86.5809	39.776	57.4738	62.4905	
213000	-142715	-1190.66	-95984.3	-17724.8	0.259806	1	0.12035	16.6183	6.0016	0.0190976	19.7693	0.220348	7560	99	674	-29003.6	75.0738f	28.6338	4	1	1	0.049505	0.19802	0.049505	9.90099e-09	0	0	0	0	0.836364	0.968338	0.220317	0.507246	0.892529	9.90099e-09	0.0990099	9.90099e-09	1	0.114927	0.294201	0.666667	0.666667	0.666667	1	1	3325.26	1e+20	1.88925e+08	71.7649	14.3936	98.0574	14.1665	75.0738	28.6338	
214000	-143575	-1190.66	-96843.9	-17838.6	0.263152	1	0.116186	17.2138	5.8686	0.0203789	19.7693	0.233416	7645	99	667	-29003.6	79.4819f	32.8091	4	1	1	0.049505	0.19802	0.049505	9.90099e-09	0	0	0	0	0.781818	0.961842	0.244764	0.518519	0.900524	9.90099e-09	0.0990099	9.90099e-09	1	0.115789	0.301515	0.666667	0.666667	0.666667	1	1	3325.26	1e+20	1.88925e+08	71.7649	14.3936	98.0574	14.1665	79.4819	32.8091	
215000	-142899	-1190.66	-96168.6	-17800.4	0.265787	1	0.102426	19.5263	5.22539	0.0251252	19.7693	0.297366	7616	99	638	-29003.6	75.6134f	22.1818	4	1	1	0.049505	0.19802	0.049505	9.90099e-09	0	0	0	0	0.927273	0.956117	0.249344	0.515625	0.891076	9.90099e-09	0.0990099	9.90099e-09	1	0.106299	0.322917	0.666667	0.666667	0.666667	1	1	3325.26	1e+20	1.88925e+08	71.7649	14.3936	98.0574	14.1665	75.6134	22.1818	
216000	-146227	-1190.66	-99496.2	-18142.2	0.268884	1	0.124532	16.0601	6.42716	0.0728805	19.7693	0.198848	7875	99	685	-29003.6	96.5999f	5.01765	4	1	1	0.138614	0.19802	9.90099e-09	9.90099e-09	0	0	0	0	0.809091	0.957801	0.236504	0.5	0.90736	9.90099e-09	0.0990099	9.90099e-09	1	0.101542	0.272859	0.666667	0.666667	0.666667	1	1	3325.26	1e+20	1.88925e+08	71.7649	14.3936	98.0574	14.1665	96.5999	5.01765	
217000	-145695	-1190.66	-98964.4	-18067.4	0.268072	1	0.12517	15.9782	6.13257	0.0502417	19.5285	0.207337	7818	99	695	-29003.6	96.1253f	22.2895	4	1	1	0.138614	0.19802	9.90099e-09	9.90099e-09	0	0	0	0	0.836364	0.970588	0.272959	0.587838	0.899235	9.90099e-09	0.0990099	9.90099e-09	1	0.108696	0.288406	0.666667	0.666667	0.666667	1	1	3325.26	1e+20	1.88925e+08	71.7649	14.3936	98.0574	14.1665	96.1253	22.2895	
218000	-146205	-1190.66	-99474.4	-18134	0.27125	1	0.120999	16.529	5.99849	0.0489432	19.5285	0.219278	7869	99	689	-29003.6	89.6285f	14.7728	4	1	1	0.138614	0.19802	9.90099e-09	0.009901	0	0	0	0	0.854545	0.967089	0.248092	0.462687	0.908629	9.90099e-09	0.0990099	9.90099e-09	1	0.104193	0.288856	0.666667	0.666667	0.666667	1	1	3325.26	1e+20	1.88925e+08	71.7649	14.3936	98.0574	14.1665	89.6285	14.7728	
219000	-147809	-1190.66	-101079	-18327.1	0.27125	1	0.123383	16.2097	6.34209	0.0492714	19.706	0.203392	8017	99	690	-29003.6	75.6486f	3.54829	4	1	1	0.138614	0.19802	9.90099e-09	0.009901	0	0	0	0	0.863636	0.973651	0.249377	0.489209	0.906484	9.90099e-09	0.0891089	9.90099e-09	1	0.0947631	0.271942	0.666667	0.666667	0.666667	1	1	3325.26	1e+20	1.88925e+08	71.7649	14.3936	98.0574	14.1665	75.6486	3.54829	
220000	-145868	-1190.66	-99137.7	-18136	0.267687	1	0.109638	18.2418	5.75347	0.0359402	19.8739	0.252306	7870	99	658	-29003.6	95.5166f	54.4282	4	1	1	0.138614	0.19802	9.90099e-09	0.009901	0	0	0	0	0.863636	0.969388	0.286079	0.526316	0.898848	9.90099e-09	0.0891089	9.90099e-09	1	0.115776	0.278539	0.666667	0.666667	0.666667	1	1	3325.26	1e+20	1.88925e+08	71.7649	14.3936	98.0574	14.1665	95.5166	54.4282	
221000	-145524	-1190.66	-98793.3	-18021.4	0.267687	1	0.115921	17.2531	6.08317	0.0305888	19.8739	0.225698	7783	99	708	-29003.6	65.5724f	11.3801	4	1	1	0.138614	0.19802	0.019802	0.009901	0	0	0	0	0.827273	0.965605	0.258599	0.479452	0.883929	9.90099e-09	0.0891089	9.90099e-09	1	0.112102	0.299435	0.666667	0.666667	0.666667	1	1	3325.26	1e+20	1.88925e+08	71.7649	14.3936	98.0574	14.1665	65.5724	11.3801	
222000	-145184	-1190.66	-98453	-18005.6	0.267763	1	0.110143	18.1582	5.7816	0.0346508	19.8739	0.249928	7771	99	691	-29003.6	85.897f	23.5572	4	1	1	0.039604	0.19802	0.019802	0.009901	0	0	0	0	0.772727	0.952564	0.266409	0.587786	0.897436	9.90099e-09	0.0891089	9.90099e-09	1	0.111825	0.261448	0.666667	0.666667	0.666667	1	1	3325.26	1e+20	1.88925e+08	71.7649	14.3936	98.0574	14.1665	85.897	23.5572	
223000	-144934	-1190.66	-98203.7	-18014.8	0.267763	1	0.11452	17.4642	6.01136	0.0730969	19.8739	0.231188	7778	99	658	-29003.6	94.6738f	2.99632	4	1	1	0.039604	0.19802	0.019802	0.009901	0	0	0	0	0.9	0.96134	0.277279	0.466165	0.893041	9.90099e-09	0.0891089	9.90099e-09	1	0.112965	0.289833	0.666667	0.666667	0.666667	1	1	3325.26	1e+20	1.88925e+08	71.7649	14.3936	98.0574	14.1665	94.6738	2.99632	
224000	-145388	-1190.66	-98657.6	-18022.7	0.267301	1	0.118578	16.8666	6.2136	0.0495545	19.8739	0.21601	7784	99	691	-29003.6	71.6818f	1.43461	4	1	1	0.039604	0.207921	0.019802	0.009901	0	0	0	0	0.845455	0.975703	0.288092	0.507463	0.907574	9.90099e-09	0.178218	9.90099e-09	1	0.107417	0.274481	0.666667	0.666667	0.666667	1	1	3325.26	1e+20	1.88925e+08	24.8576	81.7016	98.0574	14.1665	71.6818	1.43461	
225000	-145363	-1190.66	-98632.2	-18107.9	0.270236	1	0.10778	18.5563	5.70979	0.0132371	19.8739	0.25862	7849	99	635	-29003.6	66.3028f	28.1942	4	1	1	0.039604	0.207921	0.019802	0.009901	0	0	0	0	0.872727	0.965605	0.257942	0.496124	0.904701	9.90099e-09	0.178218	9.90099e-09	1	0.105464	0.287023	0.666667	0.666667	0.666667	1	1	3325.26	1e+20	1.88925e+08	71.7649	14.3936	98.0574	14.1665	66.3028	28.1942	
226000	-150639	-1190.66	-103908	-18662.4	0.278071	1	0.107259	18.6464	5.84695	0.0273545	19.8739	0.25378	8280	99	691	-29003.6	88.7382f	41.1012	4	1	1	0.039604	0.207921	0.019802	0.009901	0	0	0	0	0.854545	0.979419	0.275061	0.525926	0.90799	9.90099e-09	0.178218	9.90099e-09	1	0.110169	0.322727	0.666667	0.666667	0.666667	1	1	3325.26	1e+20	1.88925e+08	71.7649	14.3936	98.0574	14.1665	88.7382	41.1012	
227000	-148675	-1190.66	-101944	-18469.2	0.278071	1	0.113233	17.6628	6.13334	0.00315226	19.8422	0.229167	8129	99	665	-29003.6	59.7647f	41.6899	4	1	1	0.0594059	0.207921	9.90099e-09	0.009901	0	0	0	0	0.818182	0.96556	0.261671	0.518797	0.906057	9.90099e-09	0.178218	9.90099e-09	1	0.120541	0.280303	0.666667	0.666667	0.666667	1	1	3325.26	1e+20	1.88925e+08	71.7649	14.3936	98.0574	14.1665	59.7647	41.6899	
228000	-147435	-1190.66	-100705	-18250.3	0.278071	1	0.114403	17.482	6.19675	0.027207	19.8422	0.2245	7958	99	714	-29003.6	85.593f	32.7825	4	1	1	0.0594059	0.207921	9.90099e-09	0.009901	0	0	0	0	0.881818	0.959849	0.286432	0.479167	0.884422	9.90099e-09	0.178218	9.90099e-09	1	0.124216	0.269175	0.666667	0.666667	0.666667	1	1	3325.26	1e+20	1.88925e+08	71.7649	14.3936	71.9593	29.1523	85.593	32.7825	
229000	-147065	-1190.66	-100334	-18214.5	0.278071	1	0.117664	16.9976	6.55925	0.00919986	19.9853	0.206216	7930	99	702	-29003.6	68.3488f	36.6565	4	1	1	0.0594059	0.207921	9.90099e-09	0.009901	0	0	0	0	0.836364	0.958698	0.22796	0.539568	0.90363	9.90099e-09	0.178218	9.90099e-09	1	0.104534	0.28294	0.666667	0.666667	0.666667	1	1	3325.26	1e+20	1.88925e+08	71.7649	14.3936	71.9593	29.1523	68.3488	36.6565	
230000	-149107	-1190.66	-102376	-18433.3	0.278071	1	0.117827	16.9741	6.56834	0.0120011	19.9853	0.205646	8101	99	729	-29003.6	71.7825f	35.7372	4	1	1	0.0594059	0.207921	9.90099e-09	9.90099e-09	0	0	0	0	0.836364	0.967662	0.242236	0.506944	0.893035	9.90099e-09	0.0594059	9.90099e-09	1	0.108508	0.255443	0.666667	0.666667	0.666667	1	1	3325.26	1e+20	1.88925e+08	71.7649	14.3936	71.9593	29.1523	71.7825	35.7372	
231000	-150229	-1190.66	-103499	-18567.8	0.28381	1	0.11251	17.7762	6.4014	0.0376106	19.9853	0.220981	8207	99	727	-29003.6	83.5859f	17.968	4	1	1	0.0594059	0.148515	9.90099e-09	9.90099e-09	0	0	0	0	0.890909	0.959951	0.248786	0.52381	0.912302	9.90099e-09	0.0594059	9.90099e-09	1	0.114078	0.29564	0.666667	0.666667	0.666667	1	1	3325.26	1e+20	1.88925e+08	71.7649	14.3936	71.9593	29.1523	83.5859	17.968	
232000	-148279	-1190.66	-101548	-18389	0.28381	1	0.11251	17.7762	6.4014	0.00610477	19.9853	0.220981	8065	99	682	-29003.6	52.4555f	32.1407	4	1	1	0.0594059	0.148515	9.90099e-09	9.90099e-09	0	0	0	0	0.863636	0.974074	0.283767	0.621429	0.904585	9.90099e-09	0.0594059	9.90099e-09	1	0.0916976	0.279942	0.666667	0.666667	0.666667	1	1	3325.26	1e+20	1.88925e+08	71.7649	14.3936	71.9593	29.1523	52.4555	32.1407	
233000	-149158	-1190.66	-102428	-18460.3	0.287391	1	0.122661	16.305	7.06703	0.014657	19.9853	0.183601	8120	99	711	-29003.6	62.2907f	24.1605	4	1	1	0.029703	0.148515	9.90099e-09	9.90099e-09	0	0	0	0	0.8	0.960736	0.242015	0.445205	0.916462	9.90099e-09	0.0594059	9.90099e-09	1	0.108241	0.30109	0.666667	0.666667	0.666667	1	1	3325.26	1e+20	1.88925e+08	71.7649	14.3936	71.9593	29.1523	62.2907	24.1605	
234000	-150854	