
# before rand glnL: -35619.801046 alnL: -1257.601046
# ninter: 99
# ncoal: 99
# nhits: 99
# true lbda: 0.003171
# true mu: 0.725588
# true rad: 47.085161
# true sigsq: 14.210060
# true neigh. size: 2.756384
# fst-based estimate of neighborhood size: -nan
# nucleotide diversity: 0.000000
# length of a generation: 1858.33 time units
# clock rate: 1 subst. per time unit
# after rand glnL: -35619.801046 alnL: -1257.601046
# ninter: 99
# ncoal: 99
# nhits: 99
# start lbda: 0.003171
# start mu: 0.725588
# start rad: 19.294075
sample	lnP	alnL	glnL	tlnL	lbda	clock	mu	neigh	sigsq	sigsqobs	rad	rhoe	nInt	nCoal	nHit	rootTime	rootLon	rootLat	tstv	alpha	MeanBr	accLbda	accMu	accRad	accInDelDisk	accInDelHit	accScaleTime	accSPR	accSPRlocal	accPath	accIndelDiskSerial	accIndelHitSerial	accLdskGivenDisk	accDiskGivenLdsk	accDiskAndLdsk	accLdskMulti	accDiskMulti	accMoveDiskUD	accAddRemoveJump	accLdskTipToRoot	tuneLbda	tuneRad	tuneMu	tuneIndelDisk	tuneIndelHit	tuneLdskGivenDisk	tuneIndelDiskSerial	tuneIndelHitSerial	c0	c1	rootc0	rootc1	rootldsk0	rootldsk1	
  1000	-52794.9	-1257.6	-5997.25	-1547.08	0.00770047	1	0.268309	7.45409	0.359798	0.012413	19.2941	1.64864	268	99	124	-31538.5	55.2908f	23.1092	4	1	1	0	0	0	0	0	0	0	0	0.954545	0.72549	0.221239	0.5	0.403509	0	0	0	1	0.155172	0.121951	1	1	1	1	1	1.5	11.3906	1.5	85.3775	38.9421	87.7157	49.2094	55.2908	23.1092	
  2000	-55712.3	-1257.6	-8914.65	-2383.6	0.0143626	1	0.260431	7.67959	0.746204	0.0424244	19.9609	0.818975	455	99	162	-31538.5	95.3948f	26.1281	4	1	1	0	0	0	0	0	0	0	0	0.954545	0.824427	0.288889	0.448598	0.62963	0	0	0	1	0.192593	0.308642	1	1	1	1	1	5.0625	437.894	11.3906	98.1885	33.5393	87.7157	49.2094	95.3948	26.1281	
  3000	-57089.7	-1257.6	-10292.1	-2813.44	0.0173949	1	0.226085	8.84621	0.749137	0.0363394	19.7317	0.939693	559	99	160	-31538.5	95.4552f	64.1249	4	1	1	0	0	0	0	0	0	0	0	0.954545	0.910714	0.238938	0.485981	0.725664	0	0	0	1	0.125	0.181818	1	1	1	1	1	11.3906	7481.83	38.4434	98.1885	33.5393	87.7157	49.2094	95.4552	64.1249	
  4000	-57495.5	-1257.6	-10697.9	-2937.95	0.0180002	1	0.241445	8.28347	0.836629	0.0349944	19.7837	0.787897	590	99	161	-31538.5	96.5908f	51.9011	4	1	1	0	0	0	0	0	0	0	0	0.945455	0.889831	0.247863	0.441441	0.694915	0	0	0	1	0.12931	0.117284	1	1	1	1	1	38.4434	1.45611e+06	11.3906	98.1885	33.5393	87.7157	49.2094	96.5908	51.9011	
  5000	-58776.4	-1257.6	-11978.8	-3301.33	0.022689	1	0.225742	8.85967	0.985974	0.00662542	19.7837	0.71506	683	99	163	-31538.5	46.3729f	30.5081	4	1	1	0	0	0	0	0	0	0	0	0.936364	0.933824	0.125	0.447619	0.736842	0	0	0	1	0.131387	0.321212	1	1	1	1	1	129.746	4.25081e+08	57.665	98.1885	33.5393	87.7157	49.2094	46.3729	30.5081	
  6000	-60918.1	-1257.6	-14120.5	-3846.62	0.024952	1	0.25578	7.81922	1.2286	0.00662542	19.7837	0.506457	829	99	190	-31538.5	46.3729f	30.5081	4	1	1	0.217822	0	0	0	0	0	0	0	0.954545	0.927711	0.208333	0.45	0.678571	0	0.108911	0.118812	1	0.131737	0.113402	0.666667	1	1	1	1	437.894	1.8614e+11	129.746	98.1885	33.5393	87.7157	49.2094	46.3729	30.5081	
  7000	-62180.5	-1257.6	-15382.9	-4228.24	0.0296623	1	0.261068	7.66085	1.47244	0.0150451	19.7227	0.414029	936	99	180	-31538.5	79.3382f	42.4491	4	1	1	0.217822	0.287129	0.029703	0	0	0	0	0	0.954545	0.898396	0.192513	0.485981	0.808511	0	0.108911	0.118812	1	0.143617	0.143646	0.666667	0.666667	1.5	1	1	1477.89	4.12643e+14	4987.89	98.1885	33.5393	87.7157	49.2094	79.3382	42.4491	
  8000	-64040.2	-1257.6	-17242.6	-4693.28	0.0314991	1	0.234675	8.52244	1.38648	0.011952	19.6555	0.48915	1070	99	193	-31538.5	55.5141f	76.802	4	1	1	0.217822	0.287129	0.029703	0	0	0	0	0	0.936364	0.925234	0.25	0.509259	0.824074	0	0.108911	0.118812	1	0.0925926	0.237113	0.666667	0.666667	1.5	1	1	4987.89	1.37214e+18	7481.83	98.1885	33.5393	87.7157	49.2094	55.5141	76.802	
  9000	-65487.9	-1257.6	-18690.3	-4988.21	0.0359524	1	0.234588	8.52559	1.58191	0.036871	19.6555	0.428877	1159	99	226	-31538.5	95.1244f	66.2538	4	1	1	0.217822	0.287129	0.029703	0	0	0	0	0	0.909091	0.930435	0.262712	0.53913	0.8	0	0.108911	0.118812	1	0.127119	0.27027	0.666667	0.666667	1.5	1	1	16834.1	1e+20	970740	98.1885	33.5393	67.9151	46.3239	95.1244	66.2538	
 10000	-65798.4	-1257.6	-19000.8	-5054.72	0.0359524	1	0.240428	8.31849	1.66724	0.036871	19.7933	0.397043	1179	99	231	-31538.5	95.1244f	66.2538	4	1	1	0.217822	0.287129	0.029703	0	0	0	0	0	0.936364	0.97479	0.285714	0.429752	0.798319	0	0.108911	0.118812	1	0.186441	0.291139	0.666667	0.666667	1.5	1	1	56815.1	1e+20	2.15197e+09	98.1885	33.5393	99.9018	58.0756	95.1244	66.2538	
 11000	-67663.5	-1257.6	-20865.9	-5522.45	0.0406865	1	0.237092	8.43553	1.8606	0.0377736	19.7933	0.360787	1324	99	235	-31538.5	94.8475f	68.6368	4	1	1	0.217822	0.287129	0.029703	0.009901	0	0	0	0	0.936364	0.947368	0.278195	0.512397	0.721805	0	0.118812	0.118812	1	0.157895	0.119149	0.666667	0.666667	1.5	1	1	56815.1	1e+20	2.15197e+09	98.1885	33.5393	99.9018	58.0756	94.8475	68.6368	
 12000	-69484.2	-1257.6	-22686.6	-5940.9	0.0447134	1	0.237092	8.43553	2.04475	0.0377736	19.7933	0.328294	1458	99	251	-31538.5	94.8475f	68.6368	4	1	1	0.217822	0.287129	0.029703	0.009901	0	0	0	0	0.963636	0.95302	0.306667	0.485437	0.838926	0	0.118812	0.118812	1	0.116438	0.156863	0.666667	0.666667	1.5	1	1	56815.1	1e+20	2.15197e+09	98.1885	33.5393	99.9018	58.0756	94.8475	68.6368	
 13000	-71576.5	-1257.6	-24778.9	-6377.75	0.0469168	1	0.265752	7.52581	2.35163	0.0406961	19.6829	0.254668	1601	99	280	-31538.5	98.3289f	64.2763	4	1	1	0.148515	0.118812	0.029703	0.009901	0	0	0	0	0.945455	0.956522	0.2375	0.508772	0.7875	0.009901	0.118812	0.009901	1	0.161491	0.143369	0.666667	0.666667	1.5	1	1	56815.1	1e+20	2.15197e+09	98.1885	33.5393	99.9018	58.0756	98.3289	64.2763	
 14000	-72376.3	-1257.6	-25578.7	-6547.73	0.0472867	1	0.230134	8.69058	2.10156	0.0473062	19.7994	0.329077	1657	99	289	-31538.5	80.198f	95.4632	4	1	1	0.148515	0.118812	0.029703	0.009901	0	0	0	0	0.927273	0.944785	0.308642	0.495413	0.819876	0.009901	0.118812	0.009901	1	0.177914	0.15917	0.666667	0.666667	1.5	1	1	56815.1	1e+20	2.15197e+09	98.1885	33.5393	99.9018	58.0756	80.198	95.4632	
 15000	-71375	-1257.6	-24577.4	-6337.14	0.050011	1	0.219722	9.10242	2.12207	0.0140124	19.7994	0.341341	1589	99	274	-31538.5	78.0224f	58.7159	4	1	1	0.148515	0.118812	0.029703	0.009901	0	0	0	0	0.918182	0.944099	0.348101	0.526786	0.772152	0.009901	0.118812	0.009901	1	0.138365	0.148936	0.666667	0.666667	1.5	1	1	56815.1	1e+20	2.15197e+09	98.1885	33.5393	85.5673	68.7326	78.0224	58.7159	
 16000	-71598.9	-1257.6	-24801.3	-6385.05	0.0517444	1	0.219722	9.10242	2.15553	0.013232	19.7084	0.336041	1605	99	279	-31538.5	71.2706f	69.1654	4	1	1	0.148515	0.118812	0.029703	0.009901	0	0	0	0	0.936364	0.944099	0.30625	0.535714	0.857143	0.009901	0.118812	0.009901	1	0.142857	0.176259	0.666667	0.666667	1.5	1	1	56815.1	1e+20	2.15197e+09	98.1885	33.5393	85.5673	68.7326	71.2706	69.1654	
 17000	-72265.6	-1257.6	-25468	-6526.27	0.0497515	1	0.219722	9.10242	2.14097	0.0144136	19.8692	0.338327	1652	99	286	-31538.5	75.1366f	34.3917	4	1	1	0.148515	0.118812	0.029703	0.009901	0	0	0	0	0.945455	0.927273	0.206061	0.513043	0.854545	0.009901	0.118812	0.009901	1	0.0903615	0.158845	0.666667	0.666667	1.5	1	1	56815.1	1e+20	2.15197e+09	98.1885	33.5393	85.5673	68.7326	75.1366	34.3917	
 18000	-72380.3	-1257.6	-25582.7	-6577.28	0.0521807	1	0.21407	9.34272	2.18775	0.0072327	19.8692	0.339833	1670	99	275	-31538.5	70.7737f	49.5672	4	1	1	0.148515	0.118812	0.039604	0.009901	0	0	0	0	0.918182	0.947059	0.232143	0.504673	0.883721	0.009901	0.0891089	0.009901	1	0.160714	0.170909	0.666667	0.666667	1.5	1	1	56815.1	1e+20	2.15197e+09	98.1885	33.5393	85.5673	68.7326	70.7737	49.5672	
 19000	-74889.3	-1257.6	-28091.7	-7084.68	0.0556716	1	0.21407	9.34272	2.33411	0.00996249	19.8692	0.318524	1845	99	311	-31538.5	62.1242f	71.7079	4	1	1	0.148515	0.118812	0.039604	0.009901	0	0	0	0	0.872727	0.935829	0.252688	0.598291	0.818182	0.009901	0.0891089	0.009901	1	0.162162	0.188925	0.666667	0.666667	1.5	1	1	56815.1	1e+20	2.15197e+09	98.1885	33.5393	81.3061	72.8077	62.1242	71.7079	
 20000	-77028.7	-1257.6	-30231.1	-7555.88	0.0616809	1	0.21407	9.34272	2.58606	0.00557845	19.8692	0.287492	2014	99	318	-31538.5	58.4302f	66.4126	4	1	1	0.148515	0.0792079	0.039604	0.009901	0	0	0	0	0.945455	0.954545	0.288557	0.477477	0.787879	0.009901	0.0891089	0.009901	1	0.139303	0.156863	0.666667	0.666667	1.5	1	1	56815.1	1e+20	2.15197e+09	98.1885	33.5393	81.3061	72.8077	58.4302	66.4126	
 21000	-77819.4	-1257.6	-31021.8	-7773.76	0.064881	1	0.209524	9.54545	2.66245	0.0456833	19.8692	0.285302	2094	99	303	-31538.5	78.6691f	95.3326	4	1	1	0.148515	0.0792079	0.039604	0.009901	0	0	0	0	0.936364	0.966667	0.267943	0.552	0.828571	0.009901	0.0891089	0.009901	1	0.1	0.146179	0.666667	0.666667	1.5	1	1	56815.1	1e+20	2.15197e+09	98.1885	33.5393	81.3061	72.8077	78.6691	95.3326	
 22000	-78720.7	-1257.6	-31923.1	-7957.46	0.0665714	1	0.209524	9.54545	2.47596	0.0456833	19.3867	0.306792	2162	99	314	-31538.5	78.6691f	95.3326	4	1	1	0.148515	0.0792079	0.039604	0.009901	0	0	0	0	0.954545	0.953917	0.25463	0.583333	0.83871	0.009901	0.0891089	0.009901	1	0.142857	0.197411	0.666667	0.666667	1.5	1	1	56815.1	1e+20	2.15197e+09	98.1885	33.5393	81.3061	72.8077	78.6691	95.3326	
 23000	-81050.6	-1257.6	-34253	-8413.53	0.0734674	1	0.209524	9.54545	2.73244	0.039842	19.3867	0.277994	2335	99	336	-31538.5	72.366f	94.8374	4	1	1	0.148515	0.0792079	0.039604	0.009901	0	0	0	0	0.890909	0.93133	0.297872	0.480392	0.882609	0.009901	0.0891089	0.009901	1	0.178723	0.1571	0.666667	0.666667	1.5	1	1	56815.1	1e+20	2.15197e+09	98.1885	33.5393	81.3061	72.8077	72.366	94.8374	
 24000	-81303.8	-1257.6	-34506.2	-8520.58	0.0734674	1	0.209524	9.54545	2.73244	0.0263757	19.3867	0.277994	2376	99	319	-31538.5	75.2109f	81.9078	4	1	1	0.148515	0.0792079	0.019802	9.90099e-09	0	0	0	0	0.918182	0.928571	0.205021	0.538462	0.849372	0.009901	0.0990099	0.009901	1	0.179916	0.188088	0.666667	0.666667	1.5	1	1	56815.1	1e+20	2.15197e+09	98.1885	33.5393	81.3061	72.8077	75.2109	81.9078	
 25000	-81723	-1257.6	-34925.4	-8593.68	0.0734674	1	0.192817	10.3725	2.7482	0.0351131	19.8221	0.300349	2404	99	321	-31538.5	82.1363f	84.2146	4	1	1	0.148515	0.0792079	0.019802	9.90099e-09	0	0	0	0	0.936364	0.946281	0.272727	0.539063	0.900415	0.009901	0.0990099	9.90099e-09	1	0.165975	0.150641	0.666667	0.666667	1.5	1	1	56815.1	1e+20	2.15197e+09	98.1885	33.5393	81.3061	72.8077	82.1363	84.2146	
 26000	-81863.3	-1257.6	-35065.7	-8567.58	0.0734674	1	0.191355	10.4518	2.72737	0.00609516	19.8221	0.304956	2394	99	340	-31538.5	68.1009f	44.4508	4	1	1	0.0594059	0.0792079	0.019802	9.90099e-09	0	0	0	0	0.927273	0.929167	0.240664	0.419355	0.858333	9.90099e-09	0.0990099	9.90099e-09	1	0.133333	0.151899	0.666667	0.666667	1.5	1	1	56815.1	1e+20	2.15197e+09	98.1885	33.5393	81.3061	72.8077	68.1009	44.4508	
 27000	-82220.7	-1257.6	-35423.1	-8651.2	0.07342	1	0.212805	9.39828	2.95902	0.00853576	19.7032	0.252749	2426	99	343	-31538.5	72.4542f	53.3131	4	1	1	0.0594059	0.0792079	0.019802	9.90099e-09	0	0	0	0	0.909091	0.962963	0.290984	0.475728	0.86722	9.90099e-09	0.0990099	9.90099e-09	1	0.176955	0.154519	0.666667	0.666667	1.5	1	1	56815.1	1e+20	2.15197e+09	98.1885	33.5393	81.3061	72.8077	72.4542	53.3131	
 28000	-81874.8	-1257.6	-35077.2	-8614.63	0.07342	1	0.195739	10.2177	2.82175	0.0126269	19.8817	0.288153	2412	99	325	-31538.5	76.9681f	56.7807	4	1	1	0.0594059	0.0792079	0.019802	9.90099e-09	0	0	0	0	0.918182	0.953586	0.274262	0.54717	0.835443	9.90099e-09	0.0990099	9.90099e-09	1	0.156118	0.160606	0.666667	0.666667	1.5	1	1	56815.1	1e+20	2.15197e+09	98.1885	33.5393	81.3061	72.8077	76.9681	56.7807	
 29000	-82146	-1257.6	-35348.4	-8659.03	0.07342	1	0.195739	10.2177	2.82175	0.0165821	19.8817	0.288153	2429	99	333	-31538.5	78.8473f	36.5916	4	1	1	0.0594059	0.0792079	0.019802	9.90099e-09	0	0	0	0	0.881818	0.971193	0.270492	0.540741	0.851695	9.90099e-09	0.0990099	9.90099e-09	1	0.128099	0.154519	0.666667	0.666667	1.5	1	1	56815.1	1e+20	2.15197e+09	98.1885	33.5393	81.3061	72.8077	78.8473	36.5916	
 30000	-80505.8	-1257.6	-33708.2	-8384.82	0.0734215	1	0.195739	10.2177	2.82181	0.0178984	19.8817	0.288147	2324	99	297	-31538.5	76.2514f	70.5862	4	1	1	0.0594059	0.0792079	0.029703	9.90099e-09	0	0	0	0	0.954545	0.961702	0.223176	0.527132	0.86383	9.90099e-09	0.0990099	9.90099e-09	1	0.124464	0.13468	0.666667	0.666667	1.5	1	1	56815.1	1e+20	2.15197e+09	98.1885	33.5393	81.3061	72.8077	76.2514	70.5862	
 31000	-81260.4	-1257.6	-34462.8	-8507.95	0.0774356	1	0.195739	10.2177	2.97608	0.00781658	19.8817	0.27321	2371	99	317	-31538.5	68.3106f	61.8467	4	1	1	0.0594059	0.0792079	0.029703	9.90099e-09	0	0	0	0	0.872727	0.933054	0.256303	0.515625	0.828452	9.90099e-09	0.0990099	9.90099e-09	1	0.130252	0.164474	0.666667	0.666667	1.5	1	1	56815.1	1e+20	2.15197e+09	98.1885	33.5393	81.3061	72.8077	68.3106	61.8467	
 32000	-81657.8	-1257.6	-34860.2	-8576.1	0.0791934	1	0.204245	9.79217	3.17589	0.000460462	19.8817	0.24536	2397	99	324	-31538.5	53.351f	50.6557	4	1	1	0.0594059	0.0792079	0.029703	9.90099e-09	0	0	0	0	0.909091	0.933333	0.270833	0.556391	0.879167	9.90099e-09	0.0990099	9.90099e-09	1	0.129167	0.145833	0.666667	0.666667	1.5	1	1	56815.1	1e+20	2.15197e+09	98.1885	33.5393	81.389	82.6131	53.351	50.6557	
 33000	-82921.6	-1257.6	-36124	-8804.65	0.0775492	1	0.204245	9.79217	3.10996	0.0302324	19.8817	0.250562	2487	99	339	-31538.5	86.4467f	26.8293	4	1	1	0.0792079	0.039604	0.029703	9.90099e-09	0	0	0	0	0.963636	0.943775	0.364372	0.5	0.797571	9.90099e-09	0.0990099	9.90099e-09	1	0.157258	0.20649	0.666667	0.666667	1.5	1	1	56815.1	1e+20	2.15197e+09	98.1885	33.5393	97.0328	29.3076	86.4467	26.8293	
 34000	-83631.1	-1257.6	-36833.5	-8938.89	0.0789186	1	0.204245	9.79217	3.16488	0.0299553	19.8817	0.246214	2540	99	345	-31538.5	72.7706f	13.5613	4	1	1	0.0792079	0.039604	0.029703	9.90099e-09	0	0	0	0	0.918182	0.937008	0.303502	0.509804	0.81323	9.90099e-09	0.0990099	9.90099e-09	1	0.137255	0.165698	0.666667	0.666667	1.5	1	1	56815.1	1e+20	2.15197e+09	98.1885	33.5393	97.0328	29.3076	72.7706	13.5613	
 35000	-83711.7	-1257.6	-36914.1	-8898.02	0.0801399	1	0.204245	9.79217	3.21385	0.0402329	19.8817	0.242462	2524	99	371	-31538.5	88.3727f	18.0862	4	1	1	0.0792079	0.039604	0.029703	9.90099e-09	0	0	0	0	0.918182	0.929134	0.27668	0.472222	0.830709	9.90099e-09	0.0990099	9.90099e-09	1	0.181818	0.171875	0.666667	0.666667	1.5	1	1	56815.1	1e+20	2.15197e+09	98.1885	33.5393	88.5974	25.3495	88.3727	18.0862	
 36000	-83661.9	-1257.6	-36864.3	-8968.83	0.0797781	1	0.20435	9.78711	2.94064	0.039462	19.4645	0.264851	2552	99	337	-31538.5	92.9012f	25.4281	4	1	1	0.0792079	0.039604	0.029703	9.90099e-09	0	0	0	0	0.9	0.937255	0.315175	0.471154	0.852	9.90099e-09	0.0792079	9.90099e-09	1	0.0898438	0.163205	0.666667	0.666667	1.5	1	1	56815.1	1e+20	2.15197e+09	98.1885	33.5393	79.7413	62.4419	92.9012	25.4281	
 37000	-85847	-1257.6	-39049.4	-9240.68	0.0805205	1	0.210393	9.50603	3.29458	0.0418986	19.8341	0.229609	2660	99	422	-31538.5	85.2926f	87.2308	4	1	1	0.0792079	0.039604	0.029703	9.90099e-09	0	0	0	0	0.863636	0.95057	0.24031	0.487395	0.821293	9.90099e-09	0.0792079	9.90099e-09	1	0.13308	0.121827	0.666667	0.666667	1.5	1	1	56815.1	1e+20	2.15197e+09	98.1885	33.5393	79.7413	62.4419	85.2926	87.2308	
 38000	-87055.4	-1257.6	-40257.8	-9531.46	0.0848555	1	0.210393	9.50603	3.3224	0.0228343	19.617	0.227687	2779	99	405	-31538.5	80.7264f	71.8891	4	1	1	0.178218	0.039604	0.029703	9.90099e-09	0	0	0	0	0.927273	0.935252	0.233813	0.566667	0.846429	9.90099e-09	0.0792079	9.90099e-09	1	0.126354	0.196517	0.666667	0.666667	1.5	1	1	56815.1	1e+20	2.15197e+09	98.1885	33.5393	79.7413	62.4419	80.7264	71.8891	
 39000	-87629.7	-1257.6	-40832.1	-9614.36	0.0887455	1	0.223391	8.95291	3.81724	0.0600807	19.7848	0.18664	2814	99	423	-31538.5	99.3228f	86.6093	4	1	1	0.178218	0.039604	0.029703	9.90099e-09	0	0	0	0	0.9	0.928315	0.256228	0.45082	0.855072	0.019802	0.0792079	9.90099e-09	1	0.16726	0.157005	0.666667	0.666667	1.5	1	1	56815.1	1e+20	2.15197e+09	98.1885	33.5393	88.1805	99.3437	99.3228	86.6093	
 40000	-87820.6	-1257.6	-41023	-9711.23	0.0887455	1	0.223391	8.95291	3.83729	0.0600807	19.8107	0.185665	2854	99	398	-31538.5	99.3228f	86.6093	4	1	1	0.178218	0.039604	0.029703	9.90099e-09	0	0	0	0	0.909091	0.9375	0.227586	0.448819	0.868966	0.019802	0.0792079	9.90099e-09	1	0.134483	0.207161	0.666667	0.666667	1.5	1	1	56815.1	1e+20	2.15197e+09	98.1885	33.5393	88.1805	99.3437	99.3228	86.6093	
 41000	-86881.6	-1257.6	-40084	-9636.15	0.0887455	1	0.197961	10.103	3.11364	0.0519647	19.3791	0.25821	2823	99	345	-31538.5	94.1658f	86.224	4	1	1	0.178218	0.039604	0.029703	9.90099e-09	0	0	0	0	0.909091	0.953405	0.260714	0.564815	0.846429	0.019802	0.0792079	9.90099e-09	1	0.116608	0.173913	0.666667	0.666667	1.5	1	1	56815.1	1e+20	2.15197e+09	98.1885	33.5393	88.1805	99.3437	94.1658	86.224	
 42000	-87286.5	-1257.6	-40488.9	-9681.85	0.0898555	1	0.231182	8.65119	3.57488	0.0405898	19.237	0.192577	2842	99	363	-31538.5	74.2686f	94.3608	4	1	1	0.178218	0.039604	0.029703	9.90099e-09	0	0	0	0	0.9	0.964789	0.230769	0.449541	0.82699	0.019802	0.108911	9.90099e-09	1	0.108772	0.186842	0.666667	0.666667	1.5	1	1	56815.1	1e+20	2.15197e+09	98.1885	33.5393	88.1805	99.3437	74.2686	94.3608	
 43000	-88409.9	-1257.6	-41612.3	-9774.13	0.0958489	1	0.231182	8.65119	3.81333	0.0575382	19.237	0.180535	2879	99	427	-31538.5	85.3162f	98.7515	4	1	1	0.178218	0.039604	0.029703	9.90099e-09	0	0	0	0	0.918182	0.958478	0.232639	0.555556	0.835052	0.019802	0.108911	9.90099e-09	1	0.125	0.187805	0.666667	0.666667	1.5	1	1	56815.1	1e+20	2.15197e+09	98.1885	33.5393	88.1805	99.3437	85.3162	98.7515	
 44000	-90095.5	-1257.6	-43297.9	-10088.7	0.0940546	1	0.228708	8.74477	3.75732	0.0610272	19.3086	0.185208	3013	99	435	-31538.5	89.9977f	97.347	4	1	1	0.178218	0.039604	0.0594059	9.90099e-09	0	0	0	0	0.909091	0.953642	0.29	0.424242	0.848185	0.019802	0.108911	9.90099e-09	1	0.172185	0.15103	0.666667	0.666667	1.5	1	1	56815.1	1e+20	2.15197e+09	93.6953	45.8066	88.1805	99.3437	89.9977	97.347	
 45000	-89863.1	-1257.6	-43065.5	-10105.5	0.0936591	1	0.212473	9.41298	3.9266	0.0361101	19.9062	0.190766	3020	99	402	-31538.5	66.4309f	94.8049	4	1	1	0.0891089	0.039604	0.0594059	9.90099e-09	0	0	0	0	0.936364	0.947712	0.250825	0.558333	0.879085	0.019802	0.108911	9.90099e-09	1	0.171617	0.167513	0.666667	0.666667	1.5	1	1	56815.1	1e+20	2.15197e+09	93.6953	45.8066	88.1805	99.3437	66.4309	94.8049	
 46000	-92639.5	-1257.6	-45841.9	-10610.8	0.103016	1	0.196651	10.1703	3.99727	0.0378582	19.9062	0.20247	3239	99	427	-31538.5	92.6919f	73.3351	4	1	1	0.0891089	0.0792079	0.0594059	9.90099e-09	0	0	0	0	0.918182	0.962963	0.256966	0.59292	0.842593	0.019802	0.108911	9.90099e-09	1	0.157407	0.163121	0.666667	0.666667	1.5	1	1	56815.1	1e+20	2.15197e+09	93.6953	45.8066	88.1805	99.3437	92.6919	73.3351	
 47000	-93283	-1257.6	-46485.4	-10740.3	0.103084	1	0.210937	9.48152	3.84495	0.0447988	19.368	0.196235	3296	99	422	-31538.5	71.4994f	98.6136	4	1	1	0.0891089	0.0792079	0.0594059	9.90099e-09	0	0	0	0	0.872727	0.95509	0.230303	0.46875	0.857576	0.019802	0.108911	9.90099e-09	1	0.121212	0.189904	0.666667	0.666667	1.5	1	1	56815.1	1e+20	2.15197e+09	93.4693	21.3172	88.1805	99.3437	71.4994	98.6136	
 48000	-92813.1	-1257.6	-46015.5	-10631.3	0.103084	1	0.18901	10.5814	3.71041	0.048284	19.7303	0.226941	3248	99	435	-31538.5	74.0426f	99.6675	4	1	1	0.0891089	0.0792079	0.0594059	0.009901	0	0	0	0	0.927273	0.941896	0.266871	0.484848	0.835866	0.019802	0.108911	9.90099e-09	1	0.0984615	0.13948	0.666667	0.666667	1.5	1	1	56815.1	1e+20	2.15197e+09	93.4693	21.3172	88.1805	99.3437	74.0426	99.6675	
 49000	-94869	-1257.6	-48071.4	-11047	0.107184	1	0.18901	10.5814	3.85798	0.0381982	19.7303	0.21826	3433	99	429	-31538.5	92.1279f	74.7942	4	1	1	0.0891089	0.0792079	0.0594059	0.009901	0	0	0	0	0.918182	0.971098	0.251445	0.525	0.83237	0.019802	0.049505	9.90099e-09	1	0.127168	0.15099	0.666667	0.666667	1.5	1	1	56815.1	1e+20	2.15197e+09	93.4693	21.3172	88.1805	99.3437	92.1279	74.7942	
 50000	-95701.3	-1257.6	-48903.7	-11156.4	0.107184	1	0.200227	9.98867	4.00732	0.00648003	19.6335	0.198355	3482	99	447	-31538.5	30.8592f	56.0097	4	1	1	0.0891089	0.0792079	0.0792079	0.009901	0	0	0	0	0.827273	0.965318	0.261494	0.482014	0.800578	0.019802	0.049505	9.90099e-09	1	0.13467	0.180085	0.666667	0.666667	1.5	1	1	56815.1	1e+20	2.15197e+09	93.4693	21.3172	58.7385	88.2417	30.8592	56.0097	
 51000	-96961.4	-1257.6	-50163.8	-11452	0.114588	1	0.184825	10.8211	3.62612	0.00710623	19.2125	0.237475	3618	99	420	-31538.5	57.7162f	69.4696	4	1	1	0.0891089	0.0792079	0.0792079	0.009901	0	0	0	0	0.918182	0.955801	0.268698	0.593496	0.878453	0.019802	0.049505	9.90099e-09	1	0.121547	0.171429	0.666667	0.666667	1.5	1	1	56815.1	1e+20	2.15197e+09	93.4693	21.3172	58.7385	88.2417	57.7162	69.4696	
 52000	-98388.2	-1257.6	-51590.6	-11715.5	0.115388	1	0.181546	11.0165	3.58668	0.0104425	19.2125	0.244422	3740	99	428	-31538.5	42.3145f	74.4595	4	1	1	0.0891089	0.0891089	0.0792079	0.009901	0	0	0	0	0.9	0.96206	0.246575	0.511628	0.834667	0.019802	0.049505	9.90099e-09	1	0.121951	0.191589	0.666667	0.666667	1.5	1	1	56815.1	1e+20	2.15197e+09	93.4693	21.3172	58.7385	88.2417	42.3145	74.4595	
 53000	-99598.5	-1257.6	-52800.9	-11915.9	0.119851	1	0.184401	10.8459	3.78397	0.00196078	19.2125	0.228091	3835	99	436	-31538.5	43.0777f	58.122	4	1	1	0.0891089	0.0891089	0.0792079	0.009901	0	0	0	0	0.918182	0.950521	0.190104	0.470588	0.869792	0.009901	0.049505	9.90099e-09	1	0.111979	0.176734	0.666667	0.666667	1.5	1	1	56815.1	1e+20	2.15197e+09	93.4693	21.3172	94.5679	67.2238	43.0777	58.122	
 54000	-102326	-1257.6	-55528.2	-12336.9	0.123076	1	0.181227	11.0359	4.05757	0.00196078	19.5059	0.216437	4036	99	476	-31538.5	43.0777f	58.122	4	1	1	0.0891089	0.0891089	0.0792079	0.009901	0	0	0	0	0.881818	0.957711	0.241895	0.537415	0.891358	0.009901	0.049505	9.90099e-09	1	0.116915	0.165966	0.666667	0.666667	1.5	1	1	56815.1	1e+20	2.15197e+09	93.4693	21.3172	94.5679	67.2238	43.0777	58.122	
 55000	-102598	-1257.6	-55800.1	-12381.5	0.12684	1	0.184393	10.8464	4.25472	0.0469395	19.5059	0.202864	4059	99	483	-31538.5	93.5642f	82.3462	4	1	1	0.0891089	0.0891089	0.0792079	0.009901	0	0	0	0	0.890909	0.955446	0.267327	0.489051	0.860349	0.009901	0.049505	9.90099e-09	1	0.142857	0.185263	0.666667	0.666667	1.5	1	1	56815.1	1e+20	2.15197e+09	93.4693	21.3172	94.5679	67.2238	93.5642	82.3462	
 56000	-102943	-1257.6	-56145.9	-12493.2	0.126615	1	0.195201	10.2458	4.06902	0.0259677	19.0251	0.200377	4113	99	454	-31538.5	69.7596f	15.2682	4	1	1	0.0891089	0.0891089	0.019802	0.009901	0	0	0	0	0.918182	0.958435	0.251816	0.521429	0.864532	0.009901	0.0891089	9.90099e-09	1	0.118644	0.165939	0.666667	0.666667	1.5	1	1	56815.1	1e+20	2.15197e+09	93.4693	21.3172	94.5679	67.2238	69.7596	15.2682	
 57000	-105573	-1257.6	-58775.8	-12889.5	0.133204	1	0.199614	10.0194	4.37753	0.0352982	19.0251	0.182138	4310	99	499	-31538.5	77.9708f	87.8957	4	1	1	0.0891089	0.0891089	0.019802	0.009901	0	0	0	0	0.863636	0.94186	0.240093	0.527027	0.859155	0.009901	0.0891089	9.90099e-09	1	0.162037	0.150301	0.666667	0.666667	1.5	1	1	56815.1	1e+20	2.15197e+09	93.4693	21.3172	94.5679	67.2238	77.9708	87.8957	
 58000	-104476	-1257.6	-57678.4	-12722.1	0.133204	1	0.211408	9.46038	4.63618	0.018853	19.0251	0.162382	4227	99	479	-31538.5	77.4094f	70.528	4	1	1	0.0891089	0.0594059	0.019802	0.009901	0	0	0	0	0.863636	0.950355	0.20331	0.526667	0.884161	0.009901	0.0891089	9.90099e-09	1	0.122931	0.163265	0.666667	0.666667	1.5	1	1	56815.1	1e+20	2.15197e+09	93.4693	21.3172	97.8674	79.6754	77.4094	70.528	
 59000	-104603	-1257.6	-57805.3	-12814.3	0.135102	1	0.178945	11.1766	4.18233	0.0402201	19.2622	0.212658	4273	99	444	-31538.5	89.3475f	81.1939	4	1	1	0.0891089	0.0594059	0.019802	0.009901	0	0	0	0	0.872727	0.962529	0.242991	0.539568	0.880562	0.009901	0.0891089	9.90099e-09	1	0.0979021	0.154525	0.666667	0.666667	1.5	1	1	56815.1	1e+20	2.15197e+09	93.4693	21.3172	97.8674	79.6754	89.3475	81.1939	
 60000	-106634	-1257.6	-59836.2	-13080.1	0.13932	1	0.183117	10.922	4.2777	0.0160507	19.1124	0.20318	4407	99	489	-31538.5	79.0555f	62.1192	4	1	1	0.0891089	0.0594059	0.019802	0.009901	0	0	0	0	0.945455	0.965596	0.238095	0.530612	0.847727	0.009901	0.0891089	9.90099e-09	1	0.125	0.174699	0.666667	0.666667	1.5	1	1	56815.1	1e+20	2.15197e+09	93.4693	21.3172	88.6608	80.6661	79.0555	62.1192	
 61000	-107488	-1257.6	-60690.8	-13149	0.13932	1	0.175429	11.4007	4.53429	0.0322895	19.6018	0.200083	4442	99	529	-31538.5	86.6868f	75.9521	4	1	1	0.0891089	0.0594059	0.019802	0.009901	0	0	0	0	0.927273	0.955056	0.262332	0.613861	0.870824	0.009901	0.0891089	9.90099e-09	1	0.139326	0.156371	0.666667	0.666667	1.5	1	1	56815.1	1e+20	2.15197e+09	93.4693	21.3172	88.6608	80.6661	86.6868	75.9521	
 62000	-105745	-1257.6	-58947.3	-12981.5	0.13932	1	0.173963	11.4967	4.74902	0.0449494	19.8715	0.192646	4357	99	452	-31538.5	80.9517f	93.2523	4	1	1	0.0891089	0.0594059	0.019802	0.009901	0	0	0	0	0.927273	0.963636	0.273563	0.485915	0.866972	0.009901	0.138614	9.90099e-09	1	0.16055	0.112832	0.666667	0.666667	1.5	1	1	56815.1	1e+20	2.15197e+09	93.4693	21.3172	88.6608	80.6661	80.9517	93.2523	
 63000	-106112	-1257.6	-59314.1	-12997.2	0.139071	1	0.173963	11.4967	4.55948	0.0531015	19.679	0.200654	4365	99	484	-31538.5	96.2582f	84.5406	4	1	1	0.0891089	0.0594059	0.0792079	0.009901	0	0	0	0	0.836364	0.942661	0.203661	0.410959	0.892449	0.009901	0.138614	9.90099e-09	1	0.130435	0.146694	0.666667	0.666667	1.5	1	1	56815.1	1e+20	2.15197e+09	91.972	26.0836	88.6608	80.6661	96.2582	84.5406	
 64000	-107047	-1257.6	-60249.3	-13121.5	0.139071	1	0.173963	11.4967	4.80895	0.0116284	19.9428	0.190245	4428	99	503	-31538.5	70.6415f	67.0799	4	1	1	0.0891089	0.0891089	0.0792079	0.009901	0	0	0	0	0.854545	0.945701	0.241535	0.60396	0.878378	0.009901	0.138614	9.90099e-09	1	0.11086	0.174603	0.666667	0.666667	1.5	1	1	56815.1	1e+20	2.15197e+09	91.972	26.0836	76.9351	78.4961	70.6415	67.0799	
 65000	-106388	-1257.6	-59590.5	-13062.3	0.139071	1	0.160619	12.4518	4.44009	0.0197235	19.9428	0.223167	4398	99	473	-31538.5	79.6408f	68.634	4	1	1	0.0891089	0.0891089	0.0792079	0.009901	0	0	0	0	0.9	0.970455	0.263636	0.513889	0.845455	0.009901	0.138614	9.90099e-09	1	0.115909	0.154639	0.666667	0.666667	1.5	1	1	56815.1	1e+20	2.15197e+09	91.972	26.0836	72.478	88.7992	79.6408	68.634	
 66000	-107697	-1257.6	-60899.6	-13296.7	0.139567	1	0.142769	14.0086	3.96073	0.0366057	19.9428	0.281456	4517	99	468	-31538.5	88.4937f	78.4693	4	1	1	0.039604	0.0891089	0.0792079	0.009901	0	0	0	0	0.863636	0.964444	0.3	0.467153	0.881696	0.009901	0.138614	9.90099e-09	1	0.116071	0.12967	0.666667	0.666667	1.5	1	1	56815.1	1e+20	2.15197e+09	91.972	26.0836	72.478	88.7992	88.4937	78.4693	
 67000	-105374	-1257.6	-58576	-12983.5	0.142498	1	0.142769	14.0086	4.04389	0.0440877	19.9428	0.275667	4357	99	422	-31538.5	89.8102f	84.3773	4	1	1	0.039604	0.0891089	0.0792079	0.009901	0	0	0	0	0.863636	0.972665	0.217391	0.571429	0.883295	0.009901	0.039604	9.90099e-09	1	0.100687	0.154734	0.666667	0.666667	1.5	1	1	56815.1	1e+20	2.15197e+09	91.972	26.0836	77.2171	95.2681	89.8102	84.3773	
 68000	-107947	-1257.6	-61149.1	-13429.7	0.142498	1	0.146862	13.6182	3.88894	0.0434064	19.6099	0.278662	4586	99	421	-31538.5	83.3452f	90.2135	4	1	1	0.039604	0.0891089	0.029703	0.009901	0	0	0	0	0.945455	0.973913	0.265217	0.631579	0.902222	0.009901	0.039604	9.90099e-09	1	0.117647	0.163972	0.666667	0.666667	1.5	1	1	56815.1	1e+20	2.15197e+09	91.972	26.0836	77.2171	95.2681	83.3452	90.2135	
 69000	-109687	-1257.6	-62889.2	-13688.7	0.143945	1	0.148093	13.5051	3.96137	0.00698418	19.6099	0.271295	4720	99	446	-31538.5	31.6764f	40.4881	4	1	1	0.039604	0.0891089	0.029703	0.009901	0	0	0	0	0.9	0.95966	0.251064	0.537313	0.902748	0.009901	0.039604	9.90099e-09	1	0.0993658	0.170901	0.666667	0.666667	1.5	1	1	56815.1	1e+20	2.15197e+09	91.972	26.0836	77.2171	95.2681	31.6764	40.4881	
 70000	-108550	-1257.6	-61752	-13450.3	0.143945	1	0.148093	13.5051	4.19177	0.0383693	19.889	0.256383	4597	99	463	-31538.5	52.3401f	99.2136	4	1	1	0.039604	0.0891089	0.029703	0.009901	0	0	0	0	0.909091	0.967462	0.249458	0.551471	0.898048	0.009901	0.039604	9.90099e-09	1	0.114967	0.152034	0.666667	0.666667	1.5	1	1	56815.1	1e+20	2.15197e+09	91.972	26.0836	77.2171	95.2681	52.3401	99.2136	
 71000	-108043	-1257.6	-61245	-13287.4	0.143002	1	0.163336	12.2447	4.59293	0.031816	19.889	0.212153	4513	99	504	-31538.5	54.9782f	94.5645	4	1	1	0.049505	0.0891089	0.029703	9.90099e-09	0	0	0	0	0.890909	0.955752	0.265487	0.613793	0.851111	0.009901	0.039604	9.90099e-09	1	0.108407	0.196687	0.666667	0.666667	1.5	1	1	56815.1	1e+20	2.15197e+09	91.972	26.0836	77.2171	95.2681	54.9782	94.5645	
 72000	-107700	-1257.6	-60902.4	-13302.7	0.139357	1	0.151532	13.1986	4.15239	0.0361611	19.889	0.25294	4520	99	466	-31538.5	76.4624f	89.6747	4	1	1	0.049505	0.0891089	0.029703	9.90099e-09	0	0	0	0	0.9	0.973274	0.261641	0.514286	0.89357	0.009901	0.039604	9.90099e-09	1	0.119205	0.19403	0.666667	0.666667	1.5	1	1	56815.1	1e+20	2.15197e+09	91.972	26.0836	77.2171	95.2681	76.4624	89.6747	
 73000	-105732	-1257.6	-58934.1	-12965.8	0.139357	1	0.151532	13.1986	4.15239	0.0229807	19.889	0.25294	4349	99	460	-31538.5	63.2346f	85.6478	4	1	1	0.049505	0.0891089	0.029703	9.90099e-09	0	0	0	0	0.954545	0.986364	0.272936	0.566434	0.888889	0.009901	0.039604	9.90099e-09	1	0.136465	0.176349	0.666667	0.666667	1.5	1	1	56815.1	1e+20	2.15197e+09	91.972	26.0836	77.2171	95.2681	63.2346	85.6478	
 74000	-104086	-1257.6	-57288.3	-12738.2	0.133566	1	0.151532	13.1986	3.97985	0.0156821	19.889	0.263906	4235	99	426	-31538.5	69.4783f	74.4584	4	1	1	0.049505	0.0891089	0.009901	9.90099e-09	0	0	0	0	0.881818	0.964706	0.268868	0.519685	0.908019	0.009901	0.118812	9.90099e-09	1	0.134434	0.194313	0.666667	0.666667	1.5	1	1	56815.1	1e+20	2.15197e+09	80.7739	25.9888	53.4947	84.1062	69.4783	74.4584	
 75000	-104096	-1257.6	-57298.3	-12732.1	0.134332	1	0.168527	11.8675	4.45159	0.00530594	19.889	0.212146	4232	99	433	-31538.5	56.8106f	66.6614	4	1	1	0.049505	0.0891089	0.009901	9.90099e-09	0	0	0	0	0.881818	0.969048	0.293144	0.467153	0.879717	0.009901	0.118812	9.90099e-09	1	0.101415	0.13615	0.666667	0.666667	1.5	1	1	56815.1	1e+20	2.15197e+09	80.7739	25.9888	53.4947	84.1062	56.8106	66.6614	
 76000	-105105	-1257.6	-58307.5	-12854.6	0.134332	1	0.168142	11.8947	4.44141	0.0376251	19.889	0.213119	4293	99	463	-31538.5	46.5026f	98.6848	4	1	1	0.049505	0.0891089	0.009901	9.90099e-09	0	0	0	0	0.918182	0.962877	0.280742	0.645833	0.893023	0.009901	0.118812	9.90099e-09	1	0.155814	0.153846	0.666667	0.666667	1.5	1	1	56815.1	1e+20	2.15197e+09	80.7739	25.9888	51.6643	74.8338	46.5026	98.6848	
 77000	-104885	-1257.6	-58087.5	-12814.7	0.133577	1	0.160393	12.4693	4.21294	0.021635	19.889	0.235531	4273	99	463	-31538.5	52.9092f	86.8382	4	1	1	0.049505	0.0891089	0.009901	9.90099e-09	0	0	0	0	0.927273	0.957845	0.266355	0.52518	0.901869	9.90099e-09	0.118812	9.90099e-09	1	0.140515	0.179167	0.666667	0.666667	1.5	1	1	56815.1	1e+20	2.15197e+09	80.7739	25.9888	51.6643	74.8338	52.9092	86.8382	
 78000	-108517	-1257.6	-61719.7	-13452.8	0.142869	1	0.163111	12.2616	4.58234	0.0148403	19.889	0.212936	4598	99	464	-31538.5	72.3485f	70.5432	4	1	1	0.0891089	0.0891089	0.009901	9.90099e-09	0	0	0	0	0.909091	0.949891	0.244009	0.482517	0.882609	9.90099e-09	0.118812	9.90099e-09	1	0.123913	0.190909	0.666667	0.666667	1.5	1	1	56815.1	1e+20	2.15197e+09	80.7739	25.9888	51.6643	74.8338	72.3485	70.5432	
 79000	-110584	-1257.6	-63786.1	-13703	0.147258	1	0.170577	11.7249	5.03794	0.0255148	19.9876	0.185202	4729	99	515	-31538.5	15.9851f	71.4341	4	1	1	0.0891089	0.0891089	0.009901	9.90099e-09	0	0	0	0	0.909091	0.959831	0.239407	0.519231	0.869936	9.90099e-09	0.118812	9.90099e-09	1	0.154334	0.158203	0.666667	0.666667	1.5	1	1	56815.1	1e+20	2.15197e+09	80.7739	25.9888	51.6643	74.8338	15.9851	71.4341	
 80000	-109157	-1257.6	-62359.4	-13494.2	0.147052	1	0.158067	12.6529	4.66192	0.0354982	19.9876	0.215981	4620	99	494	-31538.5	26.4417f	91.1958	4	1	1	0.0891089	0.0891089	0.009901	9.90099e-09	0	0	0	0	0.927273	0.963203	0.300866	0.509804	0.848485	9.90099e-09	0.0792079	9.90099e-09	1	0.166307	0.130785	0.666667	0.666667	1.5	1	1	56815.1	1e+20	2.15197e+09	80.7739	25.9888	51.6643	74.8338	26.4417	91.1958	
 81000	-110977	-1257.6	-64179.2	-13860.9	0.153324	1	0.158067	12.6529	4.86076	0.0354982	19.9876	0.207146	4813	99	462	-31538.5	26.4417f	91.1958	4	1	1	0.0891089	0.0891089	0.009901	9.90099e-09	0	0	0	0	0.881818	0.952183	0.297297	0.446043	0.891667	9.90099e-09	0.0792079	9.90099e-09	1	0.14553	0.171306	0.666667	0.666667	1.5	1	1	56815.1	1e+20	2.15197e+09	80.7739	25.9888	51.6643	74.8338	26.4417	91.1958	
 82000	-114146	-1257.6	-67348.7	-14258.3	0.155321	1	0.175449	11.3993	5.46556	0.000268162	19.9876	0.165972	5026	99	539	-31538.5	49.8509f	50.9969	4	1	1	0.0891089	0.0891089	0.009901	9.90099e-09	0	0	0	0	0.872727	0.962227	0.250497	0.416667	0.892644	9.90099e-09	0.0792079	9.90099e-09	1	0.166998	0.163636	0.666667	0.666667	1.5	1	1	56815.1	1e+20	2.15197e+09	80.7739	25.9888	51.6643	74.8338	49.8509	50.9969	
 83000	-112918	-1257.6	-66120.8	-14046	0.155321	1	0.177563	11.2636	5.5314	0.01781	19.9876	0.162044	4912	99	545	-31538.5	51.7856f	83.4634	4	1	1	0.0891089	0.0792079	0.009901	9.90099e-09	0	0	0	0	0.945455	0.94898	0.314928	0.588785	0.893661	9.90099e-09	0.0792079	9.90099e-09	1	0.121951	0.161351	0.666667	0.666667	1.5	1	1	56815.1	1e+20	2.15197e+09	85.7586	31.4439	82.989	93.0553	51.7856	83.4634	
 84000	-114329	-1257.6	-67531.2	-14215.7	0.154982	1	0.177563	11.2636	5.51933	0.0203121	19.9876	0.162399	5003	99	578	-31538.5	72.9002f	77.3015	4	1	1	0.0891089	0.0792079	0.009901	9.90099e-09	0	0	0	0	0.890909	0.952096	0.245968	0.607477	0.852227	9.90099e-09	0.0792079	9.90099e-09	1	0.133733	0.156934	0.666667	0.666667	1.5	1	1	56815.1	1e+20	2.15197e+09	85.7586	31.4439	86.7691	80.9262	72.9002	77.3015	
 85000	-113409	-1257.6	-66611	-14115	0.154982	1	0.179634	11.1337	5.58774	0.0419624	19.9912	0.15856	4949	99	545	-31538.5	99.8583f	61.469	4	1	1	0.0792079	0.0792079	0.009901	9.90099e-09	0	0	0	0	0.809091	0.959514	0.300403	0.566372	0.873211	9.90099e-09	0.0792079	9.90099e-09	1	0.123232	0.148673	0.666667	0.666667	1.5	1	1	56815.1	1e+20	2.15197e+09	85.7586	31.4439	86.7691	80.9262	99.8583	61.469	
 86000	-113922	-1257.6	-67124.2	-14217.6	0.154982	1	0.179634	11.1337	5.58774	0.0472208	19.9912	0.15856	5004	99	538	-31538.5	93.8148f	82.2799	4	1	1	0.0792079	0.0792079	0.009901	9.90099e-09	0	0	0	0	0.9	0.96	0.287425	0.575221	0.843373	9.90099e-09	0.0891089	9.90099e-09	1	0.117764	0.172043	0.666667	0.666667	1.5	1	1	56815.1	1e+20	2.15197e+09	85.7586	31.4439	86.7691	80.9262	93.8148	82.2799	
 87000	-115002	-1257.6	-68204.1	-14421.2	0.162614	1	0.169528	11.7975	5.39008	0.0301359	19.8608	0.174174	5116	99	528	-31538.5	62.7378f	91.6917	4	1	1	0.0792079	0.0792079	0.009901	9.90099e-09	0	0	0	0	0.881818	0.953216	0.266145	0.546296	0.883041	9.90099e-09	0.0891089	9.90099e-09	1	0.118908	0.157197	0.666667	0.666667	1.5	1	1	56815.1	1e+20	2.15197e+09	82.152	36.7585	86.7691	80.9262	62.7378	91.6917	
 88000	-115549	-1257.6	-68750.9	-14443.4	0.157815	1	0.169528	11.7975	5.10242	0.0319759	19.7376	0.183994	5127	99	562	-31538.5	83.5991f	20.9406	4	1	1	0.0792079	0.0792079	0.009901	9.90099e-09	0	0	0	0	0.909091	0.959064	0.327485	0.603774	0.890838	9.90099e-09	0.0891089	9.90099e-09	1	0.118812	0.164151	0.666667	0.666667	1.5	1	1	56815.1	1e+20	2.15197e+09	82.152	36.7585	87.6186	48.7976	83.5991	20.9406	
 89000	-113458	-1257.6	-66660.5	-14172	0.157815	1	0.169528	11.7975	5.10242	0.0319759	19.7376	0.183994	4980	99	521	-31538.5	83.5991f	20.9406	4	1	1	0.0792079	0.0792079	0.009901	9.90099e-09	0	0	0	0	0.909091	0.967871	0.238956	0.548077	0.865462	9.90099e-09	0.0891089	9.90099e-09	1	0.118236	0.134357	0.666667	0.666667	1.5	1	1	56815.1	1e+20	2.15197e+09	82.152	36.7585	87.6186	48.7976	83.5991	20.9406	
 90000	-114459	-1257.6	-67661.1	-14321	0.161926	1	0.169528	11.7975	5.23534	0.00673293	19.7376	0.179322	5061	99	529	-31538.5	32.8856f	61.2875	4	1	1	0.0792079	0.039604	0.009901	9.90099e-09	0	0	0	0	0.890909	0.966601	0.240631	0.583333	0.890196	0.019802	0.0891089	9.90099e-09	1	0.130178	0.146893	0.666667	0.666667	1.5	1	1	56815.1	1e+20	2.15197e+09	82.152	36.7585	87.6186	48.7976	32.8856	61.2875	
 91000	-117598	-1257.6	-70800.6	-14743.7	0.163442	1	0.183987	10.8703	5.91385	0.00673293	19.8897	0.146272	5294	99	579	-31538.5	32.8856f	61.2875	4	1	1	0.049505	0.039604	0.009901	9.90099e-09	0	0	0	0	0.918182	0.962477	0.24717	0.574803	0.867925	0.019802	0.0891089	9.90099e-09	1	0.145283	0.153213	0.666667	0.666667	1.5	1	1	56815.1	1e+20	2.15197e+09	82.152	36.7585	87.6186	48.7976	32.8856	61.2875	
 92000	-117256	-1257.6	-70457.9	-14587.9	0.163442	1	0.193543	10.3336	6.22102	0.0108086	19.8897	0.132184	5208	99	639	-31538.5	66.273f	70.1104	4	1	1	0.049505	0.039604	0.009901	9.90099e-09	0	0	0	0	0.818182	0.954373	0.264875	0.443548	0.865643	0.019802	0.0891089	9.90099e-09	1	0.136882	0.161189	0.666667	0.666667	1.5	1	1	56815.1	1e+20	2.15197e+09	82.152	36.7585	71.2068	77.7822	66.273	70.1104	
 93000	-115843	-1257.6	-69045.8	-14506.6	0.162256	1	0.162771	12.2872	5.19393	0.0297524	19.8897	0.188256	5163	99	555	-31538.5	67.2295f	89.708	4	1	1	0.049505	0.039604	0.049505	9.90099e-09	0	0	0	0	0.881818	0.969112	0.26938	0.523364	0.862403	0.019802	0.138614	9.90099e-09	1	0.121857	0.142857	0.666667	0.666667	1.5	1	1	56815.1	1e+20	2.15197e+09	82.152	36.7585	71.2068	77.7822	67.2295	89.708	
 94000	-115881	-1257.6	-69083.5	-14604.8	0.162256	1	0.162771	12.2872	4.94914	0.0297524	19.6511	0.197567	5217	99	508	-31538.5	67.2295f	89.708	4	1	1	0.049505	0.039604	0.049505	9.90099e-09	0	0	0	0	0.863636	0.967433	0.265774	0.537736	0.875717	0.019802	0.138614	9.90099e-09	1	0.132184	0.159004	0.666667	0.666667	1.5	1	1	56815.1	1e+20	2.15197e+09	82.152	36.7585	71.2068	77.7822	67.2295	89.708	
 95000	-116885	-1257.6	-70087.1	-14652.1	0.162256	1	0.173162	11.5499	5.59686	0.00106187	19.9536	0.164219	5243	99	570	-31538.5	46.5283f	43.9375	4	1	1	0.049505	0.039604	0.049505	9.90099e-09	0	0	0	0	0.863636	0.963462	0.232381	0.54717	0.879771	0.019802	0.138614	9.90099e-09	1	0.148571	0.169557	0.666667	0.666667	1.5	1	1	56815.1	1e+20	2.15197e+09	82.152	36.7585	71.2068	77.7822	46.5283	43.9375	
 96000	-117464	-1257.6	-70666	-14729.4	0.16681	1	0.17016	11.7537	4.99565	0.0302957	19.3453	0.187228	5287	99	578	-31538.5	12.4009f	72.4985	4	1	1	0.049505	0.0693069	0.049505	9.90099e-09	0	0	0	0	0.863636	0.956604	0.241509	0.483051	0.884906	0.019802	0.138614	9.90099e-09	1	0.120755	0.161002	0.666667	0.666667	1.5	1	1	56815.1	1e+20	2.15197e+09	82.152	36.7585	37.0908	77.8902	12.4009	72.4985	
 97000	-119102	-1257.6	-72304	-14965.7	0.169621	1	0.186953	10.6979	5.58118	0.0150447	19.3453	0.152532	5420	99	602	-31538.5	28.527f	72.1487	4	1	1	0.049505	0.0693069	0.049505	9.90099e-09	0	0	0	0	0.863636	0.950092	0.228361	0.580645	0.844444	0.019802	0.138614	9.90099e-09	1	0.11418	0.17517	0.666667	0.666667	1.5	1	1	56815.1	1e+20	2.15197e+09	82.152	36.7585	56.9834	79.8066	28.527	72.1487	
 98000	-119573	-1257.6	-72775.6	-15035.6	0.17226	1	0.179884	11.1183	5.25528	0.0461548	19.1669	0.168357	5460	99	597	-31538.5	69.3431f	0.114951	4	1	1	0.0594059	0.0693069	0.0792079	9.90099e-09	0	0	0	0	0.881818	0.961679	0.255898	0.491667	0.891304	0.019802	0.128713	9.90099e-09	1	0.146252	0.133218	0.666667	0.666667	1.5	1	1	56815.1	1e+20	2.15197e+09	82.152	36.7585	59.6428	37.9841	69.3431	0.114951	
 99000	-119948	-1257.6	-73149.9	-15189.2	0.1749	1	0.178694	11.1923	5.33221	0.00700767	19.1955	0.167034	5548	99	544	-31538.5	29.4646f	46.836	4	1	1	0.0594059	0.0693069	0.0792079	9.90099e-09	0	0	0	0	0.881818	0.952899	0.219424	0.568807	0.892139	0.019802	0.128713	9.90099e-09	1	0.127928	0.193669	0.666667	0.666667	1.5	1	1	56815.1	1e+20	2.15197e+09	82.152	36.7585	29.4312	60.3587	29.4646	46.836	
100000	-122407	-1257.6	-75609.1	-15458.1	0.180208	1	0.178694	11.1923	5.49403	0.0110867	19.1955	0.162114	5704	99	614	-31538.5	23.6829f	50.7281	4	1	1	0.0594059	0.0693069	0.0792079	9.90099e-09	0	0	0	0	0.881818	0.933216	0.240351	0.52	0.861646	0.019802	0.128713	9.90099e-09	1	0.129597	0.2048	0.666667	0.666667	1.5	1	1	56815.1	1e+20	2.15197e+09	82.152	36.7585	29.4312	60.3587	23.6829	50.7281	
101000	-122813	-1257.6	-76015.5	-15494.1	0.180208	1	0.178694	11.1923	5.49403	0.0133376	19.1955	0.162114	5725	99	624	-31538.5	50.6647f	21.5405	4	1	1	0.0594059	0.0693069	0.0792079	9.90099e-09	0	0	0	0	0.881818	0.954783	0.268761	0.444444	0.89948	0.019802	0.128713	9.90099e-09	1	0.151986	0.179487	0.666667	0.666667	1.5	1	1	56815.1	1e+20	2.15197e+09	82.152	36.7585	29.4312	60.3587	50.6647	21.5405	
102000	-123263	-1257.6	-76464.9	-15538.6	0.180208	1	0.184171	10.8595	5.66245	0.00600432	19.1955	0.152614	5751	99	643	-31538.5	63.4912f	63.4881	4	1	1	0.0594059	0.0990099	0.0792079	9.90099e-09	0	0	0	0	0.845455	0.958261	0.246073	0.581395	0.856894	0.019802	0.128713	9.90099e-09	1	0.111111	0.172414	0.666667	0.666667	1.5	1	1	56815.1	1e+20	2.15197e+09	84.7577	47.046	29.4312	60.3587	63.4912	63.4881	
103000	-124232	-1257.6	-77433.9	-15730.6	0.180208	1	0.184171	10.8595	6.00075	0.0193123	19.476	0.14401	5863	99	616	-31538.5	17.1395f	61.8391	4	1	1	0.0594059	0.0990099	0.0792079	9.90099e-09	0	0	0	0	0.918182	0.969283	0.282313	0.504065	0.872232	0.019802	0.128713	9.90099e-09	1	0.112436	0.144231	0.666667	0.666667	1.5	1	1	56815.1	1e+20	2.15197e+09	84.7577	47.046	29.4312	60.3587	17.1395	61.8391	
104000	-125044	-1257.6	-78246.5	-15878.6	0.187764	1	0.184171	10.8595	6.25235	0.0157502	19.476	0.138215	5953	99	600	-31538.5	81.0693f	50.5597	4	1	1	0.0594059	0.0990099	0.029703	9.90099e-09	0	0	0	0	0.9	0.961409	0.251678	0.487805	0.856187	0.019802	0.108911	9.90099e-09	1	0.115772	0.141914	0.666667	0.666667	1.5	1	1	56815.1	1e+20	2.15197e+09	79.4974	51.6662	29.4312	60.3587	81.0693	50.5597	
105000	-125218	-1257.6	-78420.2	-15905.4	0.187764	1	0.173068	11.5561	5.87542	0.0157502	19.476	0.156518	5969	99	605	-31538.5	81.0693f	50.5597	4	1	1	0.049505	0.0990099	0.029703	9.90099e-09	0	0	0	0	0.863636	0.969799	0.232831	0.475806	0.854271	0.019802	0.108911	9.90099e-09	1	0.107203	0.181967	0.666667	0.666667	1.5	1	1	56815.1	1e+20	2.15197e+09	99.8904	28.1046	60.5155	53.1491	81.0693	50.5597	
106000	-125627	-1257.6	-78829.6	-15984.5	0.184795	1	0.171365	11.671	5.35923	0.00154749	19.1567	0.173299	6015	99	590	-31538.5	54.7037f	57.8211	4	1	1	0.049505	0.0990099	0.029703	9.90099e-09	0	0	0	0	0.890909	0.956522	0.264657	0.567797	0.877722	0.019802	0.108911	9.90099e-09	1	0.130435	0.152542	0.666667	0.666667	1.5	1	1	56815.1	1e+20	2.15197e+09	99.8904	28.1046	60.5155	53.1491	54.7037	57.8211	
107000	-125749	-1257.6	-78951.6	-16026.2	0.191512	1	0.156419	12.7861	5.06964	0.0303139	19.1567	0.200702	6042	99	575	-31538.5	20.7272f	17.8486	4	1	1	0.049505	0.0990099	0.029703	0.019802	0	0	0	0	0.890909	0.961983	0.236364	0.495727	0.868771	0.019802	0.108911	9.90099e-09	1	0.109091	0.166963	0.666667	0.666667	1.5	1	1	56815.1	1e+20	2.15197e+09	81.86	44.8305	26.2893	34.7424	20.7272	17.8486	
108000	-125614	-1257.6	-78816.5	-16059.3	0.191163	1	0.148984	13.4243	5.19656	0.00196508	19.5205	0.205573	6062	99	544	-31538.5	46.5947f	40.3883	4	1	1	0.049505	0.049505	0.029703	0.019802	0	0	0	0	0.927273	0.967267	0.246711	0.460177	0.873977	0.019802	0.108911	9.90099e-09	1	0.120264	0.154657	0.666667	0.666667	1.5	1	1	56815.1	1e+20	2.15197e+09	81.86	44.8305	26.2893	34.7424	46.5947	40.3883	
109000	-126590	-1257.6	-79792.3	-16087.5	0.191163	1	0.164064	12.1904	5.80518	0.00439968	19.5906	0.167106	6079	99	614	-31538.5	34.6807f	55.9248	4	1	1	0.049505	0.049505	0.029703	0.019802	0	0	0	0	0.890909	0.965574	0.245066	0.52459	0.867213	0.019802	0.108911	9.90099e-09	1	0.126645	0.164204	0.666667	0.666667	1.5	1	1	56815.1	1e+20	2.15197e+09	81.86	44.8305	26.2893	34.7424	34.6807	55.9248	
110000	-125268	-1257.6	-78470.7	-15898.8	0.191163	1	0.178413	11.21	6.07591	0.00641784	19.4041	0.146819	5965	99	612	-31538.5	34.7035f	37.5927	4	1	1	0.049505	0.049505	0.039604	0.019802	0	0	0	0	0.854545	0.966722	0.21273	0.550388	0.879599	0.019802	0.108911	9.90099e-09	1	0.0998336	0.144759	0.666667	0.666667	1.5	1	1	56815.1	1e+20	2.15197e+09	81.86	44.8305	26.2893	34.7424	34.7035	37.5927	
111000	-125432	-1257.6	-78634.1	-15890.3	0.187944	1	0.178413	11.21	6.43653	0.00444212	19.7696	0.138593	5960	99	634	-31538.5	53.611f	66.0423	4	1	1	0.039604	0.049505	0.039604	0.019802	0	0	0	0	0.872727	0.954849	0.212375	0.539683	0.861204	0.019802	0.0990099	9.90099e-09	1	0.125209	0.139384	0.666667	0.666667	1.5	1	1	56815.1	1e+20	2.15197e+09	81.86	44.8305	26.2893	34.7424	53.611	66.0423	
112000	-124922	-1257.6	-78124.6	-15825.1	0.187944	1	0.178413	11.21	6.38097	0.0260532	19.7268	0.1398	5921	99	625	-31538.5	13.5684f	32.5464	4	1	1	0.039604	0.049505	0.039604	0.019802	0	0	0	0	0.909091	0.949324	0.273038	0.559055	0.894378	0.019802	0.0990099	9.90099e-09	1	0.10473	0.155063	0.666667	0.666667	1.5	1	1	56815.1	1e+20	2.15197e+09	81.86	44.8305	26.2893	34.7424	13.5684	32.5464	
113000	-126923	-1257.6	-80125.8	-16003.2	0.19204	1	0.178012	11.2352	6.50541	0.0551959	19.7268	0.137434	6028	99	698	-31538.5	16.3566f	1.81439	4	1	1	0.039604	0.049505	0.039604	0.019802	0	0	0	0	0.881818	0.946755	0.249169	0.515385	0.855219	9.90099e-09	0.0990099	9.90099e-09	1	0.154229	0.168504	0.666667	0.666667	1.5	1	1	56815.1	1e+20	2.15197e+09	94.0027	58.0432	26.2893	34.7424	16.3566	1.81439	
114000	-127064	-1257.6	-80266.3	-16029.6	0.19204	1	0.193298	10.3467	7.06402	0.0551959	19.7268	0.116558	6044	99	697	-31538.5	16.3566f	1.81439	4	1	1	0.039604	0.039604	0.039604	0.019802	0	0	0	0	0.909091	0.945545	0.273476	0.510791	0.874587	9.90099e-09	0.0990099	9.90099e-09	1	0.138843	0.162123	0.666667	0.666667	1.5	1	1	56815.1	1e+20	2.15197e+09	94.0027	58.0432	26.2893	34.7424	16.3566	1.81439	
115000	-129212	-1257.6	-82414.6	-16392.4	0.197645	1	0.195832	10.2128	7.5831	0.0175858	19.8709	0.107174	6266	99	674	-31538.5	16.8932f	53.2919	4	1	1	0.039604	0.039604	0.039604	0.019802	0	0	0	0	0.845455	0.950637	0.274322	0.49635	0.875598	9.90099e-09	0.0990099	9.90099e-09	1	0.140351	0.164134	0.666667	0.666667	1.5	1	1	56815.1	1e+20	2.15197e+09	94.0027	58.0432	26.2893	34.7424	16.8932	53.2919	
116000	-129311	-1257.6	-82513	-16330.8	0.197645	1	0.195832	10.2128	7.25104	0.00107385	19.6497	0.112082	6228	99	719	-31538.5	45.7798f	44.3233	4	1	1	0.039604	0.039604	0.029703	0.019802	0	0	0	0	0.936364	0.94586	0.2928	0.489051	0.889246	9.90099e-09	0.0990099	9.90099e-09	1	0.137821	0.147493	0.666667	0.666667	1.5	1	1	56815.1	1e+20	2.15197e+09	94.0027	58.0432	72.7605	7.21964	45.7798	44.3233	
117000	-129119	-1257.6	-82321.9	-16423.2	0.197645	1	0.176716	11.3176	6.69975	0.0312966	19.7661	0.134427	6285	99	639	-31538.5	60.2955f	7.26319	4	1	1	0.019802	0.039604	0.029703	0.019802	0	0	0	0	0.845455	0.953968	0.230892	0.556391	0.880952	9.90099e-09	0.0990099	9.90099e-09	1	0.0952381	0.17682	0.666667	0.666667	1.5	1	1	56815.1	1e+20	2.15197e+09	94.0027	58.0432	72.7605	7.21964	60.2955	7.26319	
118000	-128499	-1257.6	-81701.1	-16269.2	0.197645	1	0.190941	10.4745	7.23903	0.00926552	19.7661	0.115144	6190	99	678	-31538.5	65.2569f	32.0964	4	1	1	0.019802	0.039604	0.029703	0.019802	0	0	0	0	0.827273	0.962903	0.235484	0.507353	0.865696	9.90099e-09	0.0990099	9.90099e-09	1	0.132258	0.134417	0.666667	0.666667	1.5	1	1	56815.1	1e+20	2.15197e+09	94.0027	58.0432	59.9368	6.79369	65.2569	32.0964	
119000	-128816	-1257.6	-82018.7	-16291.9	0.197645	1	0.190941	10.4745	7.37518	0.00926827	19.8584	0.113018	6204	99	692	-31538.5	51.368f	26.4623	4	1	1	0.019802	0.0693069	0.029703	0.019802	0	0	0	0	0.863636	0.954766	0.26087	0.5	0.851373	9.90099e-09	0.0990099	9.90099e-09	1	0.109855	0.15562	0.666667	0.666667	1.5	1	1	56815.1	1e+20	2.15197e+09	92.7888	45.8328	59.9368	6.79369	51.368	26.4623	
120000	-130098	-1257.6	-83300.7	-16551.5	0.208244	1	0.166918	11.9819	6.79307	0.0168073	19.8584	0.140362	6363	99	652	-31538.5	77.5846f	33.7425	4	1	1	0.019802	0.0693069	0.029703	9.90099e-09	0	0	0	0	0.909091	0.960815	0.270016	0.51773	0.89011	9.90099e-09	0.0990099	9.90099e-09	1	0.11146	0.134328	0.666667	0.666667	1.5	1	1	56815.1	1e+20	2.15197e+09	92.7888	45.8328	59.9368	6.79369	77.5846	33.7425	
121000	-130425	-1257.6	-83627	-16563.3	0.204891	1	0.166918	11.9819	6.6928	0.00397917	19.8652	0.142465	6372	99	670	-31538.5	62.7707f	42.0819	4	1	1	0.019802	0.0693069	0.029703	9.90099e-09	0	0	0	0	0.890909	0.959311	0.24805	0.518797	0.84953	9.90099e-09	0.0990099	9.90099e-09	1	0.124805	0.158209	0.666667	0.666667	1.5	1	1	56815.1	1e+20	2.15197e+09	92.7888	45.8328	64.783	55.2701	62.7707	42.0819	
122000	-130596	-1257.6	-83798	-16683.8	0.204891	1	0.170619	11.7221	6.46881	0.000399236	19.5892	0.144201	6448	99	616	-31538.5	47.2778f	51.8007	4	1	1	0.019802	0.0693069	0.049505	9.90099e-09	0	0	0	0	0.836364	0.961479	0.24031	0.468254	0.88062	9.90099e-09	0.0990099	9.90099e-09	1	0.114729	0.152244	0.666667	0.666667	1.5	1	1	56815.1	1e+20	2.15197e+09	92.7888	45.8328	64.783	55.2701	47.2778	51.8007	
123000	-133906	-1257.6	-87108.5	-17119.8	0.204891	1	0.167075	11.9707	6.87919	0.0015179	19.9974	0.138475	6723	99	637	-31538.5	44.9103f	57.6902	4	1	1	0.019802	0.0693069	0.049505	9.90099e-09	0	0	0	0	0.881818	0.958333	0.27003	0.511278	0.893175	9.90099e-09	0.0990099	9.90099e-09	1	0.118694	0.182104	0.666667	0.666667	1.5	1	1	56815.1	1e+20	2.15197e+09	92.7888	45.8328	56.906	58.1557	44.9103	57.6902	
124000	-131082	-1257.6	-84284.7	-16709.2	0.205777	1	0.167075	11.9707	6.88156	0.000845528	19.9776	0.138427	6464	99	639	-31538.5	43.937f	48.6802	4	1	1	0.019802	0.0693069	0.049505	9.90099e-09	0	0	0	0	0.845455	0.964341	0.27709	0.566929	0.891641	9.90099e-09	0.049505	9.90099e-09	1	0.119011	0.184514	0.666667	0.666667	1.5	1	1	56815.1	1e+20	2.15197e+09	92.7888	45.8328	42.1633	57.8644	43.937	48.6802	
125000	-131612	-1257.6	-84814.1	-16780.4	0.205777	1	0.167075	11.9707	6.3196	0.046192	19.5566	0.150737	6509	99	650	-31538.5	16.3316f	92.3965	4	1	1	0.019802	0.0693069	0.049505	9.90099e-09	0	0	0	0	0.854545	0.949231	0.253414	0.566929	0.869432	9.90099e-09	0.049505	9.90099e-09	1	0.130568	0.175227	0.666667	0.666667	1.5	1	1	56815.1	1e+20	2.15197e+09	4.33846	53.7909	42.1633	57.8644	16.3316	92.3965	
126000	-133798	-1257.6	-87000.4	-17053.4	0.208587	1	0.16658	12.0063	6.57245	0.046192	19.6971	0.145369	6683	99	670	-31538.5	16.3316f	92.3965	4	1	1	0.019802	0.0693069	0.049505	9.90099e-09	0	0	0	0	0.872727	0.950151	0.246596	0.411765	0.891074	9.90099e-09	0.049505	9.90099e-09	1	0.10423	0.146269	0.666667	0.666667	1.5	1	1	56815.1	1e+20	2.15197e+09	4.33846	53.7909	42.1633	57.8644	16.3316	92.3965	
127000	-132449	-1257.6	-85651.7	-16879.6	0.20698	1	0.166113	12.04	6.50305	0.00447946	19.6967	0.147333	6572	99	658	-31538.5	63.5535f	59.0455	4	1	1	0.019802	0.0693069	0.049505	9.90099e-09	0	0	0	0	0.863636	0.962006	0.242792	0.601504	0.891768	9.90099e-09	0.049505	9.90099e-09	1	0.121581	0.195751	0.666667	0.666667	1.5	1	1	56815.1	1e+20	2.15197e+09	89.7619	47.4292	42.1633	57.8644	63.5535	59.0455	
128000	-133080	-1257.6	-86282.2	-16898.3	0.209374	1	0.174106	11.4873	7.10509	0.00443885	19.8452	0.128658	6584	99	702	-31538.5	34.1732f	54.6156	4	1	1	0.019802	0.0693069	0.0891089	9.90099e-09	0	0	0	0	0.890909	0.955994	0.207576	0.475524	0.873303	9.90099e-09	0.049505	9.90099e-09	1	0.114977	0.160839	0.666667	0.666667	1.5	1	1	56815.1	1e+20	2.15197e+09	89.7619	47.4292	42.1633	57.8644	34.1732	54.6156	
129000	-134132	-1257.6	-87334.1	-17023.4	0.209374	1	0.174106	11.4873	6.78098	0.00166519	19.6149	0.134807	6664	99	726	-31538.5	59.2026f	50.9539	4	1	1	0.019802	0.0693069	0.0891089	9.90099e-09	0	0	0	0	0.836364	0.956587	0.279279	0.534247	0.875562	9.90099e-09	0.049505	9.90099e-09	1	0.102102	0.155367	0.666667	0.666667	1.5	1	1	56815.1	1e+20	2.15197e+09	89.7619	47.4292	42.1633	57.8644	59.2026	50.9539	
130000	-132787	-1257.6	-85989.2	-16940.5	0.209374	1	0.174106	11.4873	6.78098	0.00219285	19.6149	0.134807	6611	99	651	-31538.5	39.1153f	52.9963	4	1	1	0.039604	0.0693069	0.0891089	9.90099e-09	0	0	0	0	0.818182	0.962462	0.217718	0.602941	0.895052	9.90099e-09	0.049505	9.90099e-09	1	0.113772	0.143519	0.666667	0.666667	1.5	1	1	56815.1	1e+20	2.15197e+09	70.2258	96.951	42.1633	57.8644	39.1153	52.9963	
131000	-132488	-1257.6	-85690.1	-16916.4	0.212679	1	0.15784	12.671	6.6413	0.00894897	19.9193	0.151827	6595	99	645	-31538.5	45.7535f	73.3071	4	1	1	0.039604	0.0693069	0.0891089	9.90099e-09	0	0	0	0	0.854545	0.950376	0.248109	0.488889	0.90583	9.90099e-09	0.049505	9.90099e-09	1	0.125758	0.143293	0.666667	0.666667	1.5	1	1	56815.1	1e+20	2.15197e+09	70.2258	96.951	42.1633	57.8644	45.7535	73.3071	
132000	-131595	-1257.6	-84797.6	-16846.5	0.207233	1	0.15784	12.671	6.47122	0.00894897	19.9193	0.155818	6551	99	600	-31538.5	45.7535f	73.3071	4	1	1	0.039604	0.0693069	0.0891089	9.90099e-09	0	0	0	0	0.890909	0.971081	0.252294	0.530303	0.896183	9.90099e-09	0.0891089	9.90099e-09	1	0.112633	0.147011	0.666667	0.666667	1.5	1	1	56815.1	1e+20	2.15197e+09	70.2258	96.951	50.8837	43.8617	45.7535	73.3071	
133000	-132515	-1257.6	-85717	-16978.7	0.207233	1	0.163461	12.2353	6.0978	0.0363561	19.4546	0.159674	6635	99	604	-31538.5	4.1511f	64.1046	4	1	1	0.039604	0.0594059	0.0891089	9.90099e-09	0	0	0	0	0.9	0.957768	0.256024	0.540323	0.89426	9.90099e-09	0.0891089	9.90099e-09	1	0.131024	0.173984	0.666667	0.666667	1.5	1	1	56815.1	1e+20	2.15197e+09	70.2258	96.951	50.8837	43.8617	4.1511	64.1046	
134000	-133962	-1257.6	-87164.8	-17211.3	0.209023	1	0.14376	13.9121	5.53893	0.00124394	19.5702	0.199874	6784	99	592	-31538.5	43.3083f	45.7987	4	1	1	0.039604	0.0594059	0.0792079	9.90099e-09	0	0	0	0	0.827273	0.961765	0.238586	0.572581	0.890029	9.90099e-09	0.0891089	9.90099e-09	1	0.117647	0.16723	0.666667	0.666667	1.5	1	1	56815.1	1e+20	2.15197e+09	70.2258	96.951	50.8837	43.8617	43.3083	45.7987	
135000	-133006	-1257.6	-86208.1	-17095.5	0.209023	1	0.150116	13.323	5.59021	0.0011228	19.4043	0.189655	6710	99	574	-31538.5	55.363f	55.1132	4	1	1	0.039604	0.0594059	0.0792079	9.90099e-09	0	0	0	0	0.845455	0.97181	0.230312	0.516667	0.902077	9.90099e-09	0.0891089	9.90099e-09	1	0.106287	0.153439	0.666667	0.666667	1.5	1	1	56815.1	1e+20	2.15197e+09	70.2258	96.951	56.3483	42.0659	55.363	55.1132	
136000	-133482	-1257.6	-86684.5	-17081.4	0.209023	1	0.158616	12.6091	5.90674	0.00520779	19.4043	0.169873	6701	99	624	-31538.5	46.9932f	32.8086	4	1	1	0.039604	0.0594059	0.0792079	9.90099e-09	0	0	0	0	0.927273	0.962798	0.272321	0.554622	0.909226	9.90099e-09	0.0891089	9.90099e-09	1	0.129464	0.19279	0.666667	0.666667	1.5	1	1	56815.1	1e+20	2.15197e+09	70.2258	96.951	56.3483	42.0659	46.9932	32.8086	
137000	-132674	-1257.6	-85876.3	-16942.1	0.210404	1	0.158616	12.6091	6.47637	0.0046043	19.8235	0.154932	6612	99	641	-31538.5	63.8185f	59.075	4	1	1	0.039604	0.0594059	0.0792079	9.90099e-09	0	0	0	0	0.890909	0.971342	0.255287	0.481481	0.891239	0.009901	0.0891089	9.90099e-09	1	0.0966767	0.152672	0.666667	0.666667	1.5	1	1	56815.1	1e+20	2.15197e+09	70.2258	96.951	56.3483	42.0659	63.8185	59.075	
138000	-134874	-1257.6	-88076.8	-17235.1	0.213147	1	0.158616	12.6091	6.5608	0.0291278	19.8235	0.152938	6801	99	654	-31538.5	17.5124f	22.3629	4	1	1	0.039604	0.0594059	0.0792079	9.90099e-09	0	0	0	0	0.890909	0.961765	0.254412	0.484127	0.905882	0.009901	0.0891089	9.90099e-09	1	0.117647	0.16877	0.666667	0.666667	1.5	1	1	56815.1	1e+20	2.15197e+09	70.2258	96.951	56.3483	42.0659	17.5124	22.3629	
139000	-134738	-1257.6	-87940.7	-17205.8	0.213147	1	0.149241	13.4011	6.36257	0.0101639	19.9739	0.16761	6782	99	659	-31538.5	26.3668f	41.5849	4	1	1	0.039604	0.118812	0.0792079	9.90099e-09	0	0	0	0	0.890909	0.958702	0.251108	0.488189	0.880707	0.009901	0.0693069	9.90099e-09	1	0.128319	0.161094	0.666667	0.666667	1.5	1	1	56815.1	1e+20	2.15197e+09	79.6486	68.2681	56.3483	42.0659	26.3668	41.5849	
140000	-134795	-1257.6	-87997.8	-17190.9	0.211405	1	0.154162	12.9734	6.54358	0.0134582	19.993	0.157771	6772	99	667	-31538.5	45.4867f	21.7218	4	1	1	0.039604	0.118812	0.0792079	9.90099e-09	0	0	0	0	0.945455	0.961595	0.304284	0.481203	0.887574	0.009901	0.0693069	9.90099e-09	1	0.119645	0.158055	0.666667	0.666667	1.5	1	1	56815.1	1e+20	2.15197e+09	74.8758	82.3	56.3483	42.0659	45.4867	21.7218	
141000	-132880	-1257.6	-86082.3	-16943.8	0.208348	1	0.151821	13.1734	6.35103	0.0477296	19.993	0.165061	6613	99	654	-31538.5	3.9581f	20.3882	4	1	1	0.039604	0.118812	0.0792079	9.90099e-09	0	0	0	0	0.872727	0.941088	0.279879	0.553846	0.873668	0.009901	0.0693069	9.90099e-09	1	0.13242	0.168196	0.666667	0.666667	1.5	1	1	56815.1	1e+20	2.15197e+09	74.8758	82.3	56.0367	20.4701	3.9581	20.3882	
142000	-130511	-1257.6	-83713.9	-16749.3	0.208348	1	0.144345	13.8557	5.88291	0.0193526	19.8631	0.187425	6489	99	558	-31538.5	47.0914f	15.6527	4	1	1	0.039604	0.118812	0.0792079	9.90099e-09	0	0	0	0	0.881818	0.96142	0.224961	0.530973	0.898305	0.009901	0.0693069	9.90099e-09	1	0.138675	0.179577	0.666667	0.666667	1.5	1	1	56815.1	1e+20	2.15197e+09	74.8758	82.3	56.0367	20.4701	47.0914	15.6527	
143000	-131760	-1257.6	-84962.4	-16846.8	0.209758	1	0.143949	13.8938	5.9065	0.0111257	19.8631	0.187189	6551	99	611	-31538.5	64.5333f	28.6	4	1	1	0.0792079	0.118812	0.0792079	9.90099e-09	0	0	0	0	0.9	0.958967	0.299392	0.5	0.881279	0.009901	0.0693069	9.90099e-09	1	0.111111	0.153481	0.666667	0.666667	1.5	1	1	56815.1	1e+20	2.15197e+09	74.8758	82.3	56.0367	20.4701	64.5333	28.6	
144000	-130441	-1257.6	-83643.7	-16699.7	0.205775	1	0.147534	13.5562	5.9386	0.0398986	19.8631	0.181654	6458	99	586	-31538.5	90.7761f	21.5743	4	1	1	0.0792079	0.118812	0.0792079	9.90099e-09	0	0	0	0	0.881818	0.966049	0.24537	0.533898	0.891975	0.009901	0.0693069	9.90099e-09	1	0.112654	0.145299	0.666667	0.666667	1.5	1	1	56815.1	1e+20	2.15197e+09	74.8758	82.3	56.0367	20.4701	90.7761	21.5743	
145000	-130433	-1257.6	-83634.9	-16700.7	0.20854	1	0.145787	13.7186	5.34694	0.030498	19.3418	0.204172	6458	99	587	-31538.5	57.0205f	7.17526	4	1	1	0.0792079	0.118812	0.0792079	9.90099e-09	0	0	0	0	0.872727	0.970451	0.247678	0.491667	0.899225	0.009901	0.0693069	9.90099e-09	1	0.115086	0.173989	0.666667	0.666667	1.5	1	1	56815.1	1e+20	2.15197e+09	74.8758	82.3	56.0367	20.4701	57.0205	7.17526	
146000	-130990	-1257.6	-84192.4	-16755.2	0.204828	1	0.15413	12.9761	5.55229	0.0327516	19.3418	0.185978	6493	99	605	-31538.5	34.4089f	7.67896	4	1	1	0.0792079	0.118812	0.0792079	9.90099e-09	0	0	0	0	0.854545	0.970588	0.269646	0.522124	0.873846	0.009901	0.0792079	9.90099e-09	1	0.141538	0.145455	0.666667	0.666667	1.5	1	1	56815.1	1e+20	2.15197e+09	74.8758	82.3	56.0367	20.4701	34.4089	7.67896	
147000	-130162	-1257.6	-83364.1	-16702.8	0.204828	1	0.141687	14.1156	5.69407	0.035274	19.878	0.197273	6460	99	559	-31538.5	71.8472f	8.73977	4	1	1	0.0792079	0.118812	0.029703	9.90099e-09	0	0	0	0	0.927273	0.956589	0.236842	0.46087	0.896285	0.009901	0.0792079	9.90099e-09	1	0.109907	0.163636	0.666667	0.666667	1.5	1	1	56815.1	1e+20	2.15197e+09	74.8758	82.3	56.0367	20.4701	71.8472	8.73977	
148000	-134297	-1257.6	-87499.5	-17105.4	0.21156	1	0.173114	11.5531	6.46119	0.0446384	19.3568	0.142291	6717	99	689	-31538.5	93.0262f	19.7238	4	1	1	0.0792079	0.118812	0.029703	9.90099e-09	0	0	0	0	0.854545	0.980684	0.263001	0.576642	0.88244	0.009901	0.0792079	9.90099e-09	1	0.142857	0.182874	0.666667	0.666667	1.5	1	1	56815.1	1e+20	2.15197e+09	74.8758	82.3	56.0367	20.4701	93.0262	19.7238	
149000	-133797	-1257.6	-86999.1	-17044.9	0.21156	1	0.173114	11.5531	6.69687	0.0326068	19.531	0.137283	6678	99	676	-31538.5	86.1135f	23.3687	4	1	1	0.0693069	0.118812	0.029703	9.90099e-09	0	0	0	0	0.909091	0.944528	0.276276	0.485507	0.876877	9.90099e-09	0.0792079	9.90099e-09	1	0.134328	0.161243	0.666667	0.666667	1.5	1	1	56815.1	1e+20	2.15197e+09	74.8758	82.3	88.7202	16.2227	86.1135	23.3687	
150000	-132391	-1257.6	-85593.6	-16909.2	0.213527	1	0.170433	11.7348	6.65446	0.0481089	19.531	0.140331	6590	99	635	-31538.5	20.808f	3.59155	4	1	1	0.0693069	0.118812	0.029703	9.90099e-09	0	0	0	0	0.890909	0.963636	0.278366	0.5625	0.895455	9.90099e-09	0.0792079	9.90099e-09	1	0.113464	0.203443	0.666667	0.666667	1.5	1	1	56815.1	1e+20	2.15197e+09	74.8758	82.3	88.7202	16.2227	20.808	3.59155	
151000	-132651	-1257.6	-85853.3	-16890.5	0.207722	1	0.172887	11.5683	6.20597	0.0319753	19.257	0.148337	6579	99	671	-31538.5	87.3854f	25.9848	4	1	1	0.0693069	0.118812	0.029703	9.90099e-09	0	0	0	0	0.863636	0.965152	0.283763	0.547445	0.88537	9.90099e-09	0.0792079	9.90099e-09	1	0.12766	0.162757	0.666667	0.666667	1.5	1	1	56815.1	1e+20	2.15197e+09	70.7779	63.0631	88.7202	16.2227	87.3854	25.9848	
152000	-131355	-1257.6	-84557.3	-16778.9	0.207722	1	0.167723	11.9244	6.02063	0.0419929	19.257	0.15761	6508	99	622	-31538.5	98.5539f	34.2294	4	1	1	0.0693069	0.118812	0.049505	9.90099e-09	0	0	0	0	0.890909	0.960123	0.231003	0.553846	0.87386	9.90099e-09	0.0693069	9.90099e-09	1	0.110429	0.146302	0.666667	0.666667	1.5	1	1	56815.1	1e+20	2.15197e+09	70.7779	63.0631	88.7202	16.2227	98.5539	34.2294	
153000	-131083	-1257.6	-84285.9	-16739.9	0.208447	1	0.167723	11.9244	6.25917	0.0248779	19.4281	0.151604	6483	99	621	-31538.5	84.7044f	31.9361	4	1	1	0.0693069	0.0891089	0.049505	9.90099e-09	0	0	0	0	0.872727	0.964396	0.255023	0.52	0.887519	9.90099e-09	0.0693069	9.90099e-09	1	0.103236	0.158238	0.666667	0.666667	1.5	1	1	56815.1	1e+20	2.15197e+09	95.6758	12.2378	88.7202	16.2227	84.7044	31.9361	
154000	-131168	-1257.6	-84370	-16731.4	0.206006	1	0.167679	11.9275	5.7146	0.0321302	19.0482	0.166094	6478	99	638	-31538.5	72.4067f	11.5224	4	1	1	0.0693069	0.0891089	0.049505	9.90099e-09	0	0	0	0	0.872727	0.960061	0.228748	0.530769	0.867284	9.90099e-09	0.0693069	9.90099e-09	1	0.0833333	0.186154	0.666667	0.666667	1.5	1	1	56815.1	1e+20	2.15197e+09	95.6758	12.2378	88.7202	16.2227	72.4067	11.5224	
155000	-129221	-1257.6	-82423.5	-16532.4	0.202472	1	0.168107	11.8972	5.63088	0.0190545	19.0482	0.168135	6353	99	589	-31538.5	78.4825f	31.1826	4	1	1	0.0693069	0.0891089	0.049505	9.90099e-09	0	0	0	0	0.918182	0.965625	0.246468	0.608	0.877898	9.90099e-09	0.0693069	9.90099e-09	1	0.115625	0.18949	0.666667	0.666667	1.5	1	1	56815.1	1e+20	2.15197e+09	95.6758	12.2378	88.7202	16.2227	78.4825	31.1826	
156000	-128905	-1257.6	-82107	-16452.5	0.202472	1	0.175377	11.404	6.11904	0.0373657	19.2435	0.148308	6303	99	608	-31538.5	75.9525f	9.5405	4	1	1	0.0693069	0.0891089	0.049505	9.90099e-09	0	0	0	0	0.945455	0.955414	0.244866	0.546218	0.870048	9.90099e-09	0.0693069	9.90099e-09	1	0.123223	0.197767	0.666667	0.666667	1.5	1	1	56815.1	1e+20	2.15197e+09	95.6758	12.2378	88.7202	16.2227	75.9525	9.5405	
157000	-129941	-1257.6	-83142.9	-16649	0.202472	1	0.175377	11.404	5.19251	0.00966532	18.4696	0.174772	6426	99	581	-31538.5	61.1905f	28.7129	4	1	1	0.0693069	0.0891089	0.049505	9.90099e-09	0	0	0	0	0.909091	0.95969	0.245313	0.53719	0.882995	9.90099e-09	0.19802	9.90099e-09	1	0.12989	0.173242	0.666667	0.666667	1.5	1	1	56815.1	1e+20	2.15197e+09	86.5051	37.0729	77.9293	21.1207	61.1905	28.7129	
158000	-130984	-1257.6	-84186.7	-16712.9	0.202472	1	0.175377	11.404	5.82915	0.0181812	19.0114	0.155684	6466	99	635	-31538.5	64.1248f	19.8259	4	1	1	0.0693069	0.0891089	0.0792079	9.90099e-09	0	0	0	0	0.872727	0.952012	0.24575	0.484615	0.866667	9.90099e-09	0.19802	9.90099e-09	1	0.116279	0.185484	0.666667	0.666667	1.5	1	1	56815.1	1e+20	2.15197e+09	97.2994	42.6416	77.9293	21.1207	64.1248	19.8259	
159000	-129214	-1257.6	-82416.8	-16460.1	0.200747	1	0.166527	12.0101	6.47928	0.00970846	19.8174	0.147506	6308	99	620	-31538.5	25.506f	47.96	4	1	1	0.0693069	0.0891089	0.0792079	9.90099e-09	0	0	0	0	0.9	0.954114	0.265823	0.559055	0.886076	9.90099e-09	0.19802	9.90099e-09	1	0.10443	0.173139	0.666667	0.666667	1.5	1	1	56815.1	1e+20	2.15197e+09	97.2994	42.6416	77.9293	21.1207	25.506	47.96	
160000	-128611	-1257.6	-81813.6	-16408.7	0.200766	1	0.159763	12.5186	5.74286	0.0262191	19.4285	0.173467	6276	99	601	-31538.5	62.7024f	11.8921	4	1	1	0.049505	0.0594059	0.0792079	9.90099e-09	0	0	0	0	0.854545	0.949126	0.280952	0.487603	0.891509	9.90099e-09	0.19802	9.90099e-09	1	0.109873	0.141414	0.666667	0.666667	1.5	1	1	56815.1	1e+20	2.15197e+09	97.2994	42.6416	64.3878	0.926461	62.7024	11.8921	
161000	-131277	-1257.6	-84479.1	-16744.1	0.206437	1	0.177728	11.2532	6.56912	0.0337155	19.4285	0.136319	6486	99	639	-31538.5	76.8565f	13.116	4	1	1	0.049505	0.0594059	0.0792079	9.90099e-09	0	0	0	0	0.909091	0.953917	0.222052	0.581395	0.877301	9.90099e-09	0.19802	9.90099e-09	1	0.113497	0.168712	0.666667	0.666667	1.5	1	1	56815.1	1e+20	2.15197e+09	79.7707	77.5783	64.3878	0.926461	76.8565	13.116	
162000	-133705	-1257.6	-86907	-17054.9	0.206437	1	0.162739	12.2896	6.5715	0.0419012	19.8629	0.148821	6683	99	666	-31538.5	67.1951f	2.03685	4	1	1	0.049505	0.0594059	0.0792079	9.90099e-09	0	0	0	0	0.9	0.950746	0.252266	0.511278	0.863014	0.009901	0.19802	9.90099e-09	1	0.10045	0.186186	0.666667	0.666667	1.5	1	1	56815.1	1e+20	2.15197e+09	79.7707	77.5783	63.8241	16.6028	67.1951	2.03685	
163000	-131594	-1257.6	-84796.8	-16755.2	0.204775	1	0.159147	12.567	6.37472	0.0396662	19.8629	0.156877	6493	99	653	-31538.5	37.9978f	1.81315	4	1	1	0.049505	0.0594059	0.0792079	9.90099e-09	0	0	0	0	0.9	0.953917	0.283513	0.564885	0.893683	0.009901	0.0891089	9.90099e-09	1	0.140867	0.144427	0.666667	0.666667	1.5	1	1	56815.1	1e+20	2.15197e+09	79.7707	77.5783	63.8241	16.6028	37.9978	1.81315	
164000	-132750	-1257.6	-85952	-16969.3	0.204775	1	0.15751	12.6976	6.18709	0.0306574	19.7662	0.163315	6628	99	629	-31538.5	72.8986f	13.0417	4	1	1	0.049505	0.0594059	0.0792079	9.90099e-09	0	0	0	0	0.836364	0.960546	0.254518	0.47541	0.877676	0.009901	0.0891089	9.90099e-09	1	0.11747	0.170347	0.666667	0.666667	1.5	1	1	56815.1	1e+20	2.15197e+09	79.7707	77.5783	63.8241	16.6028	72.8986	13.0417	
165000	-130780	-1257.6	-83982	-16728.2	0.204775	1	0.159592	12.532	6.51372	0.0347024	19.9564	0.153102	6476	99	602	-31538.5	43.9149f	4.01338	4	1	1	0.039604	0.0594059	0.0792079	9.90099e-09	0	0	0	0	0.872727	0.964506	0.251156	0.537815	0.872111	0.009901	0.0891089	9.90099e-09	1	0.109568	0.170772	0.666667	0.666667	1.5	1	1	56815.1	1e+20	2.15197e+09	79.7707	77.5783	63.8241	16.6028	43.9149	4.01338	
166000	-132014	-1257.6	-85216.8	-16804.3	0.204775	1	0.159592	12.532	5.96751	0.0392177	19.5242	0.167116	6524	99	668	-31538.5	46.5948f	0.782189	4	1	1	0.039604	0.108911	0.0792079	9.90099e-09	0	0	0	0	0.836364	0.96467	0.245399	0.580153	0.897239	0.009901	0.0891089	9.90099e-09	1	0.116386	0.162975	0.666667	0.666667	1.5	1	1	56815.1	1e+20	2.15197e+09	79.7707	77.5783	63.8241	16.6028	46.5948	0.782189	
167000	-133418	-1257.6	-86620.5	-16953	0.210222	1	0.159592	12.532	6.36927	0.0409464	19.7151	0.156574	6619	99	694	-31538.5	64.7085f	1.82946	4	1	1	0.039604	0.108911	0.0792079	9.90099e-09	0	0	0	0	0.890909	0.954751	0.26475	0.52381	0.89697	0.009901	0.0891089	9.90099e-09	1	0.140271	0.187982	0.666667	0.666667	1.5	1	1	56815.1	1e+20	2.15197e+09	72.4715	80.7312	63.8241	16.6028	64.7085	1.82946	
168000	-134214	-1257.6	-87416.9	-17104.3	0.210222	1	0.153401	13.0377	6.12222	0.0196771	19.7151	0.169466	6716	99	677	-31538.5	73.9847f	24.9416	4	1	1	0.039604	0.108911	0.0792079	9.90099e-09	0	0	0	0	0.881818	0.961194	0.254086	0.601563	0.875556	0.009901	0.0891089	9.90099e-09	1	0.09375	0.16	0.666667	0.666667	1.5	1	1	56815.1	1e+20	2.15197e+09	36.2756	73.1652	63.8241	16.6028	73.9847	24.9416	
169000	-134263	-1257.6	-87465.1	-17109	0.210222	1	0.157992	12.6589	5.97844	0.0460824	19.4543	0.168499	6719	99	679	-31538.5	97.0344f	24.551	4	1	1	0.039604	0.108911	0.0792079	9.90099e-09	0	0	0	0	0.9	0.961424	0.235905	0.55	0.883929	0.009901	0.118812	9.90099e-09	1	0.125	0.158046	0.666667	0.666667	1.5	1	1	56815.1	1e+20	2.15197e+09	53.4108	79.8409	81.729	45.562	97.0344	24.551	
170000	-134698	-1257.6	-87900.7	-17154.2	0.210222	1	0.160434	12.4662	6.74225	0.0460824	19.9712	0.147136	6748	99	684	-31538.5	97.0344f	24.551	4	1	1	0.039604	0.108911	0.0792079	9.90099e-09	0	0	0	0	0.890909	0.961194	0.275298	0.537313	0.866469	0.009901	0.118812	9.90099e-09	1	0.0977778	0.169985	0.666667	0.666667	1.5	1	1	56815.1	1e+20	2.15197e+09	53.4108	79.8409	81.729	45.562	97.0344	24.551	
171000	-133486	-1257.6	-86688.3	-17085.6	0.210222	1	0.139341	14.3533	5.85581	0.0110348	19.9712	0.195054	6704	99	618	-31538.5	71.2184f	65.1308	4	1	1	0.039604	0.108911	0.0792079	9.90099e-09	0	0	0	0	0.945455	0.98368	0.26963	0.48855	0.888227	0.009901	0.118812	9.90099e-09	1	0.102222	0.16343	0.666667	0.666667	1.5	1	1	56815.1	1e+20	2.15197e+09	53.4108	79.8409	81.729	45.562	71.2184	65.1308	
172000	-133170	-1257.6	-86372.4	-17085.6	0.210222	1	0.136847	14.6148	5.37497	0.0267648	19.6365	0.216375	6704	99	593	-31538.5	89.8748f	42.0731	4	1	1	0.009901	0.108911	0.0792079	9.90099e-09	0	0	0	0	0.845455	0.980451	0.271237	0.512821	0.886736	0.009901	0.118812	9.90099e-09	1	0.0864382	0.177893	0.666667	0.666667	1.5	1	1	56815.1	1e+20	2.15197e+09	20.6589	89.864	81.729	45.562	89.8748	42.0731	
173000	-136591	-1257.6	-89793.4	-17519	0.221901	1	0.133323	15.0012	5.52746	0.0222873	19.6365	0.215969	6988	99	620	-31538.5	86.5851f	44.1507	4	1	1	0.009901	0.108911	0.0792079	9.90099e-09	0	0	0	0	0.854545	0.962373	0.286123	0.567797	0.899713	0.009901	0.118812	9.90099e-09	1	0.0969609	0.123675	0.666667	0.666667	1.5	1	1	56815.1	1e+20	2.15197e+09	20.6589	89.864	81.729	45.562	86.5851	44.1507	
174000	-136442	-1257.6	-89644.3	-17559.7	0.221901	1	0.133323	15.0012	5.52746	0.00992542	19.6365	0.215969	7015	99	584	-31538.5	57.8633f	26.9068	4	1	1	0.009901	0.108911	0.0792079	9.90099e-09	0	0	0	0	0.918182	0.97017	0.233286	0.465517	0.921429	0.009901	0.118812	9.90099e-09	1	0.118065	0.162207	0.666667	0.666667	1.5	1	1	56815.1	1e+20	2.15197e+09	83.725	73.3258	81.729	45.562	57.8633	26.9068	
175000	-135320	-1257.6	-88522.2	-17532.6	0.221901	1	0.115044	17.3846	4.86724	0.0235336	19.7361	0.284231	6997	99	499	-31538.5	87.5677f	43.7244	4	1	1	0.009901	0.108911	0.0792079	9.90099e-09	0	0	0	0	0.890909	0.973126	0.267425	0.481481	0.922207	0.009901	0.0990099	9.90099e-09	1	0.0810811	0.156425	0.666667	0.666667	1.5	1	1	56815.1	1e+20	2.15197e+09	83.725	73.3258	81.729	45.562	87.5677	43.7244	
176000	-136337	-1257.6	-89539.9	-17616.8	0.216981	1	0.127901	15.6371	5.42969	0.032044	19.864	0.229177	7051	99	536	-31538.5	94.4202f	46.3773	4	1	1	0.009901	0.108911	0.0792079	9.90099e-09	0	0	0	0	0.890909	0.968794	0.29078	0.481481	0.92645	0.009901	0.0990099	9.90099e-09	1	0.114894	0.165725	0.666667	0.666667	1.5	1	1	56815.1	1e+20	2.15197e+09	83.725	73.3258	81.729	45.562	94.4202	46.3773	
177000	-134851	-1257.6	-88053.1	-17399.8	0.216981	1	0.127901	15.6371	5.42969	0.0135572	19.864	0.229177	6909	99	542	-31538.5	55.1151f	21.7774	4	1	1	0.009901	0.049505	0.039604	9.90099e-09	0	0	0	0	0.9	0.966715	0.242029	0.504762	0.92029	0.009901	0.0990099	9.90099e-09	1	0.121563	0.143911	0.666667	0.666667	1.5	1	1	56815.1	1e+20	2.15197e+09	83.725	73.3258	81.729	45.562	55.1151	21.7774	
178000	-135244	-1257.6	-88446.7	-17423.9	0.221037	1	0.135955	14.7108	5.87947	0.0145067	19.864	0.199108	6925	99	562	-31538.5	68.893f	27.1283	4	1	1	0.029703	0.049505	0.039604	9.90099e-09	0	0	0	0	0.836364	0.961095	0.256484	0.553719	0.912104	0.009901	0.0990099	9.90099e-09	1	0.125541	0.165794	0.666667	0.666667	1.5	1	1	56815.1	1e+20	2.15197e+09	83.725	73.3258	81.729	45.562	68.893	27.1283	
179000	-134533	-1257.6	-87735	-17303.8	0.219039	1	0.135955	14.7108	5.82633	0.0250126	19.864	0.200924	6846	99	576	-31538.5	74.1972f	81.3418	4	1	1	0.029703	0.049505	0.039604	9.90099e-09	0	0	0	0	0.854545	0.962373	0.220117	0.521739	0.911337	0.009901	0.0990099	9.90099e-09	1	0.119534	0.153184	0.666667	0.666667	1.5	1	1	56815.1	1e+20	2.15197e+09	83.725	73.3258	81.729	45.562	74.1972	81.3418	
180000	-133621	-1257.6	-86823	-17111.5	0.212329	1	0.14207	14.0776	5.98245	0.0274036	19.9315	0.187257	6721	99	613	-31538.5	89.7946f	60.9066	4	1	1	0.029703	0.049505	0.039604	9.90099e-09	0	0	0	0	0.890909	0.968843	0.254464	0.520325	0.892857	0.009901	0.0990099	9.90099e-09	1	0.1263	0.134454	0.666667	0.666667	1.5	1	1	56815.1	1e+20	2.15197e+09	83.725	73.3258	81.729	45.562	89.7946	60.9066	
181000	-133544	-1257.6	-86746.8	-17087.3	0.217918	1	0.141131	14.1712	6.09936	0.00780757	19.9315	0.18489	6704	99	619	-31538.5	69.3187f	60.0276	4	1	1	0.029703	0.049505	0.039604	9.90099e-09	0	0	0	0	0.918182	0.967164	0.261584	0.435484	0.885075	0.009901	0.0990099	9.90099e-09	1	0.113264	0.146341	0.666667	0.666667	1.5	1	1	56815.1	1e+20	2.15197e+09	83.725	73.3258	81.729	45.562	69.3187	60.0276	
182000	-133734	-1257.6	-86935.9	-17201	0.213775	1	0.141131	14.1712	5.64141	0.0193728	19.6404	0.199898	6779	99	570	-31538.5	83.2873f	41.0289	4	1	1	0.029703	0.049505	0.039604	9.90099e-09	0	0	0	0	0.918182	0.977941	0.232695	0.512605	0.884334	0.009901	0.0693069	9.90099e-09	1	0.128319	0.149485	0.666667	0.666667	1.5	1	1	56815.1	1e+20	2.15197e+09	83.725	73.3258	81.729	45.562	83.2873	41.0289	
183000	-135403	-1257.6	-88605.1	-17414.2	0.215653	1	0.141131	14.1712	5.69098	0.0352073	19.6404	0.198157	6918	99	580	-31538.5	79.607f	86.5355	4	1	1	0.029703	0.049505	0.029703	9.90099e-09	0	0	0	0	0.836364	0.956647	0.257225	0.578947	0.895044	0.009901	0.0693069	9.90099e-09	1	0.102601	0.147157	0.666667	0.666667	1.5	1	1	56815.1	1e+20	2.15197e+09	83.725	73.3258	76.981	58.3752	79.607	86.5355	
184000	-134653	-1257.6	-87855.9	-17196.3	0.215653	1	0.146141	13.6854	6.2549	0.00550821	19.9352	0.174112	6776	99	649	-31538.5	57.5351f	33.7742	4	1	1	0.0990099	0.0891089	0.029703	9.90099e-09	0	0	0	0	0.9	0.963289	0.232353	0.553846	0.888399	0.009901	0.0693069	9.90099e-09	1	0.13069	0.144838	0.666667	0.666667	1.5	1	1	56815.1	1e+20	2.15197e+09	83.725	73.3258	76.981	58.3752	57.5351	33.7742	
185000	-134592	-1257.6	-87794.5	-17271.5	0.215653	1	0.152207	13.14	6.51453	0.00660157	19.9352	0.16051	6825	99	596	-31538.5	64.398f	63.9353	4	1	1	0.0990099	0.0891089	0.029703	9.90099e-09	0	0	0	0	0.909091	0.96807	0.262774	0.527132	0.887262	0.009901	0.0693069	9.90099e-09	1	0.0966325	0.153719	0.666667	0.666667	1.5	1	1	56815.1	1e+20	2.15197e+09	83.725	73.3258	54.0703	44.9788	64.398	63.9353	
186000	-136801	-1257.6	-90003.4	-17515.4	0.215653	1	0.139245	14.3631	5.95978	0.00403357	19.9352	0.191782	6984	99	637	-31538.5	56.5393f	36.3639	4	1	1	0.0990099	0.0891089	0.029703	9.90099e-09	0	0	0	0	0.872727	0.974212	0.28264	0.472441	0.890961	0.009901	0.0693069	9.90099e-09	1	0.114613	0.194053	0.666667	0.666667	1.5	1	1	56815.1	1e+20	2.15197e+09	95.8391	85.0951	87.236	60.8092	56.5393	36.3639	
187000	-136327	-1257.6	-89529.7	-17471.2	0.223051	1	0.139245	14.3631	6.16423	0.00403357	19.9352	0.185421	6956	99	623	-31538.5	56.5393f	36.3639	4	1	1	0.0990099	0.0891089	0.029703	9.90099e-09	0	0	0	0	0.890909	0.966667	0.278098	0.571429	0.896254	0.009901	0.0792079	9.90099e-09	1	0.112392	0.166667	0.666667	0.666667	1.5	1	1	56815.1	1e+20	2.15197e+09	95.8391	85.0951	87.236	60.8092	56.5393	36.3639	
188000	-138273	-1257.6	-91475.5	-17724.7	0.223051	1	0.131892	15.164	5.83869	0.0146666	19.9352	0.206675	7125	99	635	-31538.5	75.7835f	65.5549	4	1	1	0.0990099	0.0891089	0.029703	9.90099e-09	0	0	0	0	0.945455	0.981767	0.287129	0.541667	0.896747	0.009901	0.0792079	9.90099e-09	1	0.085554	0.161983	0.666667	0.666667	1.5	1	1	56815.1	1e+20	2.15197e+09	95.8391	85.0951	87.236	60.8092	75.7835	65.5549	
189000	-137428	-1257.6	-90630.6	-17627.2	0.223051	1	0.144872	13.8053	6.41332	0.0045678	19.9352	0.171298	7060	99	625	-31538.5	49.4395f	66.7308	4	1	1	0.0990099	0.0891089	0.029703	9.90099e-09	0	0	0	0	0.9	0.956338	0.275035	0.544776	0.894366	0.009901	0.0792079	9.90099e-09	1	0.11831	0.168	0.666667	0.666667	1.5	1	1	56815.1	1e+20	2.15197e+09	95.8391	85.0951	76.8141	38.9303	49.4395	66.7308	
190000	-137043	-1257.6	-90244.9	-17517.5	0.22077	1	0.149043	13.419	6.53048	0.00869663	19.9352	0.163518	6987	99	658	-31538.5	53.9054f	27.5462	4	1	1	0.009901	0.0891089	0.009901	9.90099e-09	0	0	0	0	0.881818	0.965909	0.298999	0.556391	0.87358	0.009901	0.0792079	9.90099e-09	1	0.11731	0.139818	0.666667	0.666667	1.5	1	1	56815.1	1e+20	2.15197e+09	95.8391	85.0951	76.8141	38.9303	53.9054	27.5462	
191000	-136692	-1257.6	-89894.5	-17378.5	0.220421	1	0.164507	12.1576	7.27743	0.00757696	19.9909	0.132941	6895	99	724	-31538.5	54.7692f	71.1542	4	1	1	0.009901	0.0792079	0.009901	9.90099e-09	0	0	0	0	0.845455	0.960813	0.267728	0.60274	0.891304	0.009901	0.0792079	9.90099e-09	1	0.14058	0.162983	0.666667	0.666667	1.5	1	1	56815.1	1e+20	2.15197e+09	38.9627	91.8976	76.8141	38.9303	54.7692	71.1542	
192000	-136961	-1257.6	-90163.1	-17466.3	0.221933	1	0.164507	12.1576	7.32735	0.0168013	19.9909	0.132035	6953	99	688	-31538.5	75.9862f	69.1793	4	1	1	0.009901	0.0792079	0.009901	9.90099e-09	0	0	0	0	0.909091	0.965567	0.254676	0.543478	0.888889	0.009901	0.0792079	9.90099e-09	1	0.119424	0.152616	0.666667	0.666667	1.5	1	1	56815.1	1e+20	2.15197e+09	38.9627	91.8976	76.8141	38.9303	75.9862	69.1793	
193000	-136596	-1257.6	-89798.6	-17454.3	0.221933	1	0.164507	12.1576	7.02085	0.00400919	19.7785	0.137799	6945	99	665	-31538.5	64.1824f	55.729	4	1	1	0.009901	0.0792079	0.009901	9.90099e-09	0	0	0	0	0.863636	0.954023	0.229885	0.507463	0.889685	0.009901	0.0792079	9.90099e-09	1	0.127507	0.148872	0.666667	0.666667	1.5	1	1	56815.1	1e+20	2.15197e+09	65.3798	77.1689	76.8141	38.9303	64.1824	55.729	
194000	-137407	-1257.6	-90609.9	-17544.6	0.22142	1	0.164507	12.1576	7.00462	0.00882544	19.7785	0.138119	7005	99	677	-31538.5	70.5853f	60.6802	4	1	1	0.009901	0.0792079	0.009901	9.90099e-09	0	0	0	0	0.9	0.964539	0.243281	0.467626	0.906648	0.009901	0.128713	9.90099e-09	1	0.113154	0.183554	0.666667	0.666667	1.5	1	1	56815.1	1e+20	2.15197e+09	65.3798	77.1689	76.8141	38.9303	70.5853	60.6802	
195000	-137819	-1257.6	-91021.8	-17616.7	0.223373	1	0.164507	12.1576	7.06641	0.0298787	19.7785	0.136911	7053	99	663	-31538.5	89.9169f	34.1282	4	1	1	0.0594059	0.0792079	0.009901	9.90099e-09	0	0	0	0	0.890909	0.953125	0.234375	0.489209	0.900568	0.009901	0.128713	9.90099e-09	1	0.112216	0.151468	0.666667	0.666667	1.5	1	1	56815.1	1e+20	2.15197e+09	36.142	90.4449	77.5249	31.5596	89.9169	34.1282	
196000	-137314	-1257.6	-90516.4	-17457.8	0.223373	1	0.164507	12.1576	7.06641	0.0369961	19.7785	0.136911	6947	99	726	-31538.5	61.7465f	3.61475	4	1	1	0.0594059	0.0792079	0.019802	9.90099e-09	0	0	0	0	0.854545	0.948424	0.282014	0.489209	0.896848	0.009901	0.128713	9.90099e-09	1	0.140401	0.165951	0.666667	0.666667	1.5	1	1	56815.1	1e+20	2.15197e+09	36.142	90.4449	75.8655	25.6998	61.7465	3.61475	
197000	-137405	-1257.6	-90607.1	-17546.2	0.223373	1	0.155589	12.8544	6.68335	0.00726654	19.7785	0.153055	7006	99	678	-31538.5	60.259f	32.0053	4	1	1	0.0594059	0.029703	0.019802	9.90099e-09	0	0	0	0	0.890909	0.955903	0.292023	0.471014	0.877318	0.009901	0.128713	9.90099e-09	1	0.128388	0.170695	0.666667	0.666667	1.5	1	1	56815.1	1e+20	2.15197e+09	36.142	90.4449	75.8655	25.6998	60.259	32.0053	
198000	-138718	-1257.6	-91920.7	-17800	0.226146	1	0.155589	12.8544	6.7663	0.0378567	19.7785	0.151178	7176	99	630	-31538.5	92.1919f	74.2386	4	1	1	0.0594059	0.029703	0.019802	9.90099e-09	0	0	0	0	0.918182	0.963687	0.237624	0.503817	0.895332	0.009901	0.128713	9.90099e-09	1	0.115599	0.1424	0.666667	0.666667	1.5	1	1	56815.1	1e+20	2.15197e+09	36.142	90.4449	75.8655	25.6998	92.1919	74.2386	
199000	-139053	-1257.6	-92255.5	-17809	0.225494	1	0.155589	12.8544	6.74682	0.0571559	19.7785	0.151615	7182	99	654	-31538.5	85.1623f	1.88417	4	1	1	0.0594059	0.029703	0.019802	9.90099e-09	0	0	0	0	0.872727	0.965181	0.262865	0.440299	0.880389	0.009901	0.128713	9.90099e-09	1	0.0987483	0.152074	0.666667	0.666667	1.5	1	1	56815.1	1e+20	2.15197e+09	36.142	90.4449	46.8507	10.1833	85.1623	1.88417	
200000	-139803	-1257.6	-93005.6	-17791.2	0.225494	1	0.166499	12.0121	7.2199	0.0267878	19.7785	0.132397	7170	99	739	-31538.5	25.7432f	17.1735	4	1	1	0.0594059	0.029703	0.019802	9.90099e-09	0	0	0	0	0.836364	0.958159	0.268636	0.580882	0.901685	0.009901	0.0891089	9.90099e-09	1	0.122563	0.191801	0.666667	0.666667	1.5	1	1	56815.1	1e+20	2.15197e+09	36.142	90.4449	46.8507	10.1833	25.7432	17.1735	
201000	-140494	-1257.6	-93696.8	-17900.8	0.226613	1	0.161514	12.3828	7.03847	0.0366988	19.7785	0.140001	7244	99	724	-31538.5	12.7046f	19.8929	4	1	1	0.039604	0.029703	0.019802	9.90099e-09	0	0	0	0	0.9	0.9625	0.248276	0.469388	0.894737	0.009901	0.0891089	9.90099e-09	1	0.127424	0.16482	0.666667	0.666667	1.5	1	1	56815.1	1e+20	2.15197e+09	36.142	90.4449	46.8507	10.1833	12.7046	19.8929	
202000	-139183	-1257.6	-92385.9	-17724.2	0.226613	1	0.161514	12.3828	7.03847	0.0366988	19.7785	0.140001	7125	99	721	-31538.5	12.7046f	19.8929	4	1	1	0.039604	0.0693069	0.019802	9.90099e-09	0	0	0	0	0.909091	0.961864	0.272472	0.451389	0.898305	0.009901	0.0891089	9.90099e-09	1	0.12763	0.148201	0.666667	0.666667	1.5	1	1	56815.1	1e+20	2.15197e+09	1.16643	19.541	46.8507	10.1833	12.7046	19.8929	
203000	-137863	-1257.6	-91065.6	-17658.9	0.226613	1	0.161514	12.3828	7.03847	0.0312083	19.7785	0.140001	7081	99	650	-31538.5	69.4083f	10.6497	4	1	1	0.039604	0.0693069	9.90099e-09	9.90099e-09	0	0	0	0	0.9	0.95904	0.23662	0.5	0.88169	0.009901	0.0891089	9.90099e-09	1	0.109859	0.153734	0.666667	0.666667	1.5	1	1	56815.1	1e+20	2.15197e+09	36.142	90.4449	46.8507	10.1833	69.4083	10.6497	
204000	-141193	-1257.6	-94395.3	-17963.2	0.226613	1	0.157848	12.6705	6.8787	0.0196388	19.7785	0.14658	7286	99	745	-31538.5	53.5829f	15.4908	4	1	1	0.039604	0.0693069	9.90099e-09	9.90099e-09	0	0	0	0	0.881818	0.954545	0.313699	0.610294	0.875524	9.90099e-09	0.0891089	9.90099e-09	1	0.135802	0.16716	0.666667	0.666667	1.5	1	1	56815.1	1e+20	2.15197e+09	36.142	90.4449	46.8507	10.1833	53.5829	15.4908	
205000	-140625	-1257.6	-93827.2	-17964.1	0.227657	1	0.161779	12.3626	7.08251	0.0406967	19.7785	0.138903	7287	99	697	-31538.5	13.113f	15.5531	4	1	1	0.039604	0.0693069	9.90099e-09	9.90099e-09	0	0	0	0	0.836364	0.967078	0.255495	0.541667	0.894376	9.90099e-09	0.0891089	9.90099e-09	1	0.134431	0.166897	0.666667	0.666667	1.5	1	1	56815.1	1e+20	2.15197e+09	36.142	90.4449	46.8507	10.1833	13.113	15.5531	
206000	-139748	-1257.6	-92950.7	-17793.9	0.227657	1	0.167273	11.9565	7.32552	0.00551628	19.7802	0.129884	7172	99	729	-31538.5	40.474f	34.6164	4	1	1	0.039604	0.0693069	9.90099e-09	9.90099e-09	0	0	0	0	0.854545	0.945908	0.266943	0.503401	0.870474	9.90099e-09	0.168317	9.90099e-09	1	0.129477	0.173973	0.666667	0.666667	1.5	1	1	56815.1	1e+20	2.15197e+09	36.142	90.4449	57.513	42.9368	40.474	34.6164	
207000	-139619	-1257.6	-92821.6	-17804.3	0.227657	1	0.161882	12.3547	7.08941	0.000366573	19.7802	0.138679	7179	99	714	-31538.5	52.3441f	50.8461	4	1	1	0.019802	0.0693069	9.90099e-09	9.90099e-09	0	0	0	0	0.872727	0.967877	0.239161	0.467626	0.878492	9.90099e-09	0.168317	9.90099e-09	1	0.116992	0.180028	0.666667	0.666667	1.5	1	1	56815.1	1e+20	2.15197e+09	36.142	90.4449	54.4406	55.8135	52.3441	50.8461	
208000	-139878	-1257.6	-93080	-17832.4	0.228899	1	0.161882	12.3547	6.99554	0.00965526	19.6876	0.14054	7198	99	712	-31538.5	73.1747f	57.0944	4	1	1	0.019802	0.0693069	9.90099e-09	9.90099e-09	0	0	0	0	0.9	0.955617	0.223301	0.527778	0.898752	9.90099e-09	0.168317	9.90099e-09	1	0.127601	0.129167	0.666667	0.666667	1.5	1	1	56815.1	1e+20	2.15197e+09	36.142	90.4449	54.4406	55.8135	73.1747	57.0944	
209000	-142704	-1257.6	-95906.7	-18221.4	0.232962	1	0.153664	13.0154	6.75831	0.0342133	19.6876	0.153253	7464	99	707	-31538.5	93.301f	34.425	4	1	1	0.019802	0.108911	0.019802	9.90099e-09	0	0	0	0	0.836364	0.974531	0.240268	0.486301	0.876841	9.90099e-09	0.168317	9.90099e-09	1	0.105756	0.147059	0.666667	0.666667	1.5	1	1	56815.1	1e+20	2.15197e+09	36.142	90.4449	54.4406	55.8135	93.301	34.425	
210000	-142657	-1257.6	-95859.1	-18211.2	0.232962	1	0.157508	12.6978	6.92734	0.0342133	19.6876	0.145865	7457	99	713	-31538.5	93.301f	34.425	4	1	1	0.019802	0.108911	0.019802	9.90099e-09	0	0	0	0	0.881818	0.965194	0.212851	0.560284	0.888	9.90099e-09	0.168317	9.90099e-09	1	0.120643	0.145533	0.666667	0.666667	1.5	1	1	56815.1	1e+20	2.15197e+09	36.142	90.4449	54.4406	55.8135	93.301	34.425	
211000	-142003	-1257.6	-95205.3	-18148.9	0.238178	1	0.168606	11.8619	7.55025	0.0342133	19.6673	0.125022	7414	99	703	-31538.5	93.301f	34.425	4	1	1	0.019802	0.108911	0.019802	9.90099e-09	0	0	0	0	0.890909	0.966262	0.245614	0.460993	0.889637	9.90099e-09	0.168317	9.90099e-09	1	0.137652	0.17316	0.666667	0.666667	1.5	1	1	56815.1	1e+20	2.15197e+09	36.142	90.4449	54.4406	55.8135	93.301	34.425	
212000	-140831	-1257.6	-94033.5	-17965.4	0.236657	1	0.168606	11.8619	7.5976	0.0342133	19.7296	0.124242	7287	99	714	-31538.5	93.301f	34.425	4	1	1	0.019802	0.108911	0.019802	9.90099e-09	0	0	0	0	0.827273	0.962912	0.256516	0.516556	0.889193	9.90099e-09	0.168317	9.90099e-09	1	0.124487	0.154778	0.666667	0.666667	1.5	1	1	56815.1	1e+20	2.15197e+09	36.142	90.4449	54.4406	55.8135	93.301	34.425	
213000	-142763	-1257.6	-95965.1	-18156.2	0.238386	1	0.168606	11.8619	7.65313	0.0651064	19.7296	0.123341	7419	99	768	-31538.5	90.5724f	99.534	4	1	1	0.019802	0.108911	0.019802	9.90099e-09	0	0	0	0	0.872727	0.95935	0.240866	0.512821	0.888587	9.90099e-09	0.0891089	9.90099e-09	1	0.115903	0.164276	0.666667	0.666667	1.5	1	1	56815.1	1e+20	2.15197e+09	36.142	90.4449	54.4406	55.8135	90.5724	99.534	
214000	-142196	-1257.6	-95398.5	-18113.1	0.238386	1	0.168606	11.8619	6.26393	0.033006	18.7659	0.150695	7389	99	748	-31538.5	7.49902f	66.838	4	1	1	0.0792079	0.108911	0.019802	9.90099e-09	0	0	0	0	0.918182	0.955466	0.232747	0.526667	0.890392	9.90099e-09	0.0891089	9.90099e-09	1	0.132612	0.14147	0.666667	0.666667	1.5	1	1	56815.1	1e+20	2.15197e+09	36.142	90.4449	53.7647	56.3785	7.49902	66.838	
215000	-141551	-1257.6	-94753.5	-18110.3	0.238386	1	0.168606	11.8619	6.26393	0.0353253	18.7659	0.150695	7387	99	694	-31538.5	6.3721f	68.2728	4	1	1	0.0792079	0.029703	0.019802	9.90099e-09	0	0	0	0	0.863636	0.962111	0.223275	0.478261	0.898512	9.90099e-09	0.0891089	9.90099e-09	1	0.11908	0.191429	0.666667	0.666667	1.5	1	1	56815.1	1e+20	2.15197e+09	36.142	90.4449	53.7647	56.3785	6.3721	68.2728	
216000	-143145	-1257.6	-96347.3	-18328.3	0.237706	1	0.168606	11.8619	6.246	0.00293684	18.7659	0.151128	7539	99	683	-31538.5	62.6557f	48.2671	4	1	1	0.0792079	0.029703	0.019802	9.90099e-09	0	0	0	0	0.918182	0.966667	0.24	0.427586	0.884	9.90099e-09	0.0891089	9.90099e-09	1	0.125333	0.177233	0.666667	0.666667	1.5	1	1	56815.1	1e+20	2.15197e+09	36.142	90.4449	53.7647	56.3785	62.6557	48.2671	
217000	-144107	-1257.6	-97309.4	-18387.2	0.242946	1	0.157689	12.6832	6.34215	0.0228182	19.0515	0.159141	7580	99	730	-31538.5	26.5845f	79.9722	4	1	1	0.0792079	0.029703	0.039604	9.90099e-09	0	0	0	0	0.845455	0.956349	0.26288	0.475862	0.880952	9.90099e-09	0.0891089	9.90099e-09	1	0.110672	0.165768	0.666667	0.666667	1.5	1	1	56815.1	1e+20	2.15197e+09	29.342	88.6625	53.7647	56.3785	26.5845	79.9722	
218000	-145171	-1257.6	-98372.9	-18567.4	0.241145	1	0.157548	12.6946	6.08322	0.0380418	18.8933	0.166064	7707	99	708	-31538.5	81.5565f	87.3373	4	1	1	0.0792079	0.029703	0.039604	9.90099e-09	0	0	0	0	0.890909	0.96129	0.249027	0.514493	0.893645	0.009901	0.0792079	9.90099e-09	1	0.127108	0.16932	0.666667	0.666667	1.5	1	1	56815.1	1e+20	2.15197e+09	29.342	88.6625	85.2883	68.0188	81.5565	87.3373	
219000	-144533	-1257.6	-97735.3	-18549.9	0.245154	1	0.14963	13.3663	5.79573	0.0453441	18.8304	0.183525	7695	99	657	-31538.5	80.6253f	93.7737	4	1	1	0.0792079	0.029703	0.039604	9.90099e-09	0	0	0	0	0.881818	0.960887	0.258191	0.568182	0.904824	0.009901	0.0792079	9.90099e-09	1	0.095176	0.185299	0.666667	0.666667	1.5	1	1	56815.1	1e+20	2.15197e+09	29.342	88.6625	85.2883	68.0188	80.6253	93.7737	
220000	-145603	-1257.6	-98805.8	-18786.5	0.248343	1	0.141937	14.0908	5.56927	0.0425945	18.8304	0.201338	7864	99	593	-31538.5	71.9453f	96.9454	4	1	1	0.0594059	0.029703	0.039604	9.90099e-09	0	0	0	0	0.881818	0.97604	0.263959	0.492188	0.895807	0.009901	0.0792079	9.90099e-09	1	0.105196	0.168239	0.666667	0.666667	1.5	1	1	56815.1	1e+20	2.15197e+09	29.342	88.6625	85.2883	68.0188	71.9453	96.9454	
221000	-145908	-1257.6	-99110.9	-18803.2	0.248343	1	0.141937	14.0908	5.56927	0.0387925	18.8304	0.201338	7876	99	614	-31538.5	92.1782f	75.462	4	1	1	0.0594059	0.029703	0.039604	9.90099e-09	0	0	0	0	0.918182	0.978399	0.221942	0.488189	0.916561	0.009901	0.0792079	9.90099e-09	1	0.0989848	0.159539	0.666667	0.666667	1.5	1	1	56815.1	1e+20	2.15197e+09	29.342	88.6625	85.2883	68.0188	92.1782	75.462	
222000	-146679	-1257.6	-99881.4	-18840.8	0.248343	1	0.13822	14.4697	5.80426	0.0246501	19.1527	0.198382	7903	99	650	-31538.5	88.9472f	52.882	4	1	1	0.0594059	0.049505	0.039604	9.90099e-09	0	0	0	0	0.9	0.963291	0.253788	0.522059	0.902778	0.009901	0.0792079	9.90099e-09	1	0.0972222	0.179217	0.666667	0.666667	1.5	1	1	56815.1	1e+20	2.15197e+09	29.342	88.6625	85.2883	68.0188	88.9472	52.882	
223000	-146113	-1257.6	-99315	-18723.8	0.248343	1	0.13822	14.4697	6.88343	0.0199471	19.9868	0.16728	7819	99	673	-31538.5	78.0833f	71.2872	4	1	1	0.0594059	0.049505	0.0792079	9.90099e-09	0	0	0	0	0.881818	0.970663	0.278416	0.534884	0.891304	0.009901	0.0792079	9.90099e-09	1	0.116368	0.20208	0.666667	0.666667	1.5	1	1	56815.1	1e+20	2.15197e+09	29.342	88.6625	85.2883	68.0188	78.0833	71.2872	
224000	-145184	-1257.6	-98386.1	-18620.2	0.245491	1	0.13822	14.4697	6.80438	0.0437837	19.9868	0.169224	7745	99	661	-31538.5	95.267f	76.3116	4	1	1	0.0594059	0.049505	0.0792079	9.90099e-09	0	0	0	0	0.9	0.95871	0.267097	0.616541	0.904516	0.009901	0.0990099	9.90099e-09	1	0.114839	0.155825	0.666667	0.666667	1.5	1	1	56815.1	1e+20	2.15197e+09	29.342	88.6625	67.1647	63.4493	95.267	76.3116	
225000	-144566	-1257.6	-97768.7	-18537.4	0.245491	1	0.13141	15.2196	6.46912	0.0158362	19.9868	0.187218	7686	99	663	-31538.5	76.3997f	66.8519	4	1	1	0.0594059	0.049505	0.0792079	9.90099e-09	0	0	0	0	0.863636	0.97389	0.264935	0.564885	0.903268	0.009901	0.0990099	9.90099e-09	1	0.113281	0.148968	0.666667	0.666667	1.5	1	1	56815.1	1e+20	2.15197e+09	29.342	88.6625	72.1851	62.439	76.3997	66.8519	
226000	-142458	-1257.6	-95660	-18332.6	0.238015	1	0.13141	15.2196	6.27212	0.00577709	19.9868	0.193099	7542	99	612	-31538.5	57.4389f	33.2239	4	1	1	0.0594059	0.049505	0.0792079	9.90099e-09	0	0	0	0	0.9	0.957895	0.247682	0.511628	0.907895	0.009901	0.0990099	9.90099e-09	1	0.102497	0.147385	0.666667	0.666667	1.5	1	1	56815.1	1e+20	2.15197e+09	29.342	88.6625	72.1851	62.439	57.4389	33.2239	
227000	-142111	-1257.6	-95313	-18299.6	0.238015	1	0.134746	14.8427	6.31904	0.00577709	19.899	0.186918	7519	99	599	-31538.5	57.4389f	33.2239	4	1	1	0.029703	0.049505	0.0792079	9.90099e-09	0	0	0	0	0.909091	0.976159	0.271883	0.512605	0.901704	0.009901	0.0990099	9.90099e-09	1	0.131649	0.183502	0.666667	0.666667	1.5	1	1	56815.1	1e+20	2.15197e+09	29.342	88.6625	83.921	43.4593	57.4389	33.2239	
228000	-140843	-1257.6	-94045.9	-18125.5	0.237099	1	0.13695	14.6038	6.39769	0.043907	19.899	0.181649	7398	99	606	-31538.5	91.5128f	18.403	4	1	1	0.029703	0.049505	0.029703	9.90099e-09	0	0	0	0	0.927273	0.955823	0.248313	0.552846	0.891566	0.019802	0.0990099	9.90099e-09	1	0.0959459	0.160393	0.666667	0.666667	1.5	1	1	56815.1	1e+20	2.15197e+09	29.342	88.6625	83.921	43.4593	91.5128	18.403	
229000	-142099	-1257.6	-95300.9	-18249.3	0.237099	1	0.140038	14.2818	6.11177	0.0442334	19.5634	0.185955	7484	99	641	-31538.5	96.0391f	25.0147	4	1	1	0.029703	0.0594059	0.029703	9.90099e-09	0	0	0	0	0.872727	0.954727	0.261682	0.515873	0.889036	0.019802	0.0990099	9.90099e-09	1	0.113182	0.172468	0.666667	0.666667	1.5	1	1	56815.1	1e+20	2.15197e+09	29.342	88.6625	83.921	43.4593	96.0391	25.0147	
230000	-142614	-1257.6	-95815.9	-18275.2	0.238127	1	0.141363	14.148	6.19637	0.00654799	19.5634	0.181697	7502	99	671	-31538.5	57.1446f	68.7673	4	1	1	0.029703	0.0594059	0.029703	9.90099e-09	0	0	0	0	0.881818	0.962716	0.228	0.473684	0.908725	0.019802	0.0990099	9.90099e-09	1	0.113333	0.161388	0.666667	0.666667	1.5	1	1	56815.1	1e+20	2.15197e+09	75.5187	16.31	83.8786	32.8239	57.1446	68.7673	
231000	-143113	-1257.6	-96315.5	-18426.6	0.241447	1	0.142968	13.9892	6.35407	0.00586034	19.5634	0.175198	7608	99	618	-31538.5	59.8418f	34.3531	4	1	1	0.029703	0.0594059	0.029703	9.90099e-09	0	0	0	0	0.881818	0.965969	0.242464	0.52459	0.918098	0.019802	0.158416	9.90099e-09	1	0.0814717	0.166945	0.666667	0.666667	1.5	1	1	56815.1	1e+20	2.15197e+09	75.5187	16.31	83.8786	32.8239	59.8418	34.3531	
232000	-143853	-1257.6	-97055.4	-18462.2	0.241447	1	0.136395	14.6632	6.06197	0.00627252	19.5634	0.192489	7633	99	653	-31538.5	69.2823f	49.7985	4	1	1	0.029703	0.0594059	0.029703	9.90099e-09	0	0	0	0	0.845455	0.960733	0.270942	0.522388	0.881664	0.019802	0.158416	9.90099e-09	1	0.111257	0.195588	0.666667	0.666667	1.5	1	1	56815.1	1e+20	2.15197e+09	51.7221	99.381	83.8786	32.8239	69.2823	49.7985	
233000	-144868	-1257.6	-98070.3	-18544.6	0.241447	1	0.147381	13.5703	7.15178	0.00410891	19.998	0.150996	7691	99	690	-31538.5	59.1803f	62.7019	4	1	1	0.029703	0.0594059	0.029703	9.90099e-09	0	0	0	0	0.890909	0.97013	0.245455	0.516129	0.906128	0.019802	0.158416	9.90099e-09	1	0.128571	0.173723	0.666667	0.666667	1.5	1	1	56815.1	1e+20	2.15197e+09	46.7997	93.2653	42.7764	62.3617	59.1803	62.7019	
234000	-142287	-1257.6	-95489.8	-18265.8	0.234361	1	0.147381	13.5703	6.9419	0.0268582	19.998	0.155561	7495	99	644	-31538.5	27.468f	84.5793	4	1	1	0.0693069	0.0594059	0.029703	9.90099e-09	0	0	0	0	0.854545	0.963952	0.256991	0.514925	0.888149	0.019802	0.158416	9.90099e-09	1	0.109188	0.157252	0.666667	0.666667	1.5	1	1	56815.1	1e+20	2.15197e+09	46.7997	93.2653	24.0434	60.0961	27.468	84.5793	
235000	-141426	-1257.6	-94628.3	-18050.1	0.230027	1	0.152983	13.0734	7.07251	0.0182716	19.998	0.147097	7346	99	708	-31538.5	16.1073f	49.8524	4	1	1	0.0693069	0.0792079	0.019802	9.90099e-09	0	0	0	0	0.854545	0.966079	0.277174	0.47482	0.903448	0.019802	0.158416	9.90099e-09	1	0.123641	0.130814	0.666667	0.666667	1.5	1	1	56815.1	1e+20	2.15197e+09	46.7997	93.2653	24.0434	60.0961	16.1073	49.8524	
236000	-140692	-1257.6	-93894	-17982.8	0.233983	1	0.152983	13.0734	7.19414	0.0141566	19.998	0.14461	7300	99	687	-31538.5	45.8284f	79.5878	4	1	1	0.0693069	0.0792079	0.019802	9.90099e-09	0	0	0	0	0.854545	0.948229	0.283582	0.460432	0.887825	0.019802	0.158416	9.90099e-09	1	0.132695	0.153623	0.666667	0.666667	1.5	1	1	56815.1	1e+20	2.15197e+09	46.7997	93.2653	24.0434	60.0961	45.8284	79.5878	
237000	-140334	-1257.6	-93536.8	-17969.2	0.232331	1	0.152983	13.0734	6.97857	0.0191687	19.8816	0.149077	7291	99	666	-31538.5	23.3997f	72.5013	4	1	1	0.0693069	0.0792079	0.019802	9.90099e-09	0	0	0	0	0.863636	0.967568	0.22435	0.511111	0.886301	0.019802	0.158416	9.90099e-09	1	0.123288	0.155589	0.666667	0.666667	1.5	1	1	56815.1	1e+20	2.15197e+09	46.7997	93.2653	24.0434	60.0961	23.3997	72.5013	
238000	-139324	-1257.6	-92526.3	-17903.6	0.232331	1	0.141932	14.0912	6.47449	0.00761156	19.8816	0.173194	7246	99	620	-31538.5	36.2451f	33.5254	4	1	1	0.0693069	0.0792079	0.019802	9.90099e-09	0	0	0	0	0.872727	0.97787	0.289655	0.515873	0.897472	0.019802	0.158416	9.90099e-09	1	0.121884	0.151565	0.666667	0.666667	1.5	1	1	56815.1	1e+20	2.15197e+09	46.7997	93.2653	15.4828	47.4669	36.2451	33.5254	
239000	-141211	-1257.6	-94413.9	-18132.7	0.232331	1	0.141932	14.0912	6.16027	0.0153661	19.6359	0.182028	7403	99	640	-31538.5	20.4737f	59.8493	4	1	1	0.0594059	0.0792079	0.019802	9.90099e-09	0	0	0	0	0.890909	0.978378	0.245283	0.527559	0.880272	0.019802	0.0891089	9.90099e-09	1	0.116216	0.189873	0.666667	0.666667	1.5	1	1	56815.1	1e+20	2.15197e+09	46.7997	93.2653	15.4828	47.4669	20.4737	59.8493	
240000	-141326	-1257.6	-94528.5	-18109.4	0.232331	1	0.141932	14.0912	6.40546	0.0184543	19.8284	0.17506	7387	99	662	-31538.5	57.4331f	17.2405	4	1	1	0.0594059	0.0792079	0.019802	9.90099e-09	0	0	0	0	0.909091	0.956931	0.272118	0.477612	0.899598	0.019802	0.0891089	9.90099e-09	1	0.131258	0.152466	0.666667	0.666667	1.5	1	1	56815.1	1e+20	2.15197e+09	46.7997	93.2653	15.4828	47.4669	57.4331	17.2405	
241000	-140152	-1257.6	-93354.2	-17976.5	0.232331	1	0.155128	12.8926	6.62853	0.0068971	19.5593	0.15478	7296	99	645	-31538.5	29.9976f	55.3568	4	1	1	0.0594059	0.049505	0.039604	9.90099e-09	0	0	0	0	0.890909	0.965753	0.278912	0.48855	0.886301	0.019802	0.0891089	9.90099e-09	1	0.131327	0.170543	0.666667	0.666667	1.5	1	1	56815.1	1e+20	2.15197e+09	46.7997	93.2653	15.4828	47.4669	29.9976	55.3568	
242000	-140075	-1257.6	-93277.2	-17893.3	0.232331	1	0.147018	13.6038	6.64485	0.0182321	19.8358	0.162916	7239	99	693	-31538.5	16.6841f	44.232	4	1	1	0.0594059	0.049505	0.039604	9.90099e-09	0	0	0	0	0.972727	0.954357	0.269972	0.52518	0.870166	0.019802	0.0891089	9.90099e-09	1	0.129834	0.142857	0.666667	0.666667	1.5	1	1	56815.1	1e+20	2.15197e+09	46.7997	93.2653	15.4828	47.4669	16.6841	44.232	