
# before rand glnL: -44052.395036 alnL: -1211.966713
# ninter: 99
# ncoal: 99
# nhits: 99
# true lbda: 0.002945
# true mu: 0.109285
# true rad: 35.897572
# true sigsq: 0.671548
# true neigh. size: 18.300778
# fst-based estimate of neighborhood size: -nan
# nucleotide diversity: 0.000000
# length of a generation: 39611.3 time units
# clock rate: 1 subst. per time unit
# after rand glnL: -44052.395036 alnL: -1211.966713
# ninter: 99
# ncoal: 99
# nhits: 99
# start lbda: 0.002945
# start mu: 0.109285
# start rad: 11.173703
sample	lnP	alnL	glnL	tlnL	lbda	clock	mu	neigh	sigsq	sigsqobs	rad	rhoe	nInt	nCoal	nHit	rootTime	rootLon	rootLat	tstv	alpha	MeanBr	accLbda	accMu	accRad	accInDelDisk	accInDelHit	accScaleTime	accSPR	accSPRlocal	accPath	accIndelDiskSerial	accIndelHitSerial	accLdskGivenDisk	accDiskGivenLdsk	accDiskAndLdsk	accLdskMulti	accDiskMulti	accMoveDiskUD	accAddRemoveJump	accLdskTipToRoot	tuneLbda	tuneRad	tuneMu	tuneIndelDisk	tuneIndelHit	tuneLdskGivenDisk	tuneIndelDiskSerial	tuneIndelHitSerial	c0	c1	rootc0	rootc1	rootldsk0	rootldsk1	
  1000	-51995	-1211.97	-5243.08	-1308.46	0.00641833	1	0.134084	14.916	0.130952	0.0405297	18.6542	9.06422	216	99	117	-33958.9	77.7104f	5.59252	4	1	1	0	0	0	0	0	0	0	0	0.972727	0.743363	0.252427	0.363636	0.550847	0	0	0	1	0.133333	0.127119	1	1	1	1	1	1.5	3.375	0.444444	12.3078	78.8421	78.1965	1.25861	77.7104	5.59252	
  2000	-54348.5	-1211.97	-7596.54	-2079.15	0.0103781	1	0.164212	12.1794	0.315703	0.0508671	19.5946	3.06999	378	99	129	-33958.9	90.4003f	7.42684	4	1	1	0	0	0	0	0	0	0	0	0.972727	0.833333	0.241071	0.504425	0.787611	0	0	0	1	0.0884956	0.204724	1	1	1	1	1	5.0625	291.929	0.296296	12.3078	78.8421	89.9962	17.3762	90.4003	7.42684	
  3000	-55446.4	-1211.97	-8694.41	-2426.78	0.0126188	1	0.172287	11.6085	0.402742	0.0589134	19.5946	2.29372	457	99	132	-33958.9	89.6802f	0.845231	4	1	1	0	0	0	0	0	0	0	0	0.963636	0.865672	0.384058	0.468468	0.72093	0	0	0	1	0.109489	0.153846	1	1	1	1	1	11.3906	16834.1	17.0859	12.3078	78.8421	85.154	16.4801	89.6802	0.845231	
  4000	-57124.4	-1211.97	-10372.5	-2937.18	0.0162127	1	0.177734	11.2528	0.561585	0.0250797	19.8447	1.59453	579	99	137	-33958.9	57.8085f	9.67999	4	1	1	0	0	0	0	0	0	0	0	0.972727	0.957265	0.284483	0.482456	0.75	0	0	0	1	0.155172	0.208633	1	1	1	1	1	17.0859	4.91437e+06	194.62	12.3078	78.8421	77.5102	12.2619	57.8085	9.67999	
  5000	-57637	-1211.97	-10885	-3099.97	0.0168019	1	0.162507	12.3071	0.532134	0.0554309	19.8447	1.84046	619	99	137	-33958.9	13.482f	0.958728	4	1	1	0	0	0	0	0	0	0	0	0.990909	0.934426	0.241935	0.447619	0.893443	0	0	0	1	0.137097	0.19084	1	1	1	1	1	38.4434	9.56432e+08	11222.7	12.3078	78.8421	31.6208	0.237753	13.482	0.958728	
  6000	-59725.3	-1211.97	-12973.4	-3613.97	0.0212933	1	0.1915	10.4438	0.794698	0.051519	19.8447	1.0458	751	99	165	-33958.9	4.43642f	12.6428	4	1	1	0	0	0	0	0	0	0	0	0.963636	0.886667	0.266667	0.453704	0.777027	0	0.138614	0	1	0.213333	0.224242	1	1	1	1	1	86.4976	1.07338e+13	1.45611e+06	12.3078	78.8421	8.44489	22.3169	4.43642	12.6428	
  7000	-61418.3	-1211.97	-14666.3	-4129.91	0.0242819	1	0.182532	10.957	0.843916	0.0170204	19.7295	1.03319	889	99	161	-33958.9	34.3182f	20.1831	4	1	1	0.267327	0.257426	0.029703	0	0	0	0	0	0.945455	0.949721	0.212291	0.486239	0.849162	0	0.138614	0.108911	1	0.0893855	0.20122	1.5	0.666667	1.5	1	1	291.929	1.05756e+16	1.2595e+08	12.3078	78.8421	8.44489	22.3169	34.3182	20.1831	
  8000	-63596.1	-1211.97	-16844.1	-4640.94	0.0303435	1	0.187404	10.6721	1.07327	0.0186764	19.6863	0.791283	1033	99	188	-33958.9	30.0262f	20.8858	4	1	1	0.267327	0.257426	0.029703	0	0	0	0	0	0.963636	0.932692	0.271845	0.458333	0.836538	0	0.138614	0.108911	1	0.163462	0.185185	1.5	0.666667	1.5	1	1	656.841	2.34444e+19	8.27291e+10	12.3078	78.8421	8.44489	22.3169	30.0262	20.8858	
  9000	-64328.6	-1211.97	-17576.6	-4794.53	0.0304851	1	0.18216	10.9794	1.03339	0.0211507	19.6168	0.845479	1077	99	205	-33958.9	23.8579f	22.9803	4	1	1	0.267327	0.257426	0.029703	0	0	0	0	0	0.890909	0.926606	0.201835	0.611111	0.87156	0	0.138614	0.108911	1	0.165138	0.21659	1.5	0.666667	1.5	1	1	4987.89	1e+20	1.61007e+13	12.3078	78.8421	8.44489	22.3169	23.8579	22.9803	
 10000	-65035.9	-1211.97	-18283.9	-4999.83	0.0363819	1	0.224413	8.91214	1.51935	0.0422574	19.6168	0.466783	1136	99	205	-33958.9	19.3973f	6.30997	4	1	1	0.267327	0.257426	0.029703	0	0	0	0	0	0.909091	0.894737	0.217391	0.557692	0.780702	0	0.138614	0.108911	1	0.157895	0.171296	1.5	0.666667	1.5	1	1	16834.1	1e+20	3.13351e+15	12.3078	78.8421	1.74662	10.398	19.3973	6.30997	
 11000	-67435.8	-1211.97	-20683.8	-5606.98	0.038105	1	0.205744	9.72084	1.47694	0.0182776	19.6771	0.523758	1320	99	210	-33958.9	34.9564f	18.4707	4	1	1	0.267327	0.257426	0.029703	0.0792079	0	0	0	0	0.927273	0.908397	0.335878	0.469565	0.81203	0	0.138614	0.108911	1	0.115385	0.259804	1.5	0.666667	1.5	1	1	16834.1	1e+20	3.13351e+15	12.3078	78.8421	1.74662	10.398	34.9564	18.4707	
 12000	-68128.4	-1211.97	-21376.4	-5763.82	0.038105	1	0.214698	9.3154	1.56779	0.0257587	19.7614	0.47283	1368	99	219	-33958.9	12.6719f	31.8024	4	1	1	0.267327	0.257426	0.029703	0.0792079	0	0	0	0	0.936364	0.949275	0.248175	0.478261	0.862319	0	0.108911	0.108911	1	0.137681	0.18552	1.5	0.666667	1.5	1	1	16834.1	1e+20	3.13351e+15	12.3078	78.8421	19.1124	54.5172	12.6719	31.8024	
 13000	-70107.8	-1211.97	-23355.9	-6182.96	0.0433057	1	0.21642	9.24131	1.808	0.00671131	19.7942	0.406747	1501	99	249	-33958.9	29.3564f	53.0128	4	1	1	0.049505	0.0990099	0.0594059	0.0792079	0	0	0	0	0.945455	0.933775	0.269737	0.480392	0.84	0	0.108911	9.90099e-09	1	0.139073	0.174797	1.5	0.666667	1.5	1	1	16834.1	1e+20	3.13351e+15	9.53077	81.0895	19.1124	54.5172	29.3564	53.0128	
 14000	-70737.1	-1211.97	-23985.2	-6385.36	0.0442132	1	0.21642	9.24131	1.84194	0.0142752	19.7836	0.399253	1566	99	234	-33958.9	22.3363f	36.5273	4	1	1	0.049505	0.0990099	0.0594059	0.0792079	0	0	0	0	0.918182	0.929936	0.253165	0.447154	0.849057	0.019802	0.108911	9.90099e-09	1	0.101911	0.213675	1.5	0.666667	1.5	1	1	16834.1	1e+20	3.13351e+15	9.53077	81.0895	19.1124	54.5172	22.3363	36.5273	
 15000	-71038.2	-1211.97	-24286.2	-6417.4	0.0437614	1	0.223279	8.95741	1.79963	0.00140539	19.5663	0.396086	1576	99	252	-33958.9	45.9664f	42.1569	4	1	1	0.049505	0.0990099	0.0594059	0.0792079	0	0	0	0	0.945455	0.955414	0.22293	0.598039	0.837662	0.019802	0.108911	9.90099e-09	1	0.14557	0.162393	1.5	0.666667	1.5	1	1	16834.1	1e+20	3.13351e+15	9.53077	81.0895	19.1124	54.5172	45.9664	42.1569	
 16000	-71896.4	-1211.97	-25144.4	-6573.63	0.0474192	1	0.223279	8.95741	1.98377	0.0178923	19.6503	0.359319	1628	99	275	-33958.9	42.1087f	83.7093	4	1	1	0.049505	0.0990099	0.0594059	0.0792079	0	0	0	0	0.9	0.913043	0.300614	0.551402	0.822086	0.019802	0.108911	9.90099e-09	1	0.163522	0.214545	1.5	0.666667	1.5	1	1	16834.1	1e+20	3.13351e+15	9.53077	81.0895	19.1124	54.5172	42.1087	83.7093	
 17000	-73427.5	-1211.97	-26675.5	-6963.14	0.0489168	1	0.223279	8.95741	2.04643	0.0354668	19.6503	0.348319	1757	99	266	-33958.9	2.65794f	38.1317	4	1	1	0.049505	0.0990099	0.0693069	0.0792079	0	0	0	0	0.927273	0.959538	0.261628	0.429907	0.767045	0.019802	0.108911	9.90099e-09	1	0.170455	0.17803	1.5	0.666667	1.5	1	1	16834.1	1e+20	3.13351e+15	41.0955	96.6873	19.1124	54.5172	2.65794	38.1317	
 18000	-73089.1	-1211.97	-26337.2	-6827.35	0.0489168	1	0.2329	8.58737	2.28755	0.0132229	19.9932	0.298731	1712	99	286	-33958.9	22.2472f	39.7416	4	1	1	0.049505	0.0990099	0.0693069	0.0792079	0	0	0	0	0.863636	0.911765	0.258824	0.495652	0.790698	0.019802	0.108911	9.90099e-09	1	0.145349	0.18705	1.5	0.666667	1.5	1	1	16834.1	1e+20	3.13351e+15	41.0955	96.6873	28.0156	79.1241	22.2472	39.7416	
 19000	-74843.8	-1211.97	-28091.8	-7259.75	0.0540582	1	0.195547	10.2277	2.12254	0.0255309	19.9932	0.383454	1859	99	280	-33958.9	65.4164f	88.5318	4	1	1	0.049505	0.0990099	0.0693069	0.0792079	0	0	0	0	0.963636	0.940217	0.286486	0.537037	0.837838	0.019802	0.108911	9.90099e-09	1	0.151351	0.189964	1.5	0.666667	1.5	1	1	16834.1	1e+20	3.13351e+15	41.0955	96.6873	28.0156	79.1241	65.4164	88.5318	
 20000	-75272.1	-1211.97	-28520.1	-7274.14	0.0546535	1	0.252983	7.90566	2.77621	0.0214145	19.9932	0.226608	1864	99	315	-33958.9	19.1743f	71.9631	4	1	1	0.0693069	0.0891089	0.0693069	0.0792079	0	0	0	0	0.909091	0.952128	0.327957	0.569231	0.817204	0.019802	0.0792079	9.90099e-09	1	0.12766	0.183871	1.5	0.666667	1.5	1	1	16834.1	1e+20	3.13351e+15	12.4067	39.026	28.0156	79.1241	19.1743	71.9631	
 21000	-76250	-1211.97	-29498	-7611.32	0.0546535	1	0.22345	8.95056	2.45211	0.00948524	19.9932	0.290469	1980	99	276	-33958.9	66.6004f	31.1663	4	1	1	0.0693069	0.0891089	0.0693069	0.0792079	0	0	0	0	0.918182	0.887755	0.227273	0.517241	0.838384	0.019802	0.0792079	9.90099e-09	1	0.153061	0.189781	1.5	0.666667	1.5	1	1	16834.1	1e+20	3.13351e+15	12.4067	39.026	63.7775	67.1013	66.6004	31.1663	
 22000	-76459.8	-1211.97	-29707.9	-7593.05	0.0581543	1	0.22345	8.95056	2.60918	0.0326314	19.9932	0.272983	1975	99	300	-33958.9	44.4018f	96.5761	4	1	1	0.0693069	0.0891089	0.0693069	0.0792079	0	0	0	0	0.9	0.944724	0.267677	0.536	0.828283	0.019802	0.0792079	9.90099e-09	1	0.141414	0.214286	1.5	0.666667	1.5	1	1	16834.1	1e+20	3.13351e+15	12.4067	39.026	45.6485	80.7978	44.4018	96.5761	
 23000	-76487.9	-1211.97	-29735.9	-7607.27	0.0581543	1	0.22345	8.95056	2.60918	0.0157844	19.9932	0.272983	1980	99	296	-33958.9	22.3333f	66.8876	4	1	1	0.0693069	0.0891089	0.0693069	0.0792079	0	0	0	0	0.918182	0.97	0.235	0.487805	0.782828	0.019802	0.0792079	9.90099e-09	1	0.13	0.233108	1.5	0.666667	1.5	1	1	16834.1	1e+20	3.13351e+15	12.4067	39.026	45.6485	80.7978	22.3333	66.8876	
 24000	-76625.1	-1211.97	-29873.1	-7684.08	0.0581543	1	0.23131	8.64639	2.70097	0.00299782	19.9932	0.254745	2007	99	280	-33958.9	47.172f	36.6604	4	1	1	0.0693069	0.0891089	0.019802	0.009901	0	0	0	0	0.927273	0.9801	0.261084	0.576	0.835821	0.019802	0.0792079	9.90099e-09	1	0.152709	0.216129	1.5	0.666667	1.5	1	1	16834.1	1e+20	3.13351e+15	12.4067	39.026	45.6485	80.7978	47.172	36.6604	
 25000	-78002.3	-1211.97	-31250.3	-7977.08	0.0581543	1	0.218617	9.14843	2.33381	0.0483105	19.55	0.31194	2110	99	295	-33958.9	86.6967f	93.9027	4	1	1	0.0693069	0.0891089	0.019802	0.009901	0	0	0	0	0.954545	0.953052	0.226415	0.529412	0.787736	9.90099e-09	0.0792079	9.90099e-09	1	0.141509	0.181495	1.5	0.666667	1.5	1	1	16834.1	1e+20	3.13351e+15	12.4067	39.026	45.6485	80.7978	86.6967	93.9027	
 26000	-76536.1	-1211.97	-29784.2	-7695.3	0.0584491	1	0.203825	9.81234	2.2111	0.0138204	19.6038	0.353146	2011	99	267	-33958.9	36.9679f	77.4019	4	1	1	0.0693069	0.0891089	0.019802	0.009901	0	0	0	0	0.9	0.930348	0.29064	0.62069	0.840796	9.90099e-09	0.207921	9.90099e-09	1	0.0837438	0.192029	1.5	0.666667	1.5	1	1	16834.1	1e+20	3.13351e+15	98.7257	64.1774	45.6485	80.7978	36.9679	77.4019	
 27000	-77297	-1211.97	-30545	-7842.96	0.0584491	1	0.20417	9.79578	2.21484	0.0109318	19.6038	0.351955	2063	99	278	-33958.9	64.2456f	72.9555	4	1	1	0.029703	0.0990099	0.019802	0.009901	0	0	0	0	0.936364	0.965854	0.276699	0.461538	0.846535	9.90099e-09	0.207921	9.90099e-09	1	0.115942	0.23166	1.5	0.666667	1.5	1	1	16834.1	1e+20	3.13351e+15	98.7257	64.1774	71.9205	90.6882	64.2456	72.9555	
 28000	-76868.7	-1211.97	-30116.8	-7762.9	0.0593973	1	0.199606	10.0198	2.20045	0.0381035	19.6038	0.362356	2035	99	270	-33958.9	83.9637f	87.7689	4	1	1	0.029703	0.0990099	0.019802	0.009901	0	0	0	0	0.9	0.975369	0.315271	0.447368	0.827586	9.90099e-09	0.207921	9.90099e-09	1	0.143564	0.214815	1.5	0.666667	1.5	1	1	16834.1	1e+20	3.13351e+15	97.4667	55.5976	71.9205	90.6882	83.9637	87.7689	
 29000	-78092.2	-1211.97	-31340.2	-7963.37	0.0593973	1	0.221626	9.02423	2.4432	0.0358678	19.6038	0.293928	2106	99	311	-33958.9	40.7319f	98.3106	4	1	1	0.029703	0.0990099	0.019802	0.009901	0	0	0	0	0.927273	0.947867	0.316038	0.528926	0.85782	9.90099e-09	0.207921	9.90099e-09	1	0.109005	0.205047	1.5	0.666667	1.5	1	1	16834.1	1e+20	3.13351e+15	97.4667	55.5976	71.9205	90.6882	40.7319	98.3106	
 30000	-77569.4	-1211.97	-30817.4	-7774.2	0.0593973	1	0.278476	7.18194	3.06992	0.0255542	19.6038	0.186168	2039	99	339	-33958.9	68.5788f	87.1397	4	1	1	0.029703	0.0990099	0.019802	0.009901	0	0	0	0	0.918182	0.955882	0.182266	0.504673	0.838235	9.90099e-09	0.207921	9.90099e-09	1	0.147059	0.16035	1.5	0.666667	1.5	1	1	16834.1	1e+20	3.13351e+15	97.4667	55.5976	86.1962	86.8681	68.5788	87.1397	
 31000	-78956.2	-1211.97	-32204.2	-8127.7	0.0604343	1	0.253092	7.90225	2.79931	0.0165874	19.5353	0.224641	2165	99	323	-33958.9	80.7053f	63.1957	4	1	1	0.029703	0.0990099	0.019802	0.009901	0	0	0	0	0.918182	0.959276	0.262673	0.530303	0.811659	9.90099e-09	0.207921	9.90099e-09	1	0.156682	0.18038	1.5	0.666667	1.5	1	1	16834.1	1e+20	3.13351e+15	97.4667	55.5976	73.6056	90.6612	80.7053	63.1957	
 32000	-80179.5	-1211.97	-33427.6	-8313.82	0.0647011	1	0.263607	7.58704	3.12146	0.0208109	19.5353	0.193422	2234	99	362	-33958.9	80.8503f	71.2706	4	1	1	0.029703	0.138614	0.019802	0.009901	0	0	0	0	0.890909	0.933036	0.26009	0.552381	0.785714	9.90099e-09	0.118812	9.90099e-09	1	0.125561	0.197101	1.5	0.666667	1.5	1	1	16834.1	1e+20	3.13351e+15	97.4667	55.5976	73.6056	90.6612	80.8503	71.2706	
 33000	-80537.9	-1211.97	-33785.9	-8456.19	0.0647011	1	0.239435	8.35301	2.81069	0.000600073	19.4929	0.236494	2286	99	334	-33958.9	45.2453f	50.8479	4	1	1	0.049505	0.138614	0.019802	0.009901	0	0	0	0	0.863636	0.956332	0.235808	0.485149	0.818584	9.90099e-09	0.118812	9.90099e-09	1	0.131004	0.195266	1.5	0.666667	1.5	1	1	16834.1	1e+20	3.13351e+15	97.4667	55.5976	73.6056	90.6612	45.2453	50.8479	
 34000	-80318.3	-1211.97	-33566.4	-8386.86	0.0661866	1	0.239435	8.35301	3.12214	0.0118865	19.8985	0.212903	2261	99	341	-33958.9	22.4123f	54.9302	4	1	1	0.049505	0.138614	0.019802	0.009901	0	0	0	0	0.890909	0.903084	0.193833	0.617647	0.831858	9.90099e-09	0.118812	9.90099e-09	1	0.136564	0.202312	1.5	0.666667	1.5	1	1	16834.1	1e+20	3.13351e+15	97.4667	55.5976	73.6056	90.6612	22.4123	54.9302	
 35000	-79569.6	-1211.97	-32817.6	-8259	0.065346	1	0.221591	9.02562	2.85277	0.0289171	19.8985	0.251768	2214	99	324	-33958.9	84.668f	77.4576	4	1	1	0.049505	0.138614	0.019802	0.009901	0	0	0	0	0.9	0.941704	0.225225	0.462264	0.834081	9.90099e-09	0.118812	9.90099e-09	1	0.146667	0.169753	1.5	0.666667	1.5	1	1	16834.1	1e+20	3.13351e+15	97.4667	55.5976	73.6056	90.6612	84.668	77.4576	
 36000	-81006.3	-1211.97	-34254.4	-8534.43	0.0710002	1	0.210787	9.48826	2.94848	0.0336038	19.8985	0.256081	2315	99	340	-33958.9	93.1171f	70.4067	4	1	1	0.049505	0.138614	0.039604	0.009901	0	0	0	0	0.872727	0.952174	0.277056	0.5	0.817391	9.90099e-09	0.118812	9.90099e-09	1	0.151515	0.185759	1.5	0.666667	1.5	1	1	16834.1	1e+20	3.13351e+15	36.2932	97.3945	73.6056	90.6612	93.1171	70.4067	
 37000	-82452	-1211.97	-35700	-8854.48	0.0710002	1	0.213626	9.36215	3.04084	0.00487988	19.9856	0.245003	2436	99	345	-33958.9	57.1984f	66.2884	4	1	1	0.049505	0.138614	0.039604	0.009901	0	0	0	0	0.863636	0.909091	0.240816	0.568182	0.860656	9.90099e-09	0.0990099	9.90099e-09	1	0.146939	0.18314	1.5	0.666667	1.5	1	1	16834.1	1e+20	3.13351e+15	36.2932	97.3945	73.6056	90.6612	57.1984	66.2884	
 38000	-82296.6	-1211.97	-35544.6	-8873.71	0.069979	1	0.204112	9.79852	2.86363	0.0319774	19.9856	0.272291	2443	99	326	-33958.9	95.344f	60.4402	4	1	1	0.049505	0.138614	0.039604	9.90099e-09	0	0	0	0	0.936364	0.939271	0.279352	0.480916	0.844898	9.90099e-09	0.0990099	9.90099e-09	1	0.118367	0.190184	1.5	0.666667	1.5	1	1	16834.1	1e+20	3.13351e+15	44.4086	94.1738	73.6056	90.6612	95.344	60.4402	
 39000	-82158.6	-1211.97	-35406.7	-8849.78	0.069979	1	0.20644	9.68806	2.89628	0.0393565	19.9856	0.266187	2434	99	320	-33958.9	95.5061f	25.6293	4	1	1	0.049505	0.0792079	0.039604	9.90099e-09	0	0	0	0	0.881818	0.955102	0.29918	0.469231	0.82716	9.90099e-09	0.0990099	9.90099e-09	1	0.118367	0.164516	1.5	0.666667	1.5	1	1	16834.1	1e+20	3.13351e+15	44.4086	94.1738	75.0658	69.9402	95.5061	25.6293	
 40000	-82988.9	-1211.97	-36236.9	-9051.09	0.0728607	1	0.205227	9.74533	2.81591	0.0152872	19.6753	0.275403	2511	99	313	-33958.9	73.9088f	71.3536	4	1	1	0.049505	0.0792079	0.039604	9.90099e-09	0	0	0	0	0.918182	0.964143	0.223108	0.643564	0.888889	9.90099e-09	0.0990099	9.90099e-09	1	0.103175	0.187097	1.5	0.666667	1.5	1	1	16834.1	1e+20	3.13351e+15	44.4086	94.1738	75.0658	69.9402	73.9088	71.3536	
 41000	-84197.7	-1211.97	-37445.7	-9245.94	0.0741705	1	0.242039	8.26314	3.37794	0.0329073	19.6712	0.194663	2586	99	343	-33958.9	78.7016f	87.4465	4	1	1	0.049505	0.0792079	0.039604	9.90099e-09	0	0	0	0	0.927273	0.94186	0.250965	0.507576	0.841699	9.90099e-09	0.0990099	9.90099e-09	1	0.146718	0.152905	1.5	0.666667	1.5	1	1	16834.1	1e+20	3.13351e+15	44.4086	94.1738	75.0658	69.9402	78.7016	87.4465	
 42000	-85591.8	-1211.97	-38839.8	-9465.09	0.0788197	1	0.232361	8.60731	3.66464	0.0490066	19.9759	0.186907	2672	99	379	-33958.9	85.7078f	95.2347	4	1	1	0.049505	0.0792079	0.039604	9.90099e-09	0	0	0	0	0.927273	0.951128	0.29588	0.559633	0.864662	9.90099e-09	0.0792079	9.90099e-09	1	0.135338	0.158311	1.5	0.666667	1.5	1	1	16834.1	1e+20	3.13351e+15	41.0727	96.9231	75.0658	69.9402	85.7078	95.2347	
 43000	-87117.9	-1211.97	-40366	-9802.99	0.0788197	1	0.250862	7.97252	3.63148	0.0237078	19.5524	0.174704	2805	99	378	-33958.9	89.9626f	47.8207	4	1	1	0.049505	0.0792079	0.0693069	9.90099e-09	0	0	0	0	0.927273	0.946809	0.226148	0.468468	0.850534	9.90099e-09	0.0792079	9.90099e-09	1	0.135231	0.168044	1.5	0.666667	1.5	1	1	16834.1	1e+20	3.13351e+15	41.0727	96.9231	75.0658	69.9402	89.9626	47.8207	
 44000	-89735.4	-1211.97	-42983.4	-10284.7	0.0873284	1	0.260701	7.67161	4.1751	0.0472548	19.5452	0.146221	3002	99	403	-33958.9	90.944f	89.0721	4	1	1	0.049505	0.0792079	0.0693069	9.90099e-09	0	0	0	0	0.9	0.94	0.229236	0.5	0.843333	9.90099e-09	0.0792079	9.90099e-09	1	0.173333	0.180451	1.5	0.666667	1.5	1	1	16834.1	1e+20	3.13351e+15	41.0727	96.9231	97.9626	59.3574	90.944	89.0721	
 45000	-90463.2	-1211.97	-43711.2	-10355.4	0.0873284	1	0.249814	8.00595	4.00074	0.00559568	19.5452	0.159244	3031	99	441	-33958.9	68.6406f	54.4821	4	1	1	0.049505	0.108911	0.0693069	9.90099e-09	0	0	0	0	0.890909	0.9375	0.222951	0.5	0.847682	9.90099e-09	0.0792079	9.90099e-09	1	0.128289	0.153846	1.5	0.666667	1.5	1	1	16834.1	1e+20	3.13351e+15	41.0727	96.9231	97.9626	59.3574	68.6406	54.4821	
 46000	-90285	-1211.97	-43533	-10337.8	0.0893277	1	0.249814	8.00595	3.89576	0.0305745	19.3061	0.163535	3024	99	430	-33958.9	95.3332f	53.7934	4	1	1	0.039604	0.108911	0.0693069	9.90099e-09	0	0	0	0	0.845455	0.924342	0.22549	0.492188	0.834983	9.90099e-09	0.0792079	9.90099e-09	1	0.141447	0.183962	1.5	0.666667	1.5	1	1	16834.1	1e+20	3.13351e+15	41.0727	96.9231	97.9626	59.3574	95.3332	53.7934	
 47000	-90435.4	-1211.97	-43683.4	-10388.5	0.0893277	1	0.248366	8.05262	3.87318	0.0658154	19.3061	0.165447	3045	99	421	-33958.9	95.8877f	98.5736	4	1	1	0.039604	0.108911	0.0693069	9.90099e-09	0	0	0	0	0.863636	0.930693	0.239344	0.534884	0.818182	9.90099e-09	0.0792079	9.90099e-09	1	0.140523	0.215596	1.5	0.666667	1.5	1	1	16834.1	1e+20	3.13351e+15	41.0727	96.9231	97.9626	59.3574	95.8877	98.5736	
 48000	-92629.3	-1211.97	-45877.3	-10784.6	0.0934546	1	0.231672	8.63289	3.77976	0.039934	19.3061	0.181753	3211	99	446	-33958.9	99.864f	64.8379	4	1	1	0.039604	0.108911	0.0693069	9.90099e-09	0	0	0	0	0.881818	0.921875	0.22956	0.419118	0.834375	9.90099e-09	0.0792079	9.90099e-09	1	0.145963	0.192825	1.5	0.666667	1.5	1	1	16834.1	1e+20	3.13351e+15	3.66858	52.9053	97.9626	59.3574	99.864	64.8379	
 49000	-93337	-1211.97	-46585	-10927.8	0.0954622	1	0.272347	7.34359	4.55407	0.0300174	19.3223	0.128321	3272	99	444	-33958.9	91.3821f	67.8602	4	1	1	0.039604	0.108911	0.0693069	9.90099e-09	0	0	0	0	0.890909	0.927052	0.260736	0.485714	0.844512	9.90099e-09	0.0792079	9.90099e-09	1	0.140673	0.198745	1.5	0.666667	1.5	1	1	16834.1	1e+20	3.13351e+15	3.66858	52.9053	92.0497	25.9366	91.3821	67.8602	
 50000	-95270.6	-1211.97	-48518.6	-11252.3	0.100966	1	0.272347	7.34359	4.25252	0.026017	18.7299	0.137421	3412	99	483	-33958.9	91.8227f	46.8697	4	1	1	0.039604	0.108911	0.0594059	9.90099e-09	0	0	0	0	0.927273	0.920588	0.219941	0.489209	0.823529	9.90099e-09	0.0792079	9.90099e-09	1	0.170588	0.167028	1.5	0.666667	1.5	1	1	16834.1	1e+20	3.13351e+15	3.66858	52.9053	92.0497	25.9366	91.8227	46.8697	
 51000	-96235.2	-1211.97	-49483.2	-11444.3	0.10253	1	0.254091	7.87118	4.5457	0.0309924	19.3035	0.137794	3496	99	480	-33958.9	85.2343f	20.7956	4	1	1	0.039604	0.0594059	0.0594059	0.009901	0	0	0	0	0.927273	0.945402	0.205714	0.542857	0.806268	9.90099e-09	0.0792079	9.90099e-09	1	0.177143	0.163043	1.5	0.666667	1.5	1	1	16834.1	1e+20	3.13351e+15	3.66858	52.9053	92.0497	25.9366	85.2343	20.7956	
 52000	-98845.3	-1211.97	-52093.3	-11931.6	0.107413	1	0.24598	8.13073	5.0524	0.0320242	19.7507	0.128063	3713	99	483	-33958.9	87.2986f	22.1841	4	1	1	0.039604	0.0594059	0.0594059	0.009901	0	0	0	0	0.954545	0.945946	0.276882	0.534247	0.822102	9.90099e-09	0.0792079	9.90099e-09	1	0.123656	0.182195	1.5	0.666667	1.5	1	1	16834.1	1e+20	3.13351e+15	3.66858	52.9053	92.0497	25.9366	87.2986	22.1841	
 53000	-100109	-1211.97	-53357.5	-12087.8	0.107413	1	0.24598	8.13073	5.0524	0.00336398	19.7507	0.128063	3783	99	521	-33958.9	59.4591f	38.8669	4	1	1	0.039604	0.0594059	0.0594059	0.009901	0	0	0	0	0.9	0.933333	0.291005	0.538462	0.855228	9.90099e-09	0.0792079	9.90099e-09	1	0.171504	0.187621	1.5	0.666667	1.5	1	1	16834.1	1e+20	3.13351e+15	3.66858	52.9053	92.0497	25.9366	59.4591	38.8669	
 54000	-98504.3	-1211.97	-51752.3	-11951.7	0.107413	1	0.211523	9.45526	4.29194	0.019413	19.6905	0.175311	3722	99	433	-33958.9	85.7258f	44.2809	4	1	1	0.039604	0.0594059	0.0594059	0.009901	0	0	0	0	0.890909	0.94385	0.28382	0.58	0.830239	9.90099e-09	0.0594059	9.90099e-09	1	0.136729	0.171111	1.5	0.666667	1.5	1	1	16834.1	1e+20	3.13351e+15	3.66858	52.9053	92.0497	25.9366	85.7258	44.2809	
 55000	-101364	-1211.97	-54611.6	-12473.6	0.113221	1	0.201356	9.93265	4.19499	0.0322138	19.5617	0.188419	3961	99	451	-33958.9	94.5892f	63.8896	4	1	1	0.039604	0.0594059	0.0594059	0.009901	0	0	0	0	0.9	0.949622	0.2711	0.507246	0.853904	9.90099e-09	0.0594059	9.90099e-09	1	0.133501	0.19256	1.5	0.666667	1.5	1	1	16834.1	1e+20	3.13351e+15	28.3687	94.9671	92.0497	25.9366	94.5892	63.8896	
 56000	-101433	-1211.97	-54681.2	-12524.2	0.114831	1	0.210935	9.48161	4.39654	0.0334569	19.495	0.171617	3985	99	424	-33958.9	90.3406f	24.7892	4	1	1	0.039604	0.0594059	0.049505	0.009901	0	0	0	0	0.827273	0.957179	0.256281	0.549618	0.882206	9.90099e-09	0.0594059	9.90099e-09	1	0.130326	0.216981	1.5	0.666667	1.5	1	1	16834.1	1e+20	3.13351e+15	71.5706	98.7163	92.0497	25.9366	90.3406	24.7892	
 57000	-101532	-1211.97	-54780.1	-12517.8	0.114831	1	0.191433	10.4475	4.24569	0.0220434	19.8	0.19582	3982	99	437	-33958.9	78.4999f	24.0562	4	1	1	0.039604	0.0594059	0.049505	0.009901	0	0	0	0	0.890909	0.952261	0.254408	0.507246	0.846734	9.90099e-09	0.0594059	9.90099e-09	1	0.128463	0.188209	1.5	0.666667	1.5	1	1	16834.1	1e+20	3.13351e+15	71.5706	98.7163	85.2635	8.44915	78.4999	24.0562	
 58000	-101702	-1211.97	-54949.7	-12608.7	0.114831	1	0.203755	9.81572	4.29802	0.0496877	19.5534	0.181737	4024	99	416	-33958.9	91.7971f	9.77626	4	1	1	0.039604	0.138614	0.049505	0.009901	0	0	0	0	0.9	0.948403	0.246944	0.528571	0.892157	9.90099e-09	0.0594059	9.90099e-09	1	0.115196	0.167059	1.5	0.666667	1.5	1	1	16834.1	1e+20	3.13351e+15	71.5706	98.7163	88.5097	24.687	91.7971	9.77626	
 59000	-102960	-1211.97	-56208	-12759.6	0.115182	1	0.203755	9.81572	4.31119	0.00384524	19.5534	0.181182	4094	99	454	-33958.9	59.7918f	37.7425	4	1	1	0.039604	0.138614	0.049505	0.009901	0	0	0	0	0.890909	0.968523	0.223844	0.472222	0.885645	9.90099e-09	0.0594059	9.90099e-09	1	0.121655	0.175705	1.5	0.666667	1.5	1	1	16834.1	1e+20	3.13351e+15	71.5706	98.7163	88.5097	24.687	59.7918	37.7425	
 60000	-102874	-1211.97	-56122.3	-12681.8	0.115182	1	0.214892	9.30698	4.57501	0.0239247	19.5837	0.161885	4058	99	484	-33958.9	78.6003f	21.8036	4	1	1	0.039604	0.138614	0.049505	0.009901	0	0	0	0	0.927273	0.962963	0.277228	0.546099	0.866337	9.90099e-09	0.118812	9.90099e-09	1	0.137931	0.186404	1.5	0.666667	1.5	1	1	16834.1	1e+20	3.13351e+15	28.9767	93.282	88.5097	24.687	78.6003	21.8036	
 61000	-102762	-1211.97	-56009.6	-12616.9	0.115182	1	0.215363	9.28666	4.58502	0.0262876	19.5837	0.161179	4028	99	506	-33958.9	72.978f	14.729	4	1	1	0.039604	0.138614	0.049505	0.009901	0	0	0	0	0.927273	0.945	0.30198	0.465347	0.839109	0.019802	0.118812	9.90099e-09	1	0.151365	0.19877	1.5	0.666667	1.5	1	1	16834.1	1e+20	3.13351e+15	28.9767	93.282	88.5097	24.687	72.978	14.729	
 62000	-101930	-1211.97	-55177.9	-12538.9	0.115589	1	0.196391	10.1837	4.19588	0.0323138	19.5837	0.193141	3992	99	461	-33958.9	78.0076f	87.4318	4	1	1	0.039604	0.138614	0.039604	0.009901	0	0	0	0	0.863636	0.964824	0.231156	0.514085	0.846348	0.019802	0.118812	9.90099e-09	1	0.123116	0.208145	1.5	0.666667	1.5	1	1	16834.1	1e+20	3.13351e+15	28.9767	93.282	89.9751	43.0009	78.0076	87.4318	
 63000	-101079	-1211.97	-54327.4	-12428.8	0.115589	1	0.196391	10.1837	4.19588	0.0120081	19.5837	0.193141	3941	99	445	-33958.9	77.157f	41.8297	4	1	1	0.039604	0.138614	0.039604	0.009901	0	0	0	0	0.909091	0.964557	0.225316	0.514493	0.849105	0.019802	0.118812	9.90099e-09	1	0.113636	0.177632	1.5	0.666667	1.5	1	1	16834.1	1e+20	3.13351e+15	28.9767	93.282	89.9751	43.0009	77.157	41.8297	
 64000	-101511	-1211.97	-54758.6	-12530	0.118691	1	0.201108	9.94492	4.41195	0.0300892	19.5837	0.179374	3988	99	433	-33958.9	95.1199f	49.3031	4	1	1	0.039604	0.0891089	0.039604	0.019802	0	0	0	0	0.872727	0.965	0.26817	0.532847	0.885	0.019802	0.118812	9.90099e-09	1	0.11	0.19426	1.5	0.666667	1.5	1	1	16834.1	1e+20	3.13351e+15	28.9767	93.282	89.9751	43.0009	95.1199	49.3031	
 65000	-103353	-1211.97	-56600.7	-12738.8	0.118691	1	0.190775	10.4836	4.49997	0.0233564	19.9419	0.185392	4086	99	493	-33958.9	89.3895f	55.1537	4	1	1	0.029703	0.0891089	0.039604	0.019802	0	0	0	0	0.836364	0.970874	0.234867	0.578431	0.88835	0.019802	0.118812	9.90099e-09	1	0.117359	0.198347	1.5	0.666667	1.5	1	1	16834.1	1e+20	3.13351e+15	52.9241	92.4278	89.9751	43.0009	89.3895	55.1537	
 66000	-102776	-1211.97	-56024	-12709	0.118691	1	0.199898	10.0051	4.71518	0.0232507	19.9419	0.168854	4072	99	461	-33958.9	85.8926f	33.2383	4	1	1	0.029703	0.0891089	0.039604	0.019802	0	0	0	0	0.881818	0.944039	0.211679	0.561644	0.875912	0.019802	0.118812	9.90099e-09	1	0.134804	0.169492	1.5	0.666667	1.5	1	1	16834.1	1e+20	3.13351e+15	52.9241	92.4278	89.9751	43.0009	85.8926	33.2383	
 67000	-102865	-1211.97	-56112.7	-12724.1	0.124453	1	0.191836	10.4256	4.74469	0.0227978	19.9419	0.174857	4078	99	456	-33958.9	83.8306f	69.8787	4	1	1	0.029703	0.0891089	0.039604	0.019802	0	0	0	0	0.845455	0.96088	0.264059	0.517241	0.885645	0.019802	0.0891089	9.90099e-09	1	0.136919	0.229545	1.5	0.666667	1.5	1	1	16834.1	1e+20	3.13351e+15	52.9241	92.4278	99.2478	43.3862	83.8306	69.8787	
 68000	-103829	-1211.97	-57077.5	-12873.5	0.121736	1	0.197928	10.1047	4.78846	0.0374103	19.9419	0.167926	4150	99	468	-33958.9	80.0322f	9.66703	4	1	1	0.029703	0.0891089	0.019802	0.019802	0	0	0	0	0.872727	0.959233	0.251799	0.535211	0.8753	0.019802	0.0891089	9.90099e-09	1	0.100962	0.192719	1.5	0.666667	1.5	1	1	16834.1	1e+20	3.13351e+15	52.9241	92.4278	99.2478	43.3862	80.0322	9.66703	
 69000	-104966	-1211.97	-58213.9	-13084.6	0.125347	1	0.197928	10.1047	4.41521	0.0356485	19.399	0.182122	4251	99	470	-33958.9	99.1212f	51.3732	4	1	1	0.029703	0.0891089	0.019802	0.019802	0	0	0	0	0.890909	0.962441	0.259346	0.513889	0.899061	0.019802	0.0891089	9.90099e-09	1	0.122066	0.204255	1.5	0.666667	1.5	1	1	16834.1	1e+20	3.13351e+15	52.9241	92.4278	99.2478	43.3862	99.1212	51.3732	
 70000	-105350	-1211.97	-58598.4	-13223.6	0.125529	1	0.178824	11.1842	4.40369	0.0370799	19.8774	0.202105	4318	99	438	-33958.9	96.108f	30.3913	4	1	1	0.029703	0.0594059	0.019802	0.019802	0	0	0	0	0.890909	0.972093	0.290023	0.473684	0.888889	0.019802	0.0891089	9.90099e-09	1	0.122685	0.148837	1.5	0.666667	1.5	1	1	16834.1	1e+20	3.13351e+15	52.9241	92.4278	99.2478	43.3862	96.108	30.3913	
 71000	-106730	-1211.97	-59977.9	-13432.4	0.129962	1	0.175136	11.4197	4.46519	0.0203624	19.8774	0.203519	4420	99	460	-33958.9	73.4676f	21.377	4	1	1	0.049505	0.0594059	0.019802	0.019802	0	0	0	0	0.909091	0.945824	0.239278	0.518519	0.893905	0.019802	0.0891089	9.90099e-09	1	0.133183	0.18578	1.5	0.666667	1.5	1	1	16834.1	1e+20	3.13351e+15	52.9241	92.4278	99.2478	43.3862	73.4676	21.377	
 72000	-107724	-1211.97	-60972.4	-13551	0.127322	1	0.172866	11.5697	4.31776	0.0414034	19.8774	0.213232	4477	99	484	-33958.9	74.4834f	3.10626	4	1	1	0.049505	0.0594059	0.019802	0.019802	0	0	0	0	0.890909	0.96	0.284753	0.541667	0.866817	0.019802	0.0891089	9.90099e-09	1	0.124444	0.201271	1.5	0.666667	1.5	1	1	16834.1	1e+20	3.13351e+15	52.9241	92.4278	99.2478	43.3862	74.4834	3.10626	
 73000	-107809	-1211.97	-61057.3	-13588.9	0.131575	1	0.172866	11.5697	4.46201	0.0246687	19.8774	0.206339	4497	99	478	-33958.9	88.6617f	36.9026	4	1	1	0.049505	0.0594059	0.019802	0.019802	0	0	0	0	0.872727	0.968889	0.247216	0.530612	0.884701	0.019802	0.108911	9.90099e-09	1	0.0844444	0.195426	1.5	0.666667	1.5	1	1	16834.1	1e+20	3.13351e+15	52.9241	92.4278	99.2478	43.3862	88.6617	36.9026	
 74000	-107943	-1211.97	-61190.9	-13627.4	0.131575	1	0.166077	12.0426	4.3929	0.00253716	19.9993	0.218152	4516	99	467	-33958.9	62.5579f	50.8536	4	1	1	0.049505	0.0594059	0.029703	0.019802	0	0	0	0	0.9	0.95302	0.290466	0.609023	0.856502	0.019802	0.108911	9.90099e-09	1	0.0935412	0.200477	1.5	0.666667	1.5	1	1	16834.1	1e+20	3.13351e+15	52.9241	92.4278	99.2478	43.3862	62.5579	50.8536	
 75000	-105277	-1211.97	-58525	-13292.7	0.131575	1	0.146281	13.6723	3.86928	0.0262709	19.9993	0.281191	4351	99	396	-33958.9	90.5941f	61.3437	4	1	1	0.049505	0.0594059	0.029703	0.019802	0	0	0	0	0.872727	0.967963	0.254587	0.451613	0.887615	0.019802	0.108911	9.90099e-09	1	0.169725	0.22276	1.5	0.666667	1.5	1	1	16834.1	1e+20	3.13351e+15	52.9241	92.4278	99.2478	43.3862	90.5941	61.3437	
 76000	-106376	-1211.97	-59624.4	-13373.2	0.129423	1	0.156572	12.7737	4.07374	0.0443358	19.9993	0.249525	4391	99	452	-33958.9	95.8007f	19.9164	4	1	1	0.049505	0.0594059	0.029703	0.019802	0	0	0	0	0.863636	0.956916	0.267574	0.540146	0.888889	0.019802	0.108911	9.90099e-09	1	0.119639	0.216814	1.5	0.666667	1.5	1	1	16834.1	1e+20	3.13351e+15	58.836	96.671	99.2478	43.3862	95.8007	19.9164	
 77000	-106999	-1211.97	-60246.8	-13497.6	0.130729	1	0.156572	12.7737	4.11485	0.0053434	19.9993	0.247032	4452	99	446	-33958.9	68.6891f	50.9993	4	1	1	0.049505	0.0594059	0.029703	0.009901	0	0	0	0	0.836364	0.96875	0.246637	0.520833	0.890135	0.019802	0.108911	9.90099e-09	1	0.103139	0.197309	1.5	0.666667	1.5	1	1	16834.1	1e+20	3.13351e+15	41.0205	89.4377	99.2478	43.3862	68.6891	50.9993	
 78000	-105943	-1211.97	-59190.8	-13340.9	0.130729	1	0.161859	12.3564	4.25382	0.0186027	19.9993	0.231155	4375	99	429	-33958.9	76.3663f	73.6266	4	1	1	0.049505	0.0792079	0.029703	0.009901	0	0	0	0	0.918182	0.967742	0.270642	0.548148	0.883562	0.019802	0.108911	9.90099e-09	1	0.110599	0.18578	1.5	0.666667	1.5	1	1	16834.1	1e+20	3.13351e+15	41.0205	89.4377	99.2478	43.3862	76.3663	73.6266	
 79000	-105926	-1211.97	-59174.3	-13355.3	0.131079	1	0.161859	12.3564	4.26521	0.0132521	19.9993	0.230538	4382	99	422	-33958.9	79.827f	49.9438	4	1	1	0.049505	0.0792079	0.029703	0.009901	0	0	0	0	0.9	0.972665	0.275626	0.546875	0.881549	0.019802	0.108911	9.90099e-09	1	0.109339	0.196682	1.5	0.666667	1.5	1	1	16834.1	1e+20	3.13351e+15	41.0205	89.4377	99.2478	43.3862	79.827	49.9438	
 80000	-108135	-1211.97	-61382.8	-13667.7	0.13493	1	0.161859	12.3564	4.39052	0.0132521	19.9993	0.223958	4536	99	461	-33958.9	79.827f	49.9438	4	1	1	0.049505	0.0792079	0.029703	0.009901	0	0	0	0	0.854545	0.965066	0.239651	0.492647	0.879913	0.019802	0.0891089	9.90099e-09	1	0.157205	0.2	1.5	0.666667	1.5	1	1	16834.1	1e+20	3.13351e+15	41.0205	89.4377	71.3741	50.0173	79.827	49.9438	
 81000	-109079	-1211.97	-62326.7	-13823.9	0.13493	1	0.160841	12.4347	4.36289	0.037452	19.9993	0.226804	4614	99	465	-33958.9	90.3756f	80.1091	4	1	1	0.049505	0.0792079	9.90099e-09	0.009901	0	0	0	0	0.845455	0.969499	0.244009	0.482759	0.869565	0.019802	0.0891089	9.90099e-09	1	0.114719	0.189956	1.5	0.666667	1.5	1	1	16834.1	1e+20	3.13351e+15	41.0205	89.4377	71.3741	50.0173	90.3756	80.1091	
 82000	-109156	-1211.97	-62404.2	-13845.9	0.13493	1	0.166251	12.03	4.41327	0.00769229	19.8916	0.216918	4625	99	463	-33958.9	57.195f	28.6761	4	1	1	0.049505	0.0792079	9.90099e-09	0.009901	0	0	0	0	0.918182	0.943844	0.257081	0.606061	0.87041	0.019802	0.0891089	9.90099e-09	1	0.112311	0.176856	1.5	0.666667	1.5	1	1	16834.1	1e+20	3.13351e+15	41.0205	89.4377	27.112	19.0417	57.195	28.6761	
 83000	-108187	-1211.97	-61435.3	-13796.4	0.137649	1	0.149429	13.3843	4.04663	0.0382822	19.8916	0.263204	4600	99	400	-33958.9	16.5277f	11.8604	4	1	1	0.039604	0.0792079	9.90099e-09	0.009901	0	0	0	0	0.836364	0.952174	0.273319	0.480916	0.89154	0.019802	0.0891089	9.90099e-09	1	0.119306	0.2	1.5	0.666667	1.5	1	1	16834.1	1e+20	3.13351e+15	41.0205	89.4377	27.112	19.0417	16.5277	11.8604	
 84000	-110565	-1211.97	-63813.4	-14187.6	0.142537	1	0.158553	12.6141	3.66302	0.0142262	18.951	0.274036	4798	99	417	-33958.9	57.5451f	20.1168	4	1	1	0.039604	0.0594059	9.90099e-09	0.009901	0	0	0	0	0.9	0.958333	0.241667	0.5	0.904167	0.019802	0.0891089	9.90099e-09	1	0.111579	0.208738	1.5	0.666667	1.5	1	1	16834.1	1e+20	3.13351e+15	41.0205	89.4377	44.7041	37.4161	57.5451	20.1168	
 85000	-110456	-1211.97	-63704.3	-14193.5	0.142537	1	0.156742	12.7598	3.4808	0.00183196	18.7646	0.291713	4801	99	409	-33958.9	39.7412f	49.2555	4	1	1	0.039604	0.0594059	9.90099e-09	0.009901	0	0	0	0	0.854545	0.973029	0.241667	0.55303	0.892116	0.019802	0.0891089	9.90099e-09	1	0.10559	0.183771	1.5	0.666667	1.5	1	1	16834.1	1e+20	3.13351e+15	76.6187	76.4251	44.7041	37.4161	39.7412	49.2555	
 86000	-111962	-1211.97	-65210.2	-14409.3	0.143696	1	0.156945	12.7433	3.77291	0.0269818	19.1016	0.26878	4912	99	430	-33958.9	58.0858f	8.16134	4	1	1	0.039604	0.0594059	9.90099e-09	0.009901	0	0	0	0	0.881818	0.971602	0.255578	0.553846	0.899396	0.009901	0.128713	9.90099e-09	1	0.0833333	0.191686	1.5	0.666667	1.5	1	1	16834.1	1e+20	3.13351e+15	76.6187	76.4251	44.7041	37.4161	58.0858	8.16134	
 87000	-111685	-1211.97	-64933	-14318.1	0.143696	1	0.156306	12.7954	4.24782	0.00650542	19.6963	0.239705	4865	99	452	-33958.9	31.6314f	59.197	4	1	1	0.039604	0.0594059	0.0891089	0.009901	0	0	0	0	0.945455	0.975359	0.245902	0.56391	0.856263	0.009901	0.128713	9.90099e-09	1	0.117043	0.19222	1.5	0.666667	1.5	1	1	16834.1	1e+20	3.13351e+15	76.6187	76.4251	44.7041	37.4161	31.6314	59.197	
 88000	-113060	-1211.97	-66307.8	-14444.5	0.143052	1	0.17858	11.1994	4.83576	0.00340305	19.7007	0.184298	4930	99	507	-33958.9	37.7031f	57.8262	4	1	1	0.039604	0.0594059	0.0891089	0.009901	0	0	0	0	0.872727	0.979798	0.263692	0.541096	0.90303	0.009901	0.128713	9.90099e-09	1	0.11359	0.202991	1.5	0.666667	1.5	1	1	16834.1	1e+20	3.13351e+15	21.3171	2.96052	44.7041	37.4161	37.7031	57.8262	
 89000	-113016	-1211.97	-66264.3	-14502.8	0.143052	1	0.177586	11.2622	4.56442	0.00124579	19.4455	0.196348	4960	99	476	-33958.9	43.7327f	55.2715	4	1	1	0.029703	0.0990099	0.0891089	0.009901	0	0	0	0	0.890909	0.975806	0.251521	0.47619	0.873469	0.009901	0.128713	9.90099e-09	1	0.0985916	0.212185	1.5	0.666667	1.5	1	1	16834.1	1e+20	3.13351e+15	28.5311	91.4803	44.7041	37.4161	43.7327	55.2715	
 90000	-113678	-1211.97	-66925.6	-14491.2	0.143052	1	0.182158	10.9795	4.35734	0.00160671	19.0993	0.200516	4954	99	544	-33958.9	48.7789f	40.4885	4	1	1	0.029703	0.0990099	0.0891089	0.009901	0	0	0	0	0.909091	0.95935	0.240404	0.466019	0.878296	0.009901	0.128713	9.90099e-09	1	0.123984	0.161479	1.5	0.666667	1.5	1	1	16834.1	1e+20	3.13351e+15	28.5311	91.4803	44.7041	37.4161	48.7789	40.4885	
 91000	-112269	-1211.97	-65517.2	-14368.7	0.143052	1	0.171128	11.6872	4.09348	0.00160671	19.0993	0.2272	4891	99	482	-33958.9	48.7789f	40.4885	4	1	1	0.029703	0.0990099	0.0891089	9.90099e-09	0	0	0	0	0.872727	0.955102	0.267347	0.496599	0.874239	0.009901	0.128713	9.90099e-09	1	0.132653	0.184524	1.5	0.666667	1.5	1	1	16834.1	1e+20	3.13351e+15	28.5311	91.4803	44.7041	37.4161	48.7789	40.4885	
 92000	-114800	-1211.97	-68047.6	-14788.4	0.146044	1	0.191475	10.4452	4.54833	0.0310078	18.9676	0.18275	5109	99	494	-33958.9	95.7911f	51.4448	4	1	1	0.029703	0.0990099	0.0693069	9.90099e-09	0	0	0	0	0.9	0.970646	0.22549	0.514851	0.903922	0.009901	0.108911	9.90099e-09	1	0.131115	0.17732	1.5	0.666667	1.5	1	1	16834.1	1e+20	3.13351e+15	28.5311	91.4803	44.7041	37.4161	95.7911	51.4448	
 93000	-112485	-1211.97	-65732.9	-14477.1	0.143862	1	0.162441	12.3122	4.15117	0.00150002	19.3901	0.236023	4947	99	442	-33958.9	51.8025f	59.1053	4	1	1	0.029703	0.0990099	0.0693069	9.90099e-09	0	0	0	0	0.890909	0.963489	0.263692	0.492647	0.910751	0.009901	0.108911	9.90099e-09	1	0.0989899	0.174672	1.5	0.666667	1.5	1	1	16834.1	1e+20	3.13351e+15	28.5311	91.4803	44.7041	37.4161	51.8025	59.1053	
 94000	-111471	-1211.97	-64719.2	-14224.6	0.142178	1	0.184009	10.869	4.64728	0.0160328	19.3901	0.186115	4817	99	487	-33958.9	37.8015f	19.6721	4	1	1	0.029703	0.0990099	0.0693069	9.90099e-09	0	0	0	0	0.854545	0.977273	0.307054	0.584158	0.887967	0.009901	0.108911	9.90099e-09	1	0.13278	0.166324	1.5	0.666667	1.5	1	1	16834.1	1e+20	3.13351e+15	28.5311	91.4803	44.7041	37.4161	37.8015	19.6721	
 95000	-111200	-1211.97	-64448.1	-14211	0.142178	1	0.176726	11.3169	4.40105	0.0383475	19.3221	0.204627	4810	99	470	-33958.9	2.21894f	32.8412	4	1	1	0.029703	0.138614	0.0693069	9.90099e-09	0	0	0	0	0.9	0.96281	0.253112	0.544828	0.86157	0.009901	0.108911	9.90099e-09	1	0.107884	0.178723	1.5	0.666667	1.5	1	1	16834.1	1e+20	3.13351e+15	32.7298	87.2589	44.7041	37.4161	2.21894	32.8412	
 96000	-112373	-1211.97	-65621.3	-14390.4	0.142178	1	0.187488	10.6674	4.60848	0.000665977	19.2591	0.1842	4902	99	482	-33958.9	47.725f	45.2162	4	1	1	0.029703	0.138614	0.0693069	9.90099e-09	0	0	0	0	0.909091	0.967546	0.257143	0.568627	0.888664	0.009901	0.108911	9.90099e-09	1	0.134694	0.213552	1.5	0.666667	1.5	1	1	16834.1	1e+20	3.13351e+15	32.7298	87.2589	44.7041	37.4161	47.725	45.2162	
 97000	-113969	-1211.97	-67217.3	-14586.3	0.146712	1	0.186065	10.7489	4.3651	0.0025913	18.887	0.195957	5004	99	523	-33958.9	38.7353f	44.5172	4	1	1	0.029703	0.138614	0.0693069	9.90099e-09	0	0	0	0	0.845455	0.964072	0.266	0.423077	0.88	0.009901	0.108911	9.90099e-09	1	0.128	0.190019	1.5	0.666667	1.5	1	1	16834.1	1e+20	3.13351e+15	32.7298	87.2589	44.7041	37.4161	38.7353	44.5172	
 98000	-115067	-1211.97	-68314.7	-14807	0.150545	1	0.186065	10.7489	4.91467	0.0106339	19.3303	0.174045	5120	99	504	-33958.9	58.4592f	24.8049	4	1	1	0.029703	0.138614	0.0693069	9.90099e-09	0	0	0	0	0.872727	0.964912	0.243191	0.509804	0.871595	0.009901	0.108911	9.90099e-09	1	0.132296	0.188492	1.5	0.666667	1.5	1	1	16834.1	1e+20	3.13351e+15	32.7298	87.2589	44.7041	37.4161	58.4592	24.8049	
 99000	-116534	-1211.97	-69782.3	-15047.5	0.150545	1	0.179816	11.1225	4.52289	0.00036976	19.0954	0.195694	5247	99	510	-33958.9	47.1826f	49.698	4	1	1	0.029703	0.138614	0.0594059	9.90099e-09	0	0	0	0	0.890909	0.960152	0.249524	0.580357	0.856874	0.009901	0.0693069	9.90099e-09	1	0.135238	0.191205	1.5	0.666667	1.5	1	1	16834.1	1e+20	3.13351e+15	32.7298	87.2589	44.7041	37.4161	47.1826	49.698	
100000	-116801	-1211.97	-70049.2	-15109.1	0.155585	1	0.183972	10.8712	4.78233	0.000348774	19.0954	0.180896	5281	99	499	-33958.9	48.3671f	52.0699	4	1	1	0.029703	0.138614	0.0594059	9.90099e-09	0	0	0	0	0.881818	0.948864	0.216981	0.47619	0.862264	0.009901	0.0693069	9.90099e-09	1	0.107547	0.182879	1.5	0.666667	1.5	1	1	16834.1	1e+20	3.13351e+15	32.7298	87.2589	44.7041	37.4161	48.3671	52.0699	
101000	-117670	-1211.97	-70918.3	-15297	0.155585	1	0.170834	11.7072	5.0437	0.0338575	19.7128	0.184712	5382	99	472	-33958.9	4.94859f	34.3955	4	1	1	0.029703	0.0693069	0.0594059	9.90099e-09	0	0	0	0	0.881818	0.963031	0.278085	0.53271	0.878004	9.90099e-09	0.0693069	9.90099e-09	1	0.0957643	0.175847	1.5	0.666667	1.5	1	1	16834.1	1e+20	3.13351e+15	32.7298	87.2589	44.7041	37.4161	4.94859	34.3955	
102000	-116506	-1211.97	-69753.7	-15071.9	0.155585	1	0.161097	12.4149	4.81347	0.0104071	19.7719	0.205246	5261	99	483	-33958.9	74.3286f	60.1918	4	1	1	0.029703	0.0693069	0.0594059	0.009901	0	0	0	0	0.918182	0.975285	0.246679	0.486667	0.910816	9.90099e-09	0.0693069	9.90099e-09	1	0.11575	0.19246	1.5	0.666667	1.5	1	1	16834.1	1e+20	3.13351e+15	32.7298	87.2589	44.7041	37.4161	74.3286	60.1918	
103000	-118557	-1211.97	-71805.2	-15325	0.155585	1	0.170152	11.7542	5.08401	0.00810466	19.7719	0.183983	5397	99	538	-33958.9	72.8196f	45.7929	4	1	1	0.029703	0.0693069	0.0594059	0.009901	0	0	0	0	0.9	0.953704	0.268519	0.555556	0.883333	9.90099e-09	0.0693069	9.90099e-09	1	0.0944444	0.189591	1.5	0.666667	1.5	1	1	16834.1	1e+20	3.13351e+15	32.7298	87.2589	44.7041	37.4161	72.8196	45.7929	
104000	-117921	-1211.97	-71168.9	-15218.9	0.155585	1	0.170152	11.7542	4.71078	0.0120833	19.3986	0.19856	5340	99	537	-33958.9	25.5124f	35.8967	4	1	1	0.029703	0.0693069	0.0594059	0.009901	0	0	0	0	0.918182	0.968165	0.241573	0.453704	0.89464	9.90099e-09	0.0693069	9.90099e-09	1	0.134935	0.20709	1.5	0.666667	1.5	1	1	16834.1	1e+20	3.13351e+15	32.7298	87.2589	44.7041	37.4161	25.5124	35.8967	
105000	-118532	-1211.97	-71780.3	-15339	0.15695	1	0.176155	11.3537	5.18471	0.00615449	19.6546	0.174262	5405	99	532	-33958.9	37.4027f	34.5225	4	1	1	0.029703	0.0693069	0.0693069	0.009901	0	0	0	0	0.918182	0.961039	0.237037	0.481132	0.89464	9.90099e-09	0.0891089	9.90099e-09	1	0.12939	0.221805	1.5	0.666667	1.5	1	1	16834.1	1e+20	3.13351e+15	32.7298	87.2589	44.7041	37.4161	37.4027	34.5225	
106000	-117960	-1211.97	-71208.4	-15336.8	0.160329	1	0.175078	11.4235	5.26397	0.0235306	19.6546	0.172693	5404	99	481	-33958.9	25.6778f	18.6357	4	1	1	0.029703	0.0693069	0.0693069	0.009901	0	0	0	0	0.854545	0.961538	0.25046	0.524752	0.896869	9.90099e-09	0.0891089	9.90099e-09	1	0.0887246	0.211694	1.5	0.666667	1.5	1	1	16834.1	1e+20	3.13351e+15	52.1357	95.2248	44.7041	37.4161	25.6778	18.6357	
107000	-120139	-1211.97	-73386.9	-15569.7	0.159629	1	0.180578	11.0755	5.40564	0.0230865	19.6546	0.163045	5531	99	548	-33958.9	36.0031f	13.2429	4	1	1	0.019802	0.0990099	0.0693069	0.009901	0	0	0	0	0.881818	0.962025	0.235507	0.566038	0.868705	9.90099e-09	0.0891089	9.90099e-09	1	0.148282	0.185662	1.5	0.666667	1.5	1	1	16834.1	1e+20	3.13351e+15	52.1357	95.2248	44.7041	37.4161	36.0031	13.2429	
108000	-119531	-1211.97	-72779	-15448.6	0.159629	1	0.180281	11.0938	5.39674	0.00080184	19.6546	0.163583	5465	99	557	-33958.9	47.453f	55.586	4	1	1	0.019802	0.0990099	0.0693069	0.009901	0	0	0	0	0.909091	0.93578	0.239488	0.548673	0.863971	9.90099e-09	0.0891089	9.90099e-09	1	0.129799	0.21544	1.5	0.666667	1.5	1	1	16834.1	1e+20	3.13351e+15	52.1357	95.2248	44.7041	37.4161	47.453	55.586	
109000	-121101	-1211.97	-74349.4	-15669.9	0.160324	1	0.202247	9.88889	5.88685	0.00244096	19.4961	0.133676	5586	99	586	-33958.9	37.9827f	48.4673	4	1	1	0.019802	0.0990099	0.0693069	0.009901	0	0	0	0	0.890909	0.957143	0.289286	0.598361	0.865591	9.90099e-09	0.0891089	9.90099e-09	1	0.116279	0.190713	1.5	0.666667	1.5	1	1	16834.1	1e+20	3.13351e+15	52.1357	95.2248	31.702	45.9514	37.9827	48.4673	
110000	-120786	-1211.97	-74034.4	-15571	0.16773	1	0.215669	9.27349	5.60117	0.00253257	18.7356	0.131751	5531	99	607	-33958.9	43.9923f	60.8937	4	1	1	0.019802	0.0990099	0.0693069	0.009901	0	0	0	0	0.854545	0.954792	0.23689	0.523438	0.863555	9.90099e-09	0.0891089	9.90099e-09	1	0.144404	0.186161	1.5	0.666667	1.5	1	1	16834.1	1e+20	3.13351e+15	52.1357	95.2248	29.918	46.3462	43.9923	60.8937	
111000	-123142	-1211.97	-76390.3	-15953	0.16773	1	0.215669	9.27349	5.60117	0.0058801	18.7356	0.131751	5745	99	615	-33958.9	43.1f	31.7506	4	1	1	0.019802	0.0990099	0.0693069	0.009901	0	0	0	0	0.845455	0.958188	0.211909	0.57377	0.876522	9.90099e-09	0.0792079	9.90099e-09	1	0.116522	0.185065	1.5	0.666667	1.5	1	1	16834.1	1e+20	3.13351e+15	65.6373	88.5911	29.918	46.3462	43.1	31.7506	
112000	-123137	-1211.97	-76384.7	-15972.7	0.16773	1	0.201765	9.9125	5.4674	0.0117049	18.9356	0.144275	5756	99	598	-33958.9	25.1302f	37.577	4	1	1	0.019802	0.0693069	0.019802	0.009901	0	0	0	0	0.863636	0.953125	0.265271	0.469027	0.864583	0.009901	0.0792079	9.90099e-09	1	0.138889	0.17479	1.5	0.666667	1.5	1	1	16834.1	1e+20	3.13351e+15	65.6373	88.5911	29.918	46.3462	25.1302	37.577	
113000	-123149	-1211.97	-76397.4	-15951.3	0.16773	1	0.201765	9.9125	5.36857	0.00838623	18.8494	0.146931	5744	99	620	-33958.9	29.303f	39.0457	4	1	1	0.029703	0.0693069	0.019802	9.90099e-09	0	0	0	0	0.854545	0.954466	0.21466	0.516393	0.876522	0.009901	0.0792079	9.90099e-09	1	0.115587	0.186084	1.5	0.666667	1.5	1	1	16834.1	1e+20	3.13351e+15	65.6373	88.5911	29.918	46.3462	29.303	39.0457	
114000	-122560	-1211.97	-75808.4	-15937.3	0.170979	1	0.186449	10.7268	5.61879	0.00795567	19.3523	0.151921	5736	99	564	-33958.9	32.975f	34.8397	4	1	1	0.029703	0.0693069	0.019802	9.90099e-09	0	0	0	0	0.890909	0.947826	0.247834	0.533333	0.87695	0.009901	0.0792079	9.90099e-09	1	0.109185	0.189716	1.5	0.666667	1.5	1	1	16834.1	1e+20	3.13351e+15	65.6373	88.5911	29.918	46.3462	32.975	34.8397	
115000	-122723	-1211.97	-75971.1	-15960.2	0.170979	1	0.196034	10.2023	5.90765	0.0288833	19.3523	0.137427	5749	99	565	-33958.9	7.21514f	39.731	4	1	1	0.029703	0.0693069	0.019802	9.90099e-09	0	0	0	0	0.809091	0.94087	0.198606	0.508772	0.878049	0.009901	0.0792079	9.90099e-09	1	0.125217	0.172906	1.5	0.666667	1.5	1	1	16834.1	1e+20	3.13351e+15	65.6373	88.5911	29.918	46.3462	7.21514	39.731	
116000	-122258	-1211.97	-75505.8	-15829.9	0.16649	1	0.185828	10.7626	5.45304	0.0188927	19.3523	0.157061	5676	99	595	-33958.9	30.6568f	20.2137	4	1	1	0.029703	0.0693069	0.019802	9.90099e-09	0	0	0	0	0.9	0.968366	0.227915	0.552632	0.879859	0.009901	0.0792079	9.90099e-09	1	0.137324	0.168739	1.5	0.666667	1.5	1	1	16834.1	1e+20	3.13351e+15	65.6373	88.5911	29.918	46.3462	30.6568	20.2137	
117000	-121235	-1211.97	-74483.3	-15736.6	0.166121	1	0.189252	10.5679	5.65684	0.0180851	19.4525	0.148664	5624	99	552	-33958.9	25.7386f	25.1579	4	1	1	0.029703	0.0693069	0.019802	9.90099e-09	0	0	0	0	0.872727	0.952212	0.232804	0.466667	0.888889	0.009901	0.0792079	9.90099e-09	1	0.134991	0.185567	1.5	0.666667	1.5	1	1	16834.1	1e+20	3.13351e+15	65.6373	88.5911	29.918	46.3462	25.7386	25.1579	
118000	-123833	-1211.97	-77081.4	-16170.5	0.168083	1	0.159535	12.5364	4.82491	0.0448929	19.4525	0.206764	5867	99	548	-33958.9	25.6899f	99.3839	4	1	1	0.029703	0.0891089	0.0594059	9.90099e-09	0	0	0	0	0.927273	0.960951	0.259386	0.536364	0.891341	0.009901	0.0792079	9.90099e-09	1	0.0954003	0.217469	1.5	0.666667	1.5	1	1	16834.1	1e+20	3.13351e+15	65.6373	88.5911	29.918	46.3462	25.6899	99.3839	
119000	-122478	-1211.97	-75725.8	-16047.5	0.168083	1	0.162871	12.2797	4.9258	0.00527493	19.4525	0.198381	5798	99	490	-33958.9	47.1688f	68.2751	4	1	1	0.029703	0.0891089	0.0594059	9.90099e-09	0	0	0	0	0.881818	0.963605	0.275563	0.572816	0.899306	0.009901	0.0792079	9.90099e-09	1	0.107639	0.222222	1.5	0.666667	1.5	1	1	16834.1	1e+20	3.13351e+15	65.6373	88.5911	29.918	46.3462	47.1688	68.2751	
120000	-120847	-1211.97	-74094.6	-15704.5	0.166881	1	0.159302	12.5547	4.78342	0.0175937	19.4525	0.208862	5606	99	534	-33958.9	52.0297f	15.7478	4	1	1	0.049505	0.0891089	0.0594059	9.90099e-09	0	0	0	0	0.9	0.945035	0.287744	0.477064	0.902482	0.009901	0.0792079	9.90099e-09	1	0.1121	0.202312	1.5	0.666667	1.5	1	1	16834.1	1e+20	3.13351e+15	65.6373	88.5911	20.9977	29.7027	52.0297	15.7478	
121000	-119693	-1211.97	-72940.7	-15561.7	0.164782	1	0.159302	12.5547	4.72327	0.0260997	19.4525	0.211522	5527	99	503	-33958.9	13.676f	29.3031	4	1	1	0.049505	0.0891089	0.0594059	9.90099e-09	0	0	0	0	0.863636	0.964093	0.285199	0.586538	0.903052	0.009901	0.0792079	9.90099e-09	1	0.118068	0.202358	1.5	0.666667	1.5	1	1	16834.1	1e+20	3.13351e+15	65.6373	88.5911	20.9977	29.7027	13.676	29.3031	
122000	-120377	-1211.97	-73624.8	-15657.3	0.164782	1	0.167501	11.9402	4.96636	0.00362976	19.4525	0.191321	5580	99	519	-33958.9	47.3395f	35.1088	4	1	1	0.049505	0.0891089	0.0594059	9.90099e-09	0	0	0	0	0.890909	0.967742	0.276173	0.619048	0.889892	0.009901	0.0792079	9.90099e-09	1	0.114695	0.166987	1.5	0.666667	1.5	1	1	16834.1	1e+20	3.13351e+15	65.6373	88.5911	20.9977	29.7027	47.3395	35.1088	
123000	-119745	-1211.97	-72992.7	-15565.4	0.160741	1	0.151819	13.1736	4.39097	0.0364842	19.4525	0.238745	5529	99	511	-33958.9	15.6072f	14.3636	4	1	1	0.049505	0.0891089	0.0594059	9.90099e-09	0	0	0	0	0.927273	0.960289	0.269439	0.50495	0.911552	0.009901	0.0792079	9.90099e-09	1	0.110307	0.189621	1.5	0.666667	1.5	1	1	16834.1	1e+20	3.13351e+15	65.6373	88.5911	20.9977	29.7027	15.6072	14.3636	
124000	-120077	-1211.97	-73324.7	-15704.4	0.163476	1	0.15282	13.0873	4.49515	0.00358253	19.4525	0.231684	5606	99	467	-33958.9	61.9181f	40.6831	4	1	1	0.049505	0.0891089	9.90099e-09	9.90099e-09	0	0	0	0	0.845455	0.976868	0.269643	0.569444	0.906977	0.009901	0.0990099	9.90099e-09	1	0.0960854	0.179872	1.5	0.666667	1.5	1	1	16834.1	1e+20	3.13351e+15	65.6373	88.5911	40.4887	43.1712	61.9181	40.6831	
125000	-119163	-1211.97	-72411.1	-15543.2	0.161936	1	0.15282	13.0873	4.50733	0.0236165	19.5118	0.231057	5517	99	473	-33958.9	16.13f	70.8399	4	1	1	0.049505	0.118812	9.90099e-09	9.90099e-09	0	0	0	0	0.854545	0.960217	0.262681	0.573427	0.922101	0.009901	0.0990099	9.90099e-09	1	0.11413	0.188161	1.5	0.666667	1.5	1	1	16834.1	1e+20	3.13351e+15	65.6373	88.5911	40.4887	43.1712	16.13	70.8399	
126000	-120167	-1211.97	-73415.2	-15669.9	0.164387	1	0.15282	13.0873	5.02643	0.0367469	19.9756	0.207195	5587	99	494	-33958.9	44.344f	0.563818	4	1	1	0.039604	0.118812	9.90099e-09	9.90099e-09	0	0	0	0	0.909091	0.957219	0.28164	0.528302	0.889088	0.009901	0.0990099	9.90099e-09	1	0.0962567	0.220859	1.5	0.666667	1.5	1	1	16834.1	1e+20	3.13351e+15	65.6373	88.5911	50.5517	46.6374	44.344	0.563818	
127000	-121419	-1211.97	-74667.3	-15805.3	0.164387	1	0.15282	13.0873	5.02643	0.00692358	19.9756	0.207195	5662	99	522	-33958.9	38.7656f	68.0563	4	1	1	0.039604	0.118812	9.90099e-09	9.90099e-09	0	0	0	0	0.9	0.959436	0.282686	0.476821	0.902135	0.009901	0.0990099	9.90099e-09	1	0.109929	0.183908	1.5	0.666667	1.5	1	1	16834.1	1e+20	3.13351e+15	65.6373	88.5911	34.842	69.1076	38.7656	68.0563	
128000	-120001	-1211.97	-73248.9	-15619.4	0.164387	1	0.15145	13.2057	4.98136	0.014107	19.9756	0.210961	5559	99	502	-33958.9	35.2602f	76.88	4	1	1	0.039604	0.118812	9.90099e-09	9.90099e-09	0	0	0	0	0.909091	0.965704	0.249548	0.54902	0.882671	0.009901	0.0990099	9.90099e-09	1	0.106115	0.190099	1.5	0.666667	1.5	1	1	16834.1	1e+20	3.13351e+15	65.6373	88.5911	34.842	69.1076	35.2602	76.88	
129000	-120706	-1211.97	-73954.4	-15725.9	0.164387	1	0.163978	12.1968	5.39341	0.0232121	19.9756	0.179958	5618	99	512	-33958.9	42.5005f	88.781	4	1	1	0.039604	0.118812	9.90099e-09	9.90099e-09	0	0	0	0	0.9	0.955908	0.240214	0.476636	0.877876	0.009901	0.0990099	9.90099e-09	1	0.140569	0.181989	1.5	0.666667	1.5	1	1	16834.1	1e+20	3.13351e+15	35.3549	83.0917	34.842	69.1076	42.5005	88.781	
130000	-122071	-1211.97	-75318.7	-15854.1	0.164387	1	0.187405	10.6721	5.50398	0.0244879	19.418	0.154299	5689	99	564	-33958.9	48.1461f	90.5542	4	1	1	0.039604	0.118812	0.029703	9.90099e-09	0	0	0	0	0.927273	0.975439	0.252632	0.568966	0.882456	0.009901	0.0990099	9.90099e-09	1	0.119508	0.192042	1.5	0.666667	1.5	1	1	16834.1	1e+20	3.13351e+15	35.3549	83.0917	34.842	69.1076	48.1461	90.5542	
131000	-121957	-1211.97	-75204.6	-15838.9	0.166227	1	0.172303	11.6075	5.4327	0.0159853	19.7107	0.170024	5681	99	556	-33958.9	35.6178f	79.3376	4	1	1	0.039604	0.049505	0.029703	9.90099e-09	0	0	0	0	0.863636	0.951049	0.267257	0.486726	0.887324	0.009901	0.0792079	9.90099e-09	1	0.130053	0.198198	1.5	0.666667	1.5	1	1	16834.1	1e+20	3.13351e+15	35.3549	83.0917	34.842	69.1076	35.6178	79.3376	
132000	-121884	-1211.97	-75132.2	-15759.9	0.166227	1	0.181241	11.035	5.71451	0.014785	19.7107	0.153668	5637	99	594	-33958.9	64.046f	78.1869	4	1	1	0.029703	0.049505	0.029703	9.90099e-09	0	0	0	0	0.9	0.971731	0.243339	0.5	0.88057	0.009901	0.0792079	9.90099e-09	1	0.141844	0.190236	1.5	0.666667	1.5	1	1	16834.1	1e+20	3.13351e+15	24.9662	76.882	34.842	69.1076	64.046	78.1869	
133000	-124272	-1211.97	-77519.8	-16146.5	0.169122	1	0.181793	11.0016	5.83175	0.0298095	19.7107	0.150122	5854	99	600	-33958.9	5.33037f	48.127	4	1	1	0.029703	0.049505	0.029703	9.90099e-09	0	0	0	0	0.890909	0.945578	0.28109	0.583333	0.885666	0.009901	0.0792079	9.90099e-09	1	0.117347	0.168053	1.5	0.666667	1.5	1	1	16834.1	1e+20	3.13351e+15	42.5904	92.6236	34.842	69.1076	5.33037	48.127	
134000	-123646	-1211.97	-76893.8	-16049	0.168556	1	0.18865	10.6017	5.59591	0.00918259	19.3448	0.150762	5799	99	596	-33958.9	38.2956f	71.6504	4	1	1	0.029703	0.049505	0.029703	9.90099e-09	0	0	0	0	0.881818	0.967185	0.237435	0.542373	0.837651	0.009901	0.0792079	9.90099e-09	1	0.112069	0.153589	1.5	0.666667	1.5	1	1	16834.1	1e+20	3.13351e+15	48.0451	86.03	34.842	69.1076	38.2956	71.6504	
135000	-126357	-1211.97	-79605.2	-16462.7	0.176816	1	0.174574	11.4565	5.43215	0.00994043	19.3448	0.16783	6036	99	606	-33958.9	46.2033f	75.3884	4	1	1	0.029703	0.049505	0.029703	9.90099e-09	0	0	0	0	0.936364	0.952145	0.252459	0.543307	0.88245	0.009901	0.0792079	9.90099e-09	1	0.133663	0.174528	1.5	0.666667	1.5	1	1	16834.1	1e+20	3.13351e+15	48.0451	86.03	42.7517	71.0098	46.2033	75.3884	
136000	-124356	-1211.97	-77603.7	-16201.6	0.173259	1	0.174574	11.4565	6.04236	0.00398107	19.9678	0.150881	5886	99	570	-33958.9	58.3926f	63.6299	4	1	1	0.029703	0.049505	0.029703	9.90099e-09	0	0	0	0	0.809091	0.954545	0.249578	0.526316	0.865093	0.009901	0.0792079	9.90099e-09	1	0.125637	0.18569	1.5	0.666667	1.5	1	1	16834.1	1e+20	3.13351e+15	69.5097	9.18468	42.7517	71.0098	58.3926	63.6299	
137000	-125895	-1211.97	-79142.7	-16350	0.175813	1	0.174216	11.48	6.11885	0.018922	19.9678	0.149301	5971	99	621	-33958.9	35.8418f	82.661	4	1	1	0.029703	0.049505	0.039604	9.90099e-09	0	0	0	0	0.863636	0.953177	0.264214	0.508197	0.884422	0.009901	0.0594059	9.90099e-09	1	0.11745	0.211632	1.5	0.666667	1.5	1	1	16834.1	1e+20	3.13351e+15	69.5097	9.18468	42.7517	71.0098	35.8418	82.661	
138000	-126034	-1211.97	-79282	-16411.5	0.174068	1	0.169322	11.8118	5.88791	0.0179054	19.9678	0.159641	6006	99	603	-33958.9	16.4398f	41.87	4	1	1	0.0693069	0.108911	0.039604	9.90099e-09	0	0	0	0	0.863636	0.966611	0.276206	0.533333	0.900166	0.009901	0.0594059	9.90099e-09	1	0.103506	0.153078	1.5	0.666667	1.5	1	1	16834.1	1e+20	3.13351e+15	56.4017	26.6426	16.3958	49.521	16.4398	41.87	
139000	-126434	-1211.97	-79681.6	-16526.9	0.174068	1	0.171276	11.6771	5.95585	0.0262155	19.9678	0.15602	6072	99	572	-33958.9	8.90268f	41.8606	4	1	1	0.0693069	0.108911	0.039604	9.90099e-09	0	0	0	0	0.854545	0.963516	0.280528	0.474138	0.870066	0.009901	0.0594059	9.90099e-09	1	0.111842	0.185121	1.5	0.666667	1.5	1	1	16834.1	1e+20	3.13351e+15	32.5878	67.2166	16.3958	49.521	8.90268	41.8606	
140000	-126011	-1211.97	-79258.9	-16379.7	0.17493	1	0.191701	10.4329	6.69916	0.0253725	19.9678	0.123929	5988	99	619	-33958.9	17.9077f	24.1325	4	1	1	0.0693069	0.108911	0.039604	9.90099e-09	0	0	0	0	0.872727	0.959799	0.265442	0.524194	0.856427	0.009901	0.0594059	9.90099e-09	1	0.140234	0.192751	1.5	0.666667	1.5	1	1	16834.1	1e+20	3.13351e+15	80.7003	53.165	16.3958	49.521	17.9077	24.1325	
141000	-126262	-1211.97	-79509.7	-16428.5	0.17493	1	0.185573	10.7774	6.485	0.022771	19.9678	0.13225	6016	99	611	-33958.9	12.5408f	39.1034	4	1	1	0.0693069	0.108911	0.039604	9.90099e-09	0	0	0	0	0.890909	0.958541	0.246667	0.475806	0.89404	0.009901	0.0594059	9.90099e-09	1	0.114618	0.165303	1.5	0.666667	1.5	1	1	16834.1	1e+20	3.13351e+15	80.7003	53.165	24.2666	46.7173	12.5408	39.1034	
142000	-125466	-1211.97	-78714.4	-16332.8	0.174107	1	0.180252	11.0955	6.26944	0.021309	19.9678	0.140835	5961	99	591	-33958.9	17.9009f	30.1763	4	1	1	0.0693069	0.108911	0.039604	9.90099e-09	0	0	0	0	0.8	0.966273	0.262982	0.54918	0.881072	0.009901	0.138614	9.90099e-09	1	0.143098	0.182886	1.5	0.666667	1.5	1	1	16834.1	1e+20	3.13351e+15	89.9274	62.6036	24.2666	46.7173	17.9009	30.1763	
143000	-126368	-1211.97	-79615.6	-16416.7	0.174107	1	0.196385	10.1841	6.83054	0.0114455	19.9678	0.118647	6009	99	634	-33958.9	24.5274f	39.688	4	1	1	0.0693069	0.108911	0.039604	9.90099e-09	0	0	0	0	0.918182	0.956667	0.242928	0.488189	0.892027	0.009901	0.138614	9.90099e-09	1	0.142857	0.195477	1.5	0.666667	1.5	1	1	16834.1	1e+20	3.13351e+15	85.4554	22.8058	24.2666	46.7173	24.5274	39.688	
144000	-126890	-1211.97	-80138.3	-16490.3	0.177294	1	0.196385	10.1841	6.93489	0.0272065	19.953	0.116862	6052	99	631	-33958.9	8.65751f	39.361	4	1	1	0.029703	0.108911	0.039604	9.90099e-09	0	0	0	0	0.909091	0.962046	0.239274	0.541985	0.855025	0.009901	0.138614	9.90099e-09	1	0.126853	0.196947	1.5	0.666667	1.5	1	1	16834.1	1e+20	3.13351e+15	13.81	85.9039	24.2666	46.7173	8.65751	39.361	
145000	-126241	-1211.97	-79489	-16414.2	0.177294	1	0.181483	11.0203	6.40868	0.00408794	19.953	0.136841	6008	99	615	-33958.9	33.9559f	49.3469	4	1	1	0.029703	0.0792079	0.009901	9.90099e-09	0	0	0	0	0.890909	0.955075	0.240401	0.467742	0.886855	0.009901	0.138614	9.90099e-09	1	0.134775	0.234146	1.5	0.666667	1.5	1	1	16834.1	1e+20	3.13351e+15	13.81	85.9039	24.2666	46.7173	33.9559	49.3469	
146000	-125476	-1211.97	-78724.2	-16414.2	0.17699	1	0.161546	12.3803	5.70629	0.0329268	19.9629	0.172651	6008	99	547	-33958.9	3.04174f	47.7545	4	1	1	0.029703	0.0792079	0.009901	9.90099e-09	0	0	0	0	0.909091	0.953255	0.243333	0.554545	0.886855	0.009901	0.138614	9.90099e-09	1	0.109817	0.180952	1.5	0.666667	1.5	1	1	16834.1	1e+20	3.13351e+15	71.8802	70.4101	24.2666	46.7173	3.04174	47.7545	
147000	-124201	-1211.97	-77448.7	-16192.9	0.172605	1	0.159053	12.5744	5.47904	0.0118052	19.9629	0.18263	5881	99	560	-33958.9	75.6405f	61.559	4	1	1	0.029703	0.0792079	0.009901	9.90099e-09	0	0	0	0	0.890909	0.967742	0.260204	0.491071	0.856661	0.009901	0.138614	9.90099e-09	1	0.129032	0.179439	1.5	0.666667	1.5	1	1	16834.1	1e+20	3.13351e+15	71.8802	70.4101	43.6659	43.7455	75.6405	61.559	
148000	-125296	-1211.97	-78544	-16344	0.172605	1	0.150807	13.262	5.19498	0.0261978	19.9629	0.203149	5967	99	566	-33958.9	11.9571f	32.4791	4	1	1	0.029703	0.0792079	0.009901	9.90099e-09	0	0	0	0	0.827273	0.961345	0.277311	0.509434	0.888702	0.009901	0.128713	9.90099e-09	1	0.115966	0.192233	1.5	0.666667	1.5	1	1	16834.1	1e+20	3.13351e+15	71.8802	70.4101	43.6659	43.7455	11.9571	32.4791	
149000	-121334	-1211.97	-74582	-15904.4	0.17398	1	0.145822	13.7154	5.06325	0.00247135	19.9629	0.21556	5716	99	464	-33958.9	39.1414f	44.4342	4	1	1	0.029703	0.0792079	0.009901	9.90099e-09	0	0	0	0	0.872727	0.96	0.29913	0.516779	0.895652	0.009901	0.128713	9.90099e-09	1	0.0961538	0.188841	1.5	0.666667	1.5	1	1	16834.1	1e+20	3.13351e+15	71.8802	70.4101	43.6659	43.7455	39.1414	44.4342	
150000	-124503	-1211.97	-77751.3	-16262.9	0.17398	1	0.145822	13.7154	5.06325	0.00970345	19.9629	0.21556	5921	99	542	-33958.9	48.6142f	24.7172	4	1	1	0.029703	0.0792079	0.009901	9.90099e-09	0	0	0	0	0.890909	0.968013	0.29916	0.578947	0.907407	0.009901	0.128713	9.90099e-09	1	0.0925926	0.197183	1.5	0.666667	1.5	1	1	16834.1	1e+20	3.13351e+15	71.8802	70.4101	43.6659	43.7455	48.6142	24.7172	
151000	-125120	-1211.97	-78368.1	-16373.1	0.17398	1	0.149863	13.3455	5.20358	0.00355294	19.9629	0.20409	5984	99	537	-33958.9	35.6151f	53.8883	4	1	1	0.039604	0.118812	0.009901	9.90099e-09	0	0	0	0	0.890909	0.968227	0.275459	0.472222	0.904841	0.009901	0.128713	9.90099e-09	1	0.12187	0.225326	1.5	0.666667	1.5	1	1	16834.1	1e+20	3.13351e+15	71.8802	70.4101	43.6659	43.7455	35.6151	53.8883	
152000	-126911	-1211.97	-80159.2	-16631.9	0.17398	1	0.153968	12.9897	5.3461	0.00378288	19.9629	0.193354	6132	99	552	-33958.9	61.0589f	39.0499	4	1	1	0.039604	0.118812	0.009901	9.90099e-09	0	0	0	0	0.8	0.97545	0.265041	0.587156	0.887622	0.009901	0.128713	9.90099e-09	1	0.0943089	0.241966	1.5	0.666667	1.5	1	1	16834.1	1e+20	3.13351e+15	71.8802	70.4101	43.6659	43.7455	61.0589	39.0499	
153000	-125835	-1211.97	-79083.5	-16465.8	0.17398	1	0.169471	11.8014	5.85936	0.0013092	19.9417	0.160278	6037	99	548	-33958.9	46.8793f	57.8991	4	1	1	0.039604	0.118812	0.009901	9.90099e-09	0	0	0	0	0.845455	0.960199	0.240066	0.544643	0.896839	0.009901	0.128713	9.90099e-09	1	0.112583	0.221622	1.5	0.666667	1.5	1	1	16834.1	1e+20	3.13351e+15	71.8802	70.4101	43.6659	43.7455	46.8793	57.8991	
154000	-124714	-1211.97	-77962.5	-16280.4	0.17398	1	0.161389	12.3924	5.57994	0.00668774	19.9417	0.176732	5931	99	553	-33958.9	32.4986f	61.3289	4	1	1	0.039604	0.118812	0.009901	9.90099e-09	0	0	0	0	0.854545	0.969595	0.238176	0.504348	0.898649	0.009901	0.128713	9.90099e-09	1	0.106419	0.186257	1.5	0.666667	1.5	1	1	16834.1	1e+20	3.13351e+15	71.8802	70.4101	11.5273	34.9426	32.4986	61.3289	
155000	-124163	-1211.97	-77410.6	-16208.7	0.17398	1	0.161389	12.3924	5.53259	0.0206045	19.8992	0.178245	5890	99	542	-33958.9	13.4602f	43.6751	4	1	1	0.039604	0.118812	0.009901	9.90099e-09	0	0	0	0	0.9	0.947368	0.27656	0.556604	0.887755	0.009901	0.0891089	9.90099e-09	1	0.108844	0.197417	1.5	0.666667	1.5	1	1	16834.1	1e+20	3.13351e+15	14.2979	58.0784	11.5273	34.9426	13.4602	43.6751	
156000	-125040	-1211.97	-78288	-16392.3	0.17398	1	0.155948	12.8248	5.34606	0.0167961	19.8992	0.1909	5995	99	518	-33958.9	19.1791f	62.9847	4	1	1	0.039604	0.118812	0.009901	9.90099e-09	0	0	0	0	0.927273	0.963516	0.296053	0.527778	0.887974	0.009901	0.0891089	9.90099e-09	1	0.101974	0.190654	1.5	0.666667	1.5	1	1	16834.1	1e+20	3.13351e+15	14.2979	58.0784	11.5273	34.9426	19.1791	62.9847	
157000	-124858	-1211.97	-78105.7	-16343.3	0.17398	1	0.155948	12.8248	5.34606	0.0180609	19.8992	0.1909	5967	99	534	-33958.9	21.9688f	29.5604	4	1	1	9.90099e-09	0.0792079	0.029703	9.90099e-09	0	0	0	0	0.854545	0.971619	0.301003	0.545455	0.895	0.009901	0.0891089	9.90099e-09	1	0.105175	0.195298	1.5	0.666667	1.5	1	1	16834.1	1e+20	3.13351e+15	18.8246	93.0394	11.5273	34.9426	21.9688	29.5604	
158000	-126023	-1211.97	-79270.5	-16464.5	0.176805	1	0.16036	12.472	5.26348	0.0337256	19.6051	0.188561	6037	99	571	-33958.9	4.86695f	34.9274	4	1	1	9.90099e-09	0.0792079	0.029703	9.90099e-09	0	0	0	0	0.9	0.96995	0.275748	0.4375	0.895798	0.009901	0.0891089	9.90099e-09	1	0.129568	0.225746	1.5	0.666667	1.5	1	1	16834.1	1e+20	3.13351e+15	18.8246	93.0394	11.5273	34.9426	4.86695	34.9274	
159000	-125855	-1211.97	-79102.6	-16476.5	0.177844	1	0.161399	12.3916	5.32875	0.00740078	19.6051	0.185051	6044	99	546	-33958.9	32.6238f	36.5809	4	1	1	9.90099e-09	0.0792079	0.029703	9.90099e-09	0	0	0	0	0.845455	0.963516	0.256198	0.518519	0.869852	0.009901	0.0891089	9.90099e-09	1	0.0971993	0.186916	1.5	0.666667	1.5	1	1	16834.1	1e+20	3.13351e+15	18.8246	93.0394	11.5273	34.9426	32.6238	36.5809	
160000	-126602	-1211.97	-79850.5	-16604.2	0.177844	1	0.165053	12.1173	5.44938	0.0025232	19.6051	0.176949	6118	99	543	-33958.9	39.2528f	43.9248	4	1	1	9.90099e-09	0.0792079	0.029703	9.90099e-09	0	0	0	0	0.927273	0.964052	0.257749	0.522523	0.89689	0.009901	0.0891089	9.90099e-09	1	0.120915	0.181298	1.5	0.666667	1.5	1	1	16834.1	1e+20	3.13351e+15	18.8246	93.0394	11.5273	34.9426	39.2528	43.9248	
161000	-126388	-1211.97	-79635.6	-16609.4	0.177844	1	0.154629	12.9342	5.10523	0.0220362	19.6051	0.20161	6121	99	516	-33958.9	12.6477f	41.2288	4	1	1	9.90099e-09	0.0792079	0.029703	9.90099e-09	0	0	0	0	0.845455	0.964052	0.276771	0.509615	0.917355	0.009901	0.108911	9.90099e-09	1	0.128926	0.178431	1.5	0.666667	1.5	1	1	16834.1	1e+20	3.13351e+15	60.8721	89.5165	11.5273	34.9426	12.6477	41.2288	
162000	-126595	-1211.97	-79843.5	-16626.7	0.177844	1	0.162922	12.2758	5.65251	0.040415	19.8496	0.172822	6131	99	529	-33958.9	20.7368f	6.82395	4	1	1	9.90099e-09	0.0792079	0.029703	9.90099e-09	0	0	0	0	0.827273	0.967267	0.26634	0.514563	0.903909	0.009901	0.108911	9.90099e-09	1	0.101639	0.21499	1.5	0.666667	1.5	1	1	16834.1	1e+20	3.13351e+15	36.7679	97.7878	6.46387	29.5522	20.7368	6.82395	
163000	-126183	-1211.97	-79431.4	-16519.6	0.177844	1	0.161293	12.3998	5.27147	0.0242204	19.5554	0.187185	6069	99	555	-33958.9	12.869f	65.5847	4	1	1	0.019802	0.0792079	0.029703	9.90099e-09	0	0	0	0	0.927273	0.963756	0.270627	0.447368	0.894389	0.009901	0.108911	9.90099e-09	1	0.133663	0.175627	1.5	0.666667	1.5	1	1	16834.1	1e+20	3.13351e+15	36.7679	97.7878	6.46387	29.5522	12.869	65.5847	
164000	-126442	-1211.97	-79690.4	-16519.6	0.177844	1	0.178523	11.203	5.83458	0.0231054	19.5554	0.152797	6069	99	574	-33958.9	72.8913f	82.1693	4	1	1	0.019802	0.108911	0.039604	9.90099e-09	0	0	0	0	0.872727	0.975288	0.268534	0.512605	0.884679	0.009901	0.108911	9.90099e-09	1	0.128501	0.184991	1.5	0.666667	1.5	1	1	16834.1	1e+20	3.13351e+15	36.7679	97.7878	20.8188	86.69	72.8913	82.1693	
165000	-125692	-1211.97	-78940.3	-16464.4	0.177844	1	0.163753	12.2135	5.33002	0.0365017	19.5354	0.182348	6037	99	541	-33958.9	38.1543f	98.1873	4	1	1	0.019802	0.108911	0.039604	9.90099e-09	0	0	0	0	0.890909	0.953795	0.261513	0.557692	0.901639	0.009901	0.108911	9.90099e-09	1	0.115512	0.176909	1.5	0.666667	1.5	1	1	16834.1	1e+20	3.13351e+15	36.7679	97.7878	20.8188	86.69	38.1543	98.1873	
166000	-126332	-1211.97	-79580.5	-16521.4	0.177844	1	0.164118	12.1863	5.34191	0.00731786	19.5354	0.181538	6070	99	572	-33958.9	28.2008f	50.9483	4	1	1	0.019802	0.108911	0.039604	9.90099e-09	0	0	0	0	0.809091	0.961857	0.242175	0.539823	0.907743	0.009901	0.108911	9.90099e-09	1	0.092869	0.184843	1.5	0.666667	1.5	1	1	16834.1	1e+20	3.13351e+15	40.2723	82.7766	20.8188	86.69	28.2008	50.9483	
167000	-127556	-1211.97	-80803.7	-16752.8	0.177844	1	0.158607	12.6098	5.16252	0.0542546	19.5354	0.194373	6204	99	545	-33958.9	4.83204f	90.2586	4	1	1	0.019802	0.108911	0.039604	9.90099e-09	0	0	0	0	0.881818	0.967742	0.220968	0.463636	0.89694	0.009901	0.049505	9.90099e-09	1	0.099839	0.20367	1.5	0.666667	1.5	1	1	16834.1	1e+20	3.13351e+15	40.2723	82.7766	20.8188	86.69	4.83204	90.2586	
168000	-128465	-1211.97	-81712.8	-16849.5	0.177844	1	0.158607	12.6098	4.94236	0.0285981	19.3237	0.203032	6260	99	569	-33958.9	19.8422f	81.8053	4	1	1	0.019802	0.108911	0.039604	9.90099e-09	0	0	0	0	0.818182	0.974441	0.256735	0.578947	0.881141	0.009901	0.049505	9.90099e-09	1	0.101426	0.187184	1.5	0.666667	1.5	1	1	16834.1	1e+20	3.13351e+15	40.2723	82.7766	20.8188	86.69	19.8422	81.8053	
169000	-125583	-1211.97	-78830.7	-16457.5	0.177844	1	0.175963	11.366	5.29792	0.00615642	19.1584	0.170724	6033	99	541	-33958.9	33.2789f	60.9135	4	1	1	9.90099e-09	0.108911	0.039604	9.90099e-09	0	0	0	0	0.845455	0.968333	0.220564	0.508929	0.903974	0.009901	0.049505	9.90099e-09	1	0.115894	0.170055	1.5	0.666667	1.5	1	1	16834.1	1e+20	3.13351e+15	40.2723	82.7766	20.8188	86.69	33.2789	60.9135	
170000	-126296	-1211.97	-79544.1	-16504.1	0.177844	1	0.175963	11.366	5.29792	0.00686379	19.1584	0.170724	6060	99	575	-33958.9	38.8075f	32.0744	4	1	1	9.90099e-09	0.108911	0.0891089	9.90099e-09	0	0	0	0	0.872727	0.960265	0.260365	0.568966	0.889621	0.009901	0.049505	9.90099e-09	1	0.0939044	0.188482	1.5	0.666667	1.5	1	1	16834.1	1e+20	3.13351e+15	40.2723	82.7766	30.1843	55.1764	38.8075	32.0744	
171000	-127698	-1211.97	-80946.5	-16663	0.177844	1	0.17248	11.5955	5.19306	0.00670532	19.1584	0.177688	6152	99	608	-33958.9	29.2696f	52.242	4	1	1	9.90099e-09	0.0693069	0.0891089	9.90099e-09	0	0	0	0	0.909091	0.952922	0.255285	0.626087	0.87725	0.009901	0.049505	9.90099e-09	1	0.11526	0.204947	1.5	0.666667	1.5	1	1	16834.1	1e+20	3.13351e+15	40.2723	82.7766	47.7191	72.3996	29.2696	52.242	
172000	-126740	-1211.97	-79987.7	-16625	0.177844	1	0.1489	13.4318	5.10734	0.0469618	19.793	0.209281	6130	99	541	-33958.9	17.754f	96.1377	4	1	1	9.90099e-09	0.0693069	0.0891089	9.90099e-09	0	0	0	0	0.863636	0.954545	0.306189	0.590909	0.894481	0.009901	0.128713	9.90099e-09	1	0.127036	0.170213	1.5	0.666667	1.5	1	1	16834.1	1e+20	3.13351e+15	74.2701	87.4316	36.9158	99.2765	17.754	96.1377	
173000	-127301	-1211.97	-80549	-16710.3	0.17952	1	0.147385	13.5699	5.103	0.040524	19.793	0.211613	6180	99	540	-33958.9	7.92256f	80.9526	4	1	1	9.90099e-09	0.0693069	0.0891089	9.90099e-09	0	0	0	0	0.845455	0.972492	0.280844	0.509434	0.917476	0.009901	0.128713	9.90099e-09	1	0.0940032	0.192593	1.5	0.666667	1.5	1	1	16834.1	1e+20	3.13351e+15	71.3698	90.9633	36.9158	99.2765	7.92256	80.9526	
174000	-128363	-1211.97	-81611.1	-16869.4	0.18309	1	0.144747	13.8172	5.11134	0.0305618	19.793	0.215117	6274	99	545	-33958.9	74.0732f	88.5526	4	1	1	9.90099e-09	0.0693069	0.0891089	9.90099e-09	0	0	0	0	0.827273	0.974522	0.279809	0.527778	0.888712	0.009901	0.128713	9.90099e-09	1	0.113057	0.19708	1.5	0.666667	1.5	1	1	16834.1	1e+20	3.13351e+15	94.6052	60.1813	36.9158	99.2765	74.0732	88.5526	
175000	-126880	-1211.97	-80128.3	-16772.6	0.18309	1	0.148632	13.456	4.98688	0.029251	19.5416	0.214723	6217	99	474	-33958.9	94.3429f	53.6186	4	1	1	9.90099e-09	0.0693069	0.0891089	9.90099e-09	0	0	0	0	0.845455	0.956522	0.244373	0.593333	0.93109	9.90099e-09	0.128713	9.90099e-09	1	0.0836013	0.200413	1.5	0.666667	1.5	1	1	16834.1	1e+20	3.13351e+15	94.6052	60.1813	65.2253	77.5596	94.3429	53.6186	
176000	-128794	-1211.97	-82041.7	-16960.3	0.18497	1	0.150847	13.2584	5.33884	0.0215986	19.7538	0.197622	6328	99	529	-33958.9	76.5261f	77.4488	4	1	1	0.0594059	0.0693069	0.0891089	9.90099e-09	0	0	0	0	0.890909	0.96519	0.28254	0.417476	0.909524	9.90099e-09	0.128713	9.90099e-09	1	0.110585	0.19186	1.5	0.666667	1.5	1	1	16834.1	1e+20	3.13351e+15	94.6052	60.1813	65.2253	77.5596	76.5261	77.4488	
177000	-129123	-1211.97	-82371.5	-16999.5	0.190097	1	0.150847	13.2584	5.48685	0.0241803	19.7538	0.192291	6351	99	537	-33958.9	30.3471f	85.1722	4	1	1	0.0594059	0.0693069	0.029703	9.90099e-09	0	0	0	0	0.863636	0.970126	0.229921	0.509091	0.905808	9.90099e-09	0.128713	9.90099e-09	1	0.095912	0.221601	1.5	0.666667	1.5	1	1	16834.1	1e+20	3.13351e+15	94.6052	60.1813	65.2253	77.5596	30.3471	85.1722	
178000	-131536	-1211.97	-84784.2	-17225.3	0.190097	1	0.163783	12.2113	5.95737	0.0124296	19.7538	0.163116	6487	99	621	-33958.9	74.5297f	65.221	4	1	1	0.0594059	0.108911	0.029703	9.90099e-09	0	0	0	0	0.909091	0.964832	0.292049	0.584	0.885321	9.90099e-09	0.128713	9.90099e-09	1	0.117737	0.217538	1.5	0.666667	1.5	1	1	16834.1	1e+20	3.13351e+15	22.3497	39.5098	65.2253	77.5596	74.5297	65.221	
179000	-131191	-1211.97	-84438.8	-17230.3	0.190097	1	0.163783	12.2113	6.19595	0.0145815	19.9486	0.156835	6490	99	585	-33958.9	71.1727f	73.0415	4	1	1	0.0594059	0.108911	0.029703	9.90099e-09	0	0	0	0	0.818182	0.958525	0.238829	0.508333	0.893846	9.90099e-09	0.118812	9.90099e-09	1	0.103077	0.172775	1.5	0.666667	1.5	1	1	16834.1	1e+20	3.13351e+15	22.3497	39.5098	65.2253	77.5596	71.1727	73.0415	
180000	-133177	-1211.97	-86425.1	-17452.6	0.193041	1	0.161258	12.4025	6.19487	0.00427321	19.9486	0.159319	6625	99	629	-33958.9	66.0878f	54.2889	4	1	1	0.0594059	0.108911	0.029703	9.90099e-09	0	0	0	0	0.854545	0.97432	0.257186	0.488189	0.891403	9.90099e-09	0.118812	9.90099e-09	1	0.126888	0.193388	1.5	0.666667	1.5	1	1	16834.1	1e+20	3.13351e+15	5.04002	49.7498	75.0888	85.3882	66.0878	54.2889	
181000	-133562	-1211.97	-86810.3	-17472.3	0.193041	1	0.161258	12.4025	6.19487	0.0301579	19.9486	0.159319	6637	99	648	-33958.9	18.9823f	82.6307	4	1	1	0.0594059	0.108911	0.029703	9.90099e-09	0	0	0	0	0.818182	0.948795	0.286145	0.543307	0.907994	9.90099e-09	0.118812	9.90099e-09	1	0.137048	0.203554	1.5	0.666667	1.5	1	1	16834.1	1e+20	3.13351e+15	1.01588	60.7106	80.4394	72.4619	18.9823	82.6307	
182000	-133282	-1211.97	-86530.4	-17444.4	0.193041	1	0.174747	11.4451	6.7131	0.0275862	19.9486	0.135671	6620	99	648	-33958.9	88.7222f	69.1428	4	1	1	0.0594059	0.108911	0.029703	9.90099e-09	0	0	0	0	0.836364	0.947526	0.282282	0.515873	0.894895	9.90099e-09	0.118812	9.90099e-09	1	0.107089	0.188291	1.5	0.666667	1.5	1	1	16834.1	1e+20	3.13351e+15	1.01588	60.7106	80.4394	72.4619	88.7222	69.1428	
183000	-134042	-1211.97	-87290.1	-17512.6	0.196256	1	0.174747	11.4451	6.82489	0.00948909	19.9486	0.133448	6662	99	671	-33958.9	46.1741f	25.2721	4	1	1	0.039604	0.108911	0.019802	9.90099e-09	0	0	0	0	0.781818	0.950376	0.247748	0.530303	0.905547	9.90099e-09	0.118812	9.90099e-09	1	0.128936	0.184799	1.5	0.666667	1.5	1	1	16834.1	1e+20	3.13351e+15	1.01588	60.7106	80.4394	72.4619	46.1741	25.2721	
184000	-134586	-1211.97	-87833.8	-17625	0.196256	1	0.172265	11.61	6.72794	0.0178423	19.9486	0.137322	6731	99	656	-33958.9	79.14f	68.7873	4	1	1	0.039604	0.0594059	0.019802	9.90099e-09	0	0	0	0	0.854545	0.950966	0.245536	0.562044	0.887073	9.90099e-09	0.118812	9.90099e-09	1	0.123512	0.236196	1.5	0.666667	1.5	1	1	16834.1	1e+20	3.13351e+15	56.6828	83.6467	80.4394	72.4619	79.14	68.7873	
185000	-136167	-1211.97	-89415	-17813.9	0.205006	1	0.172265	11.61	6.92674	0.00204368	19.8764	0.133381	6848	99	686	-33958.9	53.6228f	60.5066	4	1	1	0.039604	0.0594059	0.019802	9.90099e-09	0	0	0	0	0.881818	0.950437	0.265306	0.565217	0.867452	9.90099e-09	0.0594059	9.90099e-09	1	0.0991254	0.214697	1.5	0.666667	1.5	1	1	16834.1	1e+20	3.13351e+15	57.546	94.6982	80.4394	72.4619	53.6228	60.5066	
186000	-138647	-1211.97	-91895.5	-18306.2	0.205606	1	0.144064	13.8827	5.80973	0.0372086	19.8764	0.190155	7159	99	602	-33958.9	85.8034f	85.1798	4	1	1	0.039604	0.0594059	0.019802	9.90099e-09	0	0	0	0	0.881818	0.960619	0.290909	0.479675	0.907563	9.90099e-09	0.0594059	9.90099e-09	1	0.112045	0.195793	1.5	0.666667	1.5	1	1	16834.1	1e+20	3.13351e+15	90.2538	90.7885	80.4394	72.4619	85.8034	85.1798	
187000	-139010	-1211.97	-92257.8	-18301.5	0.205606	1	0.144064	13.8827	5.80973	0.00753255	19.8764	0.190155	7156	99	642	-33958.9	42.6465f	70.9869	4	1	1	0.039604	0.0594059	0.019802	9.90099e-09	0	0	0	0	0.890909	0.967697	0.268258	0.492063	0.933989	9.90099e-09	0.0594059	9.90099e-09	1	0.117318	0.216216	1.5	0.666667	1.5	1	1	16834.1	1e+20	3.13351e+15	90.2538	90.7885	80.4394	72.4619	42.6465	70.9869	
188000	-136349	-1211.97	-89596.6	-17970.9	0.205606	1	0.159536	12.5363	6.43369	0.00309833	19.8764	0.15506	6947	99	605	-33958.9	59.8204f	59.9973	4	1	1	0.039604	0.0594059	0.019802	9.90099e-09	0	0	0	0	0.854545	0.955587	0.251799	0.581967	0.895184	9.90099e-09	0.0594059	9.90099e-09	1	0.12	0.200949	1.5	0.666667	1.5	1	1	16834.1	1e+20	3.13351e+15	90.2538	90.7885	63.9006	66.8515	59.8204	59.9973	
189000	-137410	-1211.97	-90658.5	-18045.3	0.204961	1	0.16218	12.332	6.5198	0.00814787	19.8764	0.150518	6994	99	652	-33958.9	30.7515f	37.2765	4	1	1	0.039604	0.0594059	0.019802	9.90099e-09	0	0	0	0	0.845455	0.961429	0.250358	0.526316	0.894286	9.90099e-09	0.0594059	9.90099e-09	1	0.0885714	0.203338	1.5	0.666667	1.5	1	1	16834.1	1e+20	3.13351e+15	97.4422	51.1617	63.9006	66.8515	30.7515	37.2765	
190000	-137732	-1211.97	-90979.8	-18070.6	0.204961	1	0.164735	12.1407	6.62252	0.0278471	19.8764	0.145885	7010	99	662	-33958.9	68.3456f	89.2905	4	1	1	0.039604	0.0990099	0.009901	9.90099e-09	0	0	0	0	0.872727	0.965909	0.281429	0.530769	0.882102	9.90099e-09	0.0693069	9.90099e-09	1	0.112857	0.185714	1.5	0.666667	1.5	1	1	16834.1	1e+20	3.13351e+15	97.4422	51.1617	63.9006	66.8515	68.3456	89.2905	
191000	-135216	-1211.97	-88464.1	-17841.8	0.202854	1	0.152007	13.1573	6.04801	0.043322	19.8764	0.173119	6866	99	576	-33958.9	79.8898f	4.87183	4	1	1	0.039604	0.0990099	0.009901	9.90099e-09	0	0	0	0	0.881818	0.969343	0.229075	0.525424	0.888399	9.90099e-09	0.0693069	9.90099e-09	1	0.113537	0.222031	1.5	0.666667	1.5	1	1	16834.1	1e+20	3.13351e+15	97.4422	51.1617	58.8698	34.2221	79.8898	4.87183	
192000	-135588	-1211.97	-88835.6	-17894.5	0.202854	1	0.152007	13.1573	5.72733	0.0159318	19.6076	0.182812	6899	99	584	-33958.9	40.8791f	18.7092	4	1	1	0.039604	0.0990099	0.009901	9.90099e-09	0	0	0	0	0.863636	0.966859	0.295129	0.564103	0.897399	9.90099e-09	0.0693069	9.90099e-09	1	0.0959885	0.185784	1.5	0.666667	1.5	1	1	16834.1	1e+20	3.13351e+15	77.2732	21.969	58.8698	34.2221	40.8791	18.7092	
193000	-134136	-1211.97	-87384.3	-17749.3	0.202854	1	0.149129	13.4112	5.61891	0.00559284	19.6076	0.189935	6808	99	540	-33958.9	64.6974f	62.2839	4	1	1	0.039604	0.0990099	0.009901	9.90099e-09	0	0	0	0	0.872727	0.965015	0.226608	0.619469	0.887283	9.90099e-09	0.0693069	9.90099e-09	1	0.108664	0.212121	1.5	0.666667	1.5	1	1	16834.1	1e+20	3.13351e+15	97.4422	51.1617	58.8698	34.2221	64.6974	62.2839	
194000	-135301	-1211.97	-88548.8	-17720.6	0.202854	1	0.171012	11.6951	6.4434	0.0012371	19.6076	0.144437	6790	99	664	-33958.9	41.8985f	49.5358	4	1	1	0.039604	0.0990099	0.009901	9.90099e-09	0	0	0	0	0.909091	0.949926	0.291176	0.514925	0.88218	9.90099e-09	0.0693069	9.90099e-09	1	0.110457	0.222222	1.5	0.666667	1.5	1	1	16834.1	1e+20	3.13351e+15	97.4422	51.1617	58.8698	34.2221	41.8985	49.5358	
195000	-135019	-1211.97	-88267.2	-17678	0.198173	1	0.167122	11.9673	6.20277	0.0201978	19.6483	0.153533	6764	99	665	-33958.9	73.0198f	21.2109	4	1	1	0.039604	0.0990099	0.009901	9.90099e-09	0	0	0	0	0.836364	0.970588	0.246753	0.507576	0.870015	9.90099e-09	0.0693069	9.90099e-09	1	0.124077	0.186846	1.5	0.666667	1.5	1	1	16834.1	1e+20	3.13351e+15	91.6958	43.8196	87.9874	48.6905	73.0198	21.2109	
196000	-133098	-1211.97	-86345.9	-17485.4	0.198173	1	0.161141	12.4115	5.98081	0.0428593	19.6483	0.16514	6645	99	606	-33958.9	93.6385f	18.4149	4	1	1	0.039604	0.0891089	0.019802	9.90099e-09	0	0	0	0	0.909091	0.944361	0.243202	0.571429	0.892911	9.90099e-09	0.0693069	9.90099e-09	1	0.114286	0.207746	1.5	0.666667	1.5	1	1	16834.1	1e+20	3.13351e+15	91.6958	43.8196	87.9874	48.6905	93.6385	18.4149	
197000	-132562	-1211.97	-85809.6	-17427.2	0.198173	1	0.161605	12.3759	5.99802	0.0129084	19.6483	0.164194	6609	99	597	-33958.9	62.2921f	23.3457	4	1	1	0.039604	0.0891089	0.019802	9.90099e-09	0	0	0	0	0.890909	0.95764	0.269289	0.507692	0.892587	9.90099e-09	0.0693069	9.90099e-09	1	0.0832073	0.199074	1.5	0.666667	1.5	1	1	16834.1	1e+20	3.13351e+15	91.6958	43.8196	88.3859	43.5255	62.2921	23.3457	
198000	-134633	-1211.97	-87880.6	-17668.3	0.198173	1	0.168087	11.8986	6.37738	0.00499784	19.7567	0.148472	6758	99	624	-33958.9	66.0614f	41.7601	4	1	1	0.039604	0.0891089	0.019802	9.90099e-09	0	0	0	0	0.881818	0.968981	0.27071	0.487805	0.902222	9.90099e-09	0.0693069	9.90099e-09	1	0.10963	0.207071	1.5	0.666667	1.5	1	1	16834.1	1e+20	3.13351e+15	91.6958	43.8196	88.3859	43.5255	66.0614	41.7601	
199000	-131833	-1211.97	-85081.5	-17317.1	0.198173	1	0.168413	11.8756	6.64051	0.04789	19.9477	0.142313	6541	99	592	-33958.9	98.0197f	19.3625	4	1	1	0.039604	0.0891089	0.019802	9.90099e-09	0	0	0	0	0.872727	0.963415	0.263238	0.495868	0.870677	9.90099e-09	0.0693069	9.90099e-09	1	0.106767	0.226351	1.5	0.666667	1.5	1	1	16834.1	1e+20	3.13351e+15	91.6958	43.8196	88.3859	43.5255	98.0197	19.3625	
200000	-133689	-1211.97	-86936.9	-17569.9	0.19516	1	0.163379	12.2415	6.34408	0.0169485	19.9477	0.153552	6697	99	605	-33958.9	81.6582f	38.2392	4	1	1	0.039604	0.0891089	0.019802	9.90099e-09	0	0	0	0	0.845455	0.959398	0.236173	0.525	0.893871	9.90099e-09	0.0693069	9.90099e-09	1	0.109281	0.185811	1.5	0.666667	1.5	1	1	16834.1	1e+20	3.13351e+15	91.6958	43.8196	88.3859	43.5255	81.6582	38.2392	
201000	-132552	-1211.97	-85799.6	-17439.2	0.19516	1	0.164309	12.1722	6.38021	0.0475004	19.9477	0.151818	6617	99	582	-33958.9	98.2699f	20.1974	4	1	1	0.039604	0.0891089	0.019802	9.90099e-09	0	0	0	0	0.872727	0.948795	0.303625	0.470588	0.89955	9.90099e-09	0.0693069	9.90099e-09	1	0.102719	0.183849	1.5	0.666667	1.5	1	1	16834.1	1e+20	3.13351e+15	90.8463	54.0768	88.3859	43.5255	98.2699	20.1974	
202000	-134607	-1211.97	-87854.7	-17685.9	0.19516	1	0.158003	12.658	6.13532	0.0403678	19.9477	0.164179	6768	99	619	-33958.9	83.6245f	90.0404	4	1	1	0.009901	0.0990099	0.019802	9.90099e-09	0	0	0	0	0.845455	0.963289	0.260615	0.52	0.905465	9.90099e-09	0.0693069	9.90099e-09	1	0.131772	0.2176	1.5	0.666667	1.5	1	1	16834.1	1e+20	3.13351e+15	90.8463	54.0768	88.3859	43.5255	83.6245	90.0404	
203000	-132597	-1211.97	-85845.5	-17435.9	0.19516	1	0.162485	12.3088	6.25906	0.00753738	19.9078	0.156494	6615	99	592	-33958.9	72.2012f	47.363	4	1	1	0.009901	0.0990099	0.019802	9.90099e-09	0	0	0	0	0.890909	0.969697	0.233786	0.460317	0.889226	9.90099e-09	0.108911	9.90099e-09	1	0.10423	0.204738	1.5	0.666667	1.5	1	1	16834.1	1e+20	3.13351e+15	90.8463	54.0768	88.2817	41.4497	72.2012	47.363	
204000	-133012	-1211.97	-86260.1	-17475.1	0.19516	1	0.159164	12.5656	6.13116	0.0192188	19.9078	0.163092	6639	99	605	-33958.9	85.2147f	42.5436	4	1	1	0.009901	0.0990099	0.039604	9.90099e-09	0	0	0	0	0.845455	0.967066	0.255639	0.455285	0.904335	9.90099e-09	0.108911	9.90099e-09	1	0.129518	0.175123	1.5	0.666667	1.5	1	1	16834.1	1e+20	3.13351e+15	90.8463	54.0768	88.2817	41.4497	85.2147	42.5436	
205000	-130780	-1211.97	-84028.1	-17170.6	0.191099	1	0.159164	12.5656	6.00359	0.0151573	19.9078	0.166557	6454	99	582	-33958.9	78.3849f	35.4258	4	1	1	0.009901	0.0990099	0.039604	9.90099e-09	0	0	0	0	0.863636	0.956723	0.236842	0.570248	0.904025	9.90099e-09	0.108911	9.90099e-09	1	0.119195	0.199313	1.5	0.666667	1.5	1	1	16834.1	1e+20	3.13351e+15	90.8463	54.0768	67.866	35.8092	78.3849	35.4258	
206000	-131107	-1211.97	-84354.8	-17203.7	0.191099	1	0.176374	11.3395	6.65274	0.0155184	19.9078	0.135639	6474	99	595	-33958.9	50.832f	17.8203	4	1	1	0.009901	0.0990099	0.039604	9.90099e-09	0	0	0	0	0.863636	0.96136	0.263566	0.629032	0.912037	9.90099e-09	0.108911	9.90099e-09	1	0.12037	0.197767	1.5	0.666667	1.5	1	1	16834.1	1e+20	3.13351e+15	58.8767	84.6643	67.866	35.8092	50.832	17.8203	
207000	-132287	-1211.97	-85534.8	-17413.3	0.192492	1	0.167813	11.9181	6.18316	0.00507584	19.7556	0.153386	6601	99	579	-33958.9	68.1337f	51.789	4	1	1	0.009901	0.0990099	0.039604	9.90099e-09	0	0	0	0	0.836364	0.959215	0.225076	0.560976	0.871601	9.90099e-09	0.108911	9.90099e-09	1	0.117825	0.183168	1.5	0.666667	1.5	1	1	16834.1	1e+20	3.13351e+15	58.8767	84.6643	67.866	35.8092	68.1337	51.789	
208000	-133024	-1211.97	-86272.5	-17436.4	0.192492	1	0.167813	11.9181	6.18316	0.00775785	19.7556	0.153386	6615	99	633	-33958.9	71.8733f	43.9864	4	1	1	0.019802	0.0990099	0.039604	9.90099e-09	0	0	0	0	0.854545	0.962406	0.26435	0.516129	0.873112	9.90099e-09	0.108911	9.90099e-09	1	0.133835	0.210084	1.5	0.666667	1.5	1	1	16834.1	1e+20	3.13351e+15	83.9798	81.274	67.866	35.8092	71.8733	43.9864	
209000	-132180	-1211.97	-85427.7	-17347.4	0.192492	1	0.167813	11.9181	6.18316	0.018174	19.7556	0.153386	6561	99	610	-33958.9	84.6891f	45.374	4	1	1	0.019802	0.0693069	0.039604	9.90099e-09	0	0	0	0	0.872727	0.967939	0.243531	0.577236	0.865649	9.90099e-09	0.108911	9.90099e-09	1	0.109924	0.209836	1.5	0.666667	1.5	1	1	16834.1	1e+20	3.13351e+15	83.9798	81.274	67.866	35.8092	84.6891	45.374	
210000	-133120	-1211.97	-86368.1	-17456.3	0.192125	1	0.159658	12.5268	5.79142	0.00352101	19.6879	0.172125	6627	99	626	-33958.9	57.0922f	36.839	4	1	1	0.019802	0.0693069	0.009901	9.90099e-09	0	0	0	0	0.790909	0.957704	0.252266	0.5	0.889055	9.90099e-09	0.0792079	9.90099e-09	1	0.128205	0.220447	1.5	0.666667	1.5	1	1	16834.1	1e+20	3.13351e+15	83.9798	81.274	67.866	35.8092	57.0922	36.839	
211000	-133334	-1211.97	-86581.7	-17418.4	0.192125	1	0.170988	11.6967	6.20242	0.0259849	19.6879	0.15007	6604	99	671	-33958.9	65.9046f	11.3099	4	1	1	0.019802	0.0693069	0.009901	9.90099e-09	0	0	0	0	0.809091	0.965046	0.277273	0.492537	0.877273	9.90099e-09	0.0792079	9.90099e-09	1	0.133333	0.204819	1.5	0.666667	1.5	1	1	16834.1	1e+20	3.13351e+15	87.9443	50.6115	67.866	35.8092	65.9046	11.3099	
212000	-129515	-1211.97	-82762.7	-16976.9	0.186639	1	0.170988	11.6967	5.9418	0.00836001	19.6194	0.156652	6338	99	587	-33958.9	68.5913f	35.5493	4	1	1	0.019802	0.0693069	0.009901	9.90099e-09	0	0	0	0	0.881818	0.952978	0.259084	0.571429	0.887658	9.90099e-09	0.0792079	9.90099e-09	1	0.117089	0.18315	1.5	0.666667	1.5	1	1	16834.1	1e+20	3.13351e+15	94.5086	57.0182	67.866	35.8092	68.5913	35.5493	
213000	-130763	-1211.97	-84011.2	-17158.2	0.186639	1	0.170988	11.6967	5.9418	0.0210989	19.6194	0.156652	6446	99	597	-33958.9	61.777f	14.2422	4	1	1	0.019802	0.0693069	0.009901	9.90099e-09	0	0	0	0	0.918182	0.967543	0.239938	0.491525	0.896764	9.90099e-09	0.0792079	9.90099e-09	1	0.116099	0.182777	1.5	0.666667	1.5	1	1	16834.1	1e+20	3.13351e+15	94.5086	57.0182	67.866	35.8092	61.777	14.2422	
214000	-130121	-1211.97	-83369.1	-17104.5	0.186639	1	0.164831	12.1336	5.63359	0.00750821	19.5382	0.171394	6414	99	570	-33958.9	60.0005f	30.1354	4	1	1	0.019802	0.0693069	0.009901	9.90099e-09	0	0	0	0	0.9	0.972006	0.239063	0.535088	0.8949	9.90099e-09	0.0792079	9.90099e-09	1	0.115086	0.162113	1.5	0.666667	1.5	1	1	16834.1	1e+20	3.13351e+15	94.5086	57.0182	67.866	35.8092	60.0005	30.1354	
215000	-128808	-1211.97	-82056.4	-16896.2	0.186112	1	0.164831	12.1336	5.68976	0.0131907	19.6005	0.169702	6290	99	576	-33958.9	77.7909f	60.6398	4	1	1	0.019802	0.039604	0.049505	9.90099e-09	0	0	0	0	0.863636	0.96378	0.252765	0.535088	0.886614	9.90099e-09	0.0792079	9.90099e-09	1	0.110585	0.194444	1.5	0.666667	1.5	1	1	16834.1	1e+20	3.13351e+15	94.5086	57.0182	68.5763	60.407	77.7909	60.6398	
216000	-129598	-1211.97	-82845.9	-16961.8	0.186319	1	0.164831	12.1336	6.13741	0.00332662	19.9696	0.157324	6329	99	607	-33958.9	51.9583f	35.6692	4	1	1	0.019802	0.039604	0.049505	9.90099e-09	0	0	0	0	0.854545	0.954259	0.260252	0.441667	0.879937	9.90099e-09	0.118812	9.90099e-09	1	0.130915	0.194399	1.5	0.666667	1.5	1	1	16834.1	1e+20	3.13351e+15	94.5086	57.0182	68.5763	60.407	51.9583	35.6692	
217000	-131396	-1211.97	-84644.3	-17202.1	0.189825	1	0.170713	11.7156	6.47601	0.0210361	19.9696	0.143961	6473	99	628	-33958.9	87.5577f	46.9674	4	1	1	0.019802	0.039604	0.049505	9.90099e-09	0	0	0	0	0.9	0.948916	0.240741	0.531746	0.884438	9.90099e-09	0.118812	9.90099e-09	1	0.108527	0.208599	1.5	0.666667	1.5	1	1	16834.1	1e+20	3.13351e+15	94.5086	57.0182	68.5763	60.407	87.5577	46.9674	
218000	-130648	-1211.97	-83896.4	-17208.8	0.189825	1	0.141654	14.1189	5.37366	0.011516	19.9696	0.209084	6477	99	546	-33958.9	69.7334f	30.5215	4	1	1	0.019802	0.039604	0.049505	9.90099e-09	0	0	0	0	0.890909	0.975309	0.265432	0.458716	0.885093	9.90099e-09	0.118812	9.90099e-09	1	0.125	0.218472	1.5	0.666667	1.5	1	1	16834.1	1e+20	3.13351e+15	94.5086	57.0182	68.5763	60.407	69.7334	30.5215	
219000	-131406	-1211.97	-84654	-17235.6	0.189159	1	0.165361	12.0948	5.82799	0.015769	19.6229	0.165146	6493	99	603	-33958.9	79.5316f	36.2954	4	1	1	0.049505	0.039604	0.049505	9.90099e-09	0	0	0	0	0.881818	0.972393	0.261137	0.559322	0.886154	9.90099e-09	0.118812	9.90099e-09	1	0.101538	0.182131	1.5	0.666667	1.5	1	1	16834.1	1e+20	3.13351e+15	94.5086	57.0182	68.5763	60.407	79.5316	36.2954	
220000	-133387	-1211.97	-86634.5	-17485	0.196493	1	0.166386	12.0202	6.31703	0.00210298	19.802	0.151423	6645	99	634	-33958.9	39.5786f	46.0725	4	1	1	0.049505	0.0594059	0.049505	9.90099e-09	0	0	0	0	0.836364	0.962462	0.247748	0.52381	0.877246	9.90099e-09	0.118812	9.90099e-09	1	0.109281	0.202177	1.5	0.666667	1.5	1	1	16834.1	1e+20	3.13351e+15	94.5086	57.0182	63.4785	47.7776	39.5786	46.0725	
221000	-134331	-1211.97	-87579.2	-17686.7	0.196493	1	0.166386	12.0202	6.56545	0.0188483	19.9939	0.145693	6769	99	596	-33958.9	66.3173f	18.3879	4	1	1	0.049505	0.0594059	0.0693069	9.90099e-09	0	0	0	0	0.881818	0.980769	0.265879	0.516129	0.918276	9.90099e-09	0.039604	9.90099e-09	1	0.131657	0.196203	1.5	0.666667	1.5	1	1	16834.1	1e+20	3.13351e+15	94.5086	57.0182	69.8318	42.0462	66.3173	18.3879	
222000	-132284	-1211.97	-85531.9	-17353.2	0.196493	1	0.170408	11.7365	6.72415	0.0296181	19.9939	0.138897	6564	99	612	-33958.9	11.8109f	73.0197	4	1	1	0.049505	0.0594059	0.0693069	9.90099e-09	0	0	0	0	0.890909	0.944024	0.267776	0.540323	0.891074	9.90099e-09	0.039604	9.90099e-09	1	0.102874	0.171244	1.5	0.666667	1.5	1	1	16834.1	1e+20	3.13351e+15	94.5086	57.0182	40.161	63.0846	11.8109	73.0197	
223000	-136503	-1211.97	-89750.9	-17864.2	0.201662	1	0.179986	11.112	7.28892	0.00960865	19.9939	0.121316	6880	99	681	-33958.9	27.2895f	60.7783	4	1	1	0.049505	0.0594059	0.0693069	9.90099e-09	0	0	0	0	0.918182	0.956522	0.261628	0.550725	0.875362	9.90099e-09	0.039604	9.90099e-09	1	0.133333	0.224638	1.5	0.666667	1.5	1	1	16834.1	1e+20	3.13351e+15	94.5086	57.0182	39.4165	62.5026	27.2895	60.7783	
224000	-137696	-1211.97	-90944.3	-18149.2	0.207147	1	0.154069	12.9812	6.40906	0.00308926	19.9939	0.16118	7060	99	614	-33958.9	38.2809f	57.3425	4	1	1	0.049505	0.0594059	0.0693069	9.90099e-09	0	0	0	0	0.818182	0.960057	0.275321	0.508197	0.900143	9.90099e-09	0.039604	9.90099e-09	1	0.109843	0.196046	1.5	0.666667	1.5	1	1	16834.1	1e+20	3.13351e+15	94.5086	57.0182	39.4165	62.5026	38.2809	57.3425	
225000	-141209	-1211.97	-94456.9	-18592.7	0.215876	1	0.154069	12.9812	6.20528	0.0130737	19.6294	0.166473	7346	99	653	-33958.9	30.342f	71.9536	4	1	1	0.0891089	0.0594059	0.0693069	9.90099e-09	0	0	0	0	0.845455	0.959016	0.250681	0.580645	0.891334	9.90099e-09	0.039604	9.90099e-09	1	0.119728	0.206738	1.5	0.666667	1.5	1	1	16834.1	1e+20	3.13351e+15	94.5086	57.0182	39.4165	62.5026	30.342	71.9536	
226000	-143180	-1211.97	-96427.7	-18744.5	0.215876	1	0.178071	11.2315	6.93939	0.031638	19.4683	0.128797	7445	99	738	-33958.9	3.94059f	48.8371	4	1	1	0.0891089	0.0594059	0.0693069	9.90099e-09	0	0	0	0	0.890909	0.951351	0.218035	0.59589	0.906465	9.90099e-09	0.039604	9.90099e-09	1	0.150336	0.185637	1.5	0.666667	1.5	1	1	16834.1	1e+20	3.13351e+15	94.5086	57.0182	18.7831	50.1083	3.94059	48.8371	
227000	-144789	-1211.97	-98037.1	-18932.5	0.22119	1	0.181282	11.0326	7.23839	0.0124511	19.4683	0.12129	7570	99	765	-33958.9	27.4547f	32.2386	4	1	1	0.0891089	0.0693069	0.029703	9.90099e-09	0	0	0	0	0.918182	0.946667	0.272127	0.551724	0.892573	9.90099e-09	0.039604	9.90099e-09	1	0.134565	0.195187	1.5	0.666667	1.5	1	1	16834.1	1e+20	3.13351e+15	66.5945	80.0621	18.7831	50.1083	27.4547	32.2386	
228000	-142910	-1211.97	-96158.3	-18730.2	0.220941	1	0.175617	11.3884	7.00433	0.0137513	19.4683	0.129386	7436	99	724	-33958.9	19.8131f	49.8143	4	1	1	0.0891089	0.0693069	0.029703	9.90099e-09	0	0	0	0	0.918182	0.950135	0.224764	0.46	0.875661	9.90099e-09	0.0792079	9.90099e-09	1	0.109164	0.192771	1.5	0.666667	1.5	1	1	16834.1	1e+20	3.13351e+15	66.5945	80.0621	18.7831	50.1083	19.8131	49.8143	
229000	-144225	-1211.97	-97473.3	-18917.4	0.220941	1	0.165033	12.1188	6.58221	0.0329829	19.4683	0.146513	7560	99	720	-33958.9	3.41688f	56.6644	4	1	1	0.0891089	0.0693069	0.029703	9.90099e-09	0	0	0	0	0.836364	0.969617	0.231176	0.517241	0.878628	9.90099e-09	0.0792079	9.90099e-09	1	0.107001	0.180193	1.5	0.666667	1.5	1	1	16834.1	1e+20	3.13351e+15	87.1743	11.6514	18.0023	55.1823	3.41688	56.6644	
230000	-142376	-1211.97	-95624.2	-18731.7	0.220941	1	0.165033	12.1188	6.58221	0.0111661	19.4683	0.146513	7437	99	674	-33958.9	24.5271f	40.6515	4	1	1	0.0891089	0.0693069	0.029703	9.90099e-09	0	0	0	0	0.890909	0.955705	0.229223	0.373016	0.88874	9.90099e-09	0.0792079	9.90099e-09	1	0.115436	0.185759	1.5	0.666667	1.5	1	1	16834.1	1e+20	3.13351e+15	57.9123	91.1744	18.0023	55.1823	24.5271	40.6515	
231000	-143056	-1211.97	-96304.5	-18734.8	0.220941	1	0.180199	11.0989	7.47351	0.0204867	19.6595	0.11818	7439	99	728	-33958.9	14.4819f	39.7208	4	1	1	0.0891089	0.0693069	0.029703	9.90099e-09	0	0	0	0	0.863636	0.951417	0.244295	0.478571	0.875843	9.90099e-09	0.0792079	9.90099e-09	1	0.0967742	0.220238	1.5	0.666667	1.5	1	1	16834.1	1e+20	3.13351e+15	57.9123	91.1744	18.0023	55.1823	14.4819	39.7208	
232000	-144493	-1211.97	-97740.8	-18922	0.220941	1	0.180199	11.0989	7.58939	0.00356456	19.7352	0.116375	7563	99	737	-33958.9	38.9049f	40.0104	4	1	1	0.0891089	0.0693069	0.029703	9.90099e-09	0	0	0	0	0.872727	0.969657	0.266491	0.472222	0.894459	9.90099e-09	0.0792079	9.90099e-09	1	0.0951123	0.208955	1.5	0.666667	1.5	1	1	16834.1	1e+20	3.13351e+15	57.9123	91.1744	18.0023	55.1823	38.9049	40.0104	
233000	-143820	-1211.97	-97068.4	-18828.4	0.220941	1	0.183582	10.8943	7.73189	0.0297372	19.7352	0.112125	7501	99	736	-33958.9	5.51528f	46.123	4	1	1	0.019802	0.0594059	0.029703	9.90099e-09	0	0	0	0	0.872727	0.954606	0.278075	0.506757	0.881175	9.90099e-09	0.0792079	9.90099e-09	1	0.113485	0.183646	1.5	0.666667	1.5	1	1	16834.1	1e+20	3.13351e+15	57.9123	91.1744	18.0023	55.1823	5.51528	46.123	
234000	-143092	-1211.97	-96340.5	-18752.9	0.220941	1	0.179331	11.1526	7.36661	0.00208408	19.6124	0.120475	7451	99	721	-33958.9	43.538f	59.076	4	1	1	0.019802	0.0594059	0.039604	9.90099e-09	0	0	0	0	0.854545	0.94008	0.243968	0.520548	0.881491	9.90099e-09	0.0990099	9.90099e-09	1	0.132708	0.172603	1.5	0.666667	1.5	1	1	16834.1	1e+20	3.13351e+15	57.9123	91.1744	18.0023	55.1823	43.538	59.076	
235000	-144641	-1211.97	-97889.2	-18958.1	0.221302	1	0.179331	11.1526	7.93286	0.0203445	19.9708	0.111876	7587	99	723	-33958.9	13.2776f	46.9859	4	1	1	0.019802	0.0594059	0.039604	9.90099e-09	0	0	0	0	0.845455	0.961892	0.244032	0.48	0.894598	9.90099e-09	0.0990099	9.90099e-09	1	0.131752	0.195622	1.5	0.666667	1.5	1	1	16834.1	1e+20	3.13351e+15	57.9123	91.1744	18.0023	55.1823	13.2776	46.9859	
236000	-143049	-1211.97	-96296.6	-18852.8	0.223151	1	0.155889	12.8296	6.95351	0.0306584	19.9708	0.146825	7517	99	653	-33958.9	54.8334f	95.2259	4	1	1	0.019802	0.0594059	0.039604	9.90099e-09	0	0	0	0	0.827273	0.969496	0.27321	0.507576	0.880637	9.90099e-09	0.0990099	9.90099e-09	1	0.096817	0.205706	1.5	0.666667	1.5	1	1	16834.1	1e+20	3.13351e+15	73.0145	94.8051	31.4573	88.1762	54.8334	95.2259	
237000	-144053	-1211.97	-97301.2	-19005.7	0.223151	1	0.138183	14.4736	6.1637	0.0350331	19.9708	0.186864	7619	99	639	-33958.9	29.6583f	94.1235	4	1	1	0.019802	0.0594059	0.039604	9.90099e-09	0	0	0	0	0.854545	0.97903	0.261155	0.578125	0.923885	9.90099e-09	0.0990099	9.90099e-09	1	0.107612	0.186795	1.5	0.666667	1.5	1	1	16834.1	1e+20	3.13351e+15	73.0145	94.8051	31.4573	88.1762	29.6583	94.1235	
238000	-143727	-1211.97	-96975.5	-18984.7	0.223151	1	0.147975	13.5158	6.60048	0.0150012	19.9708	0.162951	7605	99	623	-33958.9	25.9877f	70.5368	4	1	1	0.019802	0.0891089	0.039604	9.90099e-09	0	0	0	0	0.836364	0.974967	0.256579	0.529851	0.880577	9.90099e-09	0.0990099	9.90099e-09	1	0.111549	0.205793	1.5	0.666667	1.5	1	1	16834.1	1e+20	3.13351e+15	73.0145	94.8051	31.4573	88.1762	25.9877	70.5368	
239000	-143543	-1211.97	-96791.3	-18869.3	0.223151	1	0.15321	13.054	6.834	0.0248489	19.9708	0.152005	7528	99	683	-33958.9	20.3818f	78.0917	4	1	1	0.019802	0.0891089	0.039604	9.90099e-09	0	0	0	0	0.827273	0.965608	0.264628	0.530303	0.875163	9.90099e-09	0.0990099	9.90099e-09	1	0.126482	0.232796	1.5	0.666667	1.5	1	1	16834.1	1e+20	3.13351e+15	73.0145	94.8051	31.4573	88.1762	20.3818	78.0917	
240000	-144203	-1211.97	-97450.8	-19005.2	0.220533	1	0.15321	13.054	6.57734	0.0278193	19.839	0.157937	7618	99	652	-33958.9	37.1616f	91.3196	4	1	1	0.019802	0.0891089	0.019802	9.90099e-09	0	0	0	0	0.863636	0.968504	0.282523	0.515152	0.90276	9.90099e-09	0.0990099	9.90099e-09	1	0.109067	0.210853	1.5	0.666667	1.5	1	1	16834.1	1e+20	3.13351e+15	72.093	92.2392	31.4573	88.1762	37.1616	91.3196	
241000	-145056	-1211.97	-98304.1	-19154	0.223509	1	0.14295	13.9909	6.21971	0.011356	19.839	0.179005	7718	99	635	-33958.9	40.365f	75.7122	4	1	1	0.019802	0.0891089	0.019802	9.90099e-09	0	0	0	0	0.854545	0.972727	0.249027	0.53125	0.914286	9.90099e-09	0.138614	9.90099e-09	1	0.110104	0.207337	1.5	0.666667	1.5	1	1	16834.1	1e+20	3.13351e+15	18.5832	96.7352	31.4573	88.1762	40.365	75.7122	
242000	-145964	-1211.97	-99211.6	-19291.7	0.229831	1	0.14295	13.9909	6.39564	0.0106927	19.839	0.174081	7812	99	629	-33958.9	23.7446f	53.8974	4	1	1	0.019802	0.0891089	0.019802	9.90099e-09	0	0	0	0	0.854545	0.96301	0.288265	0.460317	0.901535	9.90099e-09	0.138614	9.90099e-09	1	0.109694	0.207178	1.5	0.666667	1.5	1	1	16834.1	1e+20	3.13351e+15	97.486	19.1525	47.9109	61.8857	23.7446	53.8974	
243000	-148404	-1211.97	-101652	-19590.1	0.229831	1	0.148818	13.4392	6.62357	0.00554045	19.8132	0.161463	8015	99	648	-33958.9	47.0346f	31.3031	4	1	1	0.019802	0.0891089	0.019802	9.90099e-09	0	0	0	0	0.836364	0.971393	0.259352	0.536232	0.899619	9.90099e-09	0.138614	9.90099e-09	1	0.103491	0.207891	1.5	0.666667	1.5	1	1	16834.1	1e+20	3.13351e+15	41.6944	95.7018	47.9109	61.8857	47.0346	31.3031	
244000	-146099	-1211.97	-99347.4	-19213.4	0.232584	1	0.172985	11.5617	7.7914	0.000303464	19.8132	0.118086	7758	99	698	-33958.9	49.2025f	51.8434	4	1	1	0.019802	0.0891089	0.019802	9.90099e-09	0	0	0	0	0.818182	0.965251	0.269133	0.6	0.877577	9.90099e-09	0.138614	9.90099e-09	1	0.11583	0.200586	1.5	0.666667	1.5	1	1	16834.1	1e+20	3.13351e+15	63.7928	99.7919	47.9109	61.8857	49.2025	51.8434	
245000	-146882	-1211.97	-100130	-19362.1	0.232584	1	0.147749	13.5365	6.81574	0.000463425	19.9319	0.158046	7860	99	659	-33958.9	53.6526f	51.5666	4	1	1	0.019802	0.0990099	0.019802	9.90099e-09	0	0	0	0	0.836364	0.974651	0.265228	0.536765	0.906801	9.90099e-09	0.138614	9.90099e-09	1	0.113088	0.196347	1.5	0.666667	1.5	1	1	16834.1	1e+20	3.13351e+15	41.6944	95.7018	47.9109	61.8857	53.6526	51.5666	
246000	-146623	-1211.97	-99871.4	-19349.4	0.228487	1	0.146781	13.6257	6.65182	0.0108699	19.9319	0.163008	7851	99	643	-33958.9	26.1465f	37.8606	4	1	1	0.0693069	0.0990099	0.039604	9.90099e-09	0	0	0	0	0.818182	0.968274	0.25827	0.515385	0.908397	9.90099e-09	0.138614	9.90099e-09	1	0.0941476	0.16877	1.5	0.666667	1.5	1	1	16834.1	1e+20	3.13351e+15	41.6944	95.7018	47.9109	61.8857	26.1465	37.8606	
247000	-146233	-1211.97	-99480.8	-19268.2	0.228487	1	0.153388	13.0388	6.95124	0.00927445	19.9319	0.149268	7796	99	667	-33958.9	74.5861f	53.7575	4	1	1	0.0693069	0.0990099	0.039604	9.90099e-09	0	0	0	0	0.881818	0.966538	0.246787	0.531469	0.899872	9.90099e-09	0.0693069	9.90099e-09	1	0.101673	0.186082	1.5	0.666667	1.5	1	1	16834.1	1e+20	3.13351e+15	41.6944	95.7018	47.9109	61.8857	74.5861	53.7575	
248000	-144146	-1211.97	-97393.8	-19031	0.225341	1	0.142472	14.0379	6.36762	0.0206549	19.9319	0.175434	7636	99	635	-33958.9	77.9252f	74.7655	4	1	1	0.0693069	0.0990099	0.039604	9.90099e-09	0	0	0	0	0.872727	0.965879	0.279895	0.484375	0.901832	9.90099e-09	0.0693069	9.90099e-09	1	0.118799	0.167457	1.5	0.666667	1.5	1	1	16834.1	1e+20	3.13351e+15	41.6944	95.7018	47.9109	61.8857	77.9252	74.7655	
249000	-144829	-1211.97	-98076.8	-19142.9	0.224845	1	0.145498	13.7459	6.48855	0.0290078	19.9319	0.168584	7711	99	622	-33958.9	20.3951f	82.7506	4	1	1	0.0693069	0.0990099	0.039604	9.90099e-09	0	0	0	0	0.872727	0.97542	0.223087	0.611111	0.900388	9.90099e-09	0.0693069	9.90099e-09	1	0.0866753	0.18328	1.5	0.666667	1.5	1	1	16834.1	1e+20	3.13351e+15	41.6944	95.7018	47.9109	61.8857	20.3951	82.7506	
250000	-142897	-1211.97	-96144.6	-18869.8	0.224845	1	0.1553	12.8783	6.78467	0.0044355	19.8297	0.15105	7528	99	629	-33958.9	39.8037f	36.654	4	1	1	0.0693069	0.0990099	0.039604	9.90099e-09	0	0	0	0	0.872727	0.957503	0.260292	0.347107	0.913679	9.90099e-09	0.0693069	9.90099e-09	