
# before rand glnL: -44572.633016 alnL: -1339.009630
# ninter: 99
# ncoal: 99
# nhits: 99
# true lbda: 0.002423
# true mu: 0.902638
# true rad: 77.785359
# true sigsq: 100.617391
# true neigh. size: 2.215727
# fst-based estimate of neighborhood size: -nan
# nucleotide diversity: 0.000000
# length of a generation: 1865.07 time units
# clock rate: 1 subst. per time unit
# after rand glnL: -44572.633016 alnL: -1339.009630
# ninter: 99
# ncoal: 99
# nhits: 99
# start lbda: 0.002423
# start mu: 0.902638
# start rad: 19.752685
sample	lnP	alnL	glnL	tlnL	lbda	clock	mu	neigh	sigsq	sigsqobs	rad	rhoe	nInt	nCoal	nHit	rootTime	rootLon	rootLat	tstv	alpha	MeanBr	accLbda	accMu	accRad	accInDelDisk	accInDelHit	accScaleTime	accSPR	accSPRlocal	accPath	accIndelDiskSerial	accIndelHitSerial	accLdskGivenDisk	accDiskGivenLdsk	accDiskAndLdsk	accLdskMulti	accDiskMulti	accMoveDiskUD	accAddRemoveJump	accLdskTipToRoot	tuneLbda	tuneRad	tuneMu	tuneIndelDisk	tuneIndelHit	tuneLdskGivenDisk	tuneIndelDiskSerial	tuneIndelHitSerial	c0	c1	rootc0	rootc1	rootldsk0	rootldsk1	
  1000	-52704	-1339.01	-5825	-1522.15	0.00561014	1	0.187607	10.6606	0.208137	0.00672334	19.9172	4.07587	249	99	122	-41270.7	52.9211f	43.9902	4	1	1	0	0	0	0	0	0	0	0	0.963636	0.836066	0.263636	0.442478	0.512195	0	0	0	1	0.168	0.088	1	1	1	1	1	1.5	7.59375	5.0625	97.265	54.507	31.4777	48.4875	52.9211	43.9902	
  2000	-54218.2	-1339.01	-7339.16	-2034.02	0.00886458	1	0.211409	9.46034	0.370602	0.00829951	19.9172	2.03137	353	99	134	-41270.7	34.9141f	40.0524	4	1	1	0	0	0	0	0	0	0	0	0.972727	0.861111	0.242991	0.527273	0.659259	0	0	0	1	0.12963	0.156716	1	1	1	1	1	5.0625	86.4976	3.375	97.265	54.507	31.4777	48.4875	34.9141	40.0524	
  3000	-55569.5	-1339.01	-8690.53	-2462.32	0.00990908	1	0.195477	10.2314	0.383049	0.0142163	19.9172	2.12555	445	99	143	-41270.7	26.1032f	67.3377	4	1	1	0	0	0	0	0	0	0	0	0.927273	0.875969	0.269231	0.482456	0.70229	0	0	0	1	0.123077	0.131387	1	1	1	1	1	11.3906	11222.7	17.0859	97.265	54.507	25.3826	62.0288	26.1032	67.3377	
  4000	-57189.1	-1339.01	-10310	-2947.44	0.0126634	1	0.202483	9.87735	0.507069	0.0244719	19.9172	1.55011	555	99	155	-41270.7	48.0984f	88.9748	4	1	1	0	0	0	0	0	0	0	0	0.918182	0.963303	0.223214	0.504762	0.678899	0	0	0	1	0.0892857	0.277027	1	1	1	1	1	25.6289	3.27625e+06	57.665	97.265	54.507	25.3826	62.0288	48.0984	88.9748	
  5000	-57564.4	-1339.01	-10685.4	-3019.61	0.0141884	1	0.19716	10.1441	0.553196	0.026834	19.9172	1.45923	572	99	168	-41270.7	43.3701f	91.3699	4	1	1	0	0	0	0	0	0	0	0	0.909091	0.886957	0.258621	0.530435	0.743363	0	0	0	1	0.191304	0.242424	1	1	1	1	1	38.4434	1.43465e+09	2216.84	78.3211	73.5233	33.7967	94.4915	43.3701	91.3699	
  6000	-59497.4	-1339.01	-12618.4	-3607.58	0.0164111	1	0.183402	10.905	0.595208	0.0354936	19.9172	1.45796	713	99	172	-41270.7	30.6074f	96.8693	4	1	1	0	0.287129	0.009901	0	0	0	0	0	0.890909	0.901408	0.22695	0.491379	0.795775	0	0	0.0891089	1	0.112676	0.222222	1	0.666667	1.5	1	1	86.4976	1.07338e+13	25251.2	70.851	81.5291	33.7967	94.4915	30.6074	96.8693	
  7000	-61042.4	-1339.01	-14163.4	-4006.12	0.0191457	1	0.181939	10.9927	0.688845	0.0261669	19.9172	1.26991	813	99	195	-41270.7	42.4769f	90.64	4	1	1	0.207921	0.287129	0.009901	0	0	0	0	0	0.918182	0.920245	0.26875	0.555556	0.808642	0	0.0990099	0.0891089	1	0.154321	0.321053	0.666667	0.666667	1.5	1	1	437.894	3.13351e+15	2.18416e+06	70.851	81.5291	33.7967	94.4915	42.4769	90.64	
  8000	-62657.2	-1339.01	-15778.2	-4423.15	0.0219912	1	0.222738	8.97916	0.968654	0.0299944	19.9172	0.737661	921	99	214	-41270.7	40.5141f	94.14	4	1	1	0.207921	0.287129	0.009901	0	0	0	0	0	0.872727	0.880208	0.304813	0.504505	0.72043	0	0.0990099	0.0891089	1	0.178947	0.16087	0.666667	0.666667	1.5	1	1	1477.89	6.09842e+17	3.73185e+07	79.3907	92.7572	33.7967	94.4915	40.5141	94.14	
  9000	-64795.2	-1339.01	-17916.1	-5018.65	0.02398	1	0.222738	8.97916	1.05626	0.0273233	19.9172	0.676482	1080	99	221	-41270.7	29.336f	88.561	4	1	1	0.207921	0.287129	0.009901	0	0	0	0	0	0.909091	0.943925	0.261682	0.566372	0.72549	0	0.0990099	0.0891089	1	0.122642	0.289593	0.666667	0.666667	1.5	1	1	11222.7	1e+20	3.22796e+09	79.3907	92.7572	33.7967	94.4915	29.336	88.561	
 10000	-64987.4	-1339.01	-18108.4	-5044.11	0.0270338	1	0.198291	10.0862	1.06007	0.00996675	19.9172	0.75715	1088	99	227	-41270.7	64.5178f	51.0594	4	1	1	0.207921	0.287129	0.009901	0	0	0	0	0	0.872727	0.880734	0.218182	0.545455	0.809091	0	0.0990099	0.0891089	1	0.146789	0.146789	0.666667	0.666667	1.5	1	1	37876.8	1e+20	2.79211e+11	76.7636	85.7681	66.5406	69.788	64.5178	51.0594	
 11000	-66869	-1339.01	-19990	-5555.3	0.0288885	1	0.197077	10.1483	1.12586	0.00672454	19.9172	0.717296	1231	99	232	-41270.7	54.751f	51.5633	4	1	1	0.207921	0.287129	0.009901	9.90099e-09	0	0	0	0	0.890909	0.934959	0.226891	0.623932	0.782258	0	0.0990099	0.0891089	1	0.112903	0.341014	0.666667	0.666667	1.5	1	1	37876.8	1e+20	2.79211e+11	71.124	95.5563	66.5406	69.788	54.751	51.5633	
 12000	-68801	-1339.01	-21922	-6111.5	0.0309736	1	0.148797	13.4411	0.91141	0.0320336	19.9172	1.17358	1391	99	216	-41270.7	87.3312f	70.9391	4	1	1	0.207921	0.128713	0.009901	9.90099e-09	0	0	0	0	0.881818	0.963235	0.215827	0.516667	0.797101	0	0.0990099	0.019802	1	0.0935252	0.315789	0.666667	0.666667	1.5	1	1	37876.8	1e+20	2.79211e+11	71.124	95.5563	86.6929	58.7133	87.3312	70.9391	
 13000	-70961.1	-1339.01	-24082.1	-6650.85	0.0388601	1	0.148978	13.4248	1.14486	0.0398558	19.9172	0.933132	1554	99	226	-41270.7	69.3664f	97.2856	4	1	1	0.207921	0.128713	9.90099e-09	9.90099e-09	0	0	0	0	0.890909	0.896774	0.25641	0.521368	0.826923	0	0.148515	0.019802	1	0.141026	0.30531	0.666667	0.666667	1.5	1	1	37876.8	1e+20	2.79211e+11	44.8362	89.2366	86.6929	58.7133	69.3664	97.2856	
 14000	-72482.4	-1339.01	-25603.4	-6991.86	0.0388601	1	0.164859	12.1316	1.2669	0.0344338	19.9172	0.762019	1659	99	247	-41270.7	94.4163f	46.3456	4	1	1	0.188119	0.128713	9.90099e-09	9.90099e-09	0	0	0	0	0.872727	0.951515	0.186747	0.542857	0.819277	9.90099e-09	0.148515	0.019802	1	0.143713	0.287938	0.666667	0.666667	1.5	1	1	37876.8	1e+20	2.79211e+11	92.121	81.6598	86.6929	58.7133	94.4163	46.3456	
 15000	-74186.5	-1339.01	-27307.5	-7358.3	0.0448758	1	0.164648	12.1471	1.46115	0.0127243	19.9172	0.661556	1774	99	270	-41270.7	67.3117f	60.5326	4	1	1	0.188119	0.128713	9.90099e-09	9.90099e-09	0	0	0	0	0.881818	0.903955	0.282486	0.580952	0.847458	9.90099e-09	0.148515	0.019802	1	0.135593	0.296296	0.666667	0.666667	1.5	1	1	37876.8	1e+20	2.79211e+11	64.8128	65.3469	78.6377	49.8197	67.3117	60.5326	
 16000	-74892.7	-1339.01	-28013.7	-7513.28	0.0441594	1	0.166594	12.0052	1.4476	0.0465001	19.8925	0.659953	1824	99	278	-41270.7	98.1365f	24.5597	4	1	1	0.188119	0.128713	9.90099e-09	9.90099e-09	0	0	0	0	0.881818	0.922652	0.302198	0.473214	0.815217	9.90099e-09	0.148515	0.019802	1	0.15847	0.287234	0.666667	0.666667	1.5	1	1	37876.8	1e+20	2.79211e+11	64.8128	65.3469	78.6377	49.8197	98.1365	24.5597	
 17000	-76597.7	-1339.01	-29718.7	-7920.44	0.0478723	1	0.156762	12.7582	1.47669	0.0158834	19.8925	0.687524	1956	99	284	-41270.7	20.4144f	63.5439	4	1	1	0.188119	0.128713	9.90099e-09	9.90099e-09	0	0	0	0	0.863636	0.958763	0.290816	0.521368	0.824742	9.90099e-09	0.148515	0.009901	1	0.127551	0.273381	0.666667	0.666667	1.5	1	1	37876.8	1e+20	2.79211e+11	67.9804	81.8861	45.283	67.4102	20.4144	63.5439	
 18000	-77305.3	-1339.01	-30426.3	-8124.06	0.0478723	1	0.172463	11.5967	1.6246	0.00609906	19.8925	0.56804	2023	99	276	-41270.7	41.6336f	46.0566	4	1	1	0.188119	0.148515	9.90099e-09	9.90099e-09	0	0	0	0	0.845455	0.965517	0.247525	0.443478	0.856436	9.90099e-09	0.148515	0.009901	1	0.128079	0.271127	0.666667	0.666667	1.5	1	1	37876.8	1e+20	2.79211e+11	67.9804	81.8861	45.283	67.4102	41.6336	46.0566	
 19000	-78455	-1339.01	-31576	-8374.53	0.053514	1	0.159193	12.5634	1.67631	0.0205025	19.8925	0.596405	2106	99	284	-41270.7	12.9667f	61.4715	4	1	1	0.188119	0.148515	0.009901	9.90099e-09	0	0	0	0	0.863636	0.933333	0.238095	0.474576	0.834123	9.90099e-09	0.148515	0.009901	1	0.123223	0.303571	0.666667	0.666667	1.5	1	1	37876.8	1e+20	2.79211e+11	77.8177	20.9179	45.283	67.4102	12.9667	61.4715	
 20000	-79567.6	-1339.01	-32688.6	-8649.75	0.053514	1	0.166033	12.0458	1.74834	0.0078896	19.8925	0.548278	2200	99	281	-41270.7	32.8558f	52.8589	4	1	1	0.188119	0.148515	0.009901	9.90099e-09	0	0	0	0	0.863636	0.927273	0.253394	0.495868	0.868182	9.90099e-09	0.049505	0.009901	1	0.135747	0.258621	0.666667	0.666667	1.5	1	1	37876.8	1e+20	2.79211e+11	56.0441	88.5293	45.283	67.4102	32.8558	52.8589	
 21000	-79735.8	-1339.01	-32856.8	-8611.61	0.0527001	1	0.167719	11.9247	1.73923	0.0114196	19.8925	0.545608	2187	99	311	-41270.7	43.3241f	71.2367	4	1	1	0.108911	0.148515	0.009901	9.90099e-09	0	0	0	0	0.845455	0.95	0.278539	0.48	0.823529	9.90099e-09	0.049505	0.009901	1	0.0859729	0.299035	0.666667	0.666667	1.5	1	1	37876.8	1e+20	2.79211e+11	53.693	3.93989	45.283	67.4102	43.3241	71.2367	
 22000	-80479	-1339.01	-33600	-8778.59	0.055269	1	0.149809	13.3503	1.62924	0.0254005	19.8925	0.652072	2244	99	318	-41270.7	15.1972f	75.8642	4	1	1	0.108911	0.148515	0.009901	9.90099e-09	0	0	0	0	0.854545	0.933628	0.264317	0.516393	0.876652	9.90099e-09	0.049505	0.009901	1	0.0748899	0.264151	0.666667	0.666667	1.5	1	1	37876.8	1e+20	2.79211e+11	85.1932	16.7405	45.283	67.4102	15.1972	75.8642	
 23000	-82926.4	-1339.01	-36047.3	-9391.62	0.0590687	1	0.156952	12.7428	1.82426	0.0254005	19.8925	0.555862	2458	99	305	-41270.7	15.1972f	75.8642	4	1	1	0.108911	0.148515	0.009901	9.90099e-09	0	0	0	0	0.836364	0.955102	0.291498	0.532787	0.893878	9.90099e-09	0.049505	9.90099e-09	1	0.130612	0.359223	0.666667	0.666667	1.5	1	1	37876.8	1e+20	2.79211e+11	85.1932	16.7405	45.283	67.4102	15.1972	75.8642	
 24000	-84902.7	-1339.01	-38023.7	-9761.8	0.0607172	1	0.162125	12.3362	1.75809	0.0297593	19.4164	0.558379	2590	99	340	-41270.7	30.6092f	91.5531	4	1	1	0.108911	0.148515	0.009901	9.90099e-09	0	0	0	0	0.836364	0.94186	0.23166	0.480392	0.891473	9.90099e-09	0.049505	9.90099e-09	1	0.120155	0.308824	0.666667	0.666667	1.5	1	1	37876.8	1e+20	2.79211e+11	54.5321	34.6264	45.283	67.4102	30.6092	91.5531	
 25000	-85547.7	-1339.01	-38668.7	-9894.32	0.0618106	1	0.173151	11.5506	1.91147	0.0182426	19.4164	0.480871	2638	99	351	-41270.7	13.7639f	51.6572	4	1	1	0.108911	0.148515	0.009901	9.90099e-09	0	0	0	0	0.890909	0.931818	0.212928	0.509091	0.848485	9.90099e-09	0.049505	9.90099e-09	1	0.102662	0.339031	0.666667	0.666667	1.5	1	1	37876.8	1e+20	2.79211e+11	54.5321	34.6264	45.283	67.4102	13.7639	51.6572	
 26000	-87230	-1339.01	-40351	-10228.3	0.0667676	1	0.166556	12.008	1.88967	0.0182426	19.1762	0.505678	2761	99	366	-41270.7	13.7639f	51.6572	4	1	1	0.108911	0.148515	0.009901	9.90099e-09	0	0	0	0	0.836364	0.935018	0.255474	0.563636	0.857143	9.90099e-09	0.0990099	9.90099e-09	1	0.140794	0.325137	0.666667	0.666667	1.5	1	1	37876.8	1e+20	2.79211e+11	45.0756	59.5182	45.283	67.4102	13.7639	51.6572	
 27000	-86893.4	-1339.01	-40014.4	-10176.9	0.0667676	1	0.156129	12.8099	1.83099	0.022854	19.3356	0.556736	2742	99	354	-41270.7	50.6747f	86.9927	4	1	1	0.108911	0.148515	0.009901	9.90099e-09	0	0	0	0	0.809091	0.938628	0.203636	0.601852	0.850909	9.90099e-09	0.0990099	9.90099e-09	1	0.134545	0.311798	0.666667	0.666667	1.5	1	1	37876.8	1e+20	2.79211e+11	45.0756	59.5182	45.283	67.4102	50.6747	86.9927	
 28000	-87706.1	-1339.01	-40827.1	-10390	0.0714237	1	0.148687	13.451	2.10102	0.0239714	19.9194	0.509467	2820	99	342	-41270.7	63.5176f	84.2563	4	1	1	0.0891089	0.148515	0.009901	9.90099e-09	0	0	0	0	0.854545	0.961131	0.257042	0.54902	0.865724	9.90099e-09	0.0990099	9.90099e-09	1	0.109541	0.295322	0.666667	0.666667	1.5	1	1	37876.8	1e+20	2.79211e+11	15.7445	40.1125	45.283	67.4102	63.5176	84.2563	
 29000	-89815.9	-1339.01	-42936.9	-10786.7	0.0737676	1	0.157746	12.6786	2.30217	0.0122454	19.9194	0.438252	2970	99	372	-41270.7	34.5915f	69.9881	4	1	1	0.0891089	0.148515	0.009901	9.90099e-09	0	0	0	0	0.872727	0.963333	0.264214	0.533333	0.883721	9.90099e-09	0.0990099	9.90099e-09	1	0.108553	0.306233	0.666667	0.666667	1.5	1	1	37876.8	1e+20	2.79211e+11	15.7445	40.1125	45.283	67.4102	34.5915	69.9881	
 30000	-90374.7	-1339.01	-43495.7	-10935.3	0.0736087	1	0.158016	12.6569	2.30115	0.00937229	19.9194	0.437696	3027	99	358	-41270.7	63.1518f	51.0826	4	1	1	0.0891089	0.148515	0.009901	9.90099e-09	0	0	0	0	0.854545	0.964052	0.265574	0.5625	0.848684	9.90099e-09	0.0990099	9.90099e-09	1	0.108911	0.27933	0.666667	0.666667	1.5	1	1	37876.8	1e+20	2.79211e+11	15.7445	40.1125	45.283	67.4102	63.1518	51.0826	
 31000	-91141.6	-1339.01	-44262.6	-11096.7	0.0744028	1	0.158016	12.6569	2.32598	0.0121167	19.9194	0.433025	3089	99	363	-41270.7	67.6267f	57.0194	4	1	1	0.0891089	0.0891089	0.009901	9.90099e-09	0	0	0	0	0.854545	0.947883	0.222951	0.514019	0.874587	9.90099e-09	0.0990099	9.90099e-09	1	0.113269	0.313889	0.666667	0.666667	1.5	1	1	37876.8	1e+20	2.79211e+11	15.7445	40.1125	45.283	67.4102	67.6267	57.0194	
 32000	-92521.6	-1339.01	-45642.6	-11364.3	0.0744028	1	0.162545	12.3043	2.24461	0.0264866	19.6039	0.436219	3192	99	374	-41270.7	39.8881f	90.6671	4	1	1	0.0891089	0.0891089	0.049505	9.90099e-09	0	0	0	0	0.818182	0.96875	0.242902	0.614035	0.877358	9.90099e-09	0.108911	9.90099e-09	1	0.0971787	0.315508	0.666667	0.666667	1.5	1	1	37876.8	1e+20	2.79211e+11	15.7445	40.1125	45.283	67.4102	39.8881	90.6671	
 33000	-91832	-1339.01	-44953	-11229.2	0.0744028	1	0.182734	10.9449	2.11531	0.0146362	18.7581	0.411743	3140	99	373	-41270.7	68.0181f	34.0684	4	1	1	0.0594059	0.0891089	0.049505	9.90099e-09	0	0	0	0	0.763636	0.955836	0.211356	0.543103	0.863492	9.90099e-09	0.108911	9.90099e-09	1	0.12381	0.317333	0.666667	0.666667	1.5	1	1	37876.8	1e+20	2.79211e+11	12.4757	43.8662	45.283	67.4102	68.0181	34.0684	
 34000	-94049.1	-1339.01	-47170	-11624	0.080191	1	0.182734	10.9449	2.05041	0.00932436	18.2672	0.424776	3295	99	417	-41270.7	57.0886f	62.7762	4	1	1	0.0594059	0.0891089	0.049505	9.90099e-09	0	0	0	0	0.836364	0.94864	0.2	0.565574	0.881818	9.90099e-09	0.108911	9.90099e-09	1	0.132931	0.306954	0.666667	0.666667	1.5	1	1	37876.8	1e+20	2.79211e+11	0.820291	51.2716	45.283	67.4102	57.0886	62.7762	
 35000	-94312.5	-1339.01	-47433.5	-11800.1	0.0815622	1	0.160781	12.4393	1.73655	0.0181245	18.0172	0.570028	3365	99	359	-41270.7	73.1062f	66.457	4	1	1	0.0594059	0.0891089	0.049505	9.90099e-09	0	0	0	0	0.818182	0.973373	0.230088	0.590909	0.837758	9.90099e-09	0.108911	9.90099e-09	1	0.109792	0.309192	0.666667	0.666667	1.5	1	1	37876.8	1e+20	2.79211e+11	43.6103	19.8671	45.283	67.4102	73.1062	66.457	
 36000	-95644.4	-1339.01	-48765.4	-11990.6	0.0815878	1	0.161713	12.3676	1.74717	0.0091676	18.0172	0.5633	3441	99	399	-41270.7	29.1052f	47.7193	4	1	1	0.0594059	0.0594059	0.049505	9.90099e-09	0	0	0	0	0.836364	0.956268	0.22029	0.566667	0.864706	9.90099e-09	0.108911	9.90099e-09	1	0.113372	0.330827	0.666667	0.666667	1.5	1	1	37876.8	1e+20	2.79211e+11	43.6103	19.8671	45.283	67.4102	29.1052	47.7193	
 37000	-94920.7	-1339.01	-48041.7	-11852.9	0.0829134	1	0.161713	12.3676	2.08942	0.0146467	18.7655	0.471031	3386	99	390	-41270.7	32.8435f	73.5199	4	1	1	0.0594059	0.0594059	0.049505	9.90099e-09	0	0	0	0	0.790909	0.95614	0.197059	0.553719	0.856305	9.90099e-09	0.108911	9.90099e-09	1	0.134897	0.325815	0.666667	0.666667	1.5	1	1	37876.8	1e+20	2.79211e+11	50.9366	1.12542	45.283	67.4102	32.8435	73.5199	
 38000	-93620.8	-1339.01	-46741.8	-11735	0.0800545	1	0.142917	13.9941	1.78289	0.00935563	18.7655	0.624614	3339	99	320	-41270.7	59.6926f	60.1049	4	1	1	0.0594059	0.0594059	0.0693069	9.90099e-09	0	0	0	0	0.754545	0.957958	0.194611	0.481481	0.882883	9.90099e-09	0.108911	9.90099e-09	1	0.134731	0.331343	0.666667	0.666667	1.5	1	1	37876.8	1e+20	2.79211e+11	74.4237	55.512	45.283	67.4102	59.6926	60.1049	
 39000	-93297	-1339.01	-46418	-11588.8	0.0806041	1	0.142917	13.9941	2.14059	0.0156371	19.6097	0.520239	3281	99	357	-41270.7	44.3747f	78.2684	4	1	1	0.0594059	0.0594059	0.0693069	9.90099e-09	0	0	0	0	0.881818	0.957447	0.289634	0.54955	0.881459	9.90099e-09	0.0693069	9.90099e-09	1	0.106383	0.308571	0.666667	0.666667	1.5	1	1	37876.8	1e+20	2.79211e+11	74.4237	55.512	45.283	67.4102	44.3747	78.2684	
 40000	-97419.3	-1339.01	-50540.3	-12371.4	0.0839457	1	0.145622	13.7342	1.91082	0.00701542	18.78	0.571972	3595	99	393	-41270.7	36.2549f	45.877	4	1	1	0.108911	0.0594059	0.0693069	9.90099e-09	0	0	0	0	0.9	0.963889	0.235457	0.5	0.886111	9.90099e-09	0.0693069	9.90099e-09	1	0.125	0.299252	0.666667	0.666667	1.5	1	1	37876.8	1e+20	2.79211e+11	74.4237	55.512	45.283	67.4102	36.2549	45.877	
 41000	-98035.8	-1339.01	-51156.8	-12536.9	0.0879258	1	0.143537	13.9337	2.11005	0.0162124	19.0986	0.525489	3664	99	376	-41270.7	60.2304f	75.3718	4	1	1	0.108911	0.0594059	0.0693069	9.90099e-09	0	0	0	0	0.736364	0.972603	0.224044	0.538462	0.871935	9.90099e-09	0.0693069	9.90099e-09	1	0.0817439	0.360614	0.666667	0.666667	1.5	1	1	37876.8	1e+20	2.79211e+11	74.4237	55.512	45.283	67.4102	60.2304	75.3718	
 42000	-98707	-1339.01	-51828	-12580.6	0.0904789	1	0.152931	13.0778	2.56264	0.0108737	19.5934	0.406104	3682	99	415	-41270.7	66.2594f	46.7578	4	1	1	0.108911	0.0792079	0.0693069	9.90099e-09	0	0	0	0	0.863636	0.95664	0.289189	0.512	0.859459	9.90099e-09	0.0693069	9.90099e-09	1	0.102703	0.303614	0.666667	0.666667	1.5	1	1	37876.8	1e+20	2.79211e+11	74.4237	55.512	45.283	67.4102	66.2594	46.7578	
 43000	-99615.5	-1339.01	-52736.4	-12734.4	0.0904627	1	0.155287	12.8794	2.60166	0.00753401	19.5934	0.393944	3746	99	429	-41270.7	53.0965f	39.8509	4	1	1	0.108911	0.0792079	0.0693069	9.90099e-09	0	0	0	0	0.845455	0.965333	0.219839	0.546875	0.861333	9.90099e-09	0.0693069	9.90099e-09	1	0.104558	0.331002	0.666667	0.666667	1.5	1	1	37876.8	1e+20	2.79211e+11	31.691	30.0313	45.283	67.4102	53.0965	39.8509	
 44000	-98923	-1339.01	-52044	-12575.6	0.0898827	1	0.1502	13.3156	2.50578	0.0279306	19.6041	0.422871	3680	99	437	-41270.7	24.7352f	86.9448	4	1	1	0.108911	0.0792079	0.0693069	9.90099e-09	0	0	0	0	0.872727	0.967302	0.316076	0.539063	0.853659	9.90099e-09	0.118812	9.90099e-09	1	0.162602	0.298876	0.666667	0.666667	1.5	1	1	37876.8	1e+20	2.79211e+11	31.691	30.0313	45.283	67.4102	24.7352	86.9448	
 45000	-99610.8	-1339.01	-52731.7	-12751.4	0.0898827	1	0.1502	13.3156	2.50578	0.0189148	19.6041	0.422871	3753	99	420	-41270.7	13.1544f	45.2471	4	1	1	0.108911	0.0792079	0.0792079	9.90099e-09	0	0	0	0	0.845455	0.960422	0.292553	0.511811	0.867925	9.90099e-09	0.118812	9.90099e-09	1	0.12766	0.305687	0.666667	0.666667	1.5	1	1	37876.8	1e+20	2.79211e+11	89.3242	63.0119	45.283	67.4102	13.1544	45.2471	
 46000	-99290.7	-1339.01	-52411.7	-12667.1	0.0898271	1	0.152437	13.1201	2.47381	0.0115847	19.4722	0.422049	3718	99	427	-41270.7	29.6316f	34.8409	4	1	1	0.118812	0.0792079	0.0792079	9.90099e-09	0	0	0	0	0.818182	0.959677	0.282258	0.414063	0.889785	9.90099e-09	0.118812	9.90099e-09	1	0.139785	0.312941	0.666667	0.666667	1.5	1	1	37876.8	1e+20	2.79211e+11	89.3242	63.0119	24.9341	54.7998	29.6316	34.8409	
 47000	-100957	-1339.01	-54078.5	-12982.5	0.0931691	1	0.152437	13.1201	2.56584	0.00870661	19.4722	0.40691	3850	99	441	-41270.7	38.7898f	35.6844	4	1	1	0.118812	0.0792079	0.0792079	9.90099e-09	0	0	0	0	0.863636	0.955844	0.209845	0.552239	0.857513	9.90099e-09	0.118812	9.90099e-09	1	0.115979	0.339535	0.666667	0.666667	1.5	1	1	37876.8	1e+20	2.79211e+11	89.3242	63.0119	24.9341	54.7998	38.7898	35.6844	
 48000	-100574	-1339.01	-53694.8	-12985.1	0.0924041	1	0.151607	13.192	2.52089	0.00938377	19.4528	0.416434	3851	99	407	-41270.7	30.7244f	58.2656	4	1	1	0.118812	0.0792079	0.0792079	9.90099e-09	0	0	0	0	0.772727	0.953368	0.238342	0.508065	0.898964	9.90099e-09	0.118812	9.90099e-09	1	0.111688	0.34398	0.666667	0.666667	1.5	1	1	37876.8	1e+20	2.79211e+11	89.3242	63.0119	24.9341	54.7998	30.7244	58.2656	
 49000	-100445	-1339.01	-53565.8	-12862.6	0.0895542	1	0.152545	13.1109	2.72063	0.0116113	19.9524	0.383489	3799	99	446	-41270.7	38.7034f	70.5555	4	1	1	0.118812	0.0792079	0.0792079	9.90099e-09	0	0	0	0	0.854545	0.958442	0.268229	0.492424	0.877285	9.90099e-09	0.108911	9.90099e-09	1	0.142857	0.301149	0.666667	0.666667	1.5	1	1	37876.8	1e+20	2.79211e+11	82.2679	50.5867	24.9341	54.7998	38.7034	70.5555	
 50000	-98696.5	-1339.01	-51817.5	-12643	0.0898785	1	0.139155	14.3725	2.37037	0.0113239	19.7067	0.48251	3708	99	387	-41270.7	27.9032f	37.8588	4	1	1	0.118812	0.0792079	0.049505	9.90099e-09	0	0	0	0	0.818182	0.956522	0.234667	0.536585	0.88587	9.90099e-09	0.108911	9.90099e-09	1	0.107817	0.320802	0.666667	0.666667	1.5	1	1	37876.8	1e+20	2.79211e+11	82.2679	50.5867	24.9341	54.7998	27.9032	37.8588	
 51000	-101041	-1339.01	-54161.9	-13025.4	0.094842	1	0.139155	14.3725	2.46654	0.0195106	19.6379	0.463696	3868	99	423	-41270.7	26.334f	77.2163	4	1	1	0.118812	0.0792079	0.049505	9.90099e-09	0	0	0	0	0.881818	0.943299	0.260309	0.565891	0.889175	0.009901	0.108911	9.90099e-09	1	0.128205	0.290698	0.666667	0.666667	1.5	1	1	37876.8	1e+20	2.79211e+11	82.2679	50.5867	24.9341	54.7998	26.334	77.2163	
 52000	-101639	-1339.01	-54760.2	-13157.3	0.094842	1	0.141544	14.1299	2.30364	0.0396065	19.2233	0.488108	3924	99	424	-41270.7	4.85195f	16.2947	4	1	1	0.0792079	0.0792079	0.049505	9.90099e-09	0	0	0	0	0.809091	0.941327	0.244275	0.550388	0.905612	0.009901	0.108911	9.90099e-09	1	0.10687	0.320482	0.666667	0.666667	1.5	1	1	37876.8	1e+20	2.79211e+11	82.2679	50.5867	24.9341	54.7998	4.85195	16.2947	
 53000	-102840	-1339.01	-55961.3	-13385.1	0.0956766	1	0.141544	14.1299	2.32391	0.0396065	19.2233	0.48385	4021	99	434	-41270.7	4.85195f	16.2947	4	1	1	0.0792079	0.0792079	0.049505	9.90099e-09	0	0	0	0	0.790909	0.952736	0.196517	0.546875	0.883085	0.009901	0.108911	9.90099e-09	1	0.0942928	0.312073	0.666667	0.666667	1.5	1	1	37876.8	1e+20	2.79211e+11	82.2679	50.5867	24.9341	54.7998	4.85195	16.2947	
 54000	-102296	-1339.01	-55416.8	-13234.9	0.0956766	1	0.133215	15.0133	2.09465	0.0199043	19.0167	0.570368	3957	99	446	-41270.7	42.7751f	15.6248	4	1	1	0.0792079	0.0792079	0.049505	9.90099e-09	0	0	0	0	0.845455	0.931818	0.253165	0.515385	0.861111	0.009901	0.108911	9.90099e-09	1	0.121212	0.293722	0.666667	0.666667	1.5	1	1	37876.8	1e+20	2.79211e+11	82.2679	50.5867	24.9341	54.7998	42.7751	15.6248	
 55000	-103973	-1339.01	-57094.1	-13619.3	0.10209	1	0.133215	15.0133	2.23505	0.011018	19.0167	0.534538	4122	99	424	-41270.7	39.3051f	69.5549	4	1	1	0.0792079	0.0792079	0.049505	9.90099e-09	0	0	0	0	0.754545	0.954106	0.285714	0.539063	0.903382	0.009901	0.118812	9.90099e-09	1	0.101449	0.334123	0.666667	0.666667	1.5	1	1	37876.8	1e+20	2.79211e+11	82.2679	50.5867	24.9341	54.7998	39.3051	69.5549	
 56000	-104486	-1339.01	-57606.7	-13754	0.10209	1	0.129597	15.4325	2.39004	0.0112823	19.4717	0.51383	4181	99	409	-41270.7	26.8133f	39.8782	4	1	1	0.0792079	0.0594059	0.0792079	9.90099e-09	0	0	0	0	0.763636	0.95933	0.227818	0.528	0.897619	0.009901	0.118812	9.90099e-09	1	0.0763723	0.266344	0.666667	0.666667	1.5	1	1	37876.8	1e+20	2.79211e+11	82.2679	50.5867	24.9341	54.7998	26.8133	39.8782	
 57000	-106469	-1339.01	-59589.6	-14096.3	0.102062	1	0.141018	14.1826	2.53454	0.0107172	19.3481	0.445295	4331	99	434	-41270.7	28.5604f	60.3436	4	1	1	0.0792079	0.0594059	0.0792079	9.90099e-09	0	0	0	0	0.772727	0.958237	0.238979	0.468254	0.889671	0.009901	0.118812	9.90099e-09	1	0.0769231	0.297235	0.666667	0.666667	1.5	1	1	37876.8	1e+20	2.79211e+11	82.2679	50.5867	24.9341	54.7998	28.5604	60.3436	
 58000	-104643	-1339.01	-57764.1	-13728.8	0.102062	1	0.125953	15.879	2.29325	0.0336518	19.4108	0.551012	4170	99	434	-41270.7	2.99534f	71.3495	4	1	1	0.0792079	0.0594059	0.0792079	9.90099e-09	0	0	0	0	0.845455	0.950119	0.22673	0.469697	0.916268	0.009901	0.118812	9.90099e-09	1	0.124402	0.326531	0.666667	0.666667	1.5	1	1	37876.8	1e+20	2.79211e+11	71.7509	7.83039	24.9341	54.7998	2.99534	71.3495	
 59000	-105028	-1339.01	-58149.2	-13866.5	0.100606	1	0.127726	15.6585	2.19838	0.02173	19.2087	0.56681	4230	99	406	-41270.7	26.7734f	18.7594	4	1	1	0.049505	0.0594059	0.0792079	9.90099e-09	0	0	0	0	0.827273	0.952719	0.231678	0.460317	0.884161	0.009901	0.118812	9.90099e-09	1	0.0966981	0.294686	0.666667	0.666667	1.5	1	1	37876.8	1e+20	2.79211e+11	76.7745	39.6085	24.9341	54.7998	26.7734	18.7594	
 60000	-104146	-1339.01	-57266.9	-13731	0.100556	1	0.127726	15.6585	2.1973	0.0098684	19.2087	0.567089	4171	99	393	-41270.7	39.5249f	67.0828	4	1	1	0.049505	0.0594059	0.0792079	9.90099e-09	0	0	0	0	0.845455	0.971084	0.253623	0.596639	0.91866	0.009901	0.118812	9.90099e-09	1	0.0963855	0.320611	0.666667	0.666667	1.5	1	1	37876.8	1e+20	2.79211e+11	76.7745	39.6085	24.9341	54.7998	39.5249	67.0828	
 61000	-107763	-1339.01	-60884.1	-14290.5	0.105242	1	0.146182	13.6816	2.63199	0.0226813	19.2087	0.413659	4418	99	462	-41270.7	17.5501f	74.1712	4	1	1	0.049505	0.0594059	0.0792079	9.90099e-09	0	0	0	0	0.818182	0.952489	0.231982	0.537931	0.869074	0.009901	0.138614	9.90099e-09	1	0.124434	0.323529	0.666667	0.666667	1.5	1	1	37876.8	1e+20	2.79211e+11	76.7745	39.6085	24.9341	54.7998	17.5501	74.1712	
 62000	-107777	-1339.01	-60898.3	-14332.3	0.108057	1	0.146182	13.6816	2.53559	0.0141494	18.9052	0.429385	4437	99	443	-41270.7	19.6195f	52.4314	4	1	1	0.049505	0.0594059	0.0792079	9.90099e-09	0	0	0	0	0.863636	0.952703	0.23991	0.52518	0.863135	0.009901	0.138614	9.90099e-09	1	0.117117	0.329571	0.666667	0.666667	1.5	1	1	37876.8	1e+20	2.79211e+11	76.7745	39.6085	24.9341	54.7998	19.6195	52.4314	
 63000	-109333	-1339.01	-62454	-14594.5	0.112215	1	0.140382	14.2468	2.59817	0.0130174	19.0337	0.436356	4555	99	464	-41270.7	25.8622f	63.9323	4	1	1	0.049505	0.0792079	0.0792079	9.90099e-09	0	0	0	0	0.781818	0.947137	0.193833	0.5	0.88326	0.009901	0.138614	9.90099e-09	1	0.0986842	0.35443	0.666667	0.666667	1.5	1	1	37876.8	1e+20	2.79211e+11	76.7745	39.6085	24.9341	54.7998	25.8622	63.9323	
 64000	-111039	-1339.01	-64160.4	-14913.7	0.11539	1	0.133254	15.0089	2.53601	0.0118241	19.0337	0.470965	4701	99	465	-41270.7	26.5656f	38.2243	4	1	1	0.049505	0.0792079	0.0693069	9.90099e-09	0	0	0	0	0.881818	0.949153	0.246835	0.565517	0.904459	0.009901	0.138614	9.90099e-09	1	0.105932	0.305785	0.666667	0.666667	1.5	1	1	37876.8	1e+20	2.79211e+11	76.7745	39.6085	24.9341	54.7998	26.5656	38.2243	
 65000	-112768	-1339.01	-65888.6	-15194.3	0.115698	1	0.137648	14.5298	2.93111	0.0118241	19.5628	0.394472	4831	99	482	-41270.7	26.5656f	38.2243	4	1	1	0.0990099	0.0792079	0.0693069	9.90099e-09	0	0	0	0	0.836364	0.956432	0.227557	0.469388	0.860417	9.90099e-09	0.138614	9.90099e-09	1	0.105809	0.288934	0.666667	0.666667	1.5	1	1	37876.8	1e+20	2.79211e+11	76.7745	39.6085	24.9341	54.7998	26.5656	38.2243	
 66000	-112089	-1339.01	-65210.1	-15116.6	0.116499	1	0.125889	15.8871	2.69924	0.0162261	19.5628	0.468372	4795	99	457	-41270.7	36.27f	77.5415	4	1	1	0.0990099	0.0792079	0.0693069	9.90099e-09	0	0	0	0	0.8	0.968944	0.281574	0.547297	0.895277	9.90099e-09	0.128713	9.90099e-09	1	0.109731	0.314583	0.666667	0.666667	1.5	1	1	37876.8	1e+20	2.79211e+11	76.7745	39.6085	24.9341	54.7998	36.27	77.5415	
 67000	-112933	-1339.01	-66054.3	-15213.6	0.118703	1	0.136746	14.6257	2.92801	0.0314414	19.4646	0.397496	4840	99	491	-41270.7	9.44184f	77.9352	4	1	1	0.0990099	0.0792079	0.0693069	9.90099e-09	0	0	0	0	0.809091	0.952675	0.258727	0.503356	0.87885	9.90099e-09	0.128713	9.90099e-09	1	0.109278	0.308642	0.666667	0.666667	1.5	1	1	37876.8	1e+20	2.79211e+11	76.7745	39.6085	24.9341	54.7998	9.44184	77.9352	
 68000	-114192	-1339.01	-67313	-15428.9	0.118703	1	0.131902	15.1628	2.82429	0.00910406	19.4646	0.427229	4941	99	497	-41270.7	44.6942f	66.3659	4	1	1	0.0990099	0.0792079	0.0693069	9.90099e-09	0	0	0	0	0.818182	0.953347	0.221545	0.560811	0.889336	9.90099e-09	0.128713	9.90099e-09	1	0.126016	0.295547	0.666667	0.666667	1.5	1	1	37876.8	1e+20	2.79211e+11	76.7745	39.6085	24.9341	54.7998	44.6942	66.3659	
 69000	-115745	-1339.01	-68865.7	-15679.9	0.119023	1	0.141921	14.0923	3.04702	0.0357378	19.4646	0.368043	5059	99	515	-41270.7	12.3074f	86.4736	4	1	1	0.0990099	0.0792079	0.0693069	9.90099e-09	0	0	0	0	0.745455	0.95069	0.257874	0.586538	0.88189	9.90099e-09	0.128713	9.90099e-09	1	0.110236	0.284895	0.666667	0.666667	1.5	1	1	37876.8	1e+20	2.79211e+11	76.7745	39.6085	24.9341	54.7998	12.3074	86.4736	
 70000	-116549	-1339.01	-69670.3	-15929.7	0.120898	1	0.126502	15.81	2.63886	0.0327185	19.2496	0.476766	5178	99	470	-41270.7	5.22619f	73.7393	4	1	1	0.0990099	0.0990099	0.029703	9.90099e-09	0	0	0	0	0.827273	0.956778	0.226306	0.514851	0.901768	9.90099e-09	0.128713	9.90099e-09	1	0.0923379	0.313978	0.666667	0.666667	1.5	1	1	37876.8	1e+20	2.79211e+11	76.7745	39.6085	11.8938	80.0672	5.22619	73.7393	
 71000	-116602	-1339.01	-69723.3	-15956.1	0.128231	1	0.122582	16.3156	2.48752	0.0126054	18.838	0.521948	5192	99	460	-41270.7	41.4386f	26.2769	4	1	1	0.039604	0.0990099	0.029703	9.90099e-09	0	0	0	0	0.845455	0.95229	0.220114	0.513514	0.90458	9.90099e-09	0.128713	9.90099e-09	1	0.0858779	0.31524	0.666667	0.666667	1.5	1	1	37876.8	1e+20	2.79211e+11	76.7745	39.6085	4.94892	51.7451	41.4386	26.2769	
 72000	-116786	-1339.01	-69907.3	-15949.4	0.127401	1	0.136753	14.6249	2.75713	0.0295762	18.838	0.422109	5189	99	481	-41270.7	17.8876f	84.152	4	1	1	0.039604	0.0990099	0.029703	9.90099e-09	0	0	0	0	0.827273	0.961612	0.227533	0.493333	0.890805	9.90099e-09	0.128713	9.90099e-09	1	0.114723	0.324056	0.666667	0.666667	1.5	1	1	37876.8	1e+20	2.79211e+11	76.7745	39.6085	4.94892	51.7451	17.8876	84.152	
 73000	-118422	-1339.01	-71542.5	-16249.8	0.128298	1	0.137178	14.5796	2.61883	0.0171312	18.5502	0.443025	5335	99	479	-41270.7	20.9313f	31.7922	4	1	1	0.039604	0.0990099	0.029703	9.90099e-09	0	0	0	0	0.754545	0.972015	0.214552	0.52381	0.873134	9.90099e-09	0.108911	9.90099e-09	1	0.11985	0.303922	0.666667	0.666667	1.5	1	1	37876.8	1e+20	2.79211e+11	87.2558	34.5587	4.94892	51.7451	20.9313	31.7922	
 74000	-117503	-1339.01	-70623.9	-16048.7	0.125235	1	0.147318	13.5761	2.74527	0.0288827	18.5502	0.393532	5237	99	500	-41270.7	5.83947f	67.3277	4	1	1	0.039604	0.0990099	0.029703	9.90099e-09	0	0	0	0	0.827273	0.959847	0.205714	0.588235	0.898273	9.90099e-09	0.108911	9.90099e-09	1	0.101727	0.325397	0.666667	0.666667	1.5	1	1	37876.8	1e+20	2.79211e+11	87.2558	34.5587	4.94892	51.7451	5.83947	67.3277	
 75000	-117718	-1339.01	-70838.9	-16007.2	0.125235	1	0.147318	13.5761	2.74527	0.0145651	18.5502	0.393532	5217	99	537	-41270.7	71.9431f	42.6962	4	1	1	0.039604	0.0990099	0.0594059	9.90099e-09	0	0	0	0	0.790909	0.96139	0.201923	0.509615	0.869903	9.90099e-09	0.108911	9.90099e-09	1	0.126437	0.318725	0.666667	0.666667	1.5	1	1	37876.8	1e+20	2.79211e+11	87.2558	34.5587	4.94892	51.7451	71.9431	42.6962	
 76000	-117283	-1339.01	-70404	-16019.6	0.125413	1	0.147318	13.5761	2.74917	0.0305168	18.5502	0.392975	5223	99	492	-41270.7	0.833002f	45.2363	4	1	1	0.0792079	0.0990099	0.0594059	9.90099e-09	0	0	0	0	0.863636	0.96374	0.246183	0.543689	0.891221	9.90099e-09	0.108911	9.90099e-09	1	0.0969582	0.307847	0.666667	0.666667	1.5	1	1	37876.8	1e+20	2.79211e+11	87.2558	34.5587	4.94892	51.7451	0.833002	45.2363	
 77000	-117304	-1339.01	-70425.4	-15928.8	0.127349	1	0.147318	13.5761	2.79159	0.00956851	18.5502	0.387002	5179	99	535	-41270.7	28.072f	50.8581	4	1	1	0.0792079	0.108911	0.0594059	9.90099e-09	0	0	0	0	0.745455	0.939689	0.245614	0.444444	0.874046	9.90099e-09	0.108911	9.90099e-09	1	0.0984556	0.325885	0.666667	0.666667	1.5	1	1	37876.8	1e+20	2.79211e+11	87.2558	34.5587	4.94892	51.7451	28.072	50.8581	
 78000	-118787	-1339.01	-71907.6	-16182.3	0.127349	1	0.162894	12.2779	3.11361	0.0154073	18.5904	0.313798	5302	99	550	-41270.7	51.9587f	77.3054	4	1	1	0.0792079	0.108911	0.0594059	9.90099e-09	0	0	0	0	0.772727	0.949153	0.26087	0.491071	0.879473	9.90099e-09	0.108911	9.90099e-09	1	0.0922787	0.325714	0.666667	0.666667	1.5	1	1	37876.8	1e+20	2.79211e+11	87.2558	34.5587	36.4853	50.6627	51.9587	77.3054	
 79000	-118954	-1339.01	-72075	-16219.1	0.129606	1	0.152489	13.1157	2.92556	0.0195981	18.5261	0.356756	5320	99	551	-41270.7	63.8979f	21.0713	4	1	1	0.0792079	0.108911	0.0594059	0.009901	0	0	0	0	0.836364	0.979206	0.214689	0.535948	0.885277	9.90099e-09	0.108911	9.90099e-09	1	0.125704	0.303085	0.666667	0.666667	1.5	1	1	37876.8	1e+20	2.79211e+11	87.2558	34.5587	38.5273	5.4038	63.8979	21.0713	
 80000	-119667	-1339.01	-72787.7	-16386.6	0.129606	1	0.154535	12.9421	3.0232	0.0272099	18.6166	0.340665	5402	99	524	-41270.7	12.5842f	23.8751	4	1	1	0.0792079	0.108911	0.029703	0.009901	0	0	0	0	0.790909	0.940741	0.261596	0.557692	0.893855	9.90099e-09	0.0792079	9.90099e-09	1	0.114603	0.285433	0.666667	0.666667	1.5	1	1	37876.8	1e+20	2.79211e+11	64.3397	24.7447	38.5273	5.4038	12.5842	23.8751	
 81000	-119618	-1339.01	-72738.8	-16372.6	0.132437	1	0.146273	13.6731	2.93079	0.0385168	18.6273	0.371255	5395	99	526	-41270.7	25.5765f	1.7851	4	1	1	0.0792079	0.108911	0.029703	0.009901	0	0	0	0	0.818182	0.9631	0.190388	0.466667	0.888483	9.90099e-09	0.0792079	9.90099e-09	1	0.111111	0.353612	0.666667	0.666667	1.5	1	1	37876.8	1e+20	2.79211e+11	64.3397	24.7447	29.0633	38.0027	25.5765	1.7851	
 82000	-120688	-1339.01	-73808.6	-16560.6	0.132437	1	0.153607	13.0202	2.75945	0.0110823	18.1258	0.375478	5488	99	531	-41270.7	46.5997f	28.6803	4	1	1	0.0792079	0.108911	0.029703	0.009901	0	0	0	0	0.763636	0.952555	0.215328	0.527778	0.869565	9.90099e-09	0.0792079	9.90099e-09	1	0.119565	0.335227	0.666667	0.666667	1.5	1	1	37876.8	1e+20	2.79211e+11	78.8634	30.278	29.0633	38.0027	46.5997	28.6803	
 83000	-120438	-1339.01	-73558.9	-16461.5	0.132437	1	0.147479	13.5613	2.49948	0.0239446	17.8639	0.431759	5439	99	557	-41270.7	14.4472f	26.9431	4	1	1	0.029703	0.0792079	0.029703	0.009901	0	0	0	0	0.763636	0.966972	0.250457	0.419643	0.872958	9.90099e-09	0.0792079	9.90099e-09	1	0.112132	0.328042	0.666667	0.666667	1.5	1	1	37876.8	1e+20	2.79211e+11	78.8634	30.278	29.0633	38.0027	14.4472	26.9431	
 84000	-120340	-1339.01	-73461.2	-16578.8	0.132437	1	0.136506	14.6514	2.65017	0.024967	18.481	0.43994	5497	99	486	-41270.7	8.4811f	35.8452	4	1	1	0.029703	0.0792079	0.029703	0.009901	0	0	0	0	0.8	0.963636	0.229508	0.462069	0.899267	9.90099e-09	0.0792079	9.90099e-09	1	0.112727	0.311579	0.666667	0.666667	1.5	1	1	37876.8	1e+20	2.79211e+11	78.8634	30.278	29.0633	38.0027	8.4811	35.8452	
 85000	-120904	-1339.01	-74024.7	-16542.4	0.132437	1	0.14048	14.2369	2.73901	0.0131864	18.5008	0.41363	5479	99	552	-41270.7	39.5283f	25.698	4	1	1	0.029703	0.0792079	0.029703	0.009901	0	0	0	0	0.772727	0.9566	0.218579	0.412281	0.894353	9.90099e-09	0.0792079	9.90099e-09	1	0.104015	0.319643	0.666667	0.666667	1.5	1	1	37876.8	1e+20	2.79211e+11	45.8688	12.996	29.0633	38.0027	39.5283	25.698	
 86000	-121871	-1339.01	-74991.9	-16805.2	0.132437	1	0.14048	14.2369	2.99049	0.0261121	18.9116	0.378847	5609	99	506	-41270.7	4.8338f	50.4505	4	1	1	0.029703	0.0792079	0.0693069	0.009901	0	0	0	0	0.763636	0.9625	0.235714	0.471698	0.868327	9.90099e-09	0.0990099	9.90099e-09	1	0.11032	0.284585	0.666667	0.666667	1.5	1	1	37876.8	1e+20	2.79211e+11	27.8528	30.6417	25.924	57.9098	4.8338	50.4505	
 87000	-122248	-1339.01	-75369.3	-16835.2	0.136197	1	0.125676	15.9139	2.89368	0.0261121	19.1516	0.437639	5625	99	522	-41270.7	4.8338f	50.4505	4	1	1	0.029703	0.0792079	0.0693069	0.009901	0	0	0	0	0.781818	0.9625	0.294118	0.495327	0.877224	9.90099e-09	0.0990099	9.90099e-09	1	0.103203	0.306968	0.666667	0.666667	1.5	1	1	37876.8	1e+20	2.79211e+11	35.4993	41.5385	25.924	57.9098	4.8338	50.4505	
 88000	-122769	-1339.01	-75890.4	-16883.1	0.136197	1	0.128836	15.5237	3.18706	0.014372	19.4982	0.38761	5649	99	544	-41270.7	57.8376f	73.5794	4	1	1	0.029703	0.0792079	0.0693069	9.90099e-09	0	0	0	0	0.809091	0.961131	0.218085	0.435185	0.872566	9.90099e-09	0.0990099	9.90099e-09	1	0.106572	0.321101	0.666667	0.666667	1.5	1	1	37876.8	1e+20	2.79211e+11	35.4993	41.5385	25.924	57.9098	57.8376	73.5794	
 89000	-124692	-1339.01	-77813.4	-17197.4	0.139015	1	0.128836	15.5237	3.25301	0.0267168	19.4982	0.379751	5808	99	552	-41270.7	35.9568f	90.1348	4	1	1	0.029703	0.0792079	0.0693069	9.90099e-09	0	0	0	0	0.790909	0.969019	0.247849	0.525424	0.886403	9.90099e-09	0.0990099	9.90099e-09	1	0.130809	0.330998	0.666667	0.666667	1.5	1	1	37876.8	1e+20	2.79211e+11	76.7834	54.3628	36.863	51.4844	35.9568	90.1348	
 90000	-123839	-1339.01	-76960.3	-17167.7	0.139342	1	0.113491	17.6226	2.80493	0.0198677	19.3828	0.499963	5793	99	492	-41270.7	18.9471f	70.7645	4	1	1	0.029703	0.0891089	0.0693069	9.90099e-09	0	0	0	0	0.772727	0.967298	0.271626	0.578231	0.931153	9.90099e-09	0.0990099	9.90099e-09	1	0.114923	0.287846	0.666667	0.666667	1.5	1	1	37876.8	1e+20	2.79211e+11	41.4955	43.2969	36.863	51.4844	18.9471	70.7645	
 91000	-126613	-1339.01	-79733.5	-17541.6	0.146262	1	0.113491	17.6226	2.94424	0.00812587	19.3828	0.476308	5985	99	547	-41270.7	57.2785f	41.4679	4	1	1	0.029703	0.0891089	0.0693069	9.90099e-09	0	0	0	0	0.8	0.951424	0.268333	0.495413	0.894825	9.90099e-09	0.0990099	9.90099e-09	1	0.100167	0.292505	0.666667	0.666667	1.5	1	1	37876.8	1e+20	2.79211e+11	55.7397	0.783186	36.863	51.4844	57.2785	41.4679	
 92000	-128411	-1339.01	-81532.3	-17899.6	0.149866	1	0.115384	17.3334	3.40806	0.0145793	19.9004	0.404732	6172	99	520	-41270.7	30.2835f	71.806	4	1	1	0.029703	0.0891089	0.0594059	9.90099e-09	0	0	0	0	0.772727	0.969206	0.256494	0.605505	0.920455	9.90099e-09	0.0693069	9.90099e-09	1	0.100813	0.296154	0.666667	0.666667	1.5	1	1	37876.8	1e+20	2.79211e+11	55.7397	0.783186	36.863	51.4844	30.2835	71.806	
 93000	-126491	-1339.01	-79611.9	-17588	0.144242	1	0.11776	16.9837	3.31382	0.0162382	19.8499	0.407843	6009	99	515	-41270.7	61.1784f	74.8597	4	1	1	0.029703	0.0891089	0.0594059	9.90099e-09	0	0	0	0	0.781818	0.975166	0.259442	0.506757	0.906822	9.90099e-09	0.0693069	9.90099e-09	1	0.0881864	0.346856	0.666667	0.666667	1.5	1	1	37876.8	1e+20	2.79211e+11	55.7397	0.783186	46.4856	60.4701	61.1784	74.8597	
 94000	-127469	-1339.01	-80589.9	-17708.8	0.14729	1	0.117058	17.0856	3.27712	0.00602814	19.7209	0.414886	6072	99	540	-41270.7	49.2092f	53.4315	4	1	1	0.029703	0.0891089	0.0594059	9.90099e-09	0	0	0	0	0.872727	0.975207	0.254125	0.504762	0.915842	9.90099e-09	0.0693069	9.90099e-09	1	0.138158	0.297348	0.666667	0.666667	1.5	1	1	37876.8	1e+20	2.79211e+11	67.0224	18.1762	46.4856	60.4701	49.2092	53.4315	
 95000	-127985	-1339.01	-81106.2	-17831.4	0.14729	1	0.120504	16.597	3.31108	0.0114128	19.6289	0.398887	6136	99	520	-41270.7	57.9394f	67.6868	4	1	1	0.029703	0.0891089	0.0594059	9.90099e-09	0	0	0	0	0.809091	0.967159	0.227869	0.490909	0.877049	9.90099e-09	0.0693069	9.90099e-09	1	0.0998363	0.296154	0.666667	0.666667	1.5	1	1	37876.8	1e+20	2.79211e+11	67.0224	18.1762	46.4856	60.4701	57.9394	67.6868	
 96000	-127705	-1339.01	-80826.1	-17703.4	0.145486	1	0.125419	15.9466	3.36976	0.00656992	19.5795	0.376581	6069	99	562	-41270.7	37.5272f	48.8995	4	1	1	0.029703	0.0891089	0.0594059	9.90099e-09	0	0	0	0	0.790909	0.963875	0.250412	0.517544	0.876667	9.90099e-09	0.0693069	9.90099e-09	1	0.133443	0.327239	0.666667	0.666667	1.5	1	1	37876.8	1e+20	2.79211e+11	84.6395	44.6677	46.4856	60.4701	37.5272	48.8995	
 97000	-124479	-1339.01	-77600.5	-17170.4	0.142767	1	0.130226	15.3579	3.43353	0.0106993	19.5795	0.355944	5794	99	551	-41270.7	25.7412f	47.1756	4	1	1	0.029703	0.0594059	0.0594059	9.90099e-09	0	0	0	0	0.709091	0.962069	0.233161	0.5625	0.887372	9.90099e-09	0.0693069	9.90099e-09	1	0.108621	0.304267	0.666667	0.666667	1.5	1	1	37876.8	1e+20	2.79211e+11	84.6395	44.6677	46.4856	60.4701	25.7412	47.1756	
 98000	-125538	-1339.01	-78659.1	-17353.3	0.142667	1	0.130226	15.3579	3.43113	0.0106993	19.5795	0.356192	5888	99	549	-41270.7	25.7412f	47.1756	4	1	1	0.128713	0.0594059	0.039604	9.90099e-09	0	0	0	0	0.854545	0.964407	0.275804	0.59322	0.893401	9.90099e-09	0.0693069	9.90099e-09	1	0.123519	0.284264	0.666667	0.666667	1.5	1	1	37876.8	1e+20	2.79211e+11	84.6395	44.6677	46.4856	60.4701	25.7412	47.1756	
 99000	-126614	-1339.01	-79735.3	-17618.7	0.147171	1	0.130226	15.3579	3.29659	0.00859489	19.2346	0.37073	6025	99	513	-41270.7	30.73f	52.603	4	1	1	0.128713	0.0594059	0.039604	9.90099e-09	0	0	0	0	0.763636	0.956522	0.247098	0.566372	0.898839	9.90099e-09	0.0693069	9.90099e-09	1	0.0912106	0.288499	0.666667	0.666667	1.5	1	1	37876.8	1e+20	2.79211e+11	84.6395	44.6677	46.4856	60.4701	30.73	52.603	
100000	-127321	-1339.01	-80441.7	-17620.4	0.145931	1	0.130226	15.3579	3.40214	0.0302619	19.4278	0.359228	6026	99	576	-41270.7	55.5057f	93.6575	4	1	1	0.128713	0.0594059	0.039604	9.90099e-09	0	0	0	0	0.8	0.937086	0.243377	0.534483	0.880597	9.90099e-09	0.0693069	9.90099e-09	1	0.124378	0.360627	0.666667	0.666667	1.5	1	1	37876.8	1e+20	2.79211e+11	84.6395	44.6677	46.4856	60.4701	55.5057	93.6575	
101000	-125348	-1339.01	-78469	-17433	0.1434	1	0.115247	17.3541	2.85799	0.00717329	19.2605	0.483204	5929	99	489	-41270.7	34.9328f	48.9769	4	1	1	0.128713	0.0594059	0.039604	9.90099e-09	0	0	0	0	0.872727	0.9699	0.234609	0.509091	0.911074	9.90099e-09	0.0693069	9.90099e-09	1	0.102867	0.294479	0.666667	0.666667	1.5	1	1	37876.8	1e+20	2.79211e+11	84.6395	44.6677	46.4856	60.4701	34.9328	48.9769	
102000	-126158	-1339.01	-79278.7	-17499.1	0.1434	1	0.121504	16.4603	3.18001	0.0177292	19.5218	0.411907	5963	99	534	-41270.7	72.2564f	66.8395	4	1	1	0.128713	0.0594059	0.039604	9.90099e-09	0	0	0	0	0.763636	0.953099	0.260067	0.481132	0.869783	9.90099e-09	0.0693069	9.90099e-09	1	0.0901503	0.305243	0.666667	0.666667	1.5	1	1	37876.8	1e+20	2.79211e+11	98.0251	56.5927	46.4856	60.4701	72.2564	66.8395	
103000	-126153	-1339.01	-79273.6	-17462.2	0.1434	1	0.110127	18.1609	2.88223	0.0264125	19.5218	0.501416	5944	99	540	-41270.7	67.2566f	85.0488	4	1	1	0.128713	0.0594059	0.039604	9.90099e-09	0	0	0	0	0.827273	0.963025	0.259631	0.509615	0.897479	9.90099e-09	0.0693069	9.90099e-09	1	0.0973154	0.275926	0.666667	0.666667	1.5	1	1	37876.8	1e+20	2.79211e+11	71.3346	31.5419	46.4856	60.4701	67.2566	85.0488	
104000	-124861	-1339.01	-77981.9	-17343.8	0.143748	1	0.111879	17.8765	3.14368	0.0146908	19.8596	0.452517	5883	99	491	-41270.7	70.5979f	61.0054	4	1	1	0.0693069	0.0792079	0.0990099	9.90099e-09	0	0	0	0	0.809091	0.955857	0.246154	0.558824	0.904924	0.009901	0.0693069	9.90099e-09	1	0.110357	0.291829	0.666667	0.666667	1.5	1	1	37876.8	1e+20	2.79211e+11	71.3346	31.5419	46.4856	60.4701	70.5979	61.0054	
105000	-126286	-1339.01	-79407	-17543.6	0.143748	1	0.115133	17.3712	3.23512	0.0134842	19.8596	0.427298	5986	99	515	-41270.7	28.8891f	68.4864	4	1	1	0.0693069	0.0792079	0.0990099	9.90099e-09	0	0	0	0	0.781818	0.971667	0.251248	0.522936	0.895	0.009901	0.049505	9.90099e-09	1	0.118531	0.315596	0.666667	0.666667	1.5	1	1	37876.8	1e+20	2.79211e+11	42.5006	65.753	46.4856	60.4701	28.8891	68.4864	
106000	-125192	-1339.01	-78312.6	-17289.5	0.143748	1	0.120955	16.5351	3.39871	0.0057946	19.8596	0.387152	5855	99	551	-41270.7	43.4275f	49.4653	4	1	1	0.0693069	0.0792079	0.0990099	9.90099e-09	0	0	0	0	0.827273	0.953846	0.254701	0.638889	0.911111	0.009901	0.049505	9.90099e-09	1	0.0820513	0.320717	0.666667	0.666667	1.5	1	1	37876.8	1e+20	2.79211e+11	69.783	66.2529	46.4856	60.4701	43.4275	49.4653	
107000	-126578	-1339.01	-79698.6	-17514.5	0.143748	1	0.120955	16.5351	2.99622	0.00800546	19.2435	0.439159	5971	99	557	-41270.7	54.7348f	60.1636	4	1	1	0.0693069	0.0792079	0.0990099	9.90099e-09	0	0	0	0	0.809091	0.954849	0.259259	0.535714	0.895447	0.009901	0.049505	9.90099e-09	1	0.106667	0.301616	0.666667	0.666667	1.5	1	1	37876.8	1e+20	2.79211e+11	33.5535	32.2524	46.4856	60.4701	54.7348	60.1636	
108000	-127435	-1339.01	-80555.8	-17792.9	0.148087	1	0.120955	16.5351	2.99856	0.00772456	19.1047	0.438817	6116	99	498	-41270.7	34.7341f	56.1532	4	1	1	0.0693069	0.0792079	0.0990099	9.90099e-09	0	0	0	0	0.763636	0.967267	0.227496	0.518868	0.89198	0.009901	0.049505	9.90099e-09	1	0.0876033	0.304435	0.666667	0.666667	1.5	1	1	37876.8	1e+20	2.79211e+11	33.5535	32.2524	22.5313	95.8072	34.7341	56.1532	
109000	-127657	-1339.01	-80777.8	-17733.7	0.147228	1	0.122859	16.2788	3.0281	0.0413291	19.1047	0.427802	6085	99	546	-41270.7	16.1024f	95.0211	4	1	1	0.0693069	0.0792079	0.039604	9.90099e-09	0	0	0	0	0.754545	0.959016	0.207516	0.553571	0.907591	0.009901	0.049505	9.90099e-09	1	0.111475	0.291743	0.666667	0.666667	1.5	1	1	37876.8	1e+20	2.79211e+11	33.5535	32.2524	22.5313	95.8072	16.1024	95.0211	
110000	-128592	-1339.01	-81713.3	-17937.6	0.150193	1	0.125167	15.9786	3.30236	0.0304559	19.3361	0.38504	6192	99	528	-41270.7	6.6713f	72.2047	4	1	1	0.029703	0.0594059	0.039604	9.90099e-09	0	0	0	0	0.818182	0.961722	0.264516	0.6	0.877617	0.009901	0.138614	9.90099e-09	1	0.083871	0.357542	0.666667	0.666667	1.5	1	1	37876.8	1e+20	2.79211e+11	44.0752	17.9911	19.5803	89.9979	6.6713	72.2047	
111000	-132427	-1339.01	-85548.1	-18527.9	0.15189	1	0.11295	17.7069	3.0137	0.0319287	19.3361	0.467555	6505	99	547	-41270.7	11.2147f	80.7386	4	1	1	0.029703	0.0594059	0.039604	9.90099e-09	0	0	0	0	0.845455	0.969088	0.267281	0.513274	0.900154	0.009901	0.138614	9.90099e-09	1	0.102919	0.292727	0.666667	0.666667	1.5	1	1	37876.8	1e+20	2.79211e+11	44.0752	17.9911	19.5803	89.9979	11.2147	80.7386	
112000	-131666	-1339.01	-84786.8	-18470.1	0.155504	1	0.0999997	20.0001	2.73163	0.021649	19.3361	0.582638	6476	99	510	-41270.7	16.8038f	71.3987	4	1	1	0.029703	0.0594059	0.039604	9.90099e-09	0	0	0	0	0.809091	0.969231	0.272727	0.58	0.906154	0.009901	0.138614	9.90099e-09	1	0.0987654	0.315476	0.666667	0.666667	1.5	1	1	37876.8	1e+20	2.79211e+11	51.6777	75.8723	19.5803	89.9979	16.8038	71.3987	
113000	-131155	-1339.01	-84276.2	-18378.9	0.155504	1	0.111734	17.8997	3.05217	0.0142346	19.3361	0.466687	6427	99	514	-41270.7	19.6712f	53.8473	4	1	1	0.029703	0.0594059	0.039604	9.90099e-09	0	0	0	0	0.818182	0.9613	0.214286	0.564356	0.901869	0.009901	0.138614	9.90099e-09	1	0.0869565	0.290323	0.666667	0.666667	1.5	1	1	37876.8	1e+20	2.79211e+11	20.3668	68.7215	19.5803	89.9979	19.6712	53.8473	
114000	-132782	-1339.01	-85902.9	-18499.9	0.155504	1	0.115332	17.3412	3.12893	0.0327908	19.3029	0.441035	6492	99	593	-41270.7	30.4875f	94.401	4	1	1	0.029703	0.0594059	0.039604	9.90099e-09	0	0	0	0	0.772727	0.959815	0.223077	0.504425	0.912173	0.009901	0.138614	9.90099e-09	1	0.0955316	0.285479	0.666667	0.666667	1.5	1	1	37876.8	1e+20	2.79211e+11	69.0856	77.6418	19.5803	89.9979	30.4875	94.401	
115000	-132785	-1339.01	-85906.2	-18560.5	0.157334	1	0.115867	17.2611	3.18043	0.0199417	19.3029	0.43189	6525	99	565	-41270.7	30.3538f	80.2528	4	1	1	0.049505	0.0891089	0.039604	9.90099e-09	0	0	0	0	0.736364	0.960184	0.25841	0.440678	0.929556	0.009901	0.138614	9.90099e-09	1	0.111792	0.337434	0.666667	0.666667	1.5	1	1	37876.8	1e+20	2.79211e+11	55.227	35.6279	19.5803	89.9979	30.3538	80.2528	
116000	-132173	-1339.01	-85293.9	-18488.6	0.158397	1	0.115867	17.2611	3.20191	0.00599967	19.3029	0.428992	6486	99	546	-41270.7	50.6314f	49.7201	4	1	1	0.049505	0.0891089	0.039604	9.90099e-09	0	0	0	0	0.781818	0.970679	0.262673	0.517857	0.890937	0.009901	0.138614	9.90099e-09	1	0.102919	0.31746	0.666667	0.666667	1.5	1	1	37876.8	1e+20	2.79211e+11	55.227	35.6279	19.5803	89.9979	50.6314	49.7201	
117000	-132451	-1339.01	-85572.5	-18510.7	0.158397	1	0.115867	17.2611	3.20191	0.0122808	19.3029	0.428992	6498	99	555	-41270.7	28.7748f	65.5023	4	1	1	0.049505	0.0891089	0.039604	9.90099e-09	0	0	0	0	0.709091	0.969325	0.230415	0.508621	0.903077	0.009901	0.138614	9.90099e-09	1	0.109231	0.309187	0.666667	0.666667	1.5	1	1	37876.8	1e+20	2.79211e+11	55.227	35.6279	19.5803	89.9979	28.7748	65.5023	
118000	-133486	-1339.01	-86607.2	-18707.9	0.158397	1	0.128881	15.5182	3.56153	0.020345	19.3029	0.346732	6605	99	549	-41270.7	13.577f	62.5579	4	1	1	0.049505	0.0891089	0.039604	9.90099e-09	0	0	0	0	0.818182	0.971168	0.220183	0.530435	0.911315	0.009901	0.138614	9.90099e-09	1	0.0983359	0.295082	0.666667	0.666667	1.5	1	1	37876.8	1e+20	2.79211e+11	55.227	35.6279	19.5803	89.9979	13.577	62.5579	
119000	-135436	-1339.01	-88557.5	-18980.7	0.164034	1	0.123223	16.2308	3.61759	0.0285109	19.4265	0.357034	6755	99	570	-41270.7	16.8578f	81.9545	4	1	1	0.049505	0.0891089	0.039604	9.90099e-09	0	0	0	0	0.763636	0.964706	0.223043	0.512821	0.919236	0.009901	0.138614	9.90099e-09	1	0.0946746	0.314433	0.666667	0.666667	1.5	1	1	37876.8	1e+20	2.79211e+11	55.227	35.6279	19.5803	89.9979	16.8578	81.9545	
120000	-136752	-1339.01	-89872.7	-19079.1	0.167736	1	0.123223	16.2308	3.70665	0.0415605	19.4363	0.348456	6809	99	633	-41270.7	19.6921f	97.3843	4	1	1	0.049505	0.0891089	0.039604	9.90099e-09	0	0	0	0	0.736364	0.963343	0.222874	0.563492	0.892805	0.009901	0.138614	9.90099e-09	1	0.110132	0.281713	0.666667	0.666667	1.5	1	1	37876.8	1e+20	2.79211e+11	55.227	35.6279	19.5803	89.9979	19.6921	97.3843	
121000	-138017	-1339.01	-91138.1	-19395.7	0.171961	1	0.105355	18.9834	3.4233	0.0398709	19.6919	0.441284	6986	99	564	-41270.7	1.43054f	78.7767	4	1	1	0.049505	0.0891089	0.029703	9.90099e-09	0	0	0	0	0.836364	0.966811	0.27971	0.452991	0.909753	0.009901	0.138614	9.90099e-09	1	0.108696	0.298456	0.666667	0.666667	1.5	1	1	37876.8	1e+20	2.79211e+11	55.227	35.6279	19.5803	89.9979	1.43054	78.7767	
122000	-140553	-1339.01	-93673.8	-19605.2	0.171961	1	0.12605	15.8667	4.20124	0.01334	19.8175	0.300537	7105	99	679	-41270.7	31.4654f	70.2373	4	1	1	0.0693069	0.039604	0.029703	9.90099e-09	0	0	0	0	0.718182	0.95493	0.242254	0.525926	0.889986	0.009901	0.0693069	9.90099e-09	1	0.101408	0.358232	0.666667	0.666667	1.5	1	1	37876.8	1e+20	2.79211e+11	55.227	35.6279	19.5803	89.9979	31.4654	70.2373	
123000	-142451	-1339.01	-95572.3	-19874.2	0.172342	1	0.12605	15.8667	4.21057	0.0499249	19.8175	0.299872	7258	99	696	-41270.7	10.2636f	98.5061	4	1	1	0.0693069	0.039604	0.029703	9.90099e-09	0	0	0	0	0.763636	0.955617	0.280335	0.477941	0.89043	0.009901	0.0693069	9.90099e-09	1	0.115007	0.285714	0.666667	0.666667	1.5	1	1	37876.8	1e+20	2.79211e+11	87.5345	20.3093	19.5803	89.9979	10.2636	98.5061	
124000	-139695	-1339.01	-92816.3	-19541.9	0.172342	1	0.115156	17.3677	3.84666	0.056893	19.8175	0.359294	7069	99	636	-41270.7	0.915923f	96.6521	4	1	1	0.0693069	0.039604	0.029703	9.90099e-09	0	0	0	0	0.836364	0.975921	0.235876	0.523438	0.893768	0.009901	0.0693069	9.90099e-09	1	0.120397	0.324117	0.666667	0.666667	1.5	1	1	37876.8	1e+20	2.79211e+11	87.5345	20.3093	19.5803	89.9979	0.915923	96.6521	
125000	-138710	-1339.01	-91830.6	-19517.3	0.172342	1	0.115156	17.3677	3.84666	0.0234215	19.8175	0.359294	7055	99	562	-41270.7	23.1364f	80.4396	4	1	1	0.0693069	0.039604	0.029703	9.90099e-09	0	0	0	0	0.763636	0.953191	0.241525	0.525	0.910638	0.009901	0.0693069	9.90099e-09	1	0.0946328	0.311148	0.666667	0.666667	1.5	1	1	37876.8	1e+20	2.79211e+11	87.5345	20.3093	19.5803	89.9979	23.1364	80.4396	
126000	-141136	-1339.01	-94257.4	-19726.3	0.17383	1	0.126014	15.8713	4.11074	0.0466575	19.6581	0.307243	7174	99	664	-41270.7	5.13052f	91.1807	4	1	1	0.0693069	0.039604	0.029703	9.90099e-09	0	0	0	0	0.781818	0.952646	0.25802	0.515873	0.879552	0.009901	0.0693069	9.90099e-09	1	0.0990237	0.322981	0.666667	0.666667	1.5	1	1	37876.8	1e+20	2.79211e+11	92.064	26.2416	19.5803	89.9979	5.13052	91.1807	
127000	-140893	-1339.01	-94013.8	-19726.3	0.17383	1	0.126014	15.8713	4.06851	0.0388721	19.6074	0.310433	7174	99	643	-41270.7	24.2973f	97.3615	4	1	1	0.0693069	0.039604	0.029703	9.90099e-09	0	0	0	0	0.8	0.974895	0.240223	0.457364	0.87883	0.009901	0.0693069	9.90099e-09	1	0.101671	0.332344	0.666667	0.666667	1.5	1	1	37876.8	1e+20	2.79211e+11	79.8257	84.7959	19.5803	89.9979	24.2973	97.3615	
128000	-140125	-1339.01	-93245.7	-19591.6	0.17383	1	0.12723	15.7196	4.03383	0.0328295	19.5186	0.310108	7097	99	652	-41270.7	2.69006f	69.0536	4	1	1	0.049505	0.0594059	0.039604	9.90099e-09	0	0	0	0	0.781818	0.953586	0.245787	0.514925	0.88169	0.009901	0.0594059	9.90099e-09	1	0.0981767	0.33888	0.666667	0.666667	1.5	1	1	37876.8	1e+20	2.79211e+11	79.8257	84.7959	19.5803	89.9979	2.69006	69.0536	
129000	-138530	-1339.01	-91650.6	-19404.1	0.17126	1	0.116561	17.1585	3.64092	0.0338455	19.5186	0.375023	6991	99	613	-41270.7	6.70246f	77.7834	4	1	1	0.049505	0.0594059	0.039604	9.90099e-09	0	0	0	0	0.772727	0.965812	0.224286	0.574803	0.886202	0.009901	0.0594059	9.90099e-09	1	0.0797721	0.278956	0.666667	0.666667	1.5	1	1	37876.8	1e+20	2.79211e+11	64.9773	38.5328	19.5803	89.9979	6.70246	77.7834	
130000	-139163	-1339.01	-92283.9	-19491.3	0.173113	1	0.117862	16.9691	3.72138	0.0327871	19.5186	0.362864	7040	99	616	-41270.7	29.6867f	94.1143	4	1	1	0.049505	0.0594059	0.039604	9.90099e-09	0	0	0	0	0.772727	0.955651	0.229018	0.460317	0.900709	0.009901	0.0594059	9.90099e-09	1	0.093617	0.313758	0.666667	0.666667	1.5	1	1	37876.8	1e+20	2.79211e+11	64.9773	38.5328	19.5803	89.9979	29.6867	94.1143	
131000	-139082	-1339.01	-92203.1	-19526.4	0.173113	1	0.117469	17.0257	3.67291	0.0286994	19.4709	0.368881	7060	99	592	-41270.7	32.1544f	91.039	4	1	1	0.049505	0.0594059	0.039604	9.90099e-09	0	0	0	0	0.863636	0.97151	0.222539	0.593496	0.895863	0.009901	0.0594059	9.90099e-09	1	0.0975955	0.324324	0.666667	0.666667	1.5	1	1	37876.8	1e+20	2.79211e+11	74.0781	58.9794	19.5803	89.9979	32.1544	91.039	
132000	-140894	-1339.01	-94015.4	-19740.4	0.173113	1	0.117469	17.0257	3.67356	0.0289127	19.4718	0.368816	7182	99	638	-41270.7	77.1807f	80.2378	4	1	1	0.049505	0.0594059	0.039604	9.90099e-09	0	0	0	0	0.827273	0.972067	0.204167	0.554622	0.903631	0.009901	0.0594059	9.90099e-09	1	0.111266	0.318038	0.666667	0.666667	1.5	1	1	37876.8	1e+20	2.79211e+11	74.0781	58.9794	19.5803	89.9979	77.1807	80.2378	
133000	-137855	-1339.01	-90975.9	-19370	0.168737	1	0.117469	17.0257	3.6448	0.0381022	19.5583	0.371725	6972	99	574	-41270.7	14.7097f	90.9657	4	1	1	0.049505	0.0594059	0.039604	9.90099e-09	0	0	0	0	0.836364	0.951359	0.241429	0.579832	0.891117	0.009901	0.0594059	9.90099e-09	1	0.0916905	0.341727	0.666667	0.666667	1.5	1	1	37876.8	1e+20	2.79211e+11	74.0781	58.9794	19.5803	89.9979	14.7097	90.9657	
134000	-140227	-1339.01	-93348.4	-19747.6	0.172358	1	0.106128	18.8452	3.36355	0.0311688	19.5583	0.445854	7186	99	569	-41270.7	19.2405f	87.0125	4	1	1	0.049505	0.0594059	0.0792079	9.90099e-09	0	0	0	0	0.8	0.965132	0.241283	0.54955	0.909471	0.009901	0.0594059	9.90099e-09	1	0.097629	0.317774	0.666667	0.666667	1.5	1	1	37876.8	1e+20	2.79211e+11	74.0781	58.9794	19.5803	89.9979	19.2405	87.0125	
135000	-139111	-1339.01	-92232	-19536.4	0.167512	1	0.110476	18.1035	3.19859	0.0306311	19.2579	0.450394	7065	99	591	-41270.7	14.5792f	82.5336	4	1	1	0.049505	0.0792079	0.0792079	9.90099e-09	0	0	0	0	0.754545	0.966054	0.235127	0.5	0.913842	0.009901	0.0594059	9.90099e-09	1	0.0905233	0.278992	0.666667	0.666667	1.5	1	1	37876.8	1e+20	2.79211e+11	74.6105	55.6541	19.5803	89.9979	14.5792	82.5336	
136000	-138376	-1339.01	-91497	-19363.1	0.167512	1	0.125451	15.9425	3.62267	0.0183766	19.2453	0.350201	6968	99	624	-41270.7	71.9945f	68.6991	4	1	1	0.0594059	0.0792079	0.0792079	9.90099e-09	0	0	0	0	0.809091	0.965368	0.247482	0.52459	0.890332	0.009901	0.0594059	9.90099e-09	1	0.114778	0.331731	0.666667	0.666667	1.5	1	1	37876.8	1e+20	2.79211e+11	74.6105	55.6541	48.0267	69.316	71.9945	68.6991	
137000	-138739	-1339.01	-91860	-19467.6	0.170916	1	0.122833	16.2822	3.61915	0.0162359	19.2453	0.358012	7027	99	600	-41270.7	75.3071f	49.3856	4	1	1	0.0594059	0.0792079	0.0792079	9.90099e-09	0	0	0	0	0.690909	0.964539	0.267327	0.626016	0.916312	0.009901	0.0594059	9.90099e-09	1	0.11174	0.309148	0.666667	0.666667	1.5	1	1	37876.8	1e+20	2.79211e+11	72.4547	25.6735	48.0267	69.316	75.3071	49.3856	
138000	-139219	-1339.01	-92340.1	-19481.7	0.170916	1	0.118821	16.832	3.50095	0.0061822	19.2453	0.382596	7035	99	628	-41270.7	42.2938f	54.7265	4	1	1	0.0594059	0.0792079	0.0792079	9.90099e-09	0	0	0	0	0.790909	0.95584	0.245739	0.58871	0.886525	0.009901	0.0594059	9.90099e-09	1	0.106838	0.304918	0.666667	0.666667	1.5	1	1	37876.8	1e+20	2.79211e+11	46.8371	90.9667	48.0267	69.316	42.2938	54.7265	
139000	-138831	-1339.01	-91952.1	-19397.5	0.171979	1	0.118821	16.832	3.52272	0.0151674	19.2453	0.380232	6987	99	634	-41270.7	33.2316f	74.6062	4	1	1	0.0594059	0.0792079	0.0792079	9.90099e-09	0	0	0	0	0.709091	0.961429	0.274286	0.428571	0.879828	0.009901	0.0594059	9.90099e-09	1	0.09299	0.256735	0.666667	0.666667	1.5	1	1	37876.8	1e+20	2.79211e+11	83.5479	66.8908	48.0267	69.316	33.2316	74.6062	
140000	-139173	-1339.01	-92293.9	-19464.5	0.172221	1	0.120454	16.6039	3.58857	0.00642303	19.262	0.368196	7025	99	638	-41270.7	53.11f	51.9588	4	1	1	0.0594059	0.0792079	0.0792079	9.90099e-09	0	0	0	0	0.781818	0.961756	0.261735	0.523077	0.905099	0.009901	0.158416	9.90099e-09	1	0.108108	0.308777	0.666667	0.666667	1.5	1	1	37876.8	1e+20	2.79211e+11	83.5479	66.8908	38.4839	57.9296	53.11	51.9588	
141000	-141206	-1339.01	-94326.9	-19789.9	0.172185	1	0.120454	16.6039	3.55437	0.0144641	19.2169	0.371738	7210	99	637	-41270.7	23.2232f	64.1742	4	1	1	0.0693069	0.0792079	0.049505	9.90099e-09	0	0	0	0	0.745455	0.965181	0.236111	0.5625	0.895833	0.009901	0.158416	9.90099e-09	1	0.0900277	0.312102	0.666667	0.666667	1.5	1	1	37876.8	1e+20	2.79211e+11	83.5479	66.8908	38.4839	57.9296	23.2232	64.1742	
142000	-139178	-1339.01	-92299.3	-19592.9	0.172185	1	0.120454	16.6039	3.06815	0.011903	18.5231	0.430649	7098	99	568	-41270.7	53.0587f	71.1046	4	1	1	0.0693069	0.0990099	0.049505	9.90099e-09	0	0	0	0	0.790909	0.960396	0.225212	0.491379	0.908062	0.009901	0.158416	9.90099e-09	1	0.0905233	0.346831	0.666667	0.666667	1.5	1	1	37876.8	1e+20	2.79211e+11	83.5479	66.8908	38.4839	57.9296	53.0587	71.1046	
143000	-141035	-1339.01	-94156.4	-19805.8	0.172181	1	0.13026	15.3539	3.33302	0.0202089	18.5442	0.366581	7219	99	615	-41270.7	26.2102f	78.1594	4	1	1	0.0693069	0.0990099	0.049505	0.009901	0	0	0	0	0.809091	0.962656	0.219613	0.546154	0.895172	0.009901	0.158416	9.90099e-09	1	0.103448	0.306626	0.666667	0.666667	1.5	1	1	37876.8	1e+20	2.79211e+11	21.7069	93.073	21.0513	46.8785	26.2102	78.1594	
144000	-140261	-1339.01	-93382.5	-19658	0.172481	1	0.130728	15.2989	3.62995	0.0187535	18.9188	0.33539	7135	99	628	-41270.7	13.162f	52.3481	4	1	1	0.0693069	0.0990099	0.049505	0.009901	0	0	0	0	0.736364	0.962291	0.2507	0.456	0.901823	0.009901	0.158416	9.90099e-09	1	0.0944993	0.306709	0.666667	0.666667	1.5	1	1	37876.8	1e+20	2.79211e+11	25.521	62.0113	20.3019	68.4745	13.162	52.3481	
145000	-141984	-1339.01	-95104.7	-19963.7	0.174552	1	0.12445	16.0707	3.49711	0.0275662	18.9188	0.365691	7310	99	609	-41270.7	10.243f	26.5681	4	1	1	0.0693069	0.0990099	0.049505	0.009901	0	0	0	0	0.727273	0.967078	0.25	0.48855	0.912568	0.009901	0.158416	9.90099e-09	1	0.0932785	0.330049	0.666667	0.666667	1.5	1	1	37876.8	1e+20	2.79211e+11	25.521	62.0113	20.3019	68.4745	10.243	26.5681	
146000	-142079	-1339.01	-95200.4	-19993.3	0.174778	1	0.119437	16.7453	3.38561	0.0208929	18.954	0.393591	7327	99	599	-41270.7	11.8149f	59.3802	4	1	1	0.0693069	0.0990099	0.049505	0.009901	0	0	0	0	0.872727	0.949036	0.241473	0.445378	0.91678	0.009901	0.108911	9.90099e-09	1	0.0927694	0.323024	0.666667	0.666667	1.5	1	1	37876.8	1e+20	2.79211e+11	44.6691	40.5039	20.3019	68.4745	11.8149	59.3802	
147000	-143442	-1339.01	-96563.5	-20146.4	0.177105	1	0.12087	16.5467	3.43184	0.0343932	18.8991	0.383683	7416	99	636	-41270.7	22.7418f	92.5071	4	1	1	0.0693069	0.0594059	0.108911	0.009901	0	0	0	0	0.772727	0.97039	0.220727	0.587302	0.916555	0.009901	0.108911	9.90099e-09	1	0.101078	0.297771	0.666667	0.666667	1.5	1	1	37876.8	1e+20	2.79211e+11	44.6691	40.5039	20.3019	68.4745	22.7418	92.5071	
148000	-146974	-1339.01	-100095	-20614.1	0.182803	1	0.117486	17.0232	3.57555	0.0163099	19.0783	0.378869	7691	99	681	-41270.7	19.1252f	62.3336	4	1	1	0.0693069	0.0594059	0.108911	0.009901	0	0	0	0	0.672727	0.973958	0.230065	0.522388	0.885714	0.009901	0.108911	9.90099e-09	1	0.0909091	0.301075	0.666667	0.666667	1.5	1	1	37876.8	1e+20	2.79211e+11	44.6691	40.5039	20.3019	68.4745	19.1252	62.3336	
149000	-147139	-1339.01	-100260	-20746.8	0.18932	1	0.114667	17.4419	3.61414	0.0113063	19.0783	0.384041	7771	99	619	-41270.7	27.8463f	61.3919	4	1	1	0.0891089	0.0594059	0.108911	0.009901	0	0	0	0	0.690909	0.955013	0.255456	0.52	0.932555	0.009901	0.108911	9.90099e-09	1	0.102828	0.30832	0.666667	0.666667	1.5	1	1	37876.8	1e+20	2.79211e+11	70.1186	97.4353	20.3019	68.4745	27.8463	61.3919	
150000	-147131	-1339.01	-100251	-20746.8	0.187015	1	0.112343	17.8026	3.49782	0.0335817	19.0783	0.405019	7771	99	616	-41270.7	40.5409f	97.3582	4	1	1	0.0891089	0.0594059	0.108911	0.009901	0	0	0	0	0.809091	0.96401	0.221364	0.5	0.90991	0.009901	0.108911	9.90099e-09	1	0.0976864	0.30137	0.666667	0.666667	1.5	1	1	37876.8	1e+20	2.79211e+11	51.3522	97.2513	20.3019	68.4745	40.5409	97.3582	
151000	-146140	-1339.01	-99261.4	-20708.8	0.185553	1	0.105501	18.9571	3.30572	0.0121642	19.1462	0.456348	7748	99	554	-41270.7	23.1696f	45.5474	4	1	1	0.0891089	0.0594059	0.108911	0.009901	0	0	0	0	0.818182	0.965206	0.239075	0.516129	0.918919	0.009901	0.108911	9.90099e-09	1	0.0875161	0.341176	0.666667	0.666667	1.5	1	1	37876.8	1e+20	2.79211e+11	30.3003	87.1634	20.3019	68.4745	23.1696	45.5474	
152000	-148153	-1339.01	-101274	-20846.8	0.185593	1	0.123327	16.217	3.86512	0.0141599	19.1462	0.333886	7830	99	652	-41270.7	19.4817f	48.6603	4	1	1	0.0891089	0.0594059	0.108911	9.90099e-09	0	0	0	0	0.709091	0.963057	0.245235	0.5	0.90216	0.009901	0.108911	9.90099e-09	1	0.105732	0.310185	0.666667	0.666667	1.5	1	1	37876.8	1e+20	2.79211e+11	30.3003	87.1634	20.3019	68.4745	19.4817	48.6603	
153000	-148428	-1339.01	-101549	-20856.6	0.19043	1	0.129403	15.4556	4.16124	0.0213225	19.1462	0.295564	7837	99	673	-41270.7	15.4083f	68.6965	4	1	1	0.0891089	0.0594059	0.108911	9.90099e-09	0	0	0	0	0.763636	0.969309	0.263694	0.533333	0.884076	0.009901	0.108911	9.90099e-09	1	0.0984655	0.319885	0.666667	0.666667	1.5	1	1	37876.8	1e+20	2.79211e+11	30.994	81	0.537193	85.5669	15.4083	68.6965	
154000	-149308	-1339.01	-102429	-20903.1	0.191508	1	0.11724	17.059	4.21208	0.0324672	19.6565	0.32229	7865	99	712	-41270.7	13.0218f	83.3119	4	1	1	0.0891089	0.108911	0.019802	9.90099e-09	0	0	0	0	0.790909	0.953165	0.267516	0.534247	0.90621	0.009901	0.108911	9.90099e-09	1	0.111817	0.324586	0.666667	0.666667	1.5	1	1	37876.8	1e+20	2.79211e+11	30.994	81	0.537193	85.5669	13.0218	83.3119	
155000	-150591	-1339.01	-103712	-21171.8	0.1903	1	0.11724	17.059	4.22664	0.0258213	19.7046	0.32118	8027	99	669	-41270.7	11.5432f	71.6531	4	1	1	0.0891089	0.108911	0.019802	9.90099e-09	0	0	0	0	0.763636	0.963659	0.264411	0.44186	0.893216	0.009901	0.108911	9.90099e-09	1	0.111529	0.276336	0.666667	0.666667	1.5	1	1	37876.8	1e+20	2.79211e+11	47.786	59.8473	0.537193	85.5669	11.5432	71.6531	
156000	-146577	-1339.01	-99698.3	-20639.3	0.1903	1	0.116068	17.2313	4.18438	0.0332458	19.7046	0.327701	7706	99	622	-41270.7	20.3574f	89.9722	4	1	1	0.108911	0.108911	0.019802	9.90099e-09	0	0	0	0	0.772727	0.953428	0.257439	0.546875	0.899094	0.009901	0.108911	9.90099e-09	1	0.107652	0.294479	0.666667	0.666667	1.5	1	1	37876.8	1e+20	2.79211e+11	47.786	59.8473	38.9489	83.2948	20.3574	89.9722	
157000	-146743	-1339.01	-99863.5	-20632.6	0.1903	1	0.116068	17.2313	4.22804	0.0173049	19.7558	0.324317	7702	99	647	-41270.7	51.9354f	80.0145	4	1	1	0.108911	0.108911	0.019802	9.90099e-09	0	0	0	0	0.8	0.951823	0.261658	0.462121	0.919689	0.009901	0.108911	9.90099e-09	1	0.104922	0.295282	0.666667	0.666667	1.5	1	1	37876.8	1e+20	2.79211e+11	43.6142	67.8754	38.9489	83.2948	51.9354	80.0145	
158000	-149708	-1339.01	-102829	-21066.6	0.193154	1	0.10688	18.7126	3.95173	0.0304118	19.7558	0.376823	7964	99	648	-41270.7	39.0953f	94.3342	4	1	1	0.108911	0.108911	0.019802	9.90099e-09	0	0	0	0	0.790909	0.969849	0.275949	0.527559	0.896684	0.019802	0.108911	9.90099e-09	1	0.112532	0.302652	0.666667	0.666667	1.5	1	1	37876.8	1e+20	2.79211e+11	54.4447	18.9723	38.9489	83.2948	39.0953	94.3342	
159000	-148488	-1339.01	-101609	-20933.4	0.193327	1	0.10688	18.7126	3.95526	0.0285405	19.7558	0.376487	7883	99	620	-41270.7	16.1545f	81.3468	4	1	1	0.108911	0.108911	0.029703	9.90099e-09	0	0	0	0	0.772727	0.95564	0.247462	0.515152	0.927757	0.019802	0.108911	9.90099e-09	1	0.095057	0.295056	0.666667	0.666667	1.5	1	1	37876.8	1e+20	2.79211e+11	83.5867	78.0068	22.3775	77.7603	16.1545	81.3468	
160000	-147944	-1339.01	-101065	-20923.6	0.193327	1	0.108472	18.4379	3.96069	0.0320454	19.6896	0.370452	7877	99	582	-41270.7	8.40294f	77.4552	4	1	1	0.108911	0.039604	0.029703	9.90099e-09	0	0	0	0	0.818182	0.969697	0.21673	0.479339	0.913208	0.019802	0.108911	9.90099e-09	1	0.0855346	0.303922	0.666667	0.666667	1.5	1	1	37876.8	1e+20	2.79211e+11	83.5867	78.0068	22.3775	77.7603	8.40294	77.4552	
161000	-147183	-1339.01	-100304	-20691.7	0.188939	1	0.112744	17.7393	4.05165	0.0155503	19.7243	0.348414	7738	99	652	-41270.7	17.3716f	50.03	4	1	1	0.108911	0.039604	0.029703	9.90099e-09	0	0	0	0	0.727273	0.971649	0.249678	0.484615	0.921493	0.019802	0.108911	9.90099e-09	1	0.0851613	0.292332	0.666667	0.666667	1.5	1	1	37876.8	1e+20	2.79211e+11	56.399	20.7936	54.8847	33.029	17.3716	50.03	
162000	-147244	-1339.01	-100365	-20756.8	0.189615	1	0.106156	18.8401	3.82858	0.0379088	19.7243	0.391595	7777	99	614	-41270.7	85.608f	16.8965	4	1	1	0.049505	0.039604	0.029703	9.90099e-09	0	0	0	0	0.772727	0.971722	0.241335	0.539063	0.894602	0.019802	0.108911	9.90099e-09	1	0.0888031	0.29653	0.666667	0.666667	1.5	1	1	37876.8	1e+20	2.79211e+11	56.399	20.7936	54.8847	33.029	85.608	16.8965	
163000	-146949	-1339.01	-100070	-20715	0.188759	1	0.094016	21.273	3.37541	0.00672342	19.7243	0.501524	7752	99	613	-41270.7	39.4249f	43.2732	4	1	1	0.049505	0.039604	0.029703	9.90099e-09	0	0	0	0	0.790909	0.971759	0.255784	0.434783	0.911311	0.019802	0.108911	9.90099e-09	1	0.0962773	0.25938	0.666667	0.666667	1.5	1	1	37876.8	1e+20	2.79211e+11	47.8395	16.6883	54.8847	33.029	39.4249	43.2732	
164000	-145632	-1339.01	-98752.6	-20435.2	0.187275	1	0.10618	18.836	3.87145	0.0191829	19.8397	0.387173	7585	99	653	-41270.7	70.6009f	27.3738	4	1	1	0.049505	0.039604	0.029703	9.90099e-09	0	0	0	0	0.718182	0.966844	0.266491	0.549618	0.900531	0.019802	0.108911	9.90099e-09	1	0.109354	0.269525	0.666667	0.666667	1.5	1	1	37876.8	1e+20	2.79211e+11	27.5389	79.5564	54.8847	33.029	70.6009	27.3738	
165000	-144873	-1339.01	-97993.9	-20335.5	0.181363	1	0.112704	17.7455	3.97962	0.0379438	19.8397	0.354844	7527	99	645	-41270.7	0.952098f	24.3292	4	1	1	0.049505	0.039604	0.029703	9.90099e-09	0	0	0	0	0.8	0.955705	0.264276	0.507692	0.907039	0.019802	0.158416	9.90099e-09	1	0.0942895	0.321656	0.666667	0.666667	1.5	1	1	37876.8	1e+20	2.79211e+11	39.784	27.9846	52.885	6.07182	0.952098	24.3292	
166000	-144381	-1339.01	-97502.1	-20291.2	0.180762	1	0.114719	17.4339	3.55874	0.0397564	19.2237	0.389842	7501	99	632	-41270.7	25.502f	0.76001	4	1	1	0.049505	0.0891089	0.0594059	9.90099e-09	0	0	0	0	0.763636	0.959947	0.253333	0.488189	0.908367	0.019802	0.158416	9.90099e-09	1	0.113182	0.295345	0.666667	0.666667	1.5	1	1	37876.8	1e+20	2.79211e+11	49.2549	74.4197	20.3794	10.7997	25.502	0.76001	
167000	-145767	-1339.01	-98888	-20474.5	0.184457	1	0.114719	17.4339	3.93552	0.0108167	19.614	0.352518	7609	99	646	-41270.7	45.5385f	29.1971	4	1	1	0.049505	0.0891089	0.0594059	9.90099e-09	0	0	0	0	0.809091	0.959157	0.237154	0.587786	0.898551	0.019802	0.158416	9.90099e-09	1	0.119895	0.289676	0.666667	0.666667	1.5	1	1	37876.8	1e+20	2.79211e+11	49.2549	74.4197	20.3794	10.7997	45.5385	29.1971	
168000	-148410	-1339.01	-101531	-20928.4	0.188852	1	0.110845	18.0432	4.01183	0.030105	19.7617	0.357901	7880	99	618	-41270.7	13.3748f	18.7507	4	1	1	0.049505	0.0891089	0.0594059	9.90099e-09	0	0	0	0	0.754545	0.952926	0.210393	0.524194	0.903676	0.019802	0.158416	9.90099e-09	1	0.0671736	0.3088	0.666667	0.666667	1.5	1	1	37876.8	1e+20	2.79211e+11	49.9653	76.994	5.21055	2.38575	13.3748	18.7507	
169000	-147041	-1339.01	-100162	-20813.4	0.188963	1	0.10048	19.9045	3.55934	0.0368361	19.6529	0.445011	7811	99	567	-41270.7	33.1613f	0.637486	4	1	1	0.049505	0.0891089	0.0594059	9.90099e-09	0	0	0	0	0.863636	0.952746	0.202564	0.525862	0.920716	0.019802	0.158416	9.90099e-09	1	0.0869565	0.331046	0.666667	0.666667	1.5	1	1	37876.8	1e+20	2.79211e+11	49.9653	76.994	5.21055	2.38575	33.1613	0.637486	
170000	-147486	-1339.01	-100607	-20820.8	0.186665	1	0.10048	19.9045	3.57697	0.0337395	19.7374	0.442818	7815	99	601	-41270.7	20.7309f	8.69338	4	1	1	0.049505	0.0891089	0.0594059	9.90099e-09	0	0	0	0	0.727273	0.975734	0.25	0.521739	0.924745	0.019802	0.158416	9.90099e-09	1	0.0932312	0.331115	0.666667	0.666667	1.5	1	1	37876.8	1e+20	2.79211e+11	49.9653	76.994	5.21055	2.38575	20.7309	8.69338	
171000	-146796	-1339.01	-99917.1	-20736.9	0.186665	1	0.10048	19.9045	3.57697	0.0236544	19.7374	0.442818	7765	99	589	-41270.7	79.7782f	31.5604	4	1	1	0.049505	0.0891089	0.0594059	9.90099e-09	0	0	0	0	0.790909	0.972833	0.250323	0.571429	0.903475	0.019802	0.108911	9.90099e-09	1	0.0952381	0.301639	0.666667	0.666667	1.5	1	1	37876.8	1e+20	2.79211e+11	51.6424	94.5034	81.2317	13.0984	79.7782	31.5604	
172000	-146297	-1339.01	-99418.5	-20633.4	0.18885	1	0.10048	19.9045	3.61884	0.047394	19.7374	0.437694	7703	99	599	-41270.7	85.6159f	6.59128	4	1	1	0.049505	0.0891089	0.049505	9.90099e-09	0	0	0	0	0.8	0.958333	0.264935	0.536	0.916667	0.019802	0.108911	9.90099e-09	1	0.0950521	0.313972	0.666667	0.666667	1.5	1	1	37876.8	1e+20	2.79211e+11	49.9653	76.994	81.2317	13.0984	85.6159	6.59128	
173000	-147308	-1339.01	-100429	-20831.7	0.189372	1	0.102308	19.5488	3.69485	0.0173923	19.7374	0.42103	7822	99	576	-41270.7	42.5476f	18.8404	4	1	1	0.049505	0.029703	0.049505	9.90099e-09	0	0	0	0	0.809091	0.956522	0.265985	0.487395	0.918263	0.019802	0.108911	9.90099e-09	1	0.100894	0.337349	0.666667	0.666667	1.5	1	1	37876.8	1e+20	2.79211e+11	49.9653	76.994	62.5356	15.7572	42.5476	18.8404	
174000	-146076	-1339.01	-99196.8	-20623.6	0.189372	1	0.114393	17.4836	3.92175	0.0174394	19.4822	0.354766	7697	99	594	-41270.7	64.1469f	24.553	4	1	1	0.0990099	0.029703	0.049505	9.90099e-09	0	0	0	0	0.772727	0.963494	0.195026	0.525424	0.909091	9.90099e-09	0.108911	9.90099e-09	1	0.0961039	0.298951	0.666667	0.666667	1.5	1	1	37876.8	1e+20	2.79211e+11	49.9653	76.994	62.5356	15.7572	64.1469	24.553	
175000	-148849	-1339.01	-101970	-20956.2	0.192442	1	0.114393	17.4836	3.98337	0.0296906	19.4799	0.349278	7897	99	643	-41270.7	53.9849f	5.97135	4	1	1	0.0990099	0.029703	0.049505	9.90099e-09	0	0	0	0	0.845455	0.972152	0.275032	0.520325	0.908861	9.90099e-09	0.108911	9.90099e-09	1	0.107595	0.28882	0.666667	0.666667	1.5	1	1	37876.8	1e+20	2.79211e+11	49.9653	76.994	62.5356	15.7572	53.9849	5.97135	
176000	-150263	-1339.01	-103384	-21242.8	0.198593	1	0.106701	18.744	3.59144	0.0203117	19.1638	0.41532	8071	99	602	-41270.7	80.4677f	47.2792	4	1	1	0.0990099	0.029703	0.049505	0.009901	0	0	0	0	0.827273	0.976427	0.260223	0.479675	0.889027	9.90099e-09	0.108911	9.90099e-09	1	0.0816832	0.308581	0.666667	0.666667	1.5	1	1	37876.8	1e+20	2.79211e+11	65.2858	45.1074	62.5356	15.7572	80.4677	47.2792	
177000	-152204	-1339.01	-105325	-21503.1	0.198593	1	0.0995597	20.0884	3.35108	0.00788035	19.1638	0.477037	8232	99	617	-41270.7	57.7612f	55.7191	4	1	1	0.0990099	0.029703	0.049505	0.009901	0	0	0	0	0.818182	0.968408	0.227494	0.534351	0.917275	9.90099e-09	0.108911	9.90099e-09	1	0.098301	0.344937	0.666667	0.666667	1.5	1	1	37876.8	1e+20	2.79211e+11	65.2858	45.1074	90.5191	70.9372	57.7612	55.7191	
178000	-152713	-1339.01	-105834	-21586.8	0.199685	1	0.11007	18.1703	3.7252	0.0360446	19.1638	0.388153	8284	99	615	-41270.7	91.5128f	70.1398	4	1	1	0.0990099	0.029703	0.049505	0.009901	0	0	0	0	0.790909	0.971119	0.23012	0.556391	0.916767	9.90099e-09	0.178218	9.90099e-09	1	0.0783133	0.27476	0.666667	0.666667	1.5	1	1	37876.8	1e+20	2.79211e+11	65.2858	45.1074	90.5191	70.9372	91.5128	70.1398	
179000	-149617	-1339.01	-102738	-21134	0.198014	1	0.116471	17.1716	3.74219	0.0262577	18.9562	0.365154	8004	99	619	-41270.7	85.8609f	39.9953	4	1	1	0.0990099	0.138614	0.039604	0.009901	0	0	0	0	0.663636	0.966123	0.22625	0.46875	0.909091	9.90099e-09	0.178218	9.90099e-09	1	0.09625	0.346645	0.666667	0.666667	1.5	1	1	37876.8	1e+20	2.79211e+11	65.2858	45.1074	90.5191	70.9372	85.8609	39.9953	
180000	-153249	-1339.01	-106370	-21631.1	0.19809	1	0.116471	17.1716	3.74362	0.045548	18.9562	0.365014	8311	99	639	-41270.7	83.352f	93.069	4	1	1	0.0990099	0.138614	0.039604	0.009901	0	0	0	0	0.790909	0.975904	0.209135	0.523077	0.908982	9.90099e-09	0.178218	9.90099e-09	1	0.115663	0.312308	0.666667	0.666667	1.5	1	1	37876.8	1e+20	2.79211e+11	70.8465	16.4949	90.5191	70.9372	83.352	93.069	
181000	-152192	-1339.01	-105313	-21498.3	0.19809	1	0.116471	17.1716	3.4115	0.0672905	18.521	0.400549	8229	99	629	-41270.7	98.8478f	97.3781	4	1	1	0.0792079	0.138614	0.039604	0.009901	0	0	0	0	0.754545	0.969697	0.24	0.484615	0.908981	9.90099e-09	0.178218	9.90099e-09	1	0.0824242	0.348837	0.666667	0.666667	1.5	1	1	37876.8	1e+20	2.79211e+11	69.2842	83.3207	90.5191	70.9372	98.8478	97.3781	
182000	-152002	-1339.01	-105123	-21444.9	0.197994	1	0.116471	17.1716	3.40986	0.0273595	18.521	0.400742	8196	99	647	-41270.7	82.2452f	71.1794	4	1	1	0.0792079	0.138614	0.039604	0.009901	0	0	0	0	0.781818	0.972019	0.241169	0.590551	0.890378	9.90099e-09	0.178218	9.90099e-09	1	0.0768293	0.338931	0.666667	0.666667	1.5	1	1	37876.8	1e+20	2.79211e+11	69.2842	83.3207	87.7489	72.0926	82.2452	71.1794	
183000	-153486	-1339.01	-106607	-21695.6	0.202857	1	0.116471	17.1716	3.18461	0.0220648	18.0971	0.429087	8352	99	632	-41270.7	79.2693f	64.9345	4	1	1	0.0792079	0.138614	0.039604	0.009901	0	0	0	0	0.754545	0.966224	0.205036	0.464	0.913876	9.90099e-09	0.178218	9.90099e-09	1	0.0897129	0.332278	0.666667	0.666667	1.5	1	1	37876.8	1e+20	2.79211e+11	69.2842	83.3207	64.7507	63.9865	79.2693	64.9345	
184000	-154803	-1339.01	-107924	-21863.2	0.207265	1	0.120495	16.5982	3.36622	0.0178724	18.0971	0.392382	8457	99	645	-41270.7	76.3379f	58.2663	4	1	1	0.0792079	0.138614	0.039604	0.009901	0	0	0	0	0.790909	0.953846	0.189125	0.515152	0.894799	9.90099e-09	0.128713	9.90099e-09	1	0.0957447	0.340125	0.666667	0.666667	1.5	1	1	37876.8	1e+20	2.79211e+11	69.2842	83.3207	64.7507	63.9865	76.3379	58.2663	
185000	-155196	-1339.01	-108317	-21938.8	0.207265	1	0.123347	16.2144	3.4459	0.0147952	18.0971	0.374447	8505	99	632	-41270.7	61.7029f	72.006	4	1	1	0.0792079	0.138614	0.039604	0.009901	0	0	0	0	0.727273	0.967059	0.201632	0.507813	0.916471	9.90099e-09	0.128713	9.90099e-09	1	0.0857814	0.355183	0.666667	0.666667	1.5	1	1	37876.8	1e+20	2.79211e+11	78.2219	64.8982	64.7507	63.9865	61.7029	72.006	
186000	-155584	-1339.01	-108705	-21882.7	0.208451	1	0.133544	14.9764	3.69094	0.00936122	18.0229	0.322893	8469	99	703	-41270.7	53.5733f	65.2139	4	1	1	0.039604	0.049505	0.0594059	9.90099e-09	0	0	0	0	0.727273	0.970449	0.247642	0.428571	0.898824	9.90099e-09	0.128713	9.90099e-09	1	0.0931604	0.335766	0.666667	0.666667	1.5	1	1	37876.8	1e+20	2.79211e+11	57.9596	91.1442	64.7507	63.9865	53.5733	65.2139	
187000	-154436	-1339.01	-107557	-21703.6	0.202349	1	0.131878	15.1656	3.35029	0.00883003	17.7787	0.360219	8357	99	703	-41270.7	58.1666f	59.937	4	1	1	0.039604	0.049505	0.0594059	9.90099e-09	0	0	0	0	0.827273	0.963183	0.222488	0.460432	0.906699	9.90099e-09	0.128713	9.90099e-09	1	0.0873206	0.352774	0.666667	0.666667	1.5	1	1	37876.8	1e+20	2.79211e+11	57.9596	91.1442	64.7507	63.9865	58.1666	59.937	
188000	-155718	-1339.01	-108839	-21856.9	0.202537	1	0.132981	15.0398	3.38144	0.00617339	17.7787	0.353941	8453	99	733	-41270.7	50.9464f	46.3488	4	1	1	0.039604	0.049505	0.0594059	9.90099e-09	0	0	0	0	0.754545	0.966746	0.210153	0.542254	0.918052	9.90099e-09	0.128713	9.90099e-09	1	0.0961995	0.350559	0.666667	0.666667	1.5	1	1	37876.8	1e+20	2.79211e+11	57.9596	91.1442	64.7507	63.9865	50.9464	46.3488	
189000	-156761	-1339.01	-109882	-21968.6	0.206299	1	0.140104	14.2751	3.58176	0.0243812	17.7209	0.317157	8524	99	752	-41270.7	83.4945f	60.7925	4	1	1	0.039604	0.049505	0.0594059	9.90099e-09	0	0	0	0	0.845455	0.968235	0.234467	0.496454	0.884706	9.90099e-09	0.128713	9.90099e-09	1	0.094959	0.305177	0.666667	0.666667	1.5	1	1	37876.8	1e+20	2.79211e+11	38.4132	78.7349	64.7507	63.9865	83.4945	60.7925	
190000	-152724	-1339.01	-105845	-21550.8	0.203504	1	0.129231	15.4762	3.54536	0.0154707	18.0979	0.34737	8261	99	645	-41270.7	34.3749f	75.6403	4	1	1	0.039604	0.049505	0.0594059	9.90099e-09	0	0	0	0	0.727273	0.966061	0.23494	0.529412	0.896305	9.90099e-09	0.128713	9.90099e-09	1	0.0963855	0.35303	0.666667	0.666667	1.5	1	1	37876.8	1e+20	2.79211e+11	38.4132	78.7349	64.7507	63.9865	34.3749	75.6403	
191000	-155001	-1339.01	-108122	-21735.5	0.203613	1	0.129231	15.4762	4.35005	0.0100974	19.0449	0.283113	8377	99	729	-41270.7	64.7477f	47.7003	4	1	1	0.039604	0.049505	0.0594059	9.90099e-09	0	0	0	0	0.681818	0.95255	0.222354	0.517986	0.907363	9.90099e-09	0.138614	9.90099e-09	1	0.109005	0.341844	0.666667	0.666667	1.5	1	1	37876.8	1e+20	2.79211e+11	38.4132	78.7349	87.4429	51.1849	64.7477	47.7003	
192000	-154824	-1339.01	-107945	-21698.9	0.203613	1	0.129231	15.4762	4.80364	0.0370175	19.523	0.256379	8354	99	733	-41270.7	96.6375f	51.6578	4	1	1	0.039604	0.0594059	0.049505	9.90099e-09	0	0	0	0	0.772727	0.965311	0.237754	0.52	0.887694	9.90099e-09	0.138614	9.90099e-09	1	0.120813	0.263017	0.666667	0.666667	1.5	1	1	37876.8	1e+20	2.79211e+11	72.3446	76.0005	87.4429	51.1849	96.6375	51.6578	
193000	-156356	-1339.01	-109477	-21886.5	0.205725	1	0.132022	15.1489	4.71319	0.0316194	19.2771	0.255775	8472	99	754	-41270.7	90.8975f	39.2911	4	1	1	0.0693069	0.0594059	0.049505	9.90099e-09	0	0	0	0	0.718182	0.96204	0.254438	0.563291	0.900356	9.90099e-09	0.138614	9.90099e-09	1	0.0996441	0.291777	0.666667	0.666667	1.5	1	1	37876.8	1e+20	2.79211e+11	72.3446	76.0005	88.9767	62.8058	90.8975	39.2911	
194000	-158135	-1339.01	-111256	-22213.2	0.206403	1	0.132022	15.1489	3.98532	0.0375596	18.4702	0.302489	8679	99	718	-41270.7	70.0749f	94.8778	4	1	1	0.0693069	0.0594059	0.049505	9.90099e-09	0	0	0	0	0.772727	0.961982	0.238479	0.487013	0.891954	9.90099e-09	0.138614	9.90099e-09	1	0.110599	0.301299	0.666667	0.666667	1.5	1	1	37876.8	1e+20	2.79211e+11	72.3446	76.0005	88.9767	62.8058	70.0749	94.8778	
195000	-155531	-1339.01	-108652	-21834.5	0.206403	1	0.123937	16.1372	4.25376	0.0330804	19.0727	0.301888	8439	99	724	-41270.7	68.4205f	7.88181	4	1	1	0.0693069	0.0594059	0.049505	9.90099e-09	0	0	0	0	0.772727	0.957597	0.246154	0.537931	0.886525	9.90099e-09	0.138614	9.90099e-09	1	0.0945626	0.321823	0.666667	0.666667	1.5	1	1	37876.8	1e+20	2.79211e+11	72.3446	76.0005	88.9767	62.8058	68.4205	7.88181	
196000	-155112	-1339.01	-108233	-21747.7	0.206403	1	0.124392	16.0782	4.83113	0.0515847	19.6713	0.264837	8384	99	734	-41270.7	96.665f	84.3903	4	1	1	0.0693069	0.0594059	0.049505	0.009901	0	0	0	0	0.718182	0.971326	0.197605	0.431507	0.897252	9.90099e-09	0.138614	9.90099e-09	1	0.0965435	0.297554	0.666667	0.666667	1.5	1	1	37876.8	1e+20	2.79211e+11	10.0105	80.3606	88.9767	62.8058	96.665	84.3903	
197000	-153665	-1339.01	-106786	-21587	0.199068	1	0.124392	16.0782	4.65943	0.0199419	19.6713	0.274596	8284	99	695	-41270.7	77.9541f	61.6601	4	1	1	0.0693069	0.0594059	0.049505	0.009901	0	0	0	0	0.709091	0.953069	0.277644	0.601449	0.884615	9.90099e-09	0.0594059	9.90099e-09	1	0.102163	0.32518	0.666667	0.666667	1.5	1	1	37876.8	1e+20	2.79211e+11	23.4523	80.9785	88.9767	62.8058	77.9541	61.6601	
198000	-151715	-1339.01	-104836	-21359.4	0.199068	1	0.116174	17.2156	4.09488	0.0338353	19.3745	0.334557	8143	99	663	-41270.7	93.4168f	57.3106	4	1	1	0.0693069	0.0594059	0.108911	0.009901	0	0	0	0	0.754545	0.963054	0.2543	0.410072	0.892857	9.90099e-09	0.0594059	9.90099e-09	1	0.100737	0.285505	0.666667	0.666667	1.5	1	1	37876.8	1e+20	2.79211e+11	23.4523	80.9785	88.9767	62.8058	93.4168	57.3106	
199000	-150398	-1339.01	-103519	-21152.1	0.195422	1	0.118374	16.8955	4.34226	0.0380632	19.6593	0.309632	8016	99	669	-41270.7	92.2759f	72.3744	4	1	1	0.0693069	0.0594059	0.108911	0.009901	0	0	0	0	0.781818	0.957553	0.246269	0.536232	0.905355	9.90099e-09	0.0594059	9.90099e-09	1	0.11194	0.285294	0.666667	0.666667	1.5	1	1	37876.8	1e+20	2.79211e+11	23.4523	80.9785	88.9767	62.8058	92.2759	72.3744	
200000	-153720	-1339.01	-106841	-21512.8	0.198561	1	0.119229	16.7744	4.44388	0.0479865	19.6593	0.300383	8238	99	747	-41270.7	92.1237f	12.9938	4	1	1	0.0594059	0.0594059	0.108911	0.009901	0	0	0	0	0.790909	0.957627	0.262077	0.465278	0.898551	9.90099e-09	0.0594059	9.90099e-09	1	0.111111	0.323963	0.666667	0.666667	1.5	1	1	37876.8	1e+20	2.79211e+11	74.2801	74.7886	88.9767	62.8058	92.1237	12.9938	
201000	-153916	-1339.01	-107037	-21652.5	0.202357	1	0.119229	16.7744	4.21769	0.0235094	19.3126	0.316492	8325	99	684	-41270.7	78.9625f	68.9807	4	1	1	0.0594059	0.0594059	0.108911	0.009901	0	0	0	0	0.709091	0.967509	0.247259	0.469697	0.918392	9.90099e-09	0.0594059	9.90099e-09	1	0.0938628	0.3125	0.666667	0.666667	1.5	1	1	37876.8	1e+20	2.79211e+11	74.2801	74.7886	88.9767	62.8058	78.9625	68.9807	
202000	-153390	-1339.01	-106511	-21610.9	0.202357	1	0.115513	17.3141	4.08623	0.0186938	19.3126	0.337184	8299	99	658	-41270.7	77.8546f	56.5125	4	1	1	0.0594059	0.0594059	0.108911	0.009901	0	0	0	0	0.727273	0.954327	0.27491	0.496403	0.915357	9.90099e-09	0.0594059	9.90099e-09	1	0.111111	0.324484	0.666667	0.666667	1.5	1	1	37876.8	1e+20	2.79211e+11	68.6673	62.0349	88.9767	62.8058	77.8546	56.5125	
203000	-154874	-1339.01	-107995	-21738.7	0.202953	1	0.12584	15.8932	4.46468	0.0347779	19.3126	0.283276	8379	99	712	-41270.7	93.0607f	36.6813	4	1	1	0.0594059	0.0594059	0.108911	0.009901	0	0	0	0	0.781818	0.962963	0.225806	0.439716	0.905728	9.90099e-09	0.118812	9.90099e-09	1	0.122912	0.287308	0.666667	0.666667	1.5	1	1	37876.8	1e+20	2.79211e+11	68.6673	62.0349	89.3836	21.0129	93.0607	36.6813	
204000	-154400	-1339.01	-107521	-21692.5	0.201218	1	0.11634	17.191	4.09233	0.0304029	19.3126	0.334288	8350	99	702	-41270.7	87.9944f	33.5426	4	1	1	0.0594059	0.0594059	0.039604	0.009901	0	0	0	0	0.690909	0.95778	0.253301	0.496296	0.892642	9.90099e-09	0.118812	9.90099e-09	1	0.104946	0.308148	0.666667	0.666667	1.5	1	1	37876.8	1e+20	2.79211e+11	68.6673	62.0349	89.3836	21.0129	87.9944	33.5426	
205000	-152008	-1339.01	-105129	-21391.5	0.197694	1	0.11634	17.191	4.02066	0.0293623	19.3126	0.340247	8163	99	666	-41270.7	80.025f	21.7112	4	1	1	0.0594059	0.0792079	0.039604	0.009901	0	0	0	0	0.7	0.970732	0.215422	0.514085	0.9	9.90099e-09	0.118812	9.90099e-09	1	0.0963415	0.301802	0.666667	0.666667	1.5	1	1	37876.8	1e+20	2.79211e+11	61.349	53.348	89.3836	21.0129	80.025	21.7112	
206000	-151635	-1339.01	-104756	-21396.6	0.196223	1	0.108124	18.4973	3.60217	0.0201418	19.1721	0.408633	8166	99	633	-41270.7	77.4155f	35.7772	4	1	1	0.0792079	0.0792079	0.039604	0.009901	0	0	0	0	0.754545	0.962149	0.252747	0.582677	0.888889	9.90099e-09	0.118812	9.90099e-09	1	0.0917993	0.321429	0.666667	0.666667	1.5	1	1	37876.8	1e+20	2.79211e+11	61.349	53.348	89.3836	21.0129	77.4155	35.7772	
207000	-152831	-1339.01	-105952	-21505.2	0.197144	1	0.108124	18.4973	4.14032	0.0262485	19.828	0.355519	8233	99	664	-41270.7	66.8383f	85.1082	4	1	1	0.0792079	0.0792079	0.039604	9.90099e-09	0	0	0	0	0.736364	0.971951	0.248166	0.459259	0.894994	9.90099e-09	0.118812	9.90099e-09	1	0.103155	0.293592	0.666667	0.666667	1.5	1	1	37876.8	1e+20	2.79211e+11	61.349	53.348	89.3836	21.0129	66.8383	85.1082	
208000	-154534	-1339.01	-107655	-21695.6	0.202848	1	0.111447	17.9457	4.39104	0.0365856	19.828	0.325225	8352	99	708	-41270.7	89.4925f	75.0546	4	1	1	0.0792079	0.0792079	0.039604	9.90099e-09	0	0	0	0	0.754545	0.955689	0.265868	0.544828	0.919856	9.90099e-09	0.108911	9.90099e-09	1	0.0933014	0.307692	0.666667	0.666667	1.5	1	1	37876.8	1e+20	2.79211e+11	61.349	53.348	85.7674	60.6625	89.4925	75.0546	
209000	-154414	-1339.01	-107535	-21786.5	0.202848	1	0.104865	19.0721	4.13172	0.0229276	19.828	0.367332	8409	99	634	-41270.7	66.2222f	17.9962	4	1	1	0.0792079	0.0792079	0.029703	9.90099e-09	0	0	0	0	0.709091	0.960714	0.245261	0.551471	0.89893	9.90099e-09	0.108911	9.90099e-09	1	0.11415	0.288644	0.666667	0.666667	1.5	1	1	37876.8	1e+20	2.79211e+11	61.349	53.348	85.7674	60.6625	66.2222	17.9962	
210000	-153734	-1339.01	-106855	-21652.5	0.202848	1	0.104865	19.0721	3.83092	0.0151156	19.4569	0.396174	8325	99	662	-41270.7	70.7413f	62.1802	4	1	1	0.0792079	0.0792079	0.029703	9.90099e-09	0	0	0	0	0.763636	0.965352	0.24399	0.534351	0.912992	9.90099e-09	0.108911	9.90099e-09	1	0.0949519	0.327007	0.666667	0.666667	1.5	1	1	37876.8	1e+20	2.79211e+11	61.349	53.348	85.7674	60.6625	70.7413	62.1802	
211000	-155629	-1339.01	-108750	-22002	0.205419	1	0.107444	18.6143	3.63171	0.0388955	19.0226	0.407874	8545	99	620	-41270.7	77.7997f	91.1413	4	1	1	0.0792079	0.0792079	0.029703	9.90099e-09	0	0	0	0	0.781818	0.965842	0.221564	0.476563	0.906398	9.90099e-09	0.108911	9.90099e-09	1	0.0736842	0.316129	0.666667	0.666667	1.5	1	1	37876.8	1e+20	2.79211e+11	48.7631	15.9718	70.4502	79.9301	77.7997	91.1413	
212000	-156811	-1339.01	-109932	-22205	0.206897	1	0.107444	18.6143	2.9232	0.0145708	17.9857	0.506734	8674	99	612	-41270.7	63.4112f	70.2414	4	1	1	0.0792079	0.0792079	0.029703	9.90099e-09	0	0	0	0	0.709091	0.975666	0.220554	0.598361	0.914352	9.90099e-09	0.108911	9.90099e-09	1	0.0856481	0.336585	0.666667	0.666667	1.5	1	1	37876.8	1e+20	2.79211e+11	85.9153	79.2481	76.487	82.4234	63.4112	70.2414	
213000	-154296	-1339.01	-107417	-21829.4	0.204673	1	0.107444	18.6143	2.89177	0.0531205	17.9857	0.51224	8436	99	617	-41270.7	97.2058f	85.4062	4	1	1	0.0594059	0.0792079	0.029703	9.90099e-09	0	0	0	0	0.736364	0.963139	0.220641	0.528455	0.925355	9.90099e-09	0.108911	9.90099e-09	1	0.0936019	0.320847	0.666667	0.666667	1.5	1	1	37876.8	1e+20	2.79211e+11	77.452	59.7888	76.487	82.4234	97.2058	85.4062	
214000	-157856	-1339.01	-110977	-22204.1	0.208853	1	0.107444	18.6143	3.48854	0.031968	18.7544	0.424614	8674	99	699	-41270.7	73.486f	87.1514	4	1	1	0.0594059	0.0792079	0.029703	9.90099e-09	0	0	0	0	0.736364	0.967705	0.215438	0.547445	0.897465	9.90099e-09	0.108911	9.90099e-09	1	0.0979263	0.305556	0.666667	0.666667	1.5	1	1	37876.8	1e+20	2.79211e+11	77.452	59.7888	76.487	82.4234	73.486	87.1514	
215000	-156809	-1339.01	-109930	-22107	0.208853	1	0.112927	17.7106	3.66655	0.0139164	18.7544	0.384385	8612	99	663	-41270.7	71.7206f	52.3591	4	1	1	0.0594059	0.0792079	0.029703	9.90099e-09	0	0	0	0	0.681818	0.974596	0.245064	0.473684	0.907085	9.90099e-09	0.108911	9.90099e-09	1	0.0847851	0.314843	0.666667	0.666667	1.5	1	1	37876.8	1e+20	2.79211e+11	77.452	59.7888	76.487	82.4234	71.7206	52.3591	
216000	-157767	-1339.01	-110888	-22196.2	0.208853	1	0.114803	17.4211	3.20225	0.0585529	18.0556	0.432923	8669	99	701	-41270.7	95.347f	93.4126	4	1	1	0.0594059	0.0792079	0.0693069	9.90099e-09	0	0	0	0	0.772727	0.959584	0.222222	0.562044	0.905421	9.90099e-09	0.108911	9.90099e-09	1	0.0865052	0.333333	0.666667	0.666667	1.5	1	1	37876.8	1e+20	2.79211e+11	77.452	59.7888	76.487	82.4234	95.347	93.4126	
217000	-156150	-1339.01	-109270	-22074.1	0.208853	1	0.114803	17.4211	3.18392	0.034555	18.0297	0.435416	8591	99	634	-41270.7	42.6019f	98.3752	4	1	1	0.0594059	0.0792079	0.0693069	9.90099e-09	0	0	0	0	0.763636	0.963953	0.19674	0.492424	0.911972	9.90099e-09	0.108911	9.90099e-09	1	0.0976744	0.294309	0.666667	0.666667	1.5	1	1	37876.8	1e+20	2.79211e+11	77.452	59.7888	76.487	82.4234	42.6019	98.3752	
218000	-156612	-1339.01	-109733	-22140.7	0.21212	1	0.113402	17.6363	3.19427	0.0216202	18.0297	0.439367	8633	99	633	-41270.7	64.2731f	80.8898	4	1	1	0.0594059	0.0792079	0.0693069	9.90099e-09	0	0	0	0	0.818182	0.956171	0.237601	0.530769	0.919262	9.90099e-09	0.108911	9.90099e-09	1	0.083237	0.343465	0.666667	0.666667	1.5	1	1	37876.8	1e+20	2.79211e+11	77.452	59.7888	76.487	82.4234	64.2731	80.8898	
219000	-154844	-1339.01	-107965	-21831.2	0.205948	1	0.116349	17.1896	3.23861	0.0190021	18.1095	0.422375	8437	99	664	-41270.7	50.2293f	82.5163	4	1	1	0.039604	0.039604	0.0693069	9.90099e-09	0	0	0	0	0.809091	0.972877	0.207101	0.477273	0.891765	9.90099e-09	0.108911	9.90099e-09	1	0.0924171	0.32362	0.666667	0.666667	1.5	1	1	37876.8	1e+20	2.79211e+11	77.452	59.7888	75.9873	81.8636	50.2293	82.5163	
220000	-155351	-1339.01	-108472	-21897.6	0.205948	1	0.122921	16.2706	3.67605	0.0370137	18.4373	0.352219	8479	99	670	-41270.7	85.7132f	81.2242	4	1	1	0.039604	0.039604	0.0693069	9.90099e-09	0	0	0	0	0.8	0.962264	0.208038	0.526718	0.904481	9.90099e-09	0.108911	9.90099e-09	1	0.108491	0.358025	0.666667	0.666667	1.5	1	1	37876.8	1e+20	2.79211e+11	77.452	59.7888	61.8141	86.9162	85.7132	81.2242	
221000	-157357	-1339.01	-110478	-22183.1	0.213045	1	0.115756	17.2778	3.7714	0.0250964	18.6775	0.364565	8660	99	672	-41270.7	74.2409f	77.8624	4	1	1	0.039604	0.039604	0.0693069	9.90099e-09	0	0	0	0	0.727273	0.970149	0.253425	0.451128	0.915802	9.90099e-09	0.108911	9.90099e-09	1	0.094579	0.334821	0.666667	0.666667	1.5	1	1	37876.8	1e+20	2.79211e+11	41.5295	1.20295	61.8141	86.9162	74.2409	77.8624	
222000	-159869	-1339.01	-112990	-22484.6	0.213045	1	0.110944	18.0271	3.61463	0.0181438	18.6775	0.396875	8855	99	698	-41270.7	45.8575f	81.7193	4	1	1	0.039604	0.039604	0.0594059	9.90099e-09	0	0	0	0	0.745455	0.967157	0.227376	0.507353	0.906321	9.90099e-09	0.108911	9.90099e-09	1	0.0962627	0.314121	0.666667	0.666667	1.5	1	1	37876.8	1e+20	2.79211e+11	41.5295	1.20295	61.8141	86.9162	45.8575	81.7193	
223000	-159224	-1339.01	-112345	-22461.5	0.212508	1	0.110944	18.0271	3.60552	0.0251156	18.6775	0.397878	8840	99	663	-41270.7	72.3067f	79.7131	4	1	1	0.039604	0.039604	0.0594059	9.90099e-09	0	0	0	0	0.809091	0.972789	0.218326	0.580882	0.928733	9.90099e-09	0.108911	9.90099e-09	1	0.0954545	0.307806	0.666667	0.666667	1.5	1	1	37876.8	1e+20	2.79211e+11	91.1746	37.7761	61.8141	86.9162	72.3067	79.7131	
224000	-159004	-1339.01	-112125	-22404.7	0.210961	1	0.112434	17.7882	3.62736	0.0169627	18.6775	0.390239	8803	99	677	-41270.7	65.7909f	72.7248	4	1	1	0.039604	0.039604	0.0594059	9.90099e-09	0	0	0	0	0.772727	0.968254	0.242081	0.514706	0.905789	9.90099e-09	0.108911	9.90099e-09	1	0.081448	0.327917	0.666667	0.666667	1.5	1	1	37876.8	1e+20	2.79211e+11	91.291	51.6276	43.3527	92.7849	65.7909	72.7248	
225000	-158834	-1339.01	-111955	-22376.6	0.211373	1	0.112434	17.7882	3.4299	0.0359941	18.409	0.412706	8785	99	676	-41270.7	54.1108f	98.999	4	1	1	0.039604	0.0594059	0.0594059	9.90099e-09	0	0	0	0	0.745455	0.959044	0.233485	0.540741	0.914676	9.90099e-09	0.108911	9.90099e-09	1	0.0967008	0.330303	0.666667	0.666667	1.5	1	1	37876.8	1e+20	2.79211e+11	76.8705	44.8117	51.5656	94.6175	54.1108	98.999	
226000	-158349	-1339.01	-111470	-22312.8	0.211373	1	0.112434	17.7882	3.32833	0.023972	18.2712	0.425299	8744	99	676	-41270.7	77.2039f	72.5756	4	1	1	0.0594059	0.0594059	0.0594059	0.009901	0	0	0	0	0.772727	0.969388	0.22919	0.551471	0.912797	9.90099e-09	0.108911	9.90099e-09	1	0.0798176	0.343434	0.666667	0.666667	1.5	1	1	37876.8	1e+20	2.79211e+11	76.8705	44.8117	51.5656	94.6175	77.2039	72.5756	
227000	-158597	-1339.01	-111718	-22260	0.211373	1	0.128319	15.5861	3.69509	0.0280371	18.1455	0.335663	8710	99	733	-41270.7	45.3436f	92.6136	4	1	1	0.0594059	0.0594059	0.0594059	0.009901	0	0	0	0	0.8	0.96445	0.227325	0.489051	0.907003	0.009901	0.108911	9.90099e-09	1	0.0917431	0.304654	0.666667	0.666667	1.5	1	1	37876.8	1e+20	2.79211e+11	18.8128	1.88027	51.5656	94.6175	45.3436	92.6136	
228000	-158143	-1339.01	-111264	-22225.8	0.211373	1	0.12714	15.7307	3.78609	0.0153063	18.2984	0.330633	8688	99	717	-41270.7	48.0523f	77.7389	4	1	1	0.0594059	0.0594059	0.0594059	0.009901	0	0	0	0	0.690909	0.967667	0.229792	0.524476	0.909931	0.009901	0.0693069	9.90099e-09	1	0.125866	0.314325	0.666667	0.666667	1.5	1	1	37876.8	1e+20	2.79211e+11	76.8705	44.8117	51.5656	94.6175	48.0523	77.7389	
229000	-157062	-1339.01	-110183	-22200.8	0.209539	1	0.113511	17.6195	3.35091	0.0151046	18.2984	0.418428	8672	99	635	-41270.7	51.4803f	76.9523	4	1	1	0.0594059	0.0594059	0.049505	0.009901	0	0	0	0	0.745455	0.955172	0.198851	0.470149	0.921839	0.009901	0.0693069	9.90099e-09	1	0.0760369	0.301829	0.666667	0.666667	1.5	1	1	37876.8	1e+20	2.79211e+11	76.6343	31.2538	51.5656	94.6175	51.4803	76.9523	