
# before rand glnL: -53147.611632 alnL: -1234.553804
# ninter: 99
# ncoal: 99
# nhits: 99
# true lbda: 0.002016
# true mu: 0.872658
# true rad: 52.621281
# true sigsq: 16.948583
# true neigh. size: 2.291847
# fst-based estimate of neighborhood size: -nan
# nucleotide diversity: 0.000000
# length of a generation: 3230.56 time units
# clock rate: 1 subst. per time unit
# after rand glnL: -53147.611632 alnL: -1234.553804
# ninter: 99
# ncoal: 99
# nhits: 99
# start lbda: 0.002016
# start mu: 0.872658
# start rad: 16.735241
sample	lnP	alnL	glnL	tlnL	lbda	clock	mu	neigh	sigsq	sigsqobs	rad	rhoe	nInt	nCoal	nHit	rootTime	rootLon	rootLat	tstv	alpha	MeanBr	accLbda	accMu	accRad	accInDelDisk	accInDelHit	accScaleTime	accSPR	accSPRlocal	accPath	accIndelDiskSerial	accIndelHitSerial	accLdskGivenDisk	accDiskGivenLdsk	accDiskAndLdsk	accLdskMulti	accDiskMulti	accMoveDiskUD	accAddRemoveJump	accLdskTipToRoot	tuneLbda	tuneRad	tuneMu	tuneIndelDisk	tuneIndelHit	tuneLdskGivenDisk	tuneIndelDiskSerial	tuneIndelHitSerial	c0	c1	rootc0	rootc1	rootldsk0	rootldsk1	
  1000	-53042.7	-1234.55	-6268.12	-1708.88	0.00562148	1	0.198403	10.0805	0.217847	0.00881734	19.8557	3.68232	276	99	124	-49609.7	62.0037f	76.2973	4	1	1	0	0	0	0	0	0	0	0	0.981818	0.828571	0.277778	0.371429	0.543689	0	0	0	1	0.151786	0.274194	1	1	1	1	1	2.25	7.59375	0.296296	57.8133	94.1378	35.1807	44.1672	62.0037	76.2973	
  2000	-55578.7	-1234.55	-8804.1	-2562.71	0.00764222	1	0.205529	9.73099	0.304497	0.0252872	19.8185	2.5431	448	99	136	-49609.7	5.63417f	26.323	4	1	1	0	0	0	0	0	0	0	0	0.954545	0.954198	0.298507	0.464286	0.614754	0	0	0	1	0.137681	0.140741	1	1	1	1	1	7.59375	291.929	1.5	57.8133	94.1378	35.1807	44.1672	5.63417	26.323	
  3000	-56549.4	-1234.55	-9774.8	-2870.28	0.0093215	1	0.217405	9.19944	0.392867	0.00697045	19.8185	1.8634	515	99	141	-49609.7	43.4088f	24.4742	4	1	1	0	0	0	0	0	0	0	0	0.936364	0.903846	0.254717	0.495413	0.785047	0	0	0	1	0.0961539	0.0928571	1	1	1	1	1	17.0859	127834	25.6289	18.2739	58.7693	35.1807	44.1672	43.4088	24.4742	
  4000	-58763.4	-1234.55	-11988.8	-3495.11	0.0115331	1	0.232122	8.61617	0.518981	0.00505633	19.8185	1.32115	655	99	172	-49609.7	27.7327f	49.4544	4	1	1	0	0	0	0	0	0	0	0	0.954545	0.929134	0.341085	0.553571	0.761538	0	0	0	1	0.147287	0.180233	1	1	1	1	1	57.665	5.59777e+07	656.841	18.2739	58.7693	35.1807	44.1672	27.7327	49.4544	
  5000	-58269.2	-1234.55	-11494.7	-3371.99	0.0126333	1	0.248179	8.0587	0.607817	0.00889842	19.8185	1.05507	628	99	160	-49609.7	34.9362f	24.2411	4	1	1	0	0	0	0	0	0	0	0	0.890909	0.858268	0.25	0.62931	0.632813	0	0	0	1	0.140625	0.0987654	1	1	1	1	1	194.62	3.67685e+10	7481.83	11.404	39.2543	35.1807	44.1672	34.9362	24.2411	
  6000	-59101.6	-1234.55	-12327.1	-3586.01	0.0146636	1	0.252861	7.90949	0.718806	0.0016763	19.8185	0.875642	677	99	176	-49609.7	37.5166f	49.9579	4	1	1	0	0	0.039604	0	0	0	0	0	0.954545	0.955224	0.242647	0.46789	0.751825	0	0	0.0792079	1	0.213235	0.397727	1	0.666667	1	1	1	656.841	7.15586e+12	127834	12.2885	13.6956	51.2344	39.4324	37.5166	49.9579	
  7000	-61829.3	-1234.55	-15054.7	-4450.31	0.0166704	1	0.25342	7.89203	0.818992	0.00129068	19.8185	0.766831	885	99	170	-49609.7	60.3403f	49.7603	4	1	1	0	0.267327	0.039604	0	0	0	0	0	0.936364	0.933702	0.233333	0.541284	0.808989	0	0.118812	0.0792079	1	0.168539	0.38674	1	0.666667	1.5	1	1	2216.84	5.35389e+16	647160	14.9765	10.7244	51.2344	39.4324	60.3403	49.7603	
  8000	-62348	-1234.55	-15573.5	-4544.94	0.0178527	1	0.202299	9.88636	0.700146	0.0106382	19.8185	1.12367	909	99	187	-49609.7	49.8614f	17.4351	4	1	1	0	0.267327	0.039604	0	0	0	0	0	0.909091	0.938547	0.248588	0.577982	0.761111	0	0.118812	0.0792079	1	0.145251	0.261111	1	0.666667	1.5	1	1	7481.83	2.34444e+19	1.10573e+07	14.9765	10.7244	62.7003	36.7286	49.8614	17.4351	
  9000	-62442.4	-1234.55	-15667.9	-4576.65	0.0186882	1	0.238896	8.37185	0.865499	0.00371691	19.8185	0.769742	917	99	189	-49609.7	50.1892f	30.9009	4	1	1	0.158416	0.267327	0.039604	0	0	0	0	0	0.909091	0.936508	0.217391	0.592233	0.759358	0	0.118812	0.0792079	1	0.119565	0.257732	0.666667	0.666667	1.5	1	1	16834.1	1e+20	9.56432e+08	14.9765	10.7244	62.7003	36.7286	50.1892	30.9009	
 10000	-63947.6	-1234.55	-17173.1	-4958.76	0.0205597	1	0.240073	8.33081	0.956864	0.00282294	19.8185	0.69283	1014	99	212	-49609.7	37.277f	39.2845	4	1	1	0.158416	0.267327	0.039604	0	0	0	0	0	0.872727	0.915	0.186275	0.436893	0.762376	0	0.118812	0.0792079	1	0.137255	0.173709	0.666667	0.666667	1.5	1	1	85222.7	1e+20	4.84194e+09	14.9765	10.7244	57.7419	47.1032	37.277	39.2845	
 11000	-65010.9	-1234.55	-18236.3	-5314.27	0.0210904	1	0.206713	9.67527	0.824271	0.00410083	19.6948	0.934078	1106	99	196	-49609.7	53.7707f	30.318	4	1	1	0.158416	0.267327	0.039604	0	0	0	0	0	0.945455	0.954128	0.330275	0.559322	0.825688	0	0.118812	0.0792079	1	0.12844	0.280612	0.666667	0.666667	1.5	1	1	85222.7	1e+20	4.84194e+09	14.9765	10.7244	57.7419	47.1032	53.7707	30.318	
 12000	-67723.3	-1234.55	-20948.7	-5935.9	0.0260509	1	0.251567	7.95017	1.26136	0.000717937	19.7828	0.501566	1273	99	248	-49609.7	56.9176f	47.709	4	1	1	0.158416	0.267327	0.039604	0.039604	0	0	0	0	0.963636	0.944882	0.23622	0.570248	0.826772	9.90099e-09	0.118812	0.039604	1	0.148438	0.280335	0.666667	0.666667	1.5	1	1	85222.7	1e+20	4.84194e+09	37.0265	4.68615	57.7419	47.1032	56.9176	47.709	
 13000	-68670.7	-1234.55	-21896.1	-6226.32	0.0272184	1	0.222822	8.97576	1.16731	0.00700788	19.7828	0.611895	1353	99	239	-49609.7	58.5749f	25.1478	4	1	1	0.158416	0.108911	0.029703	0.039604	0	0	0	0	0.918182	0.911111	0.192593	0.564103	0.807407	9.90099e-09	0.138614	0.039604	1	0.177778	0.292887	0.666667	0.666667	1.5	1	1	85222.7	1e+20	4.84194e+09	37.0265	4.68615	57.7419	47.1032	58.5749	25.1478	
 14000	-71018.7	-1234.55	-24244.1	-6866.89	0.0303822	1	0.184138	10.8614	1.07678	0.00835548	19.7828	0.802697	1534	99	243	-49609.7	71.411f	31.1188	4	1	1	0.158416	0.108911	0.029703	0.039604	0	0	0	0	0.936364	0.915584	0.331169	0.495727	0.87013	9.90099e-09	0.138614	0.039604	1	0.136364	0.271605	0.666667	0.666667	1.5	1	1	85222.7	1e+20	4.84194e+09	37.0265	4.68615	57.7419	47.1032	71.411	31.1188	
 15000	-74075.2	-1234.55	-27300.6	-7603.3	0.0346208	1	0.197573	10.1229	1.31652	0.00532014	19.7828	0.611881	1750	99	270	-49609.7	41.7198f	28.5326	4	1	1	0.158416	0.108911	0.029703	0.039604	0	0	0	0	0.936364	0.960227	0.25	0.490741	0.835227	9.90099e-09	0.138614	0.039604	1	0.107955	0.277778	0.666667	0.666667	1.5	1	1	85222.7	1e+20	4.84194e+09	37.0265	4.68615	57.7419	47.1032	41.7198	28.5326	
 16000	-74994	-1234.55	-28219.4	-7804.15	0.0379904	1	0.200321	9.98396	1.46475	0.0227923	19.7828	0.542412	1810	99	281	-49609.7	84.9771f	81.3799	4	1	1	0.178218	0.108911	0.029703	0.039604	0	0	0	0	0.9	0.929348	0.21547	0.526316	0.779006	9.90099e-09	0.138614	0.039604	1	0.121547	0.176471	0.666667	0.666667	1.5	1	1	85222.7	1e+20	4.84194e+09	37.0265	4.68615	57.7419	47.1032	84.9771	81.3799	
 17000	-76701.2	-1234.55	-29926.7	-8282.61	0.0375434	1	0.215982	9.26001	1.56068	0.0227923	19.7828	0.472157	1956	99	271	-49609.7	84.9771f	81.3799	4	1	1	0.178218	0.108911	0.029703	0.039604	0	0	0	0	0.872727	0.953846	0.163265	0.495798	0.817259	9.90099e-09	0.138614	0.039604	1	0.102041	0.25	0.666667	0.666667	1.5	1	1	85222.7	1e+20	4.84194e+09	37.0265	4.68615	57.7419	47.1032	84.9771	81.3799	
 18000	-80257.5	-1234.55	-33483	-9085.91	0.0439933	1	0.192804	10.3732	1.63255	0.0109521	19.7828	0.505636	2210	99	306	-49609.7	49.4961f	82.3896	4	1	1	0.178218	0.108911	0.029703	0.039604	0	0	0	0	0.927273	0.958904	0.243243	0.447368	0.855856	9.90099e-09	0.138614	0.039604	1	0.121622	0.285246	0.666667	0.666667	1.5	1	1	85222.7	1e+20	4.84194e+09	37.0265	4.68615	73.2378	62.7175	49.4961	82.3896	
 19000	-81080.4	-1234.55	-34305.8	-9240.98	0.0448894	1	0.192804	10.3732	1.6658	0.00462324	19.7828	0.495543	2260	99	321	-49609.7	67.4809f	61.0153	4	1	1	0.178218	0.118812	9.90099e-09	0.039604	0	0	0	0	0.909091	0.929515	0.23348	0.429688	0.921739	9.90099e-09	0.138614	9.90099e-09	1	0.15859	0.277259	0.666667	0.666667	1.5	1	1	85222.7	1e+20	4.84194e+09	37.0265	4.68615	73.2378	62.7175	67.4809	61.0153	
 20000	-80961	-1234.55	-34186.5	-9318.07	0.0467457	1	0.192804	10.3732	1.6634	0.0183049	19.5764	0.496257	2285	99	288	-49609.7	89.6523f	35.2165	4	1	1	0.178218	0.118812	9.90099e-09	0.039604	0	0	0	0	0.845455	0.965368	0.232759	0.525424	0.853448	9.90099e-09	0.0891089	9.90099e-09	1	0.137168	0.298658	0.666667	0.666667	1.5	1	1	85222.7	1e+20	4.84194e+09	37.0265	4.68615	73.2378	62.7175	89.6523	35.2165	
 21000	-82377	-1234.55	-35602.5	-9599.25	0.0474798	1	0.176346	11.3413	1.5482	0.0164336	19.5856	0.582943	2377	99	309	-49609.7	82.3039f	73.2429	4	1	1	0.138614	0.118812	9.90099e-09	0.039604	0	0	0	0	0.9	0.962343	0.276151	0.580645	0.866109	9.90099e-09	0.0891089	9.90099e-09	1	0.138655	0.283439	0.666667	0.666667	1.5	1	1	85222.7	1e+20	4.84194e+09	37.0265	4.68615	73.2378	62.7175	82.3039	73.2429	
 22000	-82491.6	-1234.55	-35717.1	-9608.65	0.0471118	1	0.183653	10.8901	1.59986	0.0072119	19.5856	0.541679	2380	99	319	-49609.7	53.4528f	75.8598	4	1	1	0.138614	0.118812	9.90099e-09	0.039604	0	0	0	0	0.890909	0.953975	0.264706	0.547619	0.810924	9.90099e-09	0.0891089	9.90099e-09	1	0.108787	0.28972	0.666667	0.666667	1.5	1	1	85222.7	1e+20	4.84194e+09	37.0265	4.68615	73.2378	62.7175	53.4528	75.8598	
 23000	-84153.2	-1234.55	-37378.7	-10005.6	0.050227	1	0.193344	10.3443	1.79565	0.03393	19.5856	0.458425	2512	99	320	-49609.7	96.6796f	83.5748	4	1	1	0.138614	0.118812	9.90099e-09	0.039604	0	0	0	0	0.9	0.937008	0.210317	0.472868	0.835294	9.90099e-09	0.0891089	9.90099e-09	1	0.126984	0.238994	0.666667	0.666667	1.5	1	1	85222.7	1e+20	4.84194e+09	37.0265	4.68615	73.2378	62.7175	96.6796	83.5748	
 24000	-85650.9	-1234.55	-38876.3	-10381.3	0.0531317	1	0.169663	11.788	1.7392	0.0100661	19.7947	0.539365	2639	99	320	-49609.7	69.4979f	74.0278	4	1	1	0.138614	0.118812	9.90099e-09	0.039604	0	0	0	0	0.954545	0.946768	0.234848	0.509804	0.882576	9.90099e-09	0.0891089	9.90099e-09	1	0.140152	0.294118	0.666667	0.666667	1.5	1	1	85222.7	1e+20	4.84194e+09	45.558	2.1353	73.2378	62.7175	69.4979	74.0278	
 25000	-87099	-1234.55	-40324.4	-10617.8	0.0541988	1	0.169663	11.788	1.74171	0.0198829	19.7037	0.538586	2720	99	358	-49609.7	84.3877f	77.2016	4	1	1	0.138614	0.0792079	0.039604	9.90099e-09	0	0	0	0	0.836364	0.967273	0.209559	0.46729	0.845588	9.90099e-09	0.0891089	9.90099e-09	1	0.0912409	0.249275	0.666667	0.666667	1.5	1	1	85222.7	1e+20	4.84194e+09	45.558	2.1353	73.2378	62.7175	84.3877	77.2016	
 26000	-87365.2	-1234.55	-40590.6	-10733.5	0.0553842	1	0.177957	11.2387	1.73454	0.00599305	19.345	0.515609	2760	99	338	-49609.7	45.108f	73.268	4	1	1	0.138614	0.0792079	0.039604	9.90099e-09	0	0	0	0	0.936364	0.945255	0.235507	0.492424	0.844203	9.90099e-09	0.0891089	9.90099e-09	1	0.101083	0.290419	0.666667	0.666667	1.5	1	1	85222.7	1e+20	4.84194e+09	45.558	2.1353	73.2378	62.7175	45.108	73.268	
 27000	-88600.8	-1234.55	-41826.3	-10995.4	0.0564163	1	0.177957	11.2387	2.01443	0.00345485	19.9897	0.44397	2851	99	350	-49609.7	62.9614f	62.0192	4	1	1	0.138614	0.0792079	0.039604	9.90099e-09	0	0	0	0	0.936364	0.95122	0.219512	0.504762	0.839721	9.90099e-09	0.0891089	9.90099e-09	1	0.111498	0.289694	0.666667	0.666667	1.5	1	1	85222.7	1e+20	4.84194e+09	45.558	2.1353	73.2378	62.7175	62.9614	62.0192	
 28000	-88036.8	-1234.55	-41262.2	-10920.7	0.0564163	1	0.164882	12.1299	1.86642	0.00435272	19.9897	0.517175	2825	99	327	-49609.7	60.1771f	67.2015	4	1	1	0.138614	0.0792079	0.039604	9.90099e-09	0	0	0	0	0.872727	0.96831	0.286207	0.557692	0.826855	0.009901	0.0891089	9.90099e-09	1	0.127208	0.322581	0.666667	0.666667	1.5	1	1	85222.7	1e+20	4.84194e+09	94.1299	25.0786	73.2378	62.7175	60.1771	67.2015	
 29000	-89287.8	-1234.55	-42513.2	-11214.6	0.0576522	1	0.173076	11.5556	2.00209	0.00666132	19.9897	0.459302	2928	99	325	-49609.7	74.1444f	42.5765	4	1	1	0.19802	0.0792079	0.039604	9.90099e-09	0	0	0	0	0.909091	0.969388	0.268707	0.490566	0.894558	0.009901	0.0891089	9.90099e-09	1	0.128378	0.243976	0.666667	0.666667	1.5	1	1	85222.7	1e+20	4.84194e+09	94.1299	25.0786	73.2378	62.7175	74.1444	42.5765	
 30000	-88578.1	-1234.55	-41803.6	-10952.7	0.0559551	1	0.166447	12.0158	1.86874	0.00853437	19.9897	0.511677	2836	99	359	-49609.7	49.1306f	78.4855	4	1	1	0.19802	0.0792079	0.039604	9.90099e-09	0	0	0	0	0.909091	0.946996	0.295775	0.5	0.880282	0.009901	0.0891089	9.90099e-09	1	0.0950704	0.284483	0.666667	0.666667	1.5	1	1	85222.7	1e+20	4.84194e+09	81.3523	9.67369	73.2378	62.7175	49.1306	78.4855	
 31000	-88241.3	-1234.55	-41466.7	-10886.2	0.0564595	1	0.166447	12.0158	1.88558	0.00930473	19.9897	0.507105	2813	99	361	-49609.7	44.5358f	79.3319	4	1	1	0.19802	0.049505	0.039604	9.90099e-09	0	0	0	0	0.890909	0.960714	0.28169	0.526316	0.883803	0.009901	0.0891089	9.90099e-09	1	0.117021	0.335106	0.666667	0.666667	1.5	1	1	85222.7	1e+20	4.84194e+09	81.3523	9.67369	73.2378	62.7175	44.5358	79.3319	
 32000	-90155.5	-1234.55	-43380.9	-11298.7	0.0600443	1	0.166447	12.0158	2.0053	0.00766935	19.9897	0.476829	2958	99	372	-49609.7	58.1575f	75.6403	4	1	1	0.19802	0.049505	0.039604	9.90099e-09	0	0	0	0	0.836364	0.952542	0.304054	0.571429	0.891892	0.009901	0.0891089	9.90099e-09	1	0.135135	0.308901	0.666667	0.666667	1.5	1	1	85222.7	1e+20	4.84194e+09	70.5007	15.7238	73.2378	62.7175	58.1575	75.6403	
 33000	-90999.3	-1234.55	-44224.7	-11523.4	0.0604272	1	0.173118	11.5528	2.06024	0.00519945	19.8968	0.446231	3038	99	361	-49609.7	71.9495f	46.9311	4	1	1	0.19802	0.049505	0.039604	9.90099e-09	0	0	0	0	0.890909	0.986842	0.273026	0.504587	0.87541	0.009901	0.108911	9.90099e-09	1	0.134426	0.265714	0.666667	0.666667	1.5	1	1	85222.7	1e+20	4.84194e+09	70.5007	15.7238	73.2378	62.7175	71.9495	46.9311	
 34000	-90048.9	-1234.55	-43274.3	-11310.1	0.0604272	1	0.156876	12.749	1.72754	0.006808	19.5145	0.58727	2962	99	361	-49609.7	48.6057f	24.023	4	1	1	0.19802	0.049505	0.039604	9.90099e-09	0	0	0	0	0.927273	0.969492	0.324324	0.522936	0.891892	0.009901	0.108911	9.90099e-09	1	0.138983	0.265193	0.666667	0.666667	1.5	1	1	85222.7	1e+20	4.84194e+09	70.5007	15.7238	48.1152	38.9874	48.6057	24.023	
 35000	-92009.1	-1234.55	-45234.5	-11739.7	0.0603075	1	0.174172	11.4829	1.94719	0.00683707	19.598	0.469283	3115	99	371	-49609.7	59.6979f	25.9351	4	1	1	0.118812	0.049505	0.039604	9.90099e-09	0	0	0	0	0.918182	0.955414	0.27476	0.509091	0.852564	0.009901	0.108911	9.90099e-09	1	0.121406	0.299191	0.666667	0.666667	1.5	1	1	85222.7	1e+20	4.84194e+09	70.5007	15.7238	48.1152	38.9874	59.6979	25.9351	
 36000	-92658.3	-1234.55	-45883.8	-11889.1	0.0631677	1	0.174172	11.4829	2.03954	0.00319453	19.598	0.448034	3170	99	369	-49609.7	48.9934f	32.3483	4	1	1	0.118812	0.049505	0.039604	9.90099e-09	0	0	0	0	0.827273	0.964968	0.278481	0.5	0.860759	0.009901	0.108911	9.90099e-09	1	0.139241	0.236311	0.666667	0.666667	1.5	1	1	85222.7	1e+20	4.84194e+09	70.5007	15.7238	48.1152	38.9874	48.9934	32.3483	
 37000	-94123.6	-1234.55	-47349.1	-12097.9	0.0640043	1	0.185106	10.8046	2.19628	0.00271917	19.598	0.391483	3246	99	418	-49609.7	34.3874f	45.5372	4	1	1	0.118812	0.049505	0.019802	0.019802	0	0	0	0	0.881818	0.95679	0.291411	0.418605	0.830247	0.009901	0.108911	9.90099e-09	1	0.141538	0.306024	0.666667	0.666667	1.5	1	1	85222.7	1e+20	4.84194e+09	70.5007	15.7238	48.1152	38.9874	34.3874	45.5372	
 38000	-94234.1	-1234.55	-47459.6	-12045.6	0.0639973	1	0.185106	10.8046	2.18569	0.00399221	19.5749	0.39338	3227	99	450	-49609.7	32.6505f	40.3467	4	1	1	0.118812	0.0792079	0.019802	0.019802	0	0	0	0	0.890909	0.959752	0.232198	0.453125	0.835913	0.009901	0.108911	9.90099e-09	1	0.142415	0.295302	0.666667	0.666667	1.5	1	1	85222.7	1e+20	4.84194e+09	70.5007	15.7238	48.1152	38.9874	32.6505	40.3467	
 39000	-93812.9	-1234.55	-47038.3	-12078.9	0.0668995	1	0.184835	10.8205	2.28146	0.0106206	19.5749	0.377419	3239	99	397	-49609.7	24.5964f	29.5711	4	1	1	0.118812	0.0792079	0.019802	0.019802	0	0	0	0	0.881818	0.956923	0.265432	0.492063	0.867284	0.009901	0.0693069	9.90099e-09	1	0.126543	0.276762	0.666667	0.666667	1.5	1	1	85222.7	1e+20	4.84194e+09	70.5007	15.7238	27.6567	39.1233	24.5964	29.5711	
 40000	-94874.9	-1234.55	-48100.3	-12293.8	0.0651144	1	0.187517	10.6657	2.25281	0.0126736	19.5749	0.376751	3318	99	406	-49609.7	16.2602f	60.5669	4	1	1	0.128713	0.0792079	0.019802	0.019802	0	0	0	0	0.945455	0.925373	0.228228	0.46281	0.855422	9.90099e-09	0.0693069	9.90099e-09	1	0.114458	0.251232	0.666667	0.666667	1.5	1	1	85222.7	1e+20	4.84194e+09	70.5007	15.7238	27.6567	39.1233	16.2602	60.5669	
 41000	-94229.4	-1234.55	-47454.9	-12047.9	0.0651144	1	0.218561	9.15076	2.53052	0.0237264	19.3949	0.287765	3228	99	450	-49609.7	2.1969f	41.0027	4	1	1	0.128713	0.0792079	0.019802	0.019802	0	0	0	0	0.909091	0.934985	0.232919	0.477941	0.826087	9.90099e-09	0.0693069	9.90099e-09	1	0.179567	0.295711	0.666667	0.666667	1.5	1	1	85222.7	1e+20	4.84194e+09	70.5007	15.7238	27.6567	39.1233	2.1969	41.0027	
 42000	-95198.4	-1234.55	-48423.8	-12419.6	0.0671377	1	0.178883	11.1805	2.36662	0.00458805	19.8997	0.375945	3365	99	386	-49609.7	39.4743f	31.4218	4	1	1	0.128713	0.0792079	0.019802	0.019802	0	0	0	0	0.890909	0.964072	0.335347	0.504	0.830303	9.90099e-09	0.0693069	9.90099e-09	1	0.146707	0.296912	0.666667	0.666667	1.5	1	1	85222.7	1e+20	4.84194e+09	70.5007	15.7238	27.6567	39.1233	39.4743	31.4218	
 43000	-96116.4	-1234.55	-49341.8	-12599.3	0.0700323	1	0.193647	10.3281	2.72356	0.00193004	19.9942	0.301767	3432	99	396	-49609.7	55.3179f	37.6545	4	1	1	0.128713	0.0792079	0.019802	0.019802	0	0	0	0	0.909091	0.947522	0.270588	0.455224	0.846821	9.90099e-09	0.0693069	9.90099e-09	1	0.125364	0.274272	0.666667	0.666667	1.5	1	1	85222.7	1e+20	4.84194e+09	70.5007	15.7238	27.6567	39.1233	55.3179	37.6545	
 44000	-96944.2	-1234.55	-50169.6	-12718.9	0.0700323	1	0.182792	10.9414	2.5709	0.00105258	19.9942	0.338671	3477	99	428	-49609.7	58.3895f	45.9531	4	1	1	0.128713	0.0891089	0.0693069	0.019802	0	0	0	0	0.9	0.957143	0.242857	0.604478	0.844828	9.90099e-09	0.0693069	9.90099e-09	1	0.154728	0.296729	0.666667	0.666667	1.5	1	1	85222.7	1e+20	4.84194e+09	70.5007	15.7238	27.6567	39.1233	58.3895	45.9531	
 45000	-95250.6	-1234.55	-48476.1	-12408.7	0.0682714	1	0.170399	11.7372	2.33456	0.0180011	19.9904	0.40008	3361	99	395	-49609.7	10.5433f	34.4582	4	1	1	0.128713	0.0891089	0.0693069	0.019802	0	0	0	0	0.909091	0.943452	0.255952	0.537815	0.878338	9.90099e-09	0.0693069	9.90099e-09	1	0.118694	0.286076	0.666667	0.666667	1.5	1	1	85222.7	1e+20	4.84194e+09	70.5007	15.7238	27.6567	39.1233	10.5433	34.4582	
 46000	-95570.4	-1234.55	-48795.8	-12465.1	0.0679686	1	0.170399	11.7372	2.32421	0.0067913	19.9904	0.401863	3382	99	399	-49609.7	32.8771f	30.3751	4	1	1	0.128713	0.0891089	0.0693069	0.019802	0	0	0	0	0.881818	0.946903	0.28739	0.503876	0.903509	9.90099e-09	0.108911	9.90099e-09	1	0.16129	0.3125	0.666667	0.666667	1.5	1	1	85222.7	1e+20	4.84194e+09	70.5007	15.7238	19.3346	58.8722	32.8771	30.3751	
 47000	-94577.4	-1234.55	-47802.8	-12243.9	0.066311	1	0.170399	11.7372	2.26775	0.0092688	19.9909	0.411868	3300	99	401	-49609.7	30.2968f	26.7729	4	1	1	0.128713	0.0891089	0.0693069	0.019802	0	0	0	0	0.863636	0.928144	0.268072	0.572519	0.833837	9.90099e-09	0.108911	9.90099e-09	1	0.120846	0.315534	0.666667	0.666667	1.5	1	1	85222.7	1e+20	4.84194e+09	70.5007	15.7238	19.3346	58.8722	30.2968	26.7729	
 48000	-95156.7	-1234.55	-48382.1	-12373.6	0.067726	1	0.182162	10.9793	2.4535	0.02413	19.9453	0.356104	3348	99	403	-49609.7	7.33667f	73.7101	4	1	1	0.128713	0.0891089	0.0693069	0.019802	0	0	0	0	0.881818	0.943284	0.254491	0.47619	0.844776	9.90099e-09	0.108911	9.90099e-09	1	0.0985075	0.286432	0.666667	0.666667	1.5	1	1	85222.7	1e+20	4.84194e+09	70.5007	15.7238	36.8872	63.6882	7.33667	73.7101	
 49000	-97964.7	-1234.55	-51190.1	-12890.4	0.0690113	1	0.187491	10.6672	2.55372	0.00589152	19.9074	0.332404	3541	99	449	-49609.7	48.4478f	73.4764	4	1	1	0.128713	0.0891089	0.0693069	9.90099e-09	0	0	0	0	0.927273	0.971591	0.300283	0.530303	0.853521	9.90099e-09	0.108911	9.90099e-09	1	0.133144	0.279446	0.666667	0.666667	1.5	1	1	85222.7	1e+20	4.84194e+09	70.5007	15.7238	36.8872	63.6882	48.4478	73.4764	
 50000	-98540.8	-1234.55	-51766.3	-13038.5	0.0728642	1	0.187491	10.6672	2.69629	0.00705276	19.9074	0.314827	3598	99	438	-49609.7	54.0082f	75.4713	4	1	1	0.128713	0.0891089	0.039604	9.90099e-09	0	0	0	0	0.863636	0.950139	0.277008	0.458647	0.817175	9.90099e-09	0.108911	9.90099e-09	1	0.121884	0.276256	0.666667	0.666667	1.5	1	1	85222.7	1e+20	4.84194e+09	70.5007	15.7238	36.8872	63.6882	54.0082	75.4713	
 51000	-97288	-1234.55	-50513.5	-12802.4	0.0688807	1	0.19241	10.3945	2.61574	0.0230463	19.9074	0.316226	3508	99	419	-49609.7	34.4229f	94.7845	4	1	1	0.128713	0.0891089	0.039604	9.90099e-09	0	0	0	0	0.881818	0.937143	0.287749	0.469231	0.877493	9.90099e-09	0.108911	9.90099e-09	1	0.100575	0.264151	0.666667	0.666667	1.5	1	1	85222.7	1e+20	4.84194e+09	91.4631	20.4524	36.8872	63.6882	34.4229	94.7845	
 52000	-96540.7	-1234.55	-49766.2	-12636.5	0.0688807	1	0.202045	9.89876	2.63628	0.00890836	19.7042	0.298799	3446	99	421	-49609.7	75.0566f	64.7728	4	1	1	0.128713	0.0891089	0.039604	9.90099e-09	0	0	0	0	0.909091	0.965318	0.285303	0.589552	0.874644	9.90099e-09	0.0693069	9.90099e-09	1	0.114613	0.290541	0.666667	0.666667	1.5	1	1	85222.7	1e+20	4.84194e+09	91.4631	20.4524	36.8872	63.6882	75.0566	64.7728	
 53000	-97437.3	-1234.55	-50662.8	-12822.4	0.0708406	1	0.19919	10.0406	2.67298	0.00230892	19.7042	0.298921	3516	99	430	-49609.7	43.2432f	62.7245	4	1	1	0.0792079	0.0891089	0.039604	9.90099e-09	0	0	0	0	0.890909	0.932203	0.228169	0.515152	0.861972	9.90099e-09	0.0693069	9.90099e-09	1	0.130312	0.308219	0.666667	0.666667	1.5	1	1	85222.7	1e+20	4.84194e+09	74.986	16.5966	36.8872	63.6882	43.2432	62.7245	
 54000	-98261.1	-1234.55	-51486.6	-12957.8	0.0703737	1	0.191069	10.4674	2.5471	0.00755319	19.7042	0.327028	3567	99	447	-49609.7	63.3179f	26.2311	4	1	1	0.0792079	0.0891089	0.039604	9.90099e-09	0	0	0	0	0.927273	0.961111	0.280556	0.583333	0.855556	9.90099e-09	0.0693069	9.90099e-09	1	0.151261	0.291759	0.666667	0.666667	1.5	1	1	85222.7	1e+20	4.84194e+09	88.2727	69.0599	36.8872	63.6882	63.3179	26.2311	
 55000	-98380.3	-1234.55	-51605.8	-12995	0.0703737	1	0.191069	10.4674	2.52484	0.00993289	19.661	0.329911	3581	99	440	-49609.7	42.1769f	79.8681	4	1	1	0.0792079	0.0891089	0.039604	9.90099e-09	0	0	0	0	0.927273	0.969188	0.209497	0.496124	0.853521	9.90099e-09	0.0693069	9.90099e-09	1	0.115169	0.243182	0.666667	0.666667	1.5	1	1	85222.7	1e+20	4.84194e+09	79.9325	34.4846	36.8872	63.6882	42.1769	79.8681	
 56000	-97657.3	-1234.55	-50882.7	-12867.4	0.0708634	1	0.191069	10.4674	2.54241	0.000559585	19.661	0.327631	3533	99	432	-49609.7	46.7387f	55.1637	4	1	1	0.0792079	0.0594059	0.039604	9.90099e-09	0	0	0	0	0.918182	0.946779	0.230337	0.464567	0.849432	9.90099e-09	0.0693069	9.90099e-09	1	0.121127	0.315904	0.666667	0.666667	1.5	1	1	85222.7	1e+20	4.84194e+09	81.0138	62.5415	36.8872	63.6882	46.7387	55.1637	
 57000	-98598.2	-1234.55	-51823.6	-13078	0.0736505	1	0.174275	11.4761	2.41016	0.00086111	19.661	0.378912	3613	99	427	-49609.7	45.3316f	56.7134	4	1	1	0.0792079	0.0594059	0.019802	9.90099e-09	0	0	0	0	0.890909	0.947222	0.238889	0.512	0.873239	9.90099e-09	0.0693069	9.90099e-09	1	0.149296	0.298368	0.666667	0.666667	1.5	1	1	85222.7	1e+20	4.84194e+09	81.0138	62.5415	36.8872	63.6882	45.3316	56.7134	
 58000	-100658	-1234.55	-53883.1	-13547.7	0.0773147	1	0.159905	12.5075	2.42623	0.0206238	19.8792	0.410229	3794	99	414	-49609.7	15.5272f	78.9618	4	1	1	0.0792079	0.0594059	0.019802	9.90099e-09	0	0	0	0	0.890909	0.949735	0.253298	0.47541	0.860158	9.90099e-09	0.0693069	9.90099e-09	1	0.139474	0.329016	0.666667	0.666667	1.5	1	1	85222.7	1e+20	4.84194e+09	80.2778	1.68228	36.8872	63.6882	15.5272	78.9618	
 59000	-103598	-1234.55	-56823.3	-14110.5	0.0789632	1	0.159905	12.5075	2.47797	0.0114057	19.8792	0.401664	4015	99	445	-49609.7	16.5587f	53.25	4	1	1	0.108911	0.0594059	0.019802	9.90099e-09	0	0	0	0	0.872727	0.947891	0.261194	0.547619	0.879607	9.90099e-09	0.0990099	9.90099e-09	1	0.119403	0.257271	0.666667	0.666667	1.5	1	1	85222.7	1e+20	4.84194e+09	74.7952	31.0846	36.8872	63.6882	16.5587	53.25	
 60000	-103042	-1234.55	-56267	-14016.1	0.0803434	1	0.165533	12.0822	2.64491	0.01708	19.9454	0.363517	3978	99	435	-49609.7	58.7319f	89.6487	4	1	1	0.108911	0.0594059	0.019802	9.90099e-09	0	0	0	0	0.863636	0.967419	0.305	0.546154	0.895	9.90099e-09	0.0990099	9.90099e-09	1	0.1275	0.277405	0.666667	0.666667	1.5	1	1	85222.7	1e+20	4.84194e+09	74.7952	31.0846	36.8872	63.6882	58.7319	89.6487	
 61000	-103432	-1234.55	-56657.9	-14104.3	0.0804261	1	0.173588	11.5215	2.64494	0.0288043	19.7048	0.346645	4013	99	436	-49609.7	0.00278633f	68.7896	4	1	1	0.108911	0.0594059	0.019802	9.90099e-09	0	0	0	0	0.881818	0.95	0.261845	0.447761	0.9025	9.90099e-09	0.0990099	9.90099e-09	1	0.119701	0.346847	0.666667	0.666667	1.5	1	1	85222.7	1e+20	4.84194e+09	90.3842	33.2184	36.8872	63.6882	0.00278633	68.7896	
 62000	-104167	-1234.55	-57392.1	-14197.2	0.0813483	1	0.181378	11.0267	2.79532	0.020199	19.7048	0.31391	4050	99	465	-49609.7	9.87032f	69.5811	4	1	1	0.108911	0.0594059	0.019802	9.90099e-09	0	0	0	0	0.872727	0.980296	0.262376	0.564885	0.859606	9.90099e-09	0.0990099	9.90099e-09	1	0.130542	0.222944	0.666667	0.666667	1.5	1	1	85222.7	1e+20	4.84194e+09	90.3842	33.2184	36.8872	63.6882	9.87032	69.5811	
 63000	-104969	-1234.55	-58194.1	-14254.7	0.0821923	1	0.199268	10.0367	3.10289	0.020199	19.7048	0.257405	4073	99	515	-49609.7	9.87032f	69.5811	4	1	1	0.108911	0.0990099	0.029703	9.90099e-09	0	0	0	0	0.936364	0.94878	0.282927	0.486667	0.839416	9.90099e-09	0.0990099	0.009901	1	0.154412	0.281437	0.666667	0.666667	1.5	1	1	85222.7	1e+20	4.84194e+09	90.3842	33.2184	36.8872	63.6882	9.87032	69.5811	
 64000	-106040	-1234.55	-59265.2	-14434.6	0.0821923	1	0.199268	10.0367	3.10289	0.0077144	19.7048	0.257405	4145	99	533	-49609.7	24.4643f	60.1169	4	1	1	0.108911	0.0990099	0.029703	9.90099e-09	0	0	0	0	0.9	0.956522	0.239709	0.575472	0.836145	9.90099e-09	0.0990099	0.009901	1	0.159036	0.323643	0.666667	0.666667	1.5	1	1	85222.7	1e+20	4.84194e+09	90.3842	33.2184	7.97697	29.7291	24.4643	60.1169	
 65000	-104047	-1234.55	-57272.2	-14224.8	0.0812891	1	0.177953	11.2389	2.32875	0.00577173	18.9188	0.384054	4061	99	443	-49609.7	31.4318f	34.8291	4	1	1	0.049505	0.0990099	0.029703	9.90099e-09	0	0	0	0	0.845455	0.965517	0.256158	0.576642	0.877451	9.90099e-09	0.138614	0.009901	1	0.118227	0.368071	0.666667	0.666667	1.5	1	1	85222.7	1e+20	4.84194e+09	90.3842	33.2184	2.85212	31.0216	31.4318	34.8291	
 66000	-104176	-1234.55	-57401.9	-14174.6	0.0812891	1	0.195052	10.2537	2.5525	0.0247044	18.9188	0.319672	4041	99	476	-49609.7	0.91782f	56.665	4	1	1	0.049505	0.0990099	0.029703	9.90099e-09	0	0	0	0	0.809091	0.93643	0.226601	0.489796	0.879012	9.90099e-09	0.138614	0.009901	1	0.160099	0.270042	0.666667	0.666667	1.5	1	1	85222.7	1e+20	4.84194e+09	34.8702	21.736	2.85212	31.0216	0.91782	56.665	
 67000	-105579	-1234.55	-58804.8	-14495.8	0.0812891	1	0.195052	10.2537	2.6197	0.0113762	19.0421	0.311472	4169	99	466	-49609.7	16.4105f	49.6486	4	1	1	0.049505	0.0990099	0.029703	9.90099e-09	0	0	0	0	0.890909	0.959135	0.197115	0.538462	0.858513	9.90099e-09	0.138614	0.009901	1	0.167866	0.295455	0.666667	0.666667	1.5	1	1	85222.7	1e+20	4.84194e+09	76.5327	20.5335	2.85212	31.0216	16.4105	49.6486	
 68000	-106439	-1234.55	-59664.1	-14617.2	0.0856989	1	0.195052	10.2537	2.76181	0.0189088	19.0421	0.295445	4219	99	494	-49609.7	8.09091f	38.5751	4	1	1	0.049505	0.0990099	0.029703	9.90099e-09	0	0	0	0	0.890909	0.971698	0.252955	0.582734	0.871359	9.90099e-09	0.138614	9.90099e-09	1	0.110849	0.287449	0.666667	0.666667	1.5	1	1	85222.7	1e+20	4.84194e+09	76.5327	20.5335	2.85212	31.0216	8.09091	38.5751	
 69000	-105788	-1234.55	-59013.2	-14478.7	0.0837561	1	0.193595	10.3309	2.67904	0.0228416	19.0421	0.306865	4163	99	497	-49609.7	6.85422f	29.455	4	1	1	0.049505	0.049505	0.029703	9.90099e-09	0	0	0	0	0.863636	0.959427	0.272076	0.447552	0.868735	0.009901	0.138614	9.90099e-09	1	0.119904	0.315895	0.666667	0.666667	1.5	1	1	85222.7	1e+20	4.84194e+09	84.4198	66.4974	2.85212	31.0216	6.85422	29.455	
 70000	-104025	-1234.55	-57250.5	-14121.9	0.0809228	1	0.193595	10.3309	2.70895	0.00939078	19.26	0.303477	4020	99	490	-49609.7	24.0123f	33.7882	4	1	1	0.049505	0.049505	0.0594059	9.90099e-09	0	0	0	0	0.872727	0.957816	0.248756	0.578231	0.863524	0.009901	0.138614	9.90099e-09	1	0.134328	0.310757	0.666667	0.666667	1.5	1	1	85222.7	1e+20	4.84194e+09	84.4198	66.4974	2.85212	31.0216	24.0123	33.7882	
 71000	-102856	-1234.55	-56081.6	-13966	0.0809452	1	0.193595	10.3309	2.7097	0.0231003	19.26	0.303393	3958	99	446	-49609.7	2.33365f	54.7764	4	1	1	0.049505	0.049505	0.0594059	9.90099e-09	0	0	0	0	0.863636	0.954315	0.246851	0.543689	0.87	0.009901	0.118812	9.90099e-09	1	0.128788	0.260692	0.666667	0.666667	1.5	1	1	85222.7	1e+20	4.84194e+09	88.9768	21.8844	2.85212	31.0216	2.33365	54.7764	
 72000	-104625	-1234.55	-57850.3	-14275.2	0.0809452	1	0.20319	9.84302	2.844	0.0100213	19.26	0.275416	4081	99	478	-49609.7	19.0144f	43.9734	4	1	1	0.0891089	0.049505	0.0594059	9.90099e-09	0	0	0	0	0.890909	0.953317	0.24812	0.457746	0.87218	0.009901	0.118812	9.90099e-09	1	0.131841	0.309979	0.666667	0.666667	1.5	1	1	85222.7	1e+20	4.84194e+09	88.9768	21.8844	2.85212	31.0216	19.0144	43.9734	
 73000	-104063	-1234.55	-57288.1	-14204.8	0.0809452	1	0.195887	10.21	2.65407	0.0235328	19.1041	0.306127	4053	99	455	-49609.7	1.61636f	50.3003	4	1	1	0.0891089	0.049505	0.0594059	9.90099e-09	0	0	0	0	0.890909	0.97284	0.260442	0.492537	0.87715	0.009901	0.118812	9.90099e-09	1	0.103448	0.308036	0.666667	0.666667	1.5	1	1	85222.7	1e+20	4.84194e+09	88.9768	21.8844	2.85212	31.0216	1.61636	50.3003	
 74000	-103523	-1234.55	-56748.5	-14076.7	0.0801237	1	0.195887	10.21	2.7555	0.0235328	19.3333	0.294859	4002	99	465	-49609.7	1.61636f	50.3003	4	1	1	0.0891089	0.049505	0.0594059	9.90099e-09	0	0	0	0	0.845455	0.962217	0.269521	0.534247	0.84878	0.009901	0.118812	9.90099e-09	1	0.133501	0.297009	0.666667	0.666667	1.5	1	1	85222.7	1e+20	4.84194e+09	90.5602	30.9551	2.85212	31.0216	1.61636	50.3003	
 75000	-105066	-1234.55	-58291.9	-14328.5	0.080573	1	0.195887	10.21	2.92057	0.0213414	19.5892	0.278193	4102	99	494	-49609.7	4.13008f	53.9986	4	1	1	0.0891089	0.029703	0.0594059	9.90099e-09	0	0	0	0	0.863636	0.946078	0.24878	0.594406	0.874693	0.009901	0.118812	9.90099e-09	1	0.13382	0.278261	0.666667	0.666667	1.5	1	1	85222.7	1e+20	4.84194e+09	90.5602	30.9551	2.85212	31.0216	4.13008	53.9986	
 76000	-105916	-1234.55	-59141.8	-14496.1	0.0838018	1	0.195798	10.2146	3.02689	0.0181133	19.5741	0.268545	4170	99	498	-49609.7	25.3897f	15.2229	4	1	1	0.0891089	0.029703	0.0594059	9.90099e-09	0	0	0	0	0.936364	0.951923	0.286747	0.496644	0.8753	0.009901	0.118812	9.90099e-09	1	0.146635	0.295775	0.666667	0.666667	1.5	1	1	85222.7	1e+20	4.84194e+09	90.5602	30.9551	17.7625	29.4272	25.3897	15.2229	
 77000	-105577	-1234.55	-58802.7	-14483.7	0.0838018	1	0.20539	9.73757	2.89061	0.028343	19.12	0.268072	4165	99	481	-49609.7	6.89752f	18.7161	4	1	1	0.0891089	0.029703	0.0594059	9.90099e-09	0	0	0	0	0.863636	0.954436	0.221957	0.536232	0.868106	0.009901	0.128713	9.90099e-09	1	0.1247	0.341151	0.666667	0.666667	1.5	1	1	85222.7	1e+20	4.84194e+09	90.5602	30.9551	17.7625	29.4272	6.89752	18.7161	
 78000	-108179	-1234.55	-61404.9	-14933.1	0.0873265	1	0.210597	9.49682	2.84373	0.00759083	18.7292	0.265754	4348	99	520	-49609.7	27.8684f	65.7191	4	1	1	0.0891089	0.029703	0.0594059	9.90099e-09	0	0	0	0	0.881818	0.969977	0.247685	0.5	0.896552	0.009901	0.128713	9.90099e-09	1	0.161663	0.306641	0.666667	0.666667	1.5	1	1	85222.7	1e+20	4.84194e+09	90.5602	30.9551	17.7625	29.4272	27.8684	65.7191	
 79000	-108711	-1234.55	-61936.4	-14991.6	0.0873265	1	0.214907	9.30635	3.08683	0.0173637	19.0207	0.239914	4372	99	537	-49609.7	8.47486f	50.9854	4	1	1	0.0891089	0.029703	0.0594059	9.90099e-09	0	0	0	0	0.9	0.95843	0.24537	0.495327	0.86836	0.009901	0.128713	9.90099e-09	1	0.134703	0.332714	0.666667	0.666667	1.5	1	1	85222.7	1e+20	4.84194e+09	90.5602	30.9551	17.7625	29.4272	8.47486	50.9854	
 80000	-108419	-1234.55	-61644.7	-14906.7	0.0885668	1	0.214907	9.30635	3.31937	0.0282097	19.3011	0.223107	4337	99	549	-49609.7	10.962f	13.9372	4	1	1	0.0693069	0.029703	0.0594059	9.90099e-09	0	0	0	0	0.863636	0.956621	0.265446	0.5	0.835616	0.009901	0.128713	9.90099e-09	1	0.135011	0.327899	0.666667	0.666667	1.5	1	1	85222.7	1e+20	4.84194e+09	89.9382	30.7004	17.7625	29.4272	10.962	13.9372	
 81000	-110501	-1234.55	-63726.3	-15313.4	0.0889947	1	0.214907	9.30635	3.33541	0.0341151	19.3011	0.222035	4505	99	560	-49609.7	10.0011f	7.39437	4	1	1	0.0693069	0.029703	0.0594059	9.90099e-09	0	0	0	0	0.945455	0.946785	0.221729	0.567797	0.864745	0.009901	0.128713	9.90099e-09	1	0.121951	0.326886	0.666667	0.666667	1.5	1	1	85222.7	1e+20	4.84194e+09	89.9382	30.7004	17.7625	29.4272	10.0011	7.39437	
 82000	-112751	-1234.55	-65976.7	-15716.5	0.0917124	1	0.214907	9.30635	3.85508	0.0305371	19.8626	0.192104	4674	99	589	-49609.7	4.11057f	19.1883	4	1	1	0.0693069	0.0693069	0.0594059	9.90099e-09	0	0	0	0	0.827273	0.948498	0.255411	0.432203	0.852814	9.90099e-09	0.128713	9.90099e-09	1	0.138889	0.338843	0.666667	0.666667	1.5	1	1	85222.7	1e+20	4.84194e+09	87.4832	71.8433	0.10171	18.3916	4.11057	19.1883	
 83000	-112460	-1234.55	-65685.6	-15585.1	0.0917311	1	0.214907	9.30635	3.82086	0.00428528	19.8174	0.193824	4619	99	618	-49609.7	32.3837f	39.3361	4	1	1	0.0693069	0.0693069	0.0594059	9.90099e-09	0	0	0	0	0.890909	0.941432	0.226087	0.469027	0.865044	9.90099e-09	0.118812	9.90099e-09	1	0.173536	0.278066	0.666667	0.666667	1.5	1	1	85222.7	1e+20	4.84194e+09	87.4832	71.8433	0.10171	18.3916	32.3837	39.3361	
 84000	-113230	-1234.55	-66455.3	-15812.3	0.093302	1	0.187704	10.6551	3.35313	0.0223466	19.7569	0.25287	4715	99	583	-49609.7	3.19763f	55.3719	4	1	1	0.0693069	0.0693069	0.0594059	9.90099e-09	0	0	0	0	0.881818	0.949367	0.264271	0.478261	0.862288	9.90099e-09	0.118812	9.90099e-09	1	0.137131	0.294849	0.666667	0.666667	1.5	1	1	85222.7	1e+20	4.84194e+09	95.5556	44.1611	0.10171	18.3916	3.19763	55.3719	
 85000	-111403	-1234.55	-64628.3	-15579.8	0.0933484	1	0.187704	10.6551	3.35479	0.00618497	19.7569	0.252745	4617	99	516	-49609.7	25.6972f	53.9381	4	1	1	0.0693069	0.0693069	0.0594059	9.90099e-09	0	0	0	0	0.890909	0.946004	0.271552	0.471154	0.846983	9.90099e-09	0.118812	9.90099e-09	1	0.125	0.236434	0.666667	0.666667	1.5	1	1	85222.7	1e+20	4.84194e+09	95.5556	44.1611	21.5817	58.752	25.6972	53.9381	
 86000	-113275	-1234.55	-66500.9	-15896.1	0.0927304	1	0.190041	10.524	3.4226	0.00251922	19.8275	0.24469	4750	99	543	-49609.7	34.515f	48.5889	4	1	1	0.0594059	0.0693069	0.0594059	9.90099e-09	0	0	0	0	0.872727	0.95966	0.2827	0.527778	0.873418	9.90099e-09	0.118812	9.90099e-09	1	0.12395	0.297398	0.666667	0.666667	1.5	1	1	85222.7	1e+20	4.84194e+09	95.5556	44.1611	21.5817	58.752	34.515	48.5889	
 87000	-111346	-1234.55	-64571.9	-15689.2	0.0927304	1	0.170556	11.7264	3.07167	0.0299829	19.8275	0.303794	4663	99	462	-49609.7	3.23269f	77.8406	4	1	1	0.0594059	0.0693069	0.0792079	9.90099e-09	0	0	0	0	0.9	0.965665	0.231263	0.5	0.893939	9.90099e-09	0.118812	9.90099e-09	1	0.124197	0.3125	0.666667	0.666667	1.5	1	1	85222.7	1e+20	4.84194e+09	95.5556	44.1611	29.8934	67.833	3.23269	77.8406	
 88000	-112939	-1234.55	-66164.8	-15889.1	0.0952769	1	0.170556	11.7264	3.15602	0.0115472	19.8275	0.295674	4748	99	517	-49609.7	17.885f	60.3104	4	1	1	0.0594059	0.0594059	0.0792079	9.90099e-09	0	0	0	0	0.890909	0.960084	0.258947	0.543689	0.877895	9.90099e-09	0.118812	9.90099e-09	1	0.130526	0.292398	0.666667	0.666667	1.5	1	1	85222.7	1e+20	4.84194e+09	69.2671	7.67891	34.4052	62.0683	17.885	60.3104	
 89000	-111655	-1234.55	-64880.9	-15610.6	0.0932466	1	0.166796	11.9907	3.02068	0.0077598	19.8275	0.315885	4630	99	518	-49609.7	22.7401f	44.8398	4	1	1	0.0594059	0.0594059	0.0792079	9.90099e-09	0	0	0	0	0.881818	0.959315	0.270789	0.457944	0.845161	9.90099e-09	0.148515	9.90099e-09	1	0.156317	0.293436	0.666667	0.666667	1.5	1	1	85222.7	1e+20	4.84194e+09	41.714	7.64754	34.4052	62.0683	22.7401	44.8398	
 90000	-111018	-1234.55	-64243.1	-15613	0.0932466	1	0.175165	11.4178	2.85474	0.00924064	19.3116	0.318279	4631	99	462	-49609.7	27.8648f	70.1916	4	1	1	0.0594059	0.0594059	0.0792079	9.90099e-09	0	0	0	0	0.827273	0.945534	0.231102	0.48227	0.864224	9.90099e-09	0.148515	9.90099e-09	1	0.105603	0.279221	0.666667	0.666667	1.5	1	1	85222.7	1e+20	4.84194e+09	41.714	7.64754	34.4052	62.0683	27.8648	70.1916	
 91000	-112552	-1234.55	-65777.5	-15740.9	0.0951306	1	0.190649	10.4905	3.38192	0.00589615	19.6268	0.246844	4685	99	545	-49609.7	31.6807f	34.1247	4	1	1	0.0594059	0.0594059	0.0792079	9.90099e-09	0	0	0	0	0.863636	0.961456	0.26226	0.45283	0.871245	9.90099e-09	0.148515	9.90099e-09	1	0.130621	0.248566	0.666667	0.666667	1.5	1	1	85222.7	1e+20	4.84194e+09	41.714	7.64754	34.4052	62.0683	31.6807	34.1247	
 92000	-114541	-1234.55	-67766.6	-16115.8	0.0983766	1	0.178014	11.2351	3.39119	0.0175943	19.8129	0.263641	4845	99	557	-49609.7	11.1412f	34.2564	4	1	1	0.0891089	0.0594059	0.0792079	9.90099e-09	0	0	0	0	0.927273	0.952479	0.229339	0.526316	0.872165	9.90099e-09	0.148515	9.90099e-09	1	0.144628	0.257549	0.666667	0.666667	1.5	1	1	85222.7	1e+20	4.84194e+09	41.714	7.64754	34.4052	62.0683	11.1412	34.2564	
 93000	-116062	-1234.55	-69287.2	-16411.8	0.0996883	1	0.185807	10.7639	3.58684	0.0212128	19.8129	0.238807	4973	99	566	-49609.7	9.84733f	71.9234	4	1	1	0.0891089	0.0594059	0.0594059	9.90099e-09	0	0	0	0	0.909091	0.951318	0.263158	0.530435	0.854251	0.009901	0.148515	9.90099e-09	1	0.151822	0.281469	0.666667	0.666667	1.5	1	1	85222.7	1e+20	4.84194e+09	41.714	7.64754	34.4052	62.0683	9.84733	71.9234	
 94000	-115128	-1234.55	-68353.5	-16303.4	0.0995851	1	0.16472	12.1418	3.17649	0.00429494	19.8129	0.304176	4926	99	532	-49609.7	41.3732f	68.0987	4	1	1	0.0891089	0.128713	0.0594059	9.90099e-09	0	0	0	0	0.836364	0.955375	0.246964	0.482456	0.888438	0.009901	0.148515	9.90099e-09	1	0.127789	0.306542	0.666667	0.666667	1.5	1	1	85222.7	1e+20	4.84194e+09	41.714	7.64754	34.4052	62.0683	41.3732	68.0987	
 95000	-115637	-1234.55	-68862.6	-16421	0.0996039	1	0.182732	10.945	3.52451	0.0103104	19.8129	0.247119	4977	99	520	-49609.7	20.6723f	62.3374	4	1	1	0.0891089	0.128713	0.0594059	9.90099e-09	0	0	0	0	0.836364	0.967936	0.248996	0.518868	0.843687	0.009901	0.108911	9.90099e-09	1	0.124498	0.296786	0.666667	0.666667	1.5	1	1	85222.7	1e+20	4.84194e+09	41.714	7.64754	34.4052	62.0683	20.6723	62.3374	
 96000	-116742	-1234.55	-69967.8	-16508.7	0.0996039	1	0.183446	10.9024	3.53826	0.00699508	19.8129	0.245201	5015	99	584	-49609.7	38.9841f	25.9749	4	1	1	0.0891089	0.128713	0.0594059	9.90099e-09	0	0	0	0	0.890909	0.960396	0.221782	0.491379	0.89703	0.009901	0.108911	9.90099e-09	1	0.123506	0.317376	0.666667	0.666667	1.5	1	1	85222.7	1e+20	4.84194e+09	41.714	7.64754	34.4052	62.0683	38.9841	25.9749	
 97000	-114960	-1234.55	-68185.3	-16321.9	0.0996039	1	0.178525	11.2029	3.29401	0.0045213	19.5945	0.270643	4934	99	509	-49609.7	28.9722f	49.8734	4	1	1	0.0891089	0.128713	0.0594059	9.90099e-09	0	0	0	0	0.872727	0.955466	0.265182	0.518519	0.876518	0.009901	0.108911	9.90099e-09	1	0.123482	0.297244	0.666667	0.666667	1.5	1	1	85222.7	1e+20	4.84194e+09	41.714	7.64754	34.4052	62.0683	28.9722	49.8734	
 98000	-116359	-1234.55	-69584.7	-16504.1	0.0996105	1	0.175629	11.3877	3.24079	0.0113777	19.5945	0.279624	5013	99	553	-49609.7	60.7131f	18.1642	4	1	1	0.0891089	0.128713	0.0594059	9.90099e-09	0	0	0	0	0.845455	0.957831	0.227092	0.59292	0.883534	0.009901	0.108911	9.90099e-09	1	0.11753	0.28442	0.666667	0.666667	1.5	1	1	85222.7	1e+20	4.84194e+09	41.714	7.64754	55.0393	60.3642	60.7131	18.1642	
 99000	-115445	-1234.55	-68670.9	-16370.3	0.100321	1	0.175629	11.3877	3.26392	0.00635457	19.5945	0.277642	4955	99	528	-49609.7	70.9738f	62.4976	4	1	1	0.0891089	0.128713	0.0594059	9.90099e-09	0	0	0	0	0.909091	0.949495	0.215726	0.557522	0.905242	0.009901	0.108911	9.90099e-09	1	0.133065	0.277674	0.666667	0.666667	1.5	1	1	85222.7	1e+20	4.84194e+09	41.714	7.64754	55.0393	60.3642	70.9738	62.4976	
100000	-116637	-1234.55	-69862.2	-16476.2	0.101533	1	0.195086	10.2519	3.66931	0.00359328	19.5945	0.222335	5001	99	592	-49609.7	34.1236f	59.4533	4	1	1	0.0891089	0.108911	0.009901	9.90099e-09	0	0	0	0	0.872727	0.942231	0.282609	0.526316	0.863636	0.009901	0.108911	9.90099e-09	1	0.141434	0.285473	0.666667	0.666667	1.5	1	1	85222.7	1e+20	4.84194e+09	41.714	7.64754	32.8686	44.256	34.1236	59.4533	
101000	-117652	-1234.55	-70877.9	-16739.2	0.101533	1	0.182729	10.9452	3.23057	0.0161269	19.2936	0.269608	5116	99	562	-49609.7	18.9317f	74.8363	4	1	1	0.0891089	0.108911	0.009901	9.90099e-09	0	0	0	0	0.881818	0.951267	0.261209	0.553571	0.871345	0.009901	0.108911	9.90099e-09	1	0.11501	0.30427	0.666667	0.666667	1.5	1	1	85222.7	1e+20	4.84194e+09	21.6174	25.1935	32.8686	44.256	18.9317	74.8363	
102000	-118182	-1234.55	-71407.5	-16757.5	0.101533	1	0.204459	9.78189	3.61475	0.0190221	19.2936	0.215345	5124	99	605	-49609.7	6.52113f	48.6224	4	1	1	0.0891089	0.108911	0.009901	9.90099e-09	0	0	0	0	0.872727	0.941406	0.269006	0.419355	0.865759	0.009901	0.118812	9.90099e-09	1	0.128655	0.296596	0.666667	0.666667	1.5	1	1	85222.7	1e+20	4.84194e+09	21.6174	25.1935	32.8686	44.256	6.52113	48.6224	
103000	-118814	-1234.55	-72039.4	-16988.7	0.107783	1	0.176054	11.3602	3.45522	0.000712884	19.5105	0.261637	5226	99	552	-49609.7	43.2911f	53.2232	4	1	1	0.0891089	0.108911	0.009901	9.90099e-09	0	0	0	0	0.836364	0.948177	0.256214	0.477876	0.843212	0.009901	0.118812	9.90099e-09	1	0.101727	0.289855	0.666667	0.666667	1.5	1	1	85222.7	1e+20	4.84194e+09	21.6174	25.1935	32.8686	44.256	43.2911	53.2232	
104000	-124240	-1234.55	-77465.4	-17887.5	0.110645	1	0.178443	11.208	3.71802	0.00349144	19.6751	0.239888	5632	99	613	-49609.7	33.2805f	42.0269	4	1	1	0.0990099	0.108911	0.009901	9.90099e-09	0	0	0	0	0.854545	0.959075	0.251337	0.475806	0.854093	0.009901	0.118812	9.90099e-09	1	0.142349	0.286207	0.666667	0.666667	1.5	1	1	85222.7	1e+20	4.84194e+09	21.6174	25.1935	32.8686	44.256	33.2805	42.0269	
105000	-124856	-1234.55	-78081.7	-18042.5	0.116653	1	0.169737	11.783	3.72863	0.00406035	19.6751	0.251475	5704	99	596	-49609.7	40.2004f	32.4926	4	1	1	0.0990099	0.108911	0.009901	9.90099e-09	0	0	0	0	0.918182	0.940663	0.225524	0.642276	0.871304	0.009901	0.118812	9.90099e-09	1	0.118056	0.317881	0.666667	0.666667	1.5	1	1	85222.7	1e+20	4.84194e+09	21.6174	25.1935	32.8686	44.256	40.2004	32.4926	
106000	-126445	-1234.55	-79670.8	-18298.1	0.116827	1	0.167157	11.9648	3.55529	0.00640125	19.5096	0.267805	5823	99	620	-49609.7	25.8716f	56.6023	4	1	1	0.0990099	0.108911	0.009901	9.90099e-09	0	0	0	0	0.845455	0.951724	0.248288	0.507937	0.862779	9.90099e-09	0.118812	9.90099e-09	1	0.150685	0.292135	0.666667	0.666667	1.5	1	1	85222.7	1e+20	4.84194e+09	21.6174	25.1935	32.8686	44.256	25.8716	56.6023	
107000	-126416	-1234.55	-79641.6	-18285.2	0.116827	1	0.167157	11.9648	3.55529	0.00821312	19.5096	0.267805	5817	99	623	-49609.7	49.0965f	77.9262	4	1	1	0.0990099	0.128713	0.0594059	9.90099e-09	0	0	0	0	0.872727	0.95525	0.260345	0.515873	0.883162	9.90099e-09	0.118812	9.90099e-09	1	0.139175	0.29695	0.666667	0.666667	1.5	1	1	85222.7	1e+20	4.84194e+09	21.6174	25.1935	32.8686	44.256	49.0965	77.9262	
108000	-126730	-1234.55	-79955.7	-18484.6	0.117089	1	0.167157	11.9648	3.42316	0.0142187	19.3149	0.278143	5910	99	561	-49609.7	17.3903f	31.0604	4	1	1	0.0990099	0.128713	0.0594059	9.90099e-09	0	0	0	0	0.854545	0.966159	0.240678	0.53913	0.886441	9.90099e-09	0.118812	9.90099e-09	1	0.105085	0.310997	0.666667	0.666667	1.5	1	1	85222.7	1e+20	4.84194e+09	21.6174	25.1935	32.8686	44.256	17.3903	31.0604	
109000	-126366	-1234.55	-79591.9	-18349.4	0.117653	1	0.167157	11.9648	3.60702	0.0164463	19.5457	0.263965	5847	99	588	-49609.7	21.2344f	77.9852	4	1	1	0.0990099	0.128713	0.0594059	9.90099e-09	0	0	0	0	0.890909	0.959253	0.234188	0.571429	0.876923	9.90099e-09	0.138614	9.90099e-09	1	0.120954	0.268966	0.666667	0.666667	1.5	1	1	85222.7	1e+20	4.84194e+09	21.6174	25.1935	32.8686	44.256	21.2344	77.9852	
110000	-127691	-1234.55	-80916.2	-18577.1	0.116907	1	0.164499	12.1581	3.36787	0.00127853	19.3213	0.287277	5953	99	596	-49609.7	54.6109f	40.3373	4	1	1	0.108911	0.128713	0.0594059	9.90099e-09	0	0	0	0	0.827273	0.952941	0.236577	0.478992	0.877517	9.90099e-09	0.138614	9.90099e-09	1	0.100671	0.33122	0.666667	0.666667	1.5	1	1	85222.7	1e+20	4.84194e+09	21.6174	25.1935	32.8686	44.256	54.6109	40.3373	
111000	-127243	-1234.55	-80468.2	-18398.9	0.116907	1	0.200211	9.98944	3.57145	0.00874062	18.6671	0.22258	5870	99	653	-49609.7	23.2563f	61.8512	4	1	1	0.108911	0.128713	0.0594059	9.90099e-09	0	0	0	0	0.909091	0.96944	0.214527	0.472868	0.861953	9.90099e-09	0.138614	9.90099e-09	1	0.151515	0.350689	0.666667	0.666667	1.5	1	1	85222.7	1e+20	4.84194e+09	23.6592	15.9364	32.8686	44.256	23.2563	61.8512	
112000	-127764	-1234.55	-80989.4	-18467.6	0.120956	1	0.19608	10.1999	3.6189	0.00508922	18.6671	0.22429	5902	99	667	-49609.7	31.8853f	36.6712	4	1	1	0.108911	0.128713	0.0594059	9.90099e-09	0	0	0	0	0.881818	0.954237	0.264856	0.554688	0.849153	9.90099e-09	0.138614	9.90099e-09	1	0.135593	0.284839	0.666667	0.666667	1.5	1	1	85222.7	1e+20	4.84194e+09	23.6592	15.9364	32.8686	44.256	31.8853	36.6712	
113000	-127881	-1234.55	-81106.7	-18649.4	0.119783	1	0.166618	12.0035	3.04531	0.0211029	18.6671	0.313666	5988	99	585	-49609.7	11.861f	74.9887	4	1	1	0.108911	0.0693069	0.0594059	0.009901	0	0	0	0	0.881818	0.96796	0.264755	0.487179	0.880471	9.90099e-09	0.138614	9.90099e-09	1	0.116162	0.31058	0.666667	0.666667	1.5	1	1	85222.7	1e+20	4.84194e+09	23.6592	15.9364	32.8686	44.256	11.861	74.9887	
114000	-129232	-1234.55	-82457.4	-18868.2	0.122947	1	0.173666	11.5164	3.47097	0.0390542	18.965	0.264031	6092	99	594	-49609.7	4.30669f	92.0081	4	1	1	0.108911	0.0693069	0.0693069	0.009901	0	0	0	0	0.881818	0.947541	0.253268	0.523077	0.884868	9.90099e-09	0.138614	9.90099e-09	1	0.153595	0.289951	0.666667	0.666667	1.5	1	1	85222.7	1e+20	4.84194e+09	23.6592	15.9364	35.4001	35.6099	4.30669	92.0081	
115000	-124944	-1234.55	-78169.8	-18158.8	0.117402	1	0.165989	12.049	2.91405	0.00693148	18.573	0.329035	5758	99	555	-49609.7	50.3926f	23.767	4	1	1	0.0693069	0.0693069	0.0693069	0.009901	0	0	0	0	0.890909	0.972461	0.248276	0.473214	0.86747	9.90099e-09	0.108911	9.90099e-09	1	0.112847	0.330922	0.666667	0.666667	1.5	1	1	85222.7	1e+20	4.84194e+09	23.6592	15.9364	35.4001	35.6099	50.3926	23.767	
116000	-129151	-1234.55	-82376.3	-18954.2	0.124467	1	0.167858	11.9149	3.17485	0.0249614	18.6479	0.298645	6133	99	551	-49609.7	22.3691f	8.32206	4	1	1	0.0693069	0.0693069	0.0693069	0.009901	0	0	0	0	0.881818	0.965964	0.202593	0.477477	0.885484	9.90099e-09	0.108911	9.90099e-09	1	0.123779	0.299456	0.666667	0.666667	1.5	1	1	85222.7	1e+20	4.84194e+09	26.9814	12.7692	72.9261	36.3741	22.3691	8.32206	
117000	-131761	-1234.55	-84986.4	-19333.4	0.124467	1	0.167858	11.9149	3.21509	0.0154924	18.7067	0.294907	6315	99	600	-49609.7	88.2152f	56.1932	4	1	1	0.0693069	0.0693069	0.0693069	0.009901	0	0	0	0	0.854545	0.968254	0.22943	0.555556	0.88748	9.90099e-09	0.108911	9.90099e-09	1	0.121835	0.3267	0.666667	0.666667	1.5	1	1	85222.7	1e+20	4.84194e+09	26.9814	12.7692	81.2251	38.0293	88.2152	56.1932	
118000	-133380	-1234.55	-86605.2	-19621	0.126793	1	0.173324	11.5391	3.12843	0.0413354	18.346	0.293518	6455	99	604	-49609.7	99.9827f	10.1352	4	1	1	0.0693069	0.0693069	0.0693069	0.009901	0	0	0	0	0.836364	0.957944	0.231839	0.492188	0.868217	9.90099e-09	0.108911	9.90099e-09	1	0.131579	0.31672	0.666667	0.666667	1.5	1	1	85222.7	1e+20	4.84194e+09	26.9814	12.7692	81.2251	38.0293	99.9827	10.1352	
119000	-132218	-1234.55	-85443.4	-19418.3	0.128116	1	0.180237	11.0965	3.28716	0.00526015	18.346	0.26863	6357	99	602	-49609.7	70.58f	58.1837	4	1	1	0.0693069	0.0693069	0.0594059	0.009901	0	0	0	0	0.818182	0.96519	0.240887	0.54918	0.882726	9.90099e-09	0.108911	9.90099e-09	1	0.122642	0.30298	0.666667	0.666667	1.5	1	1	85222.7	1e+20	4.84194e+09	26.9814	12.7692	66.8299	35.5864	70.58	58.1837	
120000	-133081	-1234.55	-86306.7	-19505.6	0.126502	1	0.180679	11.0693	3.25371	0.00218782	18.346	0.270728	6399	99	633	-49609.7	38.1065f	41.6148	4	1	1	0.0693069	0.0990099	0.0594059	0.009901	0	0	0	0	0.827273	0.960754	0.255086	0.458333	0.890625	9.90099e-09	0.108911	9.90099e-09	1	0.137715	0.303691	0.666667	0.666667	1.5	1	1	85222.7	1e+20	4.84194e+09	26.9814	12.7692	95.4208	64.6535	38.1065	41.6148	
121000	-133692	-1234.55	-86917.2	-19641.3	0.130809	1	0.187167	10.6857	3.67915	0.0031519	18.5959	0.231123	6466	99	621	-49609.7	32.6289f	47.9802	4	1	1	0.0693069	0.0990099	0.0594059	0.009901	0	0	0	0	0.872727	0.959752	0.21517	0.462121	0.891473	9.90099e-09	0.108911	9.90099e-09	1	0.108192	0.296998	0.666667	0.666667	1.5	1	1	85222.7	1e+20	4.84194e+09	20.5286	77.5017	44.1807	44.9491	32.6289	47.9802	
122000	-135215	-1234.55	-88440.3	-19836.6	0.130809	1	0.16585	12.0591	3.26013	0.0294257	18.5959	0.294353	6562	99	653	-49609.7	1.58324f	25.5505	4	1	1	0.0891089	0.0990099	0.0594059	0.009901	0	0	0	0	0.872727	0.967791	0.261069	0.448	0.87404	9.90099e-09	0.108911	9.90099e-09	1	0.125191	0.279553	0.666667	0.666667	1.5	1	1	85222.7	1e+20	4.84194e+09	24.5821	19.7343	44.1807	44.9491	1.58324	25.5505	
123000	-132807	-1234.55	-86032.5	-19516.9	0.128047	1	0.167748	11.9227	3.13725	0.0121851	18.4641	0.302422	6405	99	594	-49609.7	17.8481f	36.4788	4	1	1	0.0891089	0.0990099	0.0594059	9.90099e-09	0	0	0	0	0.827273	0.937402	0.24337	0.525	0.893916	9.90099e-09	0.108911	9.90099e-09	1	0.101404	0.291246	0.666667	0.666667	1.5	1	1	85222.7	1e+20	4.84194e+09	24.5821	19.7343	44.1807	44.9491	17.8481	36.4788	
124000	-131496	-1234.55	-84721.8	-19249.3	0.127009	1	0.156786	12.7563	3.43724	0.00703854	19.2515	0.295327	6275	99	608	-49609.7	32.498f	69.2688	4	1	1	0.0891089	0.0990099	0.0594059	9.90099e-09	0	0	0	0	0.9	0.971564	0.255962	0.524194	0.891892	9.90099e-09	0.108911	9.90099e-09	1	0.116057	0.300643	0.666667	0.666667	1.5	1	1	85222.7	1e+20	4.84194e+09	24.5821	19.7343	29.8101	46.9836	32.498	69.2688	
125000	-131313	-1234.55	-84538.3	-19241.1	0.127009	1	0.164875	12.1304	3.66951	0.0110877	19.3242	0.263062	6271	99	599	-49609.7	17.0555f	45.9328	4	1	1	0.0891089	0.0990099	0.0594059	9.90099e-09	0	0	0	0	0.809091	0.963376	0.259554	0.55	0.901116	9.90099e-09	0.108911	9.90099e-09	1	0.125796	0.318718	0.666667	0.666667	1.5	1	1	85222.7	1e+20	4.84194e+09	24.5821	19.7343	27.5686	66.3336	17.0555	45.9328	
126000	-135095	-1234.55	-88320.4	-19846.3	0.132753	1	0.164875	12.1304	3.82029	0.0220449	19.3051	0.25268	6567	99	637	-49609.7	11.4974f	76.256	4	1	1	0.0891089	0.0594059	0.0594059	9.90099e-09	0	0	0	0	0.927273	0.964724	0.264526	0.518519	0.872699	9.90099e-09	0.108911	9.90099e-09	1	0.117737	0.304482	0.666667	0.666667	1.5	1	1	85222.7	1e+20	4.84194e+09	24.5821	19.7343	27.5686	66.3336	11.4974	76.256	
127000	-136952	-1234.55	-90177.1	-20174.6	0.137618	1	0.159865	12.5106	4.18821	0.0286162	19.7287	0.237706	6730	99	639	-49609.7	11.5257f	86.5623	4	1	1	0.0891089	0.0594059	0.0594059	9.90099e-09	0	0	0	0	0.827273	0.945347	0.268546	0.470149	0.893491	9.90099e-09	0.108911	9.90099e-09	1	0.124629	0.309201	0.666667	0.666667	1.5	1	1	85222.7	1e+20	4.84194e+09	24.5821	19.7343	27.5686	66.3336	11.5257	86.5623	
128000	-140241	-1234.55	-93466.6	-20718	0.137618	1	0.157224	12.7207	4.21817	0.017732	19.8463	0.239981	7004	99	654	-49609.7	18.4235f	77.2565	4	1	1	0.0891089	0.0594059	0.0594059	9.90099e-09	0	0	0	0	0.836364	0.964286	0.267143	0.484615	0.894286	9.90099e-09	0.108911	9.90099e-09	1	0.114286	0.287481	0.666667	0.666667	1.5	1	1	85222.7	1e+20	4.84194e+09	24.5821	19.7343	27.5686	66.3336	18.4235	77.2565	
129000	-142472	-1234.55	-95697.1	-21126	0.146671	1	0.156469	12.7821	4.25829	0.0136528	19.6026	0.238868	7215	99	642	-49609.7	14.281f	58.5775	4	1	1	0.0792079	0.0594059	0.0594059	9.90099e-09	0	0	0	0	0.836364	0.971114	0.267956	0.477941	0.904696	9.90099e-09	0.0990099	9.90099e-09	1	0.114325	0.308495	0.666667	0.666667	1.5	1	1	85222.7	1e+20	4.84194e+09	24.5821	19.7343	27.5686	66.3336	14.281	58.5775	
130000	-143501	-1234.55	-96726.1	-21243	0.146671	1	0.156469	12.7821	3.87867	0.0182324	19.1503	0.262246	7276	99	682	-49609.7	18.046f	77.7211	4	1	1	0.0792079	0.0594059	0.0594059	9.90099e-09	0	0	0	0	0.818182	0.968363	0.241379	0.523077	0.892414	9.90099e-09	0.0990099	9.90099e-09	1	0.0993103	0.348083	0.666667	0.666667	1.5	1	1	85222.7	1e+20	4.84194e+09	24.5821	19.7343	27.5686	66.3336	18.046	77.7211	
131000	-143084	-1234.55	-96309.4	-21210.4	0.146671	1	0.159034	12.5759	4.654	0.0204376	19.9616	0.215033	7259	99	655	-49609.7	8.06729f	66.1922	4	1	1	0.0792079	0.0594059	0.0594059	9.90099e-09	0	0	0	0	0.809091	0.971193	0.221918	0.457143	0.876374	9.90099e-09	0.0990099	9.90099e-09	1	0.105624	0.278902	0.666667	0.666667	1.5	1	1	85222.7	1e+20	4.84194e+09	24.5821	19.7343	27.5686	66.3336	8.06729	66.1922	
132000	-141237	-1234.55	-94462.7	-20862.3	0.143348	1	0.151097	13.2365	4.16658	0.00236244	19.7802	0.252805	7079	99	664	-49609.7	35.9723f	54.9593	4	1	1	0.0792079	0.0990099	0.0594059	9.90099e-09	0	0	0	0	0.890909	0.953456	0.273625	0.571429	0.891243	9.90099e-09	0.0990099	9.90099e-09	1	0.100282	0.268072	0.666667	0.666667	1.5	1	1	85222.7	1e+20	4.84194e+09	24.5821	19.7343	27.5686	66.3336	35.9723	54.9593	
133000	-141271	-1234.55	-94496.6	-20870	0.14269	1	0.151097	13.2365	4.14744	0.00487388	19.7802	0.253971	7083	99	667	-49609.7	36.1228f	32.9024	4	1	1	0.0792079	0.0990099	0.0693069	9.90099e-09	0	0	0	0	0.818182	0.953717	0.279661	0.552239	0.905367	9.90099e-09	0.0990099	9.90099e-09	1	0.102962	0.292354	0.666667	0.666667	1.5	1	1	85222.7	1e+20	4.84194e+09	24.5821	19.7343	26.4418	63.1889	36.1228	32.9024	
134000	-145606	-1234.55	-98831.9	-21654.8	0.149767	1	0.151097	13.2365	4.35313	0.0155013	19.7802	0.241971	7492	99	640	-49609.7	10.7705f	50.7845	4	1	1	0.0792079	0.0990099	0.0693069	9.90099e-09	0	0	0	0	0.863636	0.969415	0.264628	0.558824	0.884309	9.90099e-09	0.0990099	9.90099e-09	1	0.109333	0.297965	0.666667	0.666667	1.5	1	1	85222.7	1e+20	4.84194e+09	24.5821	19.7343	26.4418	63.1889	10.7705	50.7845	
135000	-146991	-1234.55	-100216	-21753.5	0.149767	1	0.151097	13.2365	4.47145	0.0148266	19.9132	0.235568	7544	99	717	-49609.7	27.0615f	80.3229	4	1	1	0.0792079	0.0990099	0.0693069	9.90099e-09	0	0	0	0	0.809091	0.954847	0.234748	0.468085	0.894459	9.90099e-09	0.0990099	9.90099e-09	1	0.111406	0.268571	0.666667	0.666667	1.5	1	1	85222.7	1e+20	4.84194e+09	40.1966	2.47217	26.4418	63.1889	27.0615	80.3229	
136000	-144155	-1234.55	-97380	-21407.9	0.149767	1	0.147168	13.5899	4.3552	0.00324195	19.9132	0.248312	7362	99	648	-49609.7	65.5739f	57.1247	4	1	1	0.0594059	0.0990099	0.0693069	9.90099e-09	0	0	0	0	0.809091	0.958108	0.248304	0.492537	0.918589	9.90099e-09	0.108911	9.90099e-09	1	0.12483	0.281859	0.666667	0.666667	1.5	1	1	85222.7	1e+20	4.84194e+09	19.3493	36.7204	48.2232	61.5935	65.5739	57.1247	
137000	-142803	-1234.55	-96028.6	-21277.6	0.14761	1	0.134655	14.8527	3.76921	0.0326733	19.7095	0.313579	7294	99	593	-49609.7	98.3614f	79.067	4	1	1	0.0594059	0.0990099	0.0693069	9.90099e-09	0	0	0	0	0.872727	0.964335	0.263014	0.570248	0.905479	9.90099e-09	0.108911	9.90099e-09	1	0.0931507	0.301508	0.666667	0.666667	1.5	1	1	85222.7	1e+20	4.84194e+09	19.3493	36.7204	77.479	75.1625	98.3614	79.067	
138000	-141814	-1234.55	-95039.6	-20971.5	0.145465	1	0.15068	13.2731	4.15648	0.0292748	19.7095	0.254119	7135	99	665	-49609.7	94.401f	79.607	4	1	1	0.0594059	0.0990099	0.0693069	9.90099e-09	0	0	0	0	0.818182	0.964986	0.256303	0.546154	0.893243	9.90099e-09	0.108911	9.90099e-09	1	0.109244	0.24256	0.666667	0.666667	1.5	1	1	85222.7	1e+20	4.84194e+09	19.3493	36.7204	77.479	75.1625	94.401	79.607	
139000	-142708	-1234.55	-95933.1	-21135.3	0.145465	1	0.15068	13.2731	4.13328	0.0349292	19.6819	0.255546	7220	99	666	-49609.7	85.9594f	95.9268	4	1	1	0.0594059	0.0594059	0.0693069	9.90099e-09	0	0	0	0	0.845455	0.962656	0.255878	0.563492	0.883817	9.90099e-09	0.108911	9.90099e-09	1	0.107884	0.338392	0.666667	0.666667	1.5	1	1	85222.7	1e+20	4.84194e+09	19.3493	36.7204	77.479	75.1625	85.9594	95.9268	
140000	-142710	-1234.55	-95935.7	-21141.1	0.145465	1	0.144629	13.8285	3.95535	0.00501154	19.6671	0.278214	7223	99	655	-49609.7	69.1309f	59.9682	4	1	1	0.0594059	0.0594059	0.029703	9.90099e-09	0	0	0	0	0.818182	0.957123	0.280166	0.503876	0.896266	9.90099e-09	0.108911	9.90099e-09	1	0.102351	0.316031	0.666667	0.666667	1.5	1	1	85222.7	1e+20	4.84194e+09	11.9962	43.1471	77.479	75.1625	69.1309	59.9682	
141000	-143242	-1234.55	-96467	-21164.2	0.145465	1	0.138258	14.4657	3.78111	0.00949109	19.6671	0.304447	7235	99	685	-49609.7	76.4256f	64.3256	4	1	1	0.0594059	0.0594059	0.029703	9.90099e-09	0	0	0	0	0.854545	0.964039	0.230663	0.53125	0.888122	9.90099e-09	0.108911	9.90099e-09	1	0.118785	0.281752	0.666667	0.666667	1.5	1	1	85222.7	1e+20	4.84194e+09	11.9962	43.1471	43.987	66.4083	76.4256	64.3256	
142000	-142380	-1234.55	-95605.5	-21191.3	0.145325	1	0.136355	14.6676	3.7255	0.00365892	19.6671	0.313302	7249	99	597	-49609.7	39.069f	64.9182	4	1	1	0.039604	0.0594059	0.029703	9.90099e-09	0	0	0	0	0.863636	0.973829	0.22314	0.46281	0.904033	9.90099e-09	0.108911	9.90099e-09	1	0.0936639	0.283361	0.666667	0.666667	1.5	1	1	85222.7	1e+20	4.84194e+09	11.9962	43.1471	43.987	66.4083	39.069	64.9182	
143000	-143631	-1234.55	-96856.4	-21319.7	0.147715	1	0.148176	13.4974	4.11505	0.0120659	19.6671	0.261015	7316	99	640	-49609.7	15.4192f	48.5244	4	1	1	0.039604	0.0594059	0.029703	9.90099e-09	0	0	0	0	0.854545	0.959072	0.279452	0.527132	0.875513	9.90099e-09	0.118812	9.90099e-09	1	0.103825	0.281931	0.666667	0.666667	1.5	1	1	85222.7	1e+20	4.84194e+09	11.9962	43.1471	43.987	66.4083	15.4192	48.5244	
144000	-146618	-1234.55	-99843.5	-21726.2	0.151946	1	0.148176	13.4974	4.2329	0.00156839	19.6671	0.253748	7530	99	691	-49609.7	47.8493f	61.3233	4	1	1	0.039604	0.0594059	0.029703	9.90099e-09	0	0	0	0	0.836364	0.970899	0.260238	0.464286	0.891247	0.009901	0.118812	9.90099e-09	1	0.119048	0.290831	0.666667	0.666667	1.5	1	1	85222.7	1e+20	4.84194e+09	11.9962	43.1471	43.987	66.4083	47.8493	61.3233	
145000	-149018	-1234.55	-102244	-22108.1	0.156221	1	0.148176	13.4974	4.35201	0.00155144	19.6671	0.246804	7734	99	704	-49609.7	57.9262f	58.1059	4	1	1	0.039604	0.0594059	0.009901	9.90099e-09	0	0	0	0	0.809091	0.969112	0.235142	0.545455	0.891892	0.009901	0.118812	9.90099e-09	1	0.136422	0.307365	0.666667	0.666667	1.5	1	1	85222.7	1e+20	4.84194e+09	11.9962	43.1471	43.987	66.4083	57.9262	58.1059	
146000	-150093	-1234.55	-103318	-22252.9	0.156221	1	0.160275	12.4785	4.70736	0.0117879	19.6671	0.210949	7812	99	727	-49609.7	22.7667f	70.2755	4	1	1	0.039604	0.0594059	0.009901	9.90099e-09	0	0	0	0	0.881818	0.966752	0.244872	0.547945	0.895141	0.009901	0.118812	9.90099e-09	1	0.127877	0.285315	0.666667	0.666667	1.5	1	1	85222.7	1e+20	4.84194e+09	11.9962	43.1471	43.987	66.4083	22.7667	70.2755	
147000	-148008	-1234.55	-101233	-21957.1	0.154497	1	0.160275	12.4785	4.65542	0.0114082	19.6671	0.213302	7653	99	702	-49609.7	45.8628f	82.8463	4	1	1	0.039604	0.0594059	0.009901	9.90099e-09	0	0	0	0	0.845455	0.958115	0.24349	0.528986	0.885677	0.009901	0.118812	9.90099e-09	1	0.128906	0.292479	0.666667	0.666667	1.5	1	1	85222.7	1e+20	4.84194e+09	11.9962	43.1471	34.6493	61.9507	45.8628	82.8463	
148000	-146648	-1234.55	-99873.8	-21782.8	0.153206	1	0.156152	12.808	4.36011	0.00348607	19.5149	0.233763	7560	99	668	-49609.7	31.6792f	51.2763	4	1	1	0.039604	0.0594059	0.009901	9.90099e-09	0	0	0	0	0.854545	0.966887	0.237154	0.471429	0.878788	0.009901	0.168317	9.90099e-09	1	0.110964	0.303892	0.666667	0.666667	1.5	1	1	85222.7	1e+20	4.84194e+09	11.9962	43.1471	34.6493	61.9507	31.6792	51.2763	
149000	-144398	-1234.55	-97623	-21493.5	0.148212	1	0.140107	14.2748	3.78459	0.00850444	19.5149	0.300152	7407	99	619	-49609.7	24.75f	63.88	4	1	1	0.0693069	0.0594059	0.009901	9.90099e-09	0	0	0	0	0.863636	0.96477	0.264228	0.5	0.902834	0.009901	0.168317	9.90099e-09	1	0.0931174	0.287561	0.666667	0.666667	1.5	1	1	85222.7	1e+20	4.84194e+09	11.9962	43.1471	34.6493	61.9507	24.75	63.88	
150000	-144911	-1234.55	-98136.2	-21552.7	0.148212	1	0.140107	14.2748	3.97847	0.00397619	19.7602	0.285524	7438	99	631	-49609.7	64.3234f	62.5708	4	1	1	0.0693069	0.0594059	0.009901	9.90099e-09	0	0	0	0	0.872727	0.958556	0.254351	0.564516	0.903743	0.009901	0.168317	9.90099e-09	1	0.117647	0.27492	0.666667	0.666667	1.5	1	1	85222.7	1e+20	4.84194e+09	11.9962	43.1471	34.6493	61.9507	64.3234	62.5708	
151000	-145019	-1234.55	-98244.7	-21524.2	0.148054	1	0.135002	14.8146	3.914	0.00925199	19.8684	0.301203	7423	99	658	-49609.7	30.5546f	72.7538	4	1	1	0.0693069	0.0594059	0.009901	9.90099e-09	0	0	0	0	0.918182	0.970509	0.26443	0.537313	0.896366	0.009901	0.168317	9.90099e-09	1	0.109017	0.287234	0.666667	0.666667	1.5	1	1	85222.7	1e+20	4.84194e+09	6.06385	42.0217	19.9427	74.0659	30.5546	72.7538	
152000	-144424	-1234.55	-97649.9	-21510.5	0.149179	1	0.135002	14.8146	4.04125	0.0138218	19.9901	0.291719	7416	99	612	-49609.7	25.0146f	76.9235	4	1	1	0.0693069	0.0792079	0.029703	9.90099e-09	0	0	0	0	0.890909	0.965147	0.261745	0.535433	0.911765	0.009901	0.168317	9.90099e-09	1	0.104558	0.292913	0.666667	0.666667	1.5	1	1	85222.7	1e+20	4.84194e+09	6.06385	42.0217	19.9427	74.0659	25.0146	76.9235	
153000	-143368	-1234.55	-96593.4	-21327.8	0.149179	1	0.136949	14.6039	4.09954	0.0220553	19.9901	0.283482	7320	99	612	-49609.7	14.6198f	80.282	4	1	1	0.0693069	0.0792079	0.029703	9.90099e-09	0	0	0	0	0.845455	0.968707	0.277702	0.516949	0.917808	0.009901	0.168317	9.90099e-09	1	0.103967	0.27563	0.666667	0.666667	1.5	1	1	85222.7	1e+20	4.84194e+09	6.06385	42.0217	11.5624	78.0945	14.6198	80.282	
154000	-146072	-1234.55	-99297.1	-21679.1	0.150962	1	0.136949	14.6039	4.14855	0.0188776	19.9901	0.280133	7505	99	668	-49609.7	50.5674f	92.7562	4	1	1	0.0693069	0.0792079	0.029703	9.90099e-09	0	0	0	0	0.9	0.965147	0.251664	0.538462	0.906791	0.009901	0.168317	9.90099e-09	1	0.113182	0.307346	0.666667	0.666667	1.5	1	1	85222.7	1e+20	4.84194e+09	6.06385	42.0217	24.0306	95.065	50.5674	92.7562	
155000	-145954	-1234.55	-99179.8	-21737.7	0.150962	1	0.132288	15.1186	4.00734	0.0286742	19.9901	0.300224	7536	99	628	-49609.7	16.6033f	91.2557	4	1	1	0.0594059	0.0792079	0.029703	0.009901	0	0	0	0	0.845455	0.97992	0.28972	0.474576	0.881333	0.009901	0.108911	9.90099e-09	1	0.102122	0.289809	0.666667	0.666667	1.5	1	1	85222.7	1e+20	4.84194e+09	6.06385	42.0217	24.0306	95.065	16.6033	91.2557	
156000	-145564	-1234.55	-98789.8	-21667.8	0.151532	1	0.135154	14.7979	4.09264	0.0198541	19.9694	0.287732	7499	99	623	-49609.7	30.2526f	89.3336	4	1	1	0.0594059	0.0792079	0.029703	0.009901	0	0	0	0	0.872727	0.973262	0.276	0.539063	0.895861	0.009901	0.108911	9.90099e-09	1	0.0933333	0.272583	0.666667	0.666667	1.5	1	1	85222.7	1e+20	4.84194e+09	22.4619	23.8257	24.0306	95.065	30.2526	89.3336	
157000	-146279	-1234.55	-99504.6	-21684.7	0.151532	1	0.135154	14.7979	4.09264	0.0287885	19.9694	0.287732	7508	99	678	-49609.7	30.2311f	99.2572	4	1	1	0.0594059	0.0792079	0.029703	0.009901	0	0	0	0	0.827273	0.965333	0.264352	0.534351	0.906791	9.90099e-09	0.108911	9.90099e-09	1	0.0905459	0.263079	0.666667	0.666667	1.5	1	1	85222.7	1e+20	4.84194e+09	22.4619	23.8257	24.0306	95.065	30.2311	99.2572	
158000	-145656	-1234.55	-98881.3	-21681	0.151532	1	0.128202	15.6004	3.8821	0.0343529	19.9694	0.319786	7506	99	630	-49609.7	7.48556f	89.7318	4	1	1	0.0594059	0.0594059	0.009901	0.009901	0	0	0	0	0.854545	0.957447	0.248011	0.443662	0.887118	9.90099e-09	0.108911	9.90099e-09	1	0.107856	0.285714	0.666667	0.666667	1.5	1	1	85222.7	1e+20	4.84194e+09	22.4619	23.8257	24.0306	95.065	7.48556	89.7318	
159000	-148075	-1234.55	-101301	-22112.2	0.15432	1	0.128202	15.6004	3.95354	0.0182286	19.9694	0.314008	7736	99	613	-49609.7	40.5658f	90.9985	4	1	1	0.0594059	0.0594059	0.009901	0.009901	0	0	0	0	0.854545	0.981865	0.235142	0.5	0.907097	9.90099e-09	0.108911	9.90099e-09	1	0.0929032	0.279675	0.666667	0.666667	1.5	1	1	85222.7	1e+20	4.84194e+09	22.4619	23.8257	40.9716	79.2713	40.5658	90.9985	
160000	-148975	-1234.55	-102200	-22237.9	0.157488	1	0.126211	15.8465	3.97204	0.00789198	19.9694	0.317475	7804	99	629	-49609.7	68.7023f	69.877	4	1	1	0.0594059	0.0594059	0.009901	0.009901	0	0	0	0	0.854545	0.971939	0.290816	0.580645	0.9106	9.90099e-09	0.108911	9.90099e-09	1	0.103713	0.262295	0.666667	0.666667	1.5	1	1	85222.7	1e+20	4.84194e+09	22.4619	23.8257	40.9716	79.2713	68.7023	69.877	
161000	-152754	-1234.55	-105979	-22792.6	0.162719	1	0.133759	14.9523	4.34941	0.0230637	19.9694	0.27357	8107	99	668	-49609.7	20.3924f	87.2149	4	1	1	0.0792079	0.0594059	0.009901	0.009901	0	0	0	0	0.9	0.972973	0.241677	0.522059	0.892327	9.90099e-09	0.108911	9.90099e-09	1	0.0924784	0.28655	0.666667	0.666667	1.5	1	1	85222.7	1e+20	4.84194e+09	22.4619	23.8257	40.9716	79.2713	20.3924	87.2149	
162000	-153007	-1234.55	-106233	-22749	0.162719	1	0.145321	13.7626	4.65436	0.00162057	19.8939	0.235305	8083	99	716	-49609.7	39.5445f	56.0068	4	1	1	0.0792079	0.0594059	0.009901	0.009901	0	0	0	0	0.872727	0.975309	0.261787	0.5	0.897022	9.90099e-09	0.0594059	9.90099e-09	1	0.0988875	0.31479	0.666667	0.666667	1.5	1	1	85222.7	1e+20	4.84194e+09	22.4619	23.8257	40.9716	79.2713	39.5445	56.0068	
163000	-152954	-1234.55	-106180	-22810.7	0.164374	1	0.136841	14.6155	4.42945	0.00468936	19.8963	0.262576	8117	99	678	-49609.7	36.9995f	66.5875	4	1	1	0.0792079	0.0594059	0.009901	0.009901	0	0	0	0	0.836364	0.969174	0.22688	0.50365	0.906404	9.90099e-09	0.0594059	9.90099e-09	1	0.128713	0.294985	0.666667	0.666667	1.5	1	1	85222.7	1e+20	4.84194e+09	22.4619	23.8257	40.9716	79.2713	36.9995	66.5875	
164000	-150831	-1234.55	-104057	-22536.1	0.164286	1	0.136841	14.6155	4.42708	0.0231817	19.8963	0.262716	7965	99	638	-49609.7	60.951f	96.1352	4	1	1	0.0792079	0.0693069	0.019802	0.009901	0	0	0	0	0.836364	0.95466	0.226817	0.529851	0.894737	9.90099e-09	0.0594059	9.90099e-09	1	0.101631	0.275862	0.666667	0.666667	1.5	1	1	85222.7	1e+20	4.84194e+09	22.4619	23.8257	40.9716	79.2713	60.951	96.1352	
165000	-154772	-1234.55	-107998	-23182	0.165123	1	0.123845	16.1492	3.84285	0.0202605	19.6648	0.334418	8323	99	639	-49609.7	63.1411f	92.277	4	1	1	0.0792079	0.0693069	0.019802	0.009901	0	0	0	0	0.836364	0.973684	0.263789	0.484615	0.920768	9.90099e-09	0.0594059	9.90099e-09	1	0.102041	0.332288	0.666667	0.666667	1.5	1	1	85222.7	1e+20	4.84194e+09	22.4619	23.8257	40.9716	79.2713	63.1411	92.277	
166000	-155761	-1234.55	-108986	-23367.9	0.171129	1	0.125132	15.9831	4.02402	0.0291306	19.6648	0.316076	8428	99	622	-49609.7	29.3337f	99.2378	4	1	1	0.0792079	0.0693069	0.019802	0.009901	0	0	0	0	0.881818	0.978597	0.270463	0.571429	0.935791	9.90099e-09	0.0594059	9.90099e-09	1	0.0972716	0.318182	0.666667	0.666667	1.5	1	1	85222.7	1e+20	4.84194e+09	59.9737	11.3238	40.9716	79.2713	29.3337	99.2378	
167000	-156632	-1234.55	-109858	-23408.5	0.171062	1	0.138221	14.4695	4.44321	0.0291306	19.6648	0.259148	8451	99	672	-49609.7	29.3337f	99.2378	4	1	1	0.0792079	0.0693069	0.019802	0.009901	0	0	0	0	0.845455	0.974057	0.274441	0.417266	0.906619	9.90099e-09	0.0594059	9.90099e-09	1	0.0978774	0.28264	0.666667	0.666667	1.5	1	1	85222.7	1e+20	4.84194e+09	17.844	33.078	74.2662	82.0693	29.3337	99.2378	
168000	-159069	-1234.55	-112294	-23691	0.171062	1	0.138221	14.4695	4.75186	0.00564822	19.9978	0.242315	8611	99	733	-49609.7	70.9274f	59.489	4	1	1	0.0792079	0.0693069	0.019802	9.90099e-09	0	0	0	0	0.863636	0.960557	0.25784	0.524476	0.909513	9.90099e-09	0.0792079	9.90099e-09	1	0.109049	0.296044	0.666667	0.666667	1.5	1	1	85222.7	1e+20	4.84194e+09	17.844	33.078	74.2662	82.0693	70.9274	59.489	
169000	-156662	-1234.55	-109887	-23268.4	0.169785	1	0.137569	14.5382	4.69411	0.0095981	19.9978	0.246461	8372	99	759	-49609.7	63.3106f	77.107	4	1	1	0.0792079	0.0693069	0.019802	9.90099e-09	0	0	0	0	0.872727	0.96327	0.25	0.556291	0.882767	9.90099e-09	0.0792079	9.90099e-09	1	0.127685	0.267457	0.666667	0.666667	1.5	1	1	85222.7	1e+20	4.84194e+09	17.844	33.078	74.2662	82.0693	63.3106	77.107	
170000	-155764	-1234.55	-108990	-23232.9	0.169785	1	0.126858	15.7657	4.30946	0.0213662	19.9756	0.291126	8352	99	695	-49609.7	72.7219f	89.3808	4	1	1	0.0792079	0.0693069	0.029703	9.90099e-09	0	0	0	0	0.872727	0.966467	0.294611	0.533333	0.902994	9.90099e-09	0.0792079	9.90099e-09	1	0.0994012	0.3	0.666667	0.666667	1.5	1	1	85222.7	1e+20	4.84194e+09	17.844	33.078	74.2662	82.0693	72.7219	89.3808	
171000	-155793	-1234.55	-109018	-23303.9	0.169785	1	0.127621	15.6714	4.33539	0.0173701	19.9756	0.287654	8392	99	660	-49609.7	43.971f	90.5835	4	1	1	0.0792079	0.0990099	0.029703	9.90099e-09	0	0	0	0	0.836364	0.963227	0.274673	0.488722	0.908333	9.90099e-09	0.0792079	9.90099e-09	1	0.10119	0.280179	0.666667	0.666667	1.5	1	1	85222.7	1e+20	4.84194e+09	17.844	33.078	74.2662	82.0693	43.971	90.5835	
172000	-158425	-1234.55	-111651	-23675	0.169341	1	0.129198	15.4801	4.37749	0.0479063	19.9756	0.281409	8601	99	682	-49609.7	98.0656f	98.7044	4	1	1	0.0792079	0.0990099	0.029703	9.90099e-09	0	0	0	0	0.854545	0.982578	0.256169	0.455882	0.91442	9.90099e-09	0.0792079	9.90099e-09	1	0.110199	0.265217	0.666667	0.666667	1.5	1	1	85222.7	1e+20	4.84194e+09	37.078	7.11111	74.2662	82.0693	98.0656	98.7044	
173000	-159945	-1234.55	-113171	-24103.2	0.175375	1	0.111047	18.0105	3.89656	0.0231341	19.9756	0.367818	8848	99	580	-49609.7	84.4059f	82.5233	4	1	1	0.049505	0.0990099	0.029703	9.90099e-09	0	0	0	0	0.818182	0.97735	0.241808	0.553719	0.932106	9.90099e-09	0.0792079	9.90099e-09	1	0.0932878	0.309951	0.666667	0.666667	1.5	1	1	85222.7	1e+20	4.84194e+09	37.078	7.11111	74.2662	82.0693	84.4059	82.5233	
174000	-159032	-1234.55	-112257	-23883.1	0.173126	1	0.121721	16.4311	4.21634	0.0114058	19.9756	0.310114	8721	99	624	-49609.7	62.9255f	80.3693	4	1	1	0.049505	0.0990099	0.029703	9.90099e-09	0	0	0	0	0.881818	0.97032	0.268571	0.5	0.884439	9.90099e-09	0.158416	9.90099e-09	1	0.10274	0.290172	0.666667	0.666667	1.5	1	1	85222.7	1e+20	4.84194e+09	37.078	7.11111	74.2662	82.0693	62.9255	80.3693	
175000	-156714	-1234.55	-109940	-23365.9	0.169747	1	0.138597	14.4304	4.7072	0.0111424	19.9756	0.243952	8427	99	703	-49609.7	82.7493f	48.5041	4	1	1	0.049505	0.0990099	0.029703	9.90099e-09	0	0	0	0	0.890909	0.969267	0.272512	0.510791	0.906619	9.90099e-09	0.158416	9.90099e-09	1	0.104389	0.274032	0.666667	0.666667	1.5	1	1	85222.7	1e+20	4.84194e+09	37.078	7.11111	74.2662	82.0693	82.7493	48.5041	
176000	-157431	-1234.55	-110656	-23442.1	0.170974	1	0.14005	14.2807	4.79094	0.00394123	19.9756	0.237201	8470	99	731	-49609.7	58.261f	67.0699	4	1	1	0.049505	0.0990099	0.029703	9.90099e-09	0	0	0	0	0.854545	0.963486	0.250588	0.5	0.881037	9.90099e-09	0.158416	9.90099e-09	1	0.141343	0.305292	0.666667	0.666667	1.5	1	1	85222.7	1e+20	4.84194e+09	37.078	7.11111	74.2662	82.0693	58.261	67.0699	
177000	-158143	-1234.55	-111368	-23490.3	0.173297	1	0.141448	14.1395	4.90451	0.0353923	19.9756	0.229418	8497	99	768	-49609.7	90.7238f	92.3083	4	1	1	0.049505	0.118812	9.90099e-09	9.90099e-09	0	0	0	0	0.8	0.954064	0.244365	0.487342	0.874118	9.90099e-09	0.158416	9.90099e-09	1	0.122353	0.312176	0.666667	0.666667	1.5	1	1	85222.7	1e+20	4.84194e+09	37.078	7.11111	74.2662	82.0693	90.7238	92.3083	
178000	-160272	-1234.55	-113497	-23861.9	0.173297	1	0.137943	14.4987	4.783	0.0247225	19.9756	0.241223	8709	99	742	-49609.7	16.287f	85.9491	4	1	1	0.049505	0.118812	9.90099e-09	9.90099e-09	0	0	0	0	0.881818	0.974537	0.251435	0.571429	0.903559	9.90099e-09	0.158416	9.90099e-09	1	0.1097	0.274126	0.666667	0.666667	1.5	1	1	85222.7	1e+20	4.84194e+09	37.078	7.11111	74.2662	82.0693	16.287	85.9491	
179000	-161654	-1234.55	-114879	-24064.1	0.174252	1	0.137111	14.5867	4.78034	0.0360543	19.9756	0.242823	8825	99	754	-49609.7	91.256f	92.5633	4	1	1	0.049505	0.118812	9.90099e-09	9.90099e-09	0	0	0	0	0.845455	0.964813	0.271801	0.550336	0.902605	9.90099e-09	0.178218	9.90099e-09	1	0.104427	0.30599	0.666667	0.666667	1.5	1	1	85222.7	1e+20	4.84194e+09	37.078	7.11111	74.2662	82.0693	91.256	92.5633	
180000	-161391	-1234.55	-114617	-23920.8	0.174252	1	0.151621	13.1908	5.28624	0.0162005	19.9756	0.19857	8743	99	812	-49609.7	59.5271f	88.3498	4	1	1	0.0693069	0.118812	9.90099e-09	9.90099e-09	0	0	0	0	0.881818	0.967963	0.257991	0.567901	0.901714	9.90099e-09	0.178218	9.90099e-09	1	0.128146	0.287841	0.666667	0.666667	1.5	1	1	85222.7	1e+20	4.84194e+09	37.078	7.11111	74.2662	82.0693	59.5271	88.3498	
181000	-160480	-1234.55	-113705	-23859.8	0.177094	1	0.146736	13.6299	5.19935	0.0248725	19.9756	0.20861	8708	99	761	-49609.7	69.9524f	94.8847	4	1	1	0.0693069	0.118812	9.90099e-09	9.90099e-09	0	0	0	0	0.845455	0.971429	0.26087	0.425806	0.912744	0.009901	0.178218	9.90099e-09	1	0.125144	0.290365	0.666667	0.666667	1.5	1	1	85222.7	1e+20	4.84194e+09	67.8299	10.6324	74.2662	82.0693	69.9524	94.8847	
182000	-161755	-1234.55	-114981	-24084.7	0.178282	1	0.135775	14.7302	4.84324	0.00771761	19.9756	0.242027	8838	99	753	-49609.7	45.0832f	76.6471	4	1	1	0.0693069	0.118812	9.90099e-09	9.90099e-09	0	0	0	0	0.836364	0.977247	0.269841	0.5	0.916667	0.009901	0.178218	9.90099e-09	1	0.125566	0.290503	0.666667	0.666667	1.5	1	1	85222.7	1e+20	4.84194e+09	67.8299	10.6324	57.8768	91.1376	45.0832	76.6471	
183000	-159859	-1234.55	-113084	-23926	0.178282	1	0.126736	15.7808	4.5232	0.0115572	19.9782	0.277635	8746	99	673	-49609.7	36.4351f	80.5404	4	1	1	0.0693069	0.0693069	9.90099e-09	9.90099e-09	0	0	0	0	0.863636	0.969072	0.262557	0.471831	0.9	0.009901	0.178218	9.90099e-09	1	0.110857	0.28739	0.666667	0.666667	1.5	1	1	85222.7	1e+20	4.84194e+09	67.8299	10.6324	57.8768	91.1376	36.4351	80.5404	
184000	-159611	-1234.55	-112836	-23798.8	0.173333	1	0.134612	14.8575	4.67092	0.0184746	19.9782	0.253124	8673	99	720	-49609.7	43.7853f	91.8757	4	1	1	0.0693069	0.0693069	0.009901	9.90099e-09	0	0	0	0	0.872727	0.972286	0.248848	0.551724	0.916859	0.009901	0.178218	9.90099e-09	1	0.118938	0.292582	0.666667	0.666667	1.5	1	1	85222.7	1e+20	4.84194e+09	67.8299	10.6324	57.8768	91.1376	43.7853	91.8757	
185000	-159298	-1234.55	-112523	-23693.6	0.173333	1	0.146466	13.655	5.08224	0.010618	19.9782	0.21381	8613	99	755	-49609.7	48.7151f	81.8631	4	1	1	0.0693069	0.0693069	0.009901	9.90099e-09	0	0	0	0	0.854545	0.960557	0.238979	0.539474	0.910673	0.009901	0.178218	9.90099e-09	1	0.12993	0.274278	0.666667	0.666667	1.5	1	1	85222.7	1e+20	4.84194e+09	67.8299	10.6324	57.8768	91.1376	48.7151	81.8631	
186000	-160679	-1234.55	-113905	-23894.2	0.176197	1	0.140145	14.271	4.94324	0.0110248	19.9782	0.229738	8728	99	756	-49609.7	68.5653f	76.5842	4	1	1	0.0594059	0.0693069	0.009901	9.90099e-09	0	0	0	0	0.818182	0.962329	0.254005	0.516556	0.913043	0.009901	0.0990099	9.90099e-09	1	0.114416	0.292328	0.666667	0.666667	1.5	1	1	85222.7	1e+20	4.84194e+09	67.8299	10.6324	88.201	79.3824	68.5653	76.5842	
187000	-163177	-1234.55	-116403	-24264.2	0.174736	1	0.147969	13.5164	5.17596	0.0242731	19.9782	0.207807	8940	99	775	-49609.7	95.8096f	66.1671	4	1	1	0.0594059	0.0693069	0.009901	9.90099e-09	0	0	0	0	0.818182	0.976641	0.23352	0.515924	0.915636	0.009901	0.0990099	9.90099e-09	1	0.111235	0.288832	0.666667	0.666667	1.5	1	1	85222.7	1e+20	4.84194e+09	67.8299	10.6324	88.201	79.3824	95.8096	66.1671	
188000	-160704	-1234.55	-113930	-23920	0.179485	1	0.14507	13.7864	5.21249	0.0211644	19.9782	0.210473	8742	99	748	-49609.7	94.7318f	57.5277	4	1	1	0.0594059	0.0990099	0.009901	9.90099e-09	0	0	0	0	0.881818	0.964773	0.245434	0.558442	0.897143	0.009901	0.0990099	9.90099e-09	1	0.10694	0.321809	0.666667	0.666667	1.5	1	1	85222.7	1e+20	4.84194e+09	67.8299	10.6324	88.201	79.3824	94.7318	57.5277	
189000	-163365	-1234.55	-116590	-24325.9	0.183447	1	0.134919	14.8237	4.95476	0.0217716	19.9782	0.23808	8978	99	759	-49609.7	84.7814f	79.9684	4	1	1	0.0594059	0.0990099	0.009901	9.90099e-09	0	0	0	0	0.863636	0.97433	0.268973	0.573333	0.900891	0.009901	0.0990099	9.90099e-09	1	0.0957684	0.312248	0.666667	0.666667	1.5	1	1	85222.7	1e+20	4.84194e+09	67.8299	10.6324	88.201	79.3824	84.7814	79.9684	
190000	-163089	-1234.55	-116314	-24366.3	0.177737	1	0.134403	14.8807	4.78217	0.0198789	19.9782	0.247621	9001	99	704	-49609.7	71.5448f	88.1671	4	1	1	0.0594059	0.0990099	9.90099e-09	9.90099e-09	0	0	0	0	0.836364	0.969832	0.267184	0.581081	0.906459	0.009901	0.0990099	9.90099e-09	1	0.120536	0.291328	0.666667	0.666667	1.5	1	1	85222.7	1e+20	4.84194e+09	95.5745	35.0075	88.201	79.3824	71.5448	88.1671	
191000	-164802	-1234.55	-118027	-24543.5	0.181577	1	0.134403	14.8807	4.88548	0.0110797	19.9782	0.242385	9106	99	755	-49609.7	73.7429f	72.2156	4	1	1	0.0594059	0.0990099	9.90099e-09	9.90099e-09	0	0	0	0	0.818182	0.962555	0.286498	0.546053	0.891328	0.009901	0.0990099	9.90099e-09	1	0.0987925	0.282493	0.666667	0.666667	1.5	1	1	85222.7	1e+20	4.84194e+09	36.8358	16.7659	88.201	79.3824	73.7429	72.2156	
192000	-163309	-1234.55	-116534	-24350.7	0.181577	1	0.131635	15.1935	4.78487	0.0251261	19.9782	0.252685	8993	99	737	-49609.7	52.9791f	99.3365	4	1	1	0.0594059	0.0990099	9.90099e-09	9.90099e-09	0	0	0	0	0.863636	0.966555	0.248889	0.563758	0.901221	0.009901	0.148515	9.90099e-09	1	0.099889	0.290366	0.666667	0.666667	1.5	1	1	85222.7	1e+20	4.84194e+09	36.8358	16.7659	88.201	79.3824	52.9791	99.3365	
193000	-162875	-1234.55	-116101	-24089.6	0.18147	1	0.161344	12.3959	5.8613	0.0251261	19.9782	0.168296	8840	99	846	-49609.7	52.9791f	99.3365	4	1	1	0.0594059	0.0990099	9.90099e-09	9.90099e-09	0	0	0	0	0.909091	0.966178	0.270362	0.488506	0.89842	9.90099e-09	0.148515	9.90099e-09	1	0.132203	0.304706	0.666667	0.666667	1.5	1	1	85222.7	1e+20	4.84194e+09	36.8358	16.7659	88.201	79.3824	52.9791	99.3365	
194000	-164401	-1234.55	-117626	-24417.3	0.18147	1	0.148328	13.4837	5.38845	0.0251261	19.9782	0.199129	9032	99	797	-49609.7	52.9791f	99.3365	4	1	1	0.0594059	0.0990099	9.90099e-09	9.90099e-09	0	0	0	0	0.9	0.966667	0.243875	0.481481	0.90067	9.90099e-09	0.148515	9.90099e-09	1	0.10177	0.309045	0.666667	0.666667	1.5	1	1	85222.7	1e+20	4.84194e+09	36.8358	16.7659	89.384	82.6073	52.9791	99.3365	
195000	-161357	-1234.55	-114583	-23963.9	0.175233	1	0.148328	13.4837	5.20326	0.047177	19.9782	0.206216	8768	99	793	-49609.7	98.0091f	98.0173	4	1	1	0.0594059	0.108911	9.90099e-09	9.90099e-09	0	0	0	0	0.863636	0.964531	0.252847	0.596273	0.896355	9.90099e-09	0.148515	9.90099e-09	1	0.113272	0.293383	0.666667	0.666667	1.5	1	1	85222.7	1e+20	4.84194e+09	36.8358	16.7659	89.384	82.6073	98.0091	98.0173	
196000	-158008	-1234.55	-111233	-23489.8	0.17078	1	0.148328	13.4837	5.07105	0.00678644	19.9782	0.211593	8497	99	752	-49609.7	71.1023f	63.8805	4	1	1	0.0594059	0.108911	9.90099e-09	9.90099e-09	0	0	0	0	0.809091	0.96934	0.261792	0.506667	0.890201	9.90099e-09	0.148515	9.90099e-09	1	0.112426	0.302294	0.666667	0.666667	1.5	1	1	85222.7	1e+20	4.84194e+09	36.8358	16.7659	89.384	82.6073	71.1023	63.8805	
197000	-157777	-1234.55	-111002	-23468.6	0.17078	1	0.149817	13.3496	5.12197	0.0252964	19.9782	0.207406	8485	99	745	-49609.7	89.272f	80.216	4	1	1	0.0594059	0.108911	9.90099e-09	9.90099e-09	0	0	0	0	0.863636	0.967213	0.235571	0.530201	0.890606	9.90099e-09	0.148515	9.90099e-09	1	0.0930506	0.282869	0.666667	0.666667	1.5	1	1	85222.7	1e+20	4.84194e+09	36.8358	16.7659	89.384	82.6073	89.272	80.216	
198000	-156187	-1234.55	-109412	-23447.4	0.169967	1	0.122484	16.3286	4.17286	0.0123714	19.9846	0.311391	8473	99	618	-49609.7	71.3812f	76.9496	4	1	1	0.049505	0.108911	9.90099e-09	9.90099e-09	0	0	0	0	0.890909	0.972813	0.237927	0.461538	0.899646	9.90099e-09	0.148515	9.90099e-09	1	0.114657	0.299353	0.666667	0.666667	1.5	1	1	85222.7	1e+20	4.84194e+09	36.8358	16.7659	97.5534	99.1324	71.3812	76.9496	
199000	-158038	-1234.55	-111264	-23644.9	0.174558	1	0.11757	17.0112	4.11363	0.0245917	19.9846	0.329078	8585	99	666	-49609.7	88.3193f	80.2888	4	1	1	0.049505	0.108911	9.90099e-09	9.90099e-09	0	0	0	0	0.881818	0.972125	0.256112	0.575758	0.901524	9.90099e-09	0.0990099	9.90099e-09	1	0.105691	0.287443	0.666667	0.666667	1.5	1	1	85222.7	1e+20	4.84194e+09	36.8358	16.7659	97.5534	99.1324	88.3193	80.2888	
200000	-157427	-1234.55	-110652	-23602	0.175609	1	0.121774	16.4239	4.2365	0.0186589	19.9262	0.308503	8560	99	638	-49609.7	78.9042f	81.0739	4	1	1	0.049505	0.108911	9.90099e-09	9.90099e-09	0	0	0	0	0.854545	0.966002	0.23715	0.540146	0.915313	9.90099e-09	0.0990099	9.90099e-09	1	0.102684	0.326347	0.666667	0.666667	1.5	1	1	85222.7	1e+20	4.84194e+09	36.8358	16.7659	97.5534	99.1324	78.9042	81.0739	
201000	-159993	-1234.55	-113219	-23942.9	0.175609	1	0.12384	16.1499	4.30838	0.0252151	19.9262	0.298294	8756	99	673	-49609.7	88.5904f	80.9493	4	1	1	0.049505	0.108911	9.90099e-09	9.90099e-09	0	0	0	0	0.845455	0.971461	0.252571	0.544118	0.928	9.90099e-09	0.0990099	9.90099e-09	1	0.117849	0.283804	0.666667	0.666667	1.5	1	1	85222.7	1e+20	4.84194e+09	36.8358	16.7659	97.5534	99.1324	88.5904	80.9493	
202000	-159194	-1234.55	-112420	-23812.6	0.173967	1	0.141607	14.1236	4.49125	0.0194709	19.5165	0.250247	8681	99	682	-49609.7	41.0442f	92.5639	4	1	1	0.049505	0.0792079	9.90099e-09	9.90099e-09	0	0	0	0	0.9	0.95612	0.244828	0.589552	0.911494	9.90099e-09	0.0990099	9.90099e-09	1	0.0886076	0.30365	0.666667	0.666667	1.5	1	1	85222.7	1e+20	4.84194e+09	36.8358	16.7659	97.5534	99.1324	41.0442	92.5639	
203000	-159937	-1234.55	-113162	-23840.3	0.175218	1	0.132723	15.069	4.32564	0.0384716	19.6146	0.277219	8697	99	728	-49609.7	93.4023f	93.2243	4	1	1	0.049505	0.0792079	0.049505	9.90099e-09	0	0	0	0	0.854545	0.970046	0.272	0.5	0.900229	9.90099e-09	0.0990099	9.90099e-09	1	0.125576	0.30303	0.666667	0.666667	1.5	1	1	85222.7	1e+20	4.84194e+09	36.8358	16.7659	97.5534	99.1324	93.4023	93.2243	
204000	-159752	-1234.55	-112978	-23822.9	0.175218	1	0.133347	14.9984	4.34598	0.0270963	19.6146	0.27463	8687	99	720	-49609.7	83.785f	88.5947	4	1	1	0.049505	0.0792079	0.049505	9.90099e-09	0	0	0	0	0.827273	0.96445	0.258918	0.606897	0.897936	9.90099e-09	0.0990099	9.90099e-09	1	0.0951835	0.29863	0.666667	0.666667	1.5	1	1	85222.7	1e+20	4.84194e+09	36.8358	16.7659	97.5534	99.1324	83.785	88.5947	
205000	-160433	-1234.55	-113659	-23955.2	0.175218	1	0.130902	15.2787	4.26023	0.032606	19.6076	0.285392	8763	99	714	-49609.7	93.7685f	85.4868	4	1	1	0.049505	0.0792079	0.049505	9.90099e-09	0	0	0	0	0.881818	0.961009	0.224374	0.517007	0.912301	9.90099e-09	0.0990099	9.90099e-09	1	0.115429	0.323529	0.666667	0.666667	1.5	1	1	85222.7	1e+20	4.84194e+09	36.8358	16.7659	97.5534	99.1324	93.7685	85.4868	
206000	-158445	-1234.55	-111671	-23692.2	0.175218	1	0.130902	15.2787	4.26023	0.046963	19.6076	0.285392	8612	99	678	-49609.7	97.6683f	98.1366	4	1	1	0.049505	0.0792079	0.049505	9.90099e-09	0	0	0	0	0.836364	0.963827	0.218097	0.567164	0.898483	9.90099e-09	0.128713	9.90099e-09	1	0.0835267	0.317365	0.666667	0.666667	1.5	1	1	85222.7	1e+20	4.84194e+09	36.8358	16.7659	97.5534	99.1324	97.6683	98.1366	
207000	-160985	-1234.55	-114211	-24124.3	0.178152	1	0.129562	15.4367	4.28723	0.0401817	19.6076	0.286528	8861	99	668	-49609.7	93.0081f	95.5056	4	1	1	0.049505	0.0792079	0.049505	9.90099e-09	0	0	0	0	0.881818	0.960497	0.229989	0.540741	0.905299	9.90099e-09	0.128713	9.90099e-09	1	0.101466	0.289552	0.666667	0.666667	1.5	1	1	85222.7	1e+20	4.84194e+09	36.8358	16.7659	97.5534	99.1324	93.0081	95.5056	
208000	-163159	-1234.55	-116384	-24393.5	0.180864	1	0.126426	15.8196	4.59664	0.0192781	19.9991	0.27387	9018	99	697	-49609.7	86.7852f	72.6089	4	1	1	0.049505	0.0990099	0.049505	9.90099e-09	0	0	0	0	0.827273	0.962348	0.3	0.5	0.927938	9.90099e-09	0.128713	9.90099e-09	1	0.094235	0.306686	0.666667	0.666667	1.5	1	1	85222.7	1e+20	4.84194e+09	36.8358	16.7659	97.5534	99.1324	86.7852	72.6089	
209000	-163294	-1234.55	-116519	-24410.6	0.180864	1	0.127128	15.7321	4.62219	0.0239383	19.9991	0.270851	9028	99	699	-49609.7	92.4644f	72.8181	4	1	1	0.049505	0.0990099	0.049505	9.90099e-09	0	0	0	0	0.836364	0.965594	0.283333	0.496552	0.903654	9.90099e-09	0.128713	9.90099e-09	1	0.0874862	0.284327	0.666667	0.666667	1.5	1	1	85222.7	1e+20	4.84194e+09	3.76828	85.2474	93.5465	99.4065	92.4644	72.8181	
210000	-163804	-1234.55	-117030	-24412.2	0.181191	1	0.129639	15.4275	4.722	0.0205397	19.9991	0.259991	9029	99	743	-49609.7	73.2647f	88.0069	4	1	1	0.049505	0.0990099	0.049505	9.90099e-09	0	0	0	0	0.872727	0.960089	0.269401	0.5	0.895787	9.90099e-09	0.128713	9.90099e-09	1	0.103104	0.301759	0.666667	0.666667	1.5	1	1	85222.7	1e+20	4.84194e+09	36.8358	16.7659	74.841	72.3523	73.2647	88.0069	
211000	-162456	-1234.55	-115681	-24255.1	0.179023	1	0.129639	15.4275	4.66549	0.00257606	19.9991	0.263141	8937	99	707	-49609.7	61.5393f	59.7103	4	1	1	0.029703	0.0990099	0.049505	9.90099e-09	0	0	0	0	0.872727	0.975419	0.253898	0.517986	0.912849	9.90099e-09	0.128713	9.90099e-09	1	0.109253	0.276012	0.666667	0.666667	1.5	1	1	85222.7	1e+20	4.84194e+09	36.8358	16.7659	74.841	72.3523	61.5393	59.7103	
212000	-163822	-1234.55	-117047	-24459.9	0.177504	1	0.123014	16.2583	4.38949	0.0285227	19.9991	0.294749	9055	99	712	-49609.7	98.5354f	70.5356	4	1	1	0.029703	0.0990099	0.049505	9.90099e-09	0	0	0	0	0.863636	0.974501	0.251106	0.537415	0.90133	9.90099e-09	0.118812	9.90099e-09	1	0.0905077	0.253165	0.666667	0.666667	1.5	1	1	85222.7	1e+20	4.84194e+09	36.8358	16.7659	74.841	72.3523	98.5354	70.5356	
213000	-159645	-1234.55	-112870	-23924.4	0.178518	1	0.123014	16.2583	4.41459	0.0285227	19.9991	0.293073	8745	99	655	-49609.7	98.5354f	70.5356	4	1	1	0.029703	0.0990099	0.049505	9.90099e-09	0	0	0	0	0.827273	0.965831	0.265376	0.581395	0.908571	9.90099e-09	0.118812	9.90099e-09	1	0.0876993	0.300763	0.666667	0.666667	1.5	1	1	85222.7	1e+20	4.84194e+09	71.1924	10.0135	74.841	72.3523	98.5354	70.5356	
214000	-161916	-1234.55	-115142	-24176	0.178518	1	0.123014	16.2583	4.41459	0.0184782	19.9991	0.293073	8891	99	705	-49609.7	60.2703f	90.9867	4	1	1	0.029703	0.029703	0.049505	9.90099e-09	0	0	0	0	0.881818	0.969663	0.274466	0.486111	0.916854	9.90099e-09	0.118812	9.90099e-09	1	0.107865	0.296454	0.666667	0.666667	1.5	1	1	85222.7	1e+20	4.84194e+09	71.1924	10.0135	74.841	72.3523	60.2703	90.9867	
215000	-160229	-1234.55	-113455	-23997	0.175316	1	0.123014	16.2583	4.33539	0.0126225	19.9991	0.298427	8787	99	663	-49609.7	65.7436f	80.9918	4	1	1	0.029703	0.029703	0.049505	9.90099e-09	0	0	0	0	0.863636	0.971815	0.250283	0.57971	0.919592	9.90099e-09	0.118812	9.90099e-09	1	0.0932878	0.295691	0.666667	0.666667	1.5	1	1	85222.7	1e+20	4.84194e+09	71.1924	10.0135	74.841	72.3523	65.7436	80.9918	
216000	-159847	-1234.55	-113072	-23937.8	0.175187	1	0.127182	15.7255	4.43642	0.00313457	19.9514	0.282072	8753	99	661	-49609.7	59.1081f	64.078	4	1	1	0.029703	0.029703	0.009901	9.90099e-09	0	0	0	0	0.9	0.973563	0.267509	0.530303	0.915621	9.90099e-09	0.118812	9.90099e-09	1	0.110731	0.269578	0.666667	0.666667	1.5	1	1	85222.7	1e+20	4.84194e+09	71.1924	10.0135	74.841	72.3523	59.1081	64.078	
217000	-159554	-1234.55	-112780	-23929.1	0.175187	1	0.12289	16.2747	4.18808	0.00328153	19.8357	0.309236	8748	99	642	-49609.7	34.2013f	41.479	4	1	1	0.029703	0.029703	0.009901	9.90099e-09	0	0	0	0	0.836364	0.975028	0.26484	0.5	0.908059	0.009901	0.0693069	9.90099e-09	1	0.114155	0.289513	0.666667	0.666667	1.5	1	1	85222.7	1e+20	4.84194e+09	71.1924	10.0135	74.841	72.3523	34.2013	41.479	
218000	-157883	-1234.55	-111109	-23628.1	0.175613	1	0.124744	16.0329	4.26159	0.00543631	19.8357	0.299385	8575	99	655	-49609.7	72.3568f	46.0978	4	1	1	0.0891089	0.029703	0.009901	9.90099e-09	0	0	0	0	0.809091	0.969838	0.270712	0.455224	0.914053	0.009901	0.0693069	9.90099e-09	1	0.111628	0.271513	0.666667	0.666667	1.5	1	1	85222.7	1e+20	4.84194e+09	71.1924	10.0135	74.841	72.3523	72.3568	46.0978	
219000	-161341	-1234.55	-114566	-24036.8	0.175777	1	0.132084	15.1419	4.64434	0.0146955	19.9745	0.259445	8810	99	737	-49609.7	71.102f	81.0832	4	1	1	0.0891089	0.029703	0.009901	9.90099e-09	0	0	0	0	0.827273	0.969388	0.265074	0.513699	0.896396	0.009901	0.0693069	9.90099e-09	1	0.106576	0.298487	0.666667	0.666667	1.5	1	1	85222.7	1e+20	4.84194e+09	71.1924	10.0135	74.841	72.3523	71.102	81.0832	
220000	-160029	-1234.55	-113254	-23858.2	0.177395	1	0.143172	13.9692	5.08054	0.0169828	19.9745	0.218802	8707	99	727	-49609.7	88.7619f	61.8408	4	1	1	0.0891089	0.029703	0.009901	9.90099e-09	0	0	0	0	0.836364	0.966628	0.239679	0.496599	0.912543	0.009901	0.0693069	9.90099e-09	1	0.107922	0.282192	0.666667	0.666667	1.5	1	1	85222.7	1e+20	4.84194e+09	80.923	32.704	74.841	72.3523	88.7619	61.8408	
221000	-159684	-1234.55	-112910	-23855.6	0.172372	1	0.132443	15.1009	4.56676	0.0247316	19.9745	0.263138	8705	99	694	-49609.7	72.676f	93.4078	4	1	1	0.0891089	0.0693069	0.009901	9.90099e-09	0	0	0	0	0.909091	0.97133	0.261768	0.560284	0.907003	0.009901	0.0693069	9.90099e-09	1	0.106774	0.275482	0.666667	0.666667	1.5	1	1	85222.7	1e+20	4.84194e+09	80.923	32.704	74.841	72.3523	72.676	93.4078	
222000	-159502	-1234.55	-112728	-23727.2	0.172372	1	0.132443	15.1009	4.47882	0.00554884	19.8776	0.268305	8632	99	749	-49609.7	56.681f	71.73	4	1	1	0.0891089	0.0693069	0.029703	9.90099e-09	0	0	0	0	0.827273	0.969942	0.268208	0.51049	0.888889	0.009901	0.0693069	9.90099e-09	1	0.0878613	0.306519	0.666667	0.666667	1.5	1	1	85222.7	1e+20	4.84194e+09	77.6046	13.7047	63.3253	75.9102	56.681	71.73	
223000	-159081	-1234.55	-112306	-23744.8	0.172372	1	0.130017	15.3827	4.39678	0.0201738	19.8776	0.278411	8642	99	702	-49609.7	14.5245f	76.9406	4	1	1	0.0891089	0.0693069	0.029703	9.90099e-09	0	0	0	0	0.836364	0.966318	0.255814	0.601399	0.930233	0.009901	0.0990099	9.90099e-09	1	0.0987224	0.274011	0.666667	0.666667	1.5	1	1	85222.7	1e+20	4.84194e+09	31.1914	23.4601	63.3253	75.9102	14.5245	76.9406	
224000	-158861	-1234.55	-112087	-23802.8	0.172372	1	0.128108	15.6118	4.33223	0.00317803	19.8776	0.286769	8675	99	650	-49609.7	32.6501f	52.1599	4	1	1	0.049505	0.0693069	0.029703	9.90099e-09	0	0	0	0	0.863636	0.972445	0.245675	0.57554	0.900458	0.009901	0.0990099	9.90099e-09	1	0.112903	0.304154	0.666667	0.666667	1.5	1	1	85222.7	1e+20	4.84194e+09	31.1914	23.4601	63.3253	75.9102	32.6501	52.1599	
225000	-159044	-1234.55	-112269	-23798.5	0.17466	1	0.120025	16.6631	4.11277	0.0152692	19.8776	0.322413	8673	99	672	-49609.7	73.8904f	79.9509	4	1	1	0.049505	0.0693069	0.029703	9.90099e-09	0	0	0	0	0.827273	0.965398	0.254902	0.545455	0.909618	0.009901	0.0990099	9.90099e-09	1	0.101734	0.305215	0.666667	0.666667	1.5	1	1	85222.7	1e+20	4.84194e+09	31.1914	23.4601	63.3253	75.9102	73.8904	79.9509	
226000	-161953	-1234.55	-115178	-24223.2	0.182283	1	0.120025	16.6631	4.38798	0.00320262	19.9875	0.302191	8918	99	687	-49609.7	45.5008f	66.5064	4	1	1	0.049505	0.0693069	0.029703	9.90099e-09	0	0	0	0	0.836364	0.974186	0.296171	0.514493	0.915919	0.009901	0.0990099	9.90099e-09	1	0.132287	0.289665	0.666667	0.666667	1.5	1	1	85222.7	1e+20	4.84194e+09	31.1914	23.4601	63.3253	75.9102	45.5008	66.5064	
227000	-162672	-1234.55	-115897	-24352.5	0.182283	1	0.120025	16.6631	4.38798	0.013979	19.9875	0.302191	8994	99	671	-49609.7	72.1084f	79.195	4	1	1	0.049505	0.0891089	0.019802	9.90099e-09	0	0	0	0	0.9	0.9701	0.249169	0.525547	0.902547	0.009901	0.0990099	9.90099e-09	1	0.100775	0.28465	0.666667	0.666667	1.5	1	1	85222.7	1e+20	4.84194e+09	31.1914	23.4601	56.303	70.7278	72.1084	79.195	
228000	-164091	-1234.55	-117316	-24540.9	0.178791	1	0.121876	16.4101	4.37029	0.00493318	19.9875	0.298807	9103	99	695	-49609.7	44.0763f	70.6704	4	1	1	0.049505	0.0891089	0.019802	9.90099e-09	0	0	0	0	0.845455	0.962637	0.240395	0.529851	0.902198	0.009901	0.0990099	9.90099e-09	1	0.102086	0.269231	0.666667	0.666667	1.5	1	1	85222.7	1e+20	4.84194e+09	31.1914	23.4601	56.303	70.7278	44.0763	70.6704	
229000	-161216	-1234.55	-114441	-24160.5	0.179272	1	0.121548	16.4544	4.37025	0.0140255	19.9875	0.299615	8882	99	656	-49609.7	12.6821f	49.19	4	1	1	0.049505	0.0891089	0.019802	9.90099e-09	0	0	0	0	0.863636	0.97651	0.265467	0.543478	0.925056	0.009901	0.168317	9.90099e-09	1	0.098434	0.298485	0.666667	0.666667	1.5	1	1	85222.7	1e+20	4.84194e+09	31.1914	23.4601	25.5092	55.4589	12.6821	49.19	
230000	-164957	-1234.55	-118182	-24698.5	0.185505	1	0.121548	16.4544	4.52222	0.0225505	19.9875	0.289547	9198	99	680	-49609.7	28.3141f	7.70778	4	1	1	0.049505	0.0891089	0.019802	9.90099e-09	0	0	0	0	0.827273	0.978378	0.267606	0.547945	0.895022	0.009901	0.168317	9.90099e-09	1	0.110509	0.299728	0.666667	0.666667	1.5	1	1	85222.7	1e+20	4.84194e+09	31.1914	23.4601	25.5092	55.4589	28.3141	7.70778	
231000	-165476	-1234.55	-118701	-24696.8	0.185505	1	0.121548	16.4544	4.52222	0.00411095	19.9875	0.289547	9197	99	725	-49609.7	48.304f	69.4097	4	1	1	0.0693069	0.0891089	0.019802	9.90099e-09	0	0	0	0	0.863636	0.967356	0.264418	0.542857	0.913043	0.009901	0.168317	9.90099e-09	1	0.10555	0.327089	0.666667	0.666667	1.5	1	1	85222.7	1e+20	4.84194e+09	31.1914	23.4601	25.5092	55.4589	48.304	69.4097	
232000	-165725	-1234.55	-118951	-24831.6	0.185505	1	0.119536	16.7314	4.44734	0.00962115	19.9875	0.299379	9277	99	672	-49609.7	64.0208f	76.7869	4	1	1	0.0693069	0.0693069	0.019802	9.90099e-09	0	0	0	0	0.827273	0.973031	0.252165	0.48951	0.922414	0.009901	0.168317	9.90099e-09	1	0.103896	0.296131	0.666667	0.666667	1.5	1	1	85222.7	1e+20	4.84194e+09	31.1914	23.4601	47.8967	60.7182	64.0208	76.7869	
233000	-165295	-1234.55	-118520	-24705.2	0.185505	1	0.126945	15.7549	4.72299	0.00321122	19.9875	0.265453	9202	99	710	-49609.7	32.3832f	50.1917	4	1	1	0.0693069	0.0693069	0.019802	9.90099e-09	0	0	0	0	0.9	0.969795	0.257576	0.574627	0.897519	0.009901	0.168317	9.90099e-09	1	0.0981661	0.317073	0.666667	0.666667	1.5	1	1	85222.7	1e+20	4.84194e+09	31.1914	23.4601	47.8967	60.7182	32.3832	50.1917	
234000	-166336	-1234.55	-119561	-24831.6	0.185505	1	0.126945	15.7549	4.65104	0.0124227	19.911	0.26956	9277	99	728	-49609.7	72.3999f	23.1397	4	1	1	0.0693069	0.0693069	9.90099e-09	9.90099e-09	0	0	0	0	0.854545	0.970811	0.258099	0.5	0.897629	0.009901	0.108911	9.90099e-09	1	0.104639	0.32967	0.666667	0.666667	1.5	1	1	85222.7	1e+20	4.84194e+09	46.416	10.4554	65.9854	36.0046	72.3999	23.1397	
235000	-167798	-1234.55	-121023	-25027	0.185505	1	0.132373	15.1088	4.8361	0.00608275	19.8968	0.248614	9393	99	753	-49609.7	46.3382f	25.6821	4	1	1	0.0693069	0.0693069	9.90099e-09	9.90099e-09	0	0	0	0	0.918182	0.96788	0.261672	0.546053	0.886022	0.009901	0.108911	9.90099e-09	1	0.126882	0.294199	0.666667	0.666667	1.5	1	1	85222.7	1e+20	4.84194e+09	86.9855	60.3803	65.9854	36.0046	46.3382	25.6821	
236000	-165508	-1234.55	-118734	-24598.9	0.185015	1	0.132373	15.1088	4.82331	0.0133485	19.8968	0.249273	9139	99	787	-49609.7	29.2257f	19.9014	4	1	1	0.0693069	0.0693069	9.90099e-09	9.90099e-09	0	0	0	0	0.790909	0.972588	0.265351	0.541401	0.896851	0.009901	0.108911	9.90099e-09	1	0.0984683	0.313907	0.666667	0.666667	1.5	1	1	85222.7	1e+20	4.84194e+09	86.9855	60.3803	65.9854	36.0046	29.2257	19.9014	
237000	-165214	-1234.55	-118439	-24674.9	0.185015	1	0.134461	14.8742	4.8994	0.000974828	19.8968	0.24159	9184	99	712	-49609.7	42.2345f	44.7949	4	1	1	0.0693069	0.0693069	9.90099e-09	9.90099e-09	0	0	0	0	0.881818	0.977124	0.272628	0.478571	0.905125	0.009901	0.108911	9.90099e-09	1	0.117519	0.259831	0.666667	0.666667	1.5	1	1	85222.7	1e+20	4.84194e+09	86.9855	60.3803	65.9854	36.0046	42.2345	44.7949	
238000	-163260	-1234.55	-116486	-24430.6	0.185542	1	0.128772	15.5313	4.70548	0.00578283	19.8968	0.26266	9039	99	689	-49609.7	53.0612f	73.0544	4	1	1	0.009901	0.0990099	9.90099e-09	9.90099e-09	0	0	0	0	0.863636	0.952381	0.254386	0.507042	0.904762	0.009901	0.108911	9.90099e-09	1	0.106312	0.285714	0.666667	0.666667	1.5	1	1	85222.7	1e+20	4.84194e+09	86.9855	60.3803	57.0196	63.6685	53.0612	73.0544	
239000	-162087	-1234.55	-115312	-24263.5	0.180488	1	0.128772	15.5313	4.42037	0.0240907	19.724	0.279602	8942	99	679	-49609.7	12.834f	17.8902	4	1	1	0.009901	0.0990099	9.90099e-09	9.90099e-09	0	0	0	0	0.890909	0.976536	0.236018	0.481752	0.911732	0.009901	0.108911	9.90099e-09	1	0.0872483	0.263473	0.666667	0.666667	1.5	1	1	85222.7	1e+20	4.84194e+09	86.9855	60.3803	45.7921	41.6171	12.834	17.8902	
240000	-161427	-1234.55	-114653	-24112.8	0.180488	1	0.134017	14.9235	4.81621	0.0183449	19.9513	0.246578	8854	99	707	-49609.7	7.30821f	48.5041	4	1	1	0.009901	0.0990099	0.039604	9.90099e-09	0	0	0	0	0.890909	0.96614	0.248588	0.517986	0.921171	0.009901	0.0594059	9.90099e-09	1	0.102709	0.302687	0.666667	0.666667	1.5	1	1	85222.7	1e+20	4.84194e+09	17.3233	11.3071	45.7921	41.6171	7.30821	48.5041	
241000	-163429	-1234.55	-116654	-24362.8	0.180488	1	0.138915	14.3973	4.99223	0.0179119	19.9513	0.229496	9000	99	742	-49609.7	56.9753f	8.33293	4	1	1	0.009901	0.0990099	0.039604	9.90099e-09	0	0	0	0	0.854545	0.967598	0.25864	0.474026	0.897207	0.009901	0.0594059	9.90099e-09	1	0.10838	0.315927	0.666667	0.666667	1.5	1	1	85222.7	1e+20	4.84194e+09	17.3233	11.3071	45.7921	41.6171	56.9753	8.33293	