
# before rand glnL: -32916.851381 alnL: -1338.703528
# ninter: 99
# ncoal: 99
# nhits: 99
# true lbda: 0.003336
# true mu: 0.301060
# true rad: 83.938818
# true sigsq: 62.652734
# true neigh. size: 6.643199
# fst-based estimate of neighborhood size: -nan
# nucleotide diversity: 0.000000
# length of a generation: 25256.1 time units
# clock rate: 1 subst. per time unit
# after rand glnL: -32916.851381 alnL: -1338.703528
# ninter: 99
# ncoal: 99
# nhits: 99
# start lbda: 0.003336
# start mu: 0.301060
# start rad: 7.921131
sample	lnP	alnL	glnL	tlnL	lbda	clock	mu	neigh	sigsq	sigsqobs	rad	rhoe	nInt	nCoal	nHit	rootTime	rootLon	rootLat	tstv	alpha	MeanBr	accLbda	accMu	accRad	accInDelDisk	accInDelHit	accScaleTime	accSPR	accSPRlocal	accPath	accIndelDiskSerial	accIndelHitSerial	accLdskGivenDisk	accDiskGivenLdsk	accDiskAndLdsk	accLdskMulti	accDiskMulti	accMoveDiskUD	accAddRemoveJump	accLdskTipToRoot	tuneLbda	tuneRad	tuneMu	tuneIndelDisk	tuneIndelHit	tuneLdskGivenDisk	tuneIndelDiskSerial	tuneIndelHitSerial	c0	c1	rootc0	rootc1	rootldsk0	rootldsk1	
  1000	-53727.5	-1338.7	-6848.8	-1814.8	0.0100221	1	0.134724	14.8452	0.260092	0.0149379	19.7869	4.54201	329	99	125	-29976	68.6024f	56.9974	4	1	1	0	0	0	0	0	0	0	0	0.945455	0.909774	0.406015	0.411765	0.624	0	0	0	1	0.166667	0.201681	1	1	1	1	1	1.5	25.6289	1.5	83.6716	2.76964	89.6074	73.2191	68.6024	56.9974	
  2000	-55407.9	-1338.7	-8529.15	-2309.3	0.0129784	1	0.151076	13.2384	0.377695	0.0342939	19.7869	2.78923	442	99	141	-29976	78.3689f	77.5494	4	1	1	0	0	0	0	0	0	0	0	0.945455	0.907692	0.284615	0.458716	0.689922	0	0	0	1	0.153846	0.217391	1	1	1	1	1	5.0625	1477.89	5.0625	78.1577	98.8639	89.6074	73.2191	78.3689	77.5494	
  3000	-57513.5	-1338.7	-10634.7	-2864.72	0.0169896	1	0.149125	13.4115	0.488043	0.0461648	19.7869	2.18681	578	99	170	-29976	94.8912f	39.6736	4	1	1	0	0	0	0	0	0	0	0	0.881818	0.930435	0.321739	0.521368	0.699115	0	0	0	1	0.224138	0.230769	1	1	1	1	1	17.0859	191751	129.746	78.1577	98.8639	66.459	67.7313	94.8912	39.6736	
  4000	-59441	-1338.7	-12562.3	-3379.98	0.0223753	1	0.148311	13.4852	0.63924	0.0158004	19.7869	1.67874	713	99	181	-29976	53.1031f	73.1619	4	1	1	0	0	0	0	0	0	0	0	0.881818	0.895105	0.264706	0.46789	0.714286	0	0	0	1	0.208333	0.183784	1	1	1	1	1	38.4434	1.88925e+08	3325.26	78.1577	98.8639	70.745	71.9465	53.1031	73.1619	
  5000	-61394.9	-1338.7	-14516.2	-3910.51	0.0287907	1	0.142999	13.9861	0.803107	0.0152293	19.8493	1.38584	859	99	190	-29976	43.481f	72.5031	4	1	1	0	0	0	0	0	0	0	0	0.927273	0.924419	0.242775	0.480769	0.72093	0	0	0	1	0.184971	0.168421	1	1	1	1	1	129.746	2.79211e+11	287627	78.1577	98.8639	70.745	71.9465	43.481	72.5031	
  6000	-63359.1	-1338.7	-16480.4	-4403.91	0.0328884	1	0.12817	15.6043	0.822274	0.0515223	19.8493	1.51014	1001	99	202	-29976	79.535f	91.8652	4	1	1	0	0.188119	0.049505	0	0	0	0	0	0.890909	0.930693	0.306931	0.601852	0.841584	0	0	0	1	0.128713	0.231884	1	0.666667	0.666667	1	1	437.894	2.75095e+14	2.83387e+08	78.1577	98.8639	87.7553	72.8932	79.535	91.8652	
  7000	-65641.9	-1338.7	-18763.2	-4836.22	0.0355656	1	0.143569	13.9306	0.971424	0.036113	19.7255	1.14117	1130	99	258	-29976	88.2378f	40.718	4	1	1	0.227723	0.188119	0.049505	0	0	0	0	0	0.881818	0.892857	0.247788	0.477064	0.734513	0	0.118812	0.0891089	1	0.232143	0.205426	0.666667	0.666667	0.666667	1	1	656.841	3.08732e+18	6.28224e+11	78.1577	98.8639	87.7553	72.8932	88.2378	40.718	
  8000	-66622.4	-1338.7	-19743.7	-5140.77	0.04326	1	0.155918	12.8273	1.25662	0.0101255	19.6224	0.812306	1224	99	242	-29976	56.1199f	40.9454	4	1	1	0.227723	0.188119	0.049505	0	0	0	0	0	0.863636	0.926829	0.373984	0.514563	0.774194	0	0.118812	0.0891089	1	0.129032	0.243802	0.666667	0.666667	0.666667	1	1	2216.84	1e+20	6.18965e+14	78.1577	98.8639	87.7553	72.8932	56.1199	40.9454	
  9000	-66408.2	-1338.7	-19529.4	-5081	0.0400651	1	0.136175	14.687	1.01645	0.0155165	19.6224	1.14984	1206	99	243	-29976	69.4834f	45.519	4	1	1	0.227723	0.188119	0.049505	0	0	0	0	0	0.881818	0.909836	0.286885	0.574257	0.827869	0	0.118812	0.0891089	1	0.138211	0.211618	0.666667	0.666667	0.666667	1	1	16834.1	1e+20	1.04197e+19	78.1577	98.8639	87.7553	72.8932	69.4834	45.519	
 10000	-68812.9	-1338.7	-21934.2	-5634.88	0.0427679	1	0.136551	14.6465	1.15607	0.0399672	19.9223	1.00818	1381	99	259	-29976	91.8455f	57.205	4	1	1	0.227723	0.188119	0.049505	0	0	0	0	0	0.863636	0.956204	0.28777	0.647059	0.798561	0	0.118812	0.0891089	1	0.176471	0.166023	0.666667	0.666667	0.666667	1	1	56815.1	1e+20	1e+20	65.3063	92.8072	87.7553	72.8932	91.8455	57.205	
 11000	-69084.3	-1338.7	-22205.6	-5717.25	0.0462043	1	0.143322	13.9546	1.31089	0.0445053	19.9223	0.847111	1409	99	254	-29976	90.742f	71.2596	4	1	1	0.227723	0.188119	0.049505	0.019802	0	0	0	0	0.872727	0.964286	0.248227	0.533333	0.841727	0	0.118812	0.0891089	1	0.201439	0.226563	0.666667	0.666667	0.666667	1	1	56815.1	1e+20	1e+20	79.145	58.6416	87.7553	72.8932	90.742	71.2596	
 12000	-69581	-1338.7	-22702.3	-5815.51	0.0463108	1	0.129994	15.3853	1.19173	0.0135998	19.9223	1.02735	1441	99	265	-29976	48.7658f	70.5936	4	1	1	0.148515	0.188119	0.049505	0.019802	0	0	0	0	0.9	0.924138	0.267606	0.482143	0.780142	0	0.118812	0.0891089	1	0.244755	0.184906	0.666667	0.666667	0.666667	1	1	56815.1	1e+20	1e+20	79.145	58.6416	87.7553	72.8932	48.7658	70.5936	
 13000	-70552.2	-1338.7	-23673.5	-6082.19	0.0501436	1	0.12511	15.986	1.24188	0.0417064	19.9223	1.02436	1530	99	252	-29976	92.6966f	59.2485	4	1	1	0.148515	0.306931	0.049505	0.019802	0	0	0	0	0.9	0.934641	0.282895	0.571429	0.772414	0	0.118812	0.0891089	1	0.142857	0.197628	0.666667	0.666667	0.666667	1	1	56815.1	1e+20	1e+20	79.145	58.6416	87.7553	72.8932	92.6966	59.2485	
 14000	-73030.5	-1338.7	-26151.8	-6548.12	0.0543208	1	0.128468	15.5681	1.38144	0.00943126	19.9223	0.896796	1689	99	296	-29976	57.2229f	57.7468	4	1	1	0.148515	0.306931	0.049505	0.019802	0	0	0	0	0.872727	0.940828	0.301775	0.548673	0.810651	9.90099e-09	0.108911	9.90099e-09	1	0.177515	0.209459	0.666667	0.666667	0.666667	1	1	56815.1	1e+20	1e+20	79.145	58.6416	87.7553	72.8932	57.2229	57.7468	
 15000	-73007.2	-1338.7	-26128.5	-6598.84	0.057714	1	0.12989	15.3977	1.50173	0.014527	19.9816	0.815935	1707	99	280	-29976	27.8045f	46.0242	4	1	1	0.148515	0.306931	0.049505	0.019802	0	0	0	0	0.818182	0.964497	0.266272	0.512195	0.852071	9.90099e-09	0.108911	9.90099e-09	1	0.153846	0.168459	0.666667	0.666667	0.666667	1	1	56815.1	1e+20	1e+20	79.145	58.6416	25.0601	45.1611	27.8045	46.0242	
 16000	-74476.9	-1338.7	-27598.2	-6826.22	0.0588905	1	0.154502	12.9448	1.66203	0.0209187	19.5259	0.619792	1787	99	329	-29976	53.4141f	23.084	4	1	1	0.148515	0.306931	0.049505	0.019802	0	0	0	0	0.827273	0.938202	0.27933	0.680328	0.810056	9.90099e-09	0.108911	9.90099e-09	1	0.212291	0.18239	0.666667	0.666667	0.666667	1	1	56815.1	1e+20	1e+20	62.7785	90.0244	25.0601	45.1611	53.4141	23.084	
 17000	-75091.6	-1338.7	-28212.9	-6969.32	0.0605522	1	0.139885	14.2974	1.53053	0.0158608	19.473	0.743371	1838	99	325	-29976	31.1855f	66.3657	4	1	1	0.128713	0.306931	0.039604	0.019802	0	0	0	0	0.863636	0.956522	0.322404	0.512	0.785714	9.90099e-09	0.108911	9.90099e-09	1	0.222826	0.196923	0.666667	0.666667	0.666667	1	1	56815.1	1e+20	1e+20	87.4211	47.3592	25.0601	45.1611	31.1855	66.3657	
 18000	-75837.1	-1338.7	-28958.4	-7102.57	0.0627844	1	0.14814	13.5008	1.84667	0.0417689	19.9372	0.581781	1886	99	345	-29976	11.4847f	78.2484	4	1	1	0.128713	0.306931	0.039604	0.019802	0	0	0	0	0.818182	0.926316	0.285714	0.457143	0.840426	9.90099e-09	0.108911	9.90099e-09	1	0.164021	0.172515	0.666667	0.666667	0.666667	1	1	56815.1	1e+20	1e+20	87.4211	47.3592	25.0601	45.1611	11.4847	78.2484	
 19000	-76455	-1338.7	-29576.3	-7300.89	0.0668615	1	0.141813	14.1031	1.8826	0.0334853	19.9372	0.596136	1958	99	314	-29976	24.7084f	19.0872	4	1	1	0.128713	0.306931	0.039604	0.019802	0	0	0	0	0.836364	0.938776	0.265306	0.568627	0.872449	9.90099e-09	0.108911	9.90099e-09	1	0.0969388	0.231746	0.666667	0.666667	0.666667	1	1	56815.1	1e+20	1e+20	87.4211	47.3592	41.5426	35.3541	24.7084	19.0872	
 20000	-77178.7	-1338.7	-30299.9	-7379.9	0.06463	1	0.149715	13.3588	1.80484	0.0153298	19.6283	0.589003	1987	99	353	-29976	41.3738f	72.0904	4	1	1	0.128713	0.19802	0.039604	0.019802	0	0	0	0	0.8	0.954545	0.282828	0.490741	0.788945	9.90099e-09	0.108911	9.90099e-09	1	0.10101	0.176812	0.666667	0.666667	0.666667	1	1	56815.1	1e+20	1e+20	87.4211	47.3592	88.2512	48.5256	41.3738	72.0904	
 21000	-77469.9	-1338.7	-30591.2	-7544.01	0.0675336	1	0.153346	13.0424	1.22622	0.0256134	17.5203	0.846405	2048	99	323	-29976	79.9399f	42.2992	4	1	1	0.128713	0.19802	0.039604	9.90099e-09	0	0	0	0	0.790909	0.946078	0.229268	0.542636	0.858537	9.90099e-09	0.128713	9.90099e-09	1	0.121951	0.173375	0.666667	0.666667	0.666667	1	1	56815.1	1e+20	1e+20	87.4211	47.3592	88.2512	48.5256	79.9399	42.2992	
 22000	-79061.2	-1338.7	-32182.5	-7791.5	0.0706261	1	0.169774	11.7803	1.41976	0.0273319	17.5203	0.660289	2141	99	369	-29976	77.6905f	33.2634	4	1	1	0.128713	0.19802	0.039604	9.90099e-09	0	0	0	0	0.754545	0.929245	0.224299	0.481481	0.827103	9.90099e-09	0.128713	9.90099e-09	1	0.14486	0.151934	0.666667	0.666667	0.666667	1	1	56815.1	1e+20	1e+20	87.4211	47.3592	88.2512	48.5256	77.6905	33.2634	
 23000	-78353.5	-1338.7	-31474.8	-7711.99	0.0706261	1	0.176221	11.3494	1.47042	0.0269238	17.5106	0.614217	2111	99	335	-29976	81.997f	46.5373	4	1	1	0.128713	0.19802	0.0891089	9.90099e-09	0	0	0	0	0.781818	0.909524	0.227488	0.509615	0.809524	9.90099e-09	0.128713	9.90099e-09	1	0.128571	0.155224	0.666667	0.666667	0.666667	1	1	56815.1	1e+20	1e+20	87.4211	47.3592	88.2512	48.5256	81.997	46.5373	
 24000	-80083.1	-1338.7	-33204.4	-7936.1	0.0720998	1	0.183043	10.9264	1.70372	0.0198612	17.903	0.510351	2196	99	402	-29976	74.3783f	58.7646	4	1	1	0.0891089	0.19802	0.0891089	9.90099e-09	0	0	0	0	0.818182	0.936073	0.242009	0.556522	0.795455	9.90099e-09	0.128713	9.90099e-09	1	0.109091	0.166227	0.666667	0.666667	0.666667	1	1	56815.1	1e+20	1e+20	87.4211	47.3592	88.2512	48.5256	74.3783	58.7646	
 25000	-79870	-1338.7	-32991.3	-8001.13	0.0733515	1	0.17064	11.7206	1.61585	0.00778089	17.903	0.577217	2221	99	351	-29976	45.9371f	56.1924	4	1	1	0.0891089	0.217822	0.0891089	9.90099e-09	0	0	0	0	0.763636	0.914027	0.208145	0.473214	0.830357	9.90099e-09	0.128713	9.90099e-09	1	0.151786	0.198251	0.666667	0.666667	0.666667	1	1	56815.1	1e+20	1e+20	87.4211	47.3592	88.2512	48.5256	45.9371	56.1924	
 26000	-79839.3	-1338.7	-32960.6	-7988.14	0.0731155	1	0.1674	11.9474	1.40863	0.0167779	17.3962	0.674945	2216	99	353	-29976	70.475f	43.168	4	1	1	0.0891089	0.217822	0.0891089	9.90099e-09	0	0	0	0	0.809091	0.936652	0.271493	0.424242	0.841629	0.009901	0.128713	9.90099e-09	1	0.13964	0.190341	0.666667	0.666667	0.666667	1	1	56815.1	1e+20	1e+20	75.966	84.6144	88.2512	48.5256	70.475	43.168	
 27000	-78716.4	-1338.7	-31837.7	-7836.42	0.0731155	1	0.147703	13.5407	1.24289	0.0441159	17.3962	0.866959	2158	99	315	-29976	94.9834f	51.7055	4	1	1	0.0891089	0.217822	0.0891089	9.90099e-09	0	0	0	0	0.8	0.949309	0.184332	0.52381	0.815668	0.009901	0.128713	9.90099e-09	1	0.157407	0.13522	0.666667	0.666667	0.666667	1	1	56815.1	1e+20	1e+20	75.966	84.6144	88.2512	48.5256	94.9834	51.7055	
 28000	-81710.6	-1338.7	-34831.9	-8441.57	0.0766153	1	0.147703	13.5407	1.35351	0.0431772	17.5645	0.796102	2392	99	336	-29976	89.5394f	30.5148	4	1	1	0.0891089	0.217822	0.0891089	9.90099e-09	0	0	0	0	0.781818	0.945833	0.166667	0.495238	0.854167	0.009901	0.0792079	9.90099e-09	1	0.154167	0.145401	0.666667	0.666667	0.666667	1	1	56815.1	1e+20	1e+20	87.5729	88.3946	88.2512	48.5256	89.5394	30.5148	
 29000	-82516.2	-1338.7	-35637.5	-8553	0.0808956	1	0.153426	13.0356	1.4845	0.044514	17.5645	0.698782	2437	99	359	-29976	91.2711f	32.2004	4	1	1	0.0891089	0.217822	0.0594059	9.90099e-09	0	0	0	0	0.827273	0.926531	0.213115	0.388889	0.803279	0.009901	0.0792079	9.90099e-09	1	0.159836	0.139276	0.666667	0.666667	0.666667	1	1	56815.1	1e+20	1e+20	75.8661	74.2485	88.2512	48.5256	91.2711	32.2004	
 30000	-82186.7	-1338.7	-35308	-8487.89	0.0817303	1	0.15211	13.1484	1.42905	0.0278705	17.391	0.732176	2411	99	358	-29976	69.7893f	78.7069	4	1	1	0.0693069	0.217822	0.0594059	9.90099e-09	0	0	0	0	0.827273	0.917695	0.213115	0.5	0.847737	0.009901	0.0792079	9.90099e-09	1	0.169421	0.15873	0.666667	0.666667	0.666667	1	1	56815.1	1e+20	1e+20	75.8661	74.2485	88.2512	48.5256	69.7893	78.7069	
 31000	-83053.7	-1338.7	-36175	-8613.13	0.0826147	1	0.160126	12.4902	1.55704	0.0516287	17.4941	0.638352	2461	99	384	-29976	99.4191f	47.3845	4	1	1	0.0693069	0.217822	0.0594059	9.90099e-09	0	0	0	0	0.827273	0.930894	0.216327	0.495575	0.804082	0.009901	0.0792079	9.90099e-09	1	0.105263	0.164894	0.666667	0.666667	0.666667	1	1	56815.1	1e+20	1e+20	75.8661	74.2485	88.2512	48.5256	99.4191	47.3845	
 32000	-83710	-1338.7	-36831.3	-8830.07	0.0826147	1	0.142712	14.0143	1.3877	0.0141841	17.4941	0.803645	2548	99	348	-29976	67.7621f	55.9366	4	1	1	0.0693069	0.188119	0.0594059	9.90099e-09	0	0	0	0	0.827273	0.940945	0.193676	0.475248	0.869565	0.009901	0.0792079	9.90099e-09	1	0.11336	0.115727	0.666667	0.666667	0.666667	1	1	56815.1	1e+20	1e+20	75.8661	74.2485	88.2512	48.5256	67.7621	55.9366	
 33000	-83546.5	-1338.7	-36667.8	-8757.44	0.0835172	1	0.137492	14.5463	1.38302	0.0256918	17.5951	0.836978	2519	99	363	-29976	58.8912f	82.5348	4	1	1	0.0693069	0.188119	0.0594059	9.90099e-09	0	0	0	0	0.781818	0.940711	0.238095	0.440367	0.813492	0.009901	0.0792079	9.90099e-09	1	0.177866	0.139665	0.666667	0.666667	0.666667	1	1	56815.1	1e+20	1e+20	50.4722	95.0047	88.2512	48.5256	58.8912	82.5348	
 34000	-83430.1	-1338.7	-36551.4	-8752.46	0.0836183	1	0.141658	14.1185	1.28152	0.0385006	17.1294	0.876706	2517	99	357	-29976	90.8005f	44.8901	4	1	1	0.0693069	0.188119	0.0594059	9.90099e-09	0	0	0	0	0.827273	0.948207	0.223108	0.477477	0.848606	0.009901	0.0792079	9.90099e-09	1	0.119522	0.17027	0.666667	0.666667	0.666667	1	1	56815.1	1e+20	1e+20	75.8661	74.2485	88.2512	48.5256	90.8005	44.8901	
 35000	-84306.9	-1338.7	-37428.2	-8944.98	0.0848646	1	0.133507	14.9805	1.7287	0.0140113	18.6668	0.689601	2595	99	349	-29976	68.0697f	51.6615	4	1	1	0.0594059	0.188119	0.0792079	9.90099e-09	0	0	0	0	0.745455	0.934615	0.207692	0.531532	0.846154	0.009901	0.0792079	9.90099e-09	1	0.138462	0.189112	0.666667	0.666667	0.666667	1	1	56815.1	1e+20	1e+20	75.8661	74.2485	91.8601	44.9446	68.0697	51.6615	
 36000	-85907.4	-1338.7	-39028.7	-9158.56	0.0907138	1	0.142418	14.0432	1.97118	0.0427017	18.6668	0.566929	2683	99	396	-29976	88.3121f	28.8396	4	1	1	0.0594059	0.188119	0.0792079	9.90099e-09	0	0	0	0	0.8	0.923077	0.216117	0.557377	0.825279	0.009901	0.0792079	9.90099e-09	1	0.139194	0.187342	0.666667	0.666667	0.666667	1	1	56815.1	1e+20	1e+20	79.7251	64.0108	91.8601	44.9446	88.3121	28.8396	
 37000	-87051.3	-1338.7	-40172.6	-9326.56	0.0907138	1	0.14999	13.3342	2.15302	0.0364311	18.8376	0.492845	2753	99	426	-29976	85.8191f	33.3556	4	1	1	0.0594059	0.237624	0.0792079	9.90099e-09	0	0	0	0	0.8	0.931655	0.205036	0.488189	0.825623	0.009901	0.0792079	9.90099e-09	1	0.136691	0.180751	0.666667	0.666667	0.666667	1	1	56815.1	1e+20	1e+20	87.0412	83.2527	91.8601	44.9446	85.8191	33.3556	
 38000	-87218.7	-1338.7	-40340	-9324.04	0.0924907	1	0.149648	13.3647	2.19019	0.053136	18.8376	0.485586	2752	99	440	-29976	91.388f	21.7258	4	1	1	0.0594059	0.237624	0.0792079	9.90099e-09	0	0	0	0	0.827273	0.930909	0.254545	0.5625	0.824176	9.90099e-09	0.0792079	9.90099e-09	1	0.141304	0.191142	0.666667	0.666667	0.666667	1	1	56815.1	1e+20	1e+20	87.0412	83.2527	91.8601	44.9446	91.388	21.7258	
 39000	-86399.3	-1338.7	-39520.6	-9209.77	0.0924907	1	0.156757	12.7586	1.65218	0.032649	17.3532	0.614518	2704	99	426	-29976	86.7697f	47.0026	4	1	1	0.0594059	0.237624	0.0792079	9.90099e-09	0	0	0	0	0.690909	0.922794	0.199262	0.484127	0.837638	9.90099e-09	0.0792079	9.90099e-09	1	0.102941	0.160099	0.666667	0.666667	0.666667	1	1	56815.1	1e+20	1e+20	87.0412	83.2527	91.8601	44.9446	86.7697	47.0026	
 40000	-87684.5	-1338.7	-40805.8	-9393.08	0.0924907	1	0.15552	12.8601	1.83102	0.0354568	17.8402	0.558908	2781	99	459	-29976	89.0168f	53.6572	4	1	1	0.0594059	0.237624	0.0792079	9.90099e-09	0	0	0	0	0.854545	0.931655	0.259928	0.550725	0.815217	9.90099e-09	0.0792079	9.90099e-09	1	0.0724638	0.159389	0.666667	0.666667	0.666667	1	1	56815.1	1e+20	1e+20	87.0412	83.2527	91.8601	44.9446	89.0168	53.6572	
 41000	-86866.8	-1338.7	-39988.1	-9419.33	0.094041	1	0.132961	15.0421	1.60708	0.026742	17.8833	0.744835	2792	99	373	-29976	77.8265f	34.5222	4	1	1	0.0594059	0.237624	0.0891089	9.90099e-09	0	0	0	0	0.854545	0.938849	0.236559	0.556522	0.835714	9.90099e-09	0.0792079	9.90099e-09	1	0.132143	0.168901	0.666667	0.666667	0.666667	1	1	56815.1	1e+20	1e+20	98.9232	48.8703	91.8601	44.9446	77.8265	34.5222	
 42000	-84274.4	-1338.7	-37395.7	-8937.82	0.0884826	1	0.122178	16.3695	1.40692	0.0328755	17.9392	0.925887	2592	99	346	-29976	87.142f	52.4986	4	1	1	0.0594059	0.237624	0.0891089	9.90099e-09	0	0	0	0	0.745455	0.96139	0.215385	0.533333	0.849421	9.90099e-09	0.0693069	9.90099e-09	1	0.0923077	0.179641	0.666667	0.666667	0.666667	1	1	56815.1	1e+20	1e+20	95.387	85.3365	91.8601	44.9446	87.142	52.4986	
 43000	-86097.2	-1338.7	-39218.5	-9269.95	0.0865381	1	0.124996	16.0006	1.77728	0.0713123	19.0156	0.716423	2728	99	366	-29976	85.0829f	1.52405	4	1	1	0.0594059	0.217822	0.0891089	9.90099e-09	0	0	0	0	0.727273	0.963899	0.267399	0.575221	0.852941	9.90099e-09	0.0693069	9.90099e-09	1	0.142857	0.163102	0.666667	0.666667	0.666667	1	1	56815.1	1e+20	1e+20	98.9232	48.8703	91.8601	44.9446	85.0829	1.52405	
 44000	-87544.7	-1338.7	-40666	-9447.69	0.0930898	1	0.135795	14.7281	2.18871	0.0414066	19.2663	0.535487	2804	99	411	-29976	93.0668f	54.9375	4	1	1	0.0594059	0.217822	0.0891089	9.90099e-09	0	0	0	0	0.827273	0.935943	0.232975	0.541667	0.839858	9.90099e-09	0.0693069	9.90099e-09	1	0.160142	0.146835	0.666667	0.666667	0.666667	1	1	56815.1	1e+20	1e+20	6.61244	54.5447	91.8601	44.9446	93.0668	54.9375	
 45000	-88701.7	-1338.7	-41823	-9636.43	0.0977217	1	0.138931	14.3957	2.40327	0.0319516	19.3732	0.476672	2884	99	430	-29976	84.7009f	39.6837	4	1	1	0.0594059	0.217822	0.0891089	9.90099e-09	0	0	0	0	0.745455	0.961672	0.262976	0.5625	0.883392	9.90099e-09	0.0693069	9.90099e-09	1	0.145329	0.198565	0.666667	0.666667	0.666667	1	1	56815.1	1e+20	1e+20	99.85	68.3304	91.8601	44.9446	84.7009	39.6837	
 46000	-89478.2	-1338.7	-42599.5	-9803.87	0.0977217	1	0.141345	14.1498	2.47721	0.0117395	19.4366	0.454546	2956	99	428	-29976	60.3712f	61.824	4	1	1	0.0594059	0.217822	0.0891089	9.90099e-09	0	0	0	0	0.718182	0.939394	0.277966	0.496183	0.841216	9.90099e-09	0.0693069	9.90099e-09	1	0.131757	0.190255	0.666667	0.666667	0.666667	1	1	56815.1	1e+20	1e+20	91.7548	59.1169	91.8601	44.9446	60.3712	61.824	
 47000	-90177.3	-1338.7	-43298.6	-9907.87	0.0989198	1	0.136917	14.6074	2.64143	0.0214113	19.8483	0.440074	3001	99	446	-29976	76.9167f	47.9166	4	1	1	0.0594059	0.217822	0.0891089	9.90099e-09	0	0	0	0	0.8	0.956954	0.242525	0.620438	0.833887	9.90099e-09	0.0693069	9.90099e-09	1	0.149502	0.186099	0.666667	0.666667	0.666667	1	1	56815.1	1e+20	1e+20	91.7548	59.1169	91.8601	44.9446	76.9167	47.9166	
 48000	-89238.3	-1338.7	-42359.6	-9789.89	0.0989198	1	0.133511	14.9801	2.32894	0.0567844	19.3547	0.511854	2950	99	412	-29976	85.6818f	11.8174	4	1	1	0.128713	0.217822	0.0891089	9.90099e-09	0	0	0	0	0.718182	0.952703	0.247458	0.53125	0.858108	9.90099e-09	0.128713	9.90099e-09	1	0.141892	0.203883	0.666667	0.666667	0.666667	1	1	56815.1	1e+20	1e+20	91.7548	59.1169	91.8601	44.9446	85.6818	11.8174	
 49000	-88422.1	-1338.7	-41543.4	-9648.6	0.0986936	1	0.126558	15.803	2.20261	0.0151989	19.3547	0.570941	2889	99	404	-29976	40.0032f	30.8946	4	1	1	0.128713	0.247525	0.108911	9.90099e-09	0	0	0	0	0.763636	0.937282	0.243056	0.552632	0.821053	9.90099e-09	0.128713	9.90099e-09	1	0.121528	0.171504	0.666667	0.666667	0.666667	1	1	56815.1	1e+20	1e+20	91.7548	59.1169	91.8601	44.9446	40.0032	30.8946	
 50000	-89469.9	-1338.7	-42591.2	-9840.89	0.100023	1	0.130352	15.3431	2.29918	0.0196456	19.3547	0.531046	2972	99	409	-29976	73.3321f	61.1089	4	1	1	0.128713	0.247525	0.108911	9.90099e-09	0	0	0	0	0.845455	0.923077	0.268456	0.511628	0.83557	0.009901	0.128713	9.90099e-09	1	0.184564	0.181384	0.666667	0.666667	0.666667	1	1	56815.1	1e+20	1e+20	91.7548	59.1169	91.8601	44.9446	73.3321	61.1089	
 51000	-90798.2	-1338.7	-43919.5	-10072.4	0.0970425	1	0.112824	17.7267	1.93073	0.0313536	19.3547	0.730627	3071	99	424	-29976	73.5963f	23.0906	4	1	1	0.128713	0.247525	0.108911	9.90099e-09	0	0	0	0	0.781818	0.977199	0.245098	0.4375	0.853896	0.009901	0.128713	9.90099e-09	1	0.107143	0.179177	0.666667	0.666667	0.666667	1	1	56815.1	1e+20	1e+20	91.7548	59.1169	78.969	43.2828	73.5963	23.0906	
 52000	-91227	-1338.7	-44348.3	-10131.8	0.102194	1	0.120072	16.6566	2.19534	0.0244109	19.4248	0.603775	3099	99	433	-29976	78.2346f	40.5546	4	1	1	0.128713	0.247525	0.108911	9.90099e-09	0	0	0	0	0.672727	0.94822	0.24026	0.5	0.881967	0.009901	0.128713	9.90099e-09	1	0.135484	0.181818	0.666667	0.666667	0.666667	1	1	56815.1	1e+20	1e+20	91.7548	59.1169	78.969	43.2828	78.2346	40.5546	
 53000	-93691.9	-1338.7	-46813.2	-10574.8	0.1094	1	0.116994	17.0949	2.35386	0.0110975	19.5591	0.577932	3297	99	446	-29976	61.8609f	45.1315	4	1	1	0.128713	0.247525	0.108911	9.90099e-09	0	0	0	0	0.745455	0.939759	0.244713	0.533333	0.858434	0.009901	0.128713	9.90099e-09	1	0.154545	0.18552	0.666667	0.666667	0.666667	1	1	56815.1	1e+20	1e+20	97.9185	82.849	78.969	43.2828	61.8609	45.1315	
 54000	-93916	-1338.7	-47037.3	-10663.4	0.109257	1	0.116994	17.0949	2.14532	0.0125591	19.1169	0.634112	3337	99	428	-29976	65.3461f	55.0427	4	1	1	0.0792079	0.247525	0.049505	9.90099e-09	0	0	0	0	0.736364	0.943114	0.283582	0.472868	0.886228	0.009901	0.128713	9.90099e-09	1	0.140719	0.199052	0.666667	0.666667	0.666667	1	1	56815.1	1e+20	1e+20	97.9185	82.849	78.969	43.2828	65.3461	55.0427	
 55000	-93633.2	-1338.7	-46754.5	-10605.7	0.11133	1	0.114783	17.4242	2.14472	0.0299562	19.1169	0.646504	3311	99	427	-29976	84.2869f	57.647	4	1	1	0.0792079	0.247525	0.049505	9.90099e-09	0	0	0	0	0.727273	0.969697	0.262048	0.537879	0.858434	0.009901	0.128713	9.90099e-09	1	0.125749	0.167849	0.666667	0.666667	0.666667	1	1	56815.1	1e+20	1e+20	97.9185	82.849	78.969	43.2828	84.2869	57.647	
 56000	-95073.6	-1338.7	-48194.9	-10824.4	0.113735	1	0.117456	17.0277	2.45382	0.0358784	19.5531	0.552207	3411	99	453	-29976	88.7504f	43.8512	4	1	1	0.0792079	0.188119	0.049505	9.90099e-09	0	0	0	0	0.854545	0.943953	0.217647	0.523438	0.855882	0.009901	0.128713	9.90099e-09	1	0.134897	0.157175	0.666667	0.666667	0.666667	1	1	56815.1	1e+20	1e+20	97.9185	82.849	78.969	43.2828	88.7504	43.8512	
 57000	-94065.1	-1338.7	-47186.4	-10659.2	0.113735	1	0.118287	16.9081	2.47118	0.0426435	19.5531	0.544478	3335	99	443	-29976	93.9601f	48.4796	4	1	1	0.0792079	0.188119	0.049505	9.90099e-09	0	0	0	0	0.754545	0.966867	0.256798	0.571429	0.841317	0.009901	0.128713	9.90099e-09	1	0.128743	0.173709	0.666667	0.666667	0.666667	1	1	56815.1	1e+20	1e+20	97.9185	82.849	78.969	43.2828	93.9601	48.4796	
 58000	-94281.6	-1338.7	-47402.9	-10731.9	0.10935	1	0.120397	16.6117	2.19032	0.0168709	19.075	0.603525	3368	99	429	-29976	69.0372f	39.6684	4	1	1	0.0792079	0.188119	0.049505	9.90099e-09	0	0	0	0	0.745455	0.946746	0.227811	0.489051	0.852507	0.009901	0.128713	9.90099e-09	1	0.150888	0.231293	0.666667	0.666667	0.666667	1	1	56815.1	1e+20	1e+20	97.9185	82.849	78.969	43.2828	69.0372	39.6684	
 59000	-94692.6	-1338.7	-47813.9	-10663.4	0.113498	1	0.136087	14.6965	2.56418	0.020389	19.0649	0.456096	3337	99	500	-29976	73.3432f	63.1166	4	1	1	0.0792079	0.188119	0.049505	9.90099e-09	0	0	0	0	0.763636	0.927711	0.251497	0.554455	0.834835	0.009901	0.128713	9.90099e-09	1	0.152695	0.224532	0.666667	0.666667	0.666667	1	1	56815.1	1e+20	1e+20	97.9185	82.849	78.969	43.2828	73.3432	63.1166	
 60000	-96041.9	-1338.7	-49163.2	-10965.9	0.113498	1	0.132006	15.1508	1.98357	0.00895636	18.0162	0.607825	3476	99	481	-29976	57.8565f	49.4508	4	1	1	0.0792079	0.188119	0.049505	9.90099e-09	0	0	0	0	0.763636	0.945559	0.215517	0.485507	0.842407	0.009901	0.128713	9.90099e-09	1	0.149425	0.161765	0.666667	0.666667	0.666667	1	1	56815.1	1e+20	1e+20	97.9185	82.849	47.5914	49.0799	57.8565	49.4508	
 61000	-96235.1	-1338.7	-49356.4	-11016.9	0.115523	1	0.124702	16.0383	2.00511	0.0265017	18.243	0.636515	3500	99	476	-29976	22.8014f	28.4133	4	1	1	0.118812	0.188119	0.0891089	9.90099e-09	0	0	0	0	0.727273	0.925287	0.21875	0.538462	0.876437	0.009901	0.128713	9.90099e-09	1	0.131054	0.14916	0.666667	0.666667	0.666667	1	1	56815.1	1e+20	1e+20	84.2617	94.5077	47.5914	49.0799	22.8014	28.4133	
 62000	-96453.2	-1338.7	-49574.5	-11151.9	0.120711	1	0.114287	17.4998	2.14678	0.0153266	18.759	0.648689	3563	99	427	-29976	29.6799f	63.2568	4	1	1	0.118812	0.128713	0.0891089	9.90099e-09	0	0	0	0	0.827273	0.955556	0.223757	0.514493	0.853107	0.009901	0.128713	9.90099e-09	1	0.0939227	0.221007	0.666667	0.666667	0.666667	1	1	56815.1	1e+20	1e+20	84.2617	94.5077	47.5914	49.0799	29.6799	63.2568	
 63000	-97659.5	-1338.7	-50780.8	-11369.9	0.124432	1	0.114065	17.5339	2.1943	0.0199141	18.7284	0.635876	3666	99	424	-29976	30.8166f	29.6631	4	1	1	0.118812	0.128713	0.0891089	9.90099e-09	0	0	0	0	0.772727	0.970109	0.247956	0.53125	0.847594	0.009901	0.128713	9.90099e-09	1	0.13079	0.188095	0.666667	0.666667	0.666667	1	1	56815.1	1e+20	1e+20	84.2617	94.5077	47.5914	49.0799	30.8166	29.6631	
 64000	-99123.4	-1338.7	-52244.7	-11578.3	0.124541	1	0.112347	17.8019	2.27658	0.0311447	18.9692	0.622263	3766	99	457	-29976	21.8664f	78.4947	4	1	1	0.118812	0.128713	0.0891089	9.90099e-09	0	0	0	0	0.790909	0.960212	0.211082	0.544118	0.893899	0.009901	0.128713	9.90099e-09	1	0.122016	0.190871	0.666667	0.666667	0.666667	1	1	56815.1	1e+20	1e+20	84.2617	94.5077	12.8823	36.9389	21.8664	78.4947	
 65000	-96913.5	-1338.7	-50034.8	-11211.3	0.12137	1	0.113176	17.6716	2.23499	0.0221029	18.9692	0.629202	3591	99	439	-29976	26.8253f	30.1778	4	1	1	0.118812	0.128713	0.0891089	9.90099e-09	0	0	0	0	0.781818	0.931129	0.214876	0.5	0.871233	0.009901	0.128713	9.90099e-09	1	0.123967	0.175399	0.666667	0.666667	0.666667	1	1	56815.1	1e+20	1e+20	67.0418	84.2386	12.8823	36.9389	26.8253	30.1778	
 66000	-97956.5	-1338.7	-51077.8	-11287.2	0.1209	1	0.128513	15.5626	2.44636	0.0161465	18.8141	0.506234	3627	99	492	-29976	54.1814f	73.356	4	1	1	0.118812	0.128713	0.0693069	9.90099e-09	0	0	0	0	0.763636	0.961538	0.214876	0.554795	0.870879	0.009901	0.128713	9.90099e-09	1	0.148352	0.161426	0.666667	0.666667	0.666667	1	1	56815.1	1e+20	1e+20	67.0418	84.2386	12.8823	36.9389	54.1814	73.356	
 67000	-96479.4	-1338.7	-49600.7	-11075.9	0.1209	1	0.119407	16.7494	2.52205	0.0431252	19.3095	0.528488	3527	99	465	-29976	5.62542f	69.9477	4	1	1	0.118812	0.128713	0.0693069	9.90099e-09	0	0	0	0	0.781818	0.9375	0.258523	0.560284	0.872159	0.009901	0.128713	9.90099e-09	1	0.107042	0.150538	0.666667	0.666667	0.666667	1	1	56815.1	1e+20	1e+20	81.0858	75.1057	12.8823	36.9389	5.62542	69.9477	
 68000	-98327.2	-1338.7	-51448.5	-11299.9	0.1209	1	0.126705	15.7847	2.67619	0.0792878	19.3095	0.469364	3633	99	523	-29976	3.08247f	3.20348	4	1	1	0.0594059	0.267327	0.0693069	9.90099e-09	0	0	0	0	0.781818	0.958678	0.267218	0.53271	0.840541	0.009901	0.128713	9.90099e-09	1	0.176309	0.201869	0.666667	0.666667	0.666667	1	1	56815.1	1e+20	1e+20	67.0418	84.2386	11.6659	39.7989	3.08247	3.20348	
 69000	-96523.3	-1338.7	-49644.6	-11143.6	0.121011	1	0.109557	18.2553	2.44073	0.0178851	19.5642	0.595193	3559	99	432	-29976	23.9081f	43.731	4	1	1	0.0594059	0.267327	0.0693069	9.90099e-09	0	0	0	0	0.772727	0.935754	0.226891	0.577465	0.883008	0.009901	0.128713	9.90099e-09	1	0.131285	0.206009	0.666667	0.666667	0.666667	1	1	56815.1	1e+20	1e+20	67.0418	84.2386	11.6659	39.7989	23.9081	43.731	
 70000	-95364	-1338.7	-48485.3	-10990.9	0.116094	1	0.114858	17.4129	2.43548	0.0333782	19.5255	0.568951	3488	99	402	-29976	13.3931f	32.0024	4	1	1	0.0594059	0.267327	0.0693069	9.90099e-09	0	0	0	0	0.727273	0.962751	0.225714	0.536585	0.885387	0.009901	0.128713	9.90099e-09	1	0.0890805	0.19403	0.666667	0.666667	0.666667	1	1	56815.1	1e+20	1e+20	95.0422	86.7013	11.6659	39.7989	13.3931	32.0024	
 71000	-97834.5	-1338.7	-50955.8	-11325.4	0.123092	1	0.108498	18.4336	2.45035	0.0255492	19.5475	0.598649	3645	99	461	-29976	25.8193f	26.5979	4	1	1	0.0594059	0.267327	0.0693069	9.90099e-09	0	0	0	0	0.790909	0.967302	0.221918	0.496552	0.873973	0.009901	0.128713	9.90099e-09	1	0.10411	0.194861	0.666667	0.666667	0.666667	1	1	56815.1	1e+20	1e+20	95.0422	86.7013	11.6659	39.7989	25.8193	26.5979	
 72000	-98306.6	-1338.7	-51427.9	-11414.1	0.120706	1	0.109615	18.2456	2.42761	0.045209	19.5475	0.598094	3687	99	458	-29976	3.35445f	34.4051	4	1	1	0.0594059	0.267327	0.0693069	9.90099e-09	0	0	0	0	0.781818	0.934426	0.214674	0.447552	0.867209	0.009901	0.128713	9.90099e-09	1	0.138587	0.182844	0.666667	0.666667	0.666667	1	1	56815.1	1e+20	1e+20	95.0422	86.7013	11.6659	39.7989	3.35445	34.4051	
 73000	-97500.8	-1338.7	-50622.1	-11257.6	0.120666	1	0.112895	17.7156	2.49941	0.0424522	19.5475	0.564039	3613	99	463	-29976	27.3475f	92.1642	4	1	1	0.0792079	0.267327	0.0693069	9.90099e-09	0	0	0	0	0.8	0.944598	0.257618	0.529851	0.85	0.009901	0.0693069	9.90099e-09	1	0.124309	0.222477	0.666667	0.666667	0.666667	1	1	56815.1	1e+20	1e+20	95.0422	86.7013	32.528	57.1814	27.3475	92.1642	
 74000	-97567.9	-1338.7	-50689.2	-11181.3	0.119558	1	0.109661	18.238	2.47978	0.0258037	19.6967	0.585267	3577	99	502	-29976	21.4705f	71.3149	4	1	1	0.0792079	0.247525	0.049505	9.90099e-09	0	0	0	0	0.790909	0.941504	0.251397	0.483221	0.854749	0.009901	0.0693069	9.90099e-09	1	0.159664	0.219665	0.666667	0.666667	0.666667	1	1	56815.1	1e+20	1e+20	95.0422	86.7013	22.6682	59.5287	21.4705	71.3149	
 75000	-95457.1	-1338.7	-48578.4	-10892	0.116518	1	0.113545	17.6142	2.32227	0.0222967	19.3324	0.603588	3442	99	457	-29976	21.8687f	65.8908	4	1	1	0.0792079	0.247525	0.049505	9.90099e-09	0	0	0	0	0.690909	0.950867	0.238372	0.545455	0.855491	9.90099e-09	0.0693069	9.90099e-09	1	0.116618	0.222749	0.666667	0.666667	0.666667	1	1	56815.1	1e+20	1e+20	95.0422	86.7013	22.6682	59.5287	21.8687	65.8908	
 76000	-96670.7	-1338.7	-49792	-11038.7	0.115096	1	0.125561	15.9286	2.50996	0.0399678	19.2813	0.50501	3510	99	496	-29976	3.73911f	51.8627	4	1	1	0.0792079	0.247525	0.049505	9.90099e-09	0	0	0	0	0.690909	0.951149	0.285303	0.591837	0.870317	9.90099e-09	0.0693069	9.90099e-09	1	0.164773	0.1643	0.666667	0.666667	0.666667	1	1	56815.1	1e+20	1e+20	95.0422	86.7013	22.6682	59.5287	3.73911	51.8627	
 77000	-97499.5	-1338.7	-50620.8	-11250.6	0.115096	1	0.113062	17.6894	2.2867	0.0569038	19.3377	0.615595	3608	99	468	-29976	15.8343f	95.2016	4	1	1	0.0792079	0.247525	0.049505	9.90099e-09	0	0	0	0	0.672727	0.944444	0.225	0.492754	0.867036	9.90099e-09	0.0693069	9.90099e-09	1	0.122222	0.179541	0.666667	0.666667	0.666667	1	1	56815.1	1e+20	1e+20	85.9995	90.2392	22.6682	59.5287	15.8343	95.2016	
 78000	-96451	-1338.7	-49572.3	-11019.2	0.115096	1	0.122635	16.3085	2.23619	0.0210922	18.8432	0.580359	3501	99	489	-29976	19.235f	50.5232	4	1	1	0.0792079	0.247525	0.049505	9.90099e-09	0	0	0	0	0.781818	0.962963	0.223496	0.517241	0.846154	9.90099e-09	0.0693069	9.90099e-09	1	0.168091	0.200409	0.666667	0.666667	0.666667	1	1	56815.1	1e+20	1e+20	83.9907	58.1959	22.6682	59.5287	19.235	50.5232	
 79000	-98626.5	-1338.7	-51747.8	-11356.7	0.122019	1	0.138296	14.4617	2.67343	0.0356468	18.8432	0.430468	3660	99	520	-29976	17.2401f	23.6908	4	1	1	0.0792079	0.247525	0.0792079	9.90099e-09	0	0	0	0	0.8	0.942308	0.216438	0.495238	0.854795	9.90099e-09	0.0693069	9.90099e-09	1	0.142077	0.204239	0.666667	0.666667	0.666667	1	1	56815.1	1e+20	1e+20	83.9907	58.1959	22.6682	59.5287	17.2401	23.6908	
 80000	-99110.8	-1338.7	-52232.1	-11443	0.122019	1	0.134073	14.9173	2.61737	0.0349459	18.8896	0.453539	3701	99	520	-29976	14.6458f	74.5185	4	1	1	0.0693069	0.168317	0.0792079	9.90099e-09	0	0	0	0	0.681818	0.94086	0.258065	0.509434	0.841823	9.90099e-09	0.0693069	9.90099e-09	1	0.145161	0.15547	0.666667	0.666667	0.666667	1	1	56815.1	1e+20	1e+20	83.9907	58.1959	22.6682	59.5287	14.6458	74.5185	
 81000	-97710.8	-1338.7	-50832.1	-11238.9	0.122019	1	0.133216	15.0132	2.24492	0.0269617	18.2076	0.532183	3604	99	503	-29976	31.4761f	81.2639	4	1	1	0.0693069	0.168317	0.0792079	9.90099e-09	0	0	0	0	0.618182	0.936288	0.233333	0.558824	0.861413	9.90099e-09	0.0693069	9.90099e-09	1	0.15	0.186879	0.666667	0.666667	0.666667	1	1	56815.1	1e+20	1e+20	83.9907	58.1959	22.6682	59.5287	31.4761	81.2639	
 82000	-98541.3	-1338.7	-51662.6	-11407.1	0.122539	1	0.132602	15.0828	2.41256	0.0322469	18.5401	0.4975	3684	99	488	-29976	13.1402f	67.9287	4	1	1	0.0693069	0.168317	0.0792079	9.90099e-09	0	0	0	0	0.827273	0.959459	0.260163	0.493151	0.811475	9.90099e-09	0.0693069	9.90099e-09	1	0.135135	0.128603	0.666667	0.666667	0.666667	1	1	56815.1	1e+20	1e+20	83.9907	58.1959	22.6682	59.5287	13.1402	67.9287	
 83000	-100260	-1338.7	-53381.5	-11661	0.126095	1	0.133477	14.9838	2.49896	0.0134442	18.5401	0.477148	3806	99	519	-29976	31.0585f	60.2221	4	1	1	0.0693069	0.168317	0.0792079	0.019802	0	0	0	0	0.772727	0.965608	0.206806	0.519608	0.853018	9.90099e-09	0.0693069	9.90099e-09	1	0.160105	0.163424	0.666667	0.666667	0.666667	1	1	56815.1	1e+20	1e+20	83.9907	58.1959	22.6682	59.5287	31.0585	60.2221	
 84000	-99178.6	-1338.7	-52299.9	-11582.3	0.126095	1	0.104459	19.1463	2.64269	0.00865009	19.9893	0.576539	3768	99	456	-29976	41.9954f	57.9154	4	1	1	0.0693069	0.168317	0.0792079	0.019802	0	0	0	0	0.736364	0.949468	0.254642	0.544828	0.860215	9.90099e-09	0.0693069	9.90099e-09	1	0.111406	0.170678	0.666667	0.666667	0.666667	1	1	56815.1	1e+20	1e+20	83.9907	58.1959	22.6682	59.5287	41.9954	57.9154	
 85000	-98713.6	-1338.7	-51834.9	-11400.1	0.126095	1	0.108403	18.4497	2.74246	0.0345738	19.9893	0.535354	3680	99	500	-29976	68.7227f	85.887	4	1	1	0.0693069	0.168317	0.049505	0.019802	0	0	0	0	0.745455	0.913978	0.259459	0.445545	0.902439	9.90099e-09	0.0891089	9.90099e-09	1	0.146341	0.204771	0.666667	0.666667	0.666667	1	1	56815.1	1e+20	1e+20	83.9907	58.1959	22.6682	59.5287	68.7227	85.887	
 86000	-100942	-1338.7	-54063.5	-11855.8	0.130327	1	0.114259	17.5041	2.98763	0.0204646	19.9893	0.466233	3901	99	475	-29976	20.6798f	57.7713	4	1	1	0.029703	0.168317	0.049505	0.019802	0	0	0	0	0.754545	0.96401	0.235294	0.60396	0.887468	9.90099e-09	0.0891089	9.90099e-09	1	0.12532	0.212551	0.666667	0.666667	0.666667	1	1	56815.1	1e+20	1e+20	83.9907	58.1959	22.6682	59.5287	20.6798	57.7713	
 87000	-101101	-1338.7	-54222	-11847.7	0.130643	1	0.105074	19.0342	2.64377	0.0167864	19.786	0.572931	3897	99	490	-29976	28.0466f	38.0585	4	1	1	0.029703	0.237624	0.049505	0.019802	0	0	0	0	0.781818	0.96144	0.264103	0.574324	0.894872	0.019802	0.0891089	9.90099e-09	1	0.123393	0.228571	0.666667	0.666667	0.666667	1	1	56815.1	1e+20	1e+20	83.9907	58.1959	7.91931	69.9091	28.0466	38.0585	
 88000	-100334	-1338.7	-53454.9	-11719.6	0.125034	1	0.104769	19.0896	2.52293	0.0137223	19.786	0.602116	3834	99	492	-29976	53.2275f	70.0875	4	1	1	0.029703	0.237624	0.049505	0.019802	0	0	0	0	0.745455	0.966057	0.259162	0.578231	0.84456	0.019802	0.0891089	9.90099e-09	1	0.125	0.20911	0.666667	0.666667	0.666667	1	1	56815.1	1e+20	1e+20	83.9907	58.1959	24.7189	68.376	53.2275	70.0875	
 89000	-99787.3	-1338.7	-52908.6	-11696	0.127075	1	0.0985659	20.291	2.4215	0.0222513	19.8049	0.666819	3823	99	450	-29976	26.4708f	71.9811	4	1	1	0.029703	0.237624	0.049505	0.019802	0	0	0	0	0.727273	0.96875	0.227154	0.474453	0.895561	0.019802	0.0891089	9.90099e-09	1	0.109661	0.2	0.666667	0.666667	0.666667	1	1	56815.1	1e+20	1e+20	83.9907	58.1959	24.7189	68.376	26.4708	71.9811	
 90000	-99739.5	-1338.7	-52860.8	-11759.9	0.127075	1	0.107309	18.6379	2.63629	0.00868757	19.8049	0.562592	3854	99	420	-29976	51.8017f	59.4916	4	1	1	0.029703	0.237624	0.049505	0.019802	0	0	0	0	0.727273	0.968831	0.207254	0.521739	0.867876	0.019802	0.108911	9.90099e-09	1	0.0935065	0.17381	0.666667	0.666667	0.666667	1	1	56815.1	1e+20	1e+20	83.9907	58.1959	41.5278	88.3319	51.8017	59.4916	
 91000	-103513	-1338.7	-56633.9	-12216.3	0.130488	1	0.111487	17.9393	2.68726	0.0609318	19.5806	0.531234	4078	99	529	-29976	88.0361f	91.3168	4	1	1	0.029703	0.237624	0.019802	0.019802	0	0	0	0	0.7	0.953317	0.240786	0.6	0.851117	0.019802	0.108911	9.90099e-09	1	0.12285	0.197652	0.666667	0.666667	0.666667	1	1	56815.1	1e+20	1e+20	93.381	48.7851	41.5278	88.3319	88.0361	91.3168	
 92000	-101313	-1338.7	-54434.5	-11851.7	0.130488	1	0.111071	18.0066	2.57414	0.0407376	19.3894	0.556658	3899	99	513	-29976	21.991f	87.6111	4	1	1	0.0693069	0.237624	0.019802	0.019802	0	0	0	0	0.754545	0.947917	0.226563	0.485714	0.838542	0.019802	0.108911	9.90099e-09	1	0.117949	0.208577	0.666667	0.666667	0.666667	1	1	56815.1	1e+20	1e+20	93.381	48.7851	41.5278	88.3319	21.991	87.6111	
 93000	-101184	-1338.7	-54304.9	-11914.9	0.130488	1	0.0970924	20.5989	2.25019	0.0325848	19.3894	0.728478	3930	99	467	-29976	10.5189f	61.7387	4	1	1	0.0693069	0.19802	0.019802	9.90099e-09	0	0	0	0	0.754545	0.933842	0.243655	0.507246	0.857868	0.019802	0.108911	9.90099e-09	1	0.139594	0.190578	0.666667	0.666667	0.666667	1	1	56815.1	1e+20	1e+20	93.381	48.7851	41.5278	88.3319	10.5189	61.7387	
 94000	-102012	-1338.7	-55133.3	-11937.3	0.130488	1	0.116061	17.2324	2.68979	0.0467835	19.3894	0.509821	3941	99	533	-29976	43.6796f	99.6234	4	1	1	0.0693069	0.19802	0.019802	9.90099e-09	0	0	0	0	0.763636	0.949622	0.25	0.554795	0.838791	0.019802	0.108911	9.90099e-09	1	0.164141	0.190566	0.666667	0.666667	0.666667	1	1	56815.1	1e+20	1e+20	93.381	48.7851	41.5278	88.3319	43.6796	99.6234	
 95000	-101506	-1338.7	-54627.2	-11863.9	0.130488	1	0.130003	15.3842	3.01292	0.0339875	19.3894	0.40633	3905	99	525	-29976	39.0121f	90.1417	4	1	1	0.0693069	0.19802	0.019802	9.90099e-09	0	0	0	0	0.790909	0.946701	0.251928	0.471698	0.856777	0.019802	0.108911	9.90099e-09	1	0.153453	0.183398	0.666667	0.666667	0.666667	1	1	56815.1	1e+20	1e+20	93.381	48.7851	48.379	84.8796	39.0121	90.1417	
 96000	-101499	-1338.7	-54620.7	-11941.2	0.131509	1	0.122509	16.3253	2.7681	0.0366132	19.2292	0.469319	3943	99	489	-29976	6.23215f	54.8754	4	1	1	0.0693069	0.19802	0.019802	9.90099e-09	0	0	0	0	0.827273	0.952141	0.243038	0.49505	0.846734	0.019802	0.118812	9.90099e-09	1	0.131646	0.169625	0.666667	0.666667	0.666667	1	1	56815.1	1e+20	1e+20	93.381	48.7851	48.379	84.8796	6.23215	54.8754	
 97000	-100197	-1338.7	-53317.9	-11702.3	0.126265	1	0.113599	17.6058	2.46441	0.014118	19.2292	0.568504	3826	99	488	-29976	38.8621f	69.2123	4	1	1	0.0693069	0.19802	0.019802	9.90099e-09	0	0	0	0	0.763636	0.937337	0.230366	0.452555	0.886243	0.019802	0.118812	9.90099e-09	1	0.146597	0.183406	0.666667	0.666667	0.666667	1	1	56815.1	1e+20	1e+20	93.381	48.7851	48.379	84.8796	38.8621	69.2123	
 98000	-99898.2	-1338.7	-53019.5	-11636.9	0.124036	1	0.113517	17.6185	2.6303	0.050212	19.6357	0.533032	3794	99	497	-29976	72.5219f	95.5614	4	1	1	0.0693069	0.19802	0.049505	9.90099e-09	0	0	0	0	0.754545	0.931759	0.255937	0.628571	0.865435	0.019802	0.118812	9.90099e-09	1	0.168421	0.196755	0.666667	0.666667	0.666667	1	1	56815.1	1e+20	1e+20	93.381	48.7851	59.4679	95.1576	72.5219	95.5614	
 99000	-100315	-1338.7	-53436.3	-11761.8	0.129469	1	0.107512	18.6025	2.67963	0.0280487	19.7838	0.552442	3855	99	463	-29976	54.3727f	85.854	4	1	1	0.049505	0.19802	0.049505	9.90099e-09	0	0	0	0	0.781818	0.961039	0.296104	0.541096	0.88342	9.90099e-09	0.118812	9.90099e-09	1	0.124352	0.221294	0.666667	0.666667	0.666667	1	1	56815.1	1e+20	1e+20	93.381	48.7851	59.4679	95.1576	54.3727	85.854	
100000	-100509	-1338.7	-53630	-11810.9	0.129469	1	0.0991914	20.163	2.47224	0.0241136	19.7838	0.649016	3879	99	458	-29976	70.5753f	28.8146	4	1	1	0.049505	0.168317	0.049505	9.90099e-09	0	0	0	0	0.727273	0.953608	0.269923	0.496504	0.871465	9.90099e-09	0.118812	9.90099e-09	1	0.0979381	0.166667	0.666667	0.666667	0.666667	1	1	56815.1	1e+20	1e+20	93.381	48.7851	57.0182	31.0392	70.5753	28.8146	
101000	-99728.9	-1338.7	-52850.2	-11692	0.12636	1	0.105556	18.9473	2.54977	0.00964055	19.7492	0.59134	3821	99	455	-29976	59.874f	51.4137	4	1	1	0.049505	0.168317	0.049505	9.90099e-09	0	0	0	0	0.727273	0.963351	0.289817	0.542254	0.89267	9.90099e-09	0.118812	9.90099e-09	1	0.146214	0.187234	0.666667	0.666667	0.666667	1	1	56815.1	1e+20	1e+20	93.381	48.7851	57.0182	31.0392	59.874	51.4137	
102000	-99991.9	-1338.7	-53113.2	-11677.5	0.12636	1	0.112433	17.7883	2.52917	0.036354	19.4006	0.559689	3814	99	484	-29976	6.50158f	55.7084	4	1	1	0.049505	0.168317	0.049505	9.90099e-09	0	0	0	0	0.709091	0.963351	0.245431	0.485915	0.856021	9.90099e-09	0.118812	9.90099e-09	1	0.13089	0.202559	0.666667	0.666667	0.666667	1	1	56815.1	1e+20	1e+20	93.381	48.7851	57.0182	31.0392	6.50158	55.7084	
103000	-99038	-1338.7	-52159.3	-11567.9	0.124414	1	0.104141	19.2047	2.30657	0.0591761	19.4006	0.66257	3761	99	451	-29976	70.8414f	0.271531	4	1	1	0.049505	0.168317	0.049505	9.90099e-09	0	0	0	0	0.772727	0.973333	0.21123	0.49635	0.846154	9.90099e-09	0.0693069	9.90099e-09	1	0.120321	0.166667	0.666667	0.666667	0.666667	1	1	56815.1	1e+20	1e+20	93.381	48.7851	57.0182	31.0392	70.8414	0.271531	
104000	-102251	-1338.7	-55372.5	-12091.3	0.136544	1	0.09752	20.5086	2.32233	0.0119429	19.3013	0.702752	4017	99	473	-29976	58.3702f	38.0561	4	1	1	0.049505	0.168317	0.039604	9.90099e-09	0	0	0	0	0.7	0.962687	0.238213	0.609929	0.86	9.90099e-09	0.0693069	9.90099e-09	1	0.109181	0.207188	0.666667	0.666667	0.666667	1	1	56815.1	1e+20	1e+20	93.381	48.7851	65.0451	34.8928	58.3702	38.0561	
105000	-103851	-1338.7	-56972.6	-12340.7	0.140858	1	0.107954	18.5264	2.75165	0.0343994	19.4801	0.535782	4142	99	492	-29976	52.295f	11.0667	4	1	1	0.049505	0.168317	0.039604	9.90099e-09	0	0	0	0	0.818182	0.94686	0.268765	0.623288	0.845036	9.90099e-09	0.0693069	9.90099e-09	1	0.173494	0.174699	0.666667	0.666667	0.666667	1	1	56815.1	1e+20	1e+20	79.8743	44.8561	73.1642	16.925	52.295	11.0667	
106000	-103781	-1338.7	-56902.4	-12328.9	0.140858	1	0.108839	18.3758	2.27795	0.0342498	18.5435	0.641935	4136	99	496	-29976	49.1314f	10.9644	4	1	1	0.049505	0.168317	0.039604	9.90099e-09	0	0	0	0	0.654545	0.956416	0.217391	0.503356	0.859903	9.90099e-09	0.0693069	9.90099e-09	1	0.120773	0.147705	0.666667	0.666667	0.666667	1	1	56815.1	1e+20	1e+20	79.8743	44.8561	73.1642	16.925	49.1314	10.9644	
107000	-103741	-1338.7	-56862.4	-12342.1	0.139664	1	0.108839	18.3758	2.27677	0.0437703	18.5806	0.642267	4143	99	487	-29976	69.6133f	9.68089	4	1	1	0.0693069	0.237624	0.039604	9.90099e-09	0	0	0	0	0.790909	0.942308	0.25	0.465278	0.8753	9.90099e-09	0.0693069	9.90099e-09	1	0.122596	0.159664	0.666667	0.666667	0.666667	1	1	56815.1	1e+20	1e+20	79.8743	44.8561	73.1642	16.925	69.6133	9.68089	
108000	-104046	-1338.7	-57167.6	-12440.6	0.13978	1	0.116158	17.2179	2.36146	0.0286402	18.4446	0.580216	4193	99	471	-29976	62.6232f	18.5002	4	1	1	0.0693069	0.237624	0.039604	9.90099e-09	0	0	0	0	0.772727	0.940191	0.240566	0.503356	0.852113	9.90099e-09	0.0693069	9.90099e-09	1	0.104019	0.150743	0.666667	0.666667	0.666667	1	1	56815.1	1e+20	1e+20	79.8743	44.8561	73.1642	16.925	62.6232	18.5002	
109000	-105519	-1338.7	-58639.8	-12550.7	0.13978	1	0.115852	17.2635	2.54914	0.0516199	18.813	0.53892	4249	99	536	-29976	95.6267f	31.4228	4	1	1	0.0693069	0.237624	0.039604	9.90099e-09	0	0	0	0	0.772727	0.96	0.221698	0.537736	0.863529	9.90099e-09	0.108911	9.90099e-09	1	0.115294	0.15534	0.666667	0.666667	0.666667	1	1	56815.1	1e+20	1e+20	79.8743	44.8561	73.1642	16.925	95.6267	31.4228	
110000	-105976	-1338.7	-59096.8	-12574.4	0.13978	1	0.117882	16.9661	2.85708	0.0201185	19.2732	0.472552	4261	99	564	-29976	68.6569f	32.6478	4	1	1	0.0693069	0.237624	0.0990099	9.90099e-09	0	0	0	0	0.745455	0.955711	0.2277	0.509259	0.865882	9.90099e-09	0.108911	9.90099e-09	1	0.154567	0.201128	0.666667	0.666667	0.666667	1	1	56815.1	1e+20	1e+20	79.8743	44.8561	73.1642	16.925	68.6569	32.6478	
111000	-103850	-1338.7	-56970.8	-12286.4	0.137592	1	0.122209	16.3654	2.46237	0.0253202	18.4762	0.528887	4115	99	528	-29976	63.4871f	22.1503	4	1	1	0.0693069	0.237624	0.0990099	9.90099e-09	0	0	0	0	0.745455	0.934466	0.235437	0.413462	0.885645	9.90099e-09	0.108911	9.90099e-09	1	0.160584	0.187146	0.666667	0.666667	0.666667	1	1	56815.1	1e+20	1e+20	79.8743	44.8561	73.1642	16.925	63.4871	22.1503	
112000	-104211	-1338.7	-57332	-12286.4	0.137592	1	0.123658	16.1736	2.49157	0.0448446	18.4762	0.516562	4115	99	557	-29976	73.3011f	11.0118	4	1	1	0.0693069	0.237624	0.0990099	9.90099e-09	0	0	0	0	0.854545	0.934146	0.199513	0.6	0.85679	9.90099e-09	0.108911	9.90099e-09	1	0.128954	0.163904	0.666667	0.666667	0.666667	1	1	56815.1	1e+20	1e+20	79.8743	44.8561	73.1642	16.925	73.3011	11.0118	
113000	-103572	-1338.7	-56693.1	-12136.9	0.133828	1	0.136265	14.6773	2.93145	0.0430161	18.9119	0.398432	4040	99	573	-29976	90.1932f	32.139	4	1	1	0.0693069	0.237624	0.0990099	9.90099e-09	0	0	0	0	0.763636	0.943489	0.261084	0.543103	0.876847	9.90099e-09	0.108911	9.90099e-09	1	0.162562	0.20318	0.666667	0.666667	0.666667	1	1	56815.1	1e+20	1e+20	79.8743	44.8561	73.1642	16.925	90.1932	32.139	
114000	-103629	-1338.7	-56750.6	-12166.8	0.13491	1	0.12525	15.968	2.72127	0.0784548	18.9206	0.46695	4055	99	569	-29976	99.6111f	11.1202	4	1	1	0.0891089	0.227723	0.0990099	9.90099e-09	0	0	0	0	0.736364	0.948403	0.22113	0.512821	0.859606	9.90099e-09	0.108911	9.90099e-09	1	0.155172	0.18838	0.666667	0.666667	0.666667	1	1	56815.1	1e+20	1e+20	88.3844	39.6329	73.1642	16.925	99.6111	11.1202	
115000	-103592	-1338.7	-56713.3	-12294.4	0.137983	1	0.119111	16.791	2.6712	0.0553801	18.964	0.500219	4119	99	495	-29976	93.9172f	23.321	4	1	1	0.0891089	0.227723	0.0990099	9.90099e-09	0	0	0	0	0.718182	0.929952	0.243961	0.466667	0.855072	9.90099e-09	0.19802	9.90099e-09	1	0.125604	0.206122	0.666667	0.666667	0.666667	1	1	56815.1	1e+20	1e+20	88.3844	39.6329	73.1642	16.925	93.9172	23.321	
116000	-102847	-1338.7	-55967.9	-12167.7	0.138118	1	0.110776	18.0545	2.5284	0.0349104	19.043	0.568238	4055	99	491	-29976	65.6506f	14.4871	4	1	1	0.0891089	0.227723	0.0990099	9.90099e-09	0	0	0	0	0.863636	0.94335	0.21393	0.579439	0.855037	9.90099e-09	0.19802	9.90099e-09	1	0.108108	0.161034	0.666667	0.666667	0.666667	1	1	56815.1	1e+20	1e+20	7.20328	85.6156	73.1642	16.925	65.6506	14.4871	
117000	-101445	-1338.7	-54566	-11988.3	0.13865	1	0.1019	19.627	2.69788	0.00963571	19.7437	0.578926	3964	99	452	-29976	59.8641f	51.0413	4	1	1	0.0891089	0.227723	0.118812	9.90099e-09	0	0	0	0	0.818182	0.9325	0.221106	0.533333	0.879397	9.90099e-09	0.19802	9.90099e-09	1	0.133501	0.191111	0.666667	0.666667	0.666667	1	1	56815.1	1e+20	1e+20	88.3844	39.6329	47.309	37.53	59.8641	51.0413	
118000	-104305	-1338.7	-57426.5	-12397.2	0.13865	1	0.102397	19.5318	2.55771	0.0402301	19.4585	0.60769	4171	99	502	-29976	45.8732f	6.76357	4	1	1	0.0891089	0.227723	0.118812	9.90099e-09	0	0	0	0	0.772727	0.957143	0.22542	0.480769	0.844498	9.90099e-09	0.19802	9.90099e-09	1	0.12619	0.183953	0.666667	0.666667	0.666667	1	1	56815.1	1e+20	1e+20	88.3844	39.6329	47.309	37.53	45.8732	6.76357	
119000	-103669	-1338.7	-56790.2	-12345.9	0.13865	1	0.108862	18.3718	2.59404	0.0073431	19.2306	0.563594	4145	99	474	-29976	48.9405f	49.5747	4	1	1	0.0594059	0.227723	0.118812	9.90099e-09	0	0	0	0	0.8	0.93494	0.236145	0.578431	0.855422	9.90099e-09	0.19802	9.90099e-09	1	0.139759	0.206544	0.666667	0.666667	0.666667	1	1	56815.1	1e+20	1e+20	94.766	39.012	47.309	37.53	48.9405	49.5747	
120000	-104690	-1338.7	-57811.7	-12464.4	0.13865	1	0.105558	18.9469	2.53457	0.0119599	19.2673	0.594874	4205	99	500	-29976	49.6115f	34.4938	4	1	1	0.0594059	0.188119	0.118812	9.90099e-09	0	0	0	0	0.772727	0.957346	0.301663	0.563758	0.850356	9.90099e-09	0.19802	9.90099e-09	1	0.128266	0.177686	0.666667	0.666667	0.666667	1	1	56815.1	1e+20	1e+20	94.766	39.012	47.309	37.53	49.6115	34.4938	
121000	-104702	-1338.7	-57823.2	-12480.2	0.138834	1	0.102751	19.4646	2.5017	0.0213452	19.3279	0.619155	4213	99	501	-29976	29.9605f	28.4053	4	1	1	0.0594059	0.188119	0.118812	9.90099e-09	0	0	0	0	0.754545	0.962085	0.24228	0.519608	0.891253	9.90099e-09	0.19802	9.90099e-09	1	0.155131	0.20751	0.666667	0.666667	0.666667	1	1	56815.1	1e+20	1e+20	94.766	39.012	47.309	37.53	29.9605	28.4053	
122000	-104407	-1338.7	-57528.2	-12332	0.137936	1	0.106147	18.8418	2.62731	0.0170515	19.4392	0.570693	4138	99	544	-29976	59.38f	72.505	4	1	1	0.0594059	0.188119	0.118812	9.90099e-09	0	0	0	0	0.727273	0.968675	0.23741	0.564815	0.884892	9.90099e-09	0.0693069	9.90099e-09	1	0.152174	0.19666	0.666667	0.666667	0.666667	1	1	56815.1	1e+20	1e+20	94.766	39.012	47.309	37.53	59.38	72.505	
123000	-105477	-1338.7	-58598.8	-12571.8	0.137853	1	0.0969996	20.6187	2.4067	0.039308	19.4539	0.681756	4259	99	514	-29976	53.6469f	7.70489	4	1	1	0.0594059	0.188119	0.0891089	9.90099e-09	0	0	0	0	0.8	0.969412	0.290398	0.524272	0.850711	9.90099e-09	0.0693069	9.90099e-09	1	0.138498	0.175277	0.666667	0.666667	0.666667	1	1	56815.1	1e+20	1e+20	48.6887	25.5245	47.309	37.53	53.6469	7.70489	
124000	-104913	-1338.7	-58034.5	-12489.8	0.139539	1	0.101646	19.6761	2.55284	0.00924718	19.4539	0.613344	4218	99	505	-29976	52.72f	60.9129	4	1	1	0.0594059	0.188119	0.0891089	9.90099e-09	0	0	0	0	0.654545	0.964623	0.255319	0.460784	0.856808	9.90099e-09	0.0693069	9.90099e-09	1	0.0992908	0.192534	0.666667	0.666667	0.666667	1	1	56815.1	1e+20	1e+20	48.6887	25.5245	47.309	37.53	52.72	60.9129	
125000	-103500	-1338.7	-56621.7	-12300.7	0.139539	1	0.102002	19.6075	2.56177	0.0155897	19.4539	0.609077	4122	99	478	-29976	28.3949f	40.4992	4	1	1	0.0594059	0.257426	0.0891089	9.90099e-09	0	0	0	0	0.772727	0.939614	0.256039	0.561644	0.874396	9.90099e-09	0.0693069	9.90099e-09	1	0.113801	0.175258	0.666667	0.666667	0.666667	1	1	56815.1	1e+20	1e+20	98.4446	26.4032	47.309	37.53	28.3949	40.4992	
126000	-105530	-1338.7	-58650.8	-12592.2	0.14545	1	0.104137	19.2056	2.72618	0.0109177	19.4539	0.560612	4270	99	515	-29976	52.6872f	65.1431	4	1	1	0.0693069	0.257426	0.0891089	9.90099e-09	0	0	0	0	0.690909	0.964953	0.240654	0.54	0.896714	9.90099e-09	0.0693069	9.90099e-09	1	0.142523	0.180233	0.666667	0.666667	0.666667	1	1	56815.1	1e+20	1e+20	67.7302	93.3205	47.309	37.53	52.6872	65.1431	
127000	-105854	-1338.7	-58975.6	-12743.1	0.142864	1	0.0972832	20.5585	2.10895	0.0222978	18.6412	0.775739	4348	99	468	-29976	49.7677f	21.2072	4	1	1	0.0693069	0.257426	0.0891089	9.90099e-09	0	0	0	0	0.745455	0.960557	0.222989	0.510638	0.885057	9.90099e-09	0.0693069	9.90099e-09	1	0.0988506	0.15812	0.666667	0.666667	0.666667	1	1	56815.1	1e+20	1e+20	67.7302	93.3205	47.309	37.53	49.7677	21.2072	
128000	-106163	-1338.7	-59284	-12833.4	0.148416	1	0.0964807	20.7295	2.17284	0.0605867	18.6412	0.759192	4395	99	448	-29976	86.3274f	9.60573	4	1	1	0.0693069	0.257426	0.0891089	9.90099e-09	0	0	0	0	0.736364	0.963719	0.242081	0.514493	0.845103	9.90099e-09	0.118812	9.90099e-09	1	0.115909	0.166667	0.666667	0.666667	0.666667	1	1	56815.1	1e+20	1e+20	67.7302	93.3205	90.9454	17.5178	86.3274	9.60573	
129000	-107403	-1338.7	-60524.6	-12966	0.145893	1	0.113613	17.6036	2.49909	0.0503534	18.6113	0.560543	4464	99	490	-29976	81.0234f	12.5377	4	1	1	0.0693069	0.257426	0.049505	9.90099e-09	0	0	0	0	0.763636	0.945824	0.230942	0.544218	0.851351	9.90099e-09	0.118812	9.90099e-09	1	0.13544	0.200418	0.666667	0.666667	0.666667	1	1	56815.1	1e+20	1e+20	67.7302	93.3205	90.9454	17.5178	81.0234	12.5377	
130000	-106445	-1338.7	-59566.1	-12883.1	0.146041	1	0.0914564	21.8683	2.01375	0.0501344	18.6113	0.864171	4421	99	445	-29976	51.1734f	0.570253	4	1	1	0.0693069	0.257426	0.049505	9.90099e-09	0	0	0	0	0.7	0.961625	0.261851	0.49505	0.905192	9.90099e-09	0.118812	9.90099e-09	1	0.106095	0.182178	0.666667	0.666667	0.666667	1	1	56815.1	1e+20	1e+20	67.7302	93.3205	90.9454	17.5178	51.1734	0.570253	
131000	-105760	-1338.7	-58881	-12758	0.145144	1	0.102019	19.6042	2.33264	0.0135711	18.8165	0.668791	4356	99	453	-29976	67.1222f	54.4722	4	1	1	0.0693069	0.168317	0.049505	9.90099e-09	0	0	0	0	0.772727	0.938215	0.251142	0.589928	0.861751	9.90099e-09	0.118812	9.90099e-09	1	0.121005	0.198276	0.666667	0.666667	0.666667	1	1	56815.1	1e+20	1e+20	67.7302	93.3205	26.9229	41.7548	67.1222	54.4722	
132000	-106475	-1338.7	-59596.5	-12808.7	0.151174	1	0.0998489	20.0303	2.30602	0.0234615	18.6728	0.691217	4381	99	490	-29976	27.6973f	27.54	4	1	1	0.0891089	0.168317	0.049505	9.90099e-09	0	0	0	0	0.727273	0.963554	0.252273	0.623288	0.865909	9.90099e-09	0.118812	9.90099e-09	1	0.113895	0.180894	0.666667	0.666667	0.666667	1	1	56815.1	1e+20	1e+20	67.7302	93.3205	26.9229	41.7548	27.6973	27.54	
133000	-107233	-1338.7	-60354.4	-12850.4	0.147705	1	0.107786	18.5554	2.4322	0.0177274	18.6728	0.607101	4404	99	538	-29976	25.6921f	39.822	4	1	1	0.0891089	0.168317	0.049505	9.90099e-09	0	0	0	0	0.8	0.952273	0.234091	0.523364	0.881549	9.90099e-09	0.118812	9.90099e-09	1	0.129545	0.182156	0.666667	0.666667	0.666667	1	1	56815.1	1e+20	1e+20	67.7302	93.3205	26.9229	41.7548	25.6921	39.822	
134000	-107532	-1338.7	-60653.8	-12946.1	0.147705	1	0.108018	18.5155	2.15648	0.0127032	18.1097	0.683249	4454	99	519	-29976	30.5972f	46.4673	4	1	1	0.0891089	0.168317	0.0693069	9.90099e-09	0	0	0	0	0.763636	0.946067	0.238739	0.605769	0.869369	9.90099e-09	0.118812	9.90099e-09	1	0.103371	0.155598	0.666667	0.666667	0.666667	1	1	56815.1	1e+20	1e+20	82.7547	41.7434	26.9229	41.7548	30.5972	46.4673	
135000	-108023	-1338.7	-61144.8	-12995.7	0.150931	1	0.11222	17.8221	2.43518	0.0207003	18.3916	0.582397	4480	99	529	-29976	20.0314f	46.4556	4	1	1	0.0891089	0.168317	0.0693069	9.90099e-09	0	0	0	0	0.790909	0.948775	0.213333	0.541284	0.832962	9.90099e-09	0.049505	9.90099e-09	1	0.11804	0.17803	0.666667	0.666667	0.666667	1	1	56815.1	1e+20	1e+20	82.7547	41.7434	26.9229	41.7548	20.0314	46.4556	
136000	-109244	-1338.7	-62365.3	-13160.2	0.150931	1	0.116355	17.1888	2.69632	0.00875812	18.6961	0.507298	4567	99	550	-29976	39.8753f	46.4372	4	1	1	0.0891089	0.168317	0.0693069	9.90099e-09	0	0	0	0	0.681818	0.964989	0.266376	0.474576	0.846827	9.90099e-09	0.049505	9.90099e-09	1	0.131291	0.18	0.666667	0.666667	0.666667	1	1	56815.1	1e+20	1e+20	98.8764	64.5911	26.9229	41.7548	39.8753	46.4372	
137000	-109002	-1338.7	-62123.8	-13111	0.150931	1	0.112726	17.7421	2.3794	0.0191562	18.2648	0.593374	4541	99	557	-29976	35.5667f	27.5515	4	1	1	0.0891089	0.227723	0.0693069	9.90099e-09	0	0	0	0	0.681818	0.954048	0.235683	0.471698	0.868132	9.90099e-09	0.049505	9.90099e-09	1	0.10989	0.193727	0.666667	0.666667	0.666667	1	1	56815.1	1e+20	1e+20	98.8764	64.5911	26.9229	41.7548	35.5667	27.5515	
138000	-109146	-1338.7	-62267.7	-13147.2	0.150187	1	0.112334	17.8041	2.60603	0.0344587	18.7244	0.543664	4560	99	551	-29976	10.6057f	35.9594	4	1	1	0.039604	0.227723	0.0693069	9.90099e-09	0	0	0	0	0.736364	0.962719	0.256579	0.473214	0.850877	9.90099e-09	0.049505	9.90099e-09	1	0.142857	0.196751	0.666667	0.666667	0.666667	1	1	56815.1	1e+20	1e+20	98.8764	64.5911	9.97502	45.4994	10.6057	35.9594	
139000	-111887	-1338.7	-65008	-13557.9	0.160987	1	0.117237	17.0595	2.91536	0.0237802	18.7244	0.465654	4781	99	577	-29976	18.9369f	39.1415	4	1	1	0.039604	0.227723	0.0693069	9.90099e-09	0	0	0	0	0.736364	0.947917	0.260417	0.428571	0.860759	9.90099e-09	0.049505	9.90099e-09	1	0.125261	0.179357	0.666667	0.666667	0.666667	1	1	56815.1	1e+20	1e+20	96.9898	45.1938	9.97502	45.4994	18.9369	39.1415	
140000	-109866	-1338.7	-62987	-13296.9	0.155865	1	0.11826	16.9119	2.84724	0.0261529	18.7244	0.472671	4640	99	536	-29976	21.9748f	29.8494	4	1	1	0.039604	0.227723	0.0594059	9.90099e-09	0	0	0	0	0.690909	0.941685	0.21645	0.458716	0.848156	9.90099e-09	0.0693069	9.90099e-09	1	0.124731	0.176471	0.666667	0.666667	0.666667	1	1	56815.1	1e+20	1e+20	96.9898	45.1938	9.97502	45.4994	21.9748	29.8494	
141000	-108977	-1338.7	-62098.7	-13144.5	0.155865	1	0.108358	18.4574	2.60884	0.020271	18.7244	0.563006	4558	99	535	-29976	25.7807f	68.0316	4	1	1	0.039604	0.227723	0.0594059	9.90099e-09	0	0	0	0	0.736364	0.958425	0.242888	0.518182	0.876623	9.90099e-09	0.0693069	9.90099e-09	1	0.134199	0.169776	0.666667	0.666667	0.666667	1	1	56815.1	1e+20	1e+20	96.9898	45.1938	9.97502	45.4994	25.7807	68.0316	
142000	-111607	-1338.7	-64727.8	-13464.8	0.152391	1	0.106079	18.8539	2.49703	0.0398343	18.7244	0.600852	4729	99	596	-29976	5.31426f	39.7768	4	1	1	0.039604	0.247525	0.0594059	9.90099e-09	0	0	0	0	0.772727	0.942797	0.22833	0.420168	0.886994	9.90099e-09	0.0693069	9.90099e-09	1	0.108742	0.181034	0.666667	0.666667	0.666667	1	1	56815.1	1e+20	1e+20	96.9898	45.1938	20.033	62.1996	5.31426	39.7768	
143000	-111305	-1338.7	-64426	-13513.6	0.159404	1	0.111997	17.8577	2.88553	0.0376843	18.9377	0.492481	4757	99	547	-29976	5.7559f	57.3227	4	1	1	0.039604	0.247525	0.0594059	9.90099e-09	0	0	0	0	0.709091	0.976891	0.27027	0.454545	0.87395	9.90099e-09	0.0693069	9.90099e-09	1	0.13125	0.193784	0.666667	0.666667	0.666667	1	1	56815.1	1e+20	1e+20	96.9898	45.1938	20.033	62.1996	5.7559	57.3227	
144000	-111472	-1338.7	-64593.5	-13454.6	0.15731	1	0.11877	16.8392	3.01983	0.0302538	18.9377	0.44374	4725	99	593	-29976	32.6251f	84.9271	4	1	1	0.128713	0.247525	0.0594059	9.90099e-09	0	0	0	0	0.681818	0.966102	0.20339	0.559322	0.874735	9.90099e-09	0.0693069	9.90099e-09	1	0.127389	0.171076	0.666667	0.666667	0.666667	1	1	56815.1	1e+20	1e+20	96.9898	45.1938	20.033	62.1996	32.6251	84.9271	
145000	-109917	-1338.7	-63038.6	-13208.6	0.15731	1	0.116278	17.2002	2.96161	0.0155981	18.946	0.462162	4592	99	586	-29976	25.9723f	54.7847	4	1	1	0.128713	0.247525	0.0594059	9.90099e-09	0	0	0	0	0.7	0.936819	0.209251	0.5	0.877996	9.90099e-09	0.0693069	9.90099e-09	1	0.156522	0.165232	0.666667	0.666667	0.666667	1	1	56815.1	1e+20	1e+20	57.4407	64.2124	20.033	62.1996	25.9723	54.7847	
146000	-111151	-1338.7	-64272.3	-13478.6	0.15731	1	0.100361	19.928	2.65389	0.0209971	19.1244	0.597545	4738	99	548	-29976	19.7312f	46.3589	4	1	1	0.128713	0.247525	0.0594059	9.90099e-09	0	0	0	0	0.809091	0.960084	0.229958	0.537736	0.879747	9.90099e-09	0.0693069	9.90099e-09	1	0.122363	0.20438	0.666667	0.666667	0.666667	1	1	56815.1	1e+20	1e+20	57.4407	64.2124	12.1788	44.5911	19.7312	46.3589	
147000	-109828	-1338.7	-62949.5	-13337.5	0.159568	1	0.105884	18.8887	2.84012	0.0404954	19.1244	0.529242	4661	99	508	-29976	13.5779f	22.7599	4	1	1	0.128713	0.247525	0.0594059	9.90099e-09	0	0	0	0	0.672727	0.946809	0.260042	0.485437	0.868922	9.90099e-09	0.0792079	9.90099e-09	1	0.124736	0.17126	0.666667	0.666667	0.666667	1	1	56815.1	1e+20	1e+20	57.4407	64.2124	12.1788	44.5911	13.5779	22.7599	
148000	-111415	-1338.7	-64536.7	-13495.3	0.159486	1	0.107824	18.5487	3.21551	0.0258367	19.6404	0.459043	4747	99	557	-29976	15.7315f	42.7263	4	1	1	0.128713	0.247525	0.0693069	9.90099e-09	0	0	0	0	0.745455	0.943277	0.218029	0.6	0.884211	9.90099e-09	0.0792079	9.90099e-09	1	0.153361	0.195572	0.666667	0.666667	0.666667	1	1	56815.1	1e+20	1e+20	57.4407	64.2124	12.1788	44.5911	15.7315	42.7263	
149000	-111322	-1338.7	-64443.1	-13478.6	0.157529	1	0.111795	17.8899	2.88713	0.0398212	19.005	0.493095	4738	99	563	-29976	42.2027f	7.37129	4	1	1	0.128713	0.217822	0.0693069	9.90099e-09	0	0	0	0	0.727273	0.955319	0.235669	0.482456	0.86383	9.90099e-09	0.0792079	9.90099e-09	1	0.132911	0.157801	0.666667	0.666667	0.666667	1	1	56815.1	1e+20	1e+20	57.4407	64.2124	7.48944	23.2681	42.2027	7.37129	
150000	-112240	-1338.7	-65360.9	-13630.2	0.157529	1	0.111795	17.8899	2.88713	0.0121606	19.005	0.493095	4820	99	561	-29976	30.9047f	50.9588	4	1	1	0.128713	0.217822	0.0693069	9.90099e-09	0	0	0	0	0.781818	0.967078	0.280992	0.435185	0.867647	9.90099e-09	0.0792079	9.90099e-09	1	0.142857	0.175573	0.666667	0.666667	0.666667	1	1	56815.1	1e+20	1e+20	78.2876	77.4928	7.48944	23.2681	30.9047	50.9588	
151000	-112639	-1338.7	-65760.4	-13684	0.162806	1	0.111795	17.8899	2.98384	0.0385712	19.005	0.477113	4850	99	574	-29976	19.3728f	18.6548	4	1	1	0.0792079	0.217822	0.0693069	9.90099e-09	0	0	0	0	0.709091	0.962733	0.23251	0.525862	0.888199	9.90099e-09	0.0792079	9.90099e-09	1	0.0925926	0.160279	0.666667	0.666667	0.666667	1	1	56815.1	1e+20	1e+20	78.2876	77.4928	7.48944	23.2681	19.3728	18.6548	
152000	-112216	-1338.7	-65337.7	-13526.8	0.160888	1	0.105119	19.0261	2.77259	0.0343668	19.005	0.546077	4764	99	614	-29976	8.01915f	46.1292	4	1	1	0.0792079	0.217822	0.0693069	9.90099e-09	0	0	0	0	0.609091	0.945263	0.246888	0.530973	0.859244	9.90099e-09	0.0792079	9.90099e-09	1	0.1174	0.159664	0.666667	0.666667	0.666667	1	1	56815.1	1e+20	1e+20	78.2876	77.4928	7.48944	23.2681	8.01915	46.1292	
153000	-112499	-1338.7	-65619.8	-13709.5	0.160888	1	0.100829	19.8355	2.65945	0.0425965	19.005	0.593528	4864	99	542	-29976	28.9332f	9.27977	4	1	1	0.0792079	0.217822	0.0693069	9.90099e-09	0	0	0	0	0.627273	0.948347	0.280992	0.554545	0.868313	9.90099e-09	0.0792079	9.90099e-09	1	0.135524	0.180832	0.666667	0.666667	0.666667	1	1	56815.1	1e+20	1e+20	78.2876	77.4928	7.48944	23.2681	28.9332	9.27977	
154000	-114655	-1338.7	-67776.2	-13936.9	0.165705	1	0.112396	17.7942	3.0533	0.0373682	19.005	0.463767	4990	99	609	-29976	6.28629f	43.1772	4	1	1	0.0792079	0.217822	0.0693069	9.90099e-09	0	0	0	0	0.672727	0.957831	0.218437	0.560345	0.851406	9.90099e-09	0.0990099	9.90099e-09	1	0.126506	0.158784	0.666667	0.666667	0.666667	1	1	56815.1	1e+20	1e+20	78.2876	77.4928	7.48944	23.2681	6.28629	43.1772	
155000	-113890	-1338.7	-67010.9	-13896	0.163695	1	0.106616	18.7589	2.57562	0.0203211	18.512	0.579583	4967	99	569	-29976	20.0561f	52.0058	4	1	1	0.0792079	0.217822	0.049505	9.90099e-09	0	0	0	0	0.672727	0.935614	0.247984	0.517241	0.867203	9.90099e-09	0.0990099	9.90099e-09	1	0.102823	0.181818	0.666667	0.666667	0.666667	1	1	56815.1	1e+20	1e+20	78.2876	77.4928	7.48944	23.2681	20.0561	52.0058	
156000	-111565	-1338.7	-64686	-13565.5	0.161922	1	0.0986048	20.283	2.64749	0.0120281	19.0592	0.609659	4785	99	533	-29976	31.1401f	51.4466	4	1	1	0.0792079	0.118812	0.049505	9.90099e-09	0	0	0	0	0.727273	0.947917	0.260417	0.544643	0.908333	9.90099e-09	0.0990099	9.90099e-09	1	0.135699	0.180791	0.666667	0.666667	0.666667	1	1	56815.1	1e+20	1e+20	78.2876	77.4928	34.5334	54.413	31.1401	51.4466	
157000	-112413	-1338.7	-65534.3	-13674.8	0.161922	1	0.104181	19.1974	2.58032	0.0116016	18.6785	0.592049	4845	99	556	-29976	44.05f	66.7459	4	1	1	0.0891089	0.118812	0.049505	9.90099e-09	0	0	0	0	0.754545	0.949896	0.245868	0.394495	0.872917	9.90099e-09	0.0990099	9.90099e-09	1	0.135983	0.221014	0.666667	0.666667	0.666667	1	1	56815.1	1e+20	1e+20	78.2876	77.4928	34.5334	54.413	44.05	66.7459	
158000	-113482	-1338.7	-66603.2	-13836.8	0.161922	1	0.110615	18.0808	2.77874	0.069792	18.7448	0.517797	4934	99	568	-29976	87.9505f	97.5337	4	1	1	0.0891089	0.118812	0.049505	9.90099e-09	0	0	0	0	0.781818	0.957746	0.252016	0.551724	0.882828	9.90099e-09	0.0990099	9.90099e-09	1	0.148893	0.167254	0.666667	0.666667	0.666667	1	1	56815.1	1e+20	1e+20	78.2876	77.4928	60.8102	95.99	87.9505	97.5337	
159000	-111343	-1338.7	-64464.6	-13588.9	0.160179	1	0.103008	19.416	2.55979	0.0414168	18.7448	0.603597	4798	99	510	-29976	65.3019f	92.9479	4	1	1	0.0891089	0.118812	0.049505	9.90099e-09	0	0	0	0	0.7	0.96	0.202505	0.513761	0.864301	9.90099e-09	0.0990099	9.90099e-09	1	0.10625	0.166667	0.666667	0.666667	0.666667	1	1	56815.1	1e+20	1e+20	78.2876	77.4928	60.8102	95.99	65.3019	92.9479	
160000	-111673	-1338.7	-64793.8	-13647.5	0.160179	1	0.105111	19.0275	2.48616	0.0359442	18.5147	0.609034	4830	99	503	-29976	30.3821f	88.6744	4	1	1	0.0891089	0.118812	0.0792079	9.90099e-09	0	0	0	0	0.672727	0.954545	0.252066	0.472222	0.89876	9.90099e-09	0.0990099	9.90099e-09	1	0.117769	0.174	0.666667	0.666667	0.666667	1	1	56815.1	1e+20	1e+20	78.2876	77.4928	60.8102	95.99	30.3821	88.6744	
161000	-109791	-1338.7	-62912.3	-13331.1	0.158181	1	0.107735	18.564	2.51781	0.0225571	18.5172	0.58673	4658	99	510	-29976	32.5611f	77.1774	4	1	1	0.0891089	0.118812	0.0792079	9.90099e-09	0	0	0	0	0.745455	0.959227	0.199143	0.441176	0.869198	9.90099e-09	0.0990099	9.90099e-09	1	0.0858369	0.191617	0.666667	0.666667	0.666667	1	1	56815.1	1e+20	1e+20	78.2876	77.4928	60.8102	95.99	32.5611	77.1774	
162000	-112474	-1338.7	-65595.4	-13703.6	0.158181	1	0.10985	18.2066	2.56724	0.00800536	18.5172	0.564356	4860	99	551	-29976	41.4881f	50.3074	4	1	1	0.049505	0.118812	0.0792079	9.90099e-09	0	0	0	0	0.709091	0.952965	0.281893	0.508929	0.845679	9.90099e-09	0.0990099	9.90099e-09	1	0.123711	0.181488	0.666667	0.666667	0.666667	1	1	56815.1	1e+20	1e+20	78.2876	77.4928	41.4219	88.2657	41.4881	50.3074	
163000	-109821	-1338.7	-62941.9	-13271.2	0.159391	1	0.11261	17.7604	2.62885	0.0243896	18.4769	0.537621	4625	99	549	-29976	67.1855f	76.7894	4	1	1	0.049505	0.277228	0.0792079	9.90099e-09	0	0	0	0	0.663636	0.944206	0.245161	0.508621	0.848101	9.90099e-09	0.0990099	9.90099e-09	1	0.131749	0.15917	0.666667	0.666667	0.666667	1	1	56815.1	1e+20	1e+20	78.2876	77.4928	41.4219	88.2657	67.1855	76.7894	
164000	-109658	-1338.7	-62779.6	-13274.4	0.155073	1	0.122138	16.3749	2.43486	0.0256978	17.8842	0.535175	4628	99	534	-29976	25.4455f	75.5507	4	1	1	0.049505	0.277228	0.0792079	9.90099e-09	0	0	0	0	0.727273	0.954839	0.179266	0.522936	0.862069	9.90099e-09	0.0990099	9.90099e-09	1	0.114471	0.156489	0.666667	0.666667	0.666667	1	1	56815.1	1e+20	1e+20	56.0021	91.7605	41.4219	88.2657	25.4455	75.5507	
165000	-110098	-1338.7	-63218.8	-13353.5	0.152754	1	0.113377	17.6403	2.05261	0.0381695	17.5245	0.683893	4670	99	533	-29976	60.6001f	92.296	4	1	1	0.049505	0.277228	0.0792079	9.90099e-09	0	0	0	0	0.727273	0.959488	0.234542	0.477064	0.865672	9.90099e-09	0.0990099	9.90099e-09	1	0.138593	0.136882	0.666667	0.666667	0.666667	1	1	56815.1	1e+20	1e+20	78.2876	77.4928	41.4219	88.2657	60.6001	92.296	
166000	-110346	-1338.7	-63467.2	-13370.5	0.152754	1	0.113152	17.6753	2.04855	0.0187241	17.5245	0.686611	4679	99	548	-29976	49.8562f	77.2738	4	1	1	0.049505	0.277228	0.0792079	9.90099e-09	0	0	0	0	0.672727	0.948387	0.224138	0.464286	0.851613	9.90099e-09	0.0990099	9.90099e-09	1	0.105376	0.14781	0.666667	0.666667	0.666667	1	1	56815.1	1e+20	1e+20	96.073	99.1403	41.4219	88.2657	49.8562	77.2738	
167000	-111293	-1338.7	-64414.3	-13425.2	0.155577	1	0.128177	15.6034	2.6302	0.0421434	17.9993	0.472087	4709	99	594	-29976	32.6932f	94.2298	4	1	1	0.049505	0.277228	0.049505	9.90099e-09	0	0	0	0	0.636364	0.949367	0.255814	0.508333	0.859574	9.90099e-09	0.0990099	9.90099e-09	1	0.121019	0.179443	0.666667	0.666667	0.666667	1	1	56815.1	1e+20	1e+20	82.9585	42.6015	41.4219	88.2657	32.6932	94.2298	
168000	-111011	-1338.7	-64131.8	-13369.7	0.154312	1	0.12593	15.8818	2.32485	0.0404069	17.5656	0.54362	4679	99	604	-29976	29.0578f	91.4891	4	1	1	0.049505	0.277228	0.049505	9.90099e-09	0	0	0	0	0.736364	0.916488	0.20985	0.495935	0.859307	9.90099e-09	0.148515	9.90099e-09	1	0.11349	0.155592	0.666667	0.666667	0.666667	1	1	56815.1	1e+20	1e+20	82.9585	42.6015	41.4219	88.2657	29.0578	91.4891	
169000	-107946	-1338.7	-61067.4	-13050.5	0.150335	1	0.120155	16.6451	1.72786	0.0189797	16.6102	0.766601	4509	99	505	-29976	28.8423f	69.4325	4	1	1	0.0594059	0.19802	0.049505	9.90099e-09	0	0	0	0	0.745455	0.946548	0.209354	0.586538	0.848552	9.90099e-09	0.148515	9.90099e-09	1	0.104677	0.138943	0.666667	0.666667	0.666667	1	1	56815.1	1e+20	1e+20	82.9585	42.6015	41.4219	88.2657	28.8423	69.4325	
170000	-109417	-1338.7	-62538.6	-13185	0.150335	1	0.113917	17.5566	2.09705	0.0461802	17.668	0.666227	4580	99	559	-29976	30.3384f	96.0974	4	1	1	0.0594059	0.19802	0.049505	9.90099e-09	0	0	0	0	0.672727	0.958606	0.208333	0.472222	0.873614	9.90099e-09	0.148515	9.90099e-09	1	0.105263	0.163004	0.666667	0.666667	0.666667	1	1	56815.1	1e+20	1e+20	82.9585	42.6015	4.67178	84.5931	30.3384	96.0974	
171000	-108245	-1338.7	-61366	-13008.8	0.149463	1	0.115863	17.2618	2.26063	0.0393145	17.9529	0.607642	4487	99	546	-29976	22.1903f	86.5677	4	1	1	0.0594059	0.19802	0.049505	9.90099e-09	0	0	0	0	0.690909	0.944444	0.193764	0.513761	0.861915	9.90099e-09	0.148515	9.90099e-09	1	0.155902	0.180812	0.666667	0.666667	0.666667	1	1	56815.1	1e+20	1e+20	82.9585	42.6015	4.67178	84.5931	22.1903	86.5677	
172000	-109768	-1338.7	-62889	-13218.9	0.148259	1	0.124419	16.0747	2.58942	0.0479638	18.2819	0.494003	4597	99	572	-29976	8.23643f	80.4413	4	1	1	0.0594059	0.19802	0.049505	9.90099e-09	0	0	0	0	0.745455	0.951648	0.247289	0.444444	0.864629	9.90099e-09	0.148515	9.90099e-09	1	0.112798	0.160517	0.666667	0.666667	0.666667	1	1	56815.1	1e+20	1e+20	6.5105	14.5845	4.67178	84.5931	8.23643	80.4413	
173000	-111092	-1338.7	-64213.4	-13517.7	0.160944	1	0.112113	17.8391	2.46273	0.0717297	18.1539	0.576431	4759	99	534	-29976	3.64152f	94.6977	4	1	1	0.0594059	0.19802	0.0792079	9.90099e-09	0	0	0	0	0.718182	0.943158	0.229958	0.5	0.846316	9.90099e-09	0.148515	9.90099e-09	1	0.122105	0.185393	0.666667	0.666667	0.666667	1	1	56815.1	1e+20	1e+20	6.5105	14.5845	4.67178	84.5931	3.64152	94.6977	
174000	-112687	-1338.7	-65808.6	-13704	0.160944	1	0.1198	16.6945	2.63159	0.0299134	18.1539	0.504832	4861	99	575	-29976	28.3718f	82.3206	4	1	1	0.0594059	0.148515	0.0792079	9.90099e-09	0	0	0	0	0.718182	0.952869	0.240246	0.491071	0.895277	9.90099e-09	0.0891089	9.90099e-09	1	0.147844	0.201786	0.666667	0.666667	0.666667	1	1	56815.1	1e+20	1e+20	6.5105	14.5845	4.67178	84.5931	28.3718	82.3206	
175000	-111561	-1338.7	-64682.8	-13662.3	0.163219	1	0.106635	18.7556	2.35722	0.042831	18.1188	0.63317	4838	99	494	-29976	28.8137f	93.1414	4	1	1	0.0693069	0.148515	0.0792079	9.90099e-09	0	0	0	0	0.718182	0.954639	0.179381	0.578231	0.892784	9.90099e-09	0.0891089	9.90099e-09	1	0.0929752	0.164969	0.666667	0.666667	0.666667	1	1	56815.1	1e+20	1e+20	6.5105	14.5845	4.67178	84.5931	28.8137	93.1414	
176000	-112940	-1338.7	-66061.2	-13791.1	0.164672	1	0.123357	16.2131	2.61428	0.0370274	17.8891	0.493519	4909	99	549	-29976	17.7492f	80.6169	4	1	1	0.0693069	0.148515	0.0792079	9.90099e-09	0	0	0	0	0.763636	0.95112	0.192698	0.517241	0.879837	9.90099e-09	0.0891089	9.90099e-09	1	0.154158	0.161404	0.666667	0.666667	0.666667	1	1	56815.1	1e+20	1e+20	95.5353	53.7319	4.67178	84.5931	17.7492	80.6169	
177000	-114249	-1338.7	-67370.6	-13931.5	0.165963	1	0.0999893	20.0021	2.57186	0.0673324	18.7399	0.618898	4987	99	579	-29976	7.68804f	95.5952	4	1	1	0.0693069	0.148515	0.0792079	9.90099e-09	0	0	0	0	0.7	0.944112	0.296	0.544643	0.8583	9.90099e-09	0.0891089	9.90099e-09	1	0.104208	0.179396	0.666667	0.666667	0.666667	1	1	56815.1	1e+20	1e+20	77.321	80.2016	1.93522	83.7343	7.68804	95.5952	
178000	-112573	-1338.7	-65694.2	-13751.2	0.162465	1	0.0950778	21.0354	2.70399	0.0537937	19.3192	0.619063	4887	99	526	-29976	9.33251f	87.1154	4	1	1	0.0693069	0.148515	0.049505	9.90099e-09	0	0	0	0	0.781818	0.96319	0.267206	0.546296	0.874494	9.90099e-09	0.0891089	9.90099e-09	1	0.120654	0.207477	0.666667	0.666667	0.666667	1	1	56815.1	1e+20	1e+20	77.321	80.2016	1.93522	83.7343	9.33251	87.1154	
179000	-110101	-1338.7	-63221.9	-13430.6	0.157766	1	0.0934102	21.4109	2.57974	0.0290492	19.3192	0.660465	4712	99	481	-29976	28.4831f	81.5498	4	1	1	0.0693069	0.19802	0.049505	9.90099e-09	0	0	0	0	0.709091	0.966173	0.201271	0.475728	0.878151	9.90099e-09	0.0891089	9.90099e-09	1	0.101695	0.165272	0.666667	0.666667	0.666667	1	1	56815.1	1e+20	1e+20	84.3632	63.3673	1.93522	83.7343	28.4831	81.5498	
180000	-112954	-1338.7	-66075.1	-13692.2	0.158621	1	0.104259	19.1829	2.89496	0.0417302	19.3192	0.527306	4854	99	593	-29976	15.5522f	82.9702	4	1	1	0.0792079	0.19802	0.049505	9.90099e-09	0	0	0	0	0.754545	0.953157	0.255144	0.53913	0.881874	9.90099e-09	0.0891089	9.90099e-09	1	0.156379	0.170396	0.666667	0.666667	0.666667	1	1	56815.1	1e+20	1e+20	84.3632	63.3673	1.93522	83.7343	15.5522	82.9702	
181000	-110922	-1338.7	-64043.6	-13488.5	0.155574	1	0.117043	17.0878	2.44983	0.0310312	18.0889	0.55506	4743	99	531	-29976	25.1974f	81.2155	4	1	1	0.0792079	0.19802	0.049505	0.019802	0	0	0	0	0.718182	0.966102	0.232068	0.581818	0.905263	9.90099e-09	0.0891089	9.90099e-09	1	0.117895	0.178967	0.666667	0.666667	0.666667	1	1	56815.1	1e+20	1e+20	84.3632	63.3673	1.93522	83.7343	25.1974	81.2155	
182000	-108929	-1338.7	-62050.1	-13169.4	0.152233	1	0.118627	16.8596	2.42966	0.0172247	18.0889	0.552194	4572	99	522	-29976	38.796f	73.7625	4	1	1	0.0792079	0.19802	0.049505	0.019802	0	0	0	0	0.718182	0.95207	0.228448	0.46789	0.867965	9.90099e-09	0.0891089	9.90099e-09	1	0.0960699	0.141509	0.666667	0.666667	0.666667	1	1	56815.1	1e+20	1e+20	84.3632	63.3673	1.93522	83.7343	38.796	73.7625	
183000	-109126	-1338.7	-62246.9	-13192	0.152233	1	0.118627	16.8596	2.42966	0.0269745	18.0889	0.552194	4584	99	532	-29976	20.1831f	71.3207	4	1	1	0.0792079	0.19802	0.049505	0.019802	0	0	0	0	0.709091	0.938596	0.221007	0.546296	0.880174	9.90099e-09	0.0891089	9.90099e-09	1	0.122004	0.166987	0.666667	0.666667	0.666667	1	1	56815.1	1e+20	1e+20	84.3632	63.3673	1.93522	83.7343	20.1831	71.3207	
184000	-108628	-1338.7	-61749.6	-13141.2	0.152233	1	0.117314	17.0483	2.98933	0.0282148	19.1041	0.453835	4557	99	507	-29976	16.9508f	68.2067	4	1	1	0.0792079	0.19802	0.049505	0.019802	0	0	0	0	0.727273	0.95614	0.244589	0.470588	0.896774	9.90099e-09	0.0891089	9.90099e-09	1	0.109649	0.179641	0.666667	0.666667	0.666667	1	1	56815.1	1e+20	1e+20	84.3632	63.3673	1.93522	83.7343	16.9508	68.2067	
185000	-108252	-1338.7	-61372.8	-13015.1	0.152233	1	0.117554	17.0135	3.05747	0.0429205	19.2022	0.442814	4490	99	537	-29976	2.18338f	45.0389	4	1	1	0.0792079	0.19802	0.009901	0.019802	0	0	0	0	0.745455	0.953642	0.233333	0.541284	0.874172	9.90099e-09	0.0891089	9.90099e-09	1	0.130243	0.188082	0.666667	0.666667	0.666667	1	1	56815.1	1e+20	1e+20	84.3632	63.3673	1.93522	83.7343	2.18338	45.0389	
186000	-110095	-1338.7	-63215.9	-13266.7	0.15006	1	0.114986	17.3935	2.948	0.0378972	19.2022	0.469515	4623	99	566	-29976	15.8331f	79.4493	4	1	1	0.0792079	0.0990099	0.009901	0.019802	0	0	0	0	0.736364	0.963283	0.272138	0.577586	0.846652	9.90099e-09	0.0891089	9.90099e-09	1	0.131749	0.164103	0.666667	0.666667	0.666667	1	1	56815.1	1e+20	1e+20	84.3632	63.3673	1.93522	83.7343	15.8331	79.4493	
187000	-108751	-1338.7	-61872.4	-13096	0.15006	1	0.10844	18.4433	2.59388	0.0376045	18.8721	0.565822	4533	99	542	-29976	6.12231f	59.1597	4	1	1	0.039604	0.0990099	0.009901	0.019802	0	0	0	0	0.790909	0.951327	0.267108	0.519231	0.860927	9.90099e-09	0.118812	9.90099e-09	1	0.112583	0.184015	0.666667	0.666667	0.666667	1	1	56815.1	1e+20	1e+20	84.3632	63.3673	1.93522	83.7343	6.12231	59.1597	
188000	-110518	-1338.7	-63638.9	-13263.7	0.151782	1	0.115683	17.2886	3.16909	0.0110684	19.4674	0.434125	4622	99	599	-29976	33.911f	56.4733	4	1	1	0.039604	0.0990099	0.009901	0.019802	0	0	0	0	0.772727	0.943723	0.231602	0.678571	0.814255	9.90099e-09	0.118812	9.90099e-09	1	0.114471	0.196944	0.666667	0.666667	0.666667	1	1	56815.1	1e+20	1e+20	84.3632	63.3673	1.93522	83.7343	33.911	56.4733	
189000	-109557	-1338.7	-62677.9	-13170	0.155052	1	0.112076	17.845	3.13642	0.0446232	19.4674	0.452763	4572	99	567	-29976	40.1243f	97.8061	4	1	1	0.039604	0.0990099	0.009901	0.019802	0	0	0	0	0.690909	0.938865	0.248918	0.458333	0.84632	9.90099e-09	0.118812	9.90099e-09	1	0.154348	0.1633	0.666667	0.666667	0.666667	1	1	56815.1	1e+20	1e+20	84.3632	63.3673	71.0255	87.1372	40.1243	97.8061	
190000	-109668	-1338.7	-62789.4	-13235.1	0.153713	1	0.112759	17.737	3.0722	0.0268899	19.3796	0.459431	4607	99	543	-29976	62.9082f	82.0235	4	1	1	0.039604	0.0990099	0.009901	0.019802	0	0	0	0	0.772727	0.94181	0.241901	0.553398	0.852495	9.90099e-09	0.118812	9.90099e-09	1	0.135776	0.198543	0.666667	0.666667	0.666667	1	1	56815.1	1e+20	1e+20	84.3632	63.3673	46.8075	53.9363	62.9082	82.0235	
191000	-110928	-1338.7	-64049.2	-13434.3	0.156661	1	0.119551	16.7293	3.31973	0.0096565	19.3796	0.40102	4714	99	549	-29976	51.2843f	62.6115	4	1	1	0.039604	0.0990099	0.0792079	0.019802	0	0	0	0	0.736364	0.963983	0.241525	0.525	0.858051	9.90099e-09	0.118812	9.90099e-09	1	0.184322	0.179795	0.666667	0.666667	0.666667	1	1	56815.1	1e+20	1e+20	84.3632	63.3673	46.8075	53.9363	51.2843	62.6115	
192000	-110710	-1338.7	-63830.8	-13419.4	0.156661	1	0.100213	19.9574	2.93153	0.0143563	19.6336	0.541751	4706	99	535	-29976	63.6189f	64.5633	4	1	1	0.039604	0.108911	0.0792079	9.90099e-09	0	0	0	0	0.818182	0.978632	0.204255	0.519231	0.881104	9.90099e-09	0.118812	9.90099e-09	1	0.121277	0.176699	0.666667	0.666667	0.666667	1	1	56815.1	1e+20	1e+20	84.3632	63.3673	46.8075	53.9363	63.6189	64.5633	
193000	-109421	-1338.7	-62542.5	-13222.2	0.154893	1	0.108141	18.4943	2.93709	0.0123525	19.3273	0.501085	4600	99	528	-29976	64.4357f	56.9414	4	1	1	0.0792079	0.108911	0.0792079	9.90099e-09	0	0	0	0	0.727273	0.954644	0.213823	0.54386	0.885776	9.90099e-09	0.0792079	9.90099e-09	1	0.133909	0.174863	0.666667	0.666667	0.666667	1	1	56815.1	1e+20	1e+20	93.5682	71.2655	46.8075	53.9363	64.4357	56.9414	
194000	-111052	-1338.7	-64173.7	-13475.8	0.154893	1	0.105636	18.933	3.25708	0.0226254	19.9501	0.462574	4736	99	539	-29976	65.5367f	26.4162	4	1	1	0.0792079	0.108911	0.0792079	9.90099e-09	0	0	0	0	0.809091	0.957806	0.254737	0.587719	0.867089	9.90099e-09	0.0792079	9.90099e-09	1	0.139241	0.19666	0.666667	0.666667	0.666667	1	1	56815.1	1e+20	1e+20	93.5682	71.2655	46.8075	53.9363	65.5367	26.4162	
195000	-109710	-1338.7	-62831.6	-13257.6	0.153133	1	0.104023	19.2266	3.17092	0.0128809	19.9501	0.48251	4619	99	536	-29976	39.7066f	67.4835	4	1	1	0.0792079	0.108911	0.0792079	9.90099e-09	0	0	0	0	0.736364	0.96129	0.211663	0.486957	0.847639	9.90099e-09	0.0792079	9.90099e-09	1	0.144086	0.17452	0.666667	0.666667	0.666667	1	1	56815.1	1e+20	1e+20	79.1781	63.0272	46.8075	53.9363	39.7066	67.4835	
196000	-112347	-1338.7	-65468.1	-13553	0.154102	1	0.112567	17.7671	3.20423	0.0168706	19.5805	0.44125	4777	99	614	-29976	63.4581f	69.472	4	1	1	0.0792079	0.108911	0.0792079	9.90099e-09	0	0	0	0	0.763636	0.962025	0.228033	0.5	0.884937	0.009901	0.0792079	9.90099e-09	1	0.146444	0.191104	0.666667	0.666667	0.666667	1	1	56815.1	1e+20	1e+20	79.1781	63.0272	46.8075	53.9363	63.4581	69.472	
197000	-111734	-1338.7	-64855	-13448.3	0.154102	1	0.115438	17.3253	3.17764	0.0216459	19.4171	0.433875	4721	99	618	-29976	57.832f	23.5108	4	1	1	0.0792079	0.108911	0.049505	9.90099e-09	0	0	0	0	0.672727	0.955882	0.249476	0.48	0.832285	0.009901	0.0792079	9.90099e-09	1	0.141649	0.209703	0.666667	0.666667	0.666667	1	1	56815.1	1e+20	1e+20	79.4291	62.2888	46.8075	53.9363	57.832	23.5108	
198000	-112444	-1338.7	-65565.1	-13539.6	0.157525	1	0.11688	17.1116	3.65596	0.0112342	19.9377	0.37246	4771	99	625	-29976	62.3116f	56.7904	4	1	1	0.0792079	0.0990099	0.049505	9.90099e-09	0	0	0	0	0.790909	0.947479	0.247379	0.55	0.875789	0.009901	0.0792079	9.90099e-09	1	0.129707	0.194763	0.666667	0.666667	0.666667	1	1	56815.1	1e+20	1e+20	79.4291	62.2888	46.8075	53.9363	62.3116	56.7904	
199000	-111413	-1338.7	-64534.7	-13508.2	0.157525	1	0.0980477	20.3982	3.0669	0.0157296	19.9377	0.529277	4754	99	552	-29976	69.6244f	57.3543	4	1	1	0.0594059	0.0990099	0.049505	9.90099e-09	0	0	0	0	0.727273	0.964286	0.257447	0.513274	0.853191	0.009901	0.118812	9.90099e-09	1	0.115546	0.206522	0.666667	0.666667	0.666667	1	1	56815.1	1e+20	1e+20	79.4291	62.2888	46.8075	53.9363	69.6244	57.3543	
200000	-110610	-1338.7	-63731.3	-13417.6	0.156644	1	0.0980477	20.3982	3.04975	0.0262919	19.9377	0.532254	4705	99	531	-29976	57.8407f	83.4421	4	1	1	0.0594059	0.0990099	0.049505	9.90099e-09	0	0	0	0	0.809091	0.953586	0.218684	0.446602	0.859873	0.009901	0.118812	9.90099e-09	1	0.116773	0.194393	0.666667	0.666667	0.666667	1	1	56815.1	1e+20	1e+20	79.4291	62.2888	46.8075	53.9363	57.8407	83.4421	
201000	-110175	-1338.7	-63296.1	-13343.5	0.154206	1	0.100592	19.8824	3.08018	0.0159111	19.9377	0.513667	4665	99	526	-29976	27.6954f	61.3953	4	1	1	0.0594059	0.0990099	0.049505	9.90099e-09	0	0	0	0	0.690909	0.953291	0.24359	0.477064	0.87234	0.009901	0.118812	9.90099e-09	1	0.116773	0.218579	0.666667	0.666667	0.666667	1	1	56815.1	1e+20	1e+20	94.9693	60.5182	46.8075	53.9363	27.6954	61.3953	
202000	-110529	-1338.7	-63650.4	-13415.9	0.155743	1	0.0973406	20.5464	3.01033	0.0336048	19.9377	0.54314	4704	99	523	-29976	11.3182f	66.4008	4	1	1	0.0594059	0.0990099	0.009901	9.90099e-09	0	0	0	0	0.754545	0.976744	0.255319	0.504854	0.876858	0.009901	0.118812	9.90099e-09	1	0.110638	0.192233	0.666667	0.666667	0.666667	1	1	56815.1	1e+20	1e+20	94.9693	60.5182	29.6815	87.0233	11.3182	66.4008	
203000	-111119	-1338.7	-64240.2	-13488.4	0.155743	1	0.0963215	20.7638	2.97881	0.0209128	19.9377	0.554694	4743	99	534	-29976	50.906f	22.7207	4	1	1	0.0594059	0.0990099	0.009901	9.90099e-09	0	0	0	0	0.781818	0.9413	0.263158	0.588235	0.892857	0.009901	0.118812	9.90099e-09	1	0.138655	0.183824	0.666667	0.666667	0.666667	1	1	56815.1	1e+20	1e+20	94.9693	60.5182	37.5249	57.1951	50.906	22.7207	
204000	-114283	-1338.7	-67404.3	-13919.2	0.164556	1	0.102316	19.5473	3.28867	0.0231895	19.8558	0.472996	4980	99	581	-29976	78.8602f	50.206	4	1	1	0.0891089	0.0990099	0.009901	9.90099e-09	0	0	0	0	0.754545	0.949799	0.284	0.486957	0.857715	0.009901	0.118812	9.90099e-09	1	0.132265	0.211704	0.666667	0.666667	0.666667	1	1	56815.1	1e+20	1e+20	92.7731	65.3543	46.4924	49.0839	78.8602	50.206	
205000	-115059	-1338.7	-68180.7	-14142.1	0.168416	1	0.093325	21.4305	2.72236	0.0375526	19.2681	0.626436	5105	99	530	-29976	62.0235f	10.9325	4	1	1	0.0891089	0.138614	0.009901	9.90099e-09	0	0	0	0	0.763636	0.960707	0.242126	0.550459	0.864811	0.009901	0.118812	9.90099e-09	1	0.102564	0.216319	0.666667	0.666667	0.666667	1	1	56815.1	1e+20	1e+20	92.7731	65.3543	46.4924	49.0839	62.0235	10.9325	
206000	-114367	-1338.7	-67488.1	-14035.4	0.166651	1	0.100371	19.9261	2.89721	0.00942484	19.2681	0.547309	5045	99	532	-29976	53.2325f	41.115	4	1	1	0.0891089	0.138614	0.009901	9.90099e-09	0	0	0	0	0.709091	0.950298	0.213147	0.496644	0.878728	0.009901	0.118812	9.90099e-09	1	0.140594	0.215213	0.666667	0.666667	0.666667	1	1	56815.1	1e+20	1e+20	92.7731	65.3543	46.4924	49.0839	53.2325	41.115	
207000	-114335	-1338.7	-67456	-14012.5	0.170117	1	0.114833	17.4165	2.83227	0.0103673	18.4301	0.489348	5032	99	542	-29976	40.8942f	39.568	4	1	1	0.0891089	0.138614	0.039604	9.90099e-09	0	0	0	0	0.718182	0.960239	0.214286	0.579439	0.875	0.009901	0.118812	9.90099e-09	1	0.126984	0.185662	0.666667	0.666667	0.666667	1	1	56815.1	1e+20	1e+20	99.7125	66.4978	49.937	58.5075	40.8942	39.568	
208000	-113715	-1338.7	-66836.5	-13805.2	0.170117	1	0.111926	17.8689	3.44204	0.00766148	19.4752	0.413116	4915	99	596	-29976	43.3602f	50.1707	4	1	1	0.0891089	0.138614	0.039604	9.90099e-09	0	0	0	0	0.736364	0.931452	0.254	0.469027	0.857715	0.009901	0.118812	9.90099e-09	1	0.135081	0.216354	0.666667	0.666667	0.666667	1	1	56815.1	1e+20	1e+20	73.3273	83.7471	49.937	58.5075	43.3602	50.1707	
209000	-115089	-1338.7	-68210.7	-14028.1	0.168078	1	0.109909	18.1969	3.5286	0.00973817	19.7453	0.410379	5041	99	597	-29976	41.3133f	41.0399	4	1	1	0.0891089	0.138614	0.039604	9.90099e-09	0	0	0	0	0.718182	0.962598	0.268775	0.53719	0.865613	0.009901	0.0792079	9.90099e-09	1	0.124016	0.191919	0.666667	0.666667	0.666667	1	1	56815.1	1e+20	1e+20	73.3273	83.7471	49.937	58.5075	41.3133	41.0399	
210000	-114125	-1338.7	-67246.6	-13983.8	0.169472	1	0.0955585	20.9296	3.09333	0.00795272	19.7453	0.538424	5016	99	533	-29976	54.0406f	49.3069	4	1	1	0.0891089	0.138614	0.039604	9.90099e-09	0	0	0	0	0.754545	0.956436	0.234714	0.578431	0.864542	9.90099e-09	0.0792079	9.90099e-09	1	0.125498	0.20841	0.666667	0.666667	0.666667	1	1	56815.1	1e+20	1e+20	73.3273	83.7471	49.937	58.5075	54.0406	49.3069	
211000	-115376	-1338.7	-68497.6	-14184.5	0.173058	1	0.0891364	22.4375	2.94651	0.0132119	19.7453	0.605979	5129	99	532	-29976	66.3316f	46.7849	4	1	1	0.0792079	0.217822	0.039604	9.90099e-09	0	0	0	0	0.709091	0.966926	0.235409	0.513514	0.863813	9.90099e-09	0.0792079	9.90099e-09	1	0.101167	0.192748	0.666667	0.666667	0.666667	1	1	56815.1	1e+20	1e+20	62.2673	79.539	49.937	58.5075	66.3316	46.7849	
212000	-116616	-1338.7	-69737.8	-14258.3	0.173927	1	0.101627	19.6797	3.37627	0.00846935	19.7453	0.463844	5171	99	596	-29976	50.9323f	43.2616	4	1	1	0.0792079	0.217822	0.039604	9.90099e-09	0	0	0	0	0.709091	0.947977	0.245174	0.491525	0.863813	9.90099e-09	0.0792079	9.90099e-09	1	0.142857	0.206204	0.666667	0.666667	0.666667	1	1	56815.1	1e+20	1e+20	62.2673	79.539	49.937	58.5075	50.9323	43.2616	
213000	-117564	-1338.7	-70684.9	-14398.4	0.176802	1	0.0938591	21.3085	3.00599	0.0390941	19.4851	0.5641	5251	99	603	-29976	75.3758f	85.1739	4	1	1	0.0792079	0.217822	0.039604	9.90099e-09	0	0	0	0	0.663636	0.952652	0.264259	0.491071	0.870476	9.90099e-09	0.0792079	9.90099e-09	1	0.0971429	0.182906	0.666667	0.666667	0.666667	1	1	56815.1	1e+20	1e+20	62.2673	79.539	49.937	58.5075	75.3758	85.1739	
214000	-118440	-1338.7	-71561.8	-14540.4	0.176802	1	0.0976454	20.4823	3.23561	0.0184175	19.6518	0.503746	5333	99	602	-29976	56.6814f	75.4832	4	1	1	0.0792079	0.217822	0.039604	9.90099e-09	0	0	0	0	0.681818	0.947664	0.232645	0.472868	0.878731	9.90099e-09	0.0792079	9.90099e-09	1	0.140713	0.209627	0.666667	0.666667	0.666667	1	1	56815.1	1e+20	1e+20	62.2673	79.539	22.4929	56.4782	56.6814	75.4832	
215000	-118381	-1338.7	-71501.9	-14490.7	0.179456	1	0.101103	19.7818	3.40049	0.0173698	19.6518	0.46293	5304	99	630	-29976	25.4421f	41.3683	4	1	1	0.0792079	0.217822	0.039604	9.90099e-09	0	0	0	0	0.754545	0.960452	0.233645	0.531746	0.879473	9.90099e-09	0.0792079	9.90099e-09	1	0.114878	0.157143	0.666667	0.666667	0.666667	1	1	56815.1	1e+20	1e+20	90.5209	85.8864	22.4929	56.4782	25.4421	41.3683	
216000	-116512	-1338.7	-69632.9	-14316.4	0.171555	1	0.0978058	20.4487	3.17696	0.013323	19.7019	0.512204	5204	99	562	-29976	36.7768f	66.5159	4	1	1	0.039604	0.217822	0.039604	9.90099e-09	0	0	0	0	0.736364	0.961464	0.225869	0.482456	0.884393	9.90099e-09	0.118812	9.90099e-09	1	0.110039	0.181655	0.666667	0.666667	0.666667	1	1	56815.1	1e+20	1e+20	90.5209	85.8864	30.3263	61.2871	36.7768	66.5159	
217000	-116602	-1338.7	-69722.8	-14302.3	0.171555	1	0.0928699	21.5355	3.05397	0.0147695	19.7626	0.561151	5196	99	576	-29976	31.5493f	64.4984	4	1	1	0.039604	0.19802	0.039604	9.90099e-09	0	0	0	0	0.609091	0.959381	0.288462	0.543103	0.851923	9.90099e-09	0.118812	9.90099e-09	1	0.138462	0.171821	0.666667	0.666667	0.666667	1	1	56815.1	1e+20	1e+20	90.5209	85.8864	30.3263	61.2871	31.5493	64.4984	
218000	-114952	-1338.7	-68072.9	-14063.8	0.167471	1	0.0954045	20.9634	2.98656	0.0272005	19.6387	0.558573	5061	99	563	-29976	66.5002f	80.3349	4	1	1	0.039604	0.19802	0.039604	9.90099e-09	0	0	0	0	0.754545	0.95825	0.248	0.545455	0.848126	9.90099e-09	0.118812	9.90099e-09	1	0.128205	0.188679	0.666667	0.666667	0.666667	1	1	56815.1	1e+20	1e+20	90.5209	85.8864	30.3263	61.2871	66.5002	80.3349	
219000	-116949	-1338.7	-70070.2	-14279.4	0.174413	1	0.098278	20.3504	3.43596	0.017077	19.9849	0.47132	5183	99	617	-29976	67.624f	65.358	4	1	1	0.039604	0.19802	0.039604	9.90099e-09	0	0	0	0	0.654545	0.959302	0.256757	0.559322	0.888247	9.90099e-09	0.118812	9.90099e-09	1	0.131021	0.227787	0.666667	0.666667	0.666667	1	1	56815.1	1e+20	1e+20	90.5209	85.8864	30.3263	61.2871	67.624	65.358	
220000	-117499	-1338.7	-70620.5	-14324.8	0.174441	1	0.100582	19.8842	3.5171	0.0218426	19.9849	0.449898	5209	99	631	-29976	41.8624f	80.0508	4	1	1	0.039604	0.19802	0.0594059	9.90099e-09	0	0	0	0	0.709091	0.946565	0.294455	0.519084	0.854685	9.90099e-09	0.118812	9.90099e-09	1	0.12476	0.18542	0.666667	0.666667	0.666667	1	1	56815.1	1e+20	1e+20	13.5364	5.37874	30.3263	61.2871	41.8624	80.0508	
221000	-116252	-1338.7	-69372.8	-14202.6	0.174441	1	0.0985475	20.2948	3.35891	0.0258677	19.8574	0.480812	5139	99	599	-29976	20.4169f	69.95	4	1	1	0.039604	0.19802	0.0594059	9.90099e-09	0	0	0	0	0.781818	0.957031	0.225681	0.5	0.838521	9.90099e-09	0.0891089	9.90099e-09	1	0.142023	0.214408	0.666667	0.666667	0.666667	1	1	56815.1	1e+20	1e+20	90.5209	85.8864	30.3263	61.2871	20.4169	69.95	
222000	-115079	-1338.7	-68200.1	-14010.5	0.166072	1	0.107041	18.6844	3.43174	0.0298064	19.7977	0.433266	5031	99	606	-29976	31.7901f	84.1302	4	1	1	0.039604	0.19802	0.0594059	9.90099e-09	0	0	0	0	0.645455	0.946322	0.23506	0.591667	0.85119	9.90099e-09	0.0891089	9.90099e-09	1	0.128968	0.175043	0.666667	0.666667	0.666667	1	1	56815.1	1e+20	1e+20	90.5209	85.8864	38.4043	70.5169	31.7901	84.1302	
223000	-113924	-1338.7	-67045.4	-13874.2	0.166884	1	0.0964509	20.7359	3.18905	0.020128	19.9266	0.517432	4955	99	575	-29976	45.1355f	78.7525	4	1	1	0.0594059	0.19802	0.0594059	9.90099e-09	0	0	0	0	0.727273	0.959839	0.231388	0.630252	0.896552	9.90099e-09	0.0891089	9.90099e-09	1	0.148893	0.229825	0.666667	0.666667	0.666667	1	1	56815.1	1e+20	1e+20	87.3262	22.3428	38.4043	70.5169	45.1355	78.7525	
224000	-115473	-1338.7	-68594.3	-14129.4	0.169059	1	0.101756	19.6549	3.40831	0.0211698	19.9266	0.458904	5098	99	569	-29976	60.8315f	25.3159	4	1	1	0.0594059	0.207921	0.0594059	9.90099e-09	0	0	0	0	0.772727	0.949318	0.245098	0.621849	0.882353	9.90099e-09	0.0891089	9.90099e-09	1	0.143137	0.210978	0.666667	0.666667	0.666667	1	1	56815.1	1e+20	1e+20	90.5209	85.8864	38.4043	70.5169	60.8315	25.3159	
225000	-117468	-1338.7	-70589.7	-14367	0.172877	1	0.101899	19.6273	3.49019	0.0268242	19.9266	0.447507	5233	99	616	-29976	44.8486f	85.2334	4	1	1	0.0594059	0.207921	0.019802	0.009901	0	0	0	0	0.718182	0.963602	0.261036	0.512	0.870229	9.90099e-09	0.0891089	9.90099e-09	1	0.133588	0.203673	0.666667	0.666667	0.666667	1	1	56815.1	1e+20	1e+20	68.2194	87.2427	38.4043	70.5169	44.8486	85.2334	
226000	-118159	-1338.7	-71280.7	-14602.4	0.179826	1	0.0915345	21.8497	2.99447	0.042431	19.506	0.58065	5369	99	545	-29976	12.7015f	80.4998	4	1	1	0.0594059	0.207921	0.019802	0.009901	0	0	0	0	0.727273	0.959259	0.250464	0.508772	0.866913	9.90099e-09	0.0891089	9.90099e-09	1	0.112754	0.19823	0.666667	0.666667	0.666667	1	1	56815.1	1e+20	1e+20	68.2194	87.2427	38.4043	70.5169	12.7015	80.4998	
227000	-119260	-1338.7	-72381.3	-14693.3	0.181637	1	0.0962931	20.7699	3.1939	0.0245677	19.5244	0.517493	5422	99	589	-29976	52.6118f	83.0091	4	1	1	0.0594059	0.207921	0.019802	0.009901	0	0	0	0	0.736364	0.954296	0.26789	0.504065	0.882569	9.90099e-09	0.0891089	9.90099e-09	1	0.135036	0.203612	0.666667	0.666667	0.666667	1	1	56815.1	1e+20	1e+20	68.2194	87.2427	57.9585	82.8535	52.6118	83.0091	
228000	-119833	-1338.7	-72954.2	-14700.6	0.186139	1	0.100145	19.9711	3.59563	0.0250198	19.7936	0.441995	5425	99	637	-29976	70.6723f	74.5846	4	1	1	0.0891089	0.207921	0.019802	0.009901	0	0	0	0	0.745455	0.961255	0.280961	0.573643	0.854512	9.90099e-09	0.0891089	9.90099e-09	1	0.123616	0.15674	0.666667	0.666667	0.666667	1	1	56815.1	1e+20	1e+20	92.7403	4.03123	57.9585	82.8535	70.6723	74.5846	
229000	-120785	-1338.7	-73906.4	-14859.2	0.178498	1	0.0977177	20.4671	3.36445	0.0240066	19.7936	0.484097	5518	99	631	-29976	70.6586f	73.2644	4	1	1	0.0891089	0.207921	0.019802	0.009901	0	0	0	0	0.772727	0.961818	0.268248	0.5	0.842391	9.90099e-09	0.128713	9.90099e-09	1	0.115942	0.198697	0.666667	0.666667	0.666667	1	1	56815.1	1e+20	1e+20	73.1093	69.5577	57.9585	82.8535	70.6586	73.2644	
230000	-117509	-1338.7	-70630.8	-14452.1	0.175789	1	0.0935295	21.3836	3.17139	0.0104079	19.7936	0.536565	5282	99	575	-29976	43.1032f	63.9278	4	1	1	0.0891089	0.207921	0.019802	0.009901	0	0	0	0	0.763636	0.956357	0.247637	0.533898	0.882353	9.90099e-09	0.128713	9.90099e-09	1	0.137736	0.193277	0.666667	0.666667	0.666667	1	1	56815.1	1e+20	1e+20	73.1093	69.5577	57.9585	82.8535	43.1032	63.9278	
231000	-118535	-1338.7	-71656.5	-14570.2	0.180974	1	0.103041	19.4097	3.39838	0.0284797	19.5146	0.454503	5350	99	596	-29976	81.5454f	63.1998	4	1	1	0.0891089	0.138614	0.019802	0.009901	0	0	0	0	0.709091	0.953096	0.242991	0.537815	0.900935	9.90099e-09	0.128713	9.90099e-09	1	0.149533	0.202361	0.666667	0.666667	0.666667	1	1	56815.1	1e+20	1e+20	67.0623	79.1449	57.9585	82.8535	81.5454	63.1998	