
# before rand glnL: -39468.764491 alnL: -1229.269521
# ninter: 99
# ncoal: 99
# nhits: 99
# true lbda: 0.002883
# true mu: 0.148732
# true rad: 66.798184
# true sigsq: 10.728501
# true neigh. size: 13.447000
# fst-based estimate of neighborhood size: -nan
# nucleotide diversity: 0.000000
# length of a generation: 18271.1 time units
# clock rate: 1 subst. per time unit
# after rand glnL: -39468.764491 alnL: -1229.269521
# ninter: 99
# ncoal: 99
# nhits: 99
# start lbda: 0.002883
# start mu: 0.148732
# start rad: 14.252547
sample	lnP	alnL	glnL	tlnL	lbda	clock	mu	neigh	sigsq	sigsqobs	rad	rhoe	nInt	nCoal	nHit	rootTime	rootLon	rootLat	tstv	alpha	MeanBr	accLbda	accMu	accRad	accInDelDisk	accInDelHit	accScaleTime	accSPR	accSPRlocal	accPath	accIndelDiskSerial	accIndelHitSerial	accLdskGivenDisk	accDiskGivenLdsk	accDiskAndLdsk	accLdskMulti	accDiskMulti	accMoveDiskUD	accAddRemoveJump	accLdskTipToRoot	tuneLbda	tuneRad	tuneMu	tuneIndelDisk	tuneIndelHit	tuneLdskGivenDisk	tuneIndelDiskSerial	tuneIndelHitSerial	c0	c1	rootc0	rootc1	rootldsk0	rootldsk1	
  1000	-52497.3	-1229.27	-5728	-1483.66	0.0067547	1	0.163652	12.221	0.205062	0.0209897	19.6014	4.74256	250	99	116	-34684.4	40.8134f	12.8893	4	1	1	0	0	0	0	0	0	0	0	0.981818	0.830508	0.281553	0.398148	0.485437	0	0	0	1	0.206612	0.12069	1	1	1	1	1	2.25	7.59375	3.375	14.1055	44.7795	28.2539	13.0266	40.8134	12.8893	
  2000	-55572.6	-1229.27	-8803.36	-2427.04	0.0134982	1	0.193062	10.3594	0.483427	0.0260079	19.6014	1.70527	455	99	141	-34684.4	8.75271f	38.8225	4	1	1	0	0	0	0	0	0	0	0	0.954545	0.849624	0.240602	0.396396	0.751938	0	0	0	1	0.155556	0.244898	1	1	1	1	1	5.0625	437.894	38.4434	5.34373	20.7967	28.2539	13.0266	8.75271	38.8225	
  3000	-57337.9	-1229.27	-10568.6	-2941.81	0.0155452	1	0.186961	10.6974	0.539144	0.0275672	19.6014	1.57893	577	99	155	-34684.4	21.615f	16.4357	4	1	1	0	0	0	0	0	0	0	0	0.963636	0.9375	0.294643	0.490196	0.723214	0	0	0	1	0.122807	0.417178	1	1	1	1	1	17.0859	127834	16834.1	38.0596	9.33295	11.8902	9.48791	21.615	16.4357	
  4000	-59031.1	-1229.27	-12261.9	-3357.75	0.0175503	1	0.206206	9.69905	0.671341	0.0113006	19.6014	1.14968	680	99	184	-34684.4	30.2103f	29.9967	4	1	1	0	0	0	0	0	0	0	0	0.954545	0.885496	0.292308	0.405941	0.740458	0	0	0	1	0.104478	0.25	1	1	1	1	1	57.665	1.2595e+08	4987.89	38.0596	9.33295	11.8902	9.48791	30.2103	29.9967	
  5000	-59096.1	-1229.27	-12326.8	-3406.26	0.0175503	1	0.19786	10.1082	0.644169	0.0368828	19.6014	1.24871	692	99	179	-34684.4	9.47685f	19.2551	4	1	1	0	0	0	0	0	0	0	0	0.918182	0.950355	0.197183	0.522124	0.744828	0	0	0	1	0.141844	0.13369	1	1	1	1	1	291.929	1.24094e+11	4987.89	38.0596	9.33295	11.8902	9.48791	9.47685	19.2551	
  6000	-59799.3	-1229.27	-13030	-3579.43	0.0215371	1	0.197798	10.1113	0.790253	0.0209735	19.6014	1.0182	738	99	190	-34684.4	35.6636f	14.5241	4	1	1	0	0.148515	0	0	0	0	0	0	0.963636	0.82	0.324324	0.564103	0.62585	0	0	0.0693069	1	0.168919	0.0994475	1	1	0.666667	1	1	985.261	8.15097e+13	56815.1	38.0596	9.33295	15.2667	9.62568	35.6636	14.5241	
  7000	-61930.4	-1229.27	-15161.1	-4135.26	0.0254533	1	0.205749	9.72057	0.971494	0.022429	19.6014	0.796236	886	99	208	-34684.4	47.2204f	10.6389	4	1	1	0	0.148515	0.019802	0	0	0	0	0	0.9	0.909091	0.19774	0.555556	0.741573	0	0.0693069	0.0693069	1	0.135593	0.180905	1	0.666667	0.666667	1	1	2216.84	3.56926e+16	191751	38.0596	9.33295	61.6047	7.97908	47.2204	10.6389	
  8000	-63540.3	-1229.27	-16771	-4532.71	0.0297381	1	0.195058	10.2534	1.07605	0.00121479	19.6014	0.758272	996	99	224	-34684.4	57.5337f	47.4619	4	1	1	0.227723	0.148515	0.019802	0	0	0	0	0	0.9	0.909548	0.255	0.54955	0.765	0	0.0693069	0.0693069	1	0.17	0.160714	0.666667	0.666667	0.666667	1	1	4987.89	2.34444e+19	1.6586e+07	38.0596	9.33295	61.6047	7.97908	57.5337	47.4619	
  9000	-65758.3	-1229.27	-18989	-5081.94	0.0320356	1	0.197296	10.137	1.25637	0.0317263	19.943	0.642071	1154	99	238	-34684.4	45.5889f	3.23877	4	1	1	0.227723	0.148515	0.019802	0	0	0	0	0	0.918182	0.886957	0.350877	0.533981	0.808696	0	0.0693069	0.0693069	1	0.165217	0.278884	0.666667	0.666667	0.666667	1	1	25251.2	1e+20	8.27291e+10	38.0596	9.33295	61.6047	7.97908	45.5889	3.23877	
 10000	-66070.4	-1229.27	-19301.2	-5101.66	0.0329353	1	0.196541	10.176	1.28672	0.0212212	19.943	0.629337	1160	99	262	-34684.4	42.4811f	12.3176	4	1	1	0.227723	0.148515	0.019802	0	0	0	0	0	0.890909	0.965812	0.358974	0.603774	0.739496	0	0.0693069	0.0693069	1	0.128205	0.13308	0.666667	0.666667	0.666667	1	1	85222.7	1e+20	3.13351e+15	38.0596	9.33295	70.3787	12.8642	42.4811	12.3176	
 11000	-66168.5	-1229.27	-19399.3	-5138.86	0.0336415	1	0.227753	8.78144	1.52303	0.0102143	19.943	0.458827	1171	99	259	-34684.4	61.7087f	26.4452	4	1	1	0.227723	0.148515	0.019802	0	0	0	0	0	0.881818	0.89916	0.210084	0.605769	0.805085	0	0.0693069	0.0693069	1	0.152542	0.289575	0.666667	0.666667	0.666667	1	1	85222.7	1e+20	3.13351e+15	15.4042	20.2915	70.3787	12.8642	61.7087	26.4452	
 12000	-66108.8	-1229.27	-19339.6	-5132.08	0.0336415	1	0.240089	8.33025	1.58098	0.00172823	19.8663	0.419297	1169	99	259	-34684.4	53.2635f	40.2867	4	1	1	0.227723	0.178218	0.019802	0.019802	0	0	0	0	0.9	0.949153	0.254237	0.486239	0.728814	0	0.0693069	0.0693069	1	0.179487	0.277978	0.666667	0.666667	0.666667	1	1	85222.7	1e+20	3.13351e+15	9.64473	13.7743	70.3787	12.8642	53.2635	40.2867	
 13000	-67764.2	-1229.27	-20994.9	-5582.24	0.0374937	1	0.205255	9.74397	1.50637	0.0286349	19.8663	0.514748	1304	99	251	-34684.4	63.2714f	7.58086	4	1	1	0.227723	0.178218	0.019802	0.019802	0	0	0	0	0.918182	0.939394	0.251908	0.540541	0.816794	0	0.0693069	9.90099e-09	1	0.186047	0.265455	0.666667	0.666667	0.666667	1	1	85222.7	1e+20	3.13351e+15	9.64473	13.7743	70.3787	12.8642	63.2714	7.58086	
 14000	-70182.6	-1229.27	-23413.4	-6063.36	0.04082	1	0.242503	8.24732	1.93762	0.000426461	19.8663	0.338715	1453	99	307	-34684.4	50.5191f	46.1966	4	1	1	0.108911	0.178218	0.019802	0.019802	0	0	0	0	0.918182	0.924658	0.197279	0.52	0.763889	0	0.0693069	9.90099e-09	1	0.157534	0.279221	0.666667	0.666667	0.666667	1	1	85222.7	1e+20	3.13351e+15	9.64473	13.7743	70.3787	12.8642	50.5191	46.1966	
 15000	-70492.6	-1229.27	-23723.3	-6199.49	0.0417175	1	0.201998	9.90109	1.64947	0.0163466	19.8663	0.477671	1496	99	282	-34684.4	82.0581f	57.8218	4	1	1	0.108911	0.178218	0.019802	0.019802	0	0	0	0	0.909091	0.973684	0.266667	0.579832	0.826667	0.009901	0.0891089	9.90099e-09	1	0.173333	0.237762	0.666667	0.666667	0.666667	1	1	85222.7	1e+20	3.13351e+15	9.64473	13.7743	76.6158	17.4753	82.0581	57.8218	
 16000	-72175.9	-1229.27	-25406.6	-6537.43	0.0462667	1	0.206166	9.70093	1.77024	0.0379366	19.6035	0.436085	1605	99	314	-34684.4	70.701f	3.22646	4	1	1	0.108911	0.178218	0.019802	0.019802	0	0	0	0	0.872727	0.90625	0.2	0.55	0.795031	0.009901	0.0891089	9.90099e-09	1	0.217391	0.31058	0.666667	0.666667	0.666667	1	1	85222.7	1e+20	3.13351e+15	54.1347	17.7821	88.9859	37.7159	70.701	3.22646	
 17000	-72501.2	-1229.27	-25731.9	-6665.99	0.0472089	1	0.197954	10.1034	1.73434	0.0101575	19.6035	0.463578	1647	99	297	-34684.4	75.8343f	50.2821	4	1	1	0.108911	0.306931	0.019802	0.019802	0	0	0	0	0.863636	0.951807	0.290909	0.513761	0.810976	0.009901	0.0891089	9.90099e-09	1	0.182927	0.266917	0.666667	0.666667	0.666667	1	1	85222.7	1e+20	3.13351e+15	54.1347	17.7821	88.9859	37.7159	75.8343	50.2821	
 18000	-73004.7	-1229.27	-26235.4	-6736.01	0.0475591	1	0.199462	10.027	1.8307	0.00625451	19.7961	0.435856	1670	99	313	-34684.4	67.2599f	60.1091	4	1	1	0.108911	0.306931	0.019802	0.019802	0	0	0	0	0.9	0.903614	0.239521	0.413793	0.807229	0.009901	0.0891089	9.90099e-09	1	0.162651	0.265372	0.666667	0.666667	0.666667	1	1	85222.7	1e+20	3.13351e+15	54.1347	17.7821	88.9859	37.7159	67.2599	60.1091	
 19000	-73928.1	-1229.27	-27158.8	-6950.22	0.0490699	1	0.192348	10.3978	1.54367	0.00803437	18.9937	0.536017	1741	99	319	-34684.4	45.6977f	26.8665	4	1	1	0.148515	0.306931	0.019802	0.019802	0	0	0	0	0.9	0.937143	0.194286	0.507813	0.842105	0.009901	0.0891089	9.90099e-09	1	0.231214	0.294671	0.666667	0.666667	0.666667	1	1	85222.7	1e+20	3.13351e+15	54.1347	17.7821	88.9859	37.7159	45.6977	26.8665	
 20000	-75474	-1229.27	-28704.8	-7337.33	0.0528177	1	0.201103	9.94517	1.92125	0.0196295	19.478	0.411926	1872	99	314	-34684.4	81.7304f	32.12	4	1	1	0.148515	0.306931	0.019802	0.019802	0	0	0	0	0.890909	0.957447	0.196809	0.515152	0.78836	0.009901	0.0891089	0.009901	1	0.180851	0.309091	0.666667	0.666667	0.666667	1	1	85222.7	1e+20	3.13351e+15	54.1347	17.7821	88.3251	35.0276	81.7304	32.12	
 21000	-78466.6	-1229.27	-31697.3	-7916.08	0.0595944	1	0.211184	9.47042	1.97955	0.0122365	18.8093	0.380709	2074	99	367	-34684.4	74.0592f	65.1251	4	1	1	0.148515	0.306931	0.019802	0.019802	0	0	0	0	0.772727	0.951456	0.294686	0.476636	0.815534	0.009901	0.108911	0.009901	1	0.135922	0.262295	0.666667	0.666667	0.666667	1	1	85222.7	1e+20	3.13351e+15	54.1347	17.7821	88.3251	35.0276	74.0592	65.1251	
 22000	-78697	-1229.27	-31927.7	-7925.29	0.0582574	1	0.21165	9.44958	2.20955	0.0161638	19.4326	0.340329	2077	99	383	-34684.4	80.901f	38.6211	4	1	1	0.148515	0.306931	0.019802	0.019802	0	0	0	0	0.909091	0.951456	0.25	0.582609	0.805825	0.009901	0.108911	0.009901	1	0.192308	0.306905	0.666667	0.666667	0.666667	1	1	85222.7	1e+20	3.13351e+15	54.1347	17.7821	88.3251	35.0276	80.901	38.6211	
 23000	-79265.3	-1229.27	-32496.1	-8031.23	0.0615051	1	0.216354	9.24411	2.47836	0.00964108	19.6209	0.296819	2115	99	393	-34684.4	71.253f	36.253	4	1	1	0.148515	0.217822	0.019802	0.019802	0	0	0	0	0.836364	0.909953	0.225806	0.57377	0.819905	0.009901	0.108911	0.009901	1	0.160377	0.302799	0.666667	0.666667	0.666667	1	1	85222.7	1e+20	3.13351e+15	54.1347	17.7821	88.3251	35.0276	71.253	36.253	
 24000	-80017.1	-1229.27	-33247.9	-8220.31	0.0626155	1	0.19331	10.3461	2.30817	0.00434948	19.737	0.356696	2183	99	383	-34684.4	61.5486f	37.8516	4	1	1	0.148515	0.217822	0.019802	0.019802	0	0	0	0	0.845455	0.95	0.286364	0.491071	0.825112	0.009901	0.108911	0.009901	1	0.164384	0.310256	0.666667	0.666667	0.666667	1	1	85222.7	1e+20	3.13351e+15	50.4665	5.98193	88.3251	35.0276	61.5486	37.8516	
 25000	-81387.1	-1229.27	-34617.8	-8492.2	0.0646648	1	0.198915	10.0545	2.56494	0.0222203	19.9587	0.311943	2282	99	398	-34684.4	86.4174f	36.7933	4	1	1	0.148515	0.217822	0.019802	0.019802	0	0	0	0	0.9	0.929825	0.299559	0.570248	0.820961	0.009901	0.108911	0.009901	1	0.20524	0.244216	0.666667	0.666667	0.666667	1	1	85222.7	1e+20	3.13351e+15	50.4665	5.98193	88.3251	35.0276	86.4174	36.7933	
 26000	-81100.1	-1229.27	-34330.8	-8473.01	0.0664713	1	0.193502	10.3358	2.58256	0.0159264	19.9931	0.318482	2275	99	381	-34684.4	81.0534f	59.774	4	1	1	0.0693069	0.217822	0.0891089	0.019802	0	0	0	0	0.836364	0.942731	0.242291	0.460317	0.803493	0.009901	0.108911	0.009901	1	0.189427	0.297158	0.666667	0.666667	0.666667	1	1	85222.7	1e+20	3.13351e+15	41.4789	11.5779	88.3251	35.0276	81.0534	59.774	
 27000	-82340.6	-1229.27	-35571.3	-8730.55	0.0664713	1	0.197034	10.1505	2.62971	0.0250279	19.9931	0.307165	2370	99	388	-34684.4	85.9111f	29.7803	4	1	1	0.0693069	0.217822	0.0891089	0.019802	0	0	0	0	0.836364	0.932773	0.261603	0.542373	0.827004	0.009901	0.0990099	9.90099e-09	1	0.12605	0.296392	0.666667	0.666667	0.666667	1	1	85222.7	1e+20	3.13351e+15	41.4789	11.5779	88.3251	35.0276	85.9111	29.7803	
 28000	-84225.6	-1229.27	-37456.4	-9009.38	0.0703295	1	0.210498	9.50129	2.97246	0.0548432	19.9931	0.254365	2475	99	450	-34684.4	99.1073f	13.2504	4	1	1	0.0693069	0.217822	0.0891089	0.019802	0	0	0	0	0.890909	0.927419	0.257028	0.481203	0.782258	0.009901	0.0990099	9.90099e-09	1	0.197581	0.385135	0.666667	0.666667	0.666667	1	1	85222.7	1e+20	3.13351e+15	41.4789	11.5779	88.3251	35.0276	99.1073	13.2504	
 29000	-84003.4	-1229.27	-37234.1	-9040.86	0.0723	1	0.224779	8.89762	2.57418	0.0348299	18.8423	0.275058	2487	99	418	-34684.4	98.5767f	50.7059	4	1	1	0.0693069	0.217822	0.0891089	0.019802	0	0	0	0	0.909091	0.948	0.234127	0.5	0.824	0.009901	0.0990099	9.90099e-09	1	0.144578	0.318396	0.666667	0.666667	0.666667	1	1	85222.7	1e+20	3.13351e+15	41.4789	11.5779	88.3251	35.0276	98.5767	50.7059	
 30000	-84361.5	-1229.27	-37592.2	-9183	0.0696592	1	0.190106	10.5204	2.52929	0.0426546	19.7448	0.330998	2540	99	389	-34684.4	82.2493f	6.4928	4	1	1	0.0693069	0.168317	0.0891089	0.019802	0	0	0	0	0.854545	0.936255	0.247012	0.569106	0.844	9.90099e-09	0.0990099	9.90099e-09	1	0.184	0.277635	0.666667	0.666667	0.666667	1	1	85222.7	1e+20	3.13351e+15	41.4789	11.5779	88.3251	35.0276	82.2493	6.4928	
 31000	-83304.4	-1229.27	-36535.2	-8948.85	0.0722111	1	0.190106	10.5204	2.54014	0.00131931	19.589	0.329584	2452	99	388	-34684.4	54.2466f	42.4513	4	1	1	0.0891089	0.168317	0.0891089	0.019802	0	0	0	0	0.881818	0.930894	0.260163	0.508197	0.804878	9.90099e-09	0.0990099	9.90099e-09	1	0.150407	0.306701	0.666667	0.666667	0.666667	1	1	85222.7	1e+20	3.13351e+15	41.4789	11.5779	43.3773	4.23064	54.2466	42.4513	
 32000	-83996.8	-1229.27	-37227.5	-9145.96	0.0722111	1	0.189911	10.5312	2.36405	0.0142039	19.2452	0.354498	2527	99	369	-34684.4	34.8099f	22.4048	4	1	1	0.0891089	0.168317	0.049505	0.019802	0	0	0	0	0.909091	0.952381	0.245059	0.478992	0.862348	9.90099e-09	0.0990099	9.90099e-09	1	0.134921	0.314363	0.666667	0.666667	0.666667	1	1	85222.7	1e+20	3.13351e+15	41.4789	11.5779	39.0943	19.4268	34.8099	22.4048	
 33000	-84778	-1229.27	-38008.7	-9239.99	0.0732755	1	0.190376	10.5055	2.40476	0.00220948	19.2452	0.347646	2563	99	404	-34684.4	37.9982f	51.6162	4	1	1	0.0891089	0.168317	0.049505	0.029703	0	0	0	0	0.845455	0.94186	0.264591	0.557377	0.805447	9.90099e-09	0.0990099	9.90099e-09	1	0.151751	0.29703	0.666667	0.666667	0.666667	1	1	85222.7	1e+20	3.13351e+15	4.55948	21.0901	39.0943	19.4268	37.9982	51.6162	
 34000	-85228.8	-1229.27	-38459.6	-9341.92	0.0732755	1	0.181226	11.0359	2.41877	0.0572036	19.512	0.363082	2602	99	401	-34684.4	3.93307f	6.59352	4	1	1	0.0891089	0.168317	0.049505	0.029703	0	0	0	0	0.872727	0.95	0.250965	0.526316	0.826255	9.90099e-09	0.0990099	9.90099e-09	1	0.166023	0.27551	0.666667	0.666667	0.666667	1	1	85222.7	1e+20	3.13351e+15	4.55948	21.0901	39.0943	19.4268	3.93307	6.59352	
 35000	-86865.8	-1229.27	-40096.5	-9736.92	0.0753006	1	0.175966	11.3658	2.42792	0.000290034	19.5411	0.372526	2755	99	383	-34684.4	48.0233f	51.2351	4	1	1	0.0891089	0.168317	0.049505	0.029703	0	0	0	0	0.918182	0.934783	0.263538	0.583333	0.841155	9.90099e-09	0.0990099	9.90099e-09	1	0.119565	0.279373	0.666667	0.666667	0.666667	1	1	85222.7	1e+20	3.13351e+15	43.5715	2.95534	39.0943	19.4268	48.0233	51.2351	
 36000	-86119.5	-1229.27	-39350.2	-9621.52	0.0792486	1	0.178569	11.2002	2.59301	0.0149274	19.5411	0.343725	2711	99	363	-34684.4	22.5813f	32.7726	4	1	1	0.0891089	0.168317	0.049505	0.029703	0	0	0	0	0.881818	0.941176	0.220588	0.463636	0.838235	9.90099e-09	0.0990099	9.90099e-09	1	0.143382	0.266484	0.666667	0.666667	0.666667	1	1	85222.7	1e+20	3.13351e+15	10.5496	49.1379	39.0943	19.4268	22.5813	32.7726	
 37000	-87829.3	-1229.27	-41060	-9834.48	0.0792486	1	0.191407	10.4489	2.90226	0.0104567	19.7535	0.2865	2795	99	429	-34684.4	23.7777f	56.4042	4	1	1	0.0891089	0.168317	0.049505	0.029703	0	0	0	0	0.890909	0.957447	0.224199	0.507463	0.825623	9.90099e-09	0.0990099	9.90099e-09	1	0.156584	0.333333	0.666667	0.666667	0.666667	1	1	85222.7	1e+20	3.13351e+15	10.5496	49.1379	39.0943	19.4268	23.7777	56.4042	
 38000	-89186.8	-1229.27	-42417.5	-10161.1	0.0837097	1	0.182775	10.9424	2.83726	0.00833485	19.5997	0.306905	2926	99	412	-34684.4	26.9505f	56.8826	4	1	1	0.049505	0.168317	0.049505	0.029703	0	0	0	0	0.927273	0.931973	0.221088	0.55814	0.888136	9.90099e-09	0.0990099	9.90099e-09	1	0.136054	0.296296	0.666667	0.666667	0.666667	1	1	85222.7	1e+20	3.13351e+15	10.5496	49.1379	39.0943	19.4268	26.9505	56.8826	
 39000	-90402.3	-1229.27	-43633	-10442	0.0851245	1	0.161505	12.3835	2.38501	0.0344388	19.2757	0.413184	3040	99	398	-34684.4	42.3195f	1.64176	4	1	1	0.049505	0.168317	0.049505	0.029703	0	0	0	0	0.836364	0.957377	0.233553	0.532787	0.854785	9.90099e-09	0.0990099	9.90099e-09	1	0.115132	0.270408	0.666667	0.666667	0.666667	1	1	85222.7	1e+20	3.13351e+15	10.5496	49.1379	54.6353	43.4162	42.3195	1.64176	
 40000	-90675.1	-1229.27	-43905.8	-10426.1	0.0876931	1	0.178964	11.1754	2.72258	0.0110628	19.2757	0.326643	3034	99	428	-34684.4	67.3082f	28.8883	4	1	1	0.049505	0.168317	0.049505	0.029703	0	0	0	0	0.890909	0.947195	0.226974	0.439024	0.8125	9.90099e-09	0.138614	9.90099e-09	1	0.144737	0.278894	0.666667	0.666667	0.666667	1	1	85222.7	1e+20	3.13351e+15	10.5496	49.1379	54.6353	43.4162	67.3082	28.8883	
 41000	-92349.8	-1229.27	-45580.5	-10708.6	0.0875097	1	0.161411	12.3907	2.414	0.0161549	19.2037	0.408461	3150	99	460	-34684.4	79.7475f	63.7966	4	1	1	0.049505	0.237624	0.049505	0.029703	0	0	0	0	0.918182	0.961538	0.221519	0.460993	0.790997	9.90099e-09	0.138614	9.90099e-09	1	0.14557	0.262115	0.666667	0.666667	0.666667	1	1	85222.7	1e+20	3.13351e+15	10.5496	49.1379	54.6353	43.4162	79.7475	63.7966	
 42000	-91918.7	-1229.27	-45149.4	-10656.1	0.0896104	1	0.15647	12.782	2.47354	0.0106834	19.3566	0.411215	3129	99	437	-34684.4	76.4228f	47.4746	4	1	1	0.049505	0.237624	0.049505	0.029703	0	0	0	0	0.881818	0.92926	0.23301	0.428571	0.803859	0.009901	0.138614	9.90099e-09	1	0.135922	0.265033	0.666667	0.666667	0.666667	1	1	85222.7	1e+20	3.13351e+15	10.5496	49.1379	54.6353	43.4162	76.4228	47.4746	
 43000	-93475.9	-1229.27	-46706.7	-10895.3	0.091782	1	0.173779	11.5089	2.95296	0.000392467	19.5918	0.310145	3229	99	479	-34684.4	50.554f	46.5489	4	1	1	0.049505	0.237624	0.049505	0.029703	0	0	0	0	0.881818	0.95625	0.225309	0.492754	0.84858	0.009901	0.138614	9.90099e-09	1	0.154321	0.277419	0.666667	0.666667	0.666667	1	1	85222.7	1e+20	3.13351e+15	10.5496	49.1379	54.6353	43.4162	50.554	46.5489	
 44000	-93903.4	-1229.27	-47134.1	-11011.3	0.0931364	1	0.170539	11.7275	2.94068	0.0319117	19.5918	0.317357	3278	99	464	-34684.4	81.5228f	15.486	4	1	1	0.0792079	0.237624	0.0693069	0.029703	0	0	0	0	0.827273	0.942771	0.247734	0.492754	0.8429	0.009901	0.138614	9.90099e-09	1	0.134146	0.264317	0.666667	0.666667	0.666667	1	1	85222.7	1e+20	3.13351e+15	17.6954	77.5784	54.6353	43.4162	81.5228	15.486	
 45000	-94060.3	-1229.27	-47291	-11053.4	0.0948419	1	0.168189	11.8914	2.9313	0.00206132	19.5552	0.32282	3296	99	459	-34684.4	54.3473f	60.0463	4	1	1	0.0792079	0.237624	0.0693069	9.90099e-09	0	0	0	0	0.854545	0.933131	0.212308	0.529851	0.846154	0.009901	0.138614	9.90099e-09	1	0.121581	0.281319	0.666667	0.666667	0.666667	1	1	85222.7	1e+20	3.13351e+15	17.6954	77.5784	54.6353	43.4162	54.3473	60.0463	
 46000	-94476	-1229.27	-47706.8	-11126.4	0.0948419	1	0.173309	11.5401	2.97426	0.00483133	19.4799	0.308759	3327	99	465	-34684.4	42.3328f	33.478	4	1	1	0.0792079	0.158416	0.0693069	9.90099e-09	0	0	0	0	0.827273	0.952522	0.233533	0.48227	0.810089	0.009901	0.138614	9.90099e-09	1	0.170149	0.289256	0.666667	0.666667	0.666667	1	1	85222.7	1e+20	3.13351e+15	17.6954	77.5784	54.6353	43.4162	42.3328	33.478	
 47000	-94204.7	-1229.27	-47435.4	-11143	0.0975685	1	0.148945	13.4278	2.62962	0.0114359	19.4799	0.406351	3334	99	428	-34684.4	70.6762f	68.0623	4	1	1	0.0792079	0.158416	0.0693069	9.90099e-09	0	0	0	0	0.881818	0.951662	0.281437	0.522059	0.865269	0.009901	0.158416	0.009901	1	0.146707	0.25	0.666667	0.666667	0.666667	1	1	85222.7	1e+20	3.13351e+15	17.6954	77.5784	54.6353	43.4162	70.6762	68.0623	
 48000	-96353.9	-1229.27	-49584.6	-11448	0.0974064	1	0.157315	12.7133	2.89589	0.0156744	19.6926	0.349356	3465	99	485	-34684.4	60.3965f	80.7144	4	1	1	0.0792079	0.158416	0.0693069	9.90099e-09	0	0	0	0	0.818182	0.953623	0.246377	0.594595	0.878261	0.009901	0.158416	0.009901	1	0.158501	0.298969	0.666667	0.666667	0.666667	1	1	85222.7	1e+20	3.13351e+15	17.6954	77.5784	83.4923	68.2122	60.3965	80.7144	
 49000	-95131.7	-1229.27	-48362.4	-11294.2	0.0981716	1	0.1427	14.0154	2.64748	0.0376035	19.6926	0.421274	3399	99	441	-34684.4	89.6816f	81.2065	4	1	1	0.0792079	0.158416	0.0693069	9.90099e-09	0	0	0	0	0.854545	0.965015	0.263768	0.55303	0.833819	0.009901	0.158416	0.009901	1	0.121739	0.293023	0.666667	0.666667	0.666667	1	1	85222.7	1e+20	3.13351e+15	17.6954	77.5784	83.4923	68.2122	89.6816	81.2065	
 50000	-96320	-1229.27	-49550.7	-11486.8	0.102504	1	0.142575	14.0277	2.76189	0.00525769	19.6926	0.404176	3482	99	461	-34684.4	59.7232f	65.5102	4	1	1	0.0792079	0.158416	0.039604	9.90099e-09	0	0	0	0	0.872727	0.951567	0.247126	0.449275	0.862857	0.009901	0.158416	0.009901	1	0.114613	0.268889	0.666667	0.666667	0.666667	1	1	85222.7	1e+20	3.13351e+15	17.6954	77.5784	83.4923	68.2122	59.7232	65.5102	
 51000	-97305.6	-1229.27	-50536.4	-11738.1	0.101222	1	0.150456	13.2929	3.04086	0.0607093	19.9653	0.347868	3592	99	444	-34684.4	98.2741f	92.5397	4	1	1	0.0594059	0.158416	0.039604	9.90099e-09	0	0	0	0	0.881818	0.941989	0.25	0.515625	0.848066	0.009901	0.158416	0.009901	1	0.127072	0.254545	0.666667	0.666667	0.666667	1	1	85222.7	1e+20	3.13351e+15	17.6954	77.5784	83.4923	68.2122	98.2741	92.5397	
 52000	-98387	-1229.27	-51617.7	-11943.7	0.103315	1	0.152844	13.0852	2.96052	0.000632721	19.6534	0.351725	3683	99	443	-34684.4	48.9916f	44.5318	4	1	1	0.0594059	0.277228	0.039604	9.90099e-09	0	0	0	0	0.818182	0.967213	0.233062	0.470149	0.86413	0.009901	0.158416	9.90099e-09	1	0.135501	0.316742	0.666667	0.666667	0.666667	1	1	85222.7	1e+20	3.13351e+15	17.6954	77.5784	83.4923	68.2122	48.9916	44.5318	
 53000	-98219.9	-1229.27	-51450.6	-11845.8	0.103951	1	0.145871	13.7108	2.84286	0.0297409	19.6534	0.383793	3640	99	471	-34684.4	94.4384f	43.8054	4	1	1	0.0594059	0.277228	0.039604	9.90099e-09	0	0	0	0	0.872727	0.975207	0.239011	0.566434	0.837466	9.90099e-09	0.0594059	9.90099e-09	1	0.159341	0.295154	0.666667	0.666667	0.666667	1	1	85222.7	1e+20	3.13351e+15	17.6954	77.5784	83.4923	68.2122	94.4384	43.8054	
 54000	-99432.1	-1229.27	-52662.8	-12017.7	0.104109	1	0.176967	11.3015	3.43422	0.0436367	19.625	0.261878	3716	99	504	-34684.4	84.528f	92.1301	4	1	1	0.0594059	0.277228	0.039604	9.90099e-09	0	0	0	0	0.863636	0.946237	0.301075	0.529801	0.854839	9.90099e-09	0.0594059	9.90099e-09	1	0.147849	0.293069	0.666667	0.666667	0.666667	1	1	85222.7	1e+20	3.13351e+15	17.6954	77.5784	83.4923	68.2122	84.528	92.1301	
 55000	-101874	-1229.27	-55104.9	-12459.9	0.112502	1	0.162691	12.2933	3.27358	0.0422713	19.4233	0.298837	3917	99	516	-34684.4	99.042f	71.5199	4	1	1	0.0594059	0.277228	0.049505	9.90099e-09	0	0	0	0	0.890909	0.954315	0.264631	0.423611	0.872449	9.90099e-09	0.0594059	9.90099e-09	1	0.181122	0.28692	0.666667	0.666667	0.666667	1	1	85222.7	1e+20	3.13351e+15	17.6954	77.5784	83.4923	68.2122	99.042	71.5199	
 56000	-100797	-1229.27	-54027.7	-12390.1	0.110985	1	0.148252	13.4905	2.94864	0.023961	19.4328	0.364081	3885	99	452	-34684.4	89.2598f	58.3472	4	1	1	0.0594059	0.277228	0.049505	9.90099e-09	0	0	0	0	0.881818	0.946015	0.237852	0.527778	0.887468	9.90099e-09	0.0594059	9.90099e-09	1	0.153453	0.30531	0.666667	0.666667	0.666667	1	1	85222.7	1e+20	3.13351e+15	17.6954	77.5784	83.4923	68.2122	89.2598	58.3472	
 57000	-102560	-1229.27	-55791	-12618.7	0.110985	1	0.154421	12.9516	2.98722	0.00652958	19.2984	0.345023	3989	99	500	-34684.4	59.6765f	31.4943	4	1	1	0.19802	0.277228	0.049505	9.90099e-09	0	0	0	0	0.836364	0.929471	0.213033	0.567308	0.874055	9.90099e-09	0.0594059	9.90099e-09	1	0.12782	0.306613	0.666667	0.666667	0.666667	1	1	85222.7	1e+20	3.13351e+15	17.6954	77.5784	69.8791	39.5457	59.6765	31.4943	
 58000	-101369	-1229.27	-54600	-12486.3	0.114615	1	0.152274	13.1342	2.92563	0.000389369	19.1111	0.357253	3929	99	459	-34684.4	52.8512f	50.6701	4	1	1	0.19802	0.19802	0.049505	9.90099e-09	0	0	0	0	0.890909	0.966921	0.193384	0.486667	0.862944	9.90099e-09	0.0594059	9.90099e-09	1	0.162437	0.303719	0.666667	0.666667	0.666667	1	1	85222.7	1e+20	3.13351e+15	17.6954	77.5784	69.8791	39.5457	52.8512	50.6701	
 59000	-104436	-1229.27	-57666.6	-12925.6	0.117289	1	0.157995	12.6586	3.10638	0.00575909	19.1111	0.324282	4133	99	525	-34684.4	68.145f	43.5218	4	1	1	0.19802	0.19802	0.049505	9.90099e-09	0	0	0	0	0.918182	0.935096	0.260241	0.543689	0.870098	9.90099e-09	0.0594059	9.90099e-09	1	0.146635	0.284274	0.666667	0.666667	0.666667	1	1	85222.7	1e+20	3.13351e+15	17.6954	77.5784	69.8791	39.5457	68.145	43.5218	
 60000	-105548	-1229.27	-58778.9	-13157.7	0.12625	1	0.160436	12.466	3.39536	0.00598418	19.1111	0.292168	4242	99	518	-34684.4	67.5449f	41.0321	4	1	1	0.19802	0.19802	0.049505	9.90099e-09	0	0	0	0	0.8	0.933962	0.234742	0.541284	0.864169	9.90099e-09	0.118812	9.90099e-09	1	0.143868	0.321627	0.666667	0.666667	0.666667	1	1	85222.7	1e+20	3.13351e+15	17.6954	77.5784	69.8791	39.5457	67.5449	41.0321	
 61000	-104756	-1229.27	-57986.5	-13031.8	0.118408	1	0.151244	13.2236	2.85235	0.0276866	18.8683	0.368925	4183	99	503	-34684.4	93.2106f	48.3256	4	1	1	0.19802	0.19802	0.049505	9.90099e-09	0	0	0	0	0.854545	0.966507	0.236967	0.49505	0.875598	9.90099e-09	0.118812	9.90099e-09	1	0.109785	0.347305	0.666667	0.666667	0.666667	1	1	85222.7	1e+20	3.13351e+15	17.6954	77.5784	69.8791	39.5457	93.2106	48.3256	
 62000	-106095	-1229.27	-59326.2	-13243.5	0.12734	1	0.170748	11.7132	3.32673	0.00448003	18.6798	0.280186	4283	99	520	-34684.4	63.9901f	59.1819	4	1	1	0.108911	0.19802	0.049505	9.90099e-09	0	0	0	0	0.890909	0.955399	0.212617	0.471154	0.859813	9.90099e-09	0.118812	9.90099e-09	1	0.142191	0.255769	0.666667	0.666667	0.666667	1	1	85222.7	1e+20	3.13351e+15	17.6954	77.5784	69.8791	39.5457	63.9901	59.1819	
 63000	-104790	-1229.27	-58021	-12989.3	0.121982	1	0.158049	12.6543	3.48948	0.0199763	19.4812	0.288581	4163	99	523	-34684.4	86.138f	43.9516	4	1	1	0.108911	0.19802	0.049505	9.90099e-09	0	0	0	0	0.845455	0.954106	0.25	0.471154	0.836585	9.90099e-09	0.118812	9.90099e-09	1	0.153477	0.263862	0.666667	0.666667	0.666667	1	1	85222.7	1e+20	3.13351e+15	17.6954	77.5784	69.8791	39.5457	86.138	43.9516	
 64000	-107109	-1229.27	-60340	-13388.5	0.122571	1	0.158895	12.587	3.52509	0.0239249	19.4812	0.284145	4353	99	533	-34684.4	33.9721f	12.3955	4	1	1	0.108911	0.217822	0.049505	9.90099e-09	0	0	0	0	0.881818	0.965753	0.308924	0.584906	0.883295	9.90099e-09	0.118812	9.90099e-09	1	0.130137	0.324324	0.666667	0.666667	0.666667	1	1	85222.7	1e+20	3.13351e+15	1.06994	50.9006	80.5973	22.0731	33.9721	12.3955	
 65000	-106547	-1229.27	-59778.2	-13281.2	0.124397	1	0.155129	12.8925	3.6163	0.0357377	19.6511	0.283702	4302	99	537	-34684.4	28.0901f	5.0784	4	1	1	0.108911	0.217822	0.049505	9.90099e-09	0	0	0	0	0.9	0.953162	0.276102	0.526786	0.876993	9.90099e-09	0.118812	9.90099e-09	1	0.168224	0.297952	0.666667	0.666667	0.666667	1	1	85222.7	1e+20	3.13351e+15	73.93	39.434	48.9015	12.03	28.0901	5.0784	
 66000	-107665	-1229.27	-60895.6	-13559	0.128996	1	0.130979	15.2697	3.12279	0.000457259	19.5835	0.389114	4436	99	498	-34684.4	47.0847f	52.9436	4	1	1	0.108911	0.217822	0.049505	9.90099e-09	0	0	0	0	0.8	0.941441	0.263514	0.519608	0.844595	9.90099e-09	0.0990099	9.90099e-09	1	0.128378	0.293634	0.666667	0.666667	0.666667	1	1	85222.7	1e+20	3.13351e+15	73.93	39.434	61.2415	34.1298	47.0847	52.9436	
 67000	-109593	-1229.27	-62824.2	-13835.4	0.128996	1	0.139826	14.3035	3.38914	0.0010328	19.6643	0.335848	4571	99	536	-34684.4	42.4683f	47.5151	4	1	1	0.108911	0.217822	0.049505	9.90099e-09	0	0	0	0	0.881818	0.962637	0.23956	0.490741	0.863736	0.029703	0.0990099	9.90099e-09	1	0.139738	0.30597	0.666667	0.666667	0.666667	1	1	85222.7	1e+20	3.13351e+15	73.93	39.434	61.2415	34.1298	42.4683	47.5151	
 68000	-109217	-1229.27	-62448.2	-13820.5	0.130104	1	0.13792	14.5012	3.34686	0.0136866	19.6281	0.344791	4564	99	507	-34684.4	78.9086f	41.1984	4	1	1	0.0693069	0.217822	0.0891089	9.90099e-09	0	0	0	0	0.827273	0.954148	0.246725	0.50495	0.875546	0.029703	0.0990099	9.90099e-09	1	0.115721	0.303922	0.666667	0.666667	0.666667	1	1	85222.7	1e+20	3.13351e+15	26.7727	82.0578	61.2415	34.1298	78.9086	41.1984	
 69000	-108124	-1229.27	-61354.6	-13614.5	0.130104	1	0.136583	14.6431	3.51374	0.0340724	19.9167	0.331629	4463	99	509	-34684.4	36.8433f	3.06442	4	1	1	0.0693069	0.277228	0.0891089	9.90099e-09	0	0	0	0	0.836364	0.943946	0.267416	0.495238	0.844444	0.029703	0.0990099	9.90099e-09	1	0.137079	0.273438	0.666667	0.666667	0.666667	1	1	85222.7	1e+20	3.13351e+15	26.7727	82.0578	72.4699	20.5135	36.8433	3.06442	
 70000	-113059	-1229.27	-66290.2	-14399.5	0.138893	1	0.141415	14.1428	3.79725	0.00530543	19.8048	0.296384	4854	99	561	-34684.4	68.1386f	46.9236	4	1	1	0.0693069	0.277228	0.0891089	9.90099e-09	0	0	0	0	0.818182	0.960334	0.256785	0.577982	0.872385	0.029703	0.0990099	9.90099e-09	1	0.141975	0.283422	0.666667	0.666667	0.666667	1	1	85222.7	1e+20	3.13351e+15	26.7727	82.0578	67.3466	26.2523	68.1386	46.9236	
 71000	-112582	-1229.27	-65812.3	-14351.3	0.136152	1	0.138335	14.4577	3.62117	0.00286574	19.7775	0.317717	4829	99	540	-34684.4	45.3043f	36.9763	4	1	1	0.0693069	0.277228	0.0891089	9.90099e-09	0	0	0	0	0.818182	0.950719	0.282474	0.481818	0.88866	0.029703	0.0990099	9.90099e-09	1	0.115464	0.298343	0.666667	0.666667	0.666667	1	1	85222.7	1e+20	3.13351e+15	26.7727	82.0578	67.3466	26.2523	45.3043	36.9763	
 72000	-111113	-1229.27	-64344	-14108.2	0.134401	1	0.13594	14.7124	3.51274	0.022796	19.7775	0.333294	4707	99	535	-34684.4	41.5266f	11.0746	4	1	1	0.0693069	0.277228	0.0891089	0.019802	0	0	0	0	0.863636	0.948827	0.2569	0.416667	0.83617	0.029703	0.108911	9.90099e-09	1	0.151064	0.285444	0.666667	0.666667	0.666667	1	1	85222.7	1e+20	3.13351e+15	26.7727	82.0578	67.3466	26.2523	41.5266	11.0746	
 73000	-110230	-1229.27	-63461.2	-13969.7	0.134401	1	0.130149	15.367	3.3631	0.0010119	19.7775	0.363614	4638	99	524	-34684.4	43.4056f	45.7753	4	1	1	0.0693069	0.277228	0.0594059	0.019802	0	0	0	0	0.818182	0.955128	0.24307	0.564815	0.882479	0.029703	0.108911	9.90099e-09	1	0.151386	0.29771	0.666667	0.666667	0.666667	1	1	85222.7	1e+20	3.13351e+15	13.5041	51.89	32.8936	64.3573	43.4056	45.7753	
 74000	-110815	-1229.27	-64045.5	-13999.8	0.134401	1	0.146606	13.642	3.58623	0.00476035	19.5082	0.302712	4653	99	560	-34684.4	63.285f	61.0838	4	1	1	0.0693069	0.277228	0.0594059	0.019802	0	0	0	0	0.890909	0.935205	0.284188	0.580357	0.849785	0.029703	0.108911	9.90099e-09	1	0.128755	0.276481	0.666667	0.666667	0.666667	1	1	85222.7	1e+20	3.13351e+15	24.0569	21.5524	32.8936	64.3573	63.285	61.0838	
 75000	-111358	-1229.27	-64588.7	-14070.1	0.134401	1	0.150199	13.3157	3.67412	0.0023606	19.5082	0.288403	4688	99	576	-34684.4	38.4201f	44.982	4	1	1	0.0693069	0.277228	0.0594059	0.019802	0	0	0	0	0.918182	0.955224	0.276231	0.526316	0.884368	0.029703	0.108911	9.90099e-09	1	0.147122	0.288462	0.666667	0.666667	0.666667	1	1	85222.7	1e+20	3.13351e+15	3.56621	39.0908	32.8936	64.3573	38.4201	44.982	
 76000	-111548	-1229.27	-64778.6	-14213.7	0.136017	1	0.145937	13.7045	3.61278	0.00243294	19.5082	0.301865	4760	99	518	-34684.4	37.7846f	46.1041	4	1	1	0.0693069	0.227723	0.0594059	0.019802	0	0	0	0	0.827273	0.949686	0.254202	0.528302	0.866109	0.029703	0.108911	9.90099e-09	1	0.125786	0.252896	0.666667	0.666667	0.666667	1	1	85222.7	1e+20	3.13351e+15	3.56621	39.0908	32.8936	64.3573	37.7846	46.1041	
 77000	-111773	-1229.27	-65003.3	-14245.3	0.13753	1	0.14874	13.4462	3.56188	0.00252192	19.2935	0.300408	4776	99	532	-34684.4	38.7621f	56.2978	4	1	1	0.0693069	0.227723	0.0594059	0.019802	0	0	0	0	0.872727	0.955882	0.231733	0.509091	0.872385	0.029703	0.108911	9.90099e-09	1	0.127615	0.320072	0.666667	0.666667	0.666667	1	1	85222.7	1e+20	3.13351e+15	35.0062	79.125	11.459	25.7318	38.7621	56.2978	
 78000	-111386	-1229.27	-64617	-14139.9	0.136085	1	0.143123	13.974	3.72597	0.0301182	19.7527	0.298449	4723	99	538	-34684.4	22.8771f	12.9344	4	1	1	0.0693069	0.227723	0.0594059	0.019802	0	0	0	0	0.890909	0.959746	0.270613	0.560345	0.860465	9.90099e-09	0.108911	9.90099e-09	1	0.135593	0.286245	0.666667	0.666667	0.666667	1	1	85222.7	1e+20	3.13351e+15	35.0062	79.125	58.3902	55.7318	22.8771	12.9344	
 79000	-112186	-1229.27	-65416.8	-14257.6	0.136085	1	0.143123	13.974	3.72597	0.0349526	19.7527	0.298449	4782	99	554	-34684.4	98.5346f	46.1487	4	1	1	0.0693069	0.227723	0.0594059	0.019802	0	0	0	0	0.863636	0.953782	0.267782	0.578947	0.872651	9.90099e-09	0.138614	9.90099e-09	1	0.142259	0.283394	0.666667	0.666667	0.666667	1	1	85222.7	1e+20	3.13351e+15	35.0062	79.125	58.3902	55.7318	98.5346	46.1487	
 80000	-112492	-1229.27	-65723.2	-14307.5	0.136085	1	0.137809	14.5129	3.58761	0.0135921	19.7527	0.321913	4807	99	554	-34684.4	76.2103f	64.5982	4	1	1	0.0693069	0.227723	0.0594059	0.019802	0	0	0	0	0.863636	0.953975	0.271399	0.490566	0.873211	9.90099e-09	0.138614	9.90099e-09	1	0.121086	0.259962	0.666667	0.666667	0.666667	1	1	85222.7	1e+20	3.13351e+15	35.0062	79.125	58.3902	55.7318	76.2103	64.5982	
 81000	-113553	-1229.27	-66783.7	-14393.6	0.138574	1	0.158318	12.6328	4.12788	0.0223708	19.671	0.243535	4851	99	607	-34684.4	27.8739f	17.1849	4	1	1	0.0594059	0.227723	0.0594059	0.019802	0	0	0	0	0.781818	0.952772	0.240741	0.540984	0.874486	9.90099e-09	0.138614	9.90099e-09	1	0.166324	0.29654	0.666667	0.666667	0.666667	1	1	85222.7	1e+20	3.13351e+15	35.0062	79.125	50.6122	20.4186	27.8739	17.1849	
 82000	-112071	-1229.27	-65301.5	-14296.8	0.138574	1	0.138196	14.4722	3.34792	0.0138296	19.3129	0.343993	4802	99	534	-34684.4	44.5056f	19.517	4	1	1	0.0594059	0.148515	0.0594059	9.90099e-09	0	0	0	0	0.854545	0.974843	0.237996	0.462264	0.862288	9.90099e-09	0.138614	9.90099e-09	1	0.114823	0.313093	0.666667	0.666667	0.666667	1	1	85222.7	1e+20	3.13351e+15	35.0062	79.125	50.6122	20.4186	44.5056	19.517	
 83000	-113588	-1229.27	-66818.9	-14478.3	0.139138	1	0.150289	13.3077	3.65572	0.0263202	19.3129	0.28968	4894	99	572	-34684.4	48.3009f	7.28662	4	1	1	0.0594059	0.148515	0.0594059	9.90099e-09	0	0	0	0	0.845455	0.957404	0.25102	0.551724	0.871429	9.90099e-09	0.138614	9.90099e-09	1	0.122449	0.307823	0.666667	0.666667	0.666667	1	1	85222.7	1e+20	3.13351e+15	35.0062	79.125	50.6122	20.4186	48.3009	7.28662	
 84000	-114289	-1229.27	-67519.5	-14604.8	0.143765	1	0.147991	13.5144	3.79509	0.028896	19.4103	0.283376	4959	99	565	-34684.4	66.2436f	8.44269	4	1	1	0.0594059	0.148515	0.0594059	9.90099e-09	0	0	0	0	0.872727	0.957576	0.249497	0.508621	0.882828	9.90099e-09	0.138614	9.90099e-09	1	0.142857	0.323894	0.666667	0.666667	0.666667	1	1	85222.7	1e+20	3.13351e+15	35.0062	79.125	50.6122	20.4186	66.2436	8.44269	
 85000	-114338	-1229.27	-67568.6	-14696.3	0.14626	1	0.123182	16.2361	3.21372	0.0120769	19.4103	0.402036	5006	99	518	-34684.4	52.1336f	21.2535	4	1	1	0.0594059	0.148515	0.0594059	9.90099e-09	0	0	0	0	0.854545	0.953815	0.225549	0.554455	0.899194	9.90099e-09	0.0891089	9.90099e-09	1	0.141717	0.338115	0.666667	0.666667	0.666667	1	1	85222.7	1e+20	3.13351e+15	35.0062	79.125	50.6122	20.4186	52.1336	21.2535	
 86000	-116054	-1229.27	-69284.6	-14990.4	0.14626	1	0.126408	15.8218	3.29786	0.0211438	19.4103	0.381781	5159	99	525	-34684.4	42.2516f	12.4336	4	1	1	0.0594059	0.148515	0.0594059	9.90099e-09	0	0	0	0	0.863636	0.965184	0.232108	0.514019	0.862669	9.90099e-09	0.0891089	9.90099e-09	1	0.098646	0.285156	0.666667	0.666667	0.666667	1	1	85222.7	1e+20	3.13351e+15	35.0062	79.125	50.6122	20.4186	42.2516	12.4336	
 87000	-116192	-1229.27	-69422.7	-14930.8	0.14626	1	0.138194	14.4724	3.80223	0.00677211	19.67	0.302896	5128	99	565	-34684.4	70.7628f	52.2322	4	1	1	0.029703	0.148515	0.0594059	9.90099e-09	0	0	0	0	0.836364	0.963035	0.223735	0.525424	0.8577	9.90099e-09	0.0891089	9.90099e-09	1	0.118677	0.23946	0.666667	0.666667	0.666667	1	1	85222.7	1e+20	3.13351e+15	35.0062	79.125	50.6122	20.4186	70.7628	52.2322	
 88000	-115145	-1229.27	-68375.7	-14755.9	0.14626	1	0.135538	14.7561	3.78745	0.000996164	19.7464	0.310037	5037	99	559	-34684.4	43.5821f	45.6462	4	1	1	0.029703	0.148515	0.049505	9.90099e-09	0	0	0	0	0.845455	0.960159	0.266932	0.440678	0.890873	9.90099e-09	0.0891089	9.90099e-09	1	0.152778	0.312178	0.666667	0.666667	0.666667	1	1	85222.7	1e+20	3.13351e+15	35.0062	79.125	50.6122	20.4186	43.5821	45.6462	
 89000	-115099	-1229.27	-68329.4	-14757.8	0.145803	1	0.133148	15.0208	3.79575	0.00866392	19.8608	0.31491	5038	99	555	-34684.4	38.3072f	28.4108	4	1	1	0.029703	0.168317	0.049505	9.90099e-09	0	0	0	0	0.872727	0.952569	0.228175	0.544643	0.884232	9.90099e-09	0.0891089	9.90099e-09	1	0.125	0.333929	0.666667	0.666667	0.666667	1	1	85222.7	1e+20	3.13351e+15	15.2882	72.2246	50.6122	20.4186	38.3072	28.4108	
 90000	-117828	-1229.27	-71058.8	-15144.8	0.145803	1	0.136935	14.6055	3.9037	0.000874614	19.8608	0.297735	5239	99	592	-34684.4	44.0059f	46.0922	4	1	1	0.029703	0.168317	0.049505	9.90099e-09	0	0	0	0	0.863636	0.959538	0.257634	0.555556	0.862934	9.90099e-09	0.0891089	9.90099e-09	1	0.10687	0.304647	0.666667	0.666667	0.666667	1	1	85222.7	1e+20	3.13351e+15	15.2882	72.2246	23.2559	42.8759	44.0059	46.0922	
 91000	-118694	-1229.27	-71924.5	-15296	0.152523	1	0.136935	14.6055	4.08362	0.0234584	19.8608	0.284617	5321	99	596	-34684.4	11.9708f	35.7983	4	1	1	0.029703	0.168317	0.049505	9.90099e-09	0	0	0	0	0.845455	0.956929	0.252809	0.508475	0.86729	9.90099e-09	0.138614	9.90099e-09	1	0.138577	0.29703	0.666667	0.666667	0.666667	1	1	85222.7	1e+20	3.13351e+15	15.2882	72.2246	23.2559	42.8759	11.9708	35.7983	
 92000	-118849	-1229.27	-72079.5	-15386.1	0.15287	1	0.124659	16.0438	3.72597	0.0105246	19.8608	0.342655	5369	99	560	-34684.4	32.0497f	29.6445	4	1	1	0.029703	0.168317	0.049505	9.90099e-09	0	0	0	0	0.818182	0.960894	0.268156	0.5	0.902985	9.90099e-09	0.138614	9.90099e-09	1	0.122905	0.326786	0.666667	0.666667	0.666667	1	1	85222.7	1e+20	3.13351e+15	41.9108	24.843	23.2559	42.8759	32.0497	29.6445	
 93000	-119471	-1229.27	-72701.3	-15502.8	0.156436	1	0.11759	17.0083	3.59667	0.0453556	19.8608	0.376313	5432	99	554	-34684.4	10.427f	9.85225	4	1	1	0.0594059	0.168317	0.019802	9.90099e-09	0	0	0	0	0.854545	0.965074	0.257827	0.566372	0.892593	0.009901	0.138614	9.90099e-09	1	0.127778	0.314338	0.666667	0.666667	0.666667	1	1	85222.7	1e+20	3.13351e+15	24.0551	65.0882	23.2559	42.8759	10.427	9.85225	
 94000	-121002	-1229.27	-74233.2	-15708	0.157743	1	0.126749	15.7792	3.90924	0.00885902	19.8608	0.321205	5543	99	577	-34684.4	25.6548f	54.9112	4	1	1	0.0594059	0.168317	0.019802	9.90099e-09	0	0	0	0	0.9	0.959854	0.259459	0.504505	0.870201	0.009901	0.138614	9.90099e-09	1	0.122523	0.272884	0.666667	0.666667	0.666667	1	1	85222.7	1e+20	3.13351e+15	11.1877	53.3409	23.2559	42.8759	25.6548	54.9112	
 95000	-123172	-1229.27	-76403.1	-16002.3	0.163878	1	0.119356	16.7566	3.89249	0.00141266	19.9487	0.34257	5705	99	606	-34684.4	40.8808f	47.2636	4	1	1	0.0594059	0.168317	0.019802	9.90099e-09	0	0	0	0	0.845455	0.954064	0.265845	0.566667	0.913732	0.009901	0.138614	9.90099e-09	1	0.102113	0.27649	0.666667	0.666667	0.666667	1	1	85222.7	1e+20	3.13351e+15	11.1877	53.3409	30.7936	18.1756	40.8808	47.2636	
 96000	-121870	-1229.27	-75100.8	-15844.9	0.163878	1	0.12379	16.1564	4.03711	0.0240337	19.9487	0.318467	5618	99	576	-34684.4	12.1935f	33.9059	4	1	1	0.0594059	0.217822	0.019802	9.90099e-09	0	0	0	0	0.827273	0.959507	0.268683	0.545455	0.898246	0.009901	0.138614	9.90099e-09	1	0.126316	0.251282	0.666667	0.666667	0.666667	1	1	85222.7	1e+20	3.13351e+15	30.3629	23.7687	30.7936	18.1756	12.1935	33.9059	
 97000	-123417	-1229.27	-76648	-16049.3	0.163878	1	0.121018	16.5265	3.69987	0.0356853	19.6292	0.355455	5731	99	604	-34684.4	53.9764f	0.410962	4	1	1	0.0594059	0.217822	0.019802	9.90099e-09	0	0	0	0	0.845455	0.953043	0.253913	0.622951	0.897391	0.009901	0.108911	9.90099e-09	1	0.114783	0.299331	0.666667	0.666667	0.666667	1	1	85222.7	1e+20	3.13351e+15	30.3629	23.7687	30.7936	18.1756	53.9764	0.410962	
 98000	-124838	-1229.27	-78069.2	-16304.8	0.169014	1	0.121018	16.5265	3.81583	0.0329037	19.6292	0.344653	5874	99	589	-34684.4	40.4335f	3.09039	4	1	1	0.0594059	0.217822	0.019802	9.90099e-09	0	0	0	0	0.827273	0.962585	0.244068	0.546218	0.89983	0.009901	0.108911	9.90099e-09	1	0.132653	0.288744	0.666667	0.666667	0.666667	1	1	85222.7	1e+20	3.13351e+15	30.3629	23.7687	30.7936	18.1756	40.4335	3.09039	
 99000	-125272	-1229.27	-78503	-16319	0.169014	1	0.137664	14.5281	4.09544	0.020942	19.3458	0.282293	5882	99	633	-34684.4	60.8409f	13.6122	4	1	1	0.0594059	0.217822	0.039604	9.90099e-09	0	0	0	0	0.890909	0.959184	0.259762	0.487805	0.872881	0.009901	0.108911	9.90099e-09	1	0.119048	0.303318	0.666667	0.666667	0.666667	1	1	85222.7	1e+20	3.13351e+15	30.3629	23.7687	30.7936	18.1756	60.8409	13.6122	
100000	-123471	-1229.27	-76702.2	-16079.7	0.164942	1	0.144134	13.8759	4.34522	0.0121669	19.5288	0.254121	5748	99	599	-34684.4	34.7299f	25.1649	4	1	1	0.0594059	0.217822	0.039604	9.90099e-09	0	0	0	0	0.809091	0.958478	0.24	0.537879	0.866782	0.009901	0.108911	9.90099e-09	1	0.10087	0.289557	0.666667	0.666667	0.666667	1	1	85222.7	1e+20	3.13351e+15	30.3629	23.7687	30.7936	18.1756	34.7299	25.1649	
101000	-123573	-1229.27	-76803.7	-16108.6	0.164942	1	0.142321	14.0528	4.111	0.0181588	19.3212	0.272023	5764	99	597	-34684.4	53.9382f	14.8114	4	1	1	0.0594059	0.217822	0.039604	9.90099e-09	0	0	0	0	0.863636	0.970486	0.246957	0.613445	0.86562	0.009901	0.108911	9.90099e-09	1	0.125	0.301508	0.666667	0.666667	0.666667	1	1	85222.7	1e+20	3.13351e+15	30.3629	23.7687	30.7936	18.1756	53.9382	14.8114	
102000	-123329	-1229.27	-76560	-16067.1	0.164942	1	0.138627	14.4273	3.73175	0.00670881	18.9837	0.307653	5741	99	593	-34684.4	32.1947f	37.683	4	1	1	0.0594059	0.118812	0.039604	9.90099e-09	0	0	0	0	0.827273	0.96875	0.245645	0.515873	0.894097	0.009901	0.108911	9.90099e-09	1	0.133913	0.322742	0.666667	0.666667	0.666667	1	1	85222.7	1e+20	3.13351e+15	30.3629	23.7687	30.7936	18.1756	32.1947	37.683	
103000	-124416	-1229.27	-77647.1	-16142.6	0.165776	1	0.160961	12.4253	3.93495	0.00752213	18.5085	0.251281	5783	99	659	-34684.4	60.8436f	30.3317	4	1	1	0.0594059	0.118812	0.039604	9.90099e-09	0	0	0	0	0.836364	0.963668	0.205172	0.522727	0.875648	0.009901	0.108911	9.90099e-09	1	0.124352	0.299401	0.666667	0.666667	0.666667	1	1	85222.7	1e+20	3.13351e+15	30.3629	23.7687	30.7936	18.1756	60.8436	30.3317	
104000	-125280	-1229.27	-78510.3	-16276.2	0.164902	1	0.145777	13.7196	3.93832	0.0434593	19.0019	0.277217	5857	99	657	-34684.4	24.7442f	1.00984	4	1	1	0.0594059	0.118812	0.039604	9.90099e-09	0	0	0	0	0.818182	0.952055	0.212693	0.507576	0.854202	0.009901	0.0693069	9.90099e-09	1	0.122867	0.332817	0.666667	0.666667	0.666667	1	1	85222.7	1e+20	3.13351e+15	30.3629	23.7687	30.7936	18.1756	24.7442	1.00984	
105000	-122861	-1229.27	-76091.4	-15978.8	0.164902	1	0.1491	13.4138	3.95599	0.0230979	18.9163	0.269827	5692	99	608	-34684.4	23.8309f	19.4306	4	1	1	0.049505	0.118812	0.108911	9.90099e-09	0	0	0	0	0.863636	0.956294	0.238179	0.496	0.873484	0.009901	0.0693069	9.90099e-09	1	0.115789	0.299838	0.666667	0.666667	0.666667	1	1	85222.7	1e+20	3.13351e+15	30.3629	23.7687	30.7936	18.1756	23.8309	19.4306	
106000	-124919	-1229.27	-78149.4	-16239	0.16756	1	0.145638	13.7327	3.9264	0.0137223	18.9163	0.278324	5837	99	643	-34684.4	20.6741f	39.8074	4	1	1	0.049505	0.118812	0.108911	9.90099e-09	0	0	0	0	0.854545	0.951724	0.239655	0.545455	0.881034	0.009901	0.0693069	9.90099e-09	1	0.12069	0.323484	0.666667	0.666667	0.666667	1	1	85222.7	1e+20	3.13351e+15	30.3629	23.7687	30.7936	18.1756	20.6741	39.8074	
107000	-123245	-1229.27	-76476.2	-16044.3	0.16756	1	0.132406	15.105	3.97392	0.0354564	19.4304	0.302477	5728	99	595	-34684.4	0.802867f	57.7953	4	1	1	0.049505	0.118812	0.108911	9.90099e-09	0	0	0	0	0.827273	0.970639	0.22357	0.516393	0.897747	0.009901	0.0693069	9.90099e-09	1	0.137871	0.283761	0.666667	0.666667	0.666667	1	1	85222.7	1e+20	3.13351e+15	30.3629	23.7687	15.4583	38.9501	0.802867	57.7953	
108000	-122749	-1229.27	-75979.4	-15928.9	0.166074	1	0.132406	15.105	3.93868	0.00805786	19.4304	0.305183	5664	99	619	-34684.4	26.6387f	53.881	4	1	1	0.049505	0.118812	0.108911	9.90099e-09	0	0	0	0	0.745455	0.940663	0.276896	0.420168	0.893543	0.009901	0.0693069	9.90099e-09	1	0.116402	0.312195	0.666667	0.666667	0.666667	1	1	85222.7	1e+20	3.13351e+15	30.3629	23.7687	15.4583	38.9501	26.6387	53.881	
109000	-123402	-1229.27	-76632.4	-16008	0.166314	1	0.136617	14.6394	4.0698	0.0307873	19.4304	0.286247	5708	99	633	-34684.4	8.96377f	71.4816	4	1	1	0.049505	0.118812	0.108911	9.90099e-09	0	0	0	0	0.827273	0.951049	0.252189	0.48	0.874126	0.009901	0.0693069	9.90099e-09	1	0.148601	0.25641	0.666667	0.666667	0.666667	1	1	85222.7	1e+20	3.13351e+15	30.3629	23.7687	15.4583	38.9501	8.96377	71.4816	
110000	-123902	-1229.27	-77132.9	-16099.4	0.16586	1	0.151051	13.2406	4.4875	0.0267044	19.4304	0.234797	5759	99	625	-34684.4	11.6442f	29.8904	4	1	1	0.049505	0.19802	0.108911	9.90099e-09	0	0	0	0	0.754545	0.955326	0.241796	0.507692	0.850515	0.009901	0.0693069	9.90099e-09	1	0.101375	0.268934	0.666667	0.666667	0.666667	1	1	85222.7	1e+20	3.13351e+15	30.3629	23.7687	15.4583	38.9501	11.6442	29.8904	
111000	-125388	-1229.27	-78618.3	-16317.4	0.170784	1	0.13611	14.694	4.16365	0.0414867	19.4304	0.280839	5881	99	630	-34684.4	12.0751f	11.6705	4	1	1	0.049505	0.19802	0.108911	9.90099e-09	0	0	0	0	0.836364	0.962775	0.265758	0.526718	0.884808	0.009901	0.118812	9.90099e-09	1	0.104907	0.253968	0.666667	0.666667	0.666667	1	1	85222.7	1e+20	3.13351e+15	30.3629	23.7687	15.4583	38.9501	12.0751	11.6705	
112000	-126218	-1229.27	-79448.7	-16453.4	0.170784	1	0.134013	14.924	4.0995	0.00786444	19.4304	0.289697	5958	99	635	-34684.4	26.5736f	50.1827	4	1	1	0.0990099	0.19802	0.029703	9.90099e-09	0	0	0	0	0.863636	0.952862	0.284034	0.571429	0.887603	0.009901	0.118812	9.90099e-09	1	0.124579	0.296063	0.666667	0.666667	0.666667	1	1	85222.7	1e+20	3.13351e+15	30.3629	23.7687	15.4583	38.9501	26.5736	50.1827	
113000	-126542	-1229.27	-79772.4	-16502.9	0.170784	1	0.143589	13.9286	4.15431	0.0366572	19.1615	0.266808	5986	99	636	-34684.4	16.0607f	12.3564	4	1	1	0.0990099	0.19802	0.029703	9.90099e-09	0	0	0	0	0.845455	0.953177	0.252508	0.531746	0.863561	0.009901	0.118812	9.90099e-09	1	0.143813	0.319555	0.666667	0.666667	0.666667	1	1	85222.7	1e+20	3.13351e+15	30.3629	23.7687	15.4583	38.9501	16.0607	12.3564	
114000	-126086	-1229.27	-79317	-16483.6	0.170518	1	0.127608	15.673	3.78924	0.00897743	19.294	0.329147	5975	99	603	-34684.4	58.7411f	26.9357	4	1	1	0.0990099	0.19802	0.029703	9.90099e-09	0	0	0	0	0.854545	0.966555	0.233723	0.480315	0.897993	0.009901	0.118812	9.90099e-09	1	0.150502	0.307571	0.666667	0.666667	0.666667	1	1	85222.7	1e+20	3.13351e+15	28.2722	30.5346	37.4586	20.4333	58.7411	26.9357	
115000	-127233	-1229.27	-80463.8	-16658.5	0.173856	1	0.127608	15.673	4.08603	0.0220386	19.5662	0.305239	6075	99	606	-34684.4	24.1312f	20.4024	4	1	1	0.0990099	0.19802	0.029703	9.90099e-09	0	0	0	0	0.881818	0.953871	0.272578	0.552846	0.881107	0.009901	0.118812	9.90099e-09	1	0.133005	0.295026	0.666667	0.666667	0.666667	1	1	85222.7	1e+20	3.13351e+15	28.2722	30.5346	37.4586	20.4333	24.1312	20.4024	
116000	-126879	-1229.27	-80110	-16546.5	0.173856	1	0.133294	15.0044	4.41352	0.0225181	19.7308	0.270534	6011	99	641	-34684.4	16.5559f	28.4789	4	1	1	0.0990099	0.19802	0.029703	9.90099e-09	0	0	0	0	0.872727	0.953411	0.221298	0.452381	0.872093	0.009901	0.118812	9.90099e-09	1	0.124585	0.273011	0.666667	0.666667	0.666667	1	1	85222.7	1e+20	3.13351e+15	28.2722	30.5346	37.4586	20.4333	16.5559	28.4789	
117000	-128685	-1229.27	-81915.4	-16849.4	0.183092	1	0.123368	16.2117	4.33182	0.00887909	19.765	0.297816	6184	99	627	-34684.4	26.1814f	42.5802	4	1	1	0.0990099	0.108911	0.029703	9.90099e-09	0	0	0	0	0.9	0.959742	0.299035	0.515625	0.86246	0.009901	0.0990099	9.90099e-09	1	0.12701	0.328549	0.666667	0.666667	0.666667	1	1	85222.7	1e+20	3.13351e+15	28.2722	30.5346	37.4586	20.4333	26.1814	42.5802	
118000	-124357	-1229.27	-77587.7	-16275	0.166899	1	0.123215	16.2318	3.94381	0.0326478	19.765	0.327523	5857	99	564	-34684.4	35.1034f	4.65524	4	1	1	0.0891089	0.108911	0.0693069	9.90099e-09	0	0	0	0	0.872727	0.965753	0.260274	0.513043	0.893836	0.009901	0.0990099	9.90099e-09	1	0.10274	0.306159	0.666667	0.666667	0.666667	1	1	85222.7	1e+20	3.13351e+15	38.6356	11.4771	37.4586	20.4333	35.1034	4.65524	
119000	-123736	-1229.27	-76967	-16099.7	0.164596	1	0.129255	15.4733	4.08007	0.0403002	19.765	0.301789	5759	99	602	-34684.4	93.1743f	20.142	4	1	1	0.0891089	0.108911	0.0693069	9.90099e-09	0	0	0	0	0.890909	0.967014	0.320557	0.525862	0.862369	0.009901	0.0990099	9.90099e-09	1	0.116319	0.282927	0.666667	0.666667	0.666667	1	1	85222.7	1e+20	3.13351e+15	38.6356	11.4771	62.685	12.9795	93.1743	20.142	
120000	-123281	-1229.27	-76511.9	-16074.3	0.165148	1	0.125182	15.9767	3.94098	0.00632409	19.7353	0.322606	5745	99	581	-34684.4	57.9696f	31.029	4	1	1	0.0891089	0.108911	0.0693069	9.90099e-09	0	0	0	0	0.909091	0.956217	0.243007	0.516667	0.88	0.009901	0.0990099	9.90099e-09	1	0.121739	0.28988	0.666667	0.666667	0.666667	1	1	85222.7	1e+20	3.13351e+15	38.6356	11.4771	62.685	12.9795	57.9696	31.029	
121000	-120714	-1229.27	-73944.8	-15706.5	0.157028	1	0.11356	17.6118	3.39931	0.0162224	19.7353	0.41229	5542	99	547	-34684.4	71.6858f	24.8836	4	1	1	0.0891089	0.108911	0.0693069	9.90099e-09	0	0	0	0	0.827273	0.956522	0.255856	0.517544	0.888087	0.009901	0.0990099	9.90099e-09	1	0.120721	0.26691	0.666667	0.666667	0.666667	1	1	85222.7	1e+20	3.13351e+15	38.6356	11.4771	62.685	12.9795	71.6858	24.8836	
122000	-122819	-1229.27	-76049.5	-15998.6	0.16495	1	0.117714	16.9904	3.62558	0.00224893	19.6335	0.37292	5703	99	576	-34684.4	61.43f	50.2425	4	1	1	0.0891089	0.108911	0.0693069	9.90099e-09	0	0	0	0	0.827273	0.96649	0.250441	0.587719	0.904255	0.009901	0.0990099	9.90099e-09	1	0.146384	0.305461	0.666667	0.666667	0.666667	1	1	85222.7	1e+20	3.13351e+15	38.6356	11.4771	88.2127	23.8874	61.43	50.2425	
123000	-124063	-1229.27	-77293.8	-16194.5	0.166228	1	0.125858	15.8909	3.86035	0.0211408	19.5753	0.327576	5812	99	587	-34684.4	85.4307f	36.9162	4	1	1	0.118812	0.168317	0.0693069	9.90099e-09	0	0	0	0	0.790909	0.953448	0.266781	0.6	0.912069	0.009901	0.0990099	9.90099e-09	1	0.118557	0.245763	0.666667	0.666667	0.666667	1	1	85222.7	1e+20	3.13351e+15	38.6356	11.4771	88.2127	23.8874	85.4307	36.9162	
124000	-124635	-1229.27	-77865.7	-16313.7	0.169103	1	0.125284	15.9638	3.97674	0.0278262	19.6593	0.319447	5879	99	575	-34684.4	88.3262f	29.4623	4	1	1	0.118812	0.168317	0.0792079	9.90099e-09	0	0	0	0	0.845455	0.97265	0.228669	0.478992	0.883362	0.009901	0.118812	9.90099e-09	1	0.132653	0.285217	0.666667	0.666667	0.666667	1	1	85222.7	1e+20	3.13351e+15	38.6356	11.4771	74.8502	29.445	88.3262	29.4623	
125000	-124250	-1229.27	-77480.6	-16258.6	0.169103	1	0.115659	17.2922	3.61249	0.0314618	19.5802	0.380921	5848	99	562	-34684.4	75.5865f	11.1993	4	1	1	0.118812	0.168317	0.0792079	9.90099e-09	0	0	0	0	0.827273	0.9523	0.270869	0.458716	0.880342	0.009901	0.118812	9.90099e-09	1	0.0957265	0.335185	0.666667	0.666667	0.666667	1	1	85222.7	1e+20	3.13351e+15	38.6356	11.4771	74.8502	29.445	75.5865	11.1993	
126000	-125345	-1229.27	-78575.7	-16438.1	0.169103	1	0.115659	17.2922	3.61249	0.0179264	19.5802	0.380921	5949	99	567	-34684.4	32.4929f	19.2259	4	1	1	0.118812	0.168317	0.0792079	9.90099e-09	0	0	0	0	0.890909	0.978224	0.244519	0.512605	0.895623	0.009901	0.118812	9.90099e-09	1	0.132773	0.286713	0.666667	0.666667	0.666667	1	1	85222.7	1e+20	3.13351e+15	38.6356	11.4771	63.0124	29.7019	32.4929	19.2259	
127000	-124780	-1229.27	-78010.6	-16343.8	0.170351	1	0.11482	17.4185	3.61277	0.0296302	19.5802	0.383672	5896	99	563	-34684.4	79.254f	15.7568	4	1	1	0.118812	0.168317	0.0792079	9.90099e-09	0	0	0	0	0.809091	0.961083	0.254669	0.481818	0.888136	0.009901	0.118812	9.90099e-09	1	0.116949	0.311828	0.666667	0.666667	0.666667	1	1	85222.7	1e+20	3.13351e+15	38.6356	11.4771	63.0124	29.7019	79.254	15.7568	
128000	-124968	-1229.27	-78199	-16388.2	0.169436	1	0.121578	16.4503	4.03188	0.00217668	19.8659	0.32468	5921	99	559	-34684.4	53.1562f	60.8871	4	1	1	0.118812	0.168317	0.0792079	9.90099e-09	0	0	0	0	0.845455	0.951178	0.258503	0.578947	0.889456	0.009901	0.118812	9.90099e-09	1	0.10101	0.283951	0.666667	0.666667	0.666667	1	1	85222.7	1e+20	3.13351e+15	38.6356	11.4771	63.0124	29.7019	53.1562	60.8871	
129000	-126211	-1229.27	-79441.4	-16404.2	0.169436	1	0.140265	14.2587	4.65159	0.0242436	19.8659	0.243933	5930	99	658	-34684.4	45.4008f	9.2106	4	1	1	0.118812	0.168317	0.0792079	9.90099e-09	0	0	0	0	0.781818	0.962649	0.256757	0.530769	0.86172	0.009901	0.118812	9.90099e-09	1	0.149406	0.283255	0.666667	0.666667	0.666667	1	1	85222.7	1e+20	3.13351e+15	33.8055	14.3742	63.0124	29.7019	45.4008	9.2106	
130000	-125586	-1229.27	-78816.7	-16306.6	0.169388	1	0.133392	14.9934	4.4224	0.014711	19.8659	0.269794	5875	99	661	-34684.4	79.4615f	39.2041	4	1	1	0.118812	0.158416	0.019802	9.90099e-09	0	0	0	0	0.827273	0.947099	0.266667	0.556391	0.87585	0.009901	0.118812	9.90099e-09	1	0.133106	0.275	0.666667	0.666667	0.666667	1	1	85222.7	1e+20	3.13351e+15	33.8055	14.3742	63.0124	29.7019	79.4615	39.2041	
131000	-125843	-1229.27	-79074.2	-16366.9	0.169388	1	0.138781	14.4112	4.63494	0.0363724	19.9024	0.247427	5909	99	648	-34684.4	82.8272f	87.2666	4	1	1	0.0693069	0.158416	0.019802	9.90099e-09	0	0	0	0	0.809091	0.951505	0.26431	0.532847	0.882353	0.009901	0.118812	9.90099e-09	1	0.127731	0.324047	0.666667	0.666667	0.666667	1	1	85222.7	1e+20	3.13351e+15	33.8055	14.3742	78.2584	79.5021	82.8272	87.2666	
132000	-127154	-1229.27	-80385.2	-16462.3	0.173104	1	0.14098	14.1864	4.73426	0.020388	19.8218	0.238457	5963	99	712	-34684.4	71.3508f	80.2289	4	1	1	0.0693069	0.158416	0.019802	9.90099e-09	0	0	0	0	0.854545	0.950083	0.231544	0.517483	0.889816	0.009901	0.118812	9.90099e-09	1	0.143573	0.302521	0.666667	0.666667	0.666667	1	1	85222.7	1e+20	3.13351e+15	33.8055	14.3742	96.7082	70.6649	71.3508	80.2289	
133000	-126770	-1229.27	-80001	-16547.2	0.175996	1	0.131732	15.1824	4.49757	0.0073906	19.8218	0.268629	6011	99	629	-34684.4	57.1676f	70.7801	4	1	1	0.0693069	0.158416	0.019802	9.90099e-09	0	0	0	0	0.836364	0.957096	0.252059	0.546875	0.869852	0.009901	0.118812	9.90099e-09	1	0.120264	0.310127	0.666667	0.666667	0.666667	1	1	85222.7	1e+20	3.13351e+15	33.8055	14.3742	96.7082	70.6649	57.1676	70.7801	
134000	-128964	-1229.27	-82194.9	-16861.1	0.179635	1	0.135264	14.7859	4.84277	0.00708259	19.9562	0.242965	6192	99	649	-34684.4	71.236f	47.143	4	1	1	0.0693069	0.158416	0.019802	9.90099e-09	0	0	0	0	0.781818	0.966074	0.262136	0.503817	0.880914	0.009901	0.118812	9.90099e-09	1	0.142165	0.269646	0.666667	0.666667	0.666667	1	1	85222.7	1e+20	3.13351e+15	33.8055	14.3742	96.7082	70.6649	71.236	47.143	
135000	-128805	-1229.27	-82035.6	-16894.2	0.18139	1	0.118034	16.9443	4.26718	0.0400179	19.9562	0.315989	6211	99	616	-34684.4	93.8344f	78.1469	4	1	1	0.0693069	0.158416	0.019802	9.90099e-09	0	0	0	0	0.845455	0.961477	0.257649	0.570248	0.916264	0.009901	0.0891089	9.90099e-09	1	0.11557	0.318937	0.666667	0.666667	0.666667	1	1	85222.7	1e+20	3.13351e+15	33.8055	14.3742	96.7082	70.6649	93.8344	78.1469	
136000	-130008	-1229.27	-83239	-17150.3	0.18139	1	0.118034	16.9443	4.26718	0.0155014	19.9562	0.315989	6361	99	576	-34684.4	80.2271f	60.8156	4	1	1	0.0693069	0.158416	0.019802	9.90099e-09	0	0	0	0	0.836364	0.965409	0.240188	0.57265	0.908948	0.009901	0.0891089	9.90099e-09	1	0.0941915	0.290878	0.666667	0.666667	0.666667	1	1	85222.7	1e+20	3.13351e+15	33.8055	14.3742	96.7082	70.6649	80.2271	60.8156	
137000	-130720	-1229.27	-83950.3	-17164	0.18139	1	0.123793	16.156	4.47538	0.0331794	19.9562	0.287273	6369	99	624	-34684.4	93.4594f	68.8253	4	1	1	0.0594059	0.158416	0.029703	9.90099e-09	0	0	0	0	0.863636	0.949922	0.255887	0.471545	0.875981	0.009901	0.0891089	9.90099e-09	1	0.111111	0.29695	0.666667	0.666667	0.666667	1	1	85222.7	1e+20	3.13351e+15	37.0509	96.2103	96.7082	70.6649	93.4594	68.8253	
138000	-131102	-1229.27	-84333.2	-17151.7	0.18264	1	0.129193	15.4807	4.70281	0.0308474	19.9562	0.261952	6362	99	667	-34684.4	84.5217f	79.8795	4	1	1	0.0594059	0.118812	0.029703	9.90099e-09	0	0	0	0	0.827273	0.965625	0.261076	0.528986	0.868671	0.009901	0.0891089	9.90099e-09	1	0.135938	0.298663	0.666667	0.666667	0.666667	1	1	85222.7	1e+20	3.13351e+15	37.0509	96.2103	96.7082	70.6649	84.5217	79.8795	
139000	-129855	-1229.27	-83085.6	-16944.2	0.18264	1	0.135147	14.7987	4.80425	0.00910145	19.8382	0.245126	6240	99	683	-34684.4	51.4134f	74.5595	4	1	1	0.0594059	0.118812	0.029703	9.90099e-09	0	0	0	0	0.818182	0.971338	0.279553	0.492754	0.890476	0.009901	0.0891089	9.90099e-09	1	0.1328	0.284024	0.666667	0.666667	0.666667	1	1	85222.7	1e+20	3.13351e+15	37.0509	96.2103	96.7082	70.6649	51.4134	74.5595	
140000	-129029	-1229.27	-82259.8	-16886.9	0.178595	1	0.130644	15.3088	4.54132	0.0337955	19.8382	0.268256	6207	99	645	-34684.4	83.0285f	84.6066	4	1	1	0.0594059	0.118812	0.029703	9.90099e-09	0	0	0	0	0.881818	0.96463	0.266881	0.538462	0.866883	0.009901	0.0891089	9.90099e-09	1	0.115942	0.307122	0.666667	0.666667	0.666667	1	1	85222.7	1e+20	3.13351e+15	37.0509	96.2103	96.7082	70.6649	83.0285	84.6066	
141000	-129396	-1229.27	-82626.3	-16993.9	0.178162	1	0.121822	16.4174	4.2244	0.0250309	19.8382	0.309264	6269	99	607	-34684.4	85.2944f	70.9301	4	1	1	0.0594059	0.118812	0.029703	9.90099e-09	0	0	0	0	0.818182	0.953748	0.264659	0.541353	0.892235	0.009901	0.0891089	9.90099e-09	1	0.134707	0.326923	0.666667	0.666667	0.666667	1	1	85222.7	1e+20	3.13351e+15	11.3923	31.5411	96.7082	70.6649	85.2944	70.9301	
142000	-130862	-1229.27	-84093.1	-17102.7	0.180696	1	0.125241	15.9692	4.40474	0.0250403	19.8382	0.288504	6333	99	674	-34684.4	85.3996f	70.7667	4	1	1	0.0594059	0.118812	0.029703	9.90099e-09	0	0	0	0	0.790909	0.965409	0.258675	0.515625	0.884858	0.009901	0.0990099	9.90099e-09	1	0.135647	0.29734	0.666667	0.666667	0.666667	1	1	85222.7	1e+20	3.13351e+15	11.3923	31.5411	96.7082	70.6649	85.3996	70.7667	
143000	-129996	-1229.27	-83227	-16964.2	0.17953	1	0.130091	15.3738	4.54578	0.0188943	19.8382	0.269131	6252	99	679	-34684.4	75.9526f	74.3091	4	1	1	0.0594059	0.118812	0.009901	9.90099e-09	0	0	0	0	0.790909	0.961661	0.248	0.565217	0.896272	0.009901	0.0990099	9.90099e-09	1	0.13738	0.289898	0.666667	0.666667	0.666667	1	1	85222.7	1e+20	3.13351e+15	11.3923	31.5411	96.7082	70.6649	75.9526	74.3091	
144000	-129416	-1229.27	-82646.3	-17009	0.185713	1	0.118586	16.8653	4.11648	0.0300526	19.6386	0.326031	6277	99	599	-34684.4	94.9819f	46.8685	4	1	1	0.0792079	0.118812	0.009901	9.90099e-09	0	0	0	0	0.854545	0.963665	0.22292	0.487805	0.871272	9.90099e-09	0.0990099	9.90099e-09	1	0.125786	0.280467	0.666667	0.666667	0.666667	1	1	85222.7	1e+20	3.13351e+15	11.3923	31.5411	96.7082	70.6649	94.9819	46.8685	
145000	-131534	-1229.27	-84764.6	-17333.9	0.187356	1	0.116387	17.184	4.09557	0.0426083	19.6622	0.333887	6470	99	609	-34684.4	95.5312f	78.6135	4	1	1	0.0792079	0.257426	0.009901	9.90099e-09	0	0	0	0	0.790909	0.964396	0.257364	0.443548	0.863566	9.90099e-09	0.0990099	9.90099e-09	1	0.0821705	0.26601	0.666667	0.666667	0.666667	1	1	85222.7	1e+20	3.13351e+15	11.3923	31.5411	96.7082	70.6649	95.5312	78.6135	
146000	-132999	-1229.27	-86229.5	-17476.1	0.188405	1	0.118284	16.9085	4.18559	0.0168214	19.6622	0.321469	6555	99	649	-34684.4	83.467f	51.7114	4	1	1	0.0792079	0.257426	0.009901	9.90099e-09	0	0	0	0	0.827273	0.962179	0.261796	0.476923	0.889058	9.90099e-09	0.0990099	9.90099e-09	1	0.105023	0.277526	0.666667	0.666667	0.666667	1	1	85222.7	1e+20	3.13351e+15	11.3923	31.5411	96.7082	70.6649	83.467	51.7114	
147000	-135323	-1229.27	-88553.8	-17736.5	0.188405	1	0.119705	16.7077	4.51467	0.0356588	19.978	0.294498	6711	99	706	-34684.4	82.4125f	86.9704	4	1	1	0.0792079	0.257426	0.009901	9.90099e-09	0	0	0	0	0.836364	0.965569	0.28465	0.510791	0.870149	9.90099e-09	0.128713	9.90099e-09	1	0.122206	0.298867	0.666667	0.666667	0.666667	1	1	85222.7	1e+20	3.13351e+15	11.3923	31.5411	75.7016	62.2631	82.4125	86.9704	
148000	-130292	-1229.27	-83522.9	-17057.1	0.188405	1	0.13197	15.155	4.97722	0.0236327	19.978	0.242304	6304	99	654	-34684.4	87.7721f	62.6923	4	1	1	0.0792079	0.257426	0.009901	9.90099e-09	0	0	0	0	0.8	0.952532	0.233438	0.542636	0.893987	9.90099e-09	0.128713	9.90099e-09	1	0.125	0.302115	0.666667	0.666667	0.666667	1	1	85222.7	1e+20	3.13351e+15	11.3923	31.5411	75.7016	62.2631	87.7721	62.6923	
149000	-130078	-1229.27	-83308.9	-16989.9	0.181752	1	0.134386	14.8825	4.88939	0.0226906	19.978	0.242221	6267	99	674	-34684.4	83.0995f	28.9443	4	1	1	0.0792079	0.257426	0.009901	9.90099e-09	0	0	0	0	0.818182	0.958599	0.18859	0.49635	0.881141	9.90099e-09	0.128713	9.90099e-09	1	0.111465	0.295252	0.666667	0.666667	0.666667	1	1	85222.7	1e+20	3.13351e+15	4.30017	38.664	75.7016	62.2631	83.0995	28.9443	
150000	-130582	-1229.27	-83812.8	-17138.2	0.181752	1	0.132267	15.1209	4.76241	0.00520224	19.9261	0.252663	6354	99	636	-34684.4	36.4207f	36.706	4	1	1	0.0792079	0.257426	0.049505	0.009901	0	0	0	0	0.845455	0.973312	0.257457	0.476923	0.871272	9.90099e-09	0.128713	9.90099e-09	1	0.117739	0.297045	0.666667	0.666667	0.666667	1	1	85222.7	1e+20	3.13351e+15	4.30017	38.664	75.7016	62.2631	36.4207	36.706	
151000	-130401	-1229.27	-83631.2	-17111	0.181752	1	0.129311	15.4666	4.43188	0.0126336	19.6819	0.277714	6338	99	631	-34684.4	28.906f	29.0069	4	1	1	0.0792079	0.128713	0.049505	0.009901	0	0	0	0	0.827273	0.956113	0.246445	0.5	0.894322	9.90099e-09	0.128713	9.90099e-09	1	0.123028	0.285266	0.666667	0.666667	0.666667	1	1	85222.7	1e+20	3.13351e+15	4.30017	38.664	32.5246	45.0848	28.906	29.0069	
152000	-132236	-1229.27	-85466.2	-17330.6	0.185705	1	0.135059	14.8083	4.14451	0.00288579	19.0427	0.28433	6468	99	671	-34684.4	37.3091f	44.0066	4	1	1	0.0792079	0.128713	0.049505	0.009901	0	0	0	0	0.881818	0.959627	0.24025	0.566176	0.906396	9.90099e-09	0.128713	9.90099e-09	1	0.132605	0.283159	0.666667	0.666667	0.666667	1	1	85222.7	1e+20	3.13351e+15	4.30017	38.664	30.2271	46.5754	37.3091	44.0066	
153000	-133099	-1229.27	-86329.7	-17463.6	0.185705	1	0.139887	14.2972	4.31335	0.0224451	19.0656	0.263772	6547	99	681	-34684.4	56.87f	88.3922	4	1	1	0.0792079	0.128713	0.049505	0.009901	0	0	0	0	0.763636	0.966258	0.211982	0.583942	0.874233	9.90099e-09	0.128713	9.90099e-09	1	0.124233	0.350954	0.666667	0.666667	0.666667	1	1	85222.7	1e+20	3.13351e+15	23.8345	34.0033	33.5944	66.3469	56.87	88.3922	
154000	-132579	-1229.27	-85809.6	-17413.1	0.185705	1	0.138101	14.4821	3.99204	0.00451327	18.7603	0.288687	6517	99	659	-34684.4	54.4194f	66.3695	4	1	1	0.0792079	0.128713	0.049505	0.009901	0	0	0	0	0.845455	0.955385	0.2634	0.576642	0.847926	9.90099e-09	0.148515	9.90099e-09	1	0.149231	0.283763	0.666667	0.666667	0.666667	1	1	85222.7	1e+20	3.13351e+15	23.8345	34.0033	33.5944	66.3469	54.4194	66.3695	
155000	-132021	-1229.27	-85251.9	-17285.1	0.185705	1	0.143451	13.942	3.88935	0.0147345	18.4623	0.285259	6441	99	689	-34684.4	20.0073f	61.2724	4	1	1	0.0792079	0.128713	0.049505	0.009901	0	0	0	0	0.845455	0.970634	0.227061	0.492424	0.888025	9.90099e-09	0.148515	9.90099e-09	1	0.131783	0.343109	0.666667	0.666667	0.666667	1	1	85222.7	1e+20	3.13351e+15	23.8345	34.0033	33.5944	66.3469	20.0073	61.2724	
156000	-130841	-1229.27	-84072.2	-17182.4	0.185705	1	0.14069	14.2156	3.81448	0.00201328	18.4623	0.296566	6380	99	638	-34684.4	45.0995f	60.0037	4	1	1	0.0792079	0.128713	0.0693069	0.009901	0	0	0	0	0.818182	0.959055	0.26489	0.569231	0.88522	9.90099e-09	0.148515	9.90099e-09	1	0.117739	0.294118	0.666667	0.666667	0.666667	1	1	85222.7	1e+20	3.13351e+15	23.8345	34.0033	33.5944	66.3469	45.0995	60.0037	
157000	-132398	-1229.27	-85628.8	-17369.3	0.185705	1	0.148477	13.4701	4.02562	0.0372702	18.4623	0.266273	6491	99	670	-34684.4	28.0874f	95.7192	4	1	1	0.019802	0.138614	0.0693069	0.009901	0	0	0	0	0.872727	0.972477	0.220521	0.492958	0.885321	9.90099e-09	0.148515	9.90099e-09	1	0.133846	0.301587	0.666667	0.666667	0.666667	1	1	85222.7	1e+20	3.13351e+15	67.6031	21.2028	33.5944	66.3469	28.0874	95.7192	
158000	-131907	-1229.27	-85137.8	-17221	0.185071	1	0.162497	12.3079	4.15219	0.00494701	18.2063	0.235884	6403	99	715	-34684.4	40.8053f	65.6355	4	1	1	0.019802	0.138614	0.0693069	0.009901	0	0	0	0	0.845455	0.971963	0.232087	0.465278	0.862715	9.90099e-09	0.148515	9.90099e-09	1	0.162246	0.343923	0.666667	0.666667	0.666667	1	1	85222.7	1e+20	3.13351e+15	67.6031	21.2028	48.6638	46.6717	40.8053	65.6355	
159000	-130281	-1229.27	-83511.5	-16969.9	0.183005	1	0.154445	12.9496	3.9995	0.0176794	18.3185	0.257656	6255	99	716	-34684.4	64.7695f	18.5025	4	1	1	0.019802	0.138614	0.0693069	9.90099e-09	0	0	0	0	0.854545	0.958665	0.237261	0.496403	0.889776	9.90099e-09	0.148515	9.90099e-09	1	0.134185	0.327298	0.666667	0.666667	0.666667	1	1	85222.7	1e+20	3.13351e+15	67.6031	21.2028	57.0694	36.2678	64.7695	18.5025	
160000	-131657	-1229.27	-84887.6	-17175.6	0.182204	1	0.158075	12.6522	4.0756	0.00407964	18.3185	0.247038	6376	99	717	-34684.4	57.2102f	35.346	4	1	1	0.019802	0.138614	0.0693069	9.90099e-09	0	0	0	0	0.818182	0.952904	0.22292	0.503401	0.85624	9.90099e-09	0.0792079	9.90099e-09	1	0.103448	0.317927	0.666667	0.666667	0.666667	1	1	85222.7	1e+20	3.13351e+15	67.6031	21.2028	55.7371	29.2927	57.2102	35.346	
161000	-131917	-1229.27	-85147.9	-17091	0.179973	1	0.17897	11.1751	4.50955	0.0153893	18.2698	0.1972	6326	99	794	-34684.4	69.355f	24.0983	4	1	1	0.019802	0.138614	0.0693069	9.90099e-09	0	0	0	0	0.818182	0.957278	0.244479	0.493671	0.842271	9.90099e-09	0.0792079	9.90099e-09	1	0.151659	0.332474	0.666667	0.666667	0.666667	1	1	85222.7	1e+20	3.13351e+15	67.6031	21.2028	55.7371	29.2927	69.355	24.0983	
162000	-132206	-1229.27	-85436.7	-17172.4	0.181509	1	0.167938	11.9091	4.42999	0.0160487	18.4411	0.213928	6374	99	774	-34684.4	65.6567f	20.8388	4	1	1	0.0594059	0.138614	0.0693069	9.90099e-09	0	0	0	0	0.845455	0.944795	0.289969	0.534247	0.866562	9.90099e-09	0.0792079	9.90099e-09	1	0.139498	0.31572	0.666667	0.666667	0.666667	1	1	85222.7	1e+20	3.13351e+15	23.0873	36.5858	55.7371	29.2927	65.6567	20.8388	
163000	-130408	-1229.27	-83638.4	-17034.4	0.17996	1	0.157229	12.7203	3.84975	0.00391623	18.1396	0.262938	6293	99	687	-34684.4	36.0304f	41.3187	4	1	1	0.0594059	0.178218	0.0792079	9.90099e-09	0	0	0	0	0.872727	0.955626	0.243243	0.433566	0.860317	9.90099e-09	0.0792079	9.90099e-09	1	0.134707	0.315049	0.666667	0.666667	0.666667	1	1	85222.7	1e+20	3.13351e+15	23.0873	36.5858	55.7371	29.2927	36.0304	41.3187	
164000	-130674	-1229.27	-83905.2	-17013.7	0.181291	1	0.147281	13.5795	4.94894	0.00512203	19.5972	0.218354	6281	99	720	-34684.4	31.4349f	46.6427	4	1	1	0.0594059	0.178218	0.0792079	9.90099e-09	0	0	0	0	0.790909	0.971292	0.217949	0.527397	0.859649	9.90099e-09	0.0792079	9.90099e-09	1	0.128776	0.299716	0.666667	0.666667	0.666667	1	1	85222.7	1e+20	3.13351e+15	23.0873	36.5858	55.7371	29.2927	31.4349	46.6427	
165000	-128981	-1229.27	-82211.7	-16954.4	0.177697	1	0.116263	17.2024	3.87093	0.0160193	19.6504	0.353642	6246	99	599	-34684.4	43.329f	17.3108	4	1	1	0.0594059	0.178218	0.0792079	9.90099e-09	0	0	0	0	0.890909	0.972843	0.2512	0.585366	0.88	9.90099e-09	0.0792079	9.90099e-09	1	0.1312	0.331104	0.666667	0.666667	0.666667	1	1	85222.7	1e+20	3.13351e+15	23.0873	36.5858	55.7371	29.2927	43.329	17.3108	
166000	-132130	-1229.27	-85361	-17426	0.187827	1	0.127969	15.6288	4.50355	0.0267487	19.6504	0.27616	6525	99	601	-34684.4	57.4689f	7.64891	4	1	1	0.0594059	0.178218	0.0792079	9.90099e-09	0	0	0	0	0.909091	0.967742	0.2634	0.524194	0.883614	9.90099e-09	0.0693069	9.90099e-09	1	0.139357	0.305556	0.666667	0.666667	0.666667	1	1	85222.7	1e+20	3.13351e+15	23.0873	36.5858	55.7371	29.2927	57.4689	7.64891	
167000	-131824	-1229.27	-85054.3	-17347.4	0.187827	1	0.116167	17.2165	4.08823	0.0115578	19.6504	0.33512	6478	99	624	-34684.4	69.6303f	30.2042	4	1	1	0.0792079	0.178218	0.0792079	9.90099e-09	0	0	0	0	0.872727	0.976888	0.257319	0.548387	0.878086	9.90099e-09	0.0693069	9.90099e-09	1	0.132512	0.3021	0.666667	0.666667	0.666667	1	1	85222.7	1e+20	3.13351e+15	32.8991	19.3428	83.4583	25.2385	69.6303	30.2042	
168000	-132593	-1229.27	-85823.6	-17472.7	0.188411	1	0.116167	17.2165	4.10095	0.00933395	19.6504	0.334081	6553	99	616	-34684.4	73.3006f	41.4666	4	1	1	0.0792079	0.178218	0.039604	9.90099e-09	0	0	0	0	0.836364	0.952381	0.247692	0.578125	0.891768	9.90099e-09	0.0693069	9.90099e-09	1	0.126524	0.2848	0.666667	0.666667	0.666667	1	1	85222.7	1e+20	3.13351e+15	32.8991	19.3428	83.4583	25.2385	73.3006	41.4666	
169000	-134786	-1229.27	-88017.2	-17761.5	0.190344	1	0.114215	17.5109	4.05741	0.0477151	19.6311	0.343438	6727	99	641	-34684.4	86.1737f	5.58695	4	1	1	0.0792079	0.178218	0.039604	9.90099e-09	0	0	0	0	0.872727	0.95231	0.267459	0.534351	0.898659	9.90099e-09	0.0693069	9.90099e-09	1	0.114413	0.290572	0.666667	0.666667	0.666667	1	1	85222.7	1e+20	3.13351e+15	32.8991	19.3428	83.4583	25.2385	86.1737	5.58695	
170000	-136220	-1229.27	-89451.2	-17904.3	0.194891	1	0.117468	17.0258	4.13692	0.0123154	19.4733	0.327508	6815	99	685	-34684.4	77.8911f	43.671	4	1	1	0.0792079	0.19802	0.039604	9.90099e-09	0	0	0	0	0.881818	0.966226	0.238235	0.635036	0.870588	0.009901	0.0693069	9.90099e-09	1	0.111765	0.311782	0.666667	0.666667	0.666667	1	1	85222.7	1e+20	3.13351e+15	32.8991	19.3428	83.4583	25.2385	77.8911	43.671	
171000	-137960	-1229.27	-91190.8	-18158.2	0.203066	1	0.113246	17.6606	4.45083	0.0124031	19.8104	0.315759	6972	99	688	-34684.4	78.6507f	49.3291	4	1	1	0.0792079	0.19802	0.039604	9.90099e-09	0	0	0	0	0.863636	0.958631	0.26361	0.537879	0.907275	0.009901	0.138614	9.90099e-09	1	0.114123	0.271162	0.666667	0.666667	0.666667	1	1	85222.7	1e+20	3.13351e+15	32.8991	19.3428	83.3012	28.9003	78.6507	49.3291	
172000	-139922	-1229.27	-93153	-18496.1	0.203066	1	0.113246	17.6606	4.53905	0.0321316	19.9078	0.309622	7184	99	651	-34684.4	73.7346f	9.43555	4	1	1	0.0792079	0.19802	0.039604	9.90099e-09	0	0	0	0	0.827273	0.98613	0.23644	0.461538	0.907074	0.009901	0.138614	9.90099e-09	1	0.117729	0.292035	0.666667	0.666667	0.666667	1	1	85222.7	1e+20	3.13351e+15	32.8991	19.3428	83.3012	28.9003	73.7346	9.43555	
173000	-139682	-1229.27	-92913	-18405.3	0.203066	1	0.120329	16.6211	4.82293	0.0163696	19.9078	0.274246	7127	99	688	-34684.4	64.7609f	19.9844	4	1	1	0.0792079	0.19802	0.0990099	9.90099e-09	0	0	0	0	0.790909	0.967651	0.292135	0.492647	0.894515	0.009901	0.138614	9.90099e-09	1	0.128852	0.324926	0.666667	0.666667	0.666667	1	1	85222.7	1e+20	3.13351e+15	32.8991	19.3428	83.3012	28.9003	64.7609	19.9844	
174000	-141852	-1229.27	-95083.1	-18714.7	0.207877	1	0.11593	17.2518	4.7567	0.0160176	19.9078	0.288615	7324	99	690	-34684.4	77.5134f	67.5832	4	1	1	0.0594059	0.19802	0.0990099	9.90099e-09	0	0	0	0	0.836364	0.952381	0.228142	0.534722	0.902307	0.009901	0.138614	9.90099e-09	1	0.119403	0.284123	0.666667	0.666667	0.666667	1	1	85222.7	1e+20	3.13351e+15	32.8991	19.3428	83.3012	28.9003	77.5134	67.5832	
175000	-141278	-1229.27	-94509	-18629.9	0.207877	1	0.130176	15.3638	5.34123	0.012914	19.9078	0.228901	7270	99	699	-34684.4	76.1369f	36.5669	4	1	1	0.0594059	0.19802	0.0990099	9.90099e-09	0	0	0	0	0.818182	0.961486	0.23489	0.506667	0.894952	0.009901	0.138614	9.90099e-09	1	0.127923	0.308005	0.666667	0.666667	0.666667	1	1	85222.7	1e+20	3.13351e+15	32.8991	19.3428	83.3012	28.9003	76.1369	36.5669	
176000	-142260	-1229.27	-95491.1	-18699	0.207877	1	0.127202	15.723	5.10635	0.0282976	19.7993	0.245027	7314	99	735	-34684.4	91.8469f	37.0966	4	1	1	0.0594059	0.19802	0.0990099	9.90099e-09	0	0	0	0	0.790909	0.969863	0.248974	0.513699	0.89589	0.009901	0.138614	9.90099e-09	1	0.129959	0.278912	0.666667	0.666667	0.666667	1	1	85222.7	1e+20	3.13351e+15	32.8991	19.3428	97.8014	15.7248	91.8469	37.0966	
177000	-141215	-1229.27	-94446.1	-18535.9	0.209729	1	0.126547	15.8044	5.1253	0.0463803	19.7993	0.245386	7210	99	746	-34684.4	87.7397f	8.02404	4	1	1	0.0594059	0.168317	0.0990099	9.90099e-09	0	0	0	0	0.845455	0.968056	0.251389	0.533333	0.8875	0.009901	0.108911	9.90099e-09	1	0.157895	0.280161	0.666667	0.666667	0.666667	1	1	85222.7	1e+20	3.13351e+15	32.8991	19.3428	97.8014	15.7248	87.7397	8.02404	
178000	-141882	-1229.27	-95112.7	-18684.3	0.209729	1	0.122223	16.3635	4.95017	0.0439715	19.7993	0.263055	7305	99	719	-34684.4	97.3093f	22.2903	4	1	1	0.0594059	0.168317	0.0990099	9.90099e-09	0	0	0	0	0.881818	0.966805	0.272603	0.535211	0.889041	0.009901	0.108911	9.90099e-09	1	0.132695	0.288824	0.666667	0.666667	0.666667	1	1	85222.7	1e+20	3.13351e+15	19.3438	45.2849	97.8014	15.7248	97.3093	22.2903	
179000	-142436	-1229.27	-95666.3	-18726.3	0.21044	1	0.127237	15.7188	4.77523	0.0561396	19.4094	0.261947	7332	99	753	-34684.4	90.4976f	2.85258	4	1	1	0.0594059	0.168317	0.019802	9.90099e-09	0	0	0	0	0.845455	0.952186	0.216327	0.468531	0.878912	0.009901	0.108911	9.90099e-09	1	0.108071	0.309429	0.666667	0.666667	0.666667	1	1	85222.7	1e+20	3.13351e+15	19.3438	45.2849	97.8014	15.7248	90.4976	2.85258	
180000	-139145	-1229.27	-92375.3	-18344.6	0.203552	1	0.123628	16.1776	4.40384	0.0471247	19.3178	0.29233	7089	99	681	-34684.4	99.6952f	22.558	4	1	1	0.0594059	0.168317	0.019802	9.90099e-09	0	0	0	0	0.854545	0.953456	0.247525	0.621429	0.896747	0.009901	0.108911	9.90099e-09	1	0.122708	0.286541	0.666667	0.666667	0.666667	1	1	85222.7	1e+20	3.13351e+15	19.3438	45.2849	97.8014	15.7248	99.6952	22.558	
181000	-138954	-1229.27	-92184.8	-18340.2	0.202045	1	0.121635	16.4426	4.30077	0.0209002	19.3178	0.304239	7086	99	669	-34684.4	85.6735f	61.3099	4	1	1	0.0891089	0.168317	0.019802	9.90099e-09	0	0	0	0	0.863636	0.967422	0.207334	0.541353	0.892807	0.009901	0.108911	9.90099e-09	1	0.143865	0.307463	0.666667	0.666667	0.666667	1	1	85222.7	1e+20	3.13351e+15	19.3438	45.2849	97.8014	15.7248	85.6735	61.3099	
182000	-138604	-1229.27	-91835.1	-18335	0.204112	1	0.113856	17.566	4.08575	0.00842815	19.3401	0.34213	7083	99	639	-34684.4	71.405f	59.4631	4	1	1	0.0891089	0.168317	0.019802	9.90099e-09	0	0	0	0	0.754545	0.970547	0.261603	0.53125	0.891516	0.009901	0.108911	9.90099e-09	1	0.108604	0.347551	0.666667	0.666667	0.666667	1	1	85222.7	1e+20	3.13351e+15	19.3438	45.2849	85.9699	62.3465	71.405	59.4631	
183000	-138090	-1229.27	-91320.9	-18268.3	0.204112	1	0.119462	16.7418	4.59311	0.043725	19.6766	0.290058	7041	99	636	-34684.4	98.8387f	74.146	4	1	1	0.0891089	0.168317	0.019802	9.90099e-09	0	0	0	0	0.863636	0.963068	0.248945	0.529851	0.879261	0.009901	0.108911	9.90099e-09	1	0.120567	0.271472	0.666667	0.666667	0.666667	1	1	85222.7	1e+20	3.13351e+15	19.3438	45.2849	85.9699	62.3465	98.8387	74.146	
184000	-139081	-1229.27	-92312.1	-18482.8	0.204112	1	0.0974489	20.5236	3.82532	0.0112068	19.7789	0.426948	7176	99	587	-34684.4	54.969f	76.8838	4	1	1	0.0891089	0.148515	0.019802	9.90099e-09	0	0	0	0	0.827273	0.966527	0.297071	0.516129	0.90795	0.009901	0.049505	9.90099e-09	1	0.122734	0.322848	0.666667	0.666667	0.666667	1	1	85222.7	1e+20	3.13351e+15	19.3438	45.2849	64.6551	65.44	54.969	76.8838	
185000	-138803	-1229.27	-92033.9	-18317.5	0.203699	1	0.111785	17.8915	4.37919	0.00574214	19.7789	0.32512	7072	99	660	-34684.4	54.633f	68.7142	4	1	1	0.0891089	0.148515	0.0792079	9.90099e-09	0	0	0	0	0.890909	0.96733	0.266667	0.557252	0.889675	0.009901	0.049505	9.90099e-09	1	0.118644	0.277607	0.666667	0.666667	0.666667	1	1	85222.7	1e+20	3.13351e+15	19.3438	45.2849	64.6551	65.44	54.633	68.7142	
186000	-137612	-1229.27	-90842.3	-18137.1	0.202049	1	0.11625	17.2043	4.51725	0.0152838	19.7789	0.303076	6959	99	668	-34684.4	81.0037f	57.4139	4	1	1	0.0891089	0.148515	0.0792079	9.90099e-09	0	0	0	0	0.863636	0.955267	0.263768	0.560606	0.892754	0.009901	0.049505	9.90099e-09	1	0.142446	0.26	0.666667	0.666667	0.666667	1	1	85222.7	1e+20	3.13351e+15	19.3438	45.2849	64.6551	65.44	81.0037	57.4139	
187000	-137114	-1229.27	-90345.2	-18052.3	0.202049	1	0.11625	17.2043	4.54112	0.02838	19.805	0.301484	6906	99	668	-34684.4	70.7427f	88.6154	4	1	1	0.039604	0.148515	0.0792079	9.90099e-09	0	0	0	0	0.854545	0.966859	0.27482	0.481203	0.868307	0.009901	0.049505	9.90099e-09	1	0.120116	0.293578	0.666667	0.666667	0.666667	1	1	85222.7	1e+20	3.13351e+15	19.3438	45.2849	64.6551	65.44	70.7427	88.6154	
188000	-139617	-1229.27	-92848.2	-18417.9	0.203233	1	0.106598	18.762	4.18849	0.0052863	19.805	0.356462	7135	99	674	-34684.4	63.9693f	37.8003	4	1	1	0.039604	0.148515	0.0792079	9.90099e-09	0	0	0	0	0.818182	0.967787	0.27591	0.585185	0.88145	0.009901	0.049505	9.90099e-09	1	0.0851955	0.329377	0.666667	0.666667	0.666667	1	1	85222.7	1e+20	3.13351e+15	42.9873	82.3772	64.6551	65.44	63.9693	37.8003	
189000	-137302	-1229.27	-90532.8	-18155	0.203233	1	0.119928	16.6767	4.58596	0.0149761	19.671	0.28938	6970	99	623	-34684.4	57.2084f	80.8806	4	1	1	0.039604	0.148515	0.0792079	9.90099e-09	0	0	0	0	0.818182	0.961318	0.253219	0.470149	0.889049	0.009901	0.049505	9.90099e-09	1	0.121777	0.290016	0.666667	0.666667	0.666667	1	1	85222.7	1e+20	3.13351e+15	2.61913	60.4536	64.6551	65.44	57.2084	80.8806	
190000	-136887	-1229.27	-90117.7	-18079.2	0.198256	1	0.112449	17.7859	4.19466	0.0352057	19.671	0.337418	6923	99	640	-34684.4	77.1801f	90.6216	4	1	1	0.039604	0.188119	0.0792079	9.90099e-09	0	0	0	0	0.818182	0.959654	0.223665	0.563492	0.911175	0.009901	0.049505	9.90099e-09	1	0.102305	0.286164	0.666667	0.666667	0.666667	1	1	85222.7	1e+20	3.13351e+15	13.7926	67.5415	64.6551	65.44	77.1801	90.6216	
191000	-136987	-1229.27	-90217.7	-18162.9	0.19936	1	0.109103	18.3313	4.09251	0.0269408	19.671	0.356445	6975	99	596	-34684.4	92.6364f	50.2993	4	1	1	0.039604	0.188119	0.0792079	9.90099e-09	0	0	0	0	0.918182	0.955396	0.271942	0.508197	0.906743	0.009901	0.0891089	9.90099e-09	1	0.106017	0.295302	0.666667	0.666667	0.666667	1	1	85222.7	1e+20	3.13351e+15	27.3728	60.9148	64.6551	65.44	92.6364	50.2993	
192000	-137321	-1229.27	-90551.6	-18215.5	0.201019	1	0.106056	18.8579	4.22282	0.0148046	19.9253	0.35537	7008	99	593	-34684.4	75.8442f	67.7591	4	1	1	0.039604	0.188119	0.019802	9.90099e-09	0	0	0	0	0.8	0.967143	0.256776	0.591667	0.905714	0.009901	0.0891089	9.90099e-09	1	0.132857	0.323777	0.666667	0.666667	0.666667	1	1	85222.7	1e+20	3.13351e+15	27.3728	60.9148	64.6551	65.44	75.8442	67.7591	
193000	-138077	-1229.27	-91307.9	-18280.9	0.203393	1	0.106056	18.8579	4.27268	0.0337591	19.9253	0.351223	7049	99	620	-34684.4	89.8387f	76.3883	4	1	1	0.0891089	0.188119	0.019802	9.90099e-09	0	0	0	0	0.809091	0.971631	0.229462	0.491935	0.895184	0.009901	0.0891089	9.90099e-09	1	0.111898	0.286416	0.666667	0.666667	0.666667	1	1	85222.7	1e+20	3.13351e+15	27.3728	60.9148	64.6551	65.44	89.8387	76.3883	
194000	-139344	-1229.27	-92574.4	-18379	0.208786	1	0.1096	18.2482	4.53251	0.00959855	19.9253	0.320385	7110	99	672	-34684.4	74.0977f	42.7717	4	1	1	0.0891089	0.188119	0.019802	9.90099e-09	0	0	0	0	0.854545	0.960452	0.262411	0.532847	0.882768	0.009901	0.0891089	9.90099e-09	1	0.127809	0.259259	0.666667	0.666667	0.666667	1	1	85222.7	1e+20	3.13351e+15	27.3728	60.9148	64.6551	65.44	74.0977	42.7717	
195000	-140325	-1229.27	-93555.7	-18587	0.205091	1	0.1096	18.2482	4.36792	0.0168586	19.8302	0.332457	7242	99	637	-34684.4	83.5549f	50.2827	4	1	1	0.0891089	0.188119	0.019802	9.90099e-09	0	0	0	0	0.9	0.970914	0.259003	0.516393	0.891967	0.009901	0.0891089	9.90099e-09	1	0.111724	0.275316	0.666667	0.666667	0.666667	1	1	85222.7	1e+20	3.13351e+15	27.3728	60.9148	64.6551	65.44	83.5549	50.2827	
196000	-140399	-1229.27	-93629.4	-18546.8	0.209564	1	0.113625	17.6018	4.62712	0.00503421	19.8302	0.302716	7217	99	661	-34684.4	59.2117f	65.3373	4	1	1	0.0891089	0.188119	0.019802	9.90099e-09	0	0	0	0	0.845455	0.97067	0.302358	0.514925	0.896122	0.009901	0.0891089	9.90099e-09	1	0.131285	0.271624	0.666667	0.666667	0.666667	1	1	85222.7	1e+20	3.13351e+15	27.215	53.2422	86.8543	43.4609	59.2117	65.3373	
197000	-142432	-1229.27	-95663	-18776.1	0.21374	1	0.119127	16.7888	4.94786	0.0147056	19.8302	0.270018	7364	99	706	-34684.4	73.2565f	28.7328	4	1	1	0.0891089	0.148515	0.029703	9.90099e-09	0	0	0	0	0.827273	0.967391	0.24152	0.5	0.894166	9.90099e-09	0.0891089	9.90099e-09	1	0.120924	0.300435	0.666667	0.666667	0.666667	1	1	85222.7	1e+20	3.13351e+15	30.4574	23.5904	86.8543	43.4609	73.2565	28.7328	
198000	-145780	-1229.27	-99010.6	-19243.9	0.222323	1	0.119127	16.7888	5.14654	0.01343	19.8302	0.259593	7670	99	709	-34684.4	57.9469f	20.7244	4	1	1	0.0891089	0.148515	0.029703	9.90099e-09	0	0	0	0	0.863636	0.96875	0.22526	0.566434	0.921875	9.90099e-09	0.108911	9.90099e-09	1	0.123698	0.295035	0.666667	0.666667	0.666667	1	1	85222.7	1e+20	3.13351e+15	30.4574	23.5904	86.8543	43.4609	57.9469	20.7244	
199000	-146183	-1229.27	-99413.7	-19253	0.222323	1	0.125122	15.9844	5.42939	0.0537524	19.8521	0.234281	7676	99	740	-34684.4	99.0693f	14.2473	4	1	1	0.0990099	0.148515	0.029703	9.90099e-09	0	0	0	0	0.818182	0.971391	0.223667	0.51634	0.883571	9.90099e-09	0.108911	9.90099e-09	1	0.104167	0.317358	0.666667	0.666667	0.666667	1	1	85222.7	1e+20	3.13351e+15	19.2456	22.2426	86.8543	43.4609	99.0693	14.2473	
200000	-144583	-1229.27	-97813.7	-19115.2	0.217653	1	0.110716	18.0643	4.70335	0.00135735	19.8521	0.305635	7585	99	680	-34684.4	58.3621f	51.0665	4	1	1	0.0990099	0.148515	0.029703	9.90099e-09	0	0	0	0	0.827273	0.960474	0.274639	0.521429	0.896189	9.90099e-09	0.108911	9.90099e-09	1	0.086728	0.269504	0.666667	0.666667	0.666667	1	1	85222.7	1e+20	3.13351e+15	19.2456	22.2426	86.8543	43.4609	58.3621	51.0665	
201000	-148478	-1229.27	-101708	-19520.9	0.227583	1	0.120186	16.6409	5.39506	0.0358896	19.9043	0.245454	7855	99	768	-34684.4	90.0843f	20.9304	4	1	1	0.0990099	0.148515	0.029703	9.90099e-09	0	0	0	0	0.863636	0.973214	0.253181	0.568627	0.885496	9.90099e-09	0.108911	9.90099e-09	1	0.122137	0.302564	0.666667	0.666667	0.666667	1	1	85222.7	1e+20	3.13351e+15	19.2456	22.2426	86.8543	43.4609	90.0843	20.9304	
202000	-148461	-1229.27	-101692	-19570.5	0.230585	1	0.120186	16.6409	5.46623	0.00497857	19.9043	0.242258	7888	99	736	-34684.4	67.1473f	45.1801	4	1	1	0.0990099	0.148515	0.029703	9.90099e-09	0	0	0	0	0.872727	0.958228	0.2933	0.571429	0.886335	9.90099e-09	0.108911	9.90099e-09	1	0.149178	0.289673	0.666667	0.666667	0.666667	1	1	85222.7	1e+20	3.13351e+15	19.2456	22.2426	86.8543	43.4609	67.1473	45.1801	
203000	-150165	-1229.27	-103396	-19751	0.230048	1	0.121063	16.5203	5.41989	0.00585013	19.8375	0.242559	8011	99	768	-34684.4	61.0576f	33.7297	4	1	1	0.0990099	0.148515	0.029703	9.90099e-09	0	0	0	0	0.827273	0.948686	0.245	0.503185	0.900249	9.90099e-09	0.108911	9.90099e-09	1	0.130923	0.292208	0.666667	0.666667	0.666667	1	1	85222.7	1e+20	3.13351e+15	28.9639	29.7344	86.8543	43.4609	61.0576	33.7297	
204000	-150011	-1229.27	-103241	-19751.3	0.228759	1	0.117281	17.053	5.22118	0.0333239	19.8375	0.25991	8011	99	754	-34684.4	96.322f	39.2233	4	1	1	0.0990099	0.108911	0.029703	9.90099e-09	0	0	0	0	0.809091	0.96384	0.215174	0.529032	0.901496	9.90099e-09	0.108911	9.90099e-09	1	0.128109	0.30092	0.666667	0.666667	0.666667	1	1	85222.7	1e+20	3.13351e+15	28.9639	29.7344	86.8543	43.4609	96.322	39.2233	
205000	-148483	-1229.27	-101713	-19609.7	0.229182	1	0.110555	18.0906	4.93083	0.033711	19.8375	0.291959	7915	99	706	-34684.4	97.6225f	53.7818	4	1	1	0.0693069	0.108911	0.029703	9.90099e-09	0	0	0	0	0.836364	0.955752	0.246851	0.597222	0.88648	9.90099e-09	0.108911	9.90099e-09	1	0.103053	0.298898	0.666667	0.666667	0.666667	1	1	85222.7	1e+20	3.13351e+15	28.9639	29.7344	86.8543	43.4609	97.6225	53.7818	
206000	-149263	-1229.27	-102494	-19742.3	0.229182	1	0.10276	19.4628	4.58317	0.0271205	19.8375	0.337932	8005	99	694	-34684.4	82.2336f	78.0988	4	1	1	0.0693069	0.108911	0.029703	9.90099e-09	0	0	0	0	0.827273	0.963795	0.268414	0.594203	0.897628	9.90099e-09	0.108911	9.90099e-09	1	0.11236	0.298663	0.666667	0.666667	0.666667	1	1	85222.7	1e+20	3.13351e+15	28.9639	29.7344	86.8543	43.4609	82.2336	78.0988	
207000	-149239	-1229.27	-102470	-19713.1	0.228017	1	0.103602	19.3047	4.59721	0.00248629	19.8375	0.334163	7985	99	707	-34684.4	52.458f	37.6227	4	1	1	0.0693069	0.108911	0.029703	9.90099e-09	0	0	0	0	0.845455	0.973783	0.265997	0.554795	0.897114	9.90099e-09	0.108911	9.90099e-09	1	0.0948814	0.30246	0.666667	0.666667	0.666667	1	1	85222.7	1e+20	3.13351e+15	28.9639	29.7344	86.8543	43.4609	52.458	37.6227	
208000	-149629	-1229.27	-102859	-19754.2	0.233359	1	0.112884	17.7173	5.12647	0.00821447	19.8375	0.275023	8013	99	724	-34684.4	71.3259f	58.8544	4	1	1	0.0693069	0.108911	0.029703	9.90099e-09	0	0	0	0	0.854545	0.966334	0.255611	0.524823	0.90399	9.90099e-09	0.108911	9.90099e-09	1	0.106965	0.289733	0.666667	0.666667	0.666667	1	1	85222.7	1e+20	3.13351e+15	78.4436	60.5186	86.8543	43.4609	71.3259	58.8544	
209000	-153778	-1229.27	-107008	-20169	0.233359	1	0.118771	16.8391	5.39383	0.0188195	19.8375	0.248434	8298	99	813	-34684.4	83.151f	37.0253	4	1	1	0.0693069	0.148515	0.029703	9.90099e-09	0	0	0	0	0.881818	0.962696	0.252708	0.496732	0.886883	9.90099e-09	0.108911	9.90099e-09	1	0.135981	0.279213	0.666667	0.666667	0.666667	1	1	85222.7	1e+20	3.13351e+15	89.0493	68.0368	86.8543	43.4609	83.151	37.0253	
210000	-151788	-1229.27	-105019	-19928.9	0.233359	1	0.124281	16.0925	5.64406	0.00143833	19.8375	0.226894	8133	99	797	-34684.4	55.198f	42.5545	4	1	1	0.0693069	0.148515	0.029703	9.90099e-09	0	0	0	0	0.781818	0.965686	0.24908	0.524096	0.909314	9.90099e-09	0.049505	9.90099e-09	1	0.113971	0.27044	0.666667	0.666667	0.666667	1	1	85222.7	1e+20	3.13351e+15	89.0493	68.0368	86.8543	43.4609	55.198	42.5545	
211000	-150254	-1229.27	-103485	-19790.6	0.233359	1	0.108802	18.382	4.94108	0.0111382	19.8375	0.296048	8038	99	748	-34684.4	73.2679f	63.8262	4	1	1	0.039604	0.148515	9.90099e-09	9.90099e-09	0	0	0	0	0.790909	0.971286	0.270471	0.453947	0.884472	9.90099e-09	0.049505	9.90099e-09	1	0.144099	0.295958	0.666667	0.666667	0.666667	1	1	85222.7	1e+20	3.13351e+15	59.6991	99.3522	86.8543	43.4609	73.2679	63.8262	
212000	-151912	-1229.27	-105142	-20006	0.233349	1	0.112477	17.7814	5.10778	0.032302	19.8375	0.277028	8186	99	756	-34684.4	73.2738f	9.01844	4	1	1	0.039604	0.148515	9.90099e-09	9.90099e-09	0	0	0	0	0.836364	0.962103	0.266178	0.524823	0.897311	9.90099e-09	0.049505	9.90099e-09	1	0.136752	0.3	0.666667	0.666667	0.666667	1	1	85222.7	1e+20	3.13351e+15	59.6991	99.3522	86.8543	43.4609	73.2738	9.01844	
213000	-154966	-1229.27	-108196	-20361.3	0.242441	1	0.111796	17.8898	5.27464	0.0137993	19.8375	0.269899	8435	99	790	-34684.4	79.2023f	41.7676	4	1	1	0.039604	0.148515	9.90099e-09	9.90099e-09	0	0	0	0	0.8	0.977327	0.241706	0.54375	0.883886	9.90099e-09	0.049505	9.90099e-09	1	0.132701	0.284759	0.666667	0.666667	0.666667	1	1	85222.7	1e+20	3.13351e+15	59.6991	99.3522	86.8543	43.4609	79.2023	41.7676	
214000	-153014	-1229.27	-106245	-20226.7	0.242441	1	0.105124	19.0251	4.95987	0.00248378	19.8375	0.305244	8340	99	701	-34684.4	62.1008f	50.1896	4	1	1	0.039604	0.148515	9.90099e-09	9.90099e-09	0	0	0	0	0.818182	0.969988	0.25509	0.489655	0.903341	9.90099e-09	0.049505	9.90099e-09	1	0.108982	0.276012	0.666667	0.666667	0.666667	1	1	85222.7	1e+20	3.13351e+15	31.8499	25.5513	86.8543	43.4609	62.1008	50.1896	
215000	-156413	-1229.27	-109644	-20531.3	0.242441	1	0.111426	17.9491	5.2572	0.0138771	19.8375	0.271693	8555	99	798	-34684.4	79.3257f	41.8884	4	1	1	0.039604	0.128713	9.90099e-09	9.90099e-09	0	0	0	0	0.890909	0.966318	0.248832	0.547771	0.896956	9.90099e-09	0.049505	9.90099e-09	1	0.121495	0.280702	0.666667	0.666667	0.666667	1	1	85222.7	1e+20	3.13351e+15	58.2554	27.6953	86.8543	43.4609	79.3257	41.8884	
216000	-155620	-1229.27	-108851	-20403.8	0.242441	1	0.120643	16.5778	5.69209	0.00840749	19.8375	0.231763	8465	99	814	-34684.4	72.2354f	57.214	4	1	1	0.039604	0.128713	9.90099e-09	9.90099e-09	0	0	0	0	0.836364	0.965762	0.251185	0.45283	0.872491	9.90099e-09	0.049505	9.90099e-09	1	0.108619	0.299261	0.666667	0.666667	0.666667	1	1	85222.7	1e+20	3.13351e+15	75.5723	10.6978	86.8543	43.4609	72.2354	57.214	
217000	-153675	-1229.27	-106906	-20243.5	0.24075	1	0.112107	17.8402	5.36972	0.0216674	19.9474	0.264386	8352	99	749	-34684.4	70.1255f	82.4581	4	1	1	0.039604	0.128713	9.90099e-09	9.90099e-09	0	0	0	0	0.809091	0.971292	0.285885	0.519481	0.895858	9.90099e-09	0.128713	9.90099e-09	1	0.121864	0.306431	0.666667	0.666667	0.666667	1	1	85222.7	1e+20	3.13351e+15	75.5723	10.6978	86.8543	43.4609	70.1255	82.4581	
218000	-152576	-1229.27	-105807	-20109.5	0.240275	1	0.106668	18.7498	5.05848	0.0363993	19.9075	0.294962	8258	99	744	-34684.4	93.7049f	73.5456	4	1	1	0.039604	0.128713	0.009901	9.90099e-09	0	0	0	0	0.827273	0.961446	0.263285	0.606667	0.909639	9.90099e-09	0.128713	9.90099e-09	1	0.108959	0.275538	0.666667	0.666667	0.666667	1	1	85222.7	1e+20	3.13351e+15	75.5723	10.6978	86.8543	43.4609	93.7049	73.5456	
219000	-151101	-1229.27	-104332	-19970	0.238401	1	0.104729	19.0969	4.92783	0.00279026	19.9075	0.308387	8161	99	705	-34684.4	60.9373f	56.8245	4	1	1	0.039604	0.128713	0.009901	9.90099e-09	0	0	0	0	0.890909	0.964677	0.251825	0.559441	0.899149	9.90099e-09	0.128713	9.90099e-09	1	0.113001	0.279661	0.666667	0.666667	0.666667	1	1	85222.7	1e+20	3.13351e+15	75.5723	10.6978	86.8543	43.4609	60.9373	56.8245	
220000	-152842	-1229.27	-106073	-20116.3	0.238401	1	0.111787	17.8912	5.25991	0.0126073	19.9075	0.270677	8263	99	762	-34684.4	73.6694f	33.1067	4	1	1	0.039604	0.188119	0.009901	9.90099e-09	0	0	0	0	0.781818	0.96256	0.274818	0.532468	0.88835	9.90099e-09	0.128713	9.90099e-09	1	0.119277	0.281134	0.666667	0.666667	0.666667	1	1	85222.7	1e+20	3.13351e+15	87.9777	18.3795	86.8543	43.4609	73.6694	33.1067	
221000	-153350	-1229.27	-106581	-20216.7	0.238401	1	0.115831	17.2666	5.16091	0.0488487	19.6379	0.266238	8333	99	743	-34684.4	99.4672f	79.5657	4	1	1	0.039604	0.188119	0.009901	0.009901	0	0	0	0	0.863636	0.980838	0.232614	0.529801	0.869461	9.90099e-09	0.128713	9.90099e-09	1	0.131894	0.308609	0.666667	0.666667	0.666667	1	1	85222.7	1e+20	3.13351e+15	99.4603	30.0933	86.8543	43.4609	99.4672	79.5657	
222000	-155875	-1229.27	-109106	-20368.6	0.238401	1	0.135432	14.7675	5.88268	0.044496	19.5134	0.199766	8439	99	875	-34684.4	94.8419f	17.8243	4	1	1	0.039604	0.188119	0.009901	0.009901	0	0	0	0	0.881818	0.958531	0.24763	0.483146	0.867299	9.90099e-09	0.128713	9.90099e-09	1	0.133886	0.290433	0.666667	0.666667	0.666667	1	1	85222.7	1e+20	3.13351e+15	99.4603	30.0933	86.8543	43.4609	94.8419	17.8243	
223000	-156428	-1229.27	-109659	-20509.2	0.238401	1	0.125252	15.9679	5.44047	0.00388175	19.5134	0.233561	8537	99	827	-34684.4	55.4029f	64.6402	4	1	1	0.039604	0.188119	0.009901	0.009901	0	0	0	0	0.8	0.970692	0.284038	0.493976	0.89449	9.90099e-09	0.0990099	9.90099e-09	1	0.138335	0.282903	0.666667	0.666667	0.666667	1	1	85222.7	1e+20	3.13351e+15	52.1783	9.96019	86.8543	43.4609	55.4029	64.6402	
224000	-155559	-1229.27	-108790	-20471.4	0.247077	1	0.11541	17.3295	5.08632	0.031819	19.4102	0.271127	8513	99	775	-34684.4	94.9284f	38.1488	4	1	1	0.029703	0.188119	0.029703	0.009901	0	0	0	0	0.763636	0.969412	0.227433	0.522013	0.905041	0.009901	0.0990099	9.90099e-09	1	0.116061	0.293742	0.666667	0.666667	0.666667	1	1	85222.7	1e+20	3.13351e+15	57.6862	13.7567	86.8543	43.4609	94.9284	38.1488	
225000	-157221	-1229.27	-110452	-20647.2	0.24948	1	0.11567	17.2906	5.17521	0.00347615	19.4364	0.265871	8639	99	802	-34684.4	59.9838f	60.6513	4	1	1	0.029703	0.188119	0.029703	0.009901	0	0	0	0	0.836364	0.955814	0.265353	0.512658	0.9	0.009901	0.0990099	9.90099e-09	1	0.102326	0.305806	0.666667	0.666667	0.666667	1	1	85222.7	1e+20	3.13351e+15	57.6862	13.7567	68.1629	41.0865	59.9838	60.6513	
226000	-154694	-1229.27	-107925	-20436.5	0.242161	1	0.112917	17.7121	4.90382	0.00795287	19.4364	0.287427	8488	99	723	-34684.4	72.1429f	55.0492	4	1	1	0.029703	0.158416	0.029703	0.009901	0	0	0	0	0.854545	0.974148	0.24735	0.493151	0.900352	0.009901	0.0990099	9.90099e-09	1	0.0942285	0.285517	0.666667	0.666667	0.666667	1	1	85222.7	1e+20	3.13351e+15	57.6862	13.7567	68.1629	41.0865	72.1429	55.0492	
227000	-154329	-1229.27	-107560	-20335.8	0.242161	1	0.119451	16.7433	5.18758	0.0103886	19.4364	0.256842	8417	99	754	-34684.4	76.1204f	50.8873	4	1	1	0.029703	0.158416	0.029703	0.009901	0	0	0	0	0.836364	0.975118	0.232779	0.486842	0.901542	0.009901	0.0990099	9.90099e-09	1	0.112559	0.297082	0.666667	0.666667	0.666667	1	1	85222.7	1e+20	3.13351e+15	57.6862	13.7567	75.063	35.5994	76.1204	50.8873	
228000	-155677	-1229.27	-108908	-20424.9	0.24286	1	0.118555	16.8698	5.16355	0.0113929	19.4364	0.259986	8480	99	808	-34684.4	77.4154f	50.4658	4	1	1	0.029703	0.158416	0.029703	0.009901	0	0	0	0	0.863636	0.970484	0.256198	0.453947	0.904368	0.009901	0.0990099	9.90099e-09	1	0.154664	0.308192	0.666667	0.666667	0.666667	1	1	85222.7	1e+20	3.13351e+15	37.9584	11.9302	75.063	35.5994	77.4154	50.4658	
229000	-157586	-1229.27	-110817	-20635.1	0.243814	1	0.137146	14.583	5.84828	0.00219933	19.315	0.198431	8629	99	845	-34684.4	60.4099f	45.3567	4	1	1	0.0990099	0.158416	0.029703	0.009901	0	0	0	0	0.863636	0.96748	0.224158	0.48	0.87239	0.009901	0.138614	9.90099e-09	1	0.110337	0.307601	0.666667	0.666667	0.666667	1	1	85222.7	1e+20	3.13351e+15	48.3227	5.60233	75.063	35.5994	60.4099	45.3567	
230000	-159679	-1229.27	-112909	-20903.8	0.254806	1	0.117341	17.0443	5.22935	0.0120587	19.315	0.259372	8825	99	838	-34684.4	64.5962f	25.4065	4	1	1	0.0990099	0.158416	0.029703	0.009901	0	0	0	0	0.772727	0.955732	0.23042	0.527273	0.891033	0.009901	0.138614	9.90099e-09	1	0.112118	0.306393	0.666667	0.666667	0.666667	1	1	85222.7	1e+20	3.13351e+15	48.3227	5.60233	75.063	35.5994	64.5962	25.4065	
231000	-160749	-1229.27	-113979	-21029.6	0.254709	1	0.118037	16.9438	5.07955	0.00611405	19.1486	0.265446	8917	99	851	-34684.4	62.1688f	33.9934	4	1	1	0.0990099	0.158416	0.029703	0.009901	0	0	0	0	0.827273	0.96861	0.24748	0.570588	0.904709	0.009901	0.138614	9.90099e-09	1	0.125561	0.321974	0.666667	0.666667	0.666667	1	1	85222.7	1e+20	3.13351e+15	48.3227	5.60233	74.3781	8.53315	62.1688	33.9934	
232000	-163263	-1229.27	-116493	-21254.6	0.261148	1	0.121724	16.4307	6.25611	0.0197953	19.8934	0.208998	9084	99	915	-34684.4	71.3748f	20.0983	4	1	1	0.0990099	0.158416	0.029703	9.90099e-09	0	0	0	0	0.818182	0.969095	0.255507	0.569061	0.864745	0.009901	0.138614	9.90099e-09	1	0.125828	0.280663	0.666667	0.666667	0.666667	1	1	85222.7	1e+20	3.13351e+15	48.3227	5.60233	74.3781	8.53315	71.3748	20.0983	
233000	-161494	-1229.27	-114724	-21202.2	0.261148	1	0.116279	17.2	5.78522	0.0231784	19.7324	0.236592	9045	99	800	-34684.4	83.2004f	28.3055	4	1	1	0.0990099	0.168317	0.029703	9.90099e-09	0	0	0	0	0.781818	0.976923	0.264544	0.533742	0.907182	0.009901	0.138614	9.90099e-09	1	0.111602	0.25827	0.666667	0.666667	0.666667	1	1	85222.7	1e+20	3.13351e+15	48.3227	5.60233	74.3781	8.53315	83.2004	28.3055	
234000	-162982	-1229.27	-116213	-21282.5	0.258196	1	0.115612	17.2993	5.69545	0.0229745	19.7398	0.241708	9104	99	871	-34684.4	78.7359f	22.8204	4	1	1	0.0990099	0.168317	0.029703	9.90099e-09	0	0	0	0	0.818182	0.966997	0.251648	0.474286	0.884615	0.009901	0.138614	9.90099e-09	1	0.12404	0.309875	0.666667	0.666667	0.666667	1	1	85222.7	1e+20	3.13351e+15	63.2201	9.98383	74.3781	8.53315	78.7359	22.8204	
235000	-159768	-1229.27	-112999	-20954.8	0.258196	1	0.115612	17.2993	5.95672	0.0589298	19.9623	0.231106	8862	99	813	-34684.4	93.1611f	3.18866	4	1	1	0.0990099	0.168317	0.029703	9.90099e-09	0	0	0	0	0.781818	0.967306	0.272523	0.567901	0.89842	0.009901	0.138614	9.90099e-09	1	0.148816	0.283436	0.666667	0.666667	0.666667	1	1	85222.7	1e+20	3.13351e+15	63.2201	9.98383	74.3781	8.53315	93.1611	3.18866	
236000	-160780	-1229.27	-114011	-21070	0.257087	1	0.116724	17.1344	5.65055	0.0104808	19.6748	0.241307	8947	99	825	-34684.4	61.2025f	25.8014	4	1	1	0.0990099	0.168317	0.029703	9.90099e-09	0	0	0	0	0.854545	0.979955	0.246377	0.547059	0.891982	0.009901	0.0891089	9.90099e-09	1	0.109497	0.275695	0.666667	0.666667	0.666667	1	1	85222.7	1e+20	3.13351e+15	41.6387	28.6716	74.3781	8.53315	61.2025	25.8014	
237000	-160580	-1229.27	-113811	-21129.7	0.257087	1	0.116352	17.1891	5.63257	0.0337908	19.6748	0.24285	8991	99	769	-34684.4	95.1357f	33.8759	4	1	1	0.0990099	0.168317	0.0693069	9.90099e-09	0	0	0	0	0.790909	0.966555	0.256952	0.482993	0.901111	0.009901	0.0891089	9.90099e-09	1	0.0892857	0.302111	0.666667	0.666667	0.666667	1	1	85222.7	1e+20	3.13351e+15	41.6387	28.6716	74.3781	8.53315	95.1357	33.8759	
238000	-163437	-1229.27	-116667	-21405.4	0.260419	1	0.110309	18.1309	5.40923	0.0199886	19.6748	0.266731	9196	99	819	-34684.4	70.9889f	19.5964	4	1	1	0.0990099	0.168317	0.0693069	9.90099e-09	0	0	0	0	0.818182	0.97819	0.242128	0.54491	0.900979	0.009901	0.0891089	9.90099e-09	1	0.106638	0.295311	0.666667	0.666667	0.666667	1	1	85222.7	1e+20	3.13351e+15	41.6387	28.6716	74.3781	8.53315	70.9889	19.5964	
239000	-162974	-1229.27	-116205	-21297.5	0.264283	1	0.117976	16.9526	5.87103	0.0112929	19.6748	0.22978	9116	99	857	-34684.4	77.187f	52.293	4	1	1	0.0990099	0.128713	0.0693069	9.90099e-09	0	0	0	0	0.809091	0.954148	0.250818	0.535714	0.900763	0.009901	0.0891089	9.90099e-09	1	0.120614	0.331354	0.666667	0.666667	0.666667	1	1	85222.7	1e+20	3.13351e+15	41.6387	28.6716	74.3781	8.53315	77.187	52.293	
240000	-164614	-1229.27	-117845	-21502.4	0.264283	1	0.117976	16.9526	5.87103	0.00668907	19.6748	0.22978	9270	99	861	-34684.4	52.1729f	28.7963	4	1	1	0.0990099	0.128713	0.0693069	9.90099e-09	0	0	0	0	0.818182	0.956897	0.25486	0.511628	0.898488	0.009901	0.0891089	9.90099e-09	1	0.109914	0.329861	0.666667	0.666667	0.666667	1	1	85222.7	1e+20	3.13351e+15	48.6306	13.3963	56.7266	48.0866	52.1729	28.7963	
241000	-164337	-1229.27	-117568	-21421.2	0.264282	1	0.119315	16.7623	5.93766	0.00314483	19.6748	0.224651	9209	99	891	-34684.4	62.0118f	42.8692	4	1	1	0.039604	0.128713	0.0693069	9.90099e-09	0	0	0	0	0.836364	0.963084	0.28	0.474576	0.886117	0.009901	0.0891089	9.90099e-09	1	0.113883	0.269099	0.666667	0.666667	0.666667	1	1	85222.7	1e+20	3.13351e+15	48.6306	13.3963	56.7266	48.0866	62.0118	42.8692	
242000	-163212	-1229.27	-116443	-21349.4	0.264282	1	0.107464	18.6109	5.34788	0.00463665	19.6748	0.276935	9155	99	840	-34684.4	46.0872f	32.6746	4	1	1	0.039604	0.128713	0.0693069	9.90099e-09	0	0	0	0	0.872727	0.954148	0.237158	0.475904	0.908297	0.009901	0.0891089	9.90099e-09	1	0.10917	0.296429	0.666667	0.666667	0.666667	1	1	85222.7	1e+20	3.13351e+15	48.6306	13.3963	56.7266	48.0866	46.0872	32.6746	
243000	-162887	-1229.27	-116117	-21396	0.263554	1	0.111204	17.9849	5.51879	0.00334213	19.6748	0.259331	9190	99	782	-34684.4	35.1863f	52.767	4	1	1	0.039604	0.128713	9.90099e-09	9.90099e-09	0	0	0	0	0.745455	0.958606	0.248096	0.5	0.900648	0.009901	0.168317	9.90099e-09	1	0.104348	0.27904	0.666667	0.666667	0.666667	1	1	85222.7	1e+20	3.13351e+15	74.2718	25.0958	56.7266	48.0866	35.1863	52.767	
244000	-163449	-1229.27	-116680	-21288	0.263554	1	0.125855	15.8913	6.24586	0.0095631	19.6748	0.202468	9109	99	909	-34684.4	25.2224f	42.468	4	1	1	0.039604	0.128713	9.90099e-09	9.90099e-09	0	0	0	0	0.836364	0.950604	0.268346	0.5	0.885965	0.009901	0.168317	9.90099e-09	1	0.128009	0.288357	0.666667	0.666667	0.666667	1	1	85222.7	1e+20	3.13351e+15	74.2718	25.0958	56.7266	48.0866	25.2224	42.468	
245000	-162473	-1229.27	-115704	-21244.3	0.259031	1	0.120978	16.532	6.03336	0.0137448	19.7844	0.21805	9076	99	849	-34684.4	44.1861f	19.6698	4	1	1	0.039604	0.128713	9.90099e-09	9.90099e-09	0	0	0	0	0.881818	0.964641	0.269231	0.597701	0.895604	0.009901	0.168317	9.90099e-09	1	0.126374	0.282407	0.666667	0.666667	0.666667	1	1	85222.7	1e+20	3.13351e+15	74.2718	25.0958	56.7266	48.0866	44.1861	19.6698	
246000	-163601	-1229.27	-116832	