
# before rand glnL: -43139.000507 alnL: -1255.027608
# ninter: 99
# ncoal: 99
# nhits: 99
# true lbda: 0.002831
# true mu: 0.663114
# true rad: 22.197070
# true sigsq: 0.572684
# true neigh. size: 3.016075
# fst-based estimate of neighborhood size: -nan
# nucleotide diversity: 0.000000
# length of a generation: 3196.75 time units
# clock rate: 1 subst. per time unit
# after rand glnL: -43139.000507 alnL: -1255.027608
# ninter: 99
# ncoal: 99
# nhits: 99
# start lbda: 0.002831
# start mu: 0.663114
# start rad: 16.285245
sample	lnP	alnL	glnL	tlnL	lbda	clock	mu	neigh	sigsq	sigsqobs	rad	rhoe	nInt	nCoal	nHit	rootTime	rootLon	rootLat	tstv	alpha	MeanBr	accLbda	accMu	accRad	accInDelDisk	accInDelHit	accScaleTime	accSPR	accSPRlocal	accPath	accIndelDiskSerial	accIndelHitSerial	accLdskGivenDisk	accDiskGivenLdsk	accDiskAndLdsk	accLdskMulti	accDiskMulti	accMoveDiskUD	accAddRemoveJump	accLdskTipToRoot	tuneLbda	tuneRad	tuneMu	tuneIndelDisk	tuneIndelHit	tuneLdskGivenDisk	tuneIndelDiskSerial	tuneIndelHitSerial	c0	c1	rootc0	rootc1	rootldsk0	rootldsk1	
  1000	-53304.2	-1255.03	-6509.17	-1702.5	0.00887316	1	0.233562	8.56302	0.399924	0.0212105	19.7957	1.70388	294	99	139	-35323.6	14.7953f	33.5969	4	1	1	0	0	0	0	0	0	0	0	0.945455	0.825243	0.258929	0.38835	0.589286	0	0	0	1	0.12069	0.248175	1	1	1	1	1	2.25	5.0625	0.666667	50.754	99.9575	13.068	21.177	14.7953	33.5969	
  2000	-54356.1	-1255.03	-7561.06	-2064.6	0.00916677	1	0.231595	8.63576	0.409677	0.0168539	19.7957	1.67745	371	99	138	-35323.6	25.0875f	26.1479	4	1	1	0	0	0	0	0	0	0	0	0.909091	0.841121	0.254717	0.424528	0.648148	0	0	0	1	0.146789	0.189394	1	1	1	1	1	5.0625	194.62	0.131687	13.2198	97.3337	13.068	21.177	25.0875	26.1479	
  3000	-56401.3	-1255.03	-9606.23	-2711.58	0.0133824	1	0.243339	8.21898	0.628407	0.00383641	19.7957	1.0408	519	99	144	-35323.6	34.2498f	54.6895	4	1	1	0	0	0	0	0	0	0	0	0.927273	0.933962	0.252427	0.509615	0.742857	0	0	0	1	0.115385	0.1875	1	1	1	1	1	17.0859	37876.8	0.0877915	13.2198	97.3337	13.068	21.177	34.2498	54.6895	
  4000	-58209.9	-1255.03	-11414.8	-3235.14	0.0187275	1	0.250805	7.97432	0.834867	0.0124561	19.3931	0.760093	647	99	153	-35323.6	21.3135f	58.2697	4	1	1	0	0	0	0	0	0	0	0	0.918182	0.89313	0.151515	0.553571	0.756098	0	0	0	1	0.143939	0.183007	1	1	1	1	1	38.4434	1.10573e+07	0.131687	89.3701	40.7163	13.068	21.177	21.3135	58.2697	
  5000	-59416.9	-1255.03	-12621.8	-3524.55	0.0190739	1	0.235626	8.48801	0.874932	0.0193921	19.8393	0.772008	720	99	175	-35323.6	15.6848f	64.5074	4	1	1	0	0	0	0	0	0	0	0	0.927273	0.931034	0.248276	0.508929	0.746575	0	0	0	1	0.164384	0.21978	1	1	1	1	1	129.746	1.63415e+10	0.296296	89.3701	40.7163	41.7371	50.8021	15.6848	64.5074	
  6000	-60883.6	-1255.03	-14088.6	-3898.16	0.023332	1	0.245137	8.15871	1.04169	0.042115	19.5115	0.623268	818	99	191	-35323.6	2.90426f	78.1124	4	1	1	0	0.188119	0.029703	0	0	0	0	0	0.918182	0.89759	0.227545	0.46789	0.780488	0	0	0	1	0.170732	0.216216	1	0.666667	0.666667	1	1	656.841	1.22265e+14	1	89.3701	40.7163	41.7371	50.8021	2.90426	78.1124	
  7000	-61760.7	-1255.03	-14965.7	-4142.42	0.023332	1	0.246361	8.11817	1.07047	0.00305496	19.6205	0.603493	883	99	193	-35323.6	54.2051f	63.5018	4	1	1	0	0.188119	0.029703	0	0	0	0	0	0.936364	0.932961	0.255556	0.49505	0.784091	0	0	0.0891089	1	0.163842	0.149254	1	0.666667	0.666667	1	1	1477.89	3.56926e+16	17.0859	89.3701	40.7163	41.7371	50.8021	54.2051	63.5018	
  8000	-62677.3	-1255.03	-15882.3	-4399.51	0.0270093	1	0.235551	8.49075	1.215	0.00800604	19.7443	0.556108	954	99	196	-35323.6	44.1533f	72.9571	4	1	1	0.148515	0.188119	0.029703	0	0	0	0	0	0.9	0.90625	0.239583	0.473684	0.708333	0	0.0693069	0.0891089	1	0.171875	0.19403	0.666667	0.666667	0.666667	1	1	4987.89	1.56296e+19	437.894	89.3701	40.7163	48.7414	59.6582	44.1533	72.9571	
  9000	-64995.2	-1255.03	-18200.1	-4964.51	0.0291377	1	0.220357	9.0762	1.2262	0.0316826	19.7443	0.589025	1113	99	218	-35323.6	96.0884f	42.5268	4	1	1	0.148515	0.188119	0.029703	0.049505	0	0	0	0	0.890909	0.927928	0.297297	0.516393	0.758929	0	0.0693069	0.0891089	1	0.135135	0.233645	0.666667	0.666667	0.666667	0.666667	1	16834.1	1e+20	656.841	89.3701	40.7163	66.5211	48.5061	96.0884	42.5268	
 10000	-66862.8	-1255.03	-20067.8	-5484.52	0.0329343	1	0.208505	9.5921	1.3732	0.00994313	19.9729	0.555864	1266	99	212	-35323.6	75.644f	47.5935	4	1	1	0.148515	0.188119	0.029703	0.049505	0	0	0	0	0.927273	0.952756	0.228346	0.550847	0.866142	0	0.0693069	0.0891089	1	0.102362	0.180488	0.666667	0.666667	0.666667	0.666667	1	56815.1	1e+20	25251.2	89.3701	40.7163	66.5211	48.5061	75.644	47.5935	
 11000	-67163.5	-1255.03	-20368.4	-5520.03	0.0363662	1	0.208214	9.60549	1.51418	0.0144839	19.9729	0.504814	1278	99	227	-35323.6	73.0432f	71.5008	4	1	1	0.148515	0.188119	0.029703	0.049505	0	0	0	0	0.909091	0.946154	0.261538	0.60177	0.753846	0	0.0693069	0.0891089	1	0.0846154	0.209205	0.666667	0.666667	0.666667	0.666667	1	56815.1	1e+20	25251.2	89.3701	40.7163	63.3986	54.1299	73.0432	71.5008	
 12000	-69040.7	-1255.03	-22245.7	-6025.95	0.0395035	1	0.185642	10.7734	1.45219	0.00829091	19.924	0.590365	1433	99	217	-35323.6	36.8039f	29.9662	4	1	1	0.148515	0.188119	0.029703	0.049505	0	0	0	0	0.945455	0.937931	0.275862	0.607143	0.828571	0	0.0693069	0.0891089	1	0.124138	0.200873	0.666667	0.666667	0.666667	0.666667	1	56815.1	1e+20	25251.2	89.3701	40.7163	63.3986	54.1299	36.8039	29.9662	
 13000	-70791.6	-1255.03	-23996.6	-6415.83	0.0422545	1	0.195588	10.2256	1.63655	0.00465677	19.924	0.497221	1556	99	238	-35323.6	65.8122f	57.1556	4	1	1	0.148515	0.287129	0.039604	0.049505	0	0	0	0	0.9	0.955414	0.272727	0.471074	0.815287	0	0.0693069	0.0891089	1	0.152866	0.199153	0.666667	0.666667	0.666667	0.666667	1	56815.1	1e+20	25251.2	89.3701	40.7163	63.3986	54.1299	65.8122	57.1556	
 14000	-71194.1	-1255.03	-24399.1	-6498.1	0.0422545	1	0.207319	9.64695	1.57162	0.00625227	19.4382	0.488463	1582	99	248	-35323.6	55.1914f	69.9976	4	1	1	0.148515	0.287129	0.039604	0.049505	0	0	0	0	0.927273	0.9375	0.201258	0.607843	0.8125	0	0.108911	9.90099e-09	1	0.1	0.188679	0.666667	0.666667	0.666667	0.666667	1	56815.1	1e+20	25251.2	89.3701	40.7163	63.3986	54.1299	55.1914	69.9976	
 15000	-72385.8	-1255.03	-25590.8	-6788.5	0.0460535	1	0.184796	10.8228	1.5649	0.0234038	19.5583	0.550352	1677	99	245	-35323.6	16.8534f	26.3185	4	1	1	0.158416	0.287129	0.039604	0.049505	0	0	0	0	0.890909	0.946429	0.204819	0.50495	0.826347	0	0.108911	9.90099e-09	1	0.142857	0.193416	0.666667	0.666667	0.666667	0.666667	1	56815.1	1e+20	25251.2	89.3701	40.7163	63.3986	54.1299	16.8534	26.3185	
 16000	-74468	-1255.03	-27673	-7274.75	0.0504487	1	0.198747	10.0631	1.84366	0.00385734	19.5583	0.434349	1839	99	256	-35323.6	62.1572f	40.2372	4	1	1	0.158416	0.287129	0.039604	0.049505	0	0	0	0	0.9	0.95082	0.291892	0.566372	0.88587	9.90099e-09	0.108911	9.90099e-09	1	0.13587	0.241379	0.666667	0.666667	0.666667	0.666667	1	56815.1	1e+20	25251.2	89.3701	40.7163	63.3986	54.1299	62.1572	40.2372	
 17000	-75436.3	-1255.03	-28641.3	-7460.03	0.0520636	1	0.189214	10.57	1.81143	0.0042174	19.5583	0.46435	1902	99	274	-35323.6	66.1408f	52.855	4	1	1	0.158416	0.287129	0.039604	0.049505	0	0	0	0	0.845455	0.921875	0.234694	0.551724	0.886598	9.90099e-09	0.108911	9.90099e-09	1	0.123077	0.229682	0.666667	0.666667	0.666667	0.666667	1	56815.1	1e+20	25251.2	89.3701	40.7163	63.3986	54.1299	66.1408	52.855	
 18000	-76372.6	-1255.03	-29577.6	-7645.61	0.0571769	1	0.203346	9.83546	2.25667	0.00334455	19.8244	0.34683	1966	99	292	-35323.6	61.2066f	59.3581	4	1	1	0.158416	0.287129	0.039604	0.049505	0	0	0	0	0.909091	0.924242	0.285714	0.512821	0.826531	9.90099e-09	0.108911	9.90099e-09	1	0.122449	0.19863	0.666667	0.666667	0.666667	0.666667	1	56815.1	1e+20	25251.2	89.3701	40.7163	63.3986	54.1299	61.2066	59.3581	
 19000	-78736.2	-1255.03	-31941.1	-8106.43	0.0608114	1	0.204198	9.79439	2.41018	0.00805033	19.8244	0.323383	2128	99	325	-35323.6	72.975f	47.9374	4	1	1	0.158416	0.287129	0.039604	0.049505	0	0	0	0	0.927273	0.962617	0.319048	0.462121	0.816901	9.90099e-09	0.108911	9.90099e-09	1	0.161905	0.205438	0.666667	0.666667	0.666667	0.666667	1	56815.1	1e+20	25251.2	94.4255	32.0295	63.3986	54.1299	72.975	47.9374	
 20000	-80548	-1255.03	-33753	-8549.97	0.0649104	1	0.177767	11.2507	2.23963	0.000797535	19.8244	0.399755	2288	99	312	-35323.6	55.8783f	50.9562	4	1	1	0.158416	0.227723	0.039604	0.049505	0	0	0	0	0.9	0.943723	0.218884	0.508333	0.848485	9.90099e-09	0.108911	9.90099e-09	1	0.103896	0.236066	0.666667	0.666667	0.666667	0.666667	1	56815.1	1e+20	25251.2	88.7958	60.8273	63.3986	54.1299	55.8783	50.9562	
 21000	-82839.3	-1255.03	-36044.3	-8945.03	0.06851	1	0.218763	9.14232	2.90898	0.0145293	19.8244	0.250096	2434	99	364	-35323.6	51.7187f	18.425	4	1	1	0.128713	0.227723	0.0594059	0.049505	0	0	0	0	0.881818	0.921811	0.265306	0.509091	0.835391	9.90099e-09	0.118812	9.90099e-09	1	0.180328	0.175824	0.666667	0.666667	0.666667	0.666667	1	56815.1	1e+20	25251.2	88.7958	60.8273	63.3986	54.1299	51.7187	18.425	
 22000	-83514.9	-1255.03	-36719.8	-9181.52	0.0709401	1	0.190105	10.5205	2.51872	0.00135428	19.6346	0.33239	2523	99	333	-35323.6	58.1944f	52.4628	4	1	1	0.128713	0.227723	0.0594059	9.90099e-09	0	0	0	0	0.863636	0.960159	0.269841	0.581818	0.869565	9.90099e-09	0.118812	9.90099e-09	1	0.102767	0.209169	0.666667	0.666667	0.666667	0.666667	1	56815.1	1e+20	25251.2	88.7958	60.8273	63.3986	54.1299	58.1944	52.4628	
 23000	-84635.8	-1255.03	-37840.8	-9474.87	0.0735146	1	0.16962	11.7911	2.44128	0.0296527	19.8673	0.384348	2635	99	309	-35323.6	78.5842f	85.3124	4	1	1	0.128713	0.227723	0.0594059	9.90099e-09	0	0	0	0	0.927273	0.977099	0.281369	0.48062	0.86692	9.90099e-09	0.118812	9.90099e-09	1	0.10687	0.204545	0.666667	0.666667	0.666667	0.666667	1	56815.1	1e+20	25251.2	88.7958	60.8273	63.3986	54.1299	78.5842	85.3124	
 24000	-86542.7	-1255.03	-39747.7	-9814.21	0.0772864	1	0.16937	11.8085	2.56275	0.00421304	19.8673	0.366671	2767	99	342	-35323.6	48.9124f	33.3676	4	1	1	0.128713	0.227723	0.0594059	9.90099e-09	0	0	0	0	0.872727	0.945652	0.269091	0.490385	0.855072	9.90099e-09	0.118812	9.90099e-09	1	0.122744	0.19883	0.666667	0.666667	0.666667	0.666667	1	56815.1	1e+20	25251.2	88.7958	60.8273	63.3986	54.1299	48.9124	33.3676	
 25000	-87217.1	-1255.03	-40422.1	-9959.16	0.0782858	1	0.175107	11.4216	2.72899	0.00787051	19.9504	0.333054	2824	99	339	-35323.6	69.2094f	62.5638	4	1	1	0.128713	0.227723	0.0594059	9.90099e-09	0	0	0	0	0.809091	0.940141	0.239437	0.529412	0.880282	9.90099e-09	0.118812	9.90099e-09	1	0.137324	0.206061	0.666667	0.666667	0.666667	0.666667	1	56815.1	1e+20	25251.2	88.7958	60.8273	63.3986	54.1299	69.2094	62.5638	
 26000	-87687.5	-1255.03	-40892.5	-10101.8	0.0782858	1	0.169626	11.7906	2.64357	0.031724	19.9504	0.354924	2880	99	323	-35323.6	96.7016f	52.0102	4	1	1	0.128713	0.227723	0.0594059	9.90099e-09	0	0	0	0	0.890909	0.972125	0.238754	0.542857	0.844291	9.90099e-09	0.118812	9.90099e-09	1	0.148789	0.198198	0.666667	0.666667	0.666667	0.666667	1	56815.1	1e+20	25251.2	88.7958	60.8273	63.3986	54.1299	96.7016	52.0102	
 27000	-87883.3	-1255.03	-41088.3	-9974.93	0.0825059	1	0.186161	10.7434	3.05765	0.00472518	19.9504	0.279604	2830	99	395	-35323.6	33.5944f	42.2078	4	1	1	0.118812	0.227723	0.0594059	9.90099e-09	0	0	0	0	0.863636	0.946619	0.261484	0.557522	0.841549	9.90099e-09	0.118812	9.90099e-09	1	0.112676	0.217158	0.666667	0.666667	0.666667	0.666667	1	56815.1	1e+20	25251.2	52.8835	90.9562	63.3986	54.1299	33.5944	42.2078	
 28000	-90031.1	-1255.03	-43236.1	-10355.9	0.0851301	1	0.228825	8.74029	3.60024	0.02846	19.5832	0.19319	2983	99	429	-35323.6	75.1929f	86.7211	4	1	1	0.118812	0.227723	0.039604	9.90099e-09	0	0	0	0	0.9	0.93	0.286667	0.487805	0.836667	9.90099e-09	0.0792079	9.90099e-09	1	0.15	0.167832	0.666667	0.666667	0.666667	0.666667	1	56815.1	1e+20	25251.2	92.2249	45.4576	63.3986	54.1299	75.1929	86.7211	
 29000	-90951.4	-1255.03	-44156.3	-10486.8	0.0874281	1	0.222588	8.98521	3.57241	0.0118861	19.5501	0.200151	3036	99	457	-35323.6	71.5663f	68.5768	4	1	1	0.118812	0.227723	0.039604	9.90099e-09	0	0	0	0	0.854545	0.934853	0.263158	0.57037	0.829032	9.90099e-09	0.0792079	9.90099e-09	1	0.157895	0.234375	0.666667	0.666667	0.666667	0.666667	1	56815.1	1e+20	25251.2	92.5687	29.4277	63.3986	54.1299	71.5663	68.5768	
 30000	-92085	-1255.03	-45289.9	-10817.2	0.0893351	1	0.204282	9.79041	3.49667	0.00115173	19.7605	0.222811	3172	99	412	-35323.6	55.1907f	55.9645	4	1	1	0.118812	0.227723	0.039604	9.90099e-09	0	0	0	0	0.954545	0.955696	0.253968	0.554688	0.831746	9.90099e-09	0.0792079	9.90099e-09	1	0.166667	0.206089	0.666667	0.666667	0.666667	0.666667	1	56815.1	1e+20	25251.2	92.5687	29.4277	63.3986	54.1299	55.1907	55.9645	
 31000	-93996.9	-1255.03	-47201.9	-11181.4	0.0895831	1	0.181216	11.0365	3.13852	0.00086784	19.8049	0.279832	3323	99	423	-35323.6	48.2878f	43.5195	4	1	1	0.118812	0.227723	0.039604	9.90099e-09	0	0	0	0	0.836364	0.963855	0.237952	0.538462	0.861027	9.90099e-09	0.0792079	9.90099e-09	1	0.156156	0.184397	0.666667	0.666667	0.666667	0.666667	1	56815.1	1e+20	25251.2	92.5687	29.4277	63.3986	54.1299	48.2878	43.5195	
 32000	-95772.3	-1255.03	-48977.3	-11518.9	0.0951052	1	0.190432	10.5024	3.50144	0.00165906	19.8049	0.23869	3468	99	435	-35323.6	58.1118f	44.8195	4	1	1	0.118812	0.227723	0.039604	9.90099e-09	0	0	0	0	0.809091	0.95389	0.285303	0.515385	0.874636	9.90099e-09	0.0792079	9.90099e-09	1	0.146974	0.221198	0.666667	0.666667	0.666667	0.666667	1	56815.1	1e+20	25251.2	92.5687	29.4277	63.3986	54.1299	58.1118	44.8195	
 33000	-95169.6	-1255.03	-48374.6	-11438.4	0.0958271	1	0.184295	10.8522	3.41432	0.0379381	19.8049	0.252931	3434	99	413	-35323.6	10.1895f	16.7656	4	1	1	0.118812	0.227723	0.039604	9.90099e-09	0	0	0	0	0.9	0.962209	0.223837	0.548387	0.889535	9.90099e-09	0.0792079	9.90099e-09	1	0.119186	0.191847	0.666667	0.666667	0.666667	0.666667	1	56815.1	1e+20	25251.2	92.5687	29.4277	50.7611	27.4033	10.1895	16.7656	
 34000	-95384.7	-1255.03	-48589.7	-11449.7	0.0970917	1	0.191832	10.4258	3.60086	0.0075017	19.8049	0.230405	3439	99	424	-35323.6	63.5205f	32.2711	4	1	1	0.148515	0.287129	0.029703	9.90099e-09	0	0	0	0	0.881818	0.96793	0.257225	0.580153	0.880814	9.90099e-09	0.118812	9.90099e-09	1	0.171512	0.203349	0.666667	0.666667	0.666667	0.666667	1	56815.1	1e+20	25251.2	92.5687	29.4277	55.1417	10.7615	63.5205	32.2711	
 35000	-95848.3	-1255.03	-49053.3	-11547.7	0.0969695	1	0.196352	10.1858	3.68105	0.019837	19.8049	0.220198	3481	99	429	-35323.6	40.1058f	14.1405	4	1	1	0.148515	0.287129	0.029703	9.90099e-09	0	0	0	0	0.945455	0.954023	0.20977	0.637097	0.83046	9.90099e-09	0.118812	9.90099e-09	1	0.0888252	0.188811	0.666667	0.666667	0.666667	0.666667	1	56815.1	1e+20	25251.2	92.5687	29.4277	55.1417	10.7615	40.1058	14.1405	
 36000	-98247.1	-1255.03	-51452.1	-11959.9	0.0984602	1	0.196352	10.1858	3.73764	0.0318991	19.8049	0.216864	3659	99	458	-35323.6	22.1131f	11.6173	4	1	1	0.148515	0.287129	0.029703	9.90099e-09	0	0	0	0	0.872727	0.936813	0.226519	0.485507	0.859116	9.90099e-09	0.118812	9.90099e-09	1	0.117486	0.193764	0.666667	0.666667	0.666667	0.666667	1	56815.1	1e+20	25251.2	92.5687	29.4277	55.1417	10.7615	22.1131	11.6173	
 37000	-97498.2	-1255.03	-50703.2	-11846.8	0.104145	1	0.181958	10.9915	3.66363	0.0178026	19.8049	0.238747	3611	99	435	-35323.6	54.549f	15.2563	4	1	1	0.148515	0.287129	0.029703	9.90099e-09	0	0	0	0	0.890909	0.939394	0.294766	0.492424	0.859504	9.90099e-09	0.118812	9.90099e-09	1	0.118457	0.199536	0.666667	0.666667	0.666667	0.666667	1	56815.1	1e+20	25251.2	92.5687	29.4277	55.1417	10.7615	54.549	15.2563	
 38000	-99032.3	-1255.03	-52237.3	-12178.9	0.104624	1	0.17436	11.4705	3.52679	0.0063379	19.8049	0.258818	3758	99	425	-35323.6	32.7679f	37.9026	4	1	1	0.148515	0.287129	0.029703	9.90099e-09	0	0	0	0	0.890909	0.959786	0.278075	0.480315	0.864362	9.90099e-09	0.118812	9.90099e-09	1	0.12766	0.21709	0.666667	0.666667	0.666667	0.666667	1	56815.1	1e+20	25251.2	92.5687	29.4277	55.1417	10.7615	32.7679	37.9026	
 39000	-99986.1	-1255.03	-53191	-12317.1	0.106929	1	0.183518	10.8981	3.80147	0.0714369	19.8149	0.228134	3820	99	447	-35323.6	99.931f	0.20043	4	1	1	0.148515	0.287129	0.009901	9.90099e-09	0	0	0	0	0.890909	0.931937	0.276042	0.5	0.859008	0.009901	0.118812	9.90099e-09	1	0.135417	0.203579	0.666667	0.666667	0.666667	0.666667	1	56815.1	1e+20	25251.2	92.5687	29.4277	55.1417	10.7615	99.931	0.20043	
 40000	-100057	-1255.03	-53262.2	-12302.3	0.10545	1	0.187402	10.6722	3.92827	0.00476144	19.9431	0.216194	3813	99	458	-35323.6	67.4546f	50.8565	4	1	1	0.0990099	0.118812	0.009901	9.90099e-09	0	0	0	0	0.845455	0.955497	0.253927	0.503704	0.850785	0.009901	0.118812	9.90099e-09	1	0.128272	0.248908	0.666667	0.666667	0.666667	0.666667	1	56815.1	1e+20	25251.2	92.5687	29.4277	55.1417	10.7615	67.4546	50.8565	
 41000	-99750.1	-1255.03	-52955.1	-12295.5	0.10545	1	0.180379	11.0878	3.78104	0.0229877	19.9431	0.233359	3810	99	431	-35323.6	60.4627f	11.5494	4	1	1	0.0990099	0.118812	0.009901	9.90099e-09	0	0	0	0	0.881818	0.966146	0.277487	0.528571	0.871728	0.009901	0.108911	9.90099e-09	1	0.149215	0.155844	0.666667	0.666667	0.666667	0.666667	1	56815.1	1e+20	25251.2	93.5884	59.1304	55.1417	10.7615	60.4627	11.5494	
 42000	-101521	-1255.03	-54725.8	-12584.3	0.112892	1	0.179306	11.1541	4.02381	0.0114277	19.9431	0.22059	3941	99	459	-35323.6	22.3103f	43.1618	4	1	1	0.0990099	0.118812	0.009901	9.90099e-09	0	0	0	0	0.9	0.954545	0.263291	0.596774	0.898219	0.009901	0.108911	9.90099e-09	1	0.131646	0.213592	0.666667	0.666667	0.666667	0.666667	1	56815.1	1e+20	25251.2	93.5884	59.1304	55.1417	10.7615	22.3103	43.1618	
 43000	-103361	-1255.03	-56565.5	-12878.8	0.11294	1	0.182451	10.9619	4.09609	0.0376555	19.9431	0.212963	4076	99	485	-35323.6	81.3841f	9.74504	4	1	1	0.0990099	0.118812	0.009901	9.90099e-09	0	0	0	0	0.854545	0.960688	0.240786	0.594203	0.882064	0.009901	0.108911	9.90099e-09	1	0.115196	0.189873	0.666667	0.666667	0.666667	0.666667	1	56815.1	1e+20	25251.2	93.5884	59.1304	55.1417	10.7615	81.3841	9.74504	
 44000	-105332	-1255.03	-58536.7	-13266.1	0.117506	1	0.182451	10.9619	4.26171	0.0245737	19.9431	0.204688	4257	99	478	-35323.6	65.8644f	12.0038	4	1	1	0.0990099	0.118812	0.009901	9.90099e-09	0	0	0	0	0.890909	0.957845	0.255869	0.60274	0.85446	0.009901	0.108911	9.90099e-09	1	0.138498	0.195876	0.666667	0.666667	0.666667	0.666667	1	56815.1	1e+20	25251.2	93.5884	59.1304	55.1417	10.7615	65.8644	12.0038	
 45000	-106439	-1255.03	-59644.4	-13439.5	0.119126	1	0.173296	11.5409	4.10368	0.0272609	19.9431	0.223799	4339	99	495	-35323.6	55.7067f	6.87169	4	1	1	0.0990099	0.118812	0.019802	9.90099e-09	0	0	0	0	0.854545	0.955814	0.226328	0.517241	0.87239	0.009901	0.108911	9.90099e-09	1	0.110599	0.19596	0.666667	0.666667	0.666667	0.666667	1	56815.1	1e+20	25251.2	93.5884	59.1304	55.1417	10.7615	55.7067	6.87169	
 46000	-105211	-1255.03	-58416.4	-13317.6	0.120916	1	0.161	12.4224	3.86977	0.0332646	19.9431	0.255452	4282	99	435	-35323.6	49.0731f	1.8311	4	1	1	0.0891089	0.168317	0.019802	9.90099e-09	0	0	0	0	0.845455	0.944316	0.257009	0.544776	0.869767	0.009901	0.108911	9.90099e-09	1	0.133489	0.180401	0.666667	0.666667	0.666667	0.666667	1	56815.1	1e+20	25251.2	93.5884	59.1304	55.1417	10.7615	49.0731	1.8311	
 47000	-105776	-1255.03	-58980.6	-13372.5	0.120916	1	0.167462	11.943	3.81973	0.0331512	19.6837	0.248812	4308	99	461	-35323.6	80.2644f	12.9439	4	1	1	0.0891089	0.168317	0.019802	9.90099e-09	0	0	0	0	0.827273	0.951276	0.202326	0.503597	0.877934	0.009901	0.0792079	9.90099e-09	1	0.147541	0.200846	0.666667	0.666667	0.666667	0.666667	1	56815.1	1e+20	25251.2	93.5884	59.1304	68.4387	25.9862	80.2644	12.9439	
 48000	-107052	-1255.03	-60257.2	-13577.5	0.120916	1	0.175776	11.3781	4.03194	0.0326745	19.7113	0.224568	4405	99	483	-35323.6	73.4818f	8.66353	4	1	1	0.0891089	0.168317	0.019802	9.90099e-09	0	0	0	0	0.827273	0.956916	0.252273	0.507463	0.870748	0.009901	0.0792079	9.90099e-09	1	0.0931818	0.20911	0.666667	0.666667	0.666667	0.666667	1	56815.1	1e+20	25251.2	93.5884	59.1304	68.4387	25.9862	73.4818	8.66353	
 49000	-109234	-1255.03	-62438.5	-13810.8	0.122802	1	0.20023	9.9885	4.66454	0.00501874	19.7113	0.170405	4517	99	557	-35323.6	33.891f	59.7906	4	1	1	0.0891089	0.168317	0.019802	9.90099e-09	0	0	0	0	0.854545	0.939866	0.252772	0.513761	0.867257	0.009901	0.0792079	9.90099e-09	1	0.132743	0.196597	0.666667	0.666667	0.666667	0.666667	1	56815.1	1e+20	25251.2	93.5884	59.1304	68.4387	25.9862	33.891	59.7906	
 50000	-107783	-1255.03	-60987.7	-13632.9	0.122309	1	0.195062	10.2532	4.52587	0.0388846	19.7113	0.180279	4432	99	520	-35323.6	99.5463f	34.8753	4	1	1	0.0891089	0.237624	0.019802	9.90099e-09	0	0	0	0	0.890909	0.93228	0.274775	0.485714	0.868778	0.009901	0.0792079	9.90099e-09	1	0.137387	0.166341	0.666667	0.666667	0.666667	0.666667	1	56815.1	1e+20	25251.2	93.5884	59.1304	68.4387	25.9862	99.5463	34.8753	
 51000	-108314	-1255.03	-61518.5	-13735.9	0.122309	1	0.194293	10.2938	4.50802	0.0180715	19.7113	0.18171	4481	99	518	-35323.6	83.5384f	39.8152	4	1	1	0.0891089	0.237624	0.019802	9.90099e-09	0	0	0	0	0.872727	0.957589	0.242762	0.47619	0.846325	0.009901	0.0792079	9.90099e-09	1	0.128603	0.214286	0.666667	0.666667	0.666667	0.666667	1	56815.1	1e+20	25251.2	93.5884	59.1304	68.4387	25.9862	83.5384	39.8152	
 52000	-108903	-1255.03	-62107.7	-13834.4	0.12633	1	0.180944	11.0531	4.24847	0.015823	19.6107	0.207034	4530	99	512	-35323.6	49.6751f	16.9458	4	1	1	0.0891089	0.237624	0.019802	9.90099e-09	0	0	0	0	0.781818	0.947137	0.250549	0.563107	0.883929	0.009901	0.0792079	9.90099e-09	1	0.138462	0.200422	0.666667	0.666667	0.666667	0.666667	1	56815.1	1e+20	25251.2	93.5884	59.1304	68.4387	25.9862	49.6751	16.9458	
 53000	-108593	-1255.03	-61798.2	-13870.8	0.128381	1	0.150292	13.3074	3.6397	0.00815982	19.6836	0.29095	4548	99	471	-35323.6	64.9785f	32.1687	4	1	1	0.0990099	0.237624	0.019802	9.90099e-09	0	0	0	0	0.8	0.958425	0.207877	0.6	0.87638	0.009901	0.049505	9.90099e-09	1	0.137856	0.196078	0.666667	0.666667	0.666667	0.666667	1	56815.1	1e+20	25251.2	93.5884	59.1304	68.4387	25.9862	64.9785	32.1687	
 54000	-112445	-1255.03	-65650.5	-14546.8	0.135056	1	0.140911	14.1934	3.74336	0.0165459	19.8906	0.301727	4883	99	477	-35323.6	73.4189f	74.31	4	1	1	0.0990099	0.237624	0.019802	9.90099e-09	0	0	0	0	0.890909	0.973251	0.232653	0.485507	0.882716	0.009901	0.049505	9.90099e-09	1	0.102249	0.200846	0.666667	0.666667	0.666667	0.666667	1	56815.1	1e+20	25251.2	93.5884	59.1304	68.4387	25.9862	73.4189	74.31	
 55000	-112396	-1255.03	-65601.3	-14555.4	0.138936	1	0.148915	13.4305	3.92372	0.00161115	19.7099	0.272385	4888	99	466	-35323.6	59.4402f	50.8323	4	1	1	0.0990099	0.237624	0.019802	9.90099e-09	0	0	0	0	0.909091	0.94898	0.230143	0.47541	0.875256	0.009901	0.049505	9.90099e-09	1	0.0959184	0.188841	0.666667	0.666667	0.666667	0.666667	1	56815.1	1e+20	25251.2	93.5884	59.1304	66.7145	31.399	59.4402	50.8323	
 56000	-112238	-1255.03	-65442.5	-14610.6	0.138936	1	0.137153	14.5823	3.61381	0.0175118	19.7099	0.321107	4916	99	424	-35323.6	25.107f	25.1791	4	1	1	0.0990099	0.237624	0.019802	9.90099e-09	0	0	0	0	0.872727	0.967413	0.230769	0.604478	0.87247	0.009901	0.049505	9.90099e-09	1	0.117647	0.20892	0.666667	0.666667	0.666667	0.666667	1	56815.1	1e+20	25251.2	40.7812	80.6718	66.7145	31.399	25.107	25.1791	
 57000	-111721	-1255.03	-64925.6	-14551.4	0.138936	1	0.134934	14.822	3.46473	0.00298167	19.5831	0.34043	4886	99	407	-35323.6	40.9832f	39.1338	4	1	1	0.0990099	0.207921	0.019802	9.90099e-09	0	0	0	0	0.854545	0.969262	0.227459	0.535433	0.91002	0.009901	0.049505	9.90099e-09	1	0.108384	0.189904	0.666667	0.666667	0.666667	0.666667	1	56815.1	1e+20	25251.2	40.7812	80.6718	66.7145	31.399	40.9832	39.1338	
 58000	-112311	-1255.03	-65515.7	-14581	0.138936	1	0.134934	14.822	3.28251	0.0311586	19.3203	0.359329	4901	99	446	-35323.6	49.2962f	3.39444	4	1	1	0.0990099	0.207921	0.0594059	9.90099e-09	0	0	0	0	0.863636	0.96334	0.245868	0.586466	0.918367	0.009901	0.108911	9.90099e-09	1	0.111111	0.225	0.666667	0.666667	0.666667	0.666667	1	56815.1	1e+20	25251.2	40.7812	80.6718	66.7145	31.399	49.2962	3.39444	
 59000	-112858	-1255.03	-66062.5	-14668.6	0.133864	1	0.135002	14.8146	3.16424	0.0103117	19.3203	0.372572	4943	99	452	-35323.6	76.2349f	51.3112	4	1	1	0.0594059	0.207921	0.0594059	9.90099e-09	0	0	0	0	0.854545	0.977733	0.222672	0.463235	0.886831	0.009901	0.108911	9.90099e-09	1	0.105263	0.206742	0.666667	0.666667	0.666667	0.666667	1	56815.1	1e+20	25251.2	40.7812	80.6718	66.7145	31.399	76.2349	51.3112	
 60000	-115349	-1255.03	-68554.4	-15041.9	0.143822	1	0.15513	12.8924	4.24447	0.00320139	19.7253	0.241713	5137	99	479	-35323.6	56.9262f	37.6462	4	1	1	0.0594059	0.207921	0.0594059	9.90099e-09	0	0	0	0	0.863636	0.966797	0.233463	0.510949	0.910156	0.009901	0.108911	9.90099e-09	1	0.110895	0.194215	0.666667	0.666667	0.666667	0.666667	1	56815.1	1e+20	25251.2	40.7812	80.6718	66.7145	31.399	56.9262	37.6462	
 61000	-115910	-1255.03	-69114.9	-15094.2	0.143822	1	0.153387	13.0389	4.19676	0.00899937	19.7253	0.24724	5164	99	500	-35323.6	47.3389f	74.9419	4	1	1	0.0594059	0.207921	0.0594059	9.90099e-09	0	0	0	0	0.918182	0.96325	0.258687	0.485981	0.875244	0.009901	0.108911	9.90099e-09	1	0.108108	0.21673	0.666667	0.666667	0.666667	0.666667	1	56815.1	1e+20	25251.2	40.7812	80.6718	63.2186	26.7213	47.3389	74.9419	
 62000	-114995	-1255.03	-68200.1	-14960.4	0.143822	1	0.151347	13.2146	4.19719	0.00782408	19.7919	0.250546	5095	99	490	-35323.6	44.3764f	27.559	4	1	1	0.0594059	0.207921	0.0594059	9.90099e-09	0	0	0	0	0.863636	0.960938	0.265107	0.466019	0.898438	0.009901	0.108911	9.90099e-09	1	0.117188	0.214286	0.666667	0.666667	0.666667	0.666667	1	56815.1	1e+20	25251.2	12.4167	42.2588	63.2186	26.7213	44.3764	27.559	
 63000	-114342	-1255.03	-67546.7	-14893.1	0.141118	1	0.156676	12.7652	4.31792	0.0108409	19.855	0.235256	5060	99	472	-35323.6	35.7575f	26.4902	4	1	1	0.0594059	0.207921	0.0594059	9.90099e-09	0	0	0	0	0.818182	0.976517	0.232422	0.52027	0.892644	0.009901	0.108911	9.90099e-09	1	0.122807	0.183794	0.666667	0.666667	0.666667	0.666667	1	56815.1	1e+20	25251.2	12.4167	42.2588	69.7208	41.8159	35.7575	26.4902	
 64000	-115131	-1255.03	-68335.9	-15037.9	0.146706	1	0.156563	12.7744	4.48568	0.00446612	19.855	0.226622	5135	99	468	-35323.6	33.6747f	43.271	4	1	1	0.0594059	0.128713	0.049505	9.90099e-09	0	0	0	0	0.9	0.955166	0.253937	0.528169	0.894632	9.90099e-09	0.108911	9.90099e-09	1	0.116732	0.196937	0.666667	0.666667	0.666667	0.666667	1	56815.1	1e+20	25251.2	12.4167	42.2588	29.7105	37.5323	33.6747	43.271	
 65000	-115397	-1255.03	-68602.2	-14967.5	0.147528	1	0.15035	13.3023	4.25192	0.0367813	19.7628	0.248962	5098	99	529	-35323.6	30.8215f	2.90504	4	1	1	0.049505	0.128713	0.049505	9.90099e-09	0	0	0	0	0.890909	0.943689	0.277344	0.572727	0.896686	9.90099e-09	0.108911	9.90099e-09	1	0.105675	0.178637	0.666667	0.666667	0.666667	0.666667	1	56815.1	1e+20	25251.2	12.4167	42.2588	29.7105	37.5323	30.8215	2.90504	
 66000	-117202	-1255.03	-70406.9	-15300.3	0.14806	1	0.145135	13.7803	4.11924	0.00140533	19.7628	0.266215	5272	99	510	-35323.6	51.1328f	41.1422	4	1	1	0.049505	0.128713	0.049505	9.90099e-09	0	0	0	0	0.854545	0.958333	0.28	0.5	0.912879	9.90099e-09	0.108911	9.90099e-09	1	0.109848	0.201961	0.666667	0.666667	0.666667	0.666667	1	56815.1	1e+20	25251.2	12.4167	42.2588	29.7105	37.5323	51.1328	41.1422	
 67000	-116312	-1255.03	-69516.5	-15214.3	0.14806	1	0.144242	13.8656	4.11036	0.0368722	19.7827	0.26844	5227	99	476	-35323.6	7.80483f	21.0696	4	1	1	0.049505	0.128713	0.049505	9.90099e-09	0	0	0	0	0.909091	0.96	0.280534	0.475248	0.895238	9.90099e-09	0.108911	9.90099e-09	1	0.129032	0.210856	0.666667	0.666667	0.666667	0.666667	1	56815.1	1e+20	25251.2	13.8432	44.8458	29.7105	37.5323	7.80483	21.0696	
 68000	-118763	-1255.03	-71967.5	-15555.2	0.152973	1	0.139517	14.3352	4.10762	0.00143441	19.7827	0.277717	5407	99	513	-35323.6	58.6456f	51.8896	4	1	1	0.049505	0.128713	0.049505	9.90099e-09	0	0	0	0	0.836364	0.97037	0.265306	0.518182	0.907236	9.90099e-09	0.108911	9.90099e-09	1	0.0947955	0.204842	0.666667	0.666667	0.666667	0.666667	1	56815.1	1e+20	25251.2	13.8432	44.8458	43.4037	44.1034	58.6456	51.8896	
 69000	-118588	-1255.03	-71793.4	-15579.6	0.152973	1	0.149304	13.3955	4.51592	0.00825087	19.9165	0.23605	5420	99	488	-35323.6	38.4532f	71.2049	4	1	1	0.049505	0.128713	0.049505	9.90099e-09	0	0	0	0	0.863636	0.959781	0.209945	0.427632	0.86789	9.90099e-09	0.108911	9.90099e-09	1	0.115596	0.205426	0.666667	0.666667	0.666667	0.666667	1	56815.1	1e+20	25251.2	10.2467	75.9104	43.4037	44.1034	38.4532	71.2049	
 70000	-118864	-1255.03	-72069	-15587.5	0.151601	1	0.151205	13.2271	3.98366	0.0135979	19.2842	0.264224	5424	99	509	-35323.6	68.3565f	74.4673	4	1	1	0.108911	0.178218	0.039604	9.90099e-09	0	0	0	0	0.890909	0.943327	0.239411	0.582524	0.893967	9.90099e-09	0.108911	9.90099e-09	1	0.0994475	0.19084	0.666667	0.666667	0.666667	0.666667	1	56815.1	1e+20	25251.2	55.9243	19.9885	65.6885	20.2543	68.3565	74.4673	
 71000	-119816	-1255.03	-73020.7	-15746	0.151601	1	0.153874	12.9976	4.08397	0.00681837	19.3197	0.253263	5508	99	512	-35323.6	69.482f	41.8254	4	1	1	0.108911	0.178218	0.039604	9.90099e-09	0	0	0	0	0.827273	0.962025	0.253165	0.527778	0.878403	9.90099e-09	0.148515	9.90099e-09	1	0.103448	0.169399	0.666667	0.666667	0.666667	0.666667	1	56815.1	1e+20	25251.2	55.9243	19.9885	65.6885	20.2543	69.482	41.8254	
 72000	-117617	-1255.03	-70822.1	-15374.3	0.151601	1	0.156328	12.7936	4.23966	0.014578	19.4243	0.240133	5311	99	504	-35323.6	58.5387f	19.5885	4	1	1	0.108911	0.178218	0.039604	9.90099e-09	0	0	0	0	0.890909	0.93597	0.233083	0.426667	0.864662	9.90099e-09	0.148515	9.90099e-09	1	0.109023	0.176587	0.666667	0.666667	0.666667	0.666667	1	56815.1	1e+20	25251.2	55.9243	19.9885	65.6885	20.2543	58.5387	19.5885	
 73000	-119678	-1255.03	-72883.1	-15691.7	0.154572	1	0.154857	12.9151	4.72244	0.0316953	19.9055	0.217631	5480	99	518	-35323.6	89.5167f	75.1863	4	1	1	0.108911	0.178218	0.039604	9.90099e-09	0	0	0	0	0.790909	0.959927	0.244526	0.550459	0.883424	9.90099e-09	0.148515	9.90099e-09	1	0.0983607	0.210909	0.666667	0.666667	0.666667	0.666667	1	56815.1	1e+20	25251.2	29.3121	93.1076	69.9869	29.592	89.5167	75.1863	
 74000	-118399	-1255.03	-71604.2	-15434.3	0.14765	1	0.152121	13.1474	4.43126	0.0128453	19.9055	0.236104	5342	99	546	-35323.6	64.8105f	24.4672	4	1	1	0.108911	0.178218	0.039604	9.90099e-09	0	0	0	0	0.809091	0.969811	0.265918	0.622642	0.872137	0.009901	0.148515	9.90099e-09	1	0.115888	0.158192	0.666667	0.666667	0.666667	0.666667	1	56815.1	1e+20	25251.2	29.3121	93.1076	69.9869	29.592	64.8105	24.4672	
 75000	-118625	-1255.03	-71829.6	-15495.1	0.151324	1	0.152427	13.121	4.55066	0.00264254	19.9055	0.229447	5375	99	536	-35323.6	37.6803f	55.5865	4	1	1	0.108911	0.178218	0.039604	9.90099e-09	0	0	0	0	0.872727	0.958724	0.270872	0.466216	0.879182	0.009901	0.148515	9.90099e-09	1	0.13197	0.181648	0.666667	0.666667	0.666667	0.666667	1	56815.1	1e+20	25251.2	29.3121	93.1076	69.9869	29.592	37.6803	55.5865	
 76000	-119077	-1255.03	-72282.4	-15515.9	0.151324	1	0.162599	12.3002	4.85433	0.0284942	19.9055	0.201638	5386	99	562	-35323.6	67.4847f	9.20249	4	1	1	0.0693069	0.138614	0.039604	9.90099e-09	0	0	0	0	0.872727	0.959335	0.238447	0.482456	0.882022	0.009901	0.148515	9.90099e-09	1	0.131086	0.16753	0.666667	0.666667	0.666667	0.666667	1	56815.1	1e+20	25251.2	29.3121	93.1076	69.9869	29.592	67.4847	9.20249	
 77000	-120577	-1255.03	-73782.1	-15740.1	0.156077	1	0.162599	12.3002	5.03982	0.00151213	19.9383	0.194217	5506	99	581	-35323.6	55.5316f	42.6991	4	1	1	0.0693069	0.138614	0.039604	9.90099e-09	0	0	0	0	0.827273	0.956364	0.259058	0.482759	0.885455	0.009901	0.148515	9.90099e-09	1	0.112933	0.20654	0.666667	0.666667	0.666667	0.666667	1	56815.1	1e+20	25251.2	29.3121	93.1076	85.2108	7.88733	55.5316	42.6991	
 78000	-121773	-1255.03	-74978.4	-15963	0.156077	1	0.15817	12.6446	4.90254	0.0516508	19.9383	0.205246	5626	99	570	-35323.6	96.4823f	12.3023	4	1	1	0.0693069	0.138614	0.0693069	9.90099e-09	0	0	0	0	0.8	0.943162	0.243339	0.46789	0.860963	0.009901	0.0891089	9.90099e-09	1	0.0994671	0.223443	0.666667	0.666667	0.666667	0.666667	1	56815.1	1e+20	25251.2	29.3121	93.1076	85.2108	7.88733	96.4823	12.3023	
 79000	-120575	-1255.03	-73780	-15778.6	0.152957	1	0.164156	12.1835	4.98637	0.0136237	19.9383	0.194437	5526	99	559	-35323.6	75.1475f	33.0495	4	1	1	0.0693069	0.138614	0.0693069	9.90099e-09	0	0	0	0	0.854545	0.960217	0.278481	0.573913	0.886076	0.009901	0.0891089	9.90099e-09	1	0.121157	0.21147	0.666667	0.666667	0.666667	0.666667	1	56815.1	1e+20	25251.2	29.3121	93.1076	75.5146	56.4327	75.1475	33.0495	
 80000	-122618	-1255.03	-75823.4	-16119.7	0.159593	1	0.165509	12.0839	5.24562	0.0088156	19.9383	0.183316	5712	99	553	-35323.6	64.5379f	30.5778	4	1	1	0.0693069	0.138614	0.0693069	9.90099e-09	0	0	0	0	0.9	0.965096	0.226876	0.572727	0.879433	0.009901	0.0891089	9.90099e-09	1	0.111693	0.174632	0.666667	0.666667	0.666667	0.666667	1	56815.1	1e+20	25251.2	29.3121	93.1076	75.5146	56.4327	64.5379	30.5778	
 81000	-123511	-1255.03	-76716.4	-16214.8	0.159976	1	0.159241	12.5596	5.05906	0.00162884	19.9383	0.197558	5764	99	589	-35323.6	53.3449f	59.3601	4	1	1	0.0693069	0.138614	0.0693069	9.90099e-09	0	0	0	0	0.872727	0.968641	0.263889	0.550847	0.866319	0.009901	0.0891089	9.90099e-09	1	0.133449	0.178451	0.666667	0.666667	0.666667	0.666667	1	56815.1	1e+20	25251.2	29.3121	93.1076	75.5146	56.4327	53.3449	59.3601	
 82000	-121199	-1255.03	-74403.8	-16075.4	0.161276	1	0.130708	15.3013	4.18631	0.0291757	19.9383	0.290862	5688	99	450	-35323.6	93.5278f	60.7534	4	1	1	0.0594059	0.138614	0.0693069	9.90099e-09	0	0	0	0	0.818182	0.96831	0.260105	0.457944	0.903114	0.009901	0.0891089	9.90099e-09	1	0.0949033	0.24581	0.666667	0.666667	0.666667	0.666667	1	56815.1	1e+20	25251.2	29.3121	93.1076	75.5146	56.4327	93.5278	60.7534	
 83000	-122672	-1255.03	-75877.3	-16165.2	0.164582	1	0.140341	14.251	4.58697	0.00290751	19.9383	0.247236	5737	99	535	-35323.6	63.0794f	52.7762	4	1	1	0.0594059	0.168317	0.0693069	9.90099e-09	0	0	0	0	0.872727	0.961938	0.238261	0.546296	0.897747	0.009901	0.0891089	9.90099e-09	1	0.13913	0.180657	0.666667	0.666667	0.666667	0.666667	1	56815.1	1e+20	25251.2	29.3121	93.1076	76.6053	67.0187	63.0794	52.7762	
 84000	-123220	-1255.03	-76425.2	-16297.1	0.162967	1	0.139786	14.3076	4.50318	0.0162272	19.9153	0.252836	5810	99	513	-35323.6	79.546f	34.9208	4	1	1	0.0594059	0.168317	0.009901	9.90099e-09	0	0	0	0	0.881818	0.974093	0.243986	0.5	0.898625	0.009901	0.0891089	9.90099e-09	1	0.0979381	0.180723	0.666667	0.666667	0.666667	0.666667	1	56815.1	1e+20	25251.2	29.3121	93.1076	63.7191	38.8749	79.546	34.9208	
 85000	-122527	-1255.03	-75732.3	-16188.3	0.162967	1	0.14238	14.0469	4.58678	0.0346909	19.9153	0.243704	5750	99	501	-35323.6	61.6351f	2.29591	4	1	1	0.0594059	0.168317	0.009901	9.90099e-09	0	0	0	0	0.890909	0.949565	0.225303	0.475728	0.899827	0.009901	0.0891089	9.90099e-09	1	0.104167	0.197266	0.666667	0.666667	0.666667	0.666667	1	56815.1	1e+20	25251.2	29.3121	93.1076	63.7191	38.8749	61.6351	2.29591	
 86000	-123877	-1255.03	-77082.4	-16355.2	0.16294	1	0.149451	13.3823	4.89494	0.0309721	19.9988	0.217558	5842	99	535	-35323.6	96.0102f	46.2605	4	1	1	0.0594059	0.168317	0.009901	9.90099e-09	0	0	0	0	0.890909	0.953767	0.207192	0.418182	0.876076	9.90099e-09	0.0891089	9.90099e-09	1	0.109589	0.20412	0.666667	0.666667	0.666667	0.666667	1	56815.1	1e+20	25251.2	29.3121	93.1076	63.7191	38.8749	96.0102	46.2605	
 87000	-122273	-1255.03	-75477.9	-16131.9	0.161942	1	0.13204	15.1469	4.29821	0.0220995	19.9988	0.280431	5719	99	515	-35323.6	88.6133f	54.686	4	1	1	0.0594059	0.168317	0.009901	9.90099e-09	0	0	0	0	0.881818	0.963351	0.256993	0.495238	0.893357	9.90099e-09	0.0891089	9.90099e-09	1	0.108392	0.181308	0.666667	0.666667	0.666667	0.666667	1	56815.1	1e+20	25251.2	29.3121	93.1076	63.7191	38.8749	88.6133	54.686	
 88000	-121936	-1255.03	-75141.1	-16090.3	0.162999	1	0.13579	14.7286	4.44913	0.0244143	19.9988	0.263437	5696	99	507	-35323.6	70.171f	14.3046	4	1	1	0.0891089	0.168317	0.009901	9.90099e-09	0	0	0	0	0.854545	0.970383	0.277003	0.509434	0.910839	9.90099e-09	0.0891089	9.90099e-09	1	0.11014	0.183432	0.666667	0.666667	0.666667	0.666667	1	56815.1	1e+20	25251.2	9.26488	40.1374	63.7191	38.8749	70.171	14.3046	
 89000	-120804	-1255.03	-74008.7	-15943.4	0.162999	1	0.143057	13.9804	4.68723	0.00461467	19.9988	0.237353	5615	99	484	-35323.6	66.986f	47.5563	4	1	1	0.0891089	0.168317	0.009901	9.90099e-09	0	0	0	0	0.863636	0.951872	0.239437	0.445545	0.915493	9.90099e-09	0.0891089	9.90099e-09	1	0.11943	0.190184	0.666667	0.666667	0.666667	0.666667	1	56815.1	1e+20	25251.2	9.26488	40.1374	63.7191	38.8749	66.986	47.5563	
 90000	-121764	-1255.03	-74969	-16086.4	0.160542	1	0.135644	14.7445	4.37735	0.00450195	19.9988	0.268045	5694	99	494	-35323.6	35.6647f	39.7008	4	1	1	0.0891089	0.188119	0.019802	9.90099e-09	0	0	0	0	0.872727	0.958188	0.255208	0.5	0.916376	9.90099e-09	0.0792079	9.90099e-09	1	0.108014	0.200397	0.666667	0.666667	0.666667	0.666667	1	56815.1	1e+20	25251.2	9.26488	40.1374	63.7191	38.8749	35.6647	39.7008	
 91000	-121172	-1255.03	-74377.1	-16004.1	0.160542	1	0.14043	14.242	4.53179	0.0145003	19.9988	0.250086	5649	99	488	-35323.6	80.8525f	55.5874	4	1	1	0.0891089	0.188119	0.019802	9.90099e-09	0	0	0	0	0.927273	0.959364	0.222615	0.509804	0.913121	9.90099e-09	0.0792079	9.90099e-09	1	0.0886525	0.213115	0.666667	0.666667	0.666667	0.666667	1	56815.1	1e+20	25251.2	9.26488	40.1374	50.7902	56.1244	80.8525	55.5874	
 92000	-122600	-1255.03	-75804.5	-16302.4	0.16354	1	0.116469	17.172	3.82874	0.0112307	19.9988	0.356907	5813	99	452	-35323.6	77.3416f	52.5993	4	1	1	0.0891089	0.188119	0.019802	9.90099e-09	0	0	0	0	0.827273	0.972461	0.255575	0.535211	0.924528	9.90099e-09	0.0792079	9.90099e-09	1	0.114923	0.175166	0.666667	0.666667	0.666667	0.666667	1	56815.1	1e+20	25251.2	9.26488	40.1374	50.7902	56.1244	77.3416	52.5993	
 93000	-122059	-1255.03	-75264.1	-16148.5	0.16354	1	0.127925	15.6342	4.20535	0.0098658	19.9988	0.295844	5728	99	489	-35323.6	42.0804f	75.1458	4	1	1	0.0891089	0.188119	0.019802	9.90099e-09	0	0	0	0	0.872727	0.95986	0.250435	0.544554	0.900524	9.90099e-09	0.0792079	9.90099e-09	1	0.0907504	0.216769	0.666667	0.666667	0.666667	0.666667	1	56815.1	1e+20	25251.2	9.26488	40.1374	50.7902	56.1244	42.0804	75.1458	
 94000	-121869	-1255.03	-75073.6	-16083.3	0.16354	1	0.130842	15.2857	4.30123	0.0153469	19.9988	0.282802	5692	99	507	-35323.6	78.6923f	35.3111	4	1	1	0.0891089	0.188119	0.019802	9.90099e-09	0	0	0	0	0.872727	0.95972	0.240838	0.533333	0.891798	9.90099e-09	0.0792079	9.90099e-09	1	0.115385	0.208163	0.666667	0.666667	0.666667	0.666667	1	56815.1	1e+20	25251.2	9.26488	40.1374	50.7902	56.1244	78.6923	35.3111	
 95000	-123576	-1255.03	-76781.2	-16412.9	0.16354	1	0.124102	16.1158	4.07967	0.0292503	19.9988	0.314352	5874	99	478	-35323.6	81.7954f	81.9514	4	1	1	0.029703	0.188119	0.019802	9.90099e-09	0	0	0	0	0.9	0.958834	0.323024	0.454545	0.893836	9.90099e-09	0.118812	9.90099e-09	1	0.0977702	0.189189	0.666667	0.666667	0.666667	0.666667	1	56815.1	1e+20	25251.2	9.26488	40.1374	66.7668	80.0761	81.7954	81.9514	
 96000	-124324	-1255.03	-77529.1	-16493.4	0.164769	1	0.11918	16.7814	3.94729	0.0212703	19.9988	0.338313	5919	99	497	-35323.6	83.3963f	68.6433	4	1	1	0.029703	0.19802	0.019802	9.90099e-09	0	0	0	0	0.872727	0.976391	0.291246	0.535211	0.915683	9.90099e-09	0.118812	9.90099e-09	1	0.0827703	0.182195	0.666667	0.666667	0.666667	0.666667	1	56815.1	1e+20	25251.2	9.26488	40.1374	66.7668	80.0761	83.3963	68.6433	
 97000	-124924	-1255.03	-78128.6	-16599.6	0.170455	1	0.116375	17.1858	3.98743	0.0310537	19.9988	0.342979	5979	99	490	-35323.6	86.8051f	78.2704	4	1	1	0.029703	0.19802	9.90099e-09	9.90099e-09	0	0	0	0	0.881818	0.943144	0.235786	0.507042	0.904682	9.90099e-09	0.118812	9.90099e-09	1	0.0986622	0.190855	0.666667	0.666667	0.666667	0.666667	1	56815.1	1e+20	25251.2	9.26488	40.1374	66.7668	80.0761	86.8051	78.2704	
 98000	-124925	-1255.03	-78129.7	-16652.7	0.170455	1	0.109151	18.3233	3.73989	0.0100885	19.9988	0.389885	6009	99	461	-35323.6	59.3686f	74.6535	4	1	1	0.029703	0.19802	9.90099e-09	9.90099e-09	0	0	0	0	0.890909	0.978297	0.278418	0.468531	0.921797	9.90099e-09	0.118812	9.90099e-09	1	0.101329	0.164241	0.666667	0.666667	0.666667	0.666667	1	56815.1	1e+20	25251.2	3.02219	53.5505	66.7668	80.0761	59.3686	74.6535	
 99000	-127520	-1255.03	-80725.2	-16968.9	0.169347	1	0.134029	14.9221	4.56247	0.00034905	19.9988	0.260268	6187	99	521	-35323.6	46.6355f	49.6289	4	1	1	0.029703	0.19802	9.90099e-09	9.90099e-09	0	0	0	0	0.863636	0.965964	0.276252	0.46789	0.906149	9.90099e-09	0.118812	9.90099e-09	1	0.11147	0.173993	0.666667	0.666667	0.666667	0.666667	1	56815.1	1e+20	25251.2	3.02219	53.5505	66.7668	80.0761	46.6355	49.6289	
100000	-125629	-1255.03	-78833.6	-16645.7	0.169347	1	0.134029	14.9221	4.47859	0.00501754	19.9062	0.265142	6005	99	532	-35323.6	32.9692f	58.0958	4	1	1	0.029703	0.19802	9.90099e-09	9.90099e-09	0	0	0	0	0.909091	0.966667	0.239203	0.563636	0.891089	9.90099e-09	0.118812	9.90099e-09	1	0.113333	0.182994	0.666667	0.666667	0.666667	0.666667	1	56815.1	1e+20	25251.2	17.5088	50.0984	52.6917	60.9706	32.9692	58.0958	
101000	-127082	-1255.03	-80287	-16819	0.174983	1	0.148715	13.4485	5.13468	0.00376578	19.9062	0.208426	6103	99	567	-35323.6	37.2692f	40.19	4	1	1	0.029703	0.19802	9.90099e-09	9.90099e-09	0	0	0	0	0.890909	0.967374	0.253682	0.544643	0.885434	9.90099e-09	0.0990099	9.90099e-09	1	0.116203	0.217544	0.666667	0.666667	0.666667	0.666667	1	56815.1	1e+20	25251.2	17.5088	50.0984	52.6917	60.9706	37.2692	40.19	
102000	-129126	-1255.03	-82331.2	-17076.6	0.176102	1	0.147456	13.5634	5.12378	0.00203403	19.9062	0.210653	6251	99	607	-35323.6	57.62f	58.0791	4	1	1	0.0990099	0.19802	9.90099e-09	9.90099e-09	0	0	0	0	0.836364	0.96	0.269968	0.516949	0.876006	9.90099e-09	0.0990099	9.90099e-09	1	0.0912	0.217463	0.666667	0.666667	0.666667	0.666667	1	56815.1	1e+20	25251.2	0.683607	23.9476	52.6917	60.9706	57.62	58.0791	
103000	-127063	-1255.03	-80267.7	-16863	0.176102	1	0.135157	14.7976	4.69644	0.0282005	19.9062	0.250734	6128	99	539	-35323.6	16.3589f	79.7036	4	1	1	0.0990099	0.19802	0.009901	9.90099e-09	0	0	0	0	0.845455	0.957447	0.267101	0.59633	0.876847	9.90099e-09	0.0990099	9.90099e-09	1	0.119086	0.196691	0.666667	0.666667	0.666667	0.666667	1	56815.1	1e+20	25251.2	0.683607	23.9476	4.66161	53.6031	16.3589	79.7036	
104000	-128086	-1255.03	-81290.6	-17077.4	0.179894	1	0.127341	15.7058	4.52011	0.0442303	19.9062	0.276504	6251	99	509	-35323.6	21.1341f	98.1076	4	1	1	0.0990099	0.19802	0.009901	9.90099e-09	0	0	0	0	0.863636	0.9664	0.250399	0.552381	0.903328	9.90099e-09	0.0990099	9.90099e-09	1	0.100478	0.208502	0.666667	0.666667	0.666667	0.666667	1	56815.1	1e+20	25251.2	0.683607	23.9476	4.66161	53.6031	21.1341	98.1076	
105000	-128161	-1255.03	-81365.5	-17054.5	0.178703	1	0.142017	14.0828	5.00768	0.0187452	19.9062	0.223791	6238	99	529	-35323.6	30.6147f	19.3304	4	1	1	0.0990099	0.19802	0.009901	9.90099e-09	0	0	0	0	0.890909	0.949919	0.221154	0.508929	0.915064	9.90099e-09	0.0990099	9.90099e-09	1	0.104167	0.199647	0.666667	0.666667	0.666667	0.666667	1	56815.1	1e+20	25251.2	0.683607	23.9476	4.66161	53.6031	30.6147	19.3304	
106000	-126878	-1255.03	-80082.6	-16862.4	0.17417	1	0.135593	14.7501	4.65985	0.0381709	19.9062	0.251891	6128	99	521	-35323.6	6.24917f	21.7764	4	1	1	0.0990099	0.19802	0.009901	9.90099e-09	0	0	0	0	0.845455	0.955665	0.265472	0.550459	0.875205	9.90099e-09	0.0891089	9.90099e-09	1	0.0995106	0.222635	0.666667	0.666667	0.666667	0.666667	1	56815.1	1e+20	25251.2	43.6817	25.5239	1.70297	22.6549	6.24917	21.7764	
107000	-127737	-1255.03	-80942.3	-16969	0.17417	1	0.135309	14.781	4.65009	0.025751	19.9062	0.252949	6189	99	544	-35323.6	9.97625f	34.7739	4	1	1	0.0891089	0.178218	0.009901	9.90099e-09	0	0	0	0	0.881818	0.970874	0.262561	0.537037	0.882068	9.90099e-09	0.0891089	9.90099e-09	1	0.0987055	0.185662	0.666667	0.666667	0.666667	0.666667	1	56815.1	1e+20	25251.2	43.6817	25.5239	1.70297	22.6549	9.97625	34.7739	
108000	-128487	-1255.03	-81692.1	-17073.3	0.178386	1	0.138413	14.4495	4.87192	0.00516127	19.9062	0.236017	6249	99	547	-35323.6	30.888f	50.1096	4	1	1	0.0891089	0.178218	0.009901	9.90099e-09	0	0	0	0	0.863636	0.968153	0.2512	0.464286	0.894231	9.90099e-09	0.0891089	9.90099e-09	1	0.089172	0.193487	0.666667	0.666667	0.666667	0.666667	1	56815.1	1e+20	25251.2	43.6817	25.5239	1.70297	22.6549	30.888	50.1096	
109000	-128931	-1255.03	-82135.5	-17115.3	0.174997	1	0.14278	14.0076	4.93018	0.0529708	19.9062	0.226094	6273	99	567	-35323.6	2.33649f	11.4651	4	1	1	0.0891089	0.178218	0.009901	9.90099e-09	0	0	0	0	0.827273	0.961661	0.236045	0.477477	0.88764	9.90099e-09	0.0891089	9.90099e-09	1	0.100478	0.194004	0.666667	0.666667	0.666667	0.666667	1	56815.1	1e+20	25251.2	43.6817	25.5239	1.70297	22.6549	2.33649	11.4651	
110000	-129291	-1255.03	-82496.2	-17059.8	0.179025	1	0.152073	13.1516	5.45347	0.0133115	19.9813	0.191909	6241	99	633	-35323.6	23.3726f	65.5889	4	1	1	0.0891089	0.178218	0.009901	9.90099e-09	0	0	0	0	0.818182	0.956869	0.2432	0.443548	0.898251	9.90099e-09	0.0891089	9.90099e-09	1	0.138978	0.198083	0.666667	0.666667	0.666667	0.666667	1	56815.1	1e+20	25251.2	66.4069	24.4078	1.70297	22.6549	23.3726	65.5889	
111000	-130387	-1255.03	-83592.1	-17281.7	0.179025	1	0.157109	12.73	5.31315	0.0296835	19.6905	0.190663	6370	99	603	-35323.6	12.1664f	24.0153	4	1	1	0.0891089	0.178218	0.009901	9.90099e-09	0	0	0	0	0.863636	0.959119	0.290271	0.512605	0.871473	9.90099e-09	0.0891089	9.90099e-09	1	0.112853	0.166389	0.666667	0.666667	0.666667	0.666667	1	56815.1	1e+20	25251.2	66.4069	24.4078	1.70297	22.6549	12.1664	24.0153	
112000	-132071	-1255.03	-85275.9	-17476.4	0.181035	1	0.157109	12.73	5.3728	0.0454173	19.6905	0.188546	6484	99	638	-35323.6	12.4412f	7.54376	4	1	1	0.0891089	0.178218	0.009901	9.90099e-09	0	0	0	0	0.909091	0.959877	0.221538	0.448819	0.881356	9.90099e-09	0.0891089	9.90099e-09	1	0.0939908	0.189358	0.666667	0.666667	0.666667	0.666667	1	56815.1	1e+20	25251.2	81.3184	42.6222	1.70297	22.6549	12.4412	7.54376	
113000	-134302	-1255.03	-87507.4	-17799.5	0.183654	1	0.144166	13.8729	5.31594	0.0426844	19.993	0.207671	6675	99	649	-35323.6	5.62733f	17.4432	4	1	1	0.0891089	0.178218	0.009901	9.90099e-09	0	0	0	0	0.818182	0.961078	0.261976	0.424242	0.889394	9.90099e-09	0.0990099	9.90099e-09	1	0.124251	0.207904	0.666667	0.666667	0.666667	0.666667	1	56815.1	1e+20	25251.2	57.0948	67.6579	1.70297	22.6549	5.62733	17.4432	
114000	-130746	-1255.03	-83951	-17404.4	0.182081	1	0.135445	14.7662	4.94266	0.019169	19.9839	0.237737	6442	99	559	-35323.6	37.0351f	15.7705	4	1	1	0.0792079	0.158416	0.009901	9.90099e-09	0	0	0	0	0.827273	0.962675	0.270186	0.527273	0.90528	9.90099e-09	0.0990099	9.90099e-09	1	0.0993789	0.182143	0.666667	0.666667	0.666667	0.666667	1	56815.1	1e+20	25251.2	98.7256	24.9363	1.70297	22.6549	37.0351	15.7705	
115000	-130860	-1255.03	-84064.9	-17404.4	0.182081	1	0.138546	14.4357	5.05582	0.0165577	19.9839	0.227214	6442	99	568	-35323.6	16.261f	43.4477	4	1	1	0.0792079	0.158416	0.009901	9.90099e-09	0	0	0	0	0.845455	0.962733	0.230294	0.487179	0.891808	9.90099e-09	0.0990099	9.90099e-09	1	0.100464	0.176471	0.666667	0.666667	0.666667	0.666667	1	56815.1	1e+20	25251.2	98.7256	24.9363	1.70297	22.6549	16.261	43.4477	
116000	-131039	-1255.03	-84243.8	-17433.1	0.178917	1	0.147279	13.5797	5.28112	0.0256678	19.9839	0.204623	6458	99	572	-35323.6	8.25999f	40.5778	4	1	1	0.0792079	0.158416	0.0693069	9.90099e-09	0	0	0	0	0.827273	0.964341	0.249226	0.557522	0.894574	9.90099e-09	0.0990099	9.90099e-09	1	0.113003	0.20398	0.666667	0.666667	0.666667	0.666667	1	56815.1	1e+20	25251.2	98.7256	24.9363	1.70297	22.6549	8.25999	40.5778	
117000	-132955	-1255.03	-86160.5	-17691.6	0.188316	1	0.146192	13.6806	5.51753	0.0215486	19.9839	0.197311	6612	99	595	-35323.6	10.9242f	46.4738	4	1	1	0.0792079	0.158416	0.0693069	9.90099e-09	0	0	0	0	0.809091	0.951442	0.24736	0.425	0.904545	9.90099e-09	0.0990099	9.90099e-09	1	0.117825	0.192243	0.666667	0.666667	0.666667	0.666667	1	56815.1	1e+20	25251.2	98.7256	24.9363	31.395	47.0753	10.9242	46.4738	
118000	-138280	-1255.03	-91485.4	-18388.9	0.194631	1	0.151909	13.1658	5.59584	0.0221949	19.6999	0.187228	7035	99	660	-35323.6	12.9287f	35.6507	4	1	1	0.0792079	0.158416	0.0693069	9.90099e-09	0	0	0	0	0.881818	0.974322	0.239716	0.554688	0.883688	9.90099e-09	0.0990099	9.90099e-09	1	0.110795	0.213636	0.666667	0.666667	0.666667	0.666667	1	56815.1	1e+20	25251.2	23.2433	98.1142	31.395	47.0753	12.9287	35.6507	
119000	-137984	-1255.03	-91188.6	-18380.7	0.194631	1	0.147728	13.5384	5.44182	0.0386895	19.6999	0.197976	7030	99	628	-35323.6	12.3187f	13.6701	4	1	1	0.0792079	0.158416	0.0693069	9.90099e-09	0	0	0	0	0.881818	0.971591	0.280228	0.526718	0.896307	9.90099e-09	0.0990099	9.90099e-09	1	0.109375	0.195988	0.666667	0.666667	0.666667	0.666667	1	56815.1	1e+20	25251.2	23.2433	98.1142	31.395	47.0753	12.3187	13.6701	
120000	-136193	-1255.03	-89398.1	-18146.7	0.194631	1	0.136028	14.7028	5.01083	0.0041796	19.6999	0.233497	6887	99	613	-35323.6	34.7172f	57.8248	4	1	1	0.0792079	0.148515	0.0693069	9.90099e-09	0	0	0	0	0.845455	0.965015	0.25942	0.517857	0.908563	9.90099e-09	0.108911	9.90099e-09	1	0.101449	0.233043	0.666667	0.666667	0.666667	0.666667	1	56815.1	1e+20	25251.2	23.2433	98.1142	31.395	47.0753	34.7172	57.8248	
121000	-135215	-1255.03	-88419.7	-18076.9	0.196434	1	0.136028	14.7028	5.05726	0.00140354	19.6999	0.231354	6844	99	569	-35323.6	49.4622f	59.271	4	1	1	0.039604	0.148515	0.0693069	9.90099e-09	0	0	0	0	0.854545	0.969343	0.19883	0.452991	0.885965	9.90099e-09	0.108911	9.90099e-09	1	0.10219	0.199307	0.666667	0.666667	0.666667	0.666667	1	56815.1	1e+20	25251.2	23.2433	98.1142	31.395	47.0753	49.4622	59.271	
122000	-134274	-1255.03	-87479.1	-17893.6	0.192886	1	0.140684	14.2162	5.21876	0.0441243	19.7789	0.216774	6733	99	593	-35323.6	6.37014f	85.2949	4	1	1	0.039604	0.148515	0.029703	9.90099e-09	0	0	0	0	0.890909	0.965825	0.193501	0.532258	0.88774	9.90099e-09	0.108911	9.90099e-09	1	0.10847	0.198664	0.666667	0.666667	0.666667	0.666667	1	56815.1	1e+20	25251.2	23.2433	98.1142	31.395	47.0753	6.37014	85.2949	
123000	-135258	-1255.03	-88462.6	-17952.9	0.192911	1	0.150404	13.2975	5.58005	0.0115673	19.7789	0.189637	6769	99	647	-35323.6	21.8151f	44.5433	4	1	1	0.039604	0.148515	0.029703	9.90099e-09	0	0	0	0	0.818182	0.957353	0.240822	0.532258	0.894118	9.90099e-09	0.108911	9.90099e-09	1	0.125554	0.199693	0.666667	0.666667	0.666667	0.666667	1	56815.1	1e+20	25251.2	23.2433	98.1142	48.5981	47.5151	21.8151	44.5433	
124000	-137796	-1255.03	-91001.1	-18306.7	0.192911	1	0.151384	13.2114	5.61642	0.00260383	19.7789	0.187189	6984	99	664	-35323.6	60.0683f	57.7456	4	1	1	0.039604	0.148515	0.029703	9.90099e-09	0	0	0	0	0.881818	0.958333	0.266858	0.540323	0.880231	9.90099e-09	0.108911	9.90099e-09	1	0.1033	0.162328	0.666667	0.666667	0.666667	0.666667	1	56815.1	1e+20	25251.2	23.2433	98.1142	48.5981	47.5151	60.0683	57.7456	
125000	-136052	-1255.03	-89256.6	-18091.1	0.192911	1	0.157217	12.7213	5.83281	0.0234428	19.7789	0.173557	6853	99	633	-35323.6	30.2403f	85.7364	4	1	1	0.039604	0.148515	0.029703	9.90099e-09	0	0	0	0	0.836364	0.953556	0.240525	0.527559	0.881924	0.009901	0.108911	9.90099e-09	1	0.126822	0.185827	0.666667	0.666667	0.666667	0.666667	1	56815.1	1e+20	25251.2	14.8231	37.7761	48.5981	47.5151	30.2403	85.7364	
126000	-137153	-1255.03	-90357.9	-18154.9	0.195647	1	0.162718	12.2912	6.12252	0.0130782	19.7789	0.159755	6892	99	694	-35323.6	36.8511f	77.4646	4	1	1	0.049505	0.148515	0.029703	9.90099e-09	0	0	0	0	0.854545	0.952312	0.22576	0.48227	0.901449	0.009901	0.128713	9.90099e-09	1	0.132756	0.182997	0.666667	0.666667	0.666667	0.666667	1	56815.1	1e+20	25251.2	24.5284	0.0665338	48.5981	47.5151	36.8511	77.4646	
127000	-140706	-1255.03	-93911.3	-18637.1	0.204402	1	0.165475	12.0864	6.50791	0.000490041	19.7812	0.14779	7191	99	721	-35323.6	51.8353f	53.8366	4	1	1	0.049505	0.178218	0.029703	9.90099e-09	0	0	0	0	0.827273	0.953911	0.247566	0.510067	0.865922	0.009901	0.128713	9.90099e-09	1	0.130556	0.185853	0.666667	0.666667	0.666667	0.666667	1	56815.1	1e+20	25251.2	24.5284	0.0665338	48.5981	47.5151	51.8353	53.8366	
128000	-139690	-1255.03	-92895.2	-18529.2	0.204402	1	0.163408	12.2393	6.54204	0.02675	19.8695	0.148879	7123	99	693	-35323.6	40.0454f	7.91236	4	1	1	0.049505	0.178218	0.029703	9.90099e-09	0	0	0	0	0.827273	0.942335	0.257022	0.547445	0.886236	0.009901	0.128713	9.90099e-09	1	0.120787	0.190071	0.666667	0.666667	0.666667	0.666667	1	56815.1	1e+20	25251.2	24.5284	0.0665338	37.017	27.0534	40.0454	7.91236	
129000	-140342	-1255.03	-93546.9	-18724.4	0.20581	1	0.15459	12.9375	6.07987	0.0108292	19.7474	0.169334	7246	99	636	-35323.6	22.4971f	46.0695	4	1	1	0.049505	0.178218	0.029703	9.90099e-09	0	0	0	0	0.845455	0.96832	0.237964	0.460938	0.896694	0.009901	0.128713	9.90099e-09	1	0.110041	0.202786	0.666667	0.666667	0.666667	0.666667	1	56815.1	1e+20	25251.2	25.3928	76.6081	37.017	27.0534	22.4971	46.0695	
130000	-139944	-1255.03	-93149.1	-18642.1	0.205381	1	0.143851	13.9033	5.6457	0.00195283	19.7474	0.19597	7194	99	652	-35323.6	46.9855f	39.3957	4	1	1	0.049505	0.178218	0.029703	9.90099e-09	0	0	0	0	0.790909	0.968188	0.24758	0.507692	0.906465	0.009901	0.128713	9.90099e-09	1	0.0958333	0.191679	0.666667	0.666667	0.666667	0.666667	1	56815.1	1e+20	25251.2	25.3928	76.6081	37.017	27.0534	46.9855	39.3957	
131000	-140336	-1255.03	-93540.5	-18760.8	0.205381	1	0.137866	14.5068	5.40729	0.00604206	19.7441	0.213492	7269	99	614	-35323.6	68.2829f	42.3541	4	1	1	0.049505	0.178218	0.029703	9.90099e-09	0	0	0	0	0.909091	0.949315	0.244138	0.491803	0.902338	0.009901	0.0990099	9.90099e-09	1	0.105915	0.190554	0.666667	0.666667	0.666667	0.666667	1	56815.1	1e+20	25251.2	25.3928	76.6081	37.017	27.0534	68.2829	42.3541	
132000	-144423	-1255.03	-97628.2	-19162.7	0.211841	1	0.155203	12.8864	6.27874	0.010282	19.7441	0.163323	7526	99	724	-35323.6	24.6614f	40.6339	4	1	1	0.049505	0.178218	0.029703	9.90099e-09	0	0	0	0	0.863636	0.973369	0.299601	0.549296	0.904888	0.009901	0.0990099	9.90099e-09	1	0.0982736	0.212857	0.666667	0.666667	0.666667	0.666667	1	56815.1	1e+20	25251.2	25.3928	76.6081	34.8495	26.5703	24.6614	40.6339	
133000	-141870	-1255.03	-95074.7	-18981.2	0.211841	1	0.142572	14.028	5.76775	0.0334039	19.7441	0.193544	7409	99	610	-35323.6	28.8838f	6.36592	4	1	1	0.049505	0.178218	0.029703	9.90099e-09	0	0	0	0	0.854545	0.960916	0.22372	0.539683	0.918919	0.009901	0.0990099	9.90099e-09	1	0.102426	0.1824	0.666667	0.666667	0.666667	0.666667	1	56815.1	1e+20	25251.2	25.3928	76.6081	34.8495	26.5703	28.8838	6.36592	
134000	-142126	-1255.03	-95331	-19029.3	0.211841	1	0.13837	14.454	5.59775	0.0294987	19.7441	0.205478	7440	99	605	-35323.6	22.32f	13.7293	4	1	1	0.049505	0.178218	0.029703	9.90099e-09	0	0	0	0	0.909091	0.961126	0.252674	0.546763	0.910547	0.009901	0.0990099	9.90099e-09	1	0.0924933	0.213018	0.666667	0.666667	0.666667	0.666667	1	56815.1	1e+20	25251.2	25.3928	76.6081	34.8495	26.5703	22.32	13.7293	
135000	-142609	-1255.03	-95813.7	-19082	0.211841	1	0.133852	14.9419	5.41497	0.0448098	19.7441	0.219584	7474	99	617	-35323.6	14.9673f	5.95078	4	1	1	0.049505	0.178218	0.019802	9.90099e-09	0	0	0	0	0.863636	0.946381	0.230975	0.51145	0.918449	0.009901	0.0990099	9.90099e-09	1	0.0989305	0.189681	0.666667	0.666667	0.666667	0.666667	1	56815.1	1e+20	25251.2	25.3928	76.6081	34.8495	26.5703	14.9673	5.95078	
136000	-143021	-1255.03	-96226.1	-19154.9	0.213246	1	0.124235	16.0985	5.05927	0.00212705	19.7441	0.253215	7521	99	607	-35323.6	44.24f	39.8419	4	1	1	0.049505	0.178218	0.019802	9.90099e-09	0	0	0	0	0.918182	0.980159	0.277778	0.568	0.904382	0.009901	0.0990099	9.90099e-09	1	0.103175	0.21911	0.666667	0.666667	0.666667	0.666667	1	56815.1	1e+20	25251.2	22.982	84.7298	34.8495	26.5703	44.24	39.8419	
137000	-144037	-1255.03	-97241.6	-19244.5	0.213246	1	0.134508	14.869	5.59996	0.0365802	19.8535	0.211294	7579	99	637	-35323.6	22.1501f	7.51709	4	1	1	0.049505	0.178218	0.019802	9.90099e-09	0	0	0	0	0.818182	0.957895	0.259211	0.547619	0.910644	0.009901	0.188119	9.90099e-09	1	0.103947	0.23053	0.666667	0.666667	0.666667	0.666667	1	56815.1	1e+20	25251.2	22.982	84.7298	40.2504	13.4253	22.1501	7.51709	
138000	-144410	-1255.03	-97614.6	-19329.5	0.213246	1	0.133989	14.9266	5.42653	0.00294031	19.717	0.218892	7634	99	623	-35323.6	57.7947f	38.9993	4	1	1	0.049505	0.178218	0.019802	9.90099e-09	0	0	0	0	0.818182	0.976593	0.26206	0.516129	0.909686	9.90099e-09	0.188119	9.90099e-09	1	0.108639	0.187296	0.666667	0.666667	0.666667	0.666667	1	56815.1	1e+20	25251.2	22.982	84.7298	65.2296	36.8206	57.7947	38.9993	
139000	-145667	-1255.03	-98871.5	-19414.5	0.213246	1	0.144308	13.8592	5.84449	0.00166624	19.717	0.188704	7689	99	683	-35323.6	56.6325f	42.9355	4	1	1	0.009901	0.178218	0.019802	9.90099e-09	0	0	0	0	0.781818	0.963446	0.26658	0.452555	0.895503	9.90099e-09	0.188119	9.90099e-09	1	0.0962289	0.218563	0.666667	0.666667	0.666667	0.666667	1	56815.1	1e+20	25251.2	22.982	84.7298	65.2296	36.8206	56.6325	42.9355	
140000	-144559	-1255.03	-97763.7	-19347.2	0.216938	1	0.144308	13.8592	5.94567	0.021617	19.717	0.185493	7646	99	624	-35323.6	88.3505f	52.79	4	1	1	0.009901	0.148515	0.019802	9.90099e-09	0	0	0	0	0.827273	0.964981	0.22846	0.432836	0.888889	9.90099e-09	0.188119	9.90099e-09	1	0.0731071	0.191153	0.666667	0.666667	0.666667	0.666667	1	56815.1	1e+20	25251.2	22.982	84.7298	62.051	36.9269	88.3505	52.79	
141000	-148692	-1255.03	-101897	-19800.3	0.220835	1	0.137562	14.5389	6.07838	0.000450513	19.9757	0.190342	7945	99	708	-35323.6	51.8754f	46.876	4	1	1	0.009901	0.148515	0.029703	9.90099e-09	0	0	0	0	0.818182	0.976101	0.22601	0.47482	0.917617	9.90099e-09	0.188119	9.90099e-09	1	0.102792	0.196328	0.666667	0.666667	0.666667	0.666667	1	56815.1	1e+20	25251.2	22.982	84.7298	62.051	36.9269	51.8754	46.876	
142000	-146573	-1255.03	-99778.1	-19572.3	0.220835	1	0.136949	14.604	6.05129	0.0251714	19.9757	0.192049	7794	99	663	-35323.6	85.1092f	27.8032	4	1	1	0.009901	0.148515	0.029703	9.90099e-09	0	0	0	0	0.881818	0.961637	0.228316	0.515385	0.892583	9.90099e-09	0.188119	9.90099e-09	1	0.0994898	0.172196	0.666667	0.666667	0.666667	0.666667	1	56815.1	1e+20	25251.2	22.982	84.7298	64.9439	62.4648	85.1092	27.8032	
143000	-147549	-1255.03	-100753	-19582.8	0.220835	1	0.158579	12.612	7.00702	0.0218598	19.9757	0.143233	7801	99	741	-35323.6	79.0738f	75.7885	4	1	1	0.009901	0.148515	0.029703	9.90099e-09	0	0	0	0	0.781818	0.959132	0.249047	0.550336	0.885787	9.90099e-09	0.188119	9.90099e-09	1	0.104725	0.21745	0.666667	0.666667	0.666667	0.666667	1	56815.1	1e+20	25251.2	22.982	84.7298	64.9439	62.4648	79.0738	75.7885	
144000	-147722	-1255.03	-100927	-19694.3	0.222927	1	0.13381	14.9465	5.95377	0.0176498	19.9633	0.199774	7875	99	682	-35323.6	84.2137f	55.6674	4	1	1	0.009901	0.148515	0.029703	9.90099e-09	0	0	0	0	0.909091	0.96061	0.245235	0.578947	0.891858	9.90099e-09	0.108911	9.90099e-09	1	0.119593	0.212481	0.666667	0.666667	0.666667	0.666667	1	56815.1	1e+20	25251.2	22.982	84.7298	64.9439	62.4648	84.2137	55.6674	
145000	-149081	-1255.03	-102286	-19881.9	0.222927	1	0.134665	14.8516	5.99182	0.0025379	19.9633	0.197245	8000	99	681	-35323.6	58.3629f	59.4197	4	1	1	0.049505	0.148515	0.029703	9.90099e-09	0	0	0	0	0.854545	0.972671	0.251244	0.5	0.904348	9.90099e-09	0.108911	9.90099e-09	1	0.0968944	0.20597	0.666667	0.666667	0.666667	0.666667	1	56815.1	1e+20	25251.2	22.982	84.7298	64.9439	62.4648	58.3629	59.4197	
146000	-148530	-1255.03	-101735	-19757.3	0.222927	1	0.153522	13.0274	6.83084	0.00608012	19.9633	0.151766	7917	99	717	-35323.6	69.1325f	55.694	4	1	1	0.049505	0.178218	0.019802	9.90099e-09	0	0	0	0	0.845455	0.949686	0.233375	0.531034	0.879699	9.90099e-09	0.108911	9.90099e-09	1	0.108586	0.21958	0.666667	0.666667	0.666667	0.666667	1	56815.1	1e+20	25251.2	22.982	84.7298	60.7494	66.3991	69.1325	55.694	
147000	-149545	-1255.03	-102750	-19937.8	0.224774	1	0.13258	15.0852	5.94792	0.0101799	19.9633	0.201826	8038	99	690	-35323.6	70.7158f	34.1429	4	1	1	0.049505	0.178218	0.019802	9.90099e-09	0	0	0	0	0.836364	0.962406	0.27044	0.583333	0.879093	9.90099e-09	0.108911	9.90099e-09	1	0.0955975	0.210145	0.666667	0.666667	0.666667	0.666667	1	56815.1	1e+20	25251.2	33.6302	96.9908	45.6794	62.4722	70.7158	34.1429	
148000	-147032	-1255.03	-100237	-19675.4	0.225461	1	0.12706	15.7406	5.71766	0.00412544	19.9633	0.219076	7862	99	630	-35323.6	36.833f	39.4869	4	1	1	0.049505	0.178218	0.019802	9.90099e-09	0	0	0	0	0.809091	0.961104	0.238579	0.56391	0.916137	9.90099e-09	0.108911	9.90099e-09	1	0.104061	0.193939	0.666667	0.666667	0.666667	0.666667	1	56815.1	1e+20	25251.2	46.7632	87.0095	45.6794	62.4722	36.833	39.4869	
149000	-147239	-1255.03	-100444	-19696.2	0.225461	1	0.119053	16.7992	5.35138	0.00364761	19.9577	0.249812	7876	99	639	-35323.6	56.2756f	64.1724	4	1	1	0.049505	0.178218	0.019802	9.90099e-09	0	0	0	0	0.890909	0.961977	0.259873	0.457364	0.911504	9.90099e-09	0.138614	9.90099e-09	1	0.0964467	0.209953	0.666667	0.666667	0.666667	0.666667	1	56815.1	1e+20	25251.2	19.9143	65.2444	45.6794	62.4722	56.2756	64.1724	
150000	-150315	-1255.03	-103520	-20090.5	0.230274	1	0.131945	15.1579	6.05746	0.00574512	19.9577	0.19913	8142	99	658	-35323.6	51.1325f	69.8301	4	1	1	0.049505	0.178218	0.019802	9.90099e-09	0	0	0	0	0.836364	0.966543	0.255901	0.563492	0.902985	9.90099e-09	0.138614	9.90099e-09	1	0.123926	0.20418	0.666667	0.666667	0.666667	0.666667	1	56815.1	1e+20	25251.2	15.1998	73.3665	40.5097	64.7195	51.1325	69.8301	
151000	-149274	-1255.03	-102479	-19962.8	0.223111	1	0.131945	15.1579	5.86905	0.0146828	19.9577	0.205523	8054	99	649	-35323.6	81.3527f	53.458	4	1	1	0.049505	0.178218	0.009901	9.90099e-09	0	0	0	0	0.890909	0.968828	0.2866	0.529412	0.906948	9.90099e-09	0.138614	9.90099e-09	1	0.0955335	0.159574	0.666667	0.666667	0.666667	0.666667	1	56815.1	1e+20	25251.2	15.1998	73.3665	56.2735	65.027	81.3527	53.458	
152000	-152243	-1255.03	-105448	-20175.4	0.23224	1	0.13927	14.3606	6.44835	0.0105924	19.9577	0.177221	8200	99	773	-35323.6	51.6328f	77.1282	4	1	1	0.0594059	0.178218	0.009901	9.90099e-09	0	0	0	0	0.881818	0.965854	0.261294	0.506667	0.893773	9.90099e-09	0.138614	9.90099e-09	1	0.116931	0.199478	0.666667	0.666667	0.666667	0.666667	1	56815.1	1e+20	25251.2	15.1998	73.3665	74.6455	68.4653	51.6328	77.1282	
153000	-150805	-1255.03	-104009	-20076.1	0.23224	1	0.135667	14.742	6.28155	0.00758508	19.9577	0.186758	8132	99	715	-35323.6	67.2141f	64.5833	4	1	1	0.0594059	0.168317	0.009901	9.90099e-09	0	0	0	0	0.790909	0.965644	0.257869	0.454545	0.911515	9.90099e-09	0.138614	9.90099e-09	1	0.114251	0.218794	0.666667	0.666667	0.666667	0.666667	1	56815.1	1e+20	25251.2	15.1998	73.3665	50.9295	74.6503	67.2141	64.5833	
154000	-154922	-1255.03	-108127	-20542.4	0.243592	1	0.142588	14.0265	6.72001	0.0233421	19.8086	0.1661	8453	99	768	-35323.6	34.3228f	87.5715	4	1	1	0.0594059	0.168317	0.009901	9.90099e-09	0	0	0	0	0.845455	0.947494	0.24763	0.509554	0.895933	9.90099e-09	0.138614	9.90099e-09	1	0.118138	0.201005	0.666667	0.666667	0.666667	0.666667	1	56815.1	1e+20	25251.2	15.1998	73.3665	50.9295	74.6503	34.3228	87.5715	
155000	-156905	-1255.03	-110110	-20726.3	0.240794	1	0.155293	12.8789	7.24672	0.0379844	19.8168	0.141425	8583	99	822	-35323.6	75.4788f	94.8205	4	1	1	0.0594059	0.168317	0.009901	9.90099e-09	0	0	0	0	0.836364	0.955659	0.237543	0.5	0.892361	9.90099e-09	0.138614	9.90099e-09	1	0.119351	0.203907	0.666667	0.666667	0.666667	0.666667	1	56815.1	1e+20	25251.2	20.5121	76.2579	50.9295	74.6503	75.4788	94.8205	
156000	-158577	-1255.03	-111782	-20989.7	0.240794	1	0.158588	12.6113	6.89836	0.0220632	19.4718	0.14548	8768	99	803	-35323.6	35.6687f	86.882	4	1	1	0.0594059	0.168317	0.009901	9.90099e-09	0	0	0	0	0.818182	0.954233	0.242009	0.547619	0.885845	9.90099e-09	0.138614	9.90099e-09	1	0.10984	0.197747	0.666667	0.666667	0.666667	0.666667	1	56815.1	1e+20	25251.2	20.5121	76.2579	50.9295	74.6503	35.6687	86.882	
157000	-157112	-1255.03	-110317	-20881.4	0.243468	1	0.142967	13.9893	6.81814	0.0194037	19.8699	0.163275	8693	99	736	-35323.6	41.5887f	86.0784	4	1	1	0.0594059	0.168317	0.049505	9.90099e-09	0	0	0	0	0.881818	0.963387	0.26062	0.42	0.894676	9.90099e-09	0.148515	9.90099e-09	1	0.0846682	0.19837	0.666667	0.666667	0.666667	0.666667	1	56815.1	1e+20	25251.2	20.5121	76.2579	50.9295	74.6503	41.5887	86.0784	
158000	-159417	-1255.03	-112622	-21240.7	0.250632	1	0.130682	15.3043	6.41565	0.00914272	19.8699	0.18983	8952	99	699	-35323.6	24.4919f	48.9358	4	1	1	0.0891089	0.168317	0.049505	9.90099e-09	0	0	0	0	0.845455	0.965129	0.243575	0.503497	0.911336	9.90099e-09	0.148515	9.90099e-09	1	0.109375	0.180398	0.666667	0.666667	0.666667	0.666667	1	56815.1	1e+20	25251.2	20.5121	76.2579	50.9295	74.6503	24.4919	48.9358	
159000	-160338	-1255.03	-113543	-21330.8	0.257267	1	0.120276	16.6284	6.06112	0.0118749	19.8699	0.218317	9018	99	712	-35323.6	48.8865f	78.8245	4	1	1	0.0891089	0.128713	0.049505	9.90099e-09	0	0	0	0	0.845455	0.967885	0.258564	0.576389	0.910596	9.90099e-09	0.148515	9.90099e-09	1	0.0814978	0.182635	0.666667	0.666667	0.666667	0.666667	1	56815.1	1e+20	25251.2	20.5121	76.2579	50.9295	74.6503	48.8865	78.8245	
160000	-163187	-1255.03	-116392	-21590.1	0.257267	1	0.138085	14.4839	6.95855	0.0365831	19.8699	0.165636	9209	99	792	-35323.6	13.1728f	85.4175	4	1	1	0.0891089	0.128713	0.049505	9.90099e-09	0	0	0	0	0.872727	0.959739	0.266234	0.565789	0.906048	9.90099e-09	0.148515	9.90099e-09	1	0.117965	0.212121	0.666667	0.666667	0.666667	0.666667	1	56815.1	1e+20	25251.2	20.5121	76.2579	33.4647	84.2397	13.1728	85.4175	
161000	-162985	-1255.03	-116190	-21542.6	0.257267	1	0.138085	14.4839	6.95855	0.0032626	19.8699	0.165636	9174	99	807	-35323.6	64.1615f	48.8761	4	1	1	0.0891089	0.128713	0.049505	9.90099e-09	0	0	0	0	0.881818	0.959563	0.237991	0.515528	0.902838	9.90099e-09	0.148515	9.90099e-09	1	0.114379	0.185554	0.666667	0.666667	0.666667	0.666667	1	56815.1	1e+20	25251.2	20.5121	76.2579	60.2298	73.5916	64.1615	48.8761	
162000	-162930	-1255.03	-116135	-21635	0.261477	1	0.12926	15.4727	6.62043	0.0238016	19.8699	0.185981	9243	99	729	-35323.6	71.8528f	84.3321	4	1	1	0.0891089	0.128713	0.049505	9.90099e-09	0	0	0	0	0.781818	0.966559	0.25296	0.552632	0.914595	9.90099e-09	0.148515	9.90099e-09	1	0.101622	0.21975	0.666667	0.666667	0.666667	0.666667	1	56815.1	1e+20	25251.2	20.5121	76.2579	60.2298	73.5916	71.8528	84.3321	
163000	-164877	-1255.03	-118082	-21850.9	0.261477	1	0.126065	15.8649	6.45676	0.0186432	19.8699	0.19553	9404	99	754	-35323.6	76.7118f	73.8974	4	1	1	0.0891089	0.128713	9.90099e-09	9.90099e-09	0	0	0	0	0.854545	0.958511	0.265675	0.479452	0.903088	9.90099e-09	0.0594059	9.90099e-09	1	0.098831	0.209549	0.666667	0.666667	0.666667	0.666667	1	56815.1	1e+20	25251.2	20.5121	76.2579	60.2298	73.5916	76.7118	73.8974	
164000	-165282	-1255.03	-118487	-21914.4	0.272508	1	0.125638	15.9187	6.70641	0.00124703	19.8699	0.18889	9452	99	747	-35323.6	56.2919f	44.9441	4	1	1	0.0891089	0.168317	9.90099e-09	9.90099e-09	0	0	0	0	0.763636	0.96308	0.257656	0.569536	0.913319	9.90099e-09	0.0594059	9.90099e-09	1	0.101587	0.189262	0.666667	0.666667	0.666667	0.666667	1	56815.1	1e+20	25251.2	20.5121	76.2579	53.1397	65.6897	56.2919	44.9441	
165000	-165714	-1255.03	-118919	-21916.3	0.27134	1	0.133935	14.9326	7.11862	0.0020974	19.8699	0.166929	9454	99	783	-35323.6	60.5705f	46.7922	4	1	1	0.039604	0.168317	9.90099e-09	9.90099e-09	0	0	0	0	0.790909	0.953782	0.282999	0.52439	0.90411	9.90099e-09	0.0594059	9.90099e-09	1	0.0940803	0.164619	0.666667	0.666667	0.666667	0.666667	1	56815.1	1e+20	25251.2	20.5121	76.2579	53.1397	65.6897	60.5705	46.7922	
166000	-165912	-1255.03	-119117	-22079.4	0.27134	1	0.127905	15.6366	6.79812	0.0268573	19.8699	0.18304	9579	99	679	-35323.6	84.8566f	75.3623	4	1	1	0.039604	0.168317	9.90099e-09	9.90099e-09	0	0	0	0	0.872727	0.967539	0.253918	0.481752	0.919624	9.90099e-09	0.0594059	9.90099e-09	1	0.128527	0.182442	0.666667	0.666667	0.666667	0.666667	1	56815.1	1e+20	25251.2	20.5121	76.2579	53.1397	65.6897	84.8566	75.3623	
167000	-168391	-1255.03	-121596	-22367.8	0.277044	1	0.124612	16.0499	6.76231	0.00597914	19.8699	0.188872	9802	99	697	-35323.6	59.4072f	67.7412	4	1	1	0.039604	0.168317	9.90099e-09	9.90099e-09	0	0	0	0	0.854545	0.973415	0.24846	0.479167	0.906379	9.90099e-09	0.0594059	9.90099e-09	1	0.0927625	0.196629	0.666667	0.666667	0.666667	0.666667	1	56815.1	1e+20	25251.2	20.5121	76.2579	53.1397	65.6897	59.4072	67.7412	
168000	-169468	-1255.03	-122673	-22396.1	0.279114	1	0.133231	15.0115	7.28411	0.0214731	19.8699	0.163998	9824	99	766	-35323.6	87.9583f	55.349	4	1	1	0.039604	0.168317	9.90099e-09	9.90099e-09	0	0	0	0	0.9	0.954175	0.255165	0.535948	0.911495	9.90099e-09	0.0594059	9.90099e-09	1	0.0992761	0.184073	0.666667	0.666667	0.666667	0.666667	1	56815.1	1e+20	25251.2	52.9467	90.8798	53.1397	65.6897	87.9583	55.349	
169000	-170156	-1255.03	-123361	-22372.9	0.28196	1	0.137222	14.5749	7.57877	0.0106549	19.8699	0.153038	9805	99	851	-35323.6	46.1629f	77.0749	4	1	1	0.039604	0.168317	9.90099e-09	9.90099e-09	0	0	0	0	0.790909	0.965271	0.262997	0.464286	0.877698	9.90099e-09	0.0693069	9.90099e-09	1	0.110092	0.202381	0.666667	0.666667	0.666667	0.666667	1	56815.1	1e+20	25251.2	52.9467	90.8798	53.1397	65.6897	46.1629	77.0749	
170000	-169720	-1255.03	-122925	-22373	0.277274	1	0.130306	15.3484	7.07722	0.02764	19.8699	0.17258	9806	99	808	-35323.6	29.1374f	89.1247	4	1	1	0.039604	0.158416	9.90099e-09	9.90099e-09	0	0	0	0	0.8	0.964575	0.282961	0.570513	0.899798	9.90099e-09	0.0693069	9.90099e-09	1	0.0961538	0.191099	0.666667	0.666667	0.666667	0.666667	1	56815.1	1e+20	25251.2	52.9467	90.8798	53.1397	65.6897	29.1374	89.1247	
171000	-168875	-1255.03	-122080	-22340.9	0.277274	1	0.118246	16.9139	6.4222	0.00665317	19.8699	0.20958	9781	99	754	-35323.6	68.5234f	40.4075	4	1	1	0.049505	0.158416	9.90099e-09	9.90099e-09	0	0	0	0	0.918182	0.97449	0.25462	0.556962	0.88592	9.90099e-09	0.0693069	9.90099e-09	1	0.0918367	0.170351	0.666667	0.666667	0.666667	0.666667	1	56815.1	1e+20	25251.2	52.9467	90.8798	53.1397	65.6897	68.5234	40.4075	
172000	-169411	-1255.03	-122616	-22374.2	0.277274	1	0.121232	16.4973	6.58439	0.0211545	19.8699	0.199382	9807	99	778	-35323.6	60.2628f	87.0781	4	1	1	0.049505	0.158416	9.90099e-09	9.90099e-09	0	0	0	0	0.8	0.97355	0.273374	0.542484	0.918117	0.009901	0.0693069	9.90099e-09	1	0.0937819	0.208226	0.666667	0.666667	0.666667	0.666667	1	56815.1	1e+20	25251.2	52.9467	90.8798	53.1397	65.6897	60.2628	87.0781	
173000	-169346	-1255.03	-122551	-22375.5	0.277274	1	0.122895	16.274	6.8276	0.0182144	19.9827	0.189678	9808	99	769	-35323.6	19.7634f	30.5753	4	1	1	0.049505	0.158416	9.90099e-09	9.90099e-09	0	0	0	0	0.918182	0.960204	0.271429	0.522293	0.898167	0.009901	0.0693069	9.90099e-09	1	0.114286	0.198444	0.666667	0.666667	0.666667	0.666667	1	56815.1	1e+20	25251.2	52.9467	90.8798	50.8103	79.0885	19.7634	30.5753	
174000	-169471	-1255.03	-122676	-22414	0.277274	1	0.126629	15.7942	7.035	0.0202186	19.9827	0.178659	9838	99	760	-35323.6	30.9124f	82.7718	4	1	1	0.049505	0.158416	9.90099e-09	9.90099e-09	0	0	0	0	0.818182	0.971458	0.264286	0.584906	0.911021	0.009901	0.0693069	9.90099e-09	1	0.0848671	0.212548	0.666667	0.666667	0.666667	0.666667	1	56815.1	1e+20	25251.2	52.9467	90.8798	50.8103	79.0885	30.9124	82.7718	
175000	-171872	-1255.03	-125077	-22589.7	0.277274	1	0.121981	16.396	6.77679	0.0338846	19.9827	0.192533	9975	99	832	-35323.6	42.7968f	98.4357	4	1	1	0.049505	0.158416	0.009901	9.90099e-09	0	0	0	0	0.827273	0.968127	0.251241	0.537975	0.907	0.009901	0.128713	9.90099e-09	1	0.101898	0.206731	0.666667	0.666667	0.666667	0.666667	1	56815.1	1e+20	25251.2	76.2586	60.8082	50.8103	79.0885	42.7968	98.4357	
176000	-171074	-1255.03	-124279	-22594.9	0.277274	1	0.123547	16.1881	6.86381	0.0275672	19.9827	0.187682	9979	99	765	-35323.6	45.3654f	93.8929	4	1	1	0.049505	0.158416	0.009901	9.90099e-09	0	0	0	0	0.809091	0.968876	0.264264	0.480769	0.929719	0.009901	0.128713	9.90099e-09	1	0.105105	0.19509	0.666667	0.666667	0.666667	0.666667	1	56815.1	1e+20	25251.2	95.7832	30.1362	47.4123	85.899	45.3654	93.8929	
177000	-170786	-1255.03	-123991	-22517.3	0.279277	1	0.127131	15.7318	7.11396	0.0383133	19.9827	0.175977	9919	99	799	-35323.6	30.7374f	98.4794	4	1	1	0.049505	0.158416	0.009901	9.90099e-09	0	0	0	0	0.9	0.971516	0.224242	0.506494	0.912513	0.009901	0.128713	9.90099e-09	1	0.0979798	0.198187	0.666667	0.666667	0.666667	0.666667	1	56815.1	1e+20	25251.2	95.7832	30.1362	47.4123	85.899	30.7374	98.4794	
178000	-170919	-1255.03	-124124	-22530	0.279277	1	0.142678	14.0176	7.98389	0.013079	19.9827	0.139717	9929	99	796	-35323.6	30.5182f	73.4967	4	1	1	0.009901	0.158416	0.009901	9.90099e-09	0	0	0	0	0.818182	0.962739	0.275654	0.5	0.891239	0.009901	0.128713	9.90099e-09	1	0.123867	0.179648	0.666667	0.666667	0.666667	0.666667	1	56815.1	1e+20	25251.2	91.4272	35.9344	42.1981	84.0198	30.5182	73.4967	
179000	-171513	-1255.03	-124718	-22555.2	0.282427	1	0.133277	15.0063	7.39115	0.0112864	19.882	0.161567	9949	99	830	-35323.6	46.9954f	77.9802	4	1	1	0.009901	0.158416	0.009901	9.90099e-09	0	0	0	0	0.809091	0.959799	0.263847	0.60119	0.895372	0.009901	0.128713	9.90099e-09	1	0.0966767	0.186603	0.666667	0.666667	0.666667	0.666667	1	56815.1	1e+20	25251.2	85.2793	26.3926	42.1981	84.0198	46.9954	77.9802	
180000	-169146	-1255.03	-122351	-22369.1	0.278022	1	0.132539	15.0898	7.23561	0.00354321	19.882	0.165959	9803	99	767	-35323.6	45.4966f	64.9057	4	1	1	0.009901	0.158416	0.009901	9.90099e-09	0	0	0	0	0.872727	0.958418	0.26087	0.484277	0.907988	0.009901	0.128713	9.90099e-09	1	0.0970677	0.18024	0.666667	0.666667	0.666667	0.666667	1	56815.1	1e+20	25251.2	85.2793	26.3926	60.277	98.9483	45.4966	64.9057	
181000	-170061	-1255.03	-123266	-22515.9	0.279557	1	0.124124	16.1129	6.43003	0.0203303	19.5961	0.199412	9918	99	737	-35323.6	52.5763f	87.711	4	1	1	0.009901	0.158416	0.019802	9.90099e-09	0	0	0	0	0.809091	0.964753	0.252016	0.48	0.90481	0.009901	0.118812	9.90099e-09	1	0.0836694	0.188347	0.666667	0.666667	0.666667	0.666667	1	56815.1	1e+20	25251.2	85.2793	26.3926	60.277	98.9483	52.5763	87.711	
182000	-171409	-1255.03	-124614	-22585.2	0.28623	1	0.129783	15.4104	7.29134	0.0142596	19.88	0.168189	9972	99	797	-35323.6	61.2206f	79.3952	4	1	1	0.009901	0.158416	0.019802	9.90099e-09	0	0	0	0	0.854545	0.955868	0.267337	0.552147	0.897898	0.009901	0.118812	9.90099e-09	1	0.107538	0.205562	0.666667	0.666667	0.666667	0.666667	1	56815.1	1e+20	25251.2	85.2793	26.3926	60.277	98.9483	61.2206	79.3952	
183000	-172765	-1255.03	-125970	-22725.3	0.285143	1	0.121219	16.4991	6.78435	0.0292206	19.88	0.193527	10084	99	814	-35323.6	53.3027f	95.2487	4	1	1	0.009901	0.188119	0.019802	9.90099e-09	0	0	0	0	0.872727	0.962376	0.257711	0.496894	0.909812	0.009901	0.118812	9.90099e-09	1	0.0941526	0.207229	0.666667	0.666667	0.666667	0.666667	1	56815.1	1e+20	25251.2	85.2793	26.3926	60.277	98.9483	53.3027	95.2487	
184000	-174848	-1255.03	-128053	-23007.6	0.293815	1	0.124939	16.0079	7.2052	0.00965804	19.88	0.176798	10311	99	793	-35323.6	67.5786f	68.6355	4	1	1	0.049505	0.188119	0.019802	9.90099e-09	0	0	0	0	0.827273	0.971817	0.247082	0.566038	0.894839	0.009901	0.118812	9.90099e-09	1	0.0981535	0.16624	0.666667	0.666667	0.666667	0.666667	1	56815.1	1e+20	25251.2	85.2793	26.3926	61.8058	80.5062	67.5786	68.6355	
185000	-175237	-1255.03	-128442	-23056.6	0.293815	1	0.122842	16.2811	7.2463	0.0248639	19.9927	0.178796	10351	99	786	-35323.6	48.7959f	91.8577	4	1	1	0.049505	0.188119	0.019802	9.90099e-09	0	0	0	0	0.872727	0.969082	0.268786	0.49359	0.907336	9.90099e-09	0.118812	9.90099e-09	1	0.116795	0.190352	0.666667	0.666667	0.666667	0.666667	1	56815.1	1e+20	25251.2	85.2793	26.3926	61.8058	80.5062	48.7959	91.8577	
186000	-175576	-1255.03	-128781	-23032.1	0.293815	1	0.148496	13.4684	8.19627	0.0143671	19.6632	0.130764	10331	99	839	-35323.6	80.0151f	58.6244	4	1	1	0.049505	0.188119	0.019802	9.90099e-09	0	0	0	0	0.845455	0.971954	0.23062	0.553571	0.911822	9.90099e-09	0.118812	9.90099e-09	1	0.130814	0.192875	0.666667	0.666667	0.666667	0.666667	1	56815.1	1e+20	25251.2	85.2793	26.3926	76.5427	52.8231	80.0151	58.6244	
187000	-177149	-1255.03	-130354	-23146	0.293815	1	0.149246	13.4007	7.62431	0.00881783	19.2865	0.139868	10424	99	897	-35323.6	73.9966f	46.9476	4	1	1	0.049505	0.188119	0.0594059	9.90099e-09	0	0	0	0	0.781818	0.962751	0.237044	0.425414	0.904084	9.90099e-09	0.0693069	9.90099e-09	1	0.111218	0.159292	0.666667	0.666667	0.666667	0.666667	1	56815.1	1e+20	25251.2	85.2793	26.3926	76.5427	52.8231	73.9966	46.9476	
188000	-176587	-1255.03	-129792	-23089.8	0.292392	1	0.148575	13.4612	7.72964	0.0163299	19.3981	0.138585	10378	99	895	-35323.6	32.8124f	79.4207	4	1	1	0.049505	0.188119	0.0594059	9.90099e-09	0	0	0	0	0.818182	0.956731	0.243009	0.508197	0.904624	9.90099e-09	0.0693069	9.90099e-09	1	0.108863	0.186681	0.666667	0.666667	0.666667	0.666667	1	56815.1	1e+20	25251.2	85.2793	26.3926	80.448	55.0106	32.8124	79.4207	
189000	-174502	-1255.03	-127707	-22907.8	0.292392	1	0.147105	13.5957	7.24024	0.0207102	19.131	0.149431	10230	99	846	-35323.6	81.6148f	29.6468	4	1	1	0.049505	0.148515	0.0594059	9.90099e-09	0	0	0	0	0.872727	0.969727	0.243164	0.494118	0.900488	9.90099e-09	0.0693069	9.90099e-09	1	0.104492	0.166061	0.666667	0.666667	0.666667	0.666667	1	56815.1	1e+20	25251.2	85.2793	26.3926	80.448	55.0106	81.6148	29.6468	
190000	-173395	-1255.03	-126600	-22789.1	0.287108	1	0.147311	13.5767	7.11935	0.0032927	19.131	0.151756	10135	99	834	-35323.6	53.3498f	64.3719	4	1	1	0.039604	0.148515	0.0594059	9.90099e-09	0	0	0	0	0.836364	0.959486	0.250246	0.441176	0.897839	9.90099e-09	0.0693069	9.90099e-09	1	0.103755	0.192308	0.666667	0.666667	0.666667	0.666667	1	56815.1	1e+20	25251.2	85.2793	26.3926	80.448	55.0106	53.3498	64.3719	
191000	-172099	-1255.03	-125304	-22596.9	0.282234	1	0.153125	13.0612	7.45122	0.0170364	19.246	0.139491	9982	99	864	-35323.6	83.9225f	52.8413	4	1	1	0.039604	0.148515	0.0594059	9.90099e-09	0	0	0	0	0.854545	0.964	0.241483	0.431034	0.896	9.90099e-09	0.0693069	9.90099e-09	1	0.096	0.235632	0.666667	0.666667	0.666667	0.666667	1	56815.1	1e+20	25251.2	85.2793	26.3926	84.276	60.5924	83.9225	52.8413	
192000	-176239	-1255.03	-129444	-23120.3	0.293188	1	0.148799	13.4409	7.39704	0.000955155	19.1657	0.144597	10403	99	837	-35323.6	53.8856f	55.8862	4	1	1	0.039604	0.148515	0.0594059	9.90099e-09	0	0	0	0	0.809091	0.964423	0.253128	0.52439	0.903939	9.90099e-09	0.0693069	9.90099e-09	1	0.0952839	0.191159	0.666667	0.666667	0.666667	0.666667	1	56815.1	1e+20	25251.2	85.2793	26.3926	84.276	60.5924	53.8856	55.8862	
193000	-177236	-1255.03	-130441	-23155.9	0.293188	1	0.141156	14.1688	8.2374	0.0196072	19.9496	0.136877	10432	99	897	-35323.6	84.6046f	62.0407	4	1	1	0.039604	0.148515	0.0594059	9.90099e-09	0	0	0	0	0.872727	0.967433	0.26361	0.521739	0.89751	9.90099e-09	0.0693069	9.90099e-09	1	0.109405	0.195865	0.666667	0.666667	0.666667	0.666667	1	56815.1	1e+20	25251.2	85.2793	26.3926	84.276	60.5924	84.6046	62.0407	
194000	-177908	-1255.03	-131113	-23205.6	0.29732	1	0.141156	14.1688	8.35351	0.00158918	19.9496	0.134975	10473	99	913	-35323.6	59.2068f	48.2772	4	1	1	0.039604	0.148515	0.049505	9.90099e-09	0	0	0	0	0.827273	0.970476	0.26361	0.464706	0.895992	9.90099e-09	0.049505	9.90099e-09	1	0.108779	0.210296	0.666667	0.666667	0.666667	0.666667	1	56815.1	1e+20	25251.2	85.2793	26.3926	84.276	60.5924	59.2068	48.2772	
195000	-177347	-1255.03	-130552	-23168	0.29732	1	0.143752	13.9128	8.50717	0.015662	19.9496	0.130143	10442	99	891	-35323.6	82.5877f	49.7902	4	1	1	0.039604	0.148515	0.049505	9.90099e-09	0	0	0	0	0.845455	0.957814	0.260038	0.538043	0.885797	9.90099e-09	0.049505	9.90099e-09	1	0.104506	0.225108	0.666667	0.666667	0.666667	0.666667	1	56815.1	1e+20	25251.2	76.9292	15.8986	84.276	60.5924	82.5877	49.7902	
196000	-178420	-1255.03	-131625	-23394.8	0.29732	1	0.12185	16.4136	7.21102	0.0176416	19.9496	0.181133	10629	99	815	-35323.6	82.101f	63.2531	4	1	1	0.0792079	0.0990099	0.049505	9.90099e-09	0	0	0	0	0.9	0.968075	0.277413	0.590361	0.912429	9.90099e-09	0.049505	9.90099e-09	1	0.086385	0.207022	0.666667	0.666667	0.666667	0.666667	1	56815.1	1e+20	25251.2	76.9292	15.8986	84.276	60.5924	82.101	63.2531	
197000	-176441	-1255.03	-129646	-23237.1	0.29732	1	0.12439	16.0785	7.36133	0.00315857	19.9496	0.173811	10499	99	756	-35323.6	46.7504f	64.2637	4	1	1	0.0792079	0.0990099	0.049505	9.90099e-09	0	0	0	0	0.918182	0.973359	0.280952	0.530201	0.898192	9.90099e-09	0.049505	9.90099e-09	1	0.0922931	0.210526	0.666667	0.666667	0.666667	0.666667	1	56815.1	1e+20	25251.2	76.9292	15.8986	55.7992	49.2595	46.7504	64.2637	
198000	-178537	-1255.03	-131742	-23497.9	0.29732	1	0.11414	17.5224	6.75472	0.00719437	19.9496	0.206432	10714	99	745	-35323.6	65.1583f	34.3539	4	1	1	0.0792079	0.0990099	0.049505	9.90099e-09	0	0	0	0	0.9	0.969359	0.244175	0.477419	0.921053	9.90099e-09	0.049505	9.90099e-09	1	0.0923507	0.195448	0.666667	0.666667	0.666667	0.666667	1	56815.1	1e+20	25251.2	76.9292	15.8986	55.7992	49.2595	65.1583	34.3539	
199000	-176259	-1255.03	-129464	-23213.1	0.294497	1	0.11165	17.9131	6.54466	0.0227015	19.9496	0.217808	10479	99	754	-35323.6	88.9494f	44.0756	4	1	1	0.0792079	0.0990099	0.049505	9.90099e-09	0	0	0	0	0.872727	0.964661	0.256679	0.435065	0.920877	9.90099e-09	0.049505	9.90099e-09	1	0.0887405	0.182911	0.666667	0.666667	0.666667	0.666667	1	56815.1	1e+20	25251.2	76.9292	15.8986	55.7992	49.2595	88.9494	44.0756	
200000	-176809	-1255.03	-130014	-23260.3	0.296501	1	0.116979	17.097	6.9037	0.00693684	19.9496	0.197074	10518	99	768	-35323.6	39.0431f	31.0755	4	1	1	0.0792079	0.0990099	9.90099e-09	9.90099e-09	0	0	0	0	0.881818	0.967681	0.25785	0.565789	0.903042	9.90099e-09	0.0990099	9.90099e-09	1	0.0922053	0.21224	0.666667	0.666667	0.666667	0.666667	1	56815.1	1e+20	25251.2	76.9292	15.8986	44.2481	43.737	39.0431	31.0755	
201000	-176505	-1255.03	-129710	-23209.2	0.296501	1	0.130779	15.293	7.7181	0.0356919	19.9496	0.157678	10476	99	783	-35323.6	65.6156f	2.72862	4	1	1	0.0792079	0.0990099	9.90099e-09	9.90099e-09	0	0	0	0	0.854545	0.959087	0.267686	0.545455	0.921028	9.90099e-09	0.0990099	9.90099e-09	1	0.101145	0.183024	0.666667	0.666667	0.666667	0.666667	1	56815.1	1e+20	25251.2	76.9292	15.8986	44.2481	43.737	65.6156	2.72862	
202000	-175387	-1255.03	-128592	-23110.7	0.296501	1	0.122268	16.3575	7.06782	0.00424858	19.8465	0.184171	10395	99	762	-35323.6	41.8064f	35.171	4	1	1	0.0792079	0.227723	9.90099e-09	9.90099e-09	0	0	0	0	0.818182	0.965418	0.227885	0.525	0.916346	9.90099e-09	0.0990099	9.90099e-09	1	0.0961538	0.185333	0.666667	0.666667	0.666667	0.666667	1	56815.1	1e+20	25251.2	45.3927	27.1499	44.2481	43.737	41.8064	35.171	
203000	-175646	-1255.03	-128851	-23152.3	0.297657	1	0.11917	16.7828	6.91558	0.0159162	19.8465	0.19312	10429	99	754	-35323.6	80.4608f	62.5537	4	1	1	0.029703	0.227723	9.90099e-09	9.90099e-09	0	0	0	0	0.836364	0.967526	0.234568	0.556291	0.905804	9.90099e-09	0.0990099	9.90099e-09	1	0.102589	0.190094	0.666667	0.666667	0.666667	0.666667	1	56815.1	1e+20	25251.2	65.8512	59.265	44.2481	43.737	80.4608	62.5537	
204000	-174563	-1255.03	-127768	-23110.5	0.293325	1	0.117007	17.093	6.69126	0.0275824	19.8465	0.203282	10395	99	693	-35323.6	6.3548f	58.25	4	1	1	0.029703	0.227723	9.90099e-09	9.90099e-09	0	0	0	0	0.827273	0.972275	0.251681	0.553191	0.922562	9.90099e-09	0.0990099	9.90099e-09	1	0.0889101	0.176046	0.666667	0.666667	0.666667	0.666667	1	56815.1	1e+20	25251.2	65.8512	59.265	39.6288	15.5204	6.3548	58.25	
205000	-174928	-1255.03	-128133	-23119.1	0.295789	1	0.120093	16.6537	7.08352	0.00492611	19.9588	0.187091	10402	99	714	-35323.6	44.8405f	67.746	4	1	1	0.029703	0.227723	9.90099e-09	9.90099e-09	0	0	0	0	0.790909	0.969231	0.249038	0.513333	0.913462	9.90099e-09	0.0990099	9.90099e-09	1	0.0835735	0.194678	0.666667	0.666667	0.666667	0.666667	1	56815.1	1e+20	25251.2	65.8512	59.265	39.6288	15.5204	44.8405	67.746	
206000	-176341	-1255.03	-129546	-23155.7	0.296547	1	0.117878	16.9667	6.97069	0.0201856	19.9588	0.193692	10432	99	812	-35323.6	25.1803f	21.5829	4	1	1	0.029703	0.227723	9.90099e-09	9.90099e-09	0	0	0	0	0.827273	0.972328	0.25	0.512048	0.919202	9.90099e-09	0.0990099	9.90099e-09	1	0.113985	0.19335	0.666667	0.666667	0.666667	0.666667	1	56815.1	1e+20	25251.2	80.9564	51.842	39.6288	15.5204	25.1803	21.5829	
207000	-178062	-1255.03	-131267	-23350.2	0.296547	1	0.119855	16.6869	7.08758	0.0531313	19.9588	0.187356	10592	99	807	-35323.6	5.38242f	7.88489	4	1	1	0.029703	0.0891089	0.019802	9.90099e-09	0	0	0	0	0.827273	0.965127	0.27427	0.553571	0.915014	0.009901	0.0990099	9.90099e-09	1	0.110273	0.213135	0.666667	0.666667	0.666667	0.666667	1	56815.1	1e+20	25251.2	80.9564	51.842	39.6288	15.5204	5.38242	7.88489	
208000	-176964	-1255.03	-130169	-23305.6	0.30213	1	0.119855	16.6869	7.221	0.00810441	19.9588	0.183894	10555	99	751	-35323.6	55.6758f	27.3524	4	1	1	0.029703	0.0891089	0.019802	9.90099e-09	0	0	0	0	0.872727	0.956274	0.253081	0.54375	0.915651	0.009901	0.0990099	9.90099e-09	1	0.0899621	0.213049	0.666667	0.666667	0.666667	0.666667	1	56815.1	1e+20	25251.2	80.9564	51.842	39.6288	15.5204	55.6758	27.3524	
209000	-175528	-1255.03	-128733	-23153.5	0.297385	1	0.110282	18.1353	6.53992	0.00786235	19.9588	0.22067	10430	99	737	-35323.6	33.7464f	33.13	4	1	1	0.0693069	0.0891089	0.019802	9.90099e-09	0	0	0	0	0.872727	0.973231	0.267241	0.577922	0.93001	0.009901	0.0990099	9.90099e-09	1	0.0996169	0.20439	0.666667	0.666667	0.666667	0.666667	1	56815.1	1e+20	25251.2	80.9564	51.842	39.6288	15.5204	33.7464	33.13	
210000	-172268	-1255.03	-125473	-22861.4	0.28938	1	0.112879	17.7181	6.51374	0.00917604	19.9588	0.216459	10193	99	668	-35323.6	42.9488f	25.8798	4	1	1	0.0693069	0.0891089	0.019802	9.90099e-09	0	0	0	0	0.827273	0.972603	0.255566	0.565217	0.916261	0.009901	0.0990099	9.90099e-09	1	0.113924	0.19562	0.666667	0.666667	0.666667	0.666667	1	56815.1	1e+20	25251.2	80.9564	51.842	27.9184	7.99503	42.9488	25.8798	
211000	-171850	-1255.03	-125055	-22683.8	0.288828	1	0.118611	16.8618	6.44584	0.0319666	19.671	0.208168	10050	99	766	-35323.6	16.2061f	16.5307	4	1	1	0.0693069	0.0891089	0.019802	9.90099e-09	0	0	0	0	0.827273	0.965278	0.287698	0.547297	0.911706	0.009901	0.0990099	9.90099e-09	1	0.11332	0.207037	0.666667	0.666667	0.666667	0.666667	1	56815.1	1e+20	25251.2	80.9564	51.842	13.7809	36.069	16.2061	16.5307	
212000	-173373	-1255.03	-126578	-22827.8	0.288828	1	0.11876	16.8407	6.45393	0.0469192	19.671	0.207647	10166	99	797	-35323.6	2.22594f	17.6162	4	1	1	0.0693069	0.0891089	0.019802	9.90099e-09	0	0	0	0	0.763636	0.963547	0.266272	0.52	0.920432	0.009901	0.0891089	9.90099e-09	1	0.0976331	0.223958	0.666667	0.666667	0.666667	0.666667	1	56815.1	1e+20	25251.2	80.9564	51.842	12.8151	51.6296	2.22594	17.6162	
213000	-173995	-1255.03	-127200	-22958.2	0.288828	1	0.116426	17.1784	6.30925	0.0209485	19.6571	0.216668	10271	99	751	-35323.6	12.9817f	38.9248	4	1	1	0.0693069	0.0891089	0.019802	9.90099e-09	0	0	0	0	0.772727	0.970732	0.253177	0.519737	0.915122	0.009901	0.0891089	9.90099e-09	1	0.104086	0.221039	0.666667	0.666667	0.666667	0.666667	1	56815.1	1e+20	25251.2	80.9564	51.842	12.8151	51.6296	12.9817	38.9248	
214000	-174770	-1255.03	-127975	-23063.8	0.288828	1	0.120401	16.6111	6.52469	0.0134248	19.6571	0.202595	10356	99	746	-35323.6	19.3341f	54.4707	4	1	1	0.0693069	0.148515	0.029703	9.90099e-09	0	0	0	0	0.772727	0.971042	0.264734	0.547297	0.891892	0.009901	0.0891089	9.90099e-09	1	0.0803485	0.204	0.666667	0.666667	0.666667	0.666667	1	56815.1	1e+20	25251.2	80.9564	51.842	12.8151	51.6296	19.3341	54.4707	
215000	-171718	-1255.03	-124923	-22734.7	0.288828	1	0.120652	16.5766	6.5383	0.0145193	19.6571	0.201753	10091	99	722	-35323.6	36.7252f	21.0721	4	1	1	0.0693069	0.148515	0.029703	9.90099e-09	0	0	0	0	0.827273	0.978218	0.242574	0.554795	0.912871	0.009901	0.0891089	9.90099e-09	1	0.1	0.194051	0.666667	0.666667	0.666667	0.666667	1	56815.1	1e+20	25251.2	80.9564	51.842	12.8151	51.6296	36.7252	21.0721	
216000	-172615	-1255.03	-125820	-22828	0.289656	1	0.11981	16.6931	6.62233	0.0169742	19.7404	0.200593	10166	99	730	-35323.6	15.421f	54.3362	4	1	1	0.039604	0.148515	0.029703	9.90099e-09	0	0	0	0	0.9	0.969518	0.254204	0.480263	0.904339	0.009901	0.0891089	9.90099e-09	1	0.109145	0.180593	0.666667	0.666667	0.666667	0.666667	1	56815.1	1e+20	25251.2	80.9564	51.842	12.8151	51.6296	15.421	54.3362	
217000	-174121	-1255.03	-127326	-22973	0.289656	1	0.112166	17.8307	6.47538	0.0159382	19.9562	0.219126	10283	99	748	-35323.6	32.9527f	79.0254	4	1	1	0.039604	0.148515	0.029703	9.90099e-09	0	0	0	0	0.845455	0.979572	0.274052	0.496732	0.919261	9.90099e-09	0.0891089	9.90099e-09	1	0.101069	0.192867	0.666667	0.666667	0.666667	0.666667	1	56815.1	1e+20	25251.2	80.9564	51.842	12.8151	51.6296	32.9527	79.0254	
218000	-173730	-1255.03	-126935	-23034.9	0.289656	1	0.109378	18.2852	6.31442	0.0248389	19.9562	0.230439	10333	99	675	-35323.6	8.03104f	46.4062	4	1	1	0.039604	0.148515	0.029703	9.90099e-09	0	0	0	0	0.818182	0.976722	0.250242	0.542857	0.926758	9.90099e-09	0.0990099	9.90099e-09	1	0.085354	0.189781	0.666667	0.666667	0.666667	0.666667	1	56815.1	1e+20	25251.2	80.9564	51.842	12.8151	51.6296	8.03104	46.4062	
219000	-176142	-1255.03	-129347	-23188	0.303348	1	0.118919	16.8182	7.1897	0.0353401	19.9562	0.186148	10456	99	772	-35323.6	56.6446f	0.84005	4	1	1	0.039604	0.148515	0.029703	9.90099e-09	0	0	0	0	0.872727	0.963671	0.23805	0.55102	0.918816	9.90099e-09	0.0990099	9.90099e-09	1	0.0956023	0.196891	0.666667	0.666667	0.666667	0.666667	1	56815.1	1e+20	25251.2	80.9564	51.842	66.257	56.1405	56.6446	0.84005	
220000	-175651	-1255.03	-128856	-23135	0.295907	1	0.115946	17.2494	6.83801	0.00540125	19.9562	0.20074	10415	99	767	-35323.6	30.5872f	47.77	4	1	1	0.039604	0.19802	0.029703	9.90099e-09	0	0	0	0	0.818182	0.973154	0.248804	0.5	0.918129	9.90099e-09	0.0990099	9.90099e-09	1	0.102392	0.188295	0.666667	0.666667	0.666667	0.666667	1	56815.1	1e+20	25251.2	80.9564	51.842	66.257	56.1405	30.5872	47.77	
221000	-171888	-1255.03	-125093	-22793.1	0.288967	1	0.108573	18.4208	6.06377	0.00789102	19.8034	0.241743	10138	99	685	-35323.6	71.0349f	59.1248	4	1	1	0.039604	0.19802	0.029703	9.90099e-09	0	0	0	0	0.763636	0.976331	0.240394	0.564286	0.922014	9.90099e-09	0.0990099	9.90099e-09	1	0.0759369	0.156204	0.666667	0.666667	0.666667	0.666667	1	56815.1	1e+20	25251.2	80.9564	51.842	66.257	56.1405	71.0349	59.1248	
222000	-173368	-1255.03	-126572	-22922.4	0.294914	1	0.120403	16.6109	6.41632	0.0151031	19.4731	0.206014	10241	99	724	-35323.6	80.8231f	41.5362	4	1	1	0.039604	0.19802	0.029703	9.90099e-09	0	0	0	0	0.854545	0.960155	0.261928	0.52027	0.905458	9.90099e-09	0.0990099	9.90099e-09	1	0.0886076	0.192146	0.666667	0.666667	0.666667	0.666667	1	56815.1	1e+20	25251.2	72.6556	35.6287	66.257	56.1405	80.8231	41.5362	
223000	-176331	-1255.03	-129536	-23309	0.296313	1	0.124379	16.0799	5.53821	0.00729207	18.5958	0.231049	10558	99	703	-35323.6	59.4092f	70.2031	4	1	1	0.039604	0.19802	0.029703	9.90099e-09	0	0	0	0	0.8	0.982971	0.250473	0.493151	0.914853	9.90099e-09	0.0990099	9.90099e-09	1	0.0909091	0.152497	0.666667	0.666667	0.666667	0.666667	1	56815.1	1e+20	25251.2	72.6556	35.6287	66.257	56.1405	59.4092	70.2031	
224000	-179975	-1255.03	-133180	-23584.2	0.300176	1	0.130394	15.3382	6.60641	0.0280069	19.1439	0.184756	10787	99	814	-35323.6	35.6049f	8.0958	4	1	1	0.039604	0.19802	0.029703	9.90099e-09	0	0	0	0	0.863636	0.965709	0.252572	0.522581	0.903075	9.90099e-09	0.148515	9.90099e-09	1	0.0824838	0.205993	0.666667	0.666667	0.666667	0.666667	1	56815.1	1e+20	25251.2	86.7705	53.1511	58.2324	21.836	35.6049	8.0958	
225000	-177933	-1255.03	-131138	-23406.7	0.29786	1	0.12572	15.9084	5.6857	0.0271863	18.644	0.222655	10639	99	767	-35323.6	82.9537f	22.036	4	1	1	0.039604	0.19802	0.029703	9.90099e-09	0	0	0	0	0.818182	0.965061	0.222744	0.51634	0.920379	9.90099e-09	0.148515	9.90099e-09	1	0.0936613	0.183968	0.666667	0.666667	0.666667	0.666667	1	56815.1	1e+20	25251.2	86.7705	53.1511	58.2324	21.836	82.9537	22.036	