
# before rand glnL: -31573.787351 alnL: -1188.971130
# ninter: 99
# ncoal: 99
# nhits: 99
# true lbda: 0.003666
# true mu: 0.725588
# true rad: 45.407908
# true sigsq: 14.210060
# true neigh. size: 2.756384
# fst-based estimate of neighborhood size: -nan
# nucleotide diversity: 0.000000
# length of a generation: 1607.36 time units
# clock rate: 1 subst. per time unit
# after rand glnL: -31573.787351 alnL: -1188.971130
# ninter: 99
# ncoal: 99
# nhits: 99
# start lbda: 0.003666
# start mu: 0.725588
# start rad: 19.294075
sample	lnP	alnL	glnL	tlnL	lbda	clock	mu	neigh	sigsq	sigsqobs	rad	rhoe	nInt	nCoal	nHit	rootTime	rootLon	rootLat	tstv	alpha	MeanBr	accLbda	accMu	accRad	accInDelDisk	accInDelHit	accScaleTime	accSPR	accSPRlocal	accPath	accIndelDiskSerial	accIndelHitSerial	accLdskGivenDisk	accDiskGivenLdsk	accDiskAndLdsk	accLdskMulti	accDiskMulti	accMoveDiskUD	accAddRemoveJump	accLdskTipToRoot	tuneLbda	tuneRad	tuneMu	tuneIndelDisk	tuneIndelHit	tuneLdskGivenDisk	tuneIndelDiskSerial	tuneIndelHitSerial	c0	c1	rootc0	rootc1	rootldsk0	rootldsk1	
  1000	-52040.5	-1188.97	-5311.57	-1294.77	0.00595287	1	0.312754	6.39481	0.308852	0.0527453	19.0613	1.64766	221	99	120	-27279.1	99.1165f	71.9277	4	1	1	0	0	0	0	0	0	0	0	0.972727	0.87963	0.304762	0.346154	0.449541	0	0	0	1	0.191304	0.300813	1	1	1	1	1	1.5	5.0625	3.375	34.0173	6.10222	87.7157	49.2094	99.1165	71.9277	
  2000	-54624.9	-1188.97	-7895.96	-2072.27	0.0124145	1	0.281449	7.10609	0.670636	0.0325672	19.7691	0.843206	395	99	145	-27279.1	86.4029f	71.4333	4	1	1	0	0	0	0	0	0	0	0	0.963636	0.880342	0.338983	0.521739	0.694915	0	0	0	1	0.179487	0.413793	1	1	1	1	1	3.375	194.62	129.746	34.0173	6.10222	87.7157	49.2094	86.4029	71.4333	
  3000	-55738.2	-1188.97	-9009.18	-2342.44	0.0175568	1	0.256441	7.79907	0.864154	0.0578166	19.7691	0.718194	461	99	168	-27279.1	96.1197f	17.777	4	1	1	0	0	0	0	0	0	0	0	0.936364	0.848485	0.285714	0.554455	0.710938	0	0	0	1	0.233083	0.29375	1	1	1	1	1	7.59375	16834.1	3325.26	34.0173	6.10222	87.7157	49.2094	96.1197	17.777	
  4000	-56210.7	-1188.97	-9481.74	-2536.46	0.0198008	1	0.253036	7.90402	0.961663	0.0316505	19.7691	0.654056	509	99	155	-27279.1	90.4774f	40.1496	4	1	1	0	0	0	0	0	0	0	0	0.9	0.90099	0.196078	0.519608	0.675676	0	0	0	1	0.205882	0.216561	1	1	1	1	1	25.6289	1.45611e+06	191751	34.0173	6.10222	87.7157	49.2094	90.4774	40.1496	
  5000	-58565.4	-1188.97	-11836.5	-3121.14	0.0213755	1	0.269666	7.41658	1.10637	0.0100212	19.7691	0.53345	660	99	190	-27279.1	61.5597f	29.9122	4	1	1	0	0	0	0	0	0	0	0	0.936364	0.93985	0.19697	0.508621	0.646617	0	0	0	1	0.165414	0.0935961	1	1	1	1	1	86.4976	2.83387e+08	2.18416e+06	34.0173	6.10222	64.4909	58.6374	61.5597	29.9122	
  6000	-59208.8	-1188.97	-12479.9	-3285.95	0.0256065	1	0.234836	8.51658	1.15418	0.00104619	19.7691	0.587196	706	99	194	-27279.1	45.5329f	54.3525	4	1	1	0	0	0	0	0	0	0	0	0.945455	0.847826	0.313433	0.517544	0.678571	0	0	0.108911	1	0.230216	0.267677	1	1	1	1	1	437.894	4.18816e+11	5.59777e+07	36.3064	17.2146	64.4909	58.6374	45.5329	54.3525	
  7000	-60695.3	-1188.97	-13966.3	-3616.47	0.0287564	1	0.256458	7.79854	1.39052	0.0147495	19.6813	0.4463	798	99	221	-27279.1	62.486f	75.3395	4	1	1	0	0.207921	0.029703	0	0	0	0	0	0.890909	0.90566	0.275	0.469027	0.696774	0	0.118812	0.108911	1	0.23125	0.179724	1	0.666667	0.666667	1	1	1477.89	1.83397e+14	7.26291e+09	23.4598	17.6237	59.3059	80.9707	62.486	75.3395	
  8000	-63869.6	-1188.97	-17140.7	-4464.24	0.0371734	1	0.200505	9.97482	1.40534	0.0133157	19.6813	0.564824	1048	99	223	-27279.1	66.0962f	71.5103	4	1	1	0.178218	0.207921	0.029703	0	0	0	0	0	0.954545	0.902913	0.238806	0.528846	0.778351	0	0.118812	0.108911	1	0.179104	0.276018	0.666667	0.666667	0.666667	1	1	7481.83	1.80694e+17	1.63415e+10	23.4598	17.6237	59.3059	80.9707	66.0962	71.5103	
  9000	-66079.6	-1188.97	-19350.6	-4970.97	0.0429105	1	0.196197	10.1938	1.58739	0.0299389	19.6813	0.511027	1207	99	239	-27279.1	89.6274f	58.494	4	1	1	0.178218	0.207921	0.029703	0	0	0	0	0	0.936364	0.942149	0.295082	0.490196	0.793388	0	0.118812	0.108911	1	0.237705	0.135021	0.666667	0.666667	0.666667	1	1	37876.8	1e+20	6.28224e+11	9.95772	37.3583	59.3059	80.9707	89.6274	58.494	
 10000	-68281.3	-1188.97	-21552.3	-5418.93	0.0470862	1	0.223237	8.95907	1.98192	0.00823313	19.6813	0.359722	1353	99	281	-27279.1	60.3198f	68.2833	4	1	1	0.178218	0.207921	0.029703	0	0	0	0	0	0.981818	0.985185	0.279412	0.46789	0.772059	0	0.118812	0.108911	1	0.235294	0.149466	0.666667	0.666667	0.666667	1	1	191751	1e+20	1.07338e+13	9.95772	37.3583	59.3059	80.9707	60.3198	68.2833	
 11000	-69825	-1188.97	-23096.1	-5767.5	0.0520453	1	0.219833	9.0978	2.15725	0.0202878	19.6813	0.335602	1471	99	289	-27279.1	55.4466f	82.6579	4	1	1	0.178218	0.207921	0.029703	0	0	0	0	0	0.936364	0.910345	0.261745	0.520325	0.795918	0	0.118812	0.108911	1	0.189189	0.286689	0.666667	0.666667	0.666667	1	1	191751	1e+20	1.07338e+13	9.95772	37.3583	59.3059	80.9707	55.4466	82.6579	
 12000	-70371.2	-1188.97	-23642.2	-5866.07	0.0567272	1	0.209068	9.56626	2.23617	0.0442216	19.6813	0.34043	1505	99	296	-27279.1	71.1347f	94.3342	4	1	1	0.178218	0.207921	0.029703	0	0	0	0	0	0.918182	0.921569	0.235294	0.586777	0.771242	0	0.118812	0.009901	1	0.198676	0.247423	0.666667	0.666667	0.666667	1	1	191751	1e+20	1.07338e+13	9.95772	37.3583	59.3059	80.9707	71.1347	94.3342	
 13000	-72766.2	-1188.97	-26037.3	-6351.88	0.0602329	1	0.213307	9.37617	2.16027	0.0442216	19.1256	0.345388	1676	99	329	-27279.1	71.1347f	94.3342	4	1	1	0.148515	0.207921	0.029703	0.039604	0	0	0	0	0.927273	0.929412	0.252941	0.523438	0.764706	0.009901	0.049505	0.009901	1	0.142012	0.322188	0.666667	0.666667	0.666667	1	1	191751	1e+20	1.07338e+13	9.95772	37.3583	69.8051	83.609	71.1347	94.3342	
 14000	-74400.5	-1188.97	-27671.5	-6761.75	0.0647491	1	0.198686	10.0661	2.16307	0.0642146	19.1256	0.370325	1825	99	312	-27279.1	98.8341f	83.6846	4	1	1	0.148515	0.207921	0.029703	0.039604	0	0	0	0	0.890909	0.944751	0.237288	0.557252	0.806818	0.009901	0.049505	0.009901	1	0.184358	0.291667	0.666667	0.666667	0.666667	1	1	191751	1e+20	1.07338e+13	9.95772	37.3583	69.8051	83.609	98.8341	83.6846	
 15000	-75814.1	-1188.97	-29085.1	-7060.23	0.0673924	1	0.183165	10.9191	2.28036	0.0153632	19.581	0.381044	1936	99	323	-27279.1	53.6907f	78.5064	4	1	1	0.148515	0.207921	0.029703	0.039604	0	0	0	0	0.890909	0.964103	0.233161	0.504132	0.850515	0.009901	0.049505	0.009901	1	0.179487	0.281734	0.666667	0.666667	0.666667	1	1	191751	1e+20	1.07338e+13	19.3245	24.7018	69.8051	83.609	53.6907	78.5064	
 16000	-75884.4	-1188.97	-29155.4	-6988.23	0.0667022	1	0.205529	9.73097	2.75025	0.0286081	19.9888	0.281562	1909	99	359	-27279.1	77.1931f	78.7021	4	1	1	0.148515	0.207921	0.029703	0.039604	0	0	0	0	0.854545	0.932642	0.264249	0.509434	0.834197	0.009901	0.049505	0.009901	1	0.172775	0.269341	0.666667	0.666667	0.666667	1	1	191751	1e+20	1.07338e+13	19.3245	24.7018	69.8051	83.609	77.1931	78.7021	
 17000	-76870.1	-1188.97	-30141.1	-7293.86	0.0751646	1	0.181306	11.0311	2.7339	0.0360498	19.9888	0.32109	2026	99	318	-27279.1	93.8195f	57.6327	4	1	1	0.148515	0.207921	0.029703	0.039604	0	0	0	0	0.9	0.91133	0.300493	0.390625	0.861386	0.009901	0.049505	0.009901	1	0.158416	0.311728	0.666667	0.666667	0.666667	1	1	191751	1e+20	1.07338e+13	19.3245	24.7018	79.8582	70.582	93.8195	57.6327	
 18000	-78888.8	-1188.97	-32159.8	-7695.01	0.0751646	1	0.162357	12.3186	2.44817	0.0291296	19.9888	0.400414	2181	99	334	-27279.1	67.9837f	85.5389	4	1	1	0.148515	0.207921	0.029703	0.039604	0	0	0	0	0.818182	0.945205	0.255708	0.504132	0.844037	0.009901	0.0990099	9.90099e-09	1	0.188073	0.320122	0.666667	0.666667	0.666667	1	1	191751	1e+20	1.07338e+13	19.3245	24.7018	79.8582	70.582	67.9837	85.5389	
 19000	-80169.2	-1188.97	-33440.3	-7901.56	0.0830032	1	0.177181	11.2879	2.95033	0.021903	19.9888	0.304461	2265	99	364	-27279.1	67.6812f	79.6488	4	1	1	0.138614	0.207921	0.029703	0.039604	0	0	0	0	0.863636	0.969298	0.268722	0.513761	0.818966	0.009901	0.0990099	9.90099e-09	1	0.198238	0.312329	0.666667	0.666667	0.666667	1	1	191751	1e+20	1.07338e+13	18.6037	16.7603	79.8582	70.582	67.6812	79.6488	
 20000	-81971.1	-1188.97	-35242.1	-8311.74	0.0871818	1	0.184454	10.8428	3.19532	0.0636028	19.941	0.270033	2432	99	343	-27279.1	89.2906f	94.011	4	1	1	0.138614	0.207921	0.029703	0.039604	0	0	0	0	0.845455	0.930328	0.237705	0.504673	0.793522	0.009901	0.0990099	9.90099e-09	1	0.123457	0.318713	0.666667	0.666667	0.666667	1	1	191751	1e+20	1.07338e+13	18.6037	16.7603	79.8582	70.582	89.2906	94.011	
 21000	-83412.5	-1188.97	-36683.5	-8494.5	0.0943088	1	0.195561	10.227	3.36809	0.00751541	19.5247	0.241631	2508	99	395	-27279.1	51.1642f	69.8679	4	1	1	0.138614	0.207921	0.029703	0.039604	0	0	0	0	0.945455	0.931727	0.293878	0.5	0.827309	0.009901	0.0990099	9.90099e-09	1	0.171429	0.280872	0.666667	0.666667	0.666667	1	1	191751	1e+20	1.07338e+13	14.6056	37.9328	79.8582	70.582	51.1642	69.8679	
 22000	-83482.7	-1188.97	-36753.7	-8503.71	0.0877182	1	0.205891	9.71389	3.30457	0.0155413	19.5342	0.23392	2511	99	402	-27279.1	57.8325f	77.8768	4	1	1	0.138614	0.207921	0.0594059	0.039604	0	0	0	0	0.890909	0.964143	0.225296	0.45	0.820717	0.009901	0.0990099	9.90099e-09	1	0.139442	0.278325	0.666667	0.666667	0.666667	1	1	191751	1e+20	1.07338e+13	14.6056	37.9328	39.4653	87.1663	57.8325	77.8768	
 23000	-85369.8	-1188.97	-38640.8	-8821.73	0.0962325	1	0.201688	9.91633	3.55132	0.00637392	19.5342	0.222204	2647	99	429	-27279.1	56.4054f	67.2006	4	1	1	0.138614	0.207921	0.0594059	0.039604	0	0	0	0	0.872727	0.935849	0.264151	0.563492	0.793893	0.009901	0.0990099	9.90099e-09	1	0.196226	0.284382	0.666667	0.666667	0.666667	1	1	191751	1e+20	1.07338e+13	14.6056	37.9328	39.4653	87.1663	56.4054	67.2006	
 24000	-85914.4	-1188.97	-39185.4	-8992.48	0.0963807	1	0.206759	9.6731	3.64622	0.0288032	19.5342	0.211112	2720	99	401	-27279.1	18.9494f	73.9547	4	1	1	0.138614	0.207921	0.0594059	0.039604	0	0	0	0	0.918182	0.930147	0.231343	0.476923	0.813433	0.009901	0.0990099	9.90099e-09	1	0.124542	0.279597	0.666667	0.666667	0.666667	1	1	191751	1e+20	1.07338e+13	14.6056	37.9328	39.4653	87.1663	18.9494	73.9547	
 25000	-85958	-1188.97	-39229	-8947.32	0.100387	1	0.184209	10.8572	3.3836	0.0311756	19.5342	0.255346	2701	99	424	-27279.1	81.6568f	76.5297	4	1	1	0.138614	0.207921	0.0594059	9.90099e-09	0	0	0	0	0.954545	0.929889	0.254613	0.580153	0.837638	9.90099e-09	0.0990099	9.90099e-09	1	0.210332	0.285714	0.666667	0.666667	0.666667	1	1	191751	1e+20	1.07338e+13	14.6056	37.9328	39.4653	87.1663	81.6568	76.5297	
 26000	-87804.6	-1188.97	-41075.6	-9310.74	0.102734	1	0.184641	10.8319	3.4708	0.0688247	19.5342	0.248349	2860	99	421	-27279.1	88.0924f	98.1047	4	1	1	0.138614	0.168317	0.0594059	9.90099e-09	0	0	0	0	0.954545	0.954545	0.252632	0.539063	0.804878	9.90099e-09	0.0990099	0.009901	1	0.149826	0.284689	0.666667	0.666667	0.666667	1	1	191751	1e+20	1.07338e+13	14.6056	37.9328	75.6538	82.3276	88.0924	98.1047	
 27000	-88265.2	-1188.97	-41536.2	-9409.4	0.108113	1	0.182587	10.9537	3.5479	0.0205272	19.447	0.245684	2904	99	417	-27279.1	54.9646f	82.9292	4	1	1	0.138614	0.168317	0.0594059	9.90099e-09	0	0	0	0	0.845455	0.921233	0.283276	0.560606	0.850847	9.90099e-09	0.0990099	0.009901	1	0.136986	0.28271	0.666667	0.666667	0.666667	1	1	191751	1e+20	1.07338e+13	14.6056	37.9328	75.6538	82.3276	54.9646	82.9292	
 28000	-90703.7	-1188.97	-43974.7	-9843.95	0.114772	1	0.181368	11.0273	3.67412	0.012727	19.3591	0.238839	3101	99	437	-27279.1	74.3619f	60.0324	4	1	1	0.138614	0.168317	0.039604	9.90099e-09	0	0	0	0	0.936364	0.92283	0.245161	0.456522	0.809677	9.90099e-09	0.0990099	0.009901	1	0.128617	0.322072	0.666667	0.666667	0.666667	1	1	191751	1e+20	1.07338e+13	14.6056	37.9328	75.6538	82.3276	74.3619	60.0324	
 29000	-92378.6	-1188.97	-45649.7	-10073.4	0.114772	1	0.186429	10.728	3.80222	0.0506004	19.3918	0.224528	3207	99	476	-27279.1	68.5242f	99.1499	4	1	1	0.138614	0.168317	0.039604	9.90099e-09	0	0	0	0	0.918182	0.968847	0.2	0.550725	0.84375	9.90099e-09	0.0990099	0.009901	1	0.140625	0.305239	0.666667	0.666667	0.666667	1	1	191751	1e+20	1.07338e+13	14.6056	37.9328	53.0739	46.3327	68.5242	99.1499	
 30000	-90770.1	-1188.97	-44041.2	-9826.47	0.114171	1	0.183003	10.9288	3.7128	0.00196373	19.3918	0.234239	3093	99	450	-27279.1	40.7398f	49.8062	4	1	1	0.138614	0.168317	0.039604	9.90099e-09	0	0	0	0	0.872727	0.938511	0.265372	0.524823	0.84466	9.90099e-09	0.0990099	0.009901	1	0.13961	0.312364	0.666667	0.666667	0.666667	1	1	191751	1e+20	1.07338e+13	14.6056	37.9328	47.219	52.4514	40.7398	49.8062	
 31000	-89432.5	-1188.97	-42703.5	-9556.76	0.106682	1	0.198363	10.0825	3.96945	0.00615068	19.6559	0.202129	2970	99	457	-27279.1	51.0899f	67.8969	4	1	1	0.138614	0.168317	0.039604	9.90099e-09	0	0	0	0	0.836364	0.933993	0.233553	0.467153	0.8125	9.90099e-09	0.118812	0.009901	1	0.180921	0.282276	0.666667	0.666667	0.666667	1	1	191751	1e+20	1.07338e+13	14.6056	37.9328	47.219	52.4514	51.0899	67.8969	
 32000	-90379.4	-1188.97	-43650.4	-9640.39	0.111597	1	0.195383	10.2363	4.08998	0.011298	19.6559	0.199165	3008	99	502	-27279.1	42.9555f	26.6417	4	1	1	0.0693069	0.168317	0.039604	9.90099e-09	0	0	0	0	0.9	0.929293	0.285714	0.617021	0.830565	9.90099e-09	0.118812	9.90099e-09	1	0.179402	0.337325	0.666667	0.666667	0.666667	1	1	191751	1e+20	1.07338e+13	7.11265	36.0887	47.219	52.4514	42.9555	26.6417	
 33000	-89927.8	-1188.97	-43198.8	-9657.91	0.111479	1	0.185702	10.77	4.11798	0.011298	19.9465	0.208123	3016	99	454	-27279.1	42.9555f	26.6417	4	1	1	0.0693069	0.247525	0.039604	9.90099e-09	0	0	0	0	0.890909	0.957377	0.248344	0.485915	0.851485	9.90099e-09	0.118812	9.90099e-09	1	0.151815	0.246154	0.666667	0.666667	0.666667	1	1	191751	1e+20	1.07338e+13	7.11265	36.0887	47.219	52.4514	42.9555	26.6417	
 34000	-92311.9	-1188.97	-45583	-10071.3	0.114709	1	0.174869	11.4371	3.99013	0.00720036	19.9465	0.228097	3206	99	468	-27279.1	67.5092f	59.0443	4	1	1	0.0693069	0.247525	0.039604	9.90099e-09	0	0	0	0	0.872727	0.943925	0.252336	0.557143	0.816456	9.90099e-09	0.118812	9.90099e-09	1	0.167722	0.27409	0.666667	0.666667	0.666667	1	1	191751	1e+20	1.07338e+13	7.11265	36.0887	51.481	44.5258	67.5092	59.0443	
 35000	-91419.1	-1188.97	-44690.1	-9904.56	0.114709	1	0.194323	10.2921	4.43403	0.005309	19.9465	0.184713	3129	99	470	-27279.1	66.6821f	52.4596	4	1	1	0.0693069	0.247525	0.039604	9.90099e-09	0	0	0	0	0.863636	0.932907	0.254777	0.561644	0.821086	9.90099e-09	0.118812	9.90099e-09	1	0.214058	0.288793	0.666667	0.666667	0.666667	1	1	191751	1e+20	1.07338e+13	7.11265	36.0887	51.481	44.5258	66.6821	52.4596	
 36000	-92018.7	-1188.97	-45289.7	-10008.5	0.114823	1	0.192234	10.404	4.32291	0.00655977	19.8691	0.19152	3177	99	472	-27279.1	54.1803f	31.9335	4	1	1	0.0693069	0.247525	0.039604	9.90099e-09	0	0	0	0	0.863636	0.9625	0.2125	0.475524	0.823718	9.90099e-09	0.118812	9.90099e-09	1	0.194969	0.264957	0.666667	0.666667	0.666667	1	1	191751	1e+20	1.07338e+13	7.11265	36.0887	51.481	44.5258	54.1803	31.9335	
 37000	-91685.8	-1188.97	-44956.9	-9911.06	0.114823	1	0.173174	11.5491	3.89429	0.0123468	19.8691	0.235999	3132	99	491	-27279.1	63.3616f	72.1074	4	1	1	0.0693069	0.247525	0.039604	9.90099e-09	0	0	0	0	0.845455	0.955975	0.270769	0.553398	0.818471	9.90099e-09	0.138614	9.90099e-09	1	0.200637	0.316	0.666667	0.666667	0.666667	1	1	191751	1e+20	1.07338e+13	7.11265	36.0887	57.926	60.5462	63.3616	72.1074	
 38000	-91634.4	-1188.97	-44905.5	-10059.9	0.118747	1	0.159486	12.5403	3.71795	0.0160203	19.881	0.268408	3201	99	412	-27279.1	79.3165f	54.1361	4	1	1	0.118812	0.247525	0.039604	9.90099e-09	0	0	0	0	0.927273	0.96875	0.269592	0.469697	0.844237	9.90099e-09	0.138614	9.90099e-09	1	0.102804	0.27907	0.666667	0.666667	0.666667	1	1	191751	1e+20	1.07338e+13	7.11265	36.0887	57.926	60.5462	79.3165	54.1361	
 39000	-92261.4	-1188.97	-45532.4	-10221.7	0.119074	1	0.13368	14.9611	3.12495	0.0353852	19.881	0.380987	3277	99	393	-27279.1	43.331f	93.2264	4	1	1	0.118812	0.247525	0.039604	9.90099e-09	0	0	0	0	0.890909	0.94864	0.25228	0.514925	0.881818	0.009901	0.138614	9.90099e-09	1	0.140244	0.304455	0.666667	0.666667	0.666667	1	1	191751	1e+20	1.07338e+13	7.11265	36.0887	29.2347	87.655	43.331	93.2264	
 40000	-91927.1	-1188.97	-45198.2	-10047.6	0.11976	1	0.161866	12.3559	3.80562	0.00687157	19.881	0.258369	3195	99	442	-27279.1	44.4253f	68.0461	4	1	1	0.118812	0.227723	0.039604	9.90099e-09	0	0	0	0	0.890909	0.931677	0.254658	0.552239	0.858934	0.009901	0.138614	9.90099e-09	1	0.167702	0.257642	0.666667	0.666667	0.666667	1	1	191751	1e+20	1.07338e+13	7.11265	36.0887	29.2347	87.655	44.4253	68.0461	
 41000	-92826.2	-1188.97	-46097.2	-10177.2	0.120627	1	0.174481	11.4626	4.13194	0.0432045	19.881	0.220759	3256	99	466	-27279.1	11.0666f	78.3418	4	1	1	0.118812	0.227723	0.029703	9.90099e-09	0	0	0	0	0.863636	0.96319	0.2263	0.534247	0.839879	0.009901	0.138614	9.90099e-09	1	0.174847	0.284274	0.666667	0.666667	0.666667	1	1	191751	1e+20	1.07338e+13	7.11265	36.0887	29.2347	87.655	11.0666	78.3418	
 42000	-93902.3	-1188.97	-47173.3	-10331.6	0.120627	1	0.19015	10.518	4.08975	0.0374836	19.4083	0.204657	3329	99	492	-27279.1	33.3439f	91.7596	4	1	1	0.118812	0.227723	0.029703	9.90099e-09	0	0	0	0	0.845455	0.933735	0.248503	0.594595	0.795796	0.009901	0.138614	9.90099e-09	1	0.141141	0.28169	0.666667	0.666667	0.666667	1	1	191751	1e+20	1.07338e+13	7.11265	36.0887	29.2347	87.655	33.3439	91.7596	
 43000	-97215.6	-1188.97	-50486.6	-10857	0.126195	1	0.182618	10.9518	4.20881	0.0682931	19.525	0.20707	3582	99	527	-27279.1	0.328596f	84.8476	4	1	1	0.118812	0.227723	0.029703	9.90099e-09	0	0	0	0	0.872727	0.947222	0.25	0.432692	0.856338	0.009901	0.138614	9.90099e-09	1	0.128134	0.314991	0.666667	0.666667	0.666667	1	1	191751	1e+20	1.07338e+13	7.11265	36.0887	29.2347	87.655	0.328596	84.8476	
 44000	-97641.4	-1188.97	-50912.5	-10979.7	0.134947	1	0.18309	10.9236	4.5123	0.0298737	19.525	0.192645	3644	99	505	-27279.1	43.6122f	89.642	4	1	1	0.0693069	0.227723	0.029703	9.90099e-09	0	0	0	0	0.854545	0.947802	0.250689	0.543689	0.85124	0.009901	0.128713	9.90099e-09	1	0.158904	0.340637	0.666667	0.666667	0.666667	1	1	191751	1e+20	1.07338e+13	7.11265	36.0887	29.2347	87.655	43.6122	89.642	
 45000	-95981.9	-1188.97	-49252.9	-10727.8	0.12953	1	0.175902	11.3699	4.16114	0.0322391	19.525	0.217438	3520	99	477	-27279.1	20.6848f	79.4514	4	1	1	0.0693069	0.227723	0.029703	9.90099e-09	0	0	0	0	0.918182	0.946023	0.25	0.506757	0.823864	0.009901	0.128713	9.90099e-09	1	0.147727	0.265957	0.666667	0.666667	0.666667	1	1	191751	1e+20	1.07338e+13	7.11265	36.0887	29.2347	87.655	20.6848	79.4514	
 46000	-98709.6	-1188.97	-51980.6	-11046.6	0.12953	1	0.185575	10.7773	4.38996	0.0508297	19.525	0.195362	3676	99	566	-27279.1	16.8822f	90.5275	4	1	1	0.0693069	0.227723	0.029703	9.90099e-09	0	0	0	0	0.9	0.95393	0.217391	0.5	0.842818	0.009901	0.128713	9.90099e-09	1	0.154891	0.301923	0.666667	0.666667	0.666667	1	1	191751	1e+20	1.07338e+13	31.536	21.3979	29.2347	87.655	16.8822	90.5275	
 47000	-98272.7	-1188.97	-51543.8	-11065.8	0.135426	1	0.18155	11.0163	4.49025	0.0138076	19.525	0.195233	3687	99	512	-27279.1	30.3822f	68.4855	4	1	1	0.0693069	0.217822	0.029703	9.90099e-09	0	0	0	0	0.845455	0.945504	0.270492	0.451923	0.854054	0.009901	0.128713	9.90099e-09	1	0.176152	0.354331	0.666667	0.666667	0.666667	1	1	191751	1e+20	1.07338e+13	31.536	21.3979	29.2347	87.655	30.3822	68.4855	
 48000	-100359	-1188.97	-53630.4	-11378.7	0.141179	1	0.200328	9.98362	5.16515	0.0435175	19.525	0.153814	3845	99	542	-27279.1	58.557f	97.8856	4	1	1	0.0693069	0.217822	0.049505	9.90099e-09	0	0	0	0	0.881818	0.944882	0.25974	0.495327	0.815584	0.009901	0.128713	9.90099e-09	1	0.179221	0.316602	0.666667	0.666667	0.666667	1	1	191751	1e+20	1.07338e+13	31.536	21.3979	29.2347	87.655	58.557	97.8856	
 49000	-101943	-1188.97	-55214.1	-11560.3	0.142166	1	0.184824	10.8211	4.8386	0.0215409	19.5654	0.177968	3938	99	590	-27279.1	44.5614f	83.5911	4	1	1	0.0693069	0.217822	0.049505	9.90099e-09	0	0	0	0	0.918182	0.954082	0.271574	0.491667	0.827411	0.009901	0.128713	9.90099e-09	1	0.142132	0.289831	0.666667	0.666667	0.666667	1	1	191751	1e+20	1.07338e+13	31.536	21.3979	29.2347	87.655	44.5614	83.5911	
 50000	-103673	-1188.97	-56943.7	-11896.9	0.148953	1	0.174663	11.4506	4.52086	0.0382004	19.2837	0.201557	4114	99	566	-27279.1	25.2053f	87.953	4	1	1	0.128713	0.217822	0.049505	9.90099e-09	0	0	0	0	0.845455	0.953771	0.280488	0.545455	0.843902	0.009901	0.148515	9.90099e-09	1	0.143552	0.29623	0.666667	0.666667	0.666667	1	1	191751	1e+20	1.07338e+13	19.9458	10.7297	29.2347	87.655	25.2053	87.953	
 51000	-105078	-1188.97	-58349.4	-12077.2	0.153274	1	0.180056	11.1077	4.86853	0.0490821	19.3565	0.181558	4210	99	597	-27279.1	24.3039f	94.5913	4	1	1	0.128713	0.217822	0.049505	9.90099e-09	0	0	0	0	0.881818	0.95283	0.250591	0.547009	0.86052	0.009901	0.148515	9.90099e-09	1	0.160757	0.31405	0.666667	0.666667	0.666667	1	1	191751	1e+20	1.07338e+13	18.0841	54.2488	24.9892	83.2306	24.3039	94.5913	
 52000	-105408	-1188.97	-58679.5	-12155.9	0.153274	1	0.180056	11.1077	4.86853	0.0248055	19.3565	0.181558	4252	99	586	-27279.1	14.8972f	59.188	4	1	1	0.128713	0.217822	0.049505	9.90099e-09	0	0	0	0	0.918182	0.969484	0.263529	0.589744	0.864169	0.009901	0.148515	9.90099e-09	1	0.126761	0.278157	0.666667	0.666667	0.666667	1	1	191751	1e+20	1.07338e+13	2.29874	34.2721	24.9892	83.2306	14.8972	59.188	
 53000	-107131	-1188.97	-60401.7	-12535.6	0.161178	1	0.150151	13.3199	4.26929	0.0286096	19.3565	0.248276	4459	99	533	-27279.1	25.4266f	80.4607	4	1	1	0.128713	0.178218	0.049505	9.90099e-09	0	0	0	0	0.872727	0.957207	0.221973	0.412281	0.876126	0.009901	0.148515	9.90099e-09	1	0.103139	0.298587	0.666667	0.666667	0.666667	1	1	191751	1e+20	1.07338e+13	13.5907	49.8359	24.9892	83.2306	25.4266	80.4607	
 54000	-107527	-1188.97	-60798.3	-12595.8	0.161178	1	0.146977	13.6076	4.17903	0.0297589	19.3565	0.259117	4492	99	532	-27279.1	79.9514f	77.0293	4	1	1	0.128713	0.178218	0.039604	9.90099e-09	0	0	0	0	0.9	0.955556	0.256125	0.513274	0.88	0.009901	0.148515	9.90099e-09	1	0.133333	0.305054	0.666667	0.666667	0.666667	1	1	191751	1e+20	1.07338e+13	13.5907	49.8359	50.5702	85.5112	79.9514	77.0293	
 55000	-107065	-1188.97	-60336.3	-12520.9	0.164816	1	0.153611	13.0199	4.58832	0.0364225	19.4875	0.225811	4451	99	538	-27279.1	91.8333f	65.7451	4	1	1	0.128713	0.178218	0.039604	9.90099e-09	0	0	0	0	0.872727	0.946429	0.203579	0.553571	0.854911	0.009901	0.148515	9.90099e-09	1	0.118304	0.313297	0.666667	0.666667	0.666667	1	1	191751	1e+20	1.07338e+13	13.5907	49.8359	50.5702	85.5112	91.8333	65.7451	
 56000	-109053	-1188.97	-62323.7	-12758.3	0.166012	1	0.164562	12.1535	4.7894	0.0566092	19.3264	0.201934	4583	99	584	-27279.1	93.5316f	84.7316	4	1	1	0.0693069	0.178218	0.039604	9.90099e-09	0	0	0	0	0.9	0.960954	0.220044	0.470085	0.869848	0.009901	0.148515	9.90099e-09	1	0.148148	0.321667	0.666667	0.666667	0.666667	1	1	191751	1e+20	1.07338e+13	13.5907	49.8359	50.5702	85.5112	93.5316	84.7316	
 57000	-110934	-1188.97	-64205	-13115.8	0.174488	1	0.151425	13.2079	4.63204	0.0241473	19.3264	0.226909	4786	99	550	-27279.1	65.6674f	82.6737	4	1	1	0.0693069	0.178218	0.039604	9.90099e-09	0	0	0	0	0.909091	0.962264	0.268344	0.580357	0.857442	0.009901	0.0990099	9.90099e-09	1	0.1174	0.294545	0.666667	0.666667	0.666667	1	1	191751	1e+20	1.07338e+13	13.5907	49.8359	50.5702	85.5112	65.6674	82.6737	
 58000	-111604	-1188.97	-64875.5	-13150.6	0.177587	1	0.147848	13.5274	4.60296	0.0185431	19.3264	0.233867	4806	99	583	-27279.1	42.4394f	80.5904	4	1	1	0.0693069	0.178218	0.039604	9.90099e-09	0	0	0	0	0.881818	0.956701	0.284823	0.6	0.865145	0.009901	0.0990099	9.90099e-09	1	0.151767	0.312178	0.666667	0.666667	0.666667	1	1	191751	1e+20	1.07338e+13	13.5907	49.8359	50.5702	85.5112	42.4394	80.5904	
 59000	-111731	-1188.97	-65002.4	-13216.3	0.177587	1	0.150495	13.2895	4.68536	0.0312078	19.3264	0.225713	4844	99	562	-27279.1	71.6847f	85.0974	4	1	1	0.0693069	0.188119	0.039604	9.90099e-09	0	0	0	0	0.845455	0.981481	0.218623	0.552632	0.884146	0.009901	0.0990099	9.90099e-09	1	0.156701	0.308664	0.666667	0.666667	0.666667	1	1	191751	1e+20	1.07338e+13	11.4452	42.2359	50.5702	85.5112	71.6847	85.0974	
 60000	-113056	-1188.97	-66327.2	-13438.6	0.178519	1	0.140313	14.2539	4.38381	0.0448619	19.3181	0.258744	4973	99	554	-27279.1	68.6768f	95.7917	4	1	1	0.0693069	0.188119	0.049505	9.90099e-09	0	0	0	0	0.890909	0.953815	0.284569	0.431193	0.86	0.009901	0.0990099	9.90099e-09	1	0.120482	0.337711	0.666667	0.666667	0.666667	1	1	191751	1e+20	1.07338e+13	13.3661	73.9591	50.5702	85.5112	68.6768	95.7917	
 61000	-115370	-1188.97	-68641.2	-13783.3	0.193671	1	0.139847	14.3013	4.73032	0.0107262	19.3081	0.240589	5178	99	557	-27279.1	67.8883f	66.166	4	1	1	0.0693069	0.188119	0.049505	9.90099e-09	0	0	0	0	0.890909	0.945736	0.265504	0.495575	0.876953	0.009901	0.0990099	9.90099e-09	1	0.148649	0.28281	0.666667	0.666667	0.666667	1	1	191751	1e+20	1.07338e+13	10.123	54.2443	50.5702	85.5112	67.8883	66.166	
 62000	-117733	-1188.97	-71003.7	-14103	0.194908	1	0.143475	13.9397	4.49946	0.033423	18.9163	0.246537	5373	99	587	-27279.1	39.8473f	91.2387	4	1	1	0.039604	0.188119	0.049505	9.90099e-09	0	0	0	0	0.927273	0.98513	0.222015	0.508475	0.86194	0.009901	0.0990099	9.90099e-09	1	0.139405	0.29636	0.666667	0.666667	0.666667	1	1	191751	1e+20	1.07338e+13	8.818	51.2033	50.5702	85.5112	39.8473	91.2387	
 63000	-120262	-1188.97	-73533.3	-14434.5	0.200639	1	0.143328	13.954	5.04194	0.0407872	19.3268	0.220237	5579	99	609	-27279.1	52.2173f	96.9941	4	1	1	0.039604	0.188119	0.049505	9.90099e-09	0	0	0	0	0.809091	0.960784	0.256272	0.475806	0.83542	9.90099e-09	0.0990099	9.90099e-09	1	0.116279	0.297561	0.666667	0.666667	0.666667	1	1	191751	1e+20	1.07338e+13	8.818	51.2033	50.5702	85.5112	52.2173	96.9941	
 64000	-121633	-1188.97	-74904.3	-14430.3	0.204032	1	0.161917	12.352	5.79219	0.0520692	19.3268	0.169701	5577	99	731	-27279.1	27.0509f	97.8209	4	1	1	0.039604	0.188119	0.049505	9.90099e-09	0	0	0	0	0.818182	0.964222	0.252688	0.479452	0.865591	9.90099e-09	0.128713	9.90099e-09	1	0.175627	0.336123	0.666667	0.666667	0.666667	1	1	191751	1e+20	1.07338e+13	8.818	51.2033	50.5702	85.5112	27.0509	97.8209	
 65000	-123859	-1188.97	-77130.2	-14813.2	0.209782	1	0.167508	11.9397	6.16104	0.0225122	19.3268	0.154216	5821	99	692	-27279.1	64.5808f	81.7886	4	1	1	0.039604	0.188119	0.049505	9.90099e-09	0	0	0	0	0.863636	0.951807	0.25729	0.519737	0.855422	9.90099e-09	0.128713	9.90099e-09	1	0.133791	0.326761	0.666667	0.666667	0.666667	1	1	191751	1e+20	1.07338e+13	8.818	51.2033	50.5702	85.5112	64.5808	81.7886	
 66000	-122934	-1188.97	-76205.1	-14709.3	0.218717	1	0.154387	12.9544	5.34912	0.0187146	18.8428	0.19272	5752	99	681	-27279.1	35.3798f	78.0015	4	1	1	0.039604	0.178218	0.0594059	9.90099e-09	0	0	0	0	0.827273	0.94974	0.256499	0.492754	0.876736	9.90099e-09	0.128713	9.90099e-09	1	0.144097	0.305832	0.666667	0.666667	0.666667	1	1	191751	1e+20	1.07338e+13	32.2476	31.9318	50.5702	85.5112	35.3798	78.0015	
 67000	-123546	-1188.97	-76817.2	-14843.1	0.218717	1	0.155342	12.8748	5.02698	0.00196664	18.5239	0.203809	5840	99	646	-27279.1	40.9478f	52.0609	4	1	1	0.039604	0.178218	0.0594059	9.90099e-09	0	0	0	0	0.881818	0.965812	0.246154	0.572581	0.890223	9.90099e-09	0.128713	9.90099e-09	1	0.136752	0.285484	0.666667	0.666667	0.666667	1	1	191751	1e+20	1.07338e+13	32.2476	31.9318	50.5702	85.5112	40.9478	52.0609	
 68000	-124951	-1188.97	-78222.1	-15034.6	0.218626	1	0.141957	14.0888	5.87231	0.00227767	19.6986	0.190921	5966	99	648	-27279.1	46.4338f	59.7053	4	1	1	0.0891089	0.178218	0.0594059	9.90099e-09	0	0	0	0	0.9	0.953099	0.260504	0.582677	0.871622	9.90099e-09	0.128713	9.90099e-09	1	0.115578	0.25897	0.666667	0.666667	0.666667	1	1	191751	1e+20	1.07338e+13	32.2476	31.9318	43.9829	68.0085	46.4338	59.7053	
 69000	-124581	-1188.97	-77852.5	-14955.3	0.216256	1	0.140333	14.2519	5.74219	0.0116104	19.6986	0.197508	5914	99	665	-27279.1	26.1137f	55.7334	4	1	1	0.0891089	0.178218	0.0594059	9.90099e-09	0	0	0	0	0.881818	0.961214	0.255932	0.45	0.891709	9.90099e-09	0.128713	9.90099e-09	1	0.119932	0.32	0.666667	0.666667	0.666667	1	1	191751	1e+20	1.07338e+13	68.6037	15.5562	43.9829	68.0085	26.1137	55.7334	
 70000	-125479	-1188.97	-78750.5	-15135.7	0.225423	1	0.132239	15.1241	5.73273	0.00154181	19.7787	0.209941	6032	99	627	-27279.1	54.7782f	56.9936	4	1	1	0.0891089	0.178218	0.0594059	9.90099e-09	0	0	0	0	0.836364	0.961921	0.233058	0.484375	0.881188	9.90099e-09	0.108911	9.90099e-09	1	0.167219	0.285714	0.666667	0.666667	0.666667	1	1	191751	1e+20	1.07338e+13	68.6037	15.5562	43.9829	68.0085	54.7782	56.9936	
 71000	-127365	-1188.97	-80636	-15324.9	0.225423	1	0.142282	14.0566	6.16809	0.0220816	19.7787	0.181351	6159	99	673	-27279.1	59.7181f	83.2005	4	1	1	0.0891089	0.178218	0.0594059	9.90099e-09	0	0	0	0	0.8	0.965909	0.255285	0.528986	0.891234	9.90099e-09	0.108911	9.90099e-09	1	0.160194	0.266069	0.666667	0.666667	0.666667	1	1	191751	1e+20	1.07338e+13	16.3998	4.15497	43.9829	68.0085	59.7181	83.2005	
 72000	-127249	-1188.97	-80520.4	-15324.9	0.225369	1	0.143441	13.943	6.18742	0.0112755	19.7553	0.179323	6159	99	661	-27279.1	45.1196f	73.9565	4	1	1	0.0891089	0.178218	0.0594059	9.90099e-09	0	0	0	0	0.854545	0.956098	0.258117	0.589928	0.882068	9.90099e-09	0.108911	9.90099e-09	1	0.121753	0.276018	0.666667	0.666667	0.666667	1	1	191751	1e+20	1.07338e+13	16.3998	4.15497	43.9829	68.0085	45.1196	73.9565	
 73000	-127189	-1188.97	-80460.2	-15223.6	0.225369	1	0.145677	13.729	6.29937	0.0127474	19.7674	0.173433	6091	99	722	-27279.1	26.6125f	39.1397	4	1	1	0.0891089	0.19802	0.0594059	9.90099e-09	0	0	0	0	0.890909	0.957447	0.261513	0.529412	0.890344	9.90099e-09	0.108911	9.90099e-09	1	0.141447	0.292244	0.666667	0.666667	0.666667	1	1	191751	1e+20	1.07338e+13	19.6843	12.9425	49.3011	42.9926	26.6125	39.1397	
 74000	-127750	-1188.97	-81021.5	-15347.2	0.225369	1	0.133418	14.9904	5.994	0.0150244	19.9572	0.199016	6174	99	691	-27279.1	49.8936f	21.6711	4	1	1	0.0891089	0.19802	0.0594059	9.90099e-09	0	0	0	0	0.845455	0.961228	0.224919	0.536232	0.880259	9.90099e-09	0.108911	9.90099e-09	1	0.144013	0.287988	0.666667	0.666667	0.666667	1	1	191751	1e+20	1.07338e+13	19.6843	12.9425	79.578	15.1238	49.8936	21.6711	
 75000	-128869	-1188.97	-82140.2	-15539	0.231333	1	0.133418	14.9904	6.15263	0.0379736	19.9572	0.193885	6304	99	674	-27279.1	82.1972f	17.7889	4	1	1	0.039604	0.19802	0.0594059	9.90099e-09	0	0	0	0	0.845455	0.964968	0.268254	0.492958	0.860539	9.90099e-09	0.108911	9.90099e-09	1	0.137876	0.31934	0.666667	0.666667	0.666667	1	1	191751	1e+20	1.07338e+13	10.3164	29.7084	79.578	15.1238	82.1972	17.7889	
 76000	-128983	-1188.97	-82254.1	-15615.1	0.231333	1	0.147369	13.5714	6.2206	0.0878178	19.5207	0.173613	6356	99	630	-27279.1	98.4626f	0.461231	4	1	1	0.039604	0.19802	0.0594059	9.90099e-09	0	0	0	0	0.827273	0.962205	0.245283	0.5	0.874214	9.90099e-09	0.138614	9.90099e-09	1	0.108491	0.280952	0.666667	0.666667	0.666667	1	1	191751	1e+20	1.07338e+13	10.3164	29.7084	79.578	15.1238	98.4626	0.461231	
 77000	-128871	-1188.97	-82141.8	-15509.7	0.231333	1	0.164969	12.1235	6.07973	0.021451	18.8694	0.158684	6284	99	698	-27279.1	71.5335f	23.489	4	1	1	0.039604	0.19802	0.0594059	9.90099e-09	0	0	0	0	0.881818	0.94795	0.269841	0.485714	0.886035	9.90099e-09	0.138614	9.90099e-09	1	0.139905	0.274788	0.666667	0.666667	0.666667	1	1	191751	1e+20	1.07338e+13	10.3164	29.7084	79.578	15.1238	71.5335	23.489	
 78000	-129551	-1188.97	-82821.6	-15549.4	0.229577	1	0.159618	12.5299	5.83785	0.0351421	18.8694	0.170799	6311	99	730	-27279.1	90.0677f	32.1152	4	1	1	0.039604	0.19802	0.0594059	9.90099e-09	0	0	0	0	0.818182	0.94462	0.232964	0.423611	0.851266	9.90099e-09	0.138614	9.90099e-09	1	0.147152	0.313454	0.666667	0.666667	0.666667	1	1	191751	1e+20	1.07338e+13	10.3164	29.7084	79.578	15.1238	90.0677	32.1152	
 79000	-130558	-1188.97	-83828.8	-15652.9	0.232405	1	0.160811	12.437	6.67913	0.039336	19.4195	0.148179	6382	99	747	-27279.1	40.9749f	4.82081	4	1	1	0.039604	0.0990099	0.0891089	9.90099e-09	0	0	0	0	0.845455	0.945055	0.275157	0.534247	0.879747	9.90099e-09	0.138614	9.90099e-09	1	0.136578	0.305785	0.666667	0.666667	0.666667	1	1	191751	1e+20	1.07338e+13	10.3164	29.7084	79.578	15.1238	40.9749	4.82081	
 80000	-130658	-1188.97	-83928.9	-15626.6	0.232405	1	0.1584	12.6263	6.28581	0.065109	19.1994	0.159847	6364	99	781	-27279.1	94.6182f	10.3626	4	1	1	0.039604	0.0990099	0.0891089	9.90099e-09	0	0	0	0	0.9	0.954259	0.249211	0.449367	0.847724	9.90099e-09	0.138614	9.90099e-09	1	0.133438	0.290653	0.666667	0.666667	0.666667	1	1	191751	1e+20	1.07338e+13	10.3164	29.7084	79.578	15.1238	94.6182	10.3626	
 81000	-129741	-1188.97	-83011.9	-15561	0.232405	1	0.157539	12.6953	6.85077	0.0250165	19.6437	0.147466	6319	99	731	-27279.1	77.2244f	25.031	4	1	1	0.039604	0.0990099	0.0891089	9.90099e-09	0	0	0	0	0.836364	0.966825	0.25832	0.576159	0.89065	9.90099e-09	0.138614	9.90099e-09	1	0.144444	0.320955	0.666667	0.666667	0.666667	1	1	191751	1e+20	1.07338e+13	10.3164	29.7084	65.4261	37.4638	77.2244	25.031	
 82000	-129631	-1188.97	-82902.2	-15584.3	0.232405	1	0.13653	14.6488	5.93716	0.0201412	19.6437	0.196343	6335	99	711	-27279.1	82.5181f	43.2641	4	1	1	0.039604	0.0990099	0.0891089	9.90099e-09	0	0	0	0	0.863636	0.959055	0.261076	0.513699	0.861199	9.90099e-09	0.049505	9.90099e-09	1	0.0993691	0.300138	0.666667	0.666667	0.666667	1	1	191751	1e+20	1.07338e+13	10.3164	29.7084	65.4261	37.4638	82.5181	43.2641	
 83000	-128523	-1188.97	-81793.9	-15474.7	0.231739	1	0.14523	13.7713	5.87877	0.0280345	19.3088	0.186414	6260	99	683	-27279.1	72.0263f	17.7423	4	1	1	0.039604	0.0990099	0.0891089	9.90099e-09	0	0	0	0	0.854545	0.974441	0.23756	0.551724	0.8848	9.90099e-09	0.049505	9.90099e-09	1	0.15949	0.281938	0.666667	0.666667	0.666667	1	1	191751	1e+20	1.07338e+13	10.3164	29.7084	65.4261	37.4638	72.0263	17.7423	
 84000	-129418	-1188.97	-82688.9	-15596.1	0.231228	1	0.137268	14.5701	5.77949	0.0324089	19.5105	0.200615	6343	99	683	-27279.1	90.0614f	36.9046	4	1	1	0.039604	0.0990099	0.0891089	9.90099e-09	0	0	0	0	0.936364	0.94795	0.255924	0.543478	0.88189	9.90099e-09	0.049505	9.90099e-09	1	0.141732	0.292237	0.666667	0.666667	0.666667	1	1	191751	1e+20	1.07338e+13	10.3164	29.7084	65.4261	37.4638	90.0614	36.9046	
 85000	-129255	-1188.97	-82526.4	-15628	0.233164	1	0.135944	14.7119	5.71913	0.00967175	19.4659	0.204706	6365	99	648	-27279.1	30.2073f	39.627	4	1	1	0.039604	0.0990099	0.0693069	9.90099e-09	0	0	0	0	0.863636	0.967033	0.23511	0.507463	0.874608	9.90099e-09	0.049505	9.90099e-09	1	0.117188	0.294833	0.666667	0.666667	0.666667	1	1	191751	1e+20	1.07338e+13	10.3164	29.7084	65.4261	37.4638	30.2073	39.627	
 86000	-130052	-1188.97	-83322.9	-15674.9	0.237173	1	0.13687	14.6125	5.85706	0.00967175	19.4659	0.198533	6397	99	693	-27279.1	30.2073f	39.627	4	1	1	0.039604	0.188119	0.0693069	9.90099e-09	0	0	0	0	0.872727	0.96729	0.25585	0.482014	0.878125	9.90099e-09	0.049505	9.90099e-09	1	0.117188	0.308802	0.666667	0.666667	0.666667	1	1	191751	1e+20	1.07338e+13	10.3164	29.7084	39.6519	31.0057	30.2073	39.627	
 87000	-131458	-1188.97	-84729.1	-15837.7	0.233174	1	0.137183	14.579	5.7715	0.0250784	19.4659	0.201015	6509	99	711	-27279.1	41.1989f	14.3923	4	1	1	0.039604	0.188119	0.0693069	9.90099e-09	0	0	0	0	0.909091	0.96189	0.233129	0.549296	0.865031	9.90099e-09	0.049505	9.90099e-09	1	0.142857	0.312236	0.666667	0.666667	0.666667	1	1	191751	1e+20	1.07338e+13	10.3164	29.7084	39.6519	31.0057	41.1989	14.3923	
 88000	-133037	-1188.97	-86308.1	-15947.3	0.241067	1	0.156501	12.7795	6.67279	0.0447872	19.3692	0.152404	6587	99	772	-27279.1	28.3181f	5.92944	4	1	1	0.039604	0.188119	0.0693069	9.90099e-09	0	0	0	0	0.872727	0.972644	0.270393	0.50625	0.883156	9.90099e-09	0.049505	9.90099e-09	1	0.155015	0.285	0.666667	0.666667	0.666667	1	1	191751	1e+20	1.07338e+13	10.3164	29.7084	39.6519	31.0057	28.3181	5.92944	
 89000	-133398	-1188.97	-86669.3	-15992.8	0.241067	1	0.156501	12.7795	6.67279	0.0114081	19.3692	0.152404	6619	99	772	-27279.1	42.6539f	26.6101	4	1	1	0.108911	0.188119	0.0693069	9.90099e-09	0	0	0	0	0.872727	0.945289	0.249622	0.528302	0.864048	9.90099e-09	0.138614	9.90099e-09	1	0.129909	0.297954	0.666667	0.666667	0.666667	1	1	191751	1e+20	1.07338e+13	40.7747	5.46908	39.6519	31.0057	42.6539	26.6101	
 90000	-135040	-1188.97	-88310.8	-16178.4	0.248721	1	0.145279	13.7666	6.39101	0.011105	19.3692	0.171415	6751	99	793	-27279.1	39.0653f	28.4863	4	1	1	0.108911	0.188119	0.0693069	9.90099e-09	0	0	0	0	0.881818	0.958395	0.256677	0.512987	0.850592	9.90099e-09	0.138614	9.90099e-09	1	0.142012	0.276316	0.666667	0.666667	0.666667	1	1	191751	1e+20	1.07338e+13	40.7747	5.46908	39.6519	31.0057	39.0653	28.4863	
 91000	-135162	-1188.97	-88433	-16325.9	0.248721	1	0.130087	15.3744	5.72268	0.0100238	19.3692	0.21379	6857	99	707	-27279.1	61.3507f	29.7932	4	1	1	0.108911	0.0891089	0.029703	9.90099e-09	0	0	0	0	0.790909	0.969521	0.234783	0.459459	0.875543	9.90099e-09	0.138614	9.90099e-09	1	0.137482	0.314246	0.666667	0.666667	0.666667	1	1	191751	1e+20	1.07338e+13	40.7747	5.46908	39.6519	31.0057	61.3507	29.7932	
 92000	-136464	-1188.97	-89734.6	-16524.8	0.26284	1	0.132184	15.1305	6.32947	0.0539106	19.5129	0.190228	7001	99	687	-27279.1	97.4681f	23.5398	4	1	1	0.108911	0.0891089	0.029703	9.90099e-09	0	0	0	0	0.881818	0.965517	0.235971	0.472603	0.896403	9.90099e-09	0.138614	9.90099e-09	1	0.119253	0.318777	0.666667	0.666667	0.666667	1	1	191751	1e+20	1.07338e+13	40.7747	5.46908	39.6519	31.0057	97.4681	23.5398	
 93000	-138263	-1188.97	-91533.8	-16699.8	0.262365	1	0.12113	16.5111	5.7897	0.0539106	19.5129	0.22694	7132	99	710	-27279.1	97.4681f	23.5398	4	1	1	0.108911	0.0891089	0.029703	9.90099e-09	0	0	0	0	0.827273	0.958042	0.264624	0.568493	0.88951	9.90099e-09	0.138614	9.90099e-09	1	0.128671	0.302817	0.666667	0.666667	0.666667	1	1	191751	1e+20	1.07338e+13	40.7747	5.46908	39.6519	31.0057	97.4681	23.5398	
 94000	-139520	-1188.97	-92790.6	-16808.2	0.262365	1	0.130665	15.3063	6.59323	0.0219456	19.7791	0.184741	7213	99	755	-27279.1	26.7766f	24.9637	4	1	1	0.108911	0.0891089	0.029703	9.90099e-09	0	0	0	0	0.9	0.965326	0.253814	0.526316	0.883657	9.90099e-09	0.138614	9.90099e-09	1	0.123269	0.255599	0.666667	0.666667	0.666667	1	1	191751	1e+20	1.07338e+13	40.7747	5.46908	39.6519	31.0057	26.7766	24.9637	
 95000	-138913	-1188.97	-92184.5	-16672.3	0.266993	1	0.133764	14.9517	6.8687	0.0192145	19.7791	0.173223	7110	99	799	-27279.1	35.2151f	21.6531	4	1	1	0.049505	0.0891089	0.029703	9.90099e-09	0	0	0	0	0.909091	0.956399	0.240278	0.636943	0.866109	9.90099e-09	0.148515	9.90099e-09	1	0.13764	0.297164	0.666667	0.666667	0.666667	1	1	191751	1e+20	1.07338e+13	40.7747	5.46908	39.6519	31.0057	35.2151	21.6531	
 96000	-139860	-1188.97	-93130.8	-16812.2	0.26268	1	0.139108	14.3773	7.02771	0.01964	19.7791	0.1628	7216	99	779	-27279.1	45.0222f	17.9625	4	1	1	0.049505	0.0891089	0.029703	9.90099e-09	0	0	0	0	0.881818	0.959666	0.285912	0.455128	0.871191	9.90099e-09	0.148515	9.90099e-09	1	0.164138	0.301887	0.666667	0.666667	0.666667	1	1	191751	1e+20	1.07338e+13	40.7747	5.46908	39.6519	31.0057	45.0222	17.9625	
 97000	-141332	-1188.97	-94603.5	-16891.6	0.267707	1	0.139108	14.3773	7.29738	0.0254093	19.8718	0.156784	7276	99	853	-27279.1	25.2795f	22.7423	4	1	1	0.049505	0.108911	0.029703	9.90099e-09	0	0	0	0	0.809091	0.972603	0.255495	0.457831	0.869505	9.90099e-09	0.148515	9.90099e-09	1	0.145604	0.307151	0.666667	0.666667	0.666667	1	1	191751	1e+20	1.07338e+13	40.7747	5.46908	39.6519	31.0057	25.2795	22.7423	
 98000	-140474	-1188.97	-93745.1	-16883.7	0.267707	1	0.13845	14.4457	6.61063	0.0196422	19.4098	0.173894	7270	99	784	-27279.1	57.3385f	18.298	4	1	1	0.049505	0.108911	0.0594059	9.90099e-09	0	0	0	0	0.818182	0.954483	0.265475	0.535484	0.88935	9.90099e-09	0.148515	9.90099e-09	1	0.148352	0.272727	0.666667	0.666667	0.666667	1	1	191751	1e+20	1.07338e+13	40.7747	5.46908	39.6519	31.0057	57.3385	18.298	
 99000	-141755	-1188.97	-95026	-17073.4	0.267707	1	0.135844	14.7228	6.51026	0.0222828	19.4278	0.179963	7414	99	767	-27279.1	16.5012f	42.453	4	1	1	0.049505	0.108911	0.0594059	9.90099e-09	0	0	0	0	0.790909	0.954116	0.245283	0.503226	0.890836	9.90099e-09	0.148515	9.90099e-09	1	0.125337	0.3	0.666667	0.666667	0.666667	1	1	191751	1e+20	1.07338e+13	40.7747	5.46908	10.2488	25.5464	16.5012	42.453	
100000	-140871	-1188.97	-94141.9	-16920.6	0.267707	1	0.144579	13.8333	6.92891	0.00261953	19.4278	0.158873	7298	99	803	-27279.1	40.481f	44.4748	4	1	1	0.049505	0.108911	0.0594059	9.90099e-09	0	0	0	0	0.809091	0.963265	0.258856	0.493671	0.881633	9.90099e-09	0.148515	9.90099e-09	1	0.114441	0.338791	0.666667	0.666667	0.666667	1	1	191751	1e+20	1.07338e+13	40.7747	5.46908	10.2488	25.5464	40.481	44.4748	
101000	-139424	-1188.97	-92695.1	-16815.1	0.267707	1	0.13766	14.5286	6.62247	0.00677424	19.4463	0.174579	7218	99	740	-27279.1	31.4943f	50.3732	4	1	1	0.039604	0.108911	0.0594059	9.90099e-09	0	0	0	0	0.863636	0.946281	0.298487	0.496815	0.862259	9.90099e-09	0.0891089	9.90099e-09	1	0.130854	0.306684	0.666667	0.666667	0.666667	1	1	191751	1e+20	1.07338e+13	40.7747	5.46908	10.2488	25.5464	31.4943	50.3732	
102000	-141617	-1188.97	-94888.4	-17100.4	0.275667	1	0.124187	16.1047	6.15196	0.0396058	19.4463	0.20832	7435	99	731	-27279.1	4.2532f	54.9591	4	1	1	0.039604	0.108911	0.0594059	9.90099e-09	0	0	0	0	0.890909	0.961022	0.235215	0.35	0.88	9.90099e-09	0.0891089	9.90099e-09	1	0.142473	0.276012	0.666667	0.666667	0.666667	1	1	191751	1e+20	1.07338e+13	19.8688	68.2339	10.2488	25.5464	4.2532	54.9591	
103000	-142718	-1188.97	-95989.1	-17200.4	0.271306	1	0.127298	15.7112	6.20631	0.0274359	19.4463	0.20145	7512	99	758	-27279.1	38.3232f	13.451	4	1	1	0.039604	0.138614	0.0594059	9.90099e-09	0	0	0	0	0.854545	0.962914	0.264276	0.522876	0.890957	9.90099e-09	0.0891089	9.90099e-09	1	0.102258	0.296834	0.666667	0.666667	0.666667	1	1	191751	1e+20	1.07338e+13	19.8688	68.2339	10.2488	25.5464	38.3232	13.451	
104000	-142644	-1188.97	-95915	-17167.4	0.275301	1	0.140778	14.2068	6.82806	0.0467579	19.3502	0.165572	7487	99	775	-27279.1	24.551f	6.75749	4	1	1	0.039604	0.138614	0.0594059	9.90099e-09	0	0	0	0	0.845455	0.962667	0.219545	0.519231	0.873333	9.90099e-09	0.0891089	9.90099e-09	1	0.113333	0.302356	0.666667	0.666667	0.666667	1	1	191751	1e+20	1.07338e+13	9.22588	34.926	10.2488	25.5464	24.551	6.75749	
105000	-142919	-1188.97	-96189.6	-17176.5	0.273091	1	0.140778	14.2068	6.77324	0.0268608	19.3502	0.166912	7494	99	792	-27279.1	14.8828f	36.0586	4	1	1	0.039604	0.138614	0.0594059	9.90099e-09	0	0	0	0	0.9	0.970667	0.231283	0.516129	0.867647	9.90099e-09	0.0891089	9.90099e-09	1	0.116	0.312183	0.666667	0.666667	0.666667	1	1	191751	1e+20	1.07338e+13	9.22588	34.926	10.2488	25.5464	14.8828	36.0586	
106000	-141654	-1188.97	-94924.7	-17099.2	0.275786	1	0.138989	14.3897	6.27935	0.0118945	19.0015	0.182359	7434	99	735	-27279.1	33.7374f	31.0823	4	1	1	0.0693069	0.138614	0.0594059	9.90099e-09	0	0	0	0	0.809091	0.970509	0.242953	0.503268	0.885906	9.90099e-09	0.0891089	9.90099e-09	1	0.0954301	0.296543	0.666667	0.666667	0.666667	1	1	191751	1e+20	1.07338e+13	11.2881	33.5976	10.2488	25.5464	33.7374	31.0823	
107000	-143617	-1188.97	-96888.2	-17254.9	0.28189	1	0.138989	14.3897	6.41832	0.0726154	19.0015	0.17841	7554	99	800	-27279.1	9.70202f	2.09342	4	1	1	0.0693069	0.138614	0.0594059	9.90099e-09	0	0	0	0	0.818182	0.957333	0.262317	0.567901	0.864181	9.90099e-09	0.0891089	9.90099e-09	1	0.125333	0.313527	0.666667	0.666667	0.666667	1	1	191751	1e+20	1.07338e+13	11.2881	33.5976	10.2488	25.5464	9.70202	2.09342	
108000	-143968	-1188.97	-97239.1	-17401	0.284353	1	0.129197	15.4803	6.01827	0.0358461	19.0015	0.20469	7669	99	726	-27279.1	34.69f	8.83974	4	1	1	0.0693069	0.138614	0.0594059	9.90099e-09	0	0	0	0	0.854545	0.963824	0.25323	0.549669	0.86606	9.90099e-09	0.118812	9.90099e-09	1	0.115136	0.291275	0.666667	0.666667	0.666667	1	1	191751	1e+20	1.07338e+13	11.2881	33.5976	10.2488	25.5464	34.69	8.83974	
109000	-144145	-1188.97	-97416	-17387.9	0.286059	1	0.125307	15.9608	6.70895	0.0266195	19.645	0.189317	7658	99	744	-27279.1	38.5995f	13.9741	4	1	1	0.0693069	0.138614	0.0594059	9.90099e-09	0	0	0	0	0.863636	0.971204	0.246736	0.566434	0.889034	9.90099e-09	0.118812	9.90099e-09	1	0.110236	0.291248	0.666667	0.666667	0.666667	1	1	191751	1e+20	1.07338e+13	11.2881	33.5976	10.2488	25.5464	38.5995	13.9741	
110000	-146837	-1188.97	-100108	-17682.9	0.291504	1	0.123057	16.2526	6.90937	0.0362065	19.7865	0.187186	7894	99	758	-27279.1	6.28802f	45.3173	4	1	1	0.0693069	0.148515	0.0594059	9.90099e-09	0	0	0	0	0.845455	0.972257	0.277778	0.455696	0.910127	9.90099e-09	0.118812	9.90099e-09	1	0.116456	0.275381	0.666667	0.666667	0.666667	1	1	191751	1e+20	1.07338e+13	11.2881	33.5976	8.33607	36.4027	6.28802	45.3173	
111000	-145662	-1188.97	-98933.1	-17520.2	0.291504	1	0.126163	15.8525	7.08374	0.0160958	19.7865	0.178085	7762	99	779	-27279.1	33.1834f	26.1635	4	1	1	0.0693069	0.148515	0.049505	9.90099e-09	0	0	0	0	0.881818	0.966709	0.263158	0.566879	0.89467	9.90099e-09	0.118812	9.90099e-09	1	0.123552	0.271208	0.666667	0.666667	0.666667	1	1	191751	1e+20	1.07338e+13	11.2881	33.5976	8.33607	36.4027	33.1834	26.1635	
112000	-145918	-1188.97	-99189.5	-17544.5	0.283137	1	0.126726	15.7821	6.91111	0.0125136	19.7865	0.181722	7783	99	783	-27279.1	24.4852f	50.6683	4	1	1	0.108911	0.148515	0.049505	9.90099e-09	0	0	0	0	0.881818	0.974326	0.268293	0.480519	0.87163	9.90099e-09	0.118812	9.90099e-09	1	0.133504	0.29396	0.666667	0.666667	0.666667	1	1	191751	1e+20	1.07338e+13	11.2881	33.5976	8.33607	36.4027	24.4852	50.6683	
113000	-145549	-1188.97	-98819.7	-17550.2	0.281046	1	0.117725	16.9888	6.37282	0.0168445	19.7865	0.212139	7787	99	746	-27279.1	21.3716f	41.8886	4	1	1	0.108911	0.148515	0.049505	9.90099e-09	0	0	0	0	0.9	0.959897	0.248705	0.463576	0.870466	9.90099e-09	0.118812	9.90099e-09	1	0.132221	0.313103	0.666667	0.666667	0.666667	1	1	191751	1e+20	1.07338e+13	11.2881	33.5976	8.33607	36.4027	21.3716	41.8886	
114000	-147218	-1188.97	-100489	-17763.1	0.281385	1	0.118715	16.847	5.96835	0.000916813	19.4182	0.224626	7955	99	739	-27279.1	45.5085f	53.4064	4	1	1	0.108911	0.148515	0.049505	9.90099e-09	0	0	0	0	0.890909	0.973651	0.237797	0.560811	0.894472	9.90099e-09	0.108911	9.90099e-09	1	0.124372	0.297297	0.666667	0.666667	0.666667	1	1	191751	1e+20	1.07338e+13	11.2881	33.5976	8.33607	36.4027	45.5085	53.4064	
115000	-143393	-1188.97	-96663.7	-17322.1	0.284993	1	0.119658	16.7143	6.6533	0.045351	19.8501	0.199913	7606	99	725	-27279.1	1.85757f	60.58	4	1	1	0.108911	0.148515	0.049505	9.90099e-09	0	0	0	0	0.9	0.954128	0.251309	0.547297	0.889619	9.90099e-09	0.108911	9.90099e-09	1	0.134993	0.321823	0.666667	0.666667	0.666667	1	1	191751	1e+20	1.07338e+13	11.2881	33.5976	8.33607	36.4027	1.85757	60.58	
116000	-142823	-1188.97	-96094.5	-17228.7	0.279998	1	0.124268	16.0942	6.78855	0.018082	19.8501	0.188661	7534	99	741	-27279.1	21.9689f	62.9844	4	1	1	0.108911	0.108911	0.049505	9.90099e-09	0	0	0	0	0.854545	0.970938	0.258278	0.536424	0.910053	9.90099e-09	0.108911	9.90099e-09	1	0.151194	0.294274	0.666667	0.666667	0.666667	1	1	191751	1e+20	1.07338e+13	11.2881	33.5976	8.33607	36.4027	21.9689	62.9844	
117000	-144065	-1188.97	-97335.7	-17384	0.279998	1	0.117463	17.0267	6.41677	0.0430633	19.8501	0.211156	7656	99	735	-27279.1	24.6147f	9.11304	4	1	1	0.108911	0.108911	0.019802	9.90099e-09	0	0	0	0	0.818182	0.96875	0.25	0.5	0.901042	9.90099e-09	0.108911	9.90099e-09	1	0.120104	0.252387	0.666667	0.666667	0.666667	1	1	191751	1e+20	1.07338e+13	33.7744	29.1119	8.33607	36.4027	24.6147	9.11304	
118000	-145442	-1188.97	-98712.7	-17524.2	0.283868	1	0.128184	15.6026	6.64474	0.0211279	19.5245	0.186857	7767	99	761	-27279.1	16.6692f	47.6468	4	1	1	0.0594059	0.108911	0.019802	9.90099e-09	0	0	0	0	0.827273	0.96139	0.254172	0.449367	0.88417	9.90099e-09	0.108911	9.90099e-09	1	0.114543	0.306513	0.666667	0.666667	0.666667	1	1	191751	1e+20	1.07338e+13	33.7744	29.1119	8.33607	36.4027	16.6692	47.6468	
119000	-144984	-1188.97	-98254.6	-17414.6	0.283726	1	0.125118	15.9849	6.84362	0.0573126	19.7908	0.185873	7680	99	799	-27279.1	7.89936f	86.2598	4	1	1	0.0594059	0.108911	0.019802	9.90099e-09	0	0	0	0	0.827273	0.955959	0.245455	0.576687	0.892208	9.90099e-09	0.108911	9.90099e-09	1	0.136364	0.330391	0.666667	0.666667	0.666667	1	1	191751	1e+20	1.07338e+13	33.7744	29.1119	22.2615	76.3784	7.89936	86.2598	
120000	-144238	-1188.97	-97509.2	-17422.2	0.283726	1	0.128911	15.5146	7.05515	0.0144062	19.7937	0.174994	7686	99	727	-27279.1	24.4791f	60.1916	4	1	1	0.0594059	0.108911	0.019802	9.90099e-09	0	0	0	0	0.790909	0.960784	0.272966	0.564935	0.881579	9.90099e-09	0.108911	9.90099e-09	1	0.118421	0.286107	0.666667	0.666667	0.666667	1	1	191751	1e+20	1.07338e+13	33.7744	29.1119	22.2615	76.3784	24.4791	60.1916	
121000	-142062	-1188.97	-95333.2	-17251.1	0.276129	1	0.113248	17.6604	6.2092	0.00463844	19.9375	0.226337	7552	99	655	-27279.1	39.9664f	61.4525	4	1	1	0.0594059	0.108911	0.019802	9.90099e-09	0	0	0	0	0.836364	0.971014	0.234127	0.529851	0.898551	9.90099e-09	0.108911	9.90099e-09	1	0.124675	0.312121	0.666667	0.666667	0.666667	1	1	191751	1e+20	1.07338e+13	95.7621	21.1939	22.2615	76.3784	39.9664	61.4525	
122000	-141585	-1188.97	-94856.1	-17093.6	0.270714	1	0.132281	15.1193	6.70227	0.0450825	19.6449	0.179514	7430	99	730	-27279.1	41.7643f	98.7192	4	1	1	0.0594059	0.188119	0.0594059	9.90099e-09	0	0	0	0	0.8	0.971774	0.228188	0.54902	0.879032	0.009901	0.108911	9.90099e-09	1	0.111559	0.28533	0.666667	0.666667	0.666667	1	1	191751	1e+20	1.07338e+13	95.7621	21.1939	38.3735	86.8792	41.7643	98.7192	
123000	-142538	-1188.97	-95809.5	-17115.8	0.270714	1	0.140273	14.2579	7.10716	0.0180705	19.6449	0.159643	7447	99	799	-27279.1	63.4696f	78.2577	4	1	1	0.0594059	0.188119	0.0594059	9.90099e-09	0	0	0	0	0.927273	0.959405	0.244624	0.580645	0.869448	0.009901	0.108911	9.90099e-09	1	0.13557	0.316667	0.666667	0.666667	0.666667	1	1	191751	1e+20	1.07338e+13	75.8224	25.9567	38.3735	86.8792	63.4696	78.2577	
124000	-140225	-1188.97	-93496.1	-16843.2	0.268988	1	0.140286	14.2566	7.06249	0.0446073	19.6449	0.160638	7239	99	790	-27279.1	56.1036f	98.8569	4	1	1	0.0594059	0.188119	0.0594059	9.90099e-09	0	0	0	0	0.881818	0.957359	0.237241	0.490683	0.877072	0.009901	0.108911	9.90099e-09	1	0.138122	0.273657	0.666667	0.666667	0.666667	1	1	191751	1e+20	1.07338e+13	75.8224	25.9567	38.3735	86.8792	56.1036	98.8569	
125000	-142329	-1188.97	-95600.1	-17064.9	0.270083	1	0.141757	14.1087	7.16559	0.033326	19.6449	0.156684	7408	99	823	-27279.1	65.7089f	89.5906	4	1	1	0.0693069	0.188119	0.0594059	9.90099e-09	0	0	0	0	0.863636	0.97429	0.267206	0.547619	0.855601	0.009901	0.108911	9.90099e-09	1	0.134953	0.28005	0.666667	0.666667	0.666667	1	1	191751	1e+20	1.07338e+13	75.8224	25.9567	38.3735	86.8792	65.7089	89.5906	
126000	-139292	-1188.97	-92563.4	-16729.8	0.270083	1	0.149107	13.4132	7.53712	0.046243	19.6449	0.141618	7152	99	792	-27279.1	25.7148f	93.6444	4	1	1	0.0693069	0.188119	0.0594059	9.90099e-09	0	0	0	0	0.863636	0.963889	0.242678	0.567901	0.882845	0.009901	0.0792079	9.90099e-09	1	0.157821	0.300254	0.666667	0.666667	0.666667	1	1	191751	1e+20	1.07338e+13	99.4821	41.7476	38.3735	86.8792	25.7148	93.6444	
127000	-143336	-1188.97	-96607.3	-17118.9	0.279506	1	0.160826	12.4358	8.02407	0.0400866	19.4138	0.12333	7448	99	878	-27279.1	51.3459f	96.613	4	1	1	0.0693069	0.188119	0.0594059	9.90099e-09	0	0	0	0	0.836364	0.955585	0.240915	0.414201	0.866756	0.009901	0.0792079	9.90099e-09	1	0.146309	0.32304	0.666667	0.666667	0.666667	1	1	191751	1e+20	1.07338e+13	88.4777	33.2997	38.3735	86.8792	51.3459	96.613	
128000	-143709	-1188.97	-96980.5	-17252.7	0.279506	1	0.146549	13.6473	7.56879	0.0113486	19.5822	0.143487	7553	99	811	-27279.1	64.6489f	69.9726	4	1	1	0.0693069	0.188119	0.029703	9.90099e-09	0	0	0	0	0.854545	0.953642	0.234748	0.520958	0.882275	0.009901	0.0792079	9.90099e-09	1	0.128647	0.27129	0.666667	0.666667	0.666667	1	1	191751	1e+20	1.07338e+13	88.4777	33.2997	38.3735	86.8792	64.6489	69.9726	
129000	-143794	-1188.97	-97065.3	-17271.9	0.27983	1	0.133302	15.0035	6.89262	0.0134257	19.5822	0.17322	7568	99	805	-27279.1	66.2076f	71.5677	4	1	1	0.0693069	0.108911	0.029703	9.90099e-09	0	0	0	0	0.909091	0.96452	0.275229	0.553571	0.890933	0.009901	0.0792079	9.90099e-09	1	0.120894	0.296029	0.666667	0.666667	0.666667	1	1	191751	1e+20	1.07338e+13	88.4777	33.2997	71.3746	68.2175	66.2076	71.5677	
130000	-145267	-1188.97	-98537.8	-17381.6	0.278455	1	0.149362	13.3903	8.19751	0.0167965	19.9007	0.129986	7654	99	854	-27279.1	68.9628f	73.5364	4	1	1	0.0693069	0.108911	0.029703	9.90099e-09	0	0	0	0	0.863636	0.963446	0.258149	0.52907	0.869001	0.009901	0.0792079	9.90099e-09	1	0.141375	0.257611	0.666667	0.666667	0.666667	1	1	191751	1e+20	1.07338e+13	94.8053	12.5591	71.3746	68.2175	68.9628	73.5364	
131000	-144267	-1188.97	-97537.9	-17330.7	0.273523	1	0.140411	14.2439	7.56971	0.0139213	19.9007	0.149741	7613	99	801	-27279.1	67.8224f	29.1172	4	1	1	0.0693069	0.108911	0.029703	9.90099e-09	0	0	0	0	0.918182	0.965789	0.254617	0.512195	0.883049	0.009901	0.0792079	9.90099e-09	1	0.13307	0.303526	0.666667	0.666667	0.666667	1	1	191751	1e+20	1.07338e+13	94.8053	12.5591	71.3746	68.2175	67.8224	29.1172	
132000	-141995	-1188.97	-95266.1	-17153.1	0.273523	1	0.119277	16.7677	6.50726	0.00256596	19.96	0.205053	7476	99	725	-27279.1	47.3248f	60.7742	4	1	1	0.0693069	0.108911	0.029703	9.90099e-09	0	0	0	0	0.845455	0.957162	0.258065	0.513333	0.883065	0.009901	0.0792079	9.90099e-09	1	0.121658	0.289157	0.666667	0.666667	0.666667	1	1	191751	1e+20	1.07338e+13	94.8053	12.5591	71.3746	68.2175	47.3248	60.7742	
133000	-142592	-1188.97	-95863.4	-17160.4	0.278301	1	0.131742	15.1812	7.34867	0.0271775	19.9843	0.164394	7481	99	766	-27279.1	52.6546f	88.2572	4	1	1	0.0693069	0.108911	0.029703	9.90099e-09	0	0	0	0	0.872727	0.955882	0.230254	0.486842	0.882195	9.90099e-09	0.0792079	9.90099e-09	1	0.130841	0.283641	0.666667	0.666667	0.666667	1	1	191751	1e+20	1.07338e+13	94.8053	12.5591	71.3746	68.2175	52.6546	88.2572	
134000	-143825	-1188.97	-97096.5	-17284.5	0.278297	1	0.130594	15.3146	7.28452	0.0148567	19.9843	0.1673	7578	99	788	-27279.1	69.5218f	70.6593	4	1	1	0.0693069	0.227723	0.039604	9.90099e-09	0	0	0	0	0.872727	0.968421	0.25887	0.529412	0.873351	9.90099e-09	0.0792079	9.90099e-09	1	0.147757	0.304291	0.666667	0.666667	0.666667	1	1	191751	1e+20	1.07338e+13	94.8053	12.5591	71.3746	68.2175	69.5218	70.6593	
135000	-144001	-1188.97	-97272.5	-17326.7	0.278297	1	0.135737	14.7344	7.54933	0.0509703	19.9698	0.155315	7611	99	779	-27279.1	99.2979f	69.1338	4	1	1	0.0693069	0.227723	0.039604	9.90099e-09	0	0	0	0	0.863636	0.959318	0.278215	0.518987	0.872848	9.90099e-09	0.0792079	9.90099e-09	1	0.139108	0.270631	0.666667	0.666667	0.666667	1	1	191751	1e+20	1.07338e+13	78.848	30.8175	97.9545	67.4909	99.2979	69.1338	
136000	-144002	-1188.97	-97273.3	-17260.1	0.27792	1	0.141675	14.1168	7.91643	0.0428622	19.9998	0.141905	7559	99	828	-27279.1	96.6689f	36.8551	4	1	1	0.0693069	0.227723	0.039604	9.90099e-09	0	0	0	0	0.854545	0.969657	0.26378	0.584906	0.883202	9.90099e-09	0.0792079	9.90099e-09	1	0.120894	0.306763	0.666667	0.666667	0.666667	1	1	191751	1e+20	1.07338e+13	66.0731	19.9342	97.9545	67.4909	96.6689	36.8551	
137000	-143024	-1188.97	-96295.5	-17114.2	0.27792	1	0.141675	14.1168	7.91643	0.0146481	19.9998	0.141905	7445	99	843	-27279.1	77.0567f	41.7768	4	1	1	0.0693069	0.227723	0.039604	9.90099e-09	0	0	0	0	0.854545	0.948925	0.244295	0.472393	0.867114	9.90099e-09	0.0792079	9.90099e-09	1	0.138255	0.298225	0.666667	0.666667	0.666667	1	1	191751	1e+20	1.07338e+13	66.0731	19.9342	91.3671	41.383	77.0567	41.7768	
138000	-143553	-1188.97	-96824	-17252.4	0.27792	1	0.131604	15.1972	7.35368	0.0146293	19.9998	0.164455	7553	99	793	-27279.1	70.4796f	30.6442	4	1	1	0.0693069	0.227723	0.039604	9.90099e-09	0	0	0	0	0.863636	0.962667	0.267023	0.534161	0.862434	9.90099e-09	0.0792079	9.90099e-09	1	0.149471	0.331652	0.666667	0.666667	0.666667	1	1	191751	1e+20	1.07338e+13	66.0731	19.9342	91.3671	41.383	70.4796	30.6442	
139000	-142457	-1188.97	-95728.1	-17117.2	0.275813	1	0.131604	15.1972	7.2979	0.026376	19.9998	0.165712	7448	99	789	-27279.1	87.9592f	47.6304	4	1	1	0.039604	0.227723	0.039604	9.90099e-09	0	0	0	0	0.863636	0.972074	0.275266	0.46988	0.892287	9.90099e-09	0.108911	9.90099e-09	1	0.12349	0.291508	0.666667	0.666667	0.666667	1	1	191751	1e+20	1.07338e+13	66.0731	19.9342	91.3671	41.383	87.9592	47.6304	
140000	-145513	-1188.97	-98784.4	-17484	0.284328	1	0.130212	15.3596	6.88508	0.0415717	19.6136	0.177526	7735	99	797	-27279.1	96.5622f	39.3986	4	1	1	0.039604	0.0693069	0.009901	9.90099e-09	0	0	0	0	0.854545	0.970246	0.271318	0.60355	0.877102	9.90099e-09	0.108911	9.90099e-09	1	0.162581	0.286073	0.666667	0.666667	0.666667	1	1	191751	1e+20	1.07338e+13	66.0731	19.9342	91.3671	41.383	96.5622	39.3986	
141000	-146707	-1188.97	-99978.1	-17602.2	0.284328	1	0.130212	15.3596	6.88508	0.0289187	19.6136	0.177526	7829	99	812	-27279.1	89.819f	51.0007	4	1	1	0.039604	0.0693069	0.009901	0.009901	0	0	0	0	0.845455	0.96051	0.270754	0.481707	0.875	9.90099e-09	0.108911	9.90099e-09	1	0.150702	0.308564	0.666667	0.666667	0.666667	1	1	191751	1e+20	1.07338e+13	66.0731	19.9342	91.3671	41.383	89.819	51.0007	
142000	-144435	-1188.97	-97706.3	-17424.5	0.281745	1	0.130212	15.3596	7.00067	0.0432889	19.7404	0.174594	7688	99	743	-27279.1	91.5058f	75.4973	4	1	1	0.039604	0.0693069	0.009901	0.009901	0	0	0	0	0.881818	0.968791	0.238961	0.519231	0.877577	9.90099e-09	0.108911	9.90099e-09	1	0.115735	0.260652	0.666667	0.666667	0.666667	1	1	191751	1e+20	1.07338e+13	66.0731	19.9342	91.3671	41.383	91.5058	75.4973	
143000	-147569	-1188.97	-100840	-17738.6	0.288915	1	0.119201	16.7784	6.64429	0.0283613	19.7946	0.200952	7939	99	782	-27279.1	89.0574f	44.5348	4	1	1	0.039604	0.0693069	0.009901	0.009901	0	0	0	0	0.863636	0.974843	0.2733	0.447368	0.874842	9.90099e-09	0.108911	9.90099e-09	1	0.141058	0.277778	0.666667	0.666667	0.666667	1	1	191751	1e+20	1.07338e+13	66.0731	19.9342	91.3671	41.383	89.0574	44.5348	
144000	-152192	-1188.97	-105463	-18256.6	0.308145	1	0.123616	16.1791	7.34904	0.0379107	19.7946	0.175192	8368	99	803	-27279.1	84.3851f	20.1686	4	1	1	0.039604	0.0693069	0.009901	0.009901	0	0	0	0	0.863636	0.958084	0.24463	0.51875	0.902031	9.90099e-09	0.108911	9.90099e-09	1	0.135492	0.31125	0.666667	0.666667	0.666667	1	1	191751	1e+20	1.07338e+13	66.0731	19.9342	91.3671	41.383	84.3851	20.1686	
145000	-153358	-1188.97	-106629	-18321.3	0.308145	1	0.129691	15.4213	7.71015	0.0150136	19.7946	0.159166	8423	99	845	-27279.1	78.5672f	47.8147	4	1	1	0.0693069	0.0693069	0.009901	0.009901	0	0	0	0	0.881818	0.966746	0.250297	0.52381	0.874259	0.019802	0.0594059	9.90099e-09	1	0.143535	0.289323	0.666667	0.666667	0.666667	1	1	191751	1e+20	1.07338e+13	66.0731	19.9342	91.3671	41.383	78.5672	47.8147	
146000	-152120	-1188.97	-105391	-18289.6	0.308145	1	0.122922	16.2705	6.87238	0.0218355	19.493	0.188401	8396	99	765	-27279.1	48.2987f	15.7952	4	1	1	0.0693069	0.0693069	0.009901	0.009901	0	0	0	0	0.836364	0.967895	0.269596	0.544304	0.896797	0.019802	0.0594059	9.90099e-09	1	0.118765	0.279739	0.666667	0.666667	0.666667	1	1	191751	1e+20	1.07338e+13	66.0731	19.9342	43.6555	25.6898	48.2987	15.7952	
147000	-151634	-1188.97	-104905	-18203.3	0.306693	1	0.126577	15.8007	7.04338	0.00747765	19.493	0.178519	8323	99	791	-27279.1	31.7208f	43.1719	4	1	1	0.0693069	0.128713	0.049505	0.009901	0	0	0	0	0.863636	0.97479	0.256903	0.477707	0.870348	0.019802	0.0594059	9.90099e-09	1	0.116727	0.31242	0.666667	0.666667	0.666667	1	1	191751	1e+20	1.07338e+13	66.0731	19.9342	43.6555	25.6898	31.7208	43.1719	
148000	-152063	-1188.97	-105334	-18158	0.303313	1	0.128448	15.5705	7.06874	0.0428727	19.493	0.175287	8285	99	862	-27279.1	72.2807f	7.12284	4	1	1	0.0693069	0.128713	0.049505	0.009901	0	0	0	0	0.818182	0.966184	0.277913	0.567073	0.875	0.019802	0.0594059	9.90099e-09	1	0.130435	0.299387	0.666667	0.666667	0.666667	1	1	191751	1e+20	1.07338e+13	57.7487	7.70082	43.6555	25.6898	72.2807	7.12284	
149000	-151381	-1188.97	-104652	-18149.7	0.303904	1	0.135352	14.7763	7.46316	0.00302124	19.493	0.157555	8278	99	812	-27279.1	48.92f	37.8869	4	1	1	0.0693069	0.128713	0.049505	0.009901	0	0	0	0	0.890909	0.946108	0.252721	0.520468	0.885266	0.019802	0.0594059	9.90099e-09	1	0.124547	0.308523	0.666667	0.666667	0.666667	1	1	191751	1e+20	1.07338e+13	57.7487	7.70082	43.6555	25.6898	48.92	37.8869	
150000	-151320	-1188.97	-104591	-18125.9	0.303904	1	0.134477	14.8724	7.41493	0.00175765	19.493	0.159612	8258	99	830	-27279.1	45.6027f	42.3965	4	1	1	0.0693069	0.128713	0.049505	0.009901	0	0	0	0	0.845455	0.957678	0.25908	0.45679	0.883777	0.019802	0.0594059	9.90099e-09	1	0.146489	0.290771	0.666667	0.666667	0.666667	1	1	191751	1e+20	1.07338e+13	57.7487	7.70082	43.6555	25.6898	45.6027	42.3965	
151000	-150274	-1188.97	-103545	-18066.3	0.303904	1	0.141797	14.1046	7.33433	0.0083033	19.1839	0.153035	8208	99	783	-27279.1	55.0837f	29.663	4	1	1	0.029703	0.128713	0.049505	0.009901	0	0	0	0	0.881818	0.975639	0.247259	0.512658	0.874696	0.019802	0.0594059	9.90099e-09	1	0.109622	0.344828	0.666667	0.666667	0.666667	1	1	191751	1e+20	1.07338e+13	57.7487	7.70082	43.6555	25.6898	55.0837	29.663	
152000	-148839	-1188.97	-102110	-17943.7	0.30174	1	0.126974	15.7512	6.81839	0.0332241	19.3991	0.183833	8106	99	752	-27279.1	34.8029f	10.5701	4	1	1	0.029703	0.128713	0.049505	9.90099e-09	0	0	0	0	0.845455	0.959057	0.228395	0.513333	0.892593	0.019802	0.0990099	9.90099e-09	1	0.128395	0.334228	0.666667	0.666667	0.666667	1	1	191751	1e+20	1.07338e+13	57.7487	7.70082	43.6555	25.6898	34.8029	10.5701	
153000	-148923	-1188.97	-102194	-17935.5	0.296937	1	0.1182	16.9205	6.55198	0.0140298	19.6323	0.205508	8100	99	755	-27279.1	41.2773f	24.1729	4	1	1	0.029703	0.128713	0.039604	9.90099e-09	0	0	0	0	0.772727	0.970297	0.241677	0.433333	0.902589	0.019802	0.0990099	9.90099e-09	1	0.139334	0.297844	0.666667	0.666667	0.666667	1	1	191751	1e+20	1.07338e+13	72.03	12.7429	59.1997	53.416	41.2773	24.1729	
154000	-149469	-1188.97	-102740	-17983.7	0.302859	1	0.122583	16.3155	6.93047	0.00807669	19.6323	0.187338	8139	99	767	-27279.1	56.2789f	30.2918	4	1	1	0.029703	0.148515	0.039604	9.90099e-09	0	0	0	0	0.809091	0.970552	0.234356	0.487342	0.887117	0.019802	0.0990099	9.90099e-09	1	0.115479	0.304071	0.666667	0.666667	0.666667	1	1	191751	1e+20	1.07338e+13	72.03	12.7429	59.1997	53.416	56.2789	30.2918	
155000	-149830	-1188.97	-103101	-18050.4	0.30203	1	0.118427	16.8881	6.78268	0.0531066	19.7094	0.198138	8195	99	745	-27279.1	92.1908f	16.4465	4	1	1	0.029703	0.148515	0.039604	9.90099e-09	0	0	0	0	0.909091	0.962195	0.264957	0.533784	0.904762	0.019802	0.0990099	9.90099e-09	1	0.0963415	0.324061	0.666667	0.666667	0.666667	1	1	191751	1e+20	1.07338e+13	72.03	12.7429	59.1997	53.416	92.1908	16.4465	
156000	-150394	-1188.97	-103665	-18163	0.306004	1	0.108351	18.4586	5.72149	0.0262635	19.2502	0.256732	8289	99	714	-27279.1	74.1524f	20.8929	4	1	1	0.029703	0.148515	0.039604	9.90099e-09	0	0	0	0	0.890909	0.968637	0.240048	0.471429	0.901086	0.019802	0.0990099	9.90099e-09	1	0.119421	0.320917	0.666667	0.666667	0.666667	1	1	191751	1e+20	1.07338e+13	21.4924	28.6976	56.3376	39.1363	74.1524	20.8929	
157000	-151543	-1188.97	-104814	-18198.5	0.306004	1	0.128387	15.5779	6.00629	0.00684659	18.6761	0.206392	8319	99	790	-27279.1	51.6701f	31.1545	4	1	1	0.029703	0.148515	0.039604	9.90099e-09	0	0	0	0	0.863636	0.961492	0.226619	0.512346	0.883273	9.90099e-09	0.0990099	9.90099e-09	1	0.121394	0.341646	0.666667	0.666667	0.666667	1	1	191751	1e+20	1.07338e+13	77.7937	36.2676	56.3376	39.1363	51.6701	31.1545	
158000	-151200	-1188.97	-104471	-18190.2	0.303943	1	0.12165	16.4407	5.97745	0.00289593	18.9387	0.218874	8312	99	763	-27279.1	57.8809f	40.8027	4	1	1	0.049505	0.148515	0.039604	9.90099e-09	0	0	0	0	0.918182	0.9689	0.271309	0.461538	0.899758	9.90099e-09	0.0693069	9.90099e-09	1	0.11899	0.301587	0.666667	0.666667	0.666667	1	1	191751	1e+20	1.07338e+13	77.7937	36.2676	56.3376	39.1363	57.8809	40.8027	
159000	-151282	-1188.97	-104553	-18139	0.303943	1	0.130089	15.374	6.39215	0.0205704	18.9387	0.191395	8269	99	812	-27279.1	18.2341f	58.8612	4	1	1	0.049505	0.148515	0.039604	9.90099e-09	0	0	0	0	0.881818	0.966265	0.259976	0.530488	0.878019	9.90099e-09	0.0693069	9.90099e-09	1	0.11971	0.30198	0.666667	0.666667	0.666667	1	1	191751	1e+20	1.07338e+13	77.7937	36.2676	8.93147	33.7434	18.2341	58.8612	
160000	-151031	-1188.97	-104302	-18099.5	0.301394	1	0.140111	14.2744	6.82684	0.0315758	18.9387	0.166391	8236	99	819	-27279.1	18.3202f	23.8716	4	1	1	0.049505	0.168317	0.039604	9.90099e-09	0	0	0	0	0.836364	0.972121	0.269091	0.547619	0.889697	9.90099e-09	0.0693069	9.90099e-09	1	0.131068	0.281741	0.666667	0.666667	0.666667	1	1	191751	1e+20	1.07338e+13	73.5181	24.6746	8.93147	33.7434	18.3202	23.8716	
161000	-151361	-1188.97	-104632	-18122.3	0.301394	1	0.138531	14.4372	7.45513	0.035914	19.4151	0.154105	8255	99	830	-27279.1	14.2779f	24.6133	4	1	1	0.049505	0.168317	0.039604	9.90099e-09	0	0	0	0	0.890909	0.961306	0.247273	0.42515	0.876979	9.90099e-09	0.0693069	9.90099e-09	1	0.121065	0.29816	0.666667	0.666667	0.666667	1	1	191751	1e+20	1.07338e+13	73.5181	24.6746	8.93147	33.7434	14.2779	24.6133	
162000	-153784	-1188.97	-107055	-18378.3	0.314652	1	0.138531	14.4372	7.83247	0.000970018	19.4459	0.146681	8471	99	840	-27279.1	47.9045f	55.6455	4	1	1	0.049505	0.168317	0.039604	0.019802	0	0	0	0	0.827273	0.950413	0.220779	0.531792	0.895785	9.90099e-09	0.0693069	9.90099e-09	1	0.123821	0.290476	0.666667	0.666667	0.666667	1	1	191751	1e+20	1.07338e+13	73.5181	24.6746	21.6814	44.8436	47.9045	55.6455	
163000	-155110	-1188.97	-108381	-18503.8	0.310725	1	0.13333	15.0004	7.44431	0.00744419	19.4459	0.16035	8579	99	860	-27279.1	38.6335f	65.9726	4	1	1	0.049505	0.168317	0.039604	0.019802	0	0	0	0	0.818182	0.970862	0.243243	0.464286	0.874259	9.90099e-09	0.0693069	9.90099e-09	1	0.129371	0.298957	0.666667	0.666667	0.666667	1	1	191751	1e+20	1.07338e+13	73.5181	24.6746	21.6814	44.8436	38.6335	65.9726	
164000	-152817	-1188.97	-106088	-18344.9	0.310725	1	0.11705	17.0867	6.53535	0.04373	19.4459	0.208056	8443	99	779	-27279.1	1.62809f	49.2059	4	1	1	0.049505	0.168317	0.039604	0.019802	0	0	0	0	0.881818	0.957497	0.256532	0.539877	0.896349	9.90099e-09	0.158416	9.90099e-09	1	0.108747	0.308497	0.666667	0.666667	0.666667	1	1	191751	1e+20	1.07338e+13	73.5181	24.6746	21.6814	44.8436	1.62809	49.2059	
165000	-152146	-1188.97	-105417	-18276.8	0.312913	1	0.118627	16.8595	6.67005	0.042468	19.4459	0.201144	8384	99	775	-27279.1	3.25991f	40.6433	4	1	1	0.039604	0.168317	0.039604	0.019802	0	0	0	0	0.854545	0.958284	0.25687	0.496815	0.897497	9.90099e-09	0.158416	9.90099e-09	1	0.101311	0.310256	0.666667	0.666667	0.666667	1	1	191751	1e+20	1.07338e+13	45.223	11.9681	13.1146	52.4698	3.25991	40.6433	
166000	-154428	-1188.97	-107699	-18469.7	0.314241	1	0.127461	15.6911	7.19712	0.0032733	19.4459	0.173494	8550	99	832	-27279.1	56.7207f	61.0652	4	1	1	0.039604	0.138614	0.039604	0.019802	0	0	0	0	0.818182	0.962529	0.257276	0.493827	0.899884	9.90099e-09	0.158416	9.90099e-09	1	0.125	0.31769	0.666667	0.666667	0.666667	1	1	191751	1e+20	1.07338e+13	45.223	11.9681	13.1146	52.4698	56.7207	61.0652	
167000	-154965	-1188.97	-108236	-18419.9	0.314241	1	0.139763	14.3099	7.8918	0.0032733	19.4459	0.144295	8507	99	916	-27279.1	56.7207f	61.0652	4	1	1	0.039604	0.138614	0.029703	0.019802	0	0	0	0	0.836364	0.950646	0.244104	0.5	0.86052	9.90099e-09	0.158416	9.90099e-09	1	0.129717	0.283843	0.666667	0.666667	0.666667	1	1	191751	1e+20	1.07338e+13	45.223	11.9681	13.1146	52.4698	56.7207	61.0652	
168000	-154186	-1188.97	-107457	-18371.5	0.314773	1	0.139763	14.3099	7.90517	0.0341143	19.4459	0.144051	8465	99	890	-27279.1	8.40528f	40.5422	4	1	1	0.039604	0.138614	0.029703	0.019802	0	0	0	0	0.881818	0.9609	0.260921	0.516484	0.878394	0.009901	0.158416	9.90099e-09	1	0.135071	0.298876	0.666667	0.666667	0.666667	1	1	191751	1e+20	1.07338e+13	45.223	11.9681	13.1146	52.4698	8.40528	40.5422	
169000	-152726	-1188.97	-105997	-18202.1	0.303582	1	0.139763	14.3099	7.62412	0.0446038	19.4459	0.149361	8322	99	889	-27279.1	10.979f	79.5428	4	1	1	0.039604	0.138614	0.029703	0.019802	0	0	0	0	0.854545	0.971188	0.264916	0.472527	0.889556	0.009901	0.158416	9.90099e-09	1	0.121249	0.294713	0.666667	0.666667	0.666667	1	1	191751	1e+20	1.07338e+13	45.223	11.9681	13.1146	52.4698	10.979	79.5428	
170000	-150945	-1188.97	-104216	-18149	0.299915	1	0.132759	15.0649	7.15454	0.00368567	19.4459	0.167562	8277	99	771	-27279.1	45.508f	62.7725	4	1	1	0.0792079	0.138614	0.029703	0.019802	0	0	0	0	0.918182	0.965978	0.262394	0.40625	0.874396	0.009901	0.118812	9.90099e-09	1	0.0966184	0.315271	0.666667	0.666667	0.666667	1	1	191751	1e+20	1.07338e+13	45.223	11.9681	36.2775	61.7118	45.508	62.7725	
171000	-151375	-1188.97	-104646	-18209.3	0.299915	1	0.118048	16.9423	6.34644	0.0143894	19.4342	0.212439	8327	99	763	-27279.1	56.9942f	76.947	4	1	1	0.0792079	0.138614	0.029703	0.019802	0	0	0	0	0.845455	0.971292	0.270108	0.597315	0.90311	0.009901	0.118812	9.90099e-09	1	0.118421	0.278515	0.666667	0.666667	0.666667	1	1	191751	1e+20	1.07338e+13	45.223	11.9681	36.2775	61.7118	56.9942	76.947	
172000	-150331	-1188.97	-103603	-18090	0.299915	1	0.135709	14.7374	7.29596	0.0143894	19.4342	0.160742	8228	99	765	-27279.1	56.9942f	76.947	4	1	1	0.0792079	0.138614	0.029703	0.019802	0	0	0	0	0.854545	0.965937	0.283272	0.589744	0.891331	0.009901	0.118812	9.90099e-09	1	0.117216	0.301961	0.666667	0.666667	0.666667	1	1	191751	1e+20	1.07338e+13	45.223	11.9681	36.2775	61.7118	56.9942	76.947	
173000	-151215	-1188.97	-104486	-18161.1	0.299915	1	0.127005	15.7474	6.82802	0.00518406	19.4342	0.183529	8287	99	782	-27279.1	42.1128f	64.1721	4	1	1	0.0792079	0.138614	0.009901	9.90099e-09	0	0	0	0	0.872727	0.972389	0.237064	0.512658	0.91918	0.009901	0.118812	9.90099e-09	1	0.125452	0.258312	0.666667	0.666667	0.666667	1	1	191751	1e+20	1.07338e+13	45.223	11.9681	36.2775	61.7118	42.1128	64.1721	
174000	-151224	-1188.97	-104495	-18110.5	0.299915	1	0.12427	16.094	7.16526	0.000713818	19.7772	0.17874	8245	99	821	-27279.1	46.4528f	47.1055	4	1	1	0.0792079	0.138614	0.009901	9.90099e-09	0	0	0	0	0.863636	0.957729	0.265133	0.566265	0.899516	0.009901	0.118812	9.90099e-09	1	0.126812	0.288599	0.666667	0.666667	0.666667	1	1	191751	1e+20	1.07338e+13	45.223	11.9681	36.2775	61.7118	46.4528	47.1055	
175000	-151142	-1188.97	-104413	-18049.7	0.303961	1	0.131544	15.2041	7.69703	0.0358041	19.7836	0.157191	8194	99	857	-27279.1	21.1658f	17.0306	4	1	1	0.0792079	0.138614	0.009901	9.90099e-09	0	0	0	0	0.809091	0.953715	0.292326	0.581395	0.867073	0.009901	0.118812	9.90099e-09	1	0.12561	0.276546	0.666667	0.666667	0.666667	1	1	191751	1e+20	1.07338e+13	63.6835	13.5243	55.3308	18.0839	21.1658	17.0306	
176000	-152554	-1188.97	-105825	-18211.6	0.303961	1	0.128159	15.6056	7.8263	0.0501368	19.9961	0.158677	8330	99	860	-27279.1	19.5165f	7.93288	4	1	1	0.0792079	0.138614	0.009901	9.90099e-09	0	0	0	0	0.836364	0.970024	0.272289	0.527273	0.895683	0.009901	0.108911	9.90099e-09	1	0.130695	0.290361	0.666667	0.666667	0.666667	1	1	191751	1e+20	1.07338e+13	63.6835	13.5243	62.3843	29.6463	19.5165	7.93288	
177000	-152471	-1188.97	-105742	-18191.4	0.303961	1	0.140771	14.2075	8.59643	0.0102442	19.9961	0.131519	8313	99	872	-27279.1	34.4604f	67.1204	4	1	1	0.029703	0.138614	0.009901	9.90099e-09	0	0	0	0	0.845455	0.944712	0.251504	0.482759	0.867788	0.009901	0.108911	9.90099e-09	1	0.145433	0.299889	0.666667	0.666667	0.666667	1	1	191751	1e+20	1.07338e+13	66.6224	20.0674	42.0161	43.666	34.4604	67.1204	
178000	-154708	-1188.97	-107979	-18331.9	0.303961	1	0.140225	14.2628	8.56311	0.0526716	19.9961	0.132545	8431	99	957	-27279.1	93.1646f	18.0678	4	1	1	0.029703	0.138614	0.009901	9.90099e-09	0	0	0	0	0.790909	0.951306	0.237248	0.486631	0.887441	0.009901	0.108911	9.90099e-09	1	0.14218	0.299681	0.666667	0.666667	0.666667	1	1	191751	1e+20	1.07338e+13	66.6224	20.0674	42.0161	43.666	93.1646	18.0678	
179000	-152064	-1188.97	-105335	-18134.2	0.303961	1	0.134328	14.8889	8.03676	0.0370138	19.894	0.147425	8265	99	877	-27279.1	51.5835f	5.27935	4	1	1	0.029703	0.138614	0.039604	9.90099e-09	0	0	0	0	0.772727	0.963592	0.242718	0.481675	0.86303	0.009901	0.108911	9.90099e-09	1	0.153939	0.290993	0.666667	0.666667	0.666667	1	1	191751	1e+20	1.07338e+13	66.6224	20.0674	42.0161	43.666	51.5835	5.27935	
180000	-151417	-1188.97	-104688	-18129.4	0.303961	1	0.126138	15.8556	7.54675	0.0024085	19.894	0.167191	8261	99	822	-27279.1	51.8717f	60.6737	4	1	1	0.029703	0.158416	0.039604	9.90099e-09	0	0	0	0	0.845455	0.967273	0.265281	0.497006	0.89312	9.90099e-09	0.108911	9.90099e-09	1	0.124547	0.331354	0.666667	0.666667	0.666667	1	1	191751	1e+20	1.07338e+13	83.6996	20.1524	42.0161	43.666	51.8717	60.6737	
181000	-149928	-1188.97	-103199	-17982.8	0.298994	1	0.121246	16.4954	7.1355	0.0157734	19.894	0.183962	8139	99	802	-27279.1	36.0616f	75.3647	4	1	1	0.029703	0.158416	0.039604	9.90099e-09	0	0	0	0	0.836364	0.960832	0.248775	0.540698	0.89951	9.90099e-09	0.108911	9.90099e-09	1	0.126536	0.286915	0.666667	0.666667	0.666667	1	1	191751	1e+20	1.07338e+13	83.6996	20.1524	59.5517	76.9287	36.0616	75.3647	
182000	-150481	-1188.97	-103752	-18031.1	0.298994	1	0.125776	15.9013	7.40212	0.0121581	19.894	0.170949	8179	99	812	-27279.1	62.6504f	72.2827	4	1	1	0.029703	0.158416	0.039604	9.90099e-09	0	0	0	0	0.827273	0.97558	0.222494	0.6	0.876528	9.90099e-09	0.108911	9.90099e-09	1	0.129584	0.295343	0.666667	0.666667	0.666667	1	1	191751	1e+20	1.07338e+13	83.6996	20.1524	59.5517	76.9287	62.6504	72.2827	
183000	-150255	-1188.97	-103526	-18004.5	0.298994	1	0.125776	15.9013	7.15771	0.00677278	19.7277	0.176786	8157	99	822	-27279.1	67.389f	57.9079	4	1	1	0.029703	0.158416	0.039604	9.90099e-09	0	0	0	0	0.809091	0.969438	0.235941	0.579268	0.887409	9.90099e-09	0.108911	9.90099e-09	1	0.140436	0.297365	0.666667	0.666667	0.666667	1	1	191751	1e+20	1.07338e+13	83.6996	20.1524	59.5517	76.9287	67.389	57.9079	
184000	-151052	-1188.97	-104323	-18138.8	0.307986	1	0.116887	17.1105	6.8519	0.0281325	19.7277	0.19872	8268	99	789	-27279.1	44.63f	88.5879	4	1	1	0.029703	0.158416	0.039604	9.90099e-09	0	0	0	0	0.890909	0.96977	0.242718	0.496689	0.898795	9.90099e-09	0.108911	9.90099e-09	1	0.129383	0.275032	0.666667	0.666667	0.666667	1	1	191751	1e+20	1.07338e+13	83.6996	20.1524	59.5517	76.9287	44.63	88.5879	
185000	-151046	-1188.97	-104317	-18082.8	0.299824	1	0.121214	16.4997	6.91727	0.0371132	19.7277	0.189815	8222	99	826	-27279.1	80.3309f	83.309	4	1	1	0.029703	0.158416	0.039604	9.90099e-09	0	0	0	0	0.863636	0.974638	0.262394	0.54321	0.890909	9.90099e-09	0.108911	9.90099e-09	1	0.137681	0.33375	0.666667	0.666667	0.666667	1	1	191751	1e+20	1.07338e+13	83.6996	20.1524	59.5517	76.9287	80.3309	83.309	
186000	-149481	-1188.97	-102752	-17970.8	0.295921	1	0.125431	15.945	7.06473	0.0198922	19.7277	0.179605	8129	99	775	-27279.1	56.3658f	82.1657	4	1	1	0.029703	0.138614	0.009901	9.90099e-09	0	0	0	0	0.881818	0.97037	0.286241	0.518293	0.891224	9.90099e-09	0.108911	9.90099e-09	1	0.134071	0.280813	0.666667	0.666667	0.666667	1	1	191751	1e+20	1.07338e+13	74.2755	35.631	59.5517	76.9287	56.3658	82.1657	
187000	-151116	-1188.97	-104388	-18149.2	0.299583	1	0.117788	16.9797	6.71632	0.0288091	19.7277	0.201181	8277	99	784	-27279.1	20.1557f	75.4642	4	1	1	0.029703	0.138614	0.009901	9.90099e-09	0	0	0	0	0.872727	0.966184	0.253317	0.545455	0.880096	9.90099e-09	0.108911	9.90099e-09	1	0.115942	0.305374	0.666667	0.666667	0.666667	1	1	191751	1e+20	1.07338e+13	49.1583	26.7663	49.9127	62.9898	20.1557	75.4642	
188000	-150249	-1188.97	-103520	-17996.1	0.299583	1	0.130284	15.351	7.42889	0.00499381	19.7277	0.164439	8150	99	824	-27279.1	63.9738f	41.6532	4	1	1	0.029703	0.138614	0.009901	9.90099e-09	0	0	0	0	0.854545	0.977968	0.231618	0.562092	0.879755	9.90099e-09	0.138614	9.90099e-09	1	0.127451	0.324029	0.666667	0.666667	0.666667	1	1	191751	1e+20	1.07338e+13	70.4148	68.3942	49.9127	62.9898	63.9738	41.6532	
189000	-150842	-1188.97	-104113	-18149.9	0.301362	1	0.123436	16.2027	7.08017	0.00759127	19.7277	0.18211	8278	99	750	-27279.1	54.088f	69.629	4	1	1	0.029703	0.138614	0.009901	9.90099e-09	0	0	0	0	0.790909	0.959085	0.268351	0.55625	0.906137	9.90099e-09	0.138614	9.90099e-09	1	0.107229	0.28041	0.666667	0.666667	0.666667	1	1	191751	1e+20	1.07338e+13	70.4148	68.3942	49.9127	62.9898	54.088	69.629	
190000	-153387	-1188.97	-106658	-18316.5	0.303671	1	0.126935	15.7562	7.33662	0.00171987	19.7277	0.170901	8418	99	851	-27279.1	42.7117f	54.5624	4	1	1	0.0891089	0.138614	0.009901	9.90099e-09	0	0	0	0	0.818182	0.96195	0.265403	0.473373	0.885986	9.90099e-09	0.138614	9.90099e-09	1	0.119952	0.291714	0.666667	0.666667	0.666667	1	1	191751	1e+20	1.07338e+13	70.4148	68.3942	49.9127	62.9898	42.7117	54.5624	
191000	-153463	-1188.97	-106734	-18339.1	0.307306	1	0.130742	15.2973	7.64715	0.013414	19.7277	0.159186	8438	99	840	-27279.1	73.0553f	64.1241	4	1	1	0.0891089	0.138614	0.009901	9.90099e-09	0	0	0	0	0.854545	0.966942	0.250888	0.464706	0.894923	9.90099e-09	0.138614	9.90099e-09	1	0.134593	0.3	0.666667	0.666667	0.666667	1	1	191751	1e+20	1.07338e+13	96.7803	35.9648	49.9127	62.9898	73.0553	64.1241	
192000	-152520	-1188.97	-105791	-18261.3	0.307306	1	0.12263	16.3092	7.17268	0.0161275	19.7277	0.180943	8372	99	816	-27279.1	21.6703f	43.3706	4	1	1	0.0891089	0.158416	9.90099e-09	9.90099e-09	0	0	0	0	0.890909	0.9642	0.247619	0.565714	0.893795	9.90099e-09	0.138614	9.90099e-09	1	0.137232	0.307598	0.666667	0.666667	0.666667	1	1	191751	1e+20	1.07338e+13	33.7733	3.74219	49.9127	62.9898	21.6703	43.3706	
193000	-153240	-1188.97	-106511	-18338.1	0.311975	1	0.122859	16.2789	7.29522	0.0161275	19.7277	0.177573	8437	99	822	-27279.1	21.6703f	43.3706	4	1	1	0.0891089	0.158416	9.90099e-09	9.90099e-09	0	0	0	0	0.881818	0.9609	0.266588	0.54717	0.889417	9.90099e-09	0.138614	9.90099e-09	1	0.107015	0.312346	0.666667	0.666667	0.666667	1	1	191751	1e+20	1.07338e+13	91.3482	48.2682	49.9127	62.9898	21.6703	43.3706	
194000	-153970	-1188.97	-107241	-18413.8	0.311975	1	0.121638	16.4422	7.46662	0.0193162	19.8921	0.175238	8502	99	818	-27279.1	39.8128f	80.4913	4	1	1	0.0891089	0.158416	9.90099e-09	9.90099e-09	0	0	0	0	0.863636	0.975496	0.251469	0.472727	0.884393	9.90099e-09	0.138614	9.90099e-09	1	0.122209	0.276332	0.666667	0.666667	0.666667	1	1	191751	1e+20	1.07338e+13	50.2586	6.69341	4.62917	95.0983	39.8128	80.4913	
195000	-155234	-1188.97	-108505	-18523.6	0.319282	1	0.119282	16.7671	7.49346	0.0573399	19.8921	0.178059	8596	99	845	-27279.1	17.8099f	95.3769	4	1	1	0.0891089	0.158416	9.90099e-09	9.90099e-09	0	0	0	0	0.863636	0.96028	0.276744	0.484663	0.903376	9.90099e-09	0.108911	9.90099e-09	1	0.128505	0.320197	0.666667	0.666667	0.666667	1	1	191751	1e+20	1.07338e+13	50.2586	6.69341	4.62917	95.0983	17.8099	95.3769	
196000	-156110	-1188.97	-109381	-18612.7	0.316203	1	0.120117	16.6504	7.47318	0.0259673	19.8921	0.177301	8674	99	856	-27279.1	29.7205f	81.2884	4	1	1	0.0891089	0.158416	9.90099e-09	9.90099e-09	0	0	0	0	0.890909	0.965278	0.269896	0.579882	0.87078	9.90099e-09	0.108911	9.90099e-09	1	0.138568	0.279811	0.666667	0.666667	0.666667	1	1	191751	1e+20	1.07338e+13	50.2586	6.69341	4.62917	95.0983	29.7205	81.2884	
197000	-155047	-1188.97	-108318	-18560.2	0.310296	1	0.118096	16.9354	6.90348	0.0263263	19.6771	0.195217	8627	99	801	-27279.1	19.9354f	72.3489	4	1	1	0.0693069	0.158416	9.90099e-09	9.90099e-09	0	0	0	0	0.863636	0.965076	0.228804	0.53012	0.901506	9.90099e-09	0.108911	9.90099e-09	1	0.119351	0.284644	0.666667	0.666667	0.666667	1	1	191751	1e+20	1.07338e+13	50.2586	6.69341	27.9168	71.5634	19.9354	72.3489	
198000	-156501	-1188.97	-109773	-18657.6	0.311489	1	0.118164	16.9256	6.90797	0.0195092	19.6586	0.194977	8711	99	856	-27279.1	24.1623f	30.9126	4	1	1	0.0693069	0.118812	0.039604	9.90099e-09	0	0	0	0	0.772727	0.967927	0.251435	0.509202	0.902411	9.90099e-09	0.108911	9.90099e-09	1	0.125144	0.298089	0.666667	0.666667	0.666667	1	1	191751	1e+20	1.07338e+13	50.2586	6.69341	27.9168	71.5634	24.1623	30.9126	
199000	-153331	-1188.97	-106602	-18297.8	0.308318	1	0.129454	15.4495	7.49094	0.0823491	19.6586	0.164123	8403	99	867	-27279.1	5.36102f	99.595	4	1	1	0.0693069	0.118812	0.039604	9.90099e-09	0	0	0	0	0.827273	0.972749	0.236905	0.520468	0.891795	9.90099e-09	0.108911	9.90099e-09	1	0.109524	0.307416	0.666667	0.666667	0.666667	1	1	191751	1e+20	1.07338e+13	50.2586	6.69341	3.07382	94.3008	5.36102	99.595	
200000	-152519	-1188.97	-105790	-18274.2	0.302252	1	0.123898	16.1423	7.49722	0.053052	19.9786	0.171339	8382	99	805	-27279.1	7.20916f	81.9858	4	1	1	0.0693069	0.118812	0.039604	9.90099e-09	0	0	0	0	0.863636	0.971257	0.267943	0.518293	0.870083	9.90099e-09	0.108911	9.90099e-09	1	0.131108	0.298893	0.666667	0.666667	0.666667	1	1	191751	1e+20	1.07338e+13	50.2586	6.69341	3.07382	94.3008	7.20916	81.9858	
201000	-151505	-1188.97	-104776	-18221.6	0.309289	1	0.117804	16.9773	7.29449	0.0545414	19.9786	0.18521	8338	99	761	-27279.1	2.86044f	76.6521	4	1	1	0.0693069	0.118812	0.039604	9.90099e-09	0	0	0	0	0.863636	0.962785	0.282113	0.525641	0.909091	9.90099e-09	0.148515	9.90099e-09	1	0.142686	0.281761	0.666667	0.666667	0.666667	1	1	191751	1e+20	1.07338e+13	50.2586	6.69341	3.07382	94.3008	2.86044	76.6521	
202000	-150640	-1188.97	-103911	-18154.6	0.309084	1	0.105784	18.9065	6.5458	0.0138039	19.9786	0.229847	8281	99	731	-27279.1	24.8243f	59.4171	4	1	1	0.0693069	0.118812	0.039604	9.90099e-09	0	0	0	0	0.809091	0.957678	0.257557	0.522581	0.893591	9.90099e-09	0.148515	9.90099e-09	1	0.122276	0.321088	0.666667	0.666667	0.666667	1	1	191751	1e+20	1.07338e+13	50.2586	6.69341	16.86	97.6907	24.8243	59.4171	