
# before rand glnL: -34901.965865 alnL: -1332.665310
# ninter: 99
# ncoal: 99
# nhits: 99
# true lbda: 0.003135
# true mu: 0.301060
# true rad: 85.255674
# true sigsq: 62.652734
# true neigh. size: 6.643199
# fst-based estimate of neighborhood size: -nan
# nucleotide diversity: 0.000000
# length of a generation: 26878.7 time units
# clock rate: 1 subst. per time unit
# after rand glnL: -34901.965865 alnL: -1332.665310
# ninter: 99
# ncoal: 99
# nhits: 99
# start lbda: 0.003135
# start mu: 0.301060
# start rad: 7.921131
sample	lnP	alnL	glnL	tlnL	lbda	clock	mu	neigh	sigsq	sigsqobs	rad	rhoe	nInt	nCoal	nHit	rootTime	rootLon	rootLat	tstv	alpha	MeanBr	accLbda	accMu	accRad	accInDelDisk	accInDelHit	accScaleTime	accSPR	accSPRlocal	accPath	accIndelDiskSerial	accIndelHitSerial	accLdskGivenDisk	accDiskGivenLdsk	accDiskAndLdsk	accLdskMulti	accDiskMulti	accMoveDiskUD	accAddRemoveJump	accLdskTipToRoot	tuneLbda	tuneRad	tuneMu	tuneIndelDisk	tuneIndelHit	tuneLdskGivenDisk	tuneIndelDiskSerial	tuneIndelHitSerial	c0	c1	rootc0	rootc1	rootldsk0	rootldsk1	
  1000	-52103.4	-1332.67	-5230.7	-1300.33	0.00640325	1	0.225216	8.88037	0.20679	0.0127539	18.3794	3.41736	217	99	118	-31901.8	65.8601f	41.1386	4	1	1	0	0	0	0	0	0	0	0	0.963636	0.873786	0.231481	0.411215	0.504854	0	0	0	1	0.205607	0.159664	1	1	1	1	1	1.5	5.0625	0.296296	68.8472	12.7394	89.6074	73.2191	65.8601	41.1386	
  2000	-55631.3	-1332.67	-8758.65	-2410.48	0.015065	1	0.133423	14.99	0.402891	0.0274628	19.9846	2.96076	460	99	141	-31901.8	81.6225f	34.354	4	1	1	0	0	0	0	0	0	0	0	0.981818	0.984962	0.22695	0.436364	0.730769	0	0	0	1	0.182482	0.175676	1	1	1	1	1	3.375	437.894	3.375	21.5336	18.1523	89.6074	73.2191	81.6225	34.354	
  3000	-58396.6	-1332.67	-11524	-3202.34	0.0189104	1	0.154589	12.9375	0.585961	0.0169329	19.9846	1.757	655	99	155	-31901.8	67.823f	65.1081	4	1	1	0	0	0	0	0	0	0	0	0.963636	0.954887	0.246154	0.4375	0.801527	0	0	0	1	0.107692	0.220126	1	1	1	1	1	11.3906	431440	57.665	21.5336	18.1523	82.9222	64.5744	67.823	65.1081	
  4000	-59746.2	-1332.67	-12873.5	-3544.17	0.0238757	1	0.134463	14.874	0.6435	0.0581277	19.9846	1.83937	745	99	174	-31901.8	97.2552f	79.0778	4	1	1	0	0	0	0	0	0	0	0	0.909091	0.927152	0.246479	0.45098	0.746667	0	0	0	1	0.106667	0.232558	1	1	1	1	1	38.4434	1.88925e+08	2216.84	4.94245	27.9047	82.9222	64.5744	97.2552	79.0778	
  5000	-59868.8	-1332.67	-12996.1	-3589.1	0.0241618	1	0.151303	13.2185	0.732766	0.0119686	19.9846	1.43552	757	99	171	-31901.8	33.0919f	56.4211	4	1	1	0	0	0	0	0	0	0	0	0.927273	0.922078	0.243421	0.486957	0.690789	0	0	0	1	0.105263	0.205405	1	1	1	1	1	129.746	8.27291e+10	16834.1	4.94245	27.9047	60.4887	58.9606	33.0919	56.4211	
  6000	-60753	-1332.67	-13880.3	-3800.13	0.0254272	1	0.14903	13.4201	0.730125	0.0189756	19.7881	1.46268	814	99	182	-31901.8	40.3716f	75.0703	4	1	1	0	0	0	0	0	0	0	0	0.909091	0.90184	0.22561	0.508772	0.793939	0	0.108911	0	1	0.128834	0.201117	1	1	1	1	1	291.929	3.62265e+13	56815.1	4.94245	27.9047	60.4887	58.9606	40.3716	75.0703	
  7000	-62980.3	-1332.67	-16107.7	-4307.63	0.0268555	1	0.159522	12.5375	0.814345	0.0202272	19.7213	1.22516	954	99	221	-31901.8	76.7926f	55.9169	4	1	1	0.237624	0.366337	0	0	0	0	0	0	0.909091	0.956989	0.216931	0.572816	0.825397	0	0.108911	0	1	0.148148	0.242718	1.5	1	1.5	1	1	656.841	1.20463e+17	56815.1	4.94245	27.9047	60.4887	58.9606	76.7926	55.9169	
  8000	-64374.8	-1332.67	-17502.1	-4676.88	0.0316005	1	0.14916	13.4084	0.89568	0.0117095	19.7196	1.19128	1062	99	222	-31901.8	65.5075f	51.7973	4	1	1	0.237624	0.366337	0.049505	0	0	0	0	0	0.872727	0.942308	0.266667	0.570093	0.803738	0	0.108911	0.049505	1	0.196262	0.210762	1.5	0.666667	1.5	1	1	2216.84	1e+20	3.73185e+07	26.7361	12.295	60.4887	58.9606	65.5075	51.7973	
  9000	-65360.8	-1332.67	-18488.1	-4960.04	0.0325383	1	0.138457	14.4449	0.756399	0.0159842	19.1187	1.51968	1145	99	216	-31901.8	25.257f	50.6874	4	1	1	0.237624	0.366337	0.049505	0	0	0	0	0	0.9	0.973451	0.269565	0.491803	0.843478	0	0.108911	0.049505	1	0.133929	0.237864	1.5	0.666667	1.5	1	1	7481.83	1e+20	2.45123e+10	26.7361	12.295	60.4887	58.9606	25.257	50.6874	
 10000	-66224.8	-1332.67	-19352.2	-5175.92	0.0373005	1	0.138457	14.4449	0.890138	0.0276306	19.2444	1.29136	1212	99	218	-31901.8	84.9024f	49.681	4	1	1	0.237624	0.366337	0.049505	0	0	0	0	0	0.890909	0.95082	0.325203	0.525862	0.813008	0	0.108911	0.049505	1	0.138211	0.218884	1.5	0.666667	1.5	1	1	25251.2	1e+20	8.15097e+13	26.7361	12.295	60.4887	58.9606	84.9024	49.681	
 11000	-66553.7	-1332.67	-19681.1	-5260.82	0.0378932	1	0.138457	14.4449	0.985952	0.0302838	19.6649	1.16587	1238	99	217	-31901.8	87.0028f	52.7457	4	1	1	0.237624	0.366337	0.049505	0	0	0	0	0	0.845455	0.91129	0.322581	0.513761	0.822581	0	0.108911	0.049505	1	0.169355	0.196078	1.5	0.666667	1.5	1	1	25251.2	1e+20	8.15097e+13	26.7361	12.295	60.4887	58.9606	87.0028	52.7457	
 12000	-68071.1	-1332.67	-21198.4	-5673.26	0.0434902	1	0.132266	15.1211	0.926284	0.00735925	18.9201	1.29906	1367	99	212	-31901.8	50.7921f	46.9583	4	1	1	0.0792079	0.366337	0.049505	0.0891089	0	0	0	0	0.872727	0.911111	0.2	0.541284	0.866667	0	0.108911	0.049505	1	0.133333	0.184466	1.5	0.666667	1.5	1	1	25251.2	1e+20	8.15097e+13	26.7361	12.295	60.4887	58.9606	50.7921	46.9583	
 13000	-69412.7	-1332.67	-22540	-5892.73	0.0434902	1	0.137619	14.5329	1.0809	0.016991	19.4705	1.06993	1437	99	249	-31901.8	49.1543f	73.9883	4	1	1	0.0792079	0.366337	0.049505	0.0891089	0	0	0	0	0.872727	0.902778	0.282759	0.542373	0.798611	0	0.0990099	0.049505	1	0.131944	0.160784	1.5	0.666667	1.5	1	1	25251.2	1e+20	8.15097e+13	26.7361	12.295	62.2787	68.6146	49.1543	73.9883	
 14000	-69618.1	-1332.67	-22745.4	-5971.25	0.043409	1	0.146799	13.6241	1.24573	0.0330573	19.8599	0.87031	1462	99	243	-31901.8	69.166f	84.1688	4	1	1	0.0792079	0.128713	0.128713	0.0891089	0	0	0	0	0.845455	0.952381	0.272109	0.601942	0.824324	0.009901	0.0990099	0.049505	1	0.108844	0.166667	1.5	0.666667	1.5	1	1	25251.2	1e+20	8.15097e+13	26.7361	12.295	62.2787	68.6146	69.166	84.1688	
 15000	-69791.8	-1332.67	-22919.1	-5946.15	0.043409	1	0.140246	14.2606	1.11895	0.0215499	19.5561	1.01419	1454	99	264	-31901.8	55.4661f	78.5245	4	1	1	0.0792079	0.128713	0.128713	0.0891089	0	0	0	0	0.809091	0.930556	0.321918	0.586538	0.821429	0.009901	0.0990099	9.90099e-09	1	0.19863	0.207317	1.5	0.666667	1.5	1	1	25251.2	1e+20	8.15097e+13	26.7361	12.295	62.2787	68.6146	55.4661	78.5245	
 16000	-68473.8	-1332.67	-21601.1	-5663.82	0.043409	1	0.146168	13.6829	1.18706	0.0137512	19.643	0.917266	1364	99	249	-31901.8	54.2536f	68.6983	4	1	1	0.0792079	0.128713	0.128713	0.0891089	0	0	0	0	0.845455	0.941176	0.218978	0.59434	0.817518	0.009901	0.0990099	9.90099e-09	1	0.175182	0.206009	1.5	0.666667	1.5	1	1	25251.2	1e+20	8.15097e+13	26.7361	12.295	62.2787	68.6146	54.2536	68.6983	
 17000	-69601.7	-1332.67	-22729	-5935.22	0.0457929	1	0.152032	13.1552	1.30249	0.0338482	19.643	0.803735	1451	99	252	-31901.8	65.1014f	86.8984	4	1	1	0.0792079	0.128713	0.128713	0.0891089	0	0	0	0	0.854545	0.931034	0.270833	0.536585	0.813793	0.009901	0.0990099	9.90099e-09	1	0.158621	0.257937	1.5	0.666667	1.5	1	1	25251.2	1e+20	8.15097e+13	23.1851	7.07525	58.2233	61.8397	65.1014	86.8984	
 18000	-71773.7	-1332.67	-24901.1	-6477.88	0.050472	1	0.140144	14.271	1.27304	0.00790854	19.4537	0.892082	1630	99	253	-31901.8	42.8118f	51.6779	4	1	1	0.0594059	0.128713	0.128713	0.0891089	0	0	0	0	0.854545	0.93865	0.283951	0.479675	0.846626	0.009901	0.0990099	9.90099e-09	1	0.116564	0.2	1.5	0.666667	1.5	1	1	25251.2	1e+20	8.15097e+13	21.5767	22.2086	58.2233	61.8397	42.8118	51.6779	
 19000	-72265.2	-1332.67	-25392.5	-6563.75	0.0519977	1	0.14714	13.5925	1.26707	0.00924101	19.0532	0.853672	1659	99	265	-31901.8	50.3456f	60.2583	4	1	1	0.0594059	0.128713	0.128713	0.0891089	0	0	0	0	0.818182	0.915152	0.20122	0.554545	0.871951	0.009901	0.0693069	9.90099e-09	1	0.109091	0.141818	1.5	0.666667	1.5	1	1	25251.2	1e+20	8.15097e+13	21.5767	22.2086	58.2233	61.8397	50.3456	60.2583	
 20000	-74915.1	-1332.67	-28042.4	-7077.92	0.0573781	1	0.14714	13.5925	1.52175	0.0367657	19.461	0.710801	1836	99	302	-31901.8	83.6431f	74.9695	4	1	1	0.0594059	0.128713	0.128713	0.0891089	0	0	0	0	0.8	0.929348	0.248649	0.507813	0.831522	0.009901	0.0693069	9.90099e-09	1	0.10929	0.178914	1.5	0.666667	1.5	1	1	25251.2	1e+20	8.15097e+13	31.2806	10.9642	58.2233	61.8397	83.6431	74.9695	
 21000	-75932.2	-1332.67	-29059.6	-7256.72	0.059659	1	0.162912	12.2766	1.6589	0.00989601	19.1975	0.588909	1899	99	331	-31901.8	58.0194f	58.2881	4	1	1	0.0594059	0.128713	0.0594059	0.0891089	0	0	0	0	0.809091	0.95288	0.225131	0.492188	0.837696	0.009901	0.0693069	0.009901	1	0.146597	0.173333	1.5	0.666667	1.5	1	1	25251.2	1e+20	8.15097e+13	31.2806	10.9642	58.2233	61.8397	58.0194	58.2881	
 22000	-75995.1	-1332.67	-29122.4	-7355.21	0.0601094	1	0.148108	13.5037	1.43096	0.0332277	18.9114	0.750957	1934	99	294	-31901.8	32.4256f	86.3127	4	1	1	0.0594059	0.128713	0.0594059	0.0891089	0	0	0	0	0.854545	0.917098	0.226804	0.492308	0.829016	0.009901	0.0693069	0.009901	1	0.164948	0.175325	1.5	0.666667	1.5	1	1	25251.2	1e+20	8.15097e+13	31.2806	10.9642	58.2233	61.8397	32.4256	86.3127	
 23000	-76804.4	-1332.67	-29931.8	-7494.78	0.0614956	1	0.141826	14.1017	1.40187	0.0132133	18.9114	0.800486	1984	99	318	-31901.8	61.3094f	64.0686	4	1	1	0.0594059	0.128713	0.0594059	0.0891089	0	0	0	0	0.809091	0.929648	0.201005	0.545455	0.893401	0.009901	0.0693069	0.009901	1	0.140704	0.18239	1.5	0.666667	1.5	1	1	25251.2	1e+20	8.15097e+13	31.2806	10.9642	36.6623	42.4758	61.3094	64.0686	
 24000	-77734.4	-1332.67	-30861.7	-7675.57	0.0618605	1	0.141826	14.1017	1.47983	0.00973514	19.1407	0.75832	2049	99	331	-31901.8	60.3661f	54.2035	4	1	1	0.0594059	0.128713	0.0594059	0.0891089	0	0	0	0	0.836364	0.971014	0.253659	0.534884	0.834146	0.009901	0.0693069	0.009901	1	0.117073	0.214502	1.5	0.666667	1.5	1	1	25251.2	1e+20	8.15097e+13	31.2806	10.9642	36.6623	42.4758	60.3661	54.2035	
 25000	-78309	-1332.67	-31436.4	-7737.03	0.0682303	1	0.168987	11.8352	1.94478	0.0302409	19.1407	0.484279	2071	99	355	-31901.8	80.1999f	71.0387	4	1	1	0.0990099	0.128713	0.0594059	0.0891089	0	0	0	0	0.836364	0.936893	0.251208	0.548148	0.850242	0.009901	0.0693069	0.009901	1	0.164251	0.162393	1.5	0.666667	1.5	1	1	25251.2	1e+20	8.15097e+13	8.76215	30.1612	64.581	50.4368	80.1999	71.0387	
 26000	-78938.9	-1332.67	-32066.2	-7854.73	0.0649446	1	0.140919	14.1926	1.83398	0.0146805	19.9834	0.615823	2115	99	361	-31901.8	70.1259f	53.7078	4	1	1	0.0990099	0.128713	0.0594059	0.009901	0	0	0	0	0.781818	0.92381	0.227488	0.514563	0.79717	0.009901	0.0693069	0.009901	1	0.180095	0.242254	1.5	0.666667	1.5	1	1	25251.2	1e+20	8.15097e+13	8.76215	30.1612	64.581	50.4368	70.1259	53.7078	
 27000	-80195.5	-1332.67	-33322.8	-8192.52	0.0700649	1	0.135297	14.7823	1.89964	0.045488	19.9834	0.619244	2241	99	343	-31901.8	92.1081f	25.203	4	1	1	0.0990099	0.0891089	0.0594059	0.009901	0	0	0	0	0.854545	0.928889	0.321429	0.560748	0.821429	0.009901	0.118812	0.009901	1	0.16	0.165242	1.5	0.666667	1.5	1	1	25251.2	1e+20	8.15097e+13	22.2224	7.1382	83.2609	42.2399	92.1081	25.203	
 28000	-83099.1	-1332.67	-36226.4	-8704.71	0.0764787	1	0.141619	14.1224	1.8228	0.0576556	19.1301	0.616538	2437	99	390	-31901.8	98.6935f	21.9994	4	1	1	0.0990099	0.0891089	0.0594059	0.009901	0	0	0	0	0.790909	0.939024	0.243902	0.518519	0.843621	9.90099e-09	0.118812	0.009901	1	0.131687	0.210526	1.5	0.666667	1.5	1	1	25251.2	1e+20	8.15097e+13	3.55434	1.23185	84.093	16.5426	98.6935	21.9994	
 29000	-85078.5	-1332.67	-38205.9	-9108.98	0.0799212	1	0.174825	11.44	2.44445	0.0443701	19.3164	0.372422	2596	99	406	-31901.8	97.2131f	43.6717	4	1	1	0.0990099	0.0891089	0.0594059	0.009901	0	0	0	0	0.809091	0.953488	0.302682	0.438017	0.827586	9.90099e-09	0.118812	0.009901	1	0.138462	0.164179	1.5	0.666667	1.5	1	1	25251.2	1e+20	8.15097e+13	12.7734	37.6062	84.093	16.5426	97.2131	43.6717	
 30000	-84758	-1332.67	-37885.3	-9100.22	0.078351	1	0.156491	12.7803	1.87671	0.041132	18.6816	0.541917	2592	99	381	-31901.8	75.1414f	10.6858	4	1	1	0.0891089	0.0891089	0.0594059	0.009901	0	0	0	0	0.872727	0.90625	0.274131	0.473214	0.86166	9.90099e-09	0.118812	0.009901	1	0.138462	0.174263	1.5	0.666667	1.5	1	1	25251.2	1e+20	8.15097e+13	12.7734	37.6062	84.093	16.5426	75.1414	10.6858	
 31000	-84239.6	-1332.67	-37366.9	-8995.74	0.081495	1	0.166434	12.0168	2.19007	0.0680388	18.933	0.436637	2551	99	375	-31901.8	93.0348f	5.15265	4	1	1	0.0891089	0.0891089	0.0594059	0.009901	0	0	0	0	0.818182	0.961089	0.238281	0.491525	0.835938	9.90099e-09	0.118812	0.009901	1	0.160156	0.162088	1.5	0.666667	1.5	1	1	25251.2	1e+20	8.15097e+13	12.7734	37.6062	68.812	27.3043	93.0348	5.15265	
 32000	-84872.8	-1332.67	-38000.1	-9173.79	0.0830187	1	0.141112	14.1731	1.67499	0.0192498	18.366	0.673356	2622	99	359	-31901.8	76.522f	49.2467	4	1	1	0.0891089	0.0891089	0.0594059	0.009901	0	0	0	0	0.854545	0.931818	0.192453	0.523364	0.864341	9.90099e-09	0.118812	0.009901	1	0.11236	0.181058	1.5	0.666667	1.5	1	1	25251.2	1e+20	8.15097e+13	14.252	14.3596	68.812	27.3043	76.522	49.2467	
 33000	-86856.6	-1332.67	-39984	-9527.19	0.0830187	1	0.124179	16.1058	1.97096	0.0531045	19.7497	0.65027	2764	99	379	-31901.8	98.5768f	27.7701	4	1	1	0.0891089	0.0891089	0.0594059	0.009901	0	0	0	0	0.745455	0.945848	0.197842	0.54386	0.873646	9.90099e-09	0.0693069	0.009901	1	0.115523	0.182058	1.5	0.666667	1.5	1	1	25251.2	1e+20	8.15097e+13	14.252	14.3596	82.2512	0.390949	98.5768	27.7701	
 34000	-86377.4	-1332.67	-39504.7	-9340.54	0.0830187	1	0.144851	13.8072	2.29907	0.0589027	19.7497	0.47791	2689	99	417	-31901.8	84.5591f	4.08812	4	1	1	0.0891089	0.138614	0.0594059	0.009901	0	0	0	0	0.763636	0.940741	0.260223	0.552	0.858736	9.90099e-09	0.0693069	0.009901	1	0.126394	0.191847	1.5	0.666667	1.5	1	1	25251.2	1e+20	8.15097e+13	14.252	14.3596	82.2512	0.390949	84.5591	4.08812	
 35000	-86294.9	-1332.67	-39422.2	-9335.28	0.0843136	1	0.142575	14.0277	2.29823	0.0491188	19.7497	0.485718	2687	99	409	-31901.8	76.8917f	5.61765	4	1	1	0.0891089	0.138614	0.0594059	0.009901	0	0	0	0	0.809091	0.933086	0.245353	0.448819	0.834559	9.90099e-09	0.0693069	0.009901	1	0.169742	0.198044	1.5	0.666667	1.5	1	1	25251.2	1e+20	8.15097e+13	14.252	14.3596	82.2512	0.390949	76.8917	5.61765	
 36000	-86332.8	-1332.67	-39460.1	-9394.64	0.0843136	1	0.166207	12.0332	2.67917	0.0603979	19.7497	0.357413	2711	99	395	-31901.8	89.5374f	7.38029	4	1	1	0.0594059	0.138614	0.0594059	0.009901	0	0	0	0	0.809091	0.914498	0.261993	0.483051	0.789668	9.90099e-09	0.0693069	0.009901	1	0.171004	0.23038	1.5	0.666667	1.5	1	1	25251.2	1e+20	8.15097e+13	14.252	14.3596	82.2512	0.390949	89.5374	7.38029	
 37000	-86345.1	-1332.67	-39472.4	-9394.8	0.083841	1	0.147937	13.5193	2.3713	0.0462239	19.7497	0.453687	2711	99	395	-31901.8	74.1588f	6.06685	4	1	1	0.0594059	0.138614	0.0594059	0.009901	0	0	0	0	0.818182	0.926199	0.234432	0.57265	0.849265	9.90099e-09	0.0693069	0.009901	1	0.136029	0.201031	1.5	0.666667	1.5	1	1	25251.2	1e+20	8.15097e+13	14.252	14.3596	82.2512	0.390949	74.1588	6.06685	
 38000	-85537.7	-1332.67	-38665.1	-9228.63	0.0835663	1	0.130694	15.3029	2.17644	0.0258186	19.9555	0.559522	2644	99	389	-31901.8	83.199f	46.8495	4	1	1	0.0594059	0.138614	0.0594059	0.009901	0	0	0	0	0.736364	0.94717	0.226415	0.464286	0.852273	9.90099e-09	0.0693069	0.009901	1	0.143396	0.192	1.5	0.666667	1.5	1	1	25251.2	1e+20	8.15097e+13	14.252	14.3596	82.2512	0.390949	83.199	46.8495	
 39000	-85612.4	-1332.67	-38739.7	-9275.79	0.0835663	1	0.130694	15.3029	1.96661	0.0562814	19.4561	0.619223	2663	99	375	-31901.8	75.8723f	0.06335	4	1	1	0.0594059	0.138614	0.0594059	0.009901	0	0	0	0	0.818182	0.947566	0.310861	0.477876	0.87218	9.90099e-09	0.0693069	9.90099e-09	1	0.11985	0.188172	1.5	0.666667	1.5	1	1	25251.2	1e+20	8.15097e+13	14.252	14.3596	82.2512	0.390949	75.8723	0.06335	
 40000	-85245.8	-1332.67	-38373.2	-9236.1	0.0836549	1	0.130694	15.3029	1.96869	0.0697194	19.4561	0.618568	2647	99	362	-31901.8	94.8349f	5.78559	4	1	1	0.0594059	0.0891089	0.0594059	0.009901	0	0	0	0	0.8	0.947368	0.230189	0.525862	0.835206	9.90099e-09	0.0990099	9.90099e-09	1	0.162264	0.185393	1.5	0.666667	1.5	1	1	25251.2	1e+20	8.15097e+13	14.252	14.3596	82.2512	0.390949	94.8349	5.78559	
 41000	-87254	-1332.67	-40381.4	-9570.4	0.0841669	1	0.144224	13.8674	2.09132	0.0610235	19.2424	0.52767	2782	99	403	-31901.8	98.3811f	17.7802	4	1	1	0.0594059	0.0891089	0.0693069	0.009901	0	0	0	0	0.8	0.920863	0.232143	0.517241	0.85	9.90099e-09	0.0990099	9.90099e-09	1	0.121864	0.176179	1.5	0.666667	1.5	1	1	25251.2	1e+20	8.15097e+13	14.252	14.3596	82.2512	0.390949	98.3811	17.7802	
 42000	-85423.4	-1332.67	-38550.8	-9261.03	0.0841669	1	0.128514	15.5625	2.0333	0.0365675	19.6664	0.609074	2657	99	366	-31901.8	76.0336f	15.3943	4	1	1	0.019802	0.0891089	0.0693069	0.009901	0	0	0	0	0.863636	0.966292	0.219331	0.517544	0.883459	9.90099e-09	0.0990099	9.90099e-09	1	0.150376	0.225806	1.5	0.666667	1.5	1	1	25251.2	1e+20	8.15097e+13	14.252	14.3596	82.2512	0.390949	76.0336	15.3943	
 43000	-85304.3	-1332.67	-38431.6	-9290.73	0.0841669	1	0.124856	16.0184	1.9168	0.0385336	19.5188	0.665016	2669	99	345	-31901.8	79.5895f	16.6152	4	1	1	0.019802	0.0891089	0.0693069	0.009901	0	0	0	0	0.818182	0.951311	0.217228	0.550459	0.843284	9.90099e-09	0.0990099	9.90099e-09	1	0.131086	0.197222	1.5	0.666667	1.5	1	1	25251.2	1e+20	8.15097e+13	14.252	14.3596	82.2512	0.390949	79.5895	16.6152	
 44000	-86142.8	-1332.67	-39270.2	-9384.78	0.0841669	1	0.134386	14.8825	2.0631	0.0227999	19.5188	0.574042	2707	99	378	-31901.8	73.2856f	29.1538	4	1	1	0.019802	0.0891089	0.0693069	0.009901	0	0	0	0	0.818182	0.962963	0.191882	0.5	0.854478	9.90099e-09	0.0990099	9.90099e-09	1	0.103321	0.172603	1.5	0.666667	1.5	1	1	25251.2	1e+20	8.15097e+13	14.252	14.3596	82.2512	0.390949	73.2856	29.1538	
 45000	-86111.8	-1332.67	-39239.1	-9332.8	0.0841669	1	0.13863	14.4269	2.20436	0.012674	19.6911	0.520812	2686	99	395	-31901.8	57.869f	32.7396	4	1	1	0.019802	0.0891089	0.0693069	0.009901	0	0	0	0	0.818182	0.948529	0.27037	0.495935	0.839416	9.90099e-09	0.108911	9.90099e-09	1	0.171533	0.175573	1.5	0.666667	1.5	1	1	25251.2	1e+20	8.15097e+13	24.8088	11.0146	54.6203	16.1079	57.869	32.7396	
 46000	-87497.5	-1332.67	-40624.9	-9593.21	0.0865659	1	0.133204	15.0145	2.15029	0.0283735	19.6271	0.555654	2792	99	407	-31901.8	85.1597f	43.6343	4	1	1	0.019802	0.0990099	0.0693069	0.009901	0	0	0	0	0.772727	0.946043	0.301818	0.620968	0.839286	9.90099e-09	0.108911	9.90099e-09	1	0.147482	0.20339	1.5	0.666667	1.5	1	1	25251.2	1e+20	8.15097e+13	23.507	28.1471	50.2134	56.3282	85.1597	43.6343	
 47000	-88837.7	-1332.67	-41965	-9869.03	0.092927	1	0.138692	14.4205	2.45846	0.013047	19.7385	0.466773	2906	99	408	-31901.8	51.2218f	68.1503	4	1	1	0.019802	0.0990099	0.0693069	0.009901	0	0	0	0	0.809091	0.938356	0.247423	0.516129	0.865979	9.90099e-09	0.108911	9.90099e-09	1	0.168385	0.220588	1.5	0.666667	1.5	1	1	25251.2	1e+20	8.15097e+13	23.507	28.1471	50.2134	56.3282	51.2218	68.1503	
 48000	-90837.9	-1332.67	-43965.3	-10213.2	0.0932837	1	0.138692	14.4205	2.4679	0.0116337	19.7385	0.464988	3051	99	441	-31901.8	65.4774f	47.0901	4	1	1	0.039604	0.0990099	0.0693069	0.009901	0	0	0	0	0.790909	0.960265	0.240132	0.525926	0.831126	9.90099e-09	0.108911	9.90099e-09	1	0.172185	0.198157	1.5	0.666667	1.5	1	1	25251.2	1e+20	8.15097e+13	23.507	28.1471	50.2134	56.3282	65.4774	47.0901	
 49000	-90479.1	-1332.67	-43606.4	-10146.8	0.0932837	1	0.138692	14.4205	2.53445	0.022952	19.8703	0.452779	3023	99	428	-31901.8	17.4215f	44.9778	4	1	1	0.039604	0.0990099	0.0693069	0.009901	0	0	0	0	0.836364	0.937705	0.280528	0.559701	0.820261	9.90099e-09	0.108911	9.90099e-09	1	0.132013	0.21663	1.5	0.666667	1.5	1	1	25251.2	1e+20	8.15097e+13	8.48246	51.0878	50.2134	56.3282	17.4215	44.9778	
 50000	-90672.4	-1332.67	-43799.7	-10240.5	0.0998055	1	0.113164	17.6734	2.18974	0.00748464	19.8189	0.642271	3062	99	403	-31901.8	44.9936f	47.8373	4	1	1	0.039604	0.0990099	0.0693069	0.009901	0	0	0	0	0.8	0.941748	0.269481	0.48	0.848684	9.90099e-09	0.108911	9.90099e-09	1	0.12987	0.155941	1.5	0.666667	1.5	1	1	25251.2	1e+20	8.15097e+13	8.48246	51.0878	50.2134	56.3282	44.9936	47.8373	
 51000	-92654.8	-1332.67	-45782.2	-10505.5	0.0998055	1	0.132	15.1515	2.55422	0.0177292	19.8189	0.472049	3177	99	468	-31901.8	24.9412f	58.9901	4	1	1	0.039604	0.0990099	0.0693069	0.009901	0	0	0	0	0.763636	0.927673	0.314465	0.58156	0.842767	9.90099e-09	0.0792079	9.90099e-09	1	0.166667	0.194444	1.5	0.666667	1.5	1	1	25251.2	1e+20	8.15097e+13	8.48246	51.0878	50.2134	56.3282	24.9412	58.9901	
 52000	-92154.5	-1332.67	-45281.9	-10454.8	0.099845	1	0.139077	14.3805	2.47268	0.0292431	19.4019	0.462804	3155	99	445	-31901.8	13.4279f	36.7462	4	1	1	0.039604	0.118812	0.0693069	0.009901	0	0	0	0	0.809091	0.952532	0.269841	0.55	0.828571	9.90099e-09	0.0792079	9.90099e-09	1	0.167722	0.198218	1.5	0.666667	1.5	1	1	25251.2	1e+20	8.15097e+13	8.48246	51.0878	50.2134	56.3282	13.4279	36.7462	
 53000	-91873.5	-1332.67	-45000.9	-10494	0.099845	1	0.117121	17.0763	2.08233	0.049865	19.4019	0.652582	3172	99	405	-31901.8	96.4977f	70.2045	4	1	1	0.039604	0.118812	0.0693069	0.009901	0	0	0	0	0.772727	0.928125	0.221875	0.566929	0.852201	0.019802	0.0792079	9.90099e-09	1	0.115625	0.204819	1.5	0.666667	1.5	1	1	25251.2	1e+20	8.15097e+13	8.48246	51.0878	62.3133	61.5105	96.4977	70.2045	
 54000	-91978	-1332.67	-45105.3	-10498.6	0.099845	1	0.123782	16.1575	2.20075	0.0120914	19.4019	0.584243	3174	99	412	-31901.8	44.6564f	31.929	4	1	1	0.039604	0.118812	0.0594059	0.009901	0	0	0	0	0.818182	0.955836	0.235669	0.448	0.880126	0.019802	0.0792079	9.90099e-09	1	0.143312	0.20155	1.5	0.666667	1.5	1	1	25251.2	1e+20	8.15097e+13	8.48246	51.0878	62.3133	61.5105	44.6564	31.929	
 55000	-92527	-1332.67	-45654.4	-10579.2	0.099845	1	0.143155	13.9708	2.5452	0.0185695	19.4019	0.436809	3209	99	425	-31901.8	73.7407f	59.1817	4	1	1	0.009901	0.118812	0.0594059	0.009901	0	0	0	0	0.845455	0.959627	0.229814	0.564885	0.82866	0.019802	0.0792079	9.90099e-09	1	0.140187	0.218824	1.5	0.666667	1.5	1	1	25251.2	1e+20	8.15097e+13	17.7877	38.335	84.3873	65.5718	73.7407	59.1817	
 56000	-93416.4	-1332.67	-46543.7	-10726.7	0.099845	1	0.143155	13.9708	2.34591	0.0443199	19.0104	0.473916	3273	99	439	-31901.8	94.6249f	65.4471	4	1	1	0.009901	0.118812	0.0594059	0.009901	0	0	0	0	0.790909	0.902736	0.226994	0.607692	0.83792	0.019802	0.168317	9.90099e-09	1	0.125767	0.17217	1.5	0.666667	1.5	1	1	25251.2	1e+20	8.15097e+13	17.7877	38.335	84.3873	65.5718	94.6249	65.4471	
 57000	-93449.7	-1332.67	-46577	-10711.9	0.103264	1	0.129662	15.4248	2.5551	0.0143092	19.7406	0.480398	3267	99	443	-31901.8	63.6621f	33.8166	4	1	1	0.009901	0.118812	0.0594059	0.009901	0	0	0	0	0.790909	0.950769	0.229358	0.488722	0.87156	0.019802	0.168317	9.90099e-09	1	0.134557	0.20316	1.5	0.666667	1.5	1	1	25251.2	1e+20	8.15097e+13	17.7877	38.335	84.3873	65.5718	63.6621	33.8166	
 58000	-92612.1	-1332.67	-45739.5	-10561.2	0.0986286	1	0.147619	13.5484	2.5465	0.0182623	19.3151	0.423383	3201	99	445	-31901.8	66.1681f	69.1173	4	1	1	0.009901	0.0990099	0.0594059	0.009901	0	0	0	0	0.836364	0.937695	0.20625	0.466667	0.856698	0.019802	0.168317	9.90099e-09	1	0.146417	0.173121	1.5	0.666667	1.5	1	1	25251.2	1e+20	8.15097e+13	17.7877	38.335	84.3873	65.5718	66.1681	69.1173	
 59000	-91005.1	-1332.67	-44132.4	-10209.1	0.0986286	1	0.147619	13.5484	2.5465	0.00931194	19.3151	0.423383	3049	99	462	-31901.8	60.193f	47.1232	4	1	1	0.009901	0.0990099	0.049505	0.009901	0	0	0	0	0.836364	0.935065	0.284314	0.531915	0.847403	0.019802	0.168317	9.90099e-09	1	0.175719	0.210753	1.5	0.666667	1.5	1	1	25251.2	1e+20	8.15097e+13	27.2872	27.5877	76.3263	48.1535	60.193	47.1232	
 60000	-90529.2	-1332.67	-43656.6	-10207.8	0.0943937	1	0.134053	14.9195	2.21318	0.032739	19.3151	0.536449	3049	99	414	-31901.8	88.9177f	44.5032	4	1	1	0.009901	0.0990099	0.049505	0.029703	0	0	0	0	0.809091	0.927869	0.27451	0.484848	0.865574	0.019802	0.168317	9.90099e-09	1	0.137705	0.190821	1.5	0.666667	1.5	1	1	25251.2	1e+20	8.15097e+13	27.2872	27.5877	76.3263	48.1535	88.9177	44.5032	
 61000	-90371.9	-1332.67	-43499.2	-10120.5	0.0943937	1	0.144178	13.8717	2.38035	0.0421299	19.3151	0.463746	3012	99	435	-31901.8	94.2996f	61.657	4	1	1	0.039604	0.0990099	0.049505	0.029703	0	0	0	0	0.790909	0.940594	0.209836	0.496296	0.874172	0.019802	0.0594059	9.90099e-09	1	0.158416	0.172414	1.5	0.666667	1.5	1	1	25251.2	1e+20	8.15097e+13	27.2872	27.5877	76.3263	48.1535	94.2996	61.657	
 62000	-90213	-1332.67	-43340.3	-10115.8	0.0943937	1	0.148228	13.4927	2.57768	0.0298954	19.5675	0.416542	3010	99	424	-31901.8	86.4865f	54.3402	4	1	1	0.039604	0.0990099	0.049505	0.029703	0	0	0	0	0.854545	0.946844	0.231788	0.557143	0.834437	0.019802	0.0594059	9.90099e-09	1	0.136213	0.209906	1.5	0.666667	1.5	1	1	25251.2	1e+20	8.15097e+13	27.2872	27.5877	76.3263	48.1535	86.4865	54.3402	
 63000	-90974.2	-1332.67	-44101.6	-10214.9	0.0943937	1	0.135664	14.7423	2.35919	0.00771098	19.5675	0.49727	3052	99	450	-31901.8	51.0069f	43.9499	4	1	1	0.039604	0.0990099	0.049505	0.029703	0	0	0	0	0.818182	0.947541	0.266447	0.5	0.843648	0.019802	0.0594059	9.90099e-09	1	0.121311	0.213457	1.5	0.666667	1.5	1	1	25251.2	1e+20	8.15097e+13	27.2872	27.5877	76.3263	48.1535	51.0069	43.9499	
 64000	-91386	-1332.67	-44513.3	-10306.9	0.0993698	1	0.146951	13.61	2.57838	0.0385034	19.361	0.420049	3091	99	444	-31901.8	29.3194f	8.85465	4	1	1	0.039604	0.138614	0.049505	0.029703	0	0	0	0	0.754545	0.913462	0.245161	0.543478	0.858974	0.019802	0.0594059	9.90099e-09	1	0.125402	0.175439	1.5	0.666667	1.5	1	1	25251.2	1e+20	8.15097e+13	27.2872	27.5877	61.2995	22.4617	29.3194	8.85465	
 65000	-92146.2	-1332.67	-45273.5	-10484.7	0.0993698	1	0.158067	12.6528	2.24807	0.0578746	18.3707	0.447887	3168	99	443	-31901.8	79.5305f	1.1952	4	1	1	0.039604	0.138614	0.049505	0.029703	0	0	0	0	0.836364	0.930818	0.185535	0.553846	0.833333	0.019802	0.0594059	9.90099e-09	1	0.164038	0.171111	1.5	0.666667	1.5	1	1	25251.2	1e+20	8.15097e+13	27.2872	27.5877	52.366	12.3523	79.5305	1.1952	
 66000	-92398.2	-1332.67	-45525.5	-10540.1	0.0993698	1	0.141592	14.1251	2.01375	0.0232244	18.3707	0.558183	3192	99	439	-31901.8	78.788f	37.9458	4	1	1	0.039604	0.138614	0.049505	0.029703	0	0	0	0	0.736364	0.949843	0.271028	0.47619	0.865625	0.019802	0.0594059	9.90099e-09	1	0.153125	0.179669	1.5	0.666667	1.5	1	1	25251.2	1e+20	8.15097e+13	27.2872	27.5877	52.366	12.3523	78.788	37.9458	
 67000	-91456.6	-1332.67	-44583.9	-10385.4	0.0993698	1	0.145379	13.7571	2.13471	0.0467014	18.518	0.512836	3125	99	426	-31901.8	81.0798f	10.5868	4	1	1	9.90099e-09	0.138614	0.049505	0.029703	0	0	0	0	0.818182	0.942675	0.207668	0.528	0.865815	0.019802	0.0594059	9.90099e-09	1	0.124601	0.185615	1.5	0.666667	1.5	1	1	25251.2	1e+20	8.15097e+13	27.2872	27.5877	52.366	12.3523	81.0798	10.5868	
 68000	-90736.1	-1332.67	-43863.4	-10258.4	0.0993698	1	0.145379	13.7571	1.87866	0.0257164	17.9358	0.582733	3070	99	416	-31901.8	65.8308f	19.1962	4	1	1	9.90099e-09	0.138614	0.049505	0.029703	0	0	0	0	0.818182	0.941558	0.243506	0.547619	0.818182	0.019802	0.128713	9.90099e-09	1	0.12987	0.180288	1.5	0.666667	1.5	1	1	25251.2	1e+20	8.15097e+13	27.2872	27.5877	52.366	12.3523	65.8308	19.1962	
 69000	-93354.5	-1332.67	-46481.9	-10687.7	0.0995682	1	0.168808	11.8478	2.17218	0.0265263	17.9078	0.434041	3256	99	466	-31901.8	19.2077f	30.2337	4	1	1	9.90099e-09	0.138614	0.049505	0.009901	0	0	0	0	0.736364	0.950769	0.162577	0.56338	0.833846	0.019802	0.128713	9.90099e-09	1	0.125382	0.171306	1.5	0.666667	1.5	1	1	25251.2	1e+20	8.15097e+13	27.2872	27.5877	32.9946	23.7564	19.2077	30.2337	
 70000	-93157.8	-1332.67	-46285.2	-10630	0.0995682	1	0.168808	11.8478	2.17218	0.0266882	17.9078	0.434041	3231	99	469	-31901.8	19.2274f	29.9302	4	1	1	9.90099e-09	0.138614	0.049505	0.009901	0	0	0	0	0.809091	0.935185	0.208075	0.481203	0.839009	0.019802	0.128713	9.90099e-09	1	0.141975	0.170022	1.5	0.666667	1.5	1	1	25251.2	1e+20	8.15097e+13	27.2872	27.5877	24.3739	27.7038	19.2274	29.9302	
 71000	-92285.1	-1332.67	-45412.5	-10491.6	0.0995682	1	0.162267	12.3254	2.14977	0.035765	18.0388	0.456246	3171	99	453	-31901.8	6.39509f	53.4791	4	1	1	9.90099e-09	0.108911	0.049505	0.009901	0	0	0	0	0.745455	0.908228	0.205047	0.464286	0.834375	0.019802	0.128713	9.90099e-09	1	0.116352	0.201717	1.5	0.666667	1.5	1	1	25251.2	1e+20	8.15097e+13	27.2872	27.5877	24.3739	27.7038	6.39509	53.4791	
 72000	-91578	-1332.67	-44705.3	-10410.9	0.0995682	1	0.142579	14.0273	2.0944	0.0431256	18.5105	0.532972	3136	99	419	-31901.8	34.1788f	3.4787	4	1	1	9.90099e-09	0.108911	0.049505	0.009901	0	0	0	0	0.736364	0.936306	0.203822	0.5	0.83121	0.019802	0.128713	9.90099e-09	1	0.121019	0.176072	1.5	0.666667	1.5	1	1	25251.2	1e+20	8.15097e+13	27.2872	27.5877	24.3739	27.7038	34.1788	3.4787	
 73000	-92012.6	-1332.67	-45139.9	-10588.5	0.0995682	1	0.130958	15.2721	1.98073	0.0579778	18.6462	0.613569	3213	99	381	-31901.8	16.7482f	2.04166	4	1	1	9.90099e-09	0.108911	0.0693069	0.009901	0	0	0	0	0.754545	0.959502	0.236025	0.479339	0.850467	0.019802	0.128713	9.90099e-09	1	0.102484	0.17402	1.5	0.666667	1.5	1	1	25251.2	1e+20	8.15097e+13	51.5466	1.39848	24.3739	27.7038	16.7482	2.04166	
 74000	-92568.9	-1332.67	-45696.2	-10560.1	0.0971262	1	0.156099	12.8124	2.22721	0.0243327	18.4907	0.457783	3200	99	445	-31901.8	19.6478f	33.5615	4	1	1	0.009901	0.108911	0.0693069	0.009901	0	0	0	0	0.836364	0.952681	0.216981	0.468085	0.88959	0.019802	0.0693069	9.90099e-09	1	0.125786	0.171975	1.5	0.666667	1.5	1	1	25251.2	1e+20	8.15097e+13	51.5466	1.39848	24.3739	27.7038	19.6478	33.5615	
 75000	-91671.8	-1332.67	-44799.2	-10432	0.100288	1	0.150628	13.2777	2.21912	0.00879757	18.4907	0.476139	3145	99	423	-31901.8	41.1539f	55.439	4	1	1	0.009901	0.108911	0.0693069	0.009901	0	0	0	0	0.845455	0.901587	0.256329	0.492537	0.84953	0.019802	0.0693069	9.90099e-09	1	0.155556	0.1513	1.5	0.666667	1.5	1	1	25251.2	1e+20	8.15097e+13	5.32538	10.1862	24.3739	27.7038	41.1539	55.439	
 76000	-91606.3	-1332.67	-44733.7	-10415.9	0.0941022	1	0.142825	14.0032	1.97437	0.0201596	18.4907	0.564403	3137	99	419	-31901.8	29.2696f	70.0653	4	1	1	0.009901	0.108911	0.0693069	0.009901	0	0	0	0	0.781818	0.971519	0.189873	0.534351	0.797468	0.019802	0.0693069	9.90099e-09	1	0.124204	0.150485	1.5	0.666667	1.5	1	1	25251.2	1e+20	8.15097e+13	51.5466	1.39848	24.3739	27.7038	29.2696	70.0653	
 77000	-91431.4	-1332.67	-44558.7	-10390.3	0.0961736	1	0.143574	13.9301	2.02842	0.0375634	18.4907	0.546496	3127	99	423	-31901.8	5.10065f	44.2462	4	1	1	0.009901	0.158416	0.0693069	0.009901	0	0	0	0	0.754545	0.935897	0.230769	0.456	0.833333	9.90099e-09	0.0693069	9.90099e-09	1	0.137255	0.13986	1.5	0.666667	1.5	1	1	25251.2	1e+20	8.15097e+13	51.5466	1.39848	26.455	61.7482	5.10065	44.2462	
 78000	-90604.4	-1332.67	-43731.7	-10214.7	0.0961736	1	0.150386	13.2991	2.0967	0.0346453	18.4296	0.504751	3052	99	426	-31901.8	8.2625f	38.8726	4	1	1	0.009901	0.158416	0.0693069	0.009901	0	0	0	0	0.836364	0.921824	0.17377	0.492188	0.875817	9.90099e-09	0.0693069	9.90099e-09	1	0.147541	0.179669	1.5	0.666667	1.5	1	1	25251.2	1e+20	8.15097e+13	38.8026	21.0732	26.455	61.7482	8.2625	38.8726	
 79000	-91222.4	-1332.67	-44349.8	-10306	0.0961736	1	0.169531	11.7973	1.90788	0.0177626	17.4686	0.492063	3091	99	444	-31901.8	23.9198f	41.8695	4	1	1	0.009901	0.158416	0.0594059	9.90099e-09	0	0	0	0	0.781818	0.941748	0.209677	0.529851	0.835484	9.90099e-09	0.0693069	9.90099e-09	1	0.167742	0.161926	1.5	0.666667	1.5	1	1	25251.2	1e+20	8.15097e+13	41.3919	30.2556	26.455	61.7482	23.9198	41.8695	
 80000	-91073.9	-1332.67	-44201.2	-10250	0.0972026	1	0.17658	11.3263	2.00847	0.0323016	17.4686	0.44876	3067	99	454	-31901.8	8.8733f	47.3187	4	1	1	0.0693069	0.158416	0.0594059	9.90099e-09	0	0	0	0	0.809091	0.927869	0.19281	0.592593	0.82623	9.90099e-09	0.0990099	9.90099e-09	1	0.130719	0.165198	1.5	0.666667	1.5	1	1	25251.2	1e+20	8.15097e+13	22.1402	20.5682	26.455	61.7482	8.8733	47.3187	
 81000	-91836	-1332.67	-44963.3	-10422.5	0.0972026	1	0.17567	11.385	1.95836	0.0243367	17.3811	0.462628	3141	99	448	-31901.8	16.4433f	42.5236	4	1	1	0.0693069	0.158416	0.0594059	9.90099e-09	0	0	0	0	0.745455	0.933544	0.227848	0.530769	0.833866	9.90099e-09	0.0990099	9.90099e-09	1	0.15142	0.151786	1.5	0.666667	1.5	1	1	25251.2	1e+20	8.15097e+13	22.1402	20.5682	26.455	61.7482	16.4433	42.5236	
 82000	-93984.1	-1332.67	-47111.4	-10769.5	0.100851	1	0.167201	11.9616	1.86339	0.0143065	17.2204	0.510832	3292	99	484	-31901.8	54.7018f	69.456	4	1	1	0.0693069	0.158416	0.0594059	9.90099e-09	0	0	0	0	0.736364	0.954407	0.182371	0.452555	0.838906	9.90099e-09	0.0990099	9.90099e-09	1	0.133333	0.168421	1.5	0.666667	1.5	1	1	25251.2	1e+20	8.15097e+13	22.1402	20.5682	26.455	61.7482	54.7018	69.456	
 83000	-93728.7	-1332.67	-46856	-10803.1	0.105322	1	0.160643	12.45	1.99339	0.0257629	17.4985	0.497012	3307	99	444	-31901.8	15.5089f	57.5224	4	1	1	0.0693069	0.118812	0.0594059	9.90099e-09	0	0	0	0	0.781818	0.927273	0.223565	0.5625	0.812689	9.90099e-09	0.0990099	9.90099e-09	1	0.123867	0.140206	1.5	0.666667	1.5	1	1	25251.2	1e+20	8.15097e+13	22.1402	20.5682	15.5164	50.5239	15.5089	57.5224	
 84000	-95663.7	-1332.67	-48791.1	-10999	0.105322	1	0.173385	11.535	2.1515	0.0102483	17.4985	0.426647	3394	99	524	-31901.8	35.0028f	47.9092	4	1	1	0.0693069	0.118812	0.0594059	9.90099e-09	0	0	0	0	0.736364	0.935294	0.194118	0.490196	0.817647	9.90099e-09	0.0990099	9.90099e-09	1	0.172012	0.155769	1.5	0.666667	1.5	1	1	25251.2	1e+20	8.15097e+13	22.1402	20.5682	15.5164	50.5239	35.0028	47.9092	
 85000	-94590.6	-1332.67	-47717.9	-10958.6	0.104582	1	0.181823	10.9997	1.86964	0.0170993	16.7248	0.46818	3376	99	450	-31901.8	27.3648f	36.0434	4	1	1	0.039604	0.118812	0.0792079	9.90099e-09	0	0	0	0	0.781818	0.961652	0.215339	0.542857	0.817109	9.90099e-09	0.0990099	9.90099e-09	1	0.123894	0.162637	1.5	0.666667	1.5	1	1	25251.2	1e+20	8.15097e+13	22.1402	20.5682	15.5164	50.5239	27.3648	36.0434	
 86000	-94782.4	-1332.67	-47909.7	-11019.3	0.105208	1	0.160528	12.4589	1.9034	0.0206391	17.3053	0.520883	3403	99	443	-31901.8	19.9966f	44.1338	4	1	1	0.039604	0.118812	0.0792079	9.90099e-09	0	0	0	0	0.781818	0.941176	0.178363	0.55303	0.835294	9.90099e-09	0.178218	9.90099e-09	1	0.0823529	0.162528	1.5	0.666667	1.5	1	1	25251.2	1e+20	8.15097e+13	22.1402	20.5682	15.5164	50.5239	19.9966	44.1338	
 87000	-96444.2	-1332.67	-49571.5	-11314.6	0.10891	1	0.160528	12.4589	1.72786	0.0403851	16.7463	0.573799	3536	99	451	-31901.8	27.4516f	8.31474	4	1	1	0.039604	0.118812	0.0792079	9.90099e-09	0	0	0	0	0.709091	0.923944	0.203966	0.467153	0.872521	9.90099e-09	0.178218	9.90099e-09	1	0.101695	0.129032	1.5	0.666667	1.5	1	1	25251.2	1e+20	8.15097e+13	15.1732	22.3505	15.5164	50.5239	27.4516	8.31474	
 88000	-96075.7	-1332.67	-49203.1	-11210.4	0.10891	1	0.174449	11.4647	1.85229	0.0229845	16.6894	0.492542	3489	99	473	-31901.8	42.4471f	80.0905	4	1	1	0.039604	0.118812	0.0792079	9.90099e-09	0	0	0	0	0.863636	0.934097	0.229226	0.492857	0.838617	9.90099e-09	0.178218	9.90099e-09	1	0.140401	0.179039	1.5	0.666667	1.5	1	1	25251.2	1e+20	8.15097e+13	15.1732	22.3505	15.5164	50.5239	42.4471	80.0905	
 89000	-96308.8	-1332.67	-49436.1	-11219.2	0.10891	1	0.174449	11.4647	1.85229	0.0110094	16.6894	0.492542	3493	99	488	-31901.8	35.3178f	56.6814	4	1	1	0.039604	0.0891089	0.0792079	9.90099e-09	0	0	0	0	0.781818	0.928367	0.180516	0.489362	0.83662	9.90099e-09	0.178218	9.90099e-09	1	0.157593	0.133745	1.5	0.666667	1.5	1	1	25251.2	1e+20	8.15097e+13	21.1015	15.1032	15.5164	50.5239	35.3178	56.6814	
 90000	-94920.7	-1332.67	-48048	-10966.7	0.10915	1	0.174449	11.4647	1.94538	0.0241299	16.8859	0.468973	3379	99	481	-31901.8	16.0504f	47.1342	4	1	1	0.039604	0.0891089	0.0792079	9.90099e-09	0	0	0	0	0.709091	0.967742	0.219941	0.578947	0.840237	9.90099e-09	0.178218	9.90099e-09	1	0.14497	0.132265	1.5	0.666667	1.5	1	1	25251.2	1e+20	8.15097e+13	21.1015	15.1032	15.5164	50.5239	16.0504	47.1342	
 91000	-98031.7	-1332.67	-51159	-11469.5	0.10915	1	0.180252	11.0956	2.01009	0.0203263	16.8859	0.439264	3606	99	522	-31901.8	31.8294f	25.66	4	1	1	0.039604	0.0891089	0.0792079	9.90099e-09	0	0	0	0	0.754545	0.938889	0.213889	0.509434	0.847645	9.90099e-09	0.178218	9.90099e-09	1	0.0777778	0.164773	1.5	0.666667	1.5	1	1	25251.2	1e+20	8.15097e+13	21.1015	15.1032	15.5164	50.5239	31.8294	25.66	
 92000	-96802.9	-1332.67	-49930.2	-11351.4	0.111368	1	0.180252	11.0956	1.91915	0.0123836	16.6079	0.46008	3553	99	472	-31901.8	37.8849f	34.5824	4	1	1	0.049505	0.0891089	0.0891089	9.90099e-09	0	0	0	0	0.745455	0.932961	0.223464	0.478873	0.790503	9.90099e-09	0.0693069	9.90099e-09	1	0.128492	0.111789	1.5	0.666667	1.5	1	1	25251.2	1e+20	8.15097e+13	21.1015	15.1032	15.5164	50.5239	37.8849	34.5824	
 93000	-96974.8	-1332.67	-50102.1	-11309.6	0.110941	1	0.166769	11.9926	2.15106	0.0193588	17.4405	0.443661	3534	99	500	-31901.8	24.7614f	35.0927	4	1	1	0.049505	0.0891089	0.0891089	9.90099e-09	0	0	0	0	0.854545	0.935211	0.161017	0.546667	0.872881	9.90099e-09	0.0693069	9.90099e-09	1	0.0819209	0.143713	1.5	0.666667	1.5	1	1	25251.2	1e+20	8.15097e+13	21.1015	15.1032	15.5164	50.5239	24.7614	35.0927	
 94000	-96896.3	-1332.67	-50023.6	-11342.7	0.110292	1	0.156687	12.7643	1.85951	0.0237499	17.1062	0.546246	3549	99	479	-31901.8	17.1642f	56.1885	4	1	1	0.049505	0.0891089	0.0891089	9.90099e-09	0	0	0	0	0.754545	0.940845	0.211268	0.524138	0.839437	9.90099e-09	0.0693069	9.90099e-09	1	0.0985916	0.14557	1.5	0.666667	1.5	1	1	25251.2	1e+20	8.15097e+13	21.1015	15.1032	15.5164	50.5239	17.1642	56.1885	
 95000	-97542.3	-1332.67	-50669.7	-11457.4	0.110292	1	0.168555	11.8655	1.87904	0.0249444	16.8407	0.502506	3601	99	487	-31901.8	21.6196f	29.2957	4	1	1	0.049505	0.0990099	0.0891089	9.90099e-09	0	0	0	0	0.709091	0.943978	0.201681	0.555556	0.809524	9.90099e-09	0.0693069	9.90099e-09	1	0.130194	0.153226	1.5	0.666667	1.5	1	1	25251.2	1e+20	8.15097e+13	21.1015	15.1032	18.9395	50.5501	21.6196	29.2957	
 96000	-98211	-1332.67	-51338.3	-11528.6	0.115427	1	0.162788	12.2859	1.89923	0.0204847	16.8407	0.514778	3634	99	509	-31901.8	30.049f	26.8361	4	1	1	0.049505	0.0990099	0.0891089	9.90099e-09	0	0	0	0	0.745455	0.925824	0.206044	0.529412	0.826087	9.90099e-09	0.0693069	9.90099e-09	1	0.13079	0.157171	1.5	0.666667	1.5	1	1	25251.2	1e+20	8.15097e+13	21.1015	15.1032	18.9395	50.5501	30.049	26.8361	
 97000	-99351.7	-1332.67	-52479	-11827.6	0.117689	1	0.160164	12.4872	2.12579	0.0183538	17.3082	0.46745	3773	99	470	-31901.8	25.0118f	60.9653	4	1	1	0.049505	0.0990099	0.0891089	9.90099e-09	0	0	0	0	0.790909	0.928191	0.205882	0.52518	0.832447	9.90099e-09	0.0693069	9.90099e-09	1	0.156915	0.158129	1.5	0.666667	1.5	1	1	25251.2	1e+20	8.15097e+13	21.1015	15.1032	18.9395	50.5501	25.0118	60.9653	
 98000	-98956.5	-1332.67	-52083.8	-11742	0.117689	1	0.150105	13.324	2.256	0.00990796	17.8546	0.469988	3733	99	472	-31901.8	57.3697f	58.9294	4	1	1	0.049505	0.0990099	0.0792079	9.90099e-09	0	0	0	0	0.772727	0.922043	0.209115	0.481752	0.802139	9.90099e-09	0.0792079	9.90099e-09	1	0.120643	0.1606	1.5	0.666667	1.5	1	1	25251.2	1e+20	8.15097e+13	21.1015	15.1032	18.9395	50.5501	57.3697	58.9294	
 99000	-101723	-1332.67	-54850.3	-12149.6	0.125059	1	0.150105	13.324	2.4784	0.0121643	18.0038	0.427812	3925	99	516	-31901.8	34.3826f	59.3312	4	1	1	0.049505	0.0990099	0.0792079	9.90099e-09	0	0	0	0	0.718182	0.946701	0.21374	0.471698	0.877863	9.90099e-09	0.0792079	9.90099e-09	1	0.139594	0.176357	1.5	0.666667	1.5	1	1	25251.2	1e+20	8.15097e+13	21.1015	15.1032	18.9395	50.5501	34.3826	59.3312	
100000	-101686	-1332.67	-54813.6	-12197.4	0.125059	1	0.129526	15.4409	2.21764	0.0193901	18.1678	0.554079	3948	99	489	-31901.8	23.6248f	37.1866	4	1	1	0.049505	0.0990099	0.0792079	9.90099e-09	0	0	0	0	0.727273	0.951531	0.232911	0.475248	0.843038	9.90099e-09	0.0792079	9.90099e-09	1	0.151899	0.135849	1.5	0.666667	1.5	1	1	25251.2	1e+20	8.15097e+13	21.1015	15.1032	18.9395	50.5501	23.6248	37.1866	
101000	-102538	-1332.67	-55665.2	-12274.3	0.125059	1	0.143599	13.9276	2.88453	0.0116986	18.9082	0.384231	3985	99	526	-31901.8	57.269f	34.4134	4	1	1	0.049505	0.0990099	0.0792079	9.90099e-09	0	0	0	0	0.763636	0.932836	0.270471	0.481818	0.836228	9.90099e-09	0.0792079	9.90099e-09	1	0.164179	0.178967	1.5	0.666667	1.5	1	1	25251.2	1e+20	8.15097e+13	21.1015	15.1032	55.2459	34.3036	57.269	34.4134	
102000	-103254	-1332.67	-56381.5	-12464.6	0.128	1	0.142131	14.0715	2.62672	0.00763219	18.411	0.4263	4077	99	500	-31901.8	52.0964f	52.8985	4	1	1	0.049505	0.0990099	0.0792079	9.90099e-09	0	0	0	0	0.754545	0.948403	0.23399	0.45098	0.875	0.009901	0.0792079	9.90099e-09	1	0.120098	0.195358	1.5	0.666667	1.5	1	1	25251.2	1e+20	8.15097e+13	21.1015	15.1032	55.2459	34.3036	52.0964	52.8985	
103000	-101951	-1332.67	-55078.6	-12218.1	0.123587	1	0.133336	14.9997	2.4791	0.0267767	18.6012	0.48148	3958	99	501	-31901.8	16.198f	35.5402	4	1	1	0.049505	0.0891089	0.0792079	9.90099e-09	0	0	0	0	0.763636	0.962217	0.24937	0.627451	0.857143	0.009901	0.0792079	9.90099e-09	1	0.148615	0.160079	1.5	0.666667	1.5	1	1	25251.2	1e+20	8.15097e+13	21.1015	15.1032	55.2459	34.3036	16.198	35.5402	
104000	-102912	-1332.67	-56039.3	-12364.4	0.128891	1	0.133336	14.9997	2.7375	0.0124528	18.8687	0.436033	4028	99	509	-31901.8	65.397f	41.3734	4	1	1	0.049505	0.0891089	0.138614	9.90099e-09	0	0	0	0	0.772727	0.962687	0.231343	0.50495	0.858911	0.009901	0.0792079	9.90099e-09	1	0.137157	0.179752	1.5	0.666667	1.5	1	1	25251.2	1e+20	8.15097e+13	21.1015	15.1032	56.7643	31.5358	65.397	41.3734	
105000	-103073	-1332.67	-56200.8	-12489.4	0.124041	1	0.117751	16.985	2.32655	0.0104252	18.8687	0.580956	4088	99	468	-31901.8	52.0087f	35.1192	4	1	1	0.0693069	0.0891089	0.138614	9.90099e-09	0	0	0	0	0.727273	0.967901	0.212714	0.535211	0.880196	0.009901	0.039604	9.90099e-09	1	0.165432	0.180043	1.5	0.666667	1.5	1	1	25251.2	1e+20	8.15097e+13	21.1015	15.1032	59.2074	38.8726	52.0087	35.1192	
106000	-104717	-1332.67	-57844.4	-12827	0.132697	1	0.117751	16.985	2.4889	0.00749216	18.8687	0.543061	4255	99	446	-31901.8	52.9093f	49.1453	4	1	1	0.0693069	0.0891089	0.138614	9.90099e-09	0	0	0	0	0.745455	0.948478	0.186916	0.465278	0.887588	0.009901	0.039604	9.90099e-09	1	0.119159	0.200883	1.5	0.666667	1.5	1	1	25251.2	1e+20	8.15097e+13	21.1015	15.1032	59.2074	38.8726	52.9093	49.1453	
107000	-106071	-1332.67	-59197.9	-13047.2	0.132697	1	0.107195	18.6576	2.35192	0.0181827	19.0456	0.631283	4364	99	456	-31901.8	64.9573f	28.0916	4	1	1	0.0693069	0.0891089	0.138614	9.90099e-09	0	0	0	0	0.754545	0.951724	0.194444	0.510791	0.875576	0.009901	0.039604	9.90099e-09	1	0.110599	0.153509	1.5	0.666667	1.5	1	1	25251.2	1e+20	8.15097e+13	12.4263	48.5397	59.2074	38.8726	64.9573	28.0916	
108000	-102813	-1332.67	-55940.4	-12442	0.127505	1	0.109202	18.3147	2.50114	0.00797932	19.4443	0.582708	4066	99	459	-31901.8	54.5708f	52.8812	4	1	1	0.0693069	0.0891089	0.138614	9.90099e-09	0	0	0	0	0.745455	0.948403	0.229829	0.524823	0.867322	0.009901	0.039604	9.90099e-09	1	0.130221	0.227368	1.5	0.666667	1.5	1	1	25251.2	1e+20	8.15097e+13	12.336	15.6461	59.2074	38.8726	54.5708	52.8812	
109000	-102471	-1332.67	-55598.4	-12349.3	0.127623	1	0.111354	17.9608	2.8174	0.0172232	19.9297	0.507302	4021	99	472	-31901.8	73.9809f	51.2744	4	1	1	0.0693069	0.0891089	0.138614	9.90099e-09	0	0	0	0	0.718182	0.940447	0.273632	0.592857	0.866005	0.009901	0.039604	9.90099e-09	1	0.141439	0.222458	1.5	0.666667	1.5	1	1	25251.2	1e+20	8.15097e+13	12.336	15.6461	59.2074	38.8726	73.9809	51.2744	
110000	-102612	-1332.67	-55739.3	-12392.6	0.127623	1	0.112502	17.7775	2.85146	0.0224699	19.9385	0.496128	4042	99	467	-31901.8	54.9813f	18.4675	4	1	1	0.0693069	0.0792079	0.049505	9.90099e-09	0	0	0	0	0.754545	0.953317	0.236453	0.503448	0.864532	0.009901	0.039604	9.90099e-09	1	0.106173	0.190578	1.5	0.666667	1.5	1	1	25251.2	1e+20	8.15097e+13	12.336	15.6461	75.2049	8.33777	54.9813	18.4675	
111000	-102836	-1332.67	-55963.7	-12444	0.127623	1	0.112502	17.7775	2.60289	0.0626173	19.489	0.543507	4067	99	467	-31901.8	85.299f	2.09032	4	1	1	0.0594059	0.0792079	0.049505	9.90099e-09	0	0	0	0	0.772727	0.939024	0.242647	0.521429	0.867322	0.009901	0.108911	9.90099e-09	1	0.117936	0.199143	1.5	0.666667	1.5	1	1	25251.2	1e+20	8.15097e+13	12.336	15.6461	75.2049	8.33777	85.299	2.09032	
112000	-104222	-1332.67	-57349.6	-12563.4	0.127623	1	0.123254	16.2267	2.83993	0.0379329	19.4689	0.454687	4125	99	526	-31901.8	61.1525f	6.52677	4	1	1	0.0594059	0.0792079	0.049505	9.90099e-09	0	0	0	0	0.754545	0.951574	0.254237	0.528302	0.874092	0.009901	0.108911	9.90099e-09	1	0.138015	0.188755	1.5	0.666667	1.5	1	1	25251.2	1e+20	8.15097e+13	12.336	15.6461	75.2049	8.33777	61.1525	6.52677	
113000	-103475	-1332.67	-56602.1	-12460.6	0.126892	1	0.123254	16.2267	2.88557	0.0400565	19.5748	0.447496	4075	99	510	-31901.8	81.1834f	16.6681	4	1	1	0.0594059	0.0792079	0.049505	9.90099e-09	0	0	0	0	0.727273	0.938424	0.23399	0.442308	0.834975	9.90099e-09	0.108911	9.90099e-09	1	0.127451	0.194118	1.5	0.666667	1.5	1	1	25251.2	1e+20	8.15097e+13	12.336	15.6461	75.2049	8.33777	81.1834	16.6681	
114000	-103875	-1332.67	-57002.6	-12462.8	0.129184	1	0.125563	15.9283	2.99274	0.0368353	19.5748	0.423535	4076	99	542	-31901.8	81.2573f	20.0987	4	1	1	0.0594059	0.0792079	0.049505	9.90099e-09	0	0	0	0	0.736364	0.948529	0.222222	0.521739	0.867788	9.90099e-09	0.108911	9.90099e-09	1	0.143902	0.188192	1.5	0.666667	1.5	1	1	25251.2	1e+20	8.15097e+13	6.65386	25.643	75.2049	8.33777	81.2573	20.0987	
115000	-104826	-1332.67	-57953.8	-12669.2	0.135047	1	0.129359	15.4608	3.16975	0.0444605	19.4932	0.388148	4176	99	531	-31901.8	50.8832f	0.341855	4	1	1	0.0594059	0.0792079	0.049505	9.90099e-09	0	0	0	0	0.709091	0.928571	0.253589	0.572727	0.847255	9.90099e-09	0.108911	9.90099e-09	1	0.148325	0.19337	1.5	0.666667	1.5	1	1	25251.2	1e+20	8.15097e+13	6.65386	25.643	75.2049	8.33777	50.8832	0.341855	
116000	-106825	-1332.67	-59952.8	-12985	0.132182	1	0.120275	16.6285	2.65173	0.0497512	19.0872	0.499016	4333	99	552	-31901.8	81.7429f	8.66625	4	1	1	0.039604	0.0792079	0.049505	9.90099e-09	0	0	0	0	0.790909	0.946882	0.264977	0.518868	0.877315	9.90099e-09	0.108911	9.90099e-09	1	0.105991	0.181648	1.5	0.666667	1.5	1	1	25251.2	1e+20	8.15097e+13	6.65386	25.643	75.2049	8.33777	81.7429	8.66625	
117000	-104878	-1332.67	-58005.1	-12752.3	0.131933	1	0.111065	18.0074	2.44407	0.0319471	19.0872	0.58631	4218	99	492	-31901.8	86.7256f	37.1632	4	1	1	0.039604	0.0990099	0.0792079	9.90099e-09	0	0	0	0	0.672727	0.92723	0.239437	0.506849	0.883886	9.90099e-09	0.108911	9.90099e-09	1	0.113744	0.171429	1.5	0.666667	1.5	1	1	25251.2	1e+20	8.15097e+13	16.5729	14.0526	75.2049	8.33777	86.7256	37.1632	
118000	-105335	-1332.67	-58462.1	-12688	0.128977	1	0.139254	14.3623	2.75208	0.0134756	18.6867	0.415291	4186	99	567	-31901.8	59.9846f	32.4831	4	1	1	0.039604	0.0990099	0.0792079	9.90099e-09	0	0	0	0	0.836364	0.942169	0.266827	0.554545	0.843373	9.90099e-09	0.148515	9.90099e-09	1	0.146988	0.176367	1.5	0.666667	1.5	1	1	25251.2	1e+20	8.15097e+13	16.5729	14.0526	75.2049	8.33777	59.9846	32.4831	
119000	-104528	-1332.67	-57655.2	-12692.3	0.133873	1	0.13051	15.3245	2.50876	0.0128678	18.3856	0.48609	4188	99	499	-31901.8	54.9558f	31.0888	4	1	1	0.039604	0.0990099	0.0792079	9.90099e-09	0	0	0	0	0.763636	0.908873	0.232057	0.48	0.863962	9.90099e-09	0.148515	9.90099e-09	1	0.131265	0.180894	1.5	0.666667	1.5	1	1	25251.2	1e+20	8.15097e+13	16.5729	14.0526	75.2049	8.33777	54.9558	31.0888	
120000	-104307	-1332.67	-57434.7	-12664.1	0.133873	1	0.130445	15.3321	2.45692	0.0198612	18.2922	0.496593	4174	99	492	-31901.8	61.5385f	23.6522	4	1	1	0.039604	0.0990099	0.0792079	9.90099e-09	0	0	0	0	0.890909	0.952153	0.228365	0.537415	0.864734	9.90099e-09	0.148515	9.90099e-09	1	0.124402	0.185859	1.5	0.666667	1.5	1	1	25251.2	1e+20	8.15097e+13	16.5729	14.0526	62.9066	33.6086	61.5385	23.6522	
121000	-105014	-1332.67	-58141.6	-12796.8	0.133505	1	0.122458	16.3322	2.58365	0.0236704	18.8315	0.503038	4240	99	489	-31901.8	30.3402f	22.4476	4	1	1	0.039604	0.0990099	0.0792079	9.90099e-09	0	0	0	0	0.754545	0.967136	0.211268	0.436242	0.874704	9.90099e-09	0.148515	9.90099e-09	1	0.114754	0.187625	1.5	0.666667	1.5	1	1	25251.2	1e+20	8.15097e+13	9.88272	30.2531	48.9418	34.2874	30.3402	22.4476	
122000	-104183	-1332.67	-57310.2	-12637.7	0.133505	1	0.122458	16.3322	2.58365	0.0317653	18.8315	0.503038	4161	99	491	-31901.8	86.3806f	61.5023	4	1	1	0.039604	0.0990099	0.0792079	9.90099e-09	0	0	0	0	0.8	0.951691	0.206235	0.566667	0.874092	9.90099e-09	0.148515	9.90099e-09	1	0.117506	0.155925	1.5	0.666667	1.5	1	1	25251.2	1e+20	8.15097e+13	9.88272	30.2531	48.9418	34.2874	86.3806	61.5023	
123000	-105207	-1332.67	-58334.4	-12857.2	0.133505	1	0.122458	16.3322	2.48527	0.016619	18.6496	0.522952	4270	99	476	-31901.8	56.7678f	25.8852	4	1	1	0.039604	0.0990099	0.0792079	9.90099e-09	0	0	0	0	0.818182	0.951163	0.231308	0.506757	0.876168	9.90099e-09	0.148515	9.90099e-09	1	0.107477	0.164948	1.5	0.666667	1.5	1	1	25251.2	1e+20	8.15097e+13	18.2255	18.7938	48.9418	34.2874	56.7678	25.8852	
124000	-106358	-1332.67	-59485	-13017.8	0.134326	1	0.122458	16.3322	2.50054	0.0218325	18.6496	0.519757	4350	99	496	-31901.8	60.4014f	20.792	4	1	1	0.049505	0.0693069	0.0792079	9.90099e-09	0	0	0	0	0.790909	0.935632	0.231651	0.617647	0.880184	9.90099e-09	0.148515	9.90099e-09	1	0.112385	0.182731	1.5	0.666667	1.5	1	1	25251.2	1e+20	8.15097e+13	18.2255	18.7938	48.9418	34.2874	60.4014	20.792	
125000	-105906	-1332.67	-59033.1	-12937.5	0.134326	1	0.122458	16.3322	2.6315	0.0310306	18.8891	0.493892	4310	99	491	-31901.8	24.3058f	18.7544	4	1	1	0.049505	0.0693069	0.0792079	9.90099e-09	0	0	0	0	0.772727	0.940367	0.24537	0.403846	0.888889	9.90099e-09	0.0891089	9.90099e-09	1	0.12844	0.177189	1.5	0.666667	1.5	1	1	25251.2	1e+20	8.15097e+13	18.2255	18.7938	63.4135	40.9313	24.3058	18.7544	
126000	-105976	-1332.67	-59103.6	-12927.5	0.134326	1	0.122458	16.3322	3.30128	0.0141379	19.9909	0.393688	4305	99	503	-31901.8	53.6292f	28.5999	4	1	1	0.049505	0.0693069	0.0792079	9.90099e-09	0	0	0	0	0.809091	0.937355	0.291667	0.558824	0.860465	9.90099e-09	0.0891089	9.90099e-09	1	0.139535	0.180583	1.5	0.666667	1.5	1	1	25251.2	1e+20	8.15097e+13	18.2255	18.7938	63.4135	40.9313	53.6292	28.5999	
127000	-105512	-1332.67	-58639.1	-12845.2	0.134326	1	0.122458	16.3322	3.23939	0.0297317	19.8965	0.40121	4264	99	499	-31901.8	86.1268f	55.7176	4	1	1	0.049505	0.0693069	0.0792079	9.90099e-09	0	0	0	0	0.754545	0.927907	0.249417	0.529412	0.871194	9.90099e-09	0.0891089	9.90099e-09	1	0.166276	0.213992	1.5	0.666667	1.5	1	1	25251.2	1e+20	8.15097e+13	18.2255	18.7938	63.4135	40.9313	86.1268	55.7176	
128000	-104932	-1332.67	-58059.6	-12784.9	0.134326	1	0.108087	18.5036	2.66626	0.00980921	19.5519	0.552261	4234	99	478	-31901.8	43.6714f	60.7776	4	1	1	0.049505	0.0693069	0.0891089	0.009901	0	0	0	0	0.818182	0.941315	0.255319	0.535714	0.865566	9.90099e-09	0.0891089	9.90099e-09	1	0.115566	0.195745	1.5	0.666667	1.5	1	1	25251.2	1e+20	8.15097e+13	18.2255	18.7938	63.4135	40.9313	43.6714	60.7776	
129000	-106541	-1332.67	-59668.8	-13005.8	0.134326	1	0.106355	18.8049	2.60879	0.038559	19.5244	0.573618	4344	99	506	-31901.8	56.937f	5.06911	4	1	1	0.049505	0.0693069	0.0891089	0.009901	0	0	0	0	0.790909	0.94023	0.268966	0.582524	0.852535	9.90099e-09	0.0891089	9.90099e-09	1	0.142857	0.212	1.5	0.666667	1.5	1	1	25251.2	1e+20	8.15097e+13	18.2255	18.7938	63.4135	40.9313	56.937	5.06911	
130000	-103997	-1332.67	-57124.3	-12538.6	0.128009	1	0.120572	16.5876	2.81842	0.0102258	19.5244	0.468346	4113	99	514	-31901.8	61.7128f	54.0489	4	1	1	9.90099e-09	0.0693069	0.0891089	0.009901	0	0	0	0	0.790909	0.949029	0.242131	0.504762	0.868932	9.90099e-09	0.0891089	9.90099e-09	1	0.17233	0.216475	1.5	0.666667	1.5	1	1	25251.2	1e+20	8.15097e+13	18.2255	18.7938	63.4135	40.9313	61.7128	54.0489	
131000	-103302	-1332.67	-56429.4	-12462.6	0.128009	1	0.120307	16.6241	2.81223	0.043751	19.5244	0.470411	4076	99	494	-31901.8	93.2145f	68.0155	4	1	1	9.90099e-09	0.039604	0.0891089	0.009901	0	0	0	0	0.781818	0.941032	0.212346	0.506757	0.889706	9.90099e-09	0.108911	9.90099e-09	1	0.139706	0.182752	1.5	0.666667	1.5	1	1	25251.2	1e+20	8.15097e+13	18.2255	18.7938	95.5396	85.4757	93.2145	68.0155	
132000	-102142	-1332.67	-55268.9	-12311.2	0.129018	1	0.122123	16.3769	2.87719	0.0764212	19.5244	0.452953	4002	99	470	-31901.8	96.8953f	94.9101	4	1	1	9.90099e-09	0.039604	0.0891089	0.009901	0	0	0	0	0.754545	0.937343	0.216625	0.5	0.852868	9.90099e-09	0.108911	9.90099e-09	1	0.120907	0.179104	1.5	0.666667	1.5	1	1	25251.2	1e+20	8.15097e+13	18.2255	18.7938	95.5396	85.4757	96.8953	94.9101	
133000	-103479	-1332.67	-56606.3	-12524.2	0.129018	1	0.122123	16.3769	2.87719	0.00744243	19.5244	0.452953	4106	99	483	-31901.8	47.2232f	52.3356	4	1	1	9.90099e-09	0.039604	0.0891089	0.009901	0	0	0	0	0.827273	0.936585	0.289538	0.539216	0.873171	9.90099e-09	0.108911	9.90099e-09	1	0.141119	0.182195	1.5	0.666667	1.5	1	1	25251.2	1e+20	8.15097e+13	70.5561	87.6293	74.9716	62.7297	47.2232	52.3356	
134000	-104852	-1332.67	-57979.5	-12739.2	0.129018	1	0.113085	17.6858	2.82262	0.00729967	19.8083	0.49861	4211	99	500	-31901.8	50.7331f	48.1735	4	1	1	9.90099e-09	0.039604	0.029703	0.009901	0	0	0	0	0.863636	0.940758	0.253555	0.54902	0.834123	9.90099e-09	0.108911	9.90099e-09	1	0.135071	0.174	1.5	0.666667	1.5	1	1	25251.2	1e+20	8.15097e+13	73.2467	63.8519	74.9716	62.7297	50.7331	48.1735	
135000	-103703	-1332.67	-56829.8	-12565.1	0.129018	1	0.116464	17.1727	2.71415	0.00950095	19.4713	0.503497	4126	99	481	-31901.8	48.3726f	61.0614	4	1	1	9.90099e-09	0.039604	0.029703	0.009901	0	0	0	0	0.754545	0.936893	0.274272	0.544218	0.845411	9.90099e-09	0.108911	9.90099e-09	1	0.15534	0.191919	1.5	0.666667	1.5	1	1	25251.2	1e+20	8.15097e+13	18.2255	18.7938	74.9716	62.7297	48.3726	61.0614	
136000	-104846	-1332.67	-57973.8	-12747.4	0.129018	1	0.117618	17.0042	2.74104	0.0451244	19.4713	0.493665	4215	99	492	-31901.8	62.8905f	96.1538	4	1	1	0.019802	0.039604	0.029703	0.009901	0	0	0	0	0.745455	0.962353	0.235294	0.557692	0.870588	9.90099e-09	0.108911	9.90099e-09	1	0.170616	0.1893	1.5	0.666667	1.5	1	1	25251.2	1e+20	8.15097e+13	18.2255	18.7938	74.9716	62.7297	62.8905	96.1538	
137000	-104248	-1332.67	-57375.2	-12575.4	0.129018	1	0.123872	16.1457	2.87475	0.0189287	19.451	0.446937	4131	99	526	-31901.8	75.7297f	53.812	4	1	1	0.019802	0.039604	0.029703	0.009901	0	0	0	0	0.809091	0.923077	0.213429	0.542056	0.862981	9.90099e-09	0.158416	9.90099e-09	1	0.123188	0.190114	1.5	0.666667	1.5	1	1	25251.2	1e+20	8.15097e+13	18.2255	18.7938	74.9716	62.7297	75.7297	53.812	
138000	-104957	-1332.67	-58084	-12733.1	0.129018	1	0.124546	16.0583	2.82167	0.00789334	19.3343	0.452881	4208	99	510	-31901.8	52.2395f	43.5025	4	1	1	0.019802	0.0891089	0.029703	0.009901	0	0	0	0	0.745455	0.95962	0.255981	0.519608	0.855107	9.90099e-09	0.158416	9.90099e-09	1	0.148325	0.186275	1.5	0.666667	1.5	1	1	25251.2	1e+20	8.15097e+13	18.2255	18.7938	49.9986	76.2626	52.2395	43.5025	
139000	-104024	-1332.67	-57151.1	-12622.5	0.129018	1	0.113065	17.6889	2.59856	0.0198775	19.4037	0.541699	4154	99	476	-31901.8	48.779f	77.4418	4	1	1	0.019802	0.0891089	0.029703	0.009901	0	0	0	0	0.836364	0.942029	0.228916	0.443396	0.868932	9.90099e-09	0.158416	9.90099e-09	1	0.111111	0.226337	1.5	0.666667	1.5	1	1	25251.2	1e+20	8.15097e+13	18.2255	18.7938	53.8474	76.9168	48.779	77.4418	
140000	-104564	-1332.67	-57691.4	-12683.9	0.129018	1	0.11628	17.1998	2.89905	0.0313352	19.8026	0.472126	4184	99	496	-31901.8	22.2041f	77.8272	4	1	1	0.019802	0.0891089	0.0792079	9.90099e-09	0	0	0	0	0.754545	0.966825	0.247596	0.533333	0.869048	9.90099e-09	0.158416	9.90099e-09	1	0.140476	0.241935	1.5	0.666667	1.5	1	1	25251.2	1e+20	8.15097e+13	18.2255	18.7938	53.8474	76.9168	22.2041	77.8272	
141000	-104053	-1332.67	-57180.8	-12632.2	0.134124	1	0.11628	17.1998	3.01552	0.0396626	19.8055	0.453891	4158	99	475	-31901.8	73.5163f	87.2447	4	1	1	0.019802	0.0891089	0.0792079	9.90099e-09	0	0	0	0	0.718182	0.942446	0.233333	0.606667	0.889423	9.90099e-09	0.158416	9.90099e-09	1	0.143541	0.198795	1.5	0.666667	1.5	1	1	25251.2	1e+20	8.15097e+13	18.2255	18.7938	53.8474	76.9168	73.5163	87.2447	
142000	-105155	-1332.67	-58282.1	-12819	0.134124	1	0.118268	16.9108	2.60154	0.0465833	19.0069	0.517278	4251	99	483	-31901.8	27.8743f	94.5513	4	1	1	0.009901	0.0891089	0.0792079	9.90099e-09	0	0	0	0	0.745455	0.952941	0.207059	0.442953	0.879433	9.90099e-09	0.158416	9.90099e-09	1	0.127059	0.192547	1.5	0.666667	1.5	1	1	25251.2	1e+20	8.15097e+13	18.2255	18.7938	53.8474	76.9168	27.8743	94.5513	
143000	-107233	-1332.67	-60360.2	-13132.4	0.134124	1	0.106482	18.7826	2.6426	0.0327425	19.5889	0.565606	4407	99	507	-31901.8	49.1158f	89.3802	4	1	1	0.009901	0.0891089	0.0792079	9.90099e-09	0	0	0	0	0.809091	0.963801	0.210884	0.534247	0.884354	9.90099e-09	0.158416	9.90099e-09	1	0.131519	0.195473	1.5	0.666667	1.5	1	1	25251.2	1e+20	8.15097e+13	18.2255	18.7938	53.8474	76.9168	49.1158	89.3802	
144000	-107171	-1332.67	-60298.1	-13036	0.134124	1	0.118873	16.8247	3.1042	0.0172465	19.8398	0.431309	4359	99	549	-31901.8	47.1759f	74.2606	4	1	1	0.009901	0.108911	0.0792079	9.90099e-09	0	0	0	0	0.736364	0.933486	0.237875	0.561905	0.885321	9.90099e-09	0.0891089	9.90099e-09	1	0.130734	0.177043	1.5	0.666667	1.5	1	1	25251.2	1e+20	8.15097e+13	18.2255	18.7938	53.8474	76.9168	47.1759	74.2606	
145000	-107630	-1332.67	-60757.3	-13146.4	0.138854	1	0.115796	17.2718	3.04471	0.0102119	19.7025	0.45142	4415	99	533	-31901.8	60.239f	41.2882	4	1	1	0.009901	0.108911	0.0792079	9.90099e-09	0	0	0	0	0.709091	0.959184	0.283447	0.537037	0.886161	9.90099e-09	0.0891089	9.90099e-09	1	0.138322	0.221388	1.5	0.666667	1.5	1	1	25251.2	1e+20	8.15097e+13	18.2255	18.7938	51.1255	77.2742	60.239	41.2882	
146000	-108595	-1332.67	-61722.5	-13337.3	0.140372	1	0.115796	17.2718	3.16423	0.0371818	19.8391	0.434369	4512	99	528	-31901.8	55.027f	92.3095	4	1	1	0.009901	0.108911	0.0990099	9.90099e-09	0	0	0	0	0.736364	0.97351	0.215859	0.518519	0.858407	9.90099e-09	0.0891089	9.90099e-09	1	0.134956	0.174242	1.5	0.666667	1.5	1	1	25251.2	1e+20	8.15097e+13	18.2255	18.7938	51.1255	77.2742	55.027	92.3095	
147000	-109165	-1332.67	-62292.1	-13445.3	0.146148	1	0.114405	17.4818	3.25484	0.0100136	19.8391	0.427411	4567	99	515	-31901.8	37.5457f	56.1188	4	1	1	0.009901	0.108911	0.0990099	9.90099e-09	0	0	0	0	0.781818	0.945055	0.262582	0.582524	0.887912	9.90099e-09	0.0891089	9.90099e-09	1	0.120879	0.208577	1.5	0.666667	1.5	1	1	25251.2	1e+20	8.15097e+13	18.2255	18.7938	41.8723	56.5828	37.5457	56.1188	
148000	-110976	-1332.67	-64103.7	-13725.9	0.147735	1	0.11268	17.7494	2.75937	0.0152917	19.0576	0.511876	4713	99	538	-31901.8	62.9816f	31.3149	4	1	1	0.049505	0.108911	0.0990099	9.90099e-09	0	0	0	0	0.727273	0.943158	0.227176	0.585526	0.894958	9.90099e-09	0.0891089	9.90099e-09	1	0.106157	0.187747	1.5	0.666667	1.5	1	1	25251.2	1e+20	8.15097e+13	18.2255	18.7938	41.8723	56.5828	62.9816	31.3149	
149000	-110375	-1332.67	-63502.4	-13647.4	0.147735	1	0.11268	17.7494	2.75937	0.0199965	19.0576	0.511876	4672	99	521	-31901.8	25.395f	65.3217	4	1	1	0.049505	0.108911	0.0990099	9.90099e-09	0	0	0	0	0.790909	0.940043	0.269639	0.45045	0.845339	9.90099e-09	0.148515	9.90099e-09	1	0.156317	0.166359	1.5	0.666667	1.5	1	1	25251.2	1e+20	8.15097e+13	18.2255	18.7938	41.8723	56.5828	25.395	65.3217	
150000	-110667	-1332.67	-63794.7	-13754.7	0.146872	1	0.109825	18.2108	2.18115	0.0169744	18.1117	0.664404	4728	99	500	-31901.8	33.6505f	68.8149	4	1	1	0.049505	0.108911	0.0990099	9.90099e-09	0	0	0	0	0.763636	0.957627	0.221987	0.524752	0.902542	9.90099e-09	0.148515	9.90099e-09	1	0.105708	0.149495	1.5	0.666667	1.5	1	1	25251.2	1e+20	8.15097e+13	18.2255	18.7938	41.914	96.7387	33.6505	68.8149	
151000	-111178	-1332.67	-64304.9	-13766.2	0.146872	1	0.109728	18.2269	2.76703	0.0469526	19.2259	0.52419	4734	99	533	-31901.8	5.26963f	74.2705	4	1	1	0.049505	0.049505	0.0990099	9.90099e-09	0	0	0	0	0.818182	0.955603	0.273885	0.577181	0.896996	9.90099e-09	0.148515	9.90099e-09	1	0.0930233	0.161654	1.5	0.666667	1.5	1	1	25251.2	1e+20	8.15097e+13	18.2255	18.7938	41.914	96.7387	5.26963	74.2705	
152000	-111934	-1332.67	-65061	-13927.4	0.151855	1	0.109728	18.2269	2.40645	0.046887	18.4122	0.602735	4819	99	524	-31901.8	33.0341f	96.7923	4	1	1	0.049505	0.049505	0.0693069	9.90099e-09	0	0	0	0	0.736364	0.954262	0.246888	0.533333	0.873444	9.90099e-09	0.148515	9.90099e-09	1	0.124481	0.189493	1.5	0.666667	1.5	1	1	25251.2	1e+20	8.15097e+13	18.2255	18.7938	52.0337	75.9802	33.0341	96.7923	
153000	-111448	-1332.67	-64575	-13902.9	0.151855	1	0.109728	18.2269	2.46153	0.0269836	18.5167	0.589247	4806	99	493	-31901.8	29.0513f	78.5156	4	1	1	0.049505	0.049505	0.0693069	9.90099e-09	0	0	0	0	0.727273	0.962733	0.237603	0.473333	0.892562	9.90099e-09	0.148515	9.90099e-09	1	0.0950413	0.176842	1.5	0.666667	1.5	1	1	25251.2	1e+20	8.15097e+13	18.2255	18.7938	52.0337	75.9802	29.0513	78.5156	
154000	-112663	-1332.67	-65790.6	-14068.8	0.151855	1	0.107681	18.5734	2.35317	0.0121477	18.3958	0.6281	4894	99	508	-31901.8	59.5402f	63.143	4	1	1	0.049505	0.049505	0.0693069	9.90099e-09	0	0	0	0	0.809091	0.95501	0.231557	0.514019	0.882474	9.90099e-09	0.108911	9.90099e-09	1	0.125773	0.193858	1.5	0.666667	1.5	1	1	25251.2	1e+20	8.15097e+13	18.2255	18.7938	52.0337	75.9802	59.5402	63.143	
155000	-113068	-1332.67	-66195.6	-14166.8	0.151855	1	0.115567	17.306	2.69776	0.0172089	18.7018	0.510485	4946	99	501	-31901.8	48.0905f	74.2565	4	1	1	0.049505	0.049505	0.0693069	9.90099e-09	0	0	0	0	0.727273	0.955734	0.230303	0.553333	0.907445	9.90099e-09	0.108911	9.90099e-09	1	0.117172	0.15261	1.5	0.666667	1.5	1	1	25251.2	1e+20	8.15097e+13	18.2255	18.7938	52.0337	75.9802	48.0905	74.2565	
156000	-111869	-1332.67	-64996.3	-13914.1	0.150912	1	0.115567	17.306	2.70502	0.0264938	18.7435	0.509115	4812	99	525	-31901.8	32.0438f	79.813	4	1	1	0.029703	0.049505	0.0693069	9.90099e-09	0	0	0	0	0.690909	0.964803	0.211618	0.570093	0.885892	9.90099e-09	0.108911	9.90099e-09	1	0.126556	0.18	1.5	0.666667	1.5	1	1	25251.2	1e+20	8.15097e+13	18.2255	18.7938	52.0337	75.9802	32.0438	79.813	
157000	-111858	-1332.67	-64985.2	-13946.3	0.150912	1	0.117115	17.0772	2.74126	0.0397338	18.7435	0.495743	4829	99	508	-31901.8	59.3406f	93.3458	4	1	1	0.029703	0.039604	0.0792079	9.90099e-09	0	0	0	0	0.790909	0.975258	0.208247	0.553398	0.865424	9.90099e-09	0.108911	9.90099e-09	1	0.120083	0.181102	1.5	0.666667	1.5	1	1	25251.2	1e+20	8.15097e+13	18.2255	18.7938	52.0337	75.9802	59.3406	93.3458	
158000	-113530	-1332.67	-66657.6	-14183.7	0.149894	1	0.117115	17.0772	2.7893	0.0244435	18.857	0.487204	4954	99	528	-31901.8	58.999f	80.577	4	1	1	0.029703	0.039604	0.0792079	9.90099e-09	0	0	0	0	0.781818	0.949799	0.242915	0.47619	0.875	9.90099e-09	0.108911	9.90099e-09	1	0.110887	0.16826	1.5	0.666667	1.5	1	1	25251.2	1e+20	8.15097e+13	18.2255	18.7938	52.0337	75.9802	58.999	80.577	
159000	-110824	-1332.67	-63951.3	-13834.5	0.149894	1	0.105834	18.8976	2.43725	0.0188673	18.6991	0.617017	4770	99	470	-31901.8	60.866f	73.4818	4	1	1	0.029703	0.039604	0.0792079	9.90099e-09	0	0	0	0	0.709091	0.941423	0.262055	0.492857	0.889121	9.90099e-09	0.108911	9.90099e-09	1	0.115063	0.176596	1.5	0.666667	1.5	1	1	25251.2	1e+20	8.15097e+13	18.2255	18.7938	38.4859	97.0415	60.866	73.4818	
160000	-112536	-1332.67	-65662.9	-14022.4	0.149894	1	0.105834	18.8976	2.46959	0.0437771	18.7608	0.608937	4869	99	522	-31901.8	12.6633f	81.0308	4	1	1	0.029703	0.039604	0.0792079	9.90099e-09	0	0	0	0	0.736364	0.938398	0.217213	0.495238	0.910417	9.90099e-09	0.0792079	9.90099e-09	1	0.126556	0.178431	1.5	0.666667	1.5	1	1	25251.2	1e+20	8.15097e+13	18.2255	18.7938	38.4859	97.0415	12.6633	81.0308	
161000	-113276	-1332.67	-66403.6	-14104.1	0.154116	1	0.10814	18.4946	2.913	0.032592	19.3119	0.505236	4913	99	540	-31901.8	36.7618f	87.4087	4	1	1	0.029703	0.039604	0.0792079	9.90099e-09	0	0	0	0	0.718182	0.953252	0.207739	0.508929	0.908907	0.009901	0.0792079	9.90099e-09	1	0.120163	0.19209	1.5	0.666667	1.5	1	1	25251.2	1e+20	8.15097e+13	18.2255	18.7938	38.4859	97.0415	36.7618	87.4087	
162000	-114570	-1332.67	-67697	-14298.2	0.154907	1	0.10814	18.4946	2.8759	0.0334945	19.2255	0.511754	5017	99	556	-31901.8	45.1289f	89.8038	4	1	1	0.029703	0.039604	0.0792079	9.90099e-09	0	0	0	0	0.754545	0.973896	0.251497	0.551402	0.892216	0.009901	0.0792079	9.90099e-09	1	0.121756	0.167286	1.5	0.666667	1.5	1	1	25251.2	1e+20	8.15097e+13	18.2255	18.7938	38.4859	97.0415	45.1289	89.8038	
163000	-113728	-1332.67	-66855.1	-14102.4	0.154907	1	0.112676	17.7499	2.99655	0.0130348	19.2255	0.471374	4912	99	585	-31901.8	63.6054f	61.3653	4	1	1	0.029703	0.039604	0.0990099	9.90099e-09	0	0	0	0	0.745455	0.947047	0.258656	0.513514	0.851324	0.009901	0.0792079	9.90099e-09	1	0.130081	0.214545	1.5	0.666667	1.5	1	1	25251.2	1e+20	8.15097e+13	18.2255	18.7938	58.7865	75.5087	63.6054	61.3653	
164000	-112897	-1332.67	-66023.9	-14101.3	0.150974	1	0.111729	17.9005	2.47498	0.015939	18.4852	0.57555	4911	99	515	-31901.8	33.2018f	66.6802	4	1	1	0.029703	0.039604	0.0990099	9.90099e-09	0	0	0	0	0.8	0.95723	0.248988	0.519231	0.894309	0.009901	0.0792079	9.90099e-09	1	0.128049	0.163107	1.5	0.666667	1.5	1	1	25251.2	1e+20	8.15097e+13	26.5218	5.63157	58.7865	75.5087	33.2018	66.6802	
165000	-112395	-1332.67	-65522.7	-13993.4	0.156341	1	0.116167	17.2167	2.66477	0.0209087	18.4852	0.514138	4853	99	532	-31901.8	78.1158f	45.1532	4	1	1	0.029703	0.0990099	0.0990099	9.90099e-09	0	0	0	0	0.790909	0.963115	0.234568	0.495413	0.868313	0.009901	0.0792079	9.90099e-09	1	0.13786	0.18985	1.5	0.666667	1.5	1	1	25251.2	1e+20	8.15097e+13	26.5218	5.63157	88.2683	61.0807	78.1158	45.1532	
166000	-113967	-1332.67	-67094.1	-14199.3	0.156341	1	0.122384	16.3419	2.71174	0.0576227	18.3257	0.479563	4964	99	559	-31901.8	99.7627f	73.9588	4	1	1	0.029703	0.0990099	0.0990099	9.90099e-09	0	0	0	0	0.854545	0.955734	0.240964	0.422414	0.871032	0.009901	0.0990099	9.90099e-09	1	0.130522	0.187719	1.5	0.666667	1.5	1	1	25251.2	1e+20	8.15097e+13	26.5218	5.63157	88.2683	61.0807	99.7627	73.9588	
167000	-115350	-1332.67	-68477.5	-14310.7	0.156341	1	0.128864	15.5202	2.90956	0.0117533	18.4121	0.424482	5024	99	624	-31901.8	39.4201f	63.1767	4	1	1	0.029703	0.0990099	0.0990099	9.90099e-09	0	0	0	0	0.790909	0.934263	0.237525	0.570248	0.842315	0.009901	0.0990099	9.90099e-09	1	0.133733	0.170772	1.5	0.666667	1.5	1	1	25251.2	1e+20	8.15097e+13	23.0534	17.2715	61.2973	67.599	39.4201	63.1767	
168000	-114814	-1332.67	-67940.9	-14264.3	0.156341	1	0.135455	14.765	3.25393	0.0264791	18.6996	0.361091	4999	99	600	-31901.8	79.458f	66.0681	4	1	1	0.019802	0.0990099	0.0990099	9.90099e-09	0	0	0	0	0.709091	0.938247	0.217565	0.52459	0.86255	0.009901	0.0990099	9.90099e-09	1	0.125749	0.153333	1.5	0.666667	1.5	1	1	25251.2	1e+20	8.15097e+13	23.0534	17.2715	73.6434	70.6854	79.458	66.0681	
169000	-115832	-1332.67	-68958.8	-14451.7	0.156341	1	0.135455	14.765	2.95535	0.0579688	18.255	0.397572	5100	99	593	-31901.8	98.5597f	76.6825	4	1	1	0.019802	0.0990099	0.0990099	9.90099e-09	0	0	0	0	0.763636	0.937132	0.223529	0.608333	0.857988	0.009901	0.0990099	9.90099e-09	1	0.129412	0.179054	1.5	0.666667	1.5	1	1	25251.2	1e+20	8.15097e+13	23.0534	17.2715	73.6434	70.6854	98.5597	76.6825	
170000	-115152	-1332.67	-68279.8	-14347.8	0.156341	1	0.124039	16.1239	3.06534	0.0205796	18.8325	0.418584	5044	99	580	-31901.8	77.8444f	45.8893	4	1	1	0.019802	0.0990099	0.0891089	9.90099e-09	0	0	0	0	0.763636	0.956436	0.263889	0.4375	0.865613	0.009901	0.0990099	9.90099e-09	1	0.130693	0.165517	1.5	0.666667	1.5	1	1	25251.2	1e+20	8.15097e+13	23.0534	17.2715	73.6434	70.6854	77.8444	45.8893	
171000	-114829	-1332.67	-67956.2	-14393.9	0.156854	1	0.097809	20.448	2.90162	0.0569169	19.6965	0.560791	5069	99	520	-31901.8	83.2769f	93.5741	4	1	1	0.019802	0.0792079	0.0891089	9.90099e-09	0	0	0	0	0.7	0.95098	0.247544	0.535088	0.86785	0.009901	0.0990099	9.90099e-09	1	0.120316	0.189591	1.5	0.666667	1.5	1	1	25251.2	1e+20	8.15097e+13	23.0534	17.2715	73.6434	70.6854	83.2769	93.5741	
172000	-114624	-1332.67	-67751.6	-14329.1	0.156854	1	0.097809	20.448	2.77436	0.0104288	19.4769	0.586514	5034	99	545	-31901.8	62.8636f	46.3711	4	1	1	0.019802	0.0792079	0.0891089	9.90099e-09	0	0	0	0	0.772727	0.94246	0.244533	0.564815	0.88668	0.009901	0.0891089	9.90099e-09	1	0.129225	0.172477	1.5	0.666667	1.5	1	1	25251.2	1e+20	8.15097e+13	23.0534	17.2715	70.647	83.1234	62.8636	46.3711	
173000	-115632	-1332.67	-68759	-14568.1	0.156854	1	0.097809	20.448	2.77436	0.0180741	19.4769	0.586514	5163	99	503	-31901.8	73.0601f	59.2717	4	1	1	0.019802	0.0792079	0.0891089	9.90099e-09	0	0	0	0	0.781818	0.968992	0.24031	0.495146	0.884766	0.009901	0.0891089	9.90099e-09	1	0.118217	0.214141	1.5	0.666667	1.5	1	1	25251.2	1e+20	8.15097e+13	23.0534	17.2715	81.957	73.0735	73.0601	59.2717	
174000	-114779	-1332.67	-67906.8	-14442.1	0.156854	1	0.097809	20.448	2.57596	0.0438317	19.1189	0.631687	5095	99	491	-31901.8	91.9192f	70.9146	4	1	1	0.019802	0.0792079	0.0891089	9.90099e-09	0	0	0	0	0.763636	0.970646	0.247059	0.471698	0.898039	0.009901	0.0891089	9.90099e-09	1	0.0960784	0.204	1.5	0.666667	1.5	1	1	25251.2	1e+20	8.15097e+13	23.0534	17.2715	81.957	73.0735	91.9192	70.9146	
175000	-113617	-1332.67	-66744.1	-14213.1	0.153022	1	0.103321	19.3571	2.65467	0.0335469	19.1189	0.580255	4971	99	513	-31901.8	67.3988f	85.5641	4	1	1	0.019802	0.0792079	0.0891089	9.90099e-09	0	0	0	0	0.772727	0.941767	0.230461	0.539474	0.9	0.009901	0.0891089	9.90099e-09	1	0.132797	0.19883	1.5	0.666667	1.5	1	1	25251.2	1e+20	8.15097e+13	23.0534	17.2715	81.957	73.0735	67.3988	85.5641	
176000	-113099	-1332.67	-66225.9	-14156.8	0.153022	1	0.0950725	21.0366	2.5816	0.0557191	19.3851	0.64845	4941	99	492	-31901.8	91.6671f	84.5157	4	1	1	0.019802	0.0792079	0.0594059	9.90099e-09	0	0	0	0	0.809091	0.945455	0.237805	0.5	0.870445	0.009901	0.0891089	9.90099e-09	1	0.0949495	0.192913	1.5	0.666667	1.5	1	1	25251.2	1e+20	8.15097e+13	23.0534	17.2715	81.957	73.0735	91.6671	84.5157	
177000	-113149	-1332.67	-66276.8	-14121	0.153646	1	0.114012	17.542	3.15853	0.0421729	19.4626	0.441961	4922	99	524	-31901.8	84.7993f	79.6255	4	1	1	0.019802	0.0594059	0.0594059	9.90099e-09	0	0	0	0	0.809091	0.941176	0.261134	0.644231	0.880808	0.009901	0.0594059	9.90099e-09	1	0.148374	0.173333	1.5	0.666667	1.5	1	1	25251.2	1e+20	8.15097e+13	23.0534	17.2715	81.957	73.0735	84.7993	79.6255	
178000	-111169	-1332.67	-64296.1	-13808	0.148273	1	0.106268	18.8204	2.84103	0.0241651	19.4626	0.52716	4756	99	512	-31901.8	52.8401f	81.661	4	1	1	0.019802	0.0594059	0.0594059	9.90099e-09	0	0	0	0	0.781818	0.960334	0.24109	0.504762	0.865145	0.009901	0.0594059	9.90099e-09	1	0.091858	0.214971	1.5	0.666667	1.5	1	1	25251.2	1e+20	8.15097e+13	23.0534	17.2715	81.957	73.0735	52.8401	81.661	
179000	-110716	-1332.67	-63843.1	-13726	0.148761	1	0.106268	18.8204	2.78092	0.0190515	19.3429	0.538554	4713	99	514	-31901.8	55.7297f	75.618	4	1	1	0.019802	0.0594059	0.0594059	9.90099e-09	0	0	0	0	0.809091	0.961945	0.254777	0.542857	0.868365	0.009901	0.0594059	9.90099e-09	1	0.116279	0.208247	1.5	0.666667	1.5	1	1	25251.2	1e+20	8.15097e+13	23.0534	17.2715	81.957	73.0735	55.7297	75.618	
180000	-110646	-1332.67	-63773.3	-13766	0.148761	1	0.105936	18.8792	2.67303	0.0419169	19.1675	0.562045	4734	99	488	-31901.8	83.3323f	81.0166	4	1	1	0.049505	0.0594059	0.0594059	9.90099e-09	0	0	0	0	0.781818	0.953191	0.2537	0.534247	0.889597	0.009901	0.0594059	9.90099e-09	1	0.124736	0.177215	1.5	0.666667	1.5	1	1	25251.2	1e+20	8.15097e+13	23.0534	17.2715	72.3844	70.0262	83.3323	81.0166	
181000	-110570	-1332.67	-63696.9	-13758.5	0.146912	1	0.105936	18.8792	2.88177	0.024163	19.5924	0.521333	4730	99	480	-31901.8	72.9771f	71.3361	4	1	1	0.049505	0.0594059	0.0594059	9.90099e-09	0	0	0	0	0.745455	0.965957	0.245763	0.47619	0.882979	0.009901	0.0594059	9.90099e-09	1	0.137131	0.190385	1.5	0.666667	1.5	1	1	25251.2	1e+20	8.15097e+13	23.0534	17.2715	65.4304	50.1072	72.9771	71.3361	
182000	-112475	-1332.67	-65602.3	-14029	0.146912	1	0.105936	18.8792	2.31467	0.0516492	18.5479	0.649062	4871	99	512	-31901.8	98.071f	69.2715	4	1	1	0.049505	0.0594059	0.0693069	9.90099e-09	0	0	0	0	0.8	0.971193	0.236735	0.514563	0.86037	0.009901	0.0594059	9.90099e-09	1	0.104508	0.168605	1.5	0.666667	1.5	1	1	25251.2	1e+20	8.15097e+13	23.0534	17.2715	65.4304	50.1072	98.071	69.2715	
183000	-113355	-1332.67	-66482	-14160.2	0.155702	1	0.113326	17.6482	2.62428	0.0159981	18.5479	0.535156	4943	99	522	-31901.8	64.579f	66.6817	4	1	1	0.049505	0.0594059	0.0693069	9.90099e-09	0	0	0	0	0.709091	0.945344	0.25502	0.495238	0.896761	0.009901	0.148515	9.90099e-09	1	0.121457	0.199234	1.5	0.666667	1.5	1	1	25251.2	1e+20	8.15097e+13	18.6169	23.5454	65.4304	50.1072	64.579	66.6817	
184000	-114093	-1332.67	-67220.2	-14263.2	0.153877	1	0.117667	16.9971	2.799	0.0106711	18.728	0.483238	4998	99	535	-31901.8	36.7063f	40.5241	4	1	1	0.049505	0.0594059	0.0693069	9.90099e-09	0	0	0	0	0.690909	0.958	0.266	0.519231	0.881288	0.009901	0.148515	9.90099e-09	1	0.11022	0.175803	1.5	0.666667	1.5	1	1	25251.2	1e+20	8.15097e+13	18.6169	23.5454	65.4304	50.1072	36.7063	40.5241	
185000	-114294	-1332.67	-67421.6	-14299.5	0.156415	1	0.121668	16.4382	2.68288	0.0263407	18.3014	0.487576	5018	99	536	-31901.8	73.8752f	73.3683	4	1	1	0.0594059	0.0594059	0.0693069	9.90099e-09	0	0	0	0	0.736364	0.97619	0.249501	0.571429	0.862823	0.009901	0.148515	9.90099e-09	1	0.125	0.190563	1.5	0.666667	1.5	1	1	25251.2	1e+20	8.15097e+13	18.6169	23.5454	65.4304	50.1072	73.8752	73.3683	
186000	-114314	-1332.67	-67440.9	-14284.7	0.157407	1	0.121668	16.4382	2.6999	0.0109116	18.3014	0.484502	5010	99	538	-31901.8	63.5719f	44.8502	4	1	1	0.0594059	0.0594059	0.0693069	9.90099e-09	0	0	0	0	0.836364	0.938614	0.24502	0.469027	0.88247	0.009901	0.148515	9.90099e-09	1	0.103586	0.159785	1.5	0.666667	1.5	1	1	25251.2	1e+20	8.15097e+13	18.6169	23.5454	65.4304	50.1072	63.5719	44.8502	
187000	-114596	-1332.67	-67723.5	-14347.5	0.157407	1	0.119947	16.674	2.49077	0.0205542	18.0002	0.532717	5044	99	542	-31901.8	63.4507f	23.8109	4	1	1	0.0594059	0.0594059	0.0693069	9.90099e-09	0	0	0	0	0.727273	0.968442	0.251969	0.551402	0.89391	0.009901	0.148515	9.90099e-09	1	0.124752	0.155598	1.5	0.666667	1.5	1	1	25251.2	1e+20	8.15097e+13	18.6169	23.5454	65.4304	50.1072	63.4507	23.8109	
188000	-116035	-1332.67	-69162.5	-14528.7	0.157407	1	0.120539	16.5921	2.50306	0.0463985	18.0002	0.527497	5142	99	570	-31901.8	81.9233f	11.5674	4	1	1	0.0594059	0.0594059	0.049505	9.90099e-09	0	0	0	0	0.754545	0.947876	0.221359	0.525424	0.893822	0.009901	0.148515	9.90099e-09	1	0.139806	0.168966	1.5	0.666667	1.5	1	1	25251.2	1e+20	8.15097e+13	18.6169	23.5454	69.7702	25.0194	81.9233	11.5674	
189000	-115894	-1332.67	-69021.3	-14522.2	0.162953	1	0.112032	17.8521	2.49855	0.017066	18.1664	0.56858	5139	99	562	-31901.8	54.0634f	24.5391	4	1	1	0.0594059	0.0594059	0.049505	9.90099e-09	0	0	0	0	0.709091	0.960938	0.203523	0.543103	0.896282	0.009901	0.148515	9.90099e-09	1	0.122807	0.163575	1.5	0.666667	1.5	1	1	25251.2	1e+20	8.15097e+13	18.6169	23.5454	56.0918	39.9045	54.0634	24.5391	
190000	-117223	-1332.67	-70350.2	-14685.4	0.162953	1	0.12011	16.6514	2.67871	0.00810484	18.1664	0.494668	5229	99	588	-31901.8	43.4909f	43.8194	4	1	1	0.0594059	0.0990099	0.049505	9.90099e-09	0	0	0	0	0.763636	0.942857	0.246183	0.543103	0.899048	0.009901	0.0792079	9.90099e-09	1	0.121905	0.16436	1.5	0.666667	1.5	1	1	25251.2	1e+20	8.15097e+13	18.6169	23.5454	56.0918	39.9045	43.4909	43.8194	
191000	-116156	-1332.67	-69283.4	-14652.9	0.162319	1	0.110783	18.0533	2.46109	0.0364307	18.1664	0.583738	5211	99	509	-31901.8	74.7732f	14.5394	4	1	1	0.029703	0.0990099	0.049505	9.90099e-09	0	0	0	0	0.754545	0.975143	0.200765	0.524272	0.904398	0.009901	0.0792079	9.90099e-09	1	0.122605	0.157171	1.5	0.666667	1.5	1	1	25251.2	1e+20	8.15097e+13	2.75665	13.507	56.0918	39.9045	74.7732	14.5394	
192000	-115890	-1332.67	-69017.6	-14589.2	0.162319	1	0.109737	18.2254	2.79098	0.0203564	18.7913	0.519647	5176	99	518	-31901.8	60.5905f	22.5949	4	1	1	0.029703	0.0990099	0.049505	9.90099e-09	0	0	0	0	0.763636	0.953578	0.216216	0.566372	0.882239	0.009901	0.0792079	9.90099e-09	1	0.0945946	0.187146	1.5	0.666667	1.5	1	1	25251.2	1e+20	8.15097e+13	2.75665	13.507	56.0918	39.9045	60.5905	22.5949	
193000	-117072	-1332.67	-70199.4	-14674.6	0.164505	1	0.117848	16.9711	3.03763	0.0158042	18.7913	0.444595	5223	99	578	-31901.8	30.8984f	34.0231	4	1	1	0.029703	0.0990099	0.049505	9.90099e-09	0	0	0	0	0.772727	0.932821	0.23327	0.563025	0.873563	0.009901	0.0792079	9.90099e-09	1	0.133843	0.197615	1.5	0.666667	1.5	1	1	25251.2	1e+20	8.15097e+13	2.75665	13.507	56.0918	39.9045	30.8984	34.0231	
194000	-117565	-1332.67	-70692.8	-14681.8	0.164505	1	0.117848	16.9711	3.16843	0.00795323	18.9904	0.42624	5227	99	617	-31901.8	49.5388f	42.2864	4	1	1	0.029703	0.0990099	0.049505	9.90099e-09	0	0	0	0	0.836364	0.95	0.260536	0.570248	0.866157	0.009901	0.0792079	9.90099e-09	1	0.122371	0.164763	1.5	0.666667	1.5	1	1	25251.2	1e+20	8.15097e+13	2.75665	13.507	56.0918	39.9045	49.5388	42.2864	
195000	-117136	-1332.67	-70263	-14681.8	0.164505	1	0.117848	16.9711	3.47797	0.0116943	19.4381	0.388306	5227	99	575	-31901.8	51.1979f	65.7442	4	1	1	0.029703	0.0990099	0.0693069	9.90099e-09	0	0	0	0	0.8	0.935728	0.263359	0.550847	0.873823	0.009901	0.0792079	9.90099e-09	1	0.128544	0.217905	1.5	0.666667	1.5	1	1	25251.2	1e+20	8.15097e+13	2.75665	13.507	56.0918	39.9045	51.1979	65.7442	
196000	-116581	-1332.67	-69707.9	-14660.1	0.164505	1	0.101712	19.6633	2.57367	0.0250832	18.7046	0.607985	5215	99	539	-31901.8	71.1302f	74.3695	4	1	1	0.019802	0.0990099	0.0693069	9.90099e-09	0	0	0	0	0.763636	0.957935	0.260536	0.523364	0.894636	0.009901	0.0792079	9.90099e-09	1	0.0862069	0.150579	1.5	0.666667	1.5	1	1	25251.2	1e+20	8.15097e+13	12.0216	29.583	56.0918	39.9045	71.1302	74.3695	
197000	-117017	-1332.67	-70144.6	-14747.2	0.162768	1	0.101712	19.6633	2.5465	0.0136802	18.7046	0.614472	5263	99	534	-31901.8	66.2699f	38.6752	4	1	1	0.019802	0.0990099	0.0693069	9.90099e-09	0	0	0	0	0.709091	0.954286	0.23855	0.405941	0.885714	0.009901	0.0792079	9.90099e-09	1	0.118095	0.172211	1.5	0.666667	1.5	1	1	25251.2	1e+20	8.15097e+13	12.0216	29.583	56.0918	39.9045	66.2699	38.6752	
198000	-117669	-1332.67	-70796	-14830.7	0.162768	1	0.1196	16.7224	3.16844	0.0210428	18.9707	0.419995	5309	99	550	-31901.8	59.0631f	21.17	4	1	1	0.019802	0.0990099	0.0693069	9.90099e-09	0	0	0	0	0.763636	0.954887	0.191729	0.474138	0.867925	0.009901	0.0792079	9.90099e-09	1	0.118421	0.183888	1.5	0.666667	1.5	1	1	25251.2	1e+20	8.15097e+13	12.0216	29.583	56.0918	39.9045	59.0631	21.17	
199000	-117508	-1332.67	-70635.3	-14699.9	0.165334	1	0.112697	17.7467	3.42417	0.0415954	19.5554	0.412432	5237	99	595	-31901.8	60.1534f	3.60106	4	1	1	0.019802	0.0990099	0.0693069	9.90099e-09	0	0	0	0	0.7	0.957774	0.242366	0.545455	0.873563	0.009901	0.0792079	9.90099e-09	1	0.135496	0.194958	1.5	0.666667	1.5	1	1	25251.2	1e+20	8.15097e+13	12.0216	29.583	56.0918	39.9045	60.1534	3.60106	
200000	-119010	-1332.67	-72137	-14950.1	0.165334	1	0.110184	18.1515	3.34699	0.0120031	19.5543	0.431568	5376	99	590	-31901.8	65.8425f	52.9184	4	1	1	0.019802	0.0990099	0.0693069	9.90099e-09	0	0	0	0	0.781818	0.959184	0.210428	0.551724	0.890538	0.009901	0.0792079	9.90099e-09	1	0.120594	0.191564	1.5	0.666667	1.5	1	1	25251.2	1e+20	8.15097e+13	12.0216	29.583	56.0918	39.9045	65.8425	52.9184	
201000	-117010	-1332.67	-70137.3	-14656.8	0.165334	1	0.109275	18.3025	3.00096	0.034165	19.0674	0.485332	5213	99	578	-31901.8	68.107f	12.336	4	1	1	0.019802	0.0990099	0.0891089	9.90099e-09	0	0	0	0	0.690909	0.965517	0.230916	0.577586	0.872381	0.009901	0.0792079	9.90099e-09	1	0.118321	0.180272	1.5	0.666667	1.5	1	1	25251.2	1e+20	8.15097e+13	31.7365	18.6757	56.0918	39.9045	68.107	12.336	
202000	-116230	-1332.67	-69357.3	-14462.4	0.165334	1	0.117935	16.9585	3.23534	0.0118244	19.0624	0.417116	5105	99	613	-31901.8	46.5769f	32.0665	4	1	1	0.019802	0.0990099	0.0891089	9.90099e-09	0	0	0	0	0.745455	0.937255	0.244618	0.488	0.858268	0.009901	0.118812	9.90099e-09	1	0.103516	0.180033	1.5	0.666667	1.5	1	1	25251.2	1e+20	8.15097e+13	31.7365	18.6757	56.0918	39.9045	46.5769	32.0665	
203000	-116913	-1332.67	-70040.1	-14537.9	0.157451	1	0.120012	16.665	3.13534	0.0106752	19.0624	0.422971	5147	99	632	-31901.8	53.6595f	63.0513	4	1	1	0.019802	0.118812	0.0891089	9.90099e-09	0	0	0	0	0.790909	0.937378	0.249027	0.521739	0.854369	0.009901	0.118812	9.90099e-09	1	0.127202	0.176565	1.5	0.666667	1.5	1	1	25251.2	1e+20	8.15097e+13	31.7365	18.6757	56.0918	39.9045	53.6595	63.0513	
204000	-116547	-1332.67	-69674.8	-14515.7	0.157451	1	0.117993	16.9502	3.22617	0.0267986	19.2805	0.418097	5135	99	613	-31901.8	22.1779f	25.84	4	1	1	0.049505	0.118812	0.0891089	9.90099e-09	0	0	0	0	0.781818	0.960474	0.247082	0.559322	0.879447	0.009901	0.118812	9.90099e-09	1	0.0992218	0.20777	1.5	0.666667	1.5	1	1	25251.2	1e+20	8.15097e+13	6.78671	33.4851	56.0918	39.9045	22.1779	25.84	
205000	-114469	-1332.67	-67596.1	-14332.7	0.157451	1	0.118311	16.9046	2.96091	0.0128383	18.8587	0.454327	5036	99	527	-31901.8	31.3106f	56.162	4	1	1	0.049505	0.118812	0.0891089	9.90099e-09	0	0	0	0	0.790909	0.956088	0.217822	0.564815	0.860558	0.009901	0.118812	9.90099e-09	1	0.0972222	0.164286	1.5	0.666667	1.5	1	1	25251.2	1e+20	8.15097e+13	6.78671	33.4851	24.3628	58.9162	31.3106	56.162	
206000	-115433	-1332.67	-68560.5	-14378.8	0.1592	1	0.118311	16.9046	3.2132	0.0186078	19.1951	0.418655	5061	99	586	-31901.8	36.2226f	25.2269	4	1	1	0.049505	0.118812	0.0891089	9.90099e-09	0	0	0	0	0.772727	0.940594	0.258893	0.561983	0.88	0.009901	0.118812	9.90099e-09	1	0.155689	0.219723	1.5	0.666667	1.5	1	1	25251.2	1e+20	8.15097e+13	32.2059	19.2763	58.427	42.9784	36.2226	25.2269	
207000	-115519	-1332.67	-68646	-14419.3	0.1592	1	0.118311	16.9046	3.00359	0.0114305	18.8741	0.447873	5083	99	577	-31901.8	65.1642f	47.9624	4	1	1	0.049505	0.118812	0.118812	9.90099e-09	0	0	0	0	0.763636	0.964427	0.199211	0.464912	0.874016	0.009901	0.118812	9.90099e-09	1	0.118577	0.184071	1.5	0.666667	1.5	1	1	25251.2	1e+20	8.15097e+13	32.2059	19.2763	69.0945	32.1785	65.1642	47.9624	
208000	-115418	-1332.67	-68544.9	-14500.3	0.158756	1	0.111943	17.8662	2.834	0.0185638	18.8741	0.501674	5127	99	525	-31901.8	75.6755f	47.4756	4	1	1	0.049505	0.118812	0.118812	9.90099e-09	0	0	0	0	0.718182	0.966667	0.245098	0.440367	0.87451	0.009901	0.118812	9.90099e-09	1	0.109804	0.161905	1.5	0.666667	1.5	1	1	25251.2	1e+20	8.15097e+13	32.2059	19.2763	69.0945	32.1785	75.6755	47.4756	
209000	-115542	-1332.67	-68669	-14482.9	0.156841	1	0.111943	17.8662	2.96907	0.0235326	19.1531	0.478851	5117	99	543	-31901.8	50.7875f	16.8454	4	1	1	0.049505	0.0990099	0.118812	9.90099e-09	0	0	0	0	0.8	0.962525	0.280632	0.481132	0.886	0.009901	0.118812	9.90099e-09	1	0.117188	0.156371	1.5	0.666667	1.5	1	1	25251.2	1e+20	8.15097e+13	23.9144	0.631167	69.0945	32.1785	50.7875	16.8454	
210000	-114074	-1332.67	-67200.9	-14279.2	0.15783	1	0.111943	17.8662	2.63116	0.0171409	18.554	0.54035	5007	99	522	-31901.8	66.728f	31.3736	4	1	1	0.049505	0.0990099	0.118812	9.90099e-09	0	0	0	0	0.8	0.9501	0.272908	0.556604	0.897796	0.009901	0.118812	9.90099e-09	1	0.11976	0.225564	1.5	0.666667	1.5	1	1	25251.2	1e+20	8.15097e+13	23.9144	0.631167	69.0945	32.1785	66.728	31.3736	
211000	-116114	-1332.67	-69240.9	-14563.5	0.15783	1	0.10671	18.7423	2.51297	0.0160618	18.5629	0.593507	5161	99	551	-31901.8	48.0208f	25.3137	4	1	1	0.049505	0.0990099	0.118812	9.90099e-09	0	0	0	0	0.627273	0.956023	0.223709	0.518182	0.900585	9.90099e-09	0.118812	9.90099e-09	1	0.110251	0.180633	1.5	0.666667	1.5	1	1	25251.2	1e+20	8.15097e+13	23.9144	0.631167	69.0945	32.1785	48.0208	25.3137	
212000	-118519	-1332.67	-71646.6	-14867.6	0.164596	1	0.106191	18.834	3.087	0.0237608	19.3622	0.485508	5330	99	591	-31901.8	81.2276f	46.7745	4	1	1	0.049505	0.0990099	0.128713	9.90099e-09	0	0	0	0	0.7	0.960894	0.22905	0.603448	0.898496	9.90099e-09	0.118812	9.90099e-09	1	0.119403	0.190068	1.5	0.666667	1.5	1	1	25251.2	1e+20	8.15097e+13	23.9144	0.631167	69.0945	32.1785	81.2276	46.7745	
213000	-118003	-1332.67	-71130.5	-14849.4	0.165254	1	0.106191	18.834	3.09935	0.0529116	19.3622	0.483574	5320	99	556	-31901.8	92.3719f	17.1182	4	1	1	0.049505	0.0990099	0.128713	9.90099e-09	0	0	0	0	0.772727	0.953008	0.307263	0.525862	0.863806	9.90099e-09	0.118812	9.90099e-09	1	0.100559	0.163043	1.5	0.666667	1.5	1	1	25251.2	1e+20	8.15097e+13	23.9144	0.631167	69.0945	32.1785	92.3719	17.1182	
214000	-117537	-1332.67	-70664.1	-14746.7	0.165254	1	0.107393	18.6233	2.9694	0.0152345	19.1022	0.499089	5263	99	573	-31901.8	71.2188f	45.9658	4	1	1	0.049505	0.0990099	0.128713	9.90099e-09	0	0	0	0	0.790909	0.950851	0.226236	0.486726	0.879017	9.90099e-09	0.118812	9.90099e-09	1	0.111531	0.206406	1.5	0.666667	1.5	1	1	25251.2	1e+20	8.15097e+13	23.9144	0.631167	69.0945	32.1785	71.2188	45.9658	
215000	-115305	-1332.67	-68432.1	-14437.1	0.165254	1	0.0971484	20.5871	2.68614	0.0230902	19.1022	0.609895	5091	99	543	-31901.8	73.591f	29.0663	4	1	1	0.049505	0.049505	0.128713	9.90099e-09	0	0	0	0	0.718182	0.938735	0.238189	0.504854	0.884086	9.90099e-09	0.108911	9.90099e-09	1	0.0866142	0.189687	1.5	0.666667	1.5	1	1	25251.2	1e+20	8.15097e+13	23.9144	0.631167	69.0945	32.1785	73.591	29.0663	
216000	-115756	-1332.67	-68882.9	-14581.1	0.165254	1	0.0956205	20.916	2.6016	0.0298849	19.0253	0.639776	5171	99	503	-31901.8	55.9728f	11.6949	4	1	1	0.049505	0.049505	0.128713	9.90099e-09	0	0	0	0	0.790909	0.957447	0.291506	0.5	0.874759	9.90099e-09	0.108911	9.90099e-09	1	0.104247	0.188571	1.5	0.666667	1.5	1	1	25251.2	1e+20	8.15097e+13	23.9144	0.631167	69.0945	32.1785	55.9728	11.6949	
217000	-117944	-1332.67	-71071.6	-14828.4	0.16358	1	0.103285	19.364	2.92184	0.0169326	19.2606	0.527386	5308	99	566	-31901.8	64.642f	29.8271	4	1	1	0.049505	0.049505	0.128713	9.90099e-09	0	0	0	0	0.718182	0.966165	0.251407	0.575221	0.906015	9.90099e-09	0.108911	9.90099e-09	1	0.101504	0.200355	1.5	0.666667	1.5	1	1	25251.2	1e+20	8.15097e+13	23.9144	0.631167	69.0945	32.1785	64.642	29.8271	
218000	-119995	-1332.67	-73122	-15088.1	0.17353	1	0.10464	19.1131	3.27471	0.0594612	19.4636	0.464462	5454	99	598	-31901.8	85.7705f	4.67476	4	1	1	0.039604	0.049505	0.128713	9.90099e-09	0	0	0	0	0.745455	0.955882	0.246324	0.475	0.880952	9.90099e-09	0.108911	9.90099e-09	1	0.141284	0.190635	1.5	0.666667	1.5	1	1	25251.2	1e+20	8.15097e+13	23.9144	0.631167	78.2973	23.0919	85.7705	4.67476	
219000	-120890	-1332.67	-74017.2	-15227.6	0.169925	1	0.103308	19.3596	3.37164	0.00896119	19.7724	0.456926	5533	99	598	-31901.8	57.5351f	43.1529	4	1	1	0.039604	0.049505	0.0594059	9.90099e-09	0	0	0	0	0.745455	0.956364	0.271248	0.508929	0.887681	9.90099e-09	0.108911	9.90099e-09	1	0.146209	0.188963	1.5	0.666667	1.5	1	1	25251.2	1e+20	8.15097e+13	23.9144	0.631167	78.2973	23.0919	57.5351	43.1529	
220000	-120381	-1332.67	-73508.3	-15192.2	0.169925	1	0.103971	19.2362	3.25831	0.0249789	19.5728	0.469804	5513	99	578	-31901.8	63.5181f	18.76	4	1	1	0.039604	0.049505	0.0594059	9.90099e-09	0	0	0	0	0.863636	0.961749	0.255009	0.516667	0.887067	9.90099e-09	0.108911	9.90099e-09	1	0.134301	0.214533	1.5	0.666667	1.5	1	1	25251.2	1e+20	8.15097e+13	23.9144	0.631167	78.2973	23.0919	63.5181	18.76	
221000	-119409	-1332.67	-72536.4	-15076.9	0.169925	1	0.111429	17.9486	3.2183	0.0297927	19.1774	0.443806	5448	99	558	-31901.8	67.7091f	16.1255	4	1	1	0.039604	0.049505	0.0594059	9.90099e-09	0	0	0	0	0.727273	0.954128	0.257827	0.469027	0.896926	9.90099e-09	0.108911	9.90099e-09	1	0.113761	0.168459	1.5	0.666667	1.5	1	1	25251.2	1e+20	8.15097e+13	23.9144	0.631167	78.2973	23.0919	67.7091	16.1255	
222000	-120040	-1332.67	-73167.5	-15154.9	0.169925	1	0.112584	17.7645	3.28715	0.0114439	19.2295	0.430054	5492	99	574	-31901.8	62.5171f	40.0102	4	1	1	0.039604	0.108911	0.0594059	9.90099e-09	0	0	0	0	0.781818	0.961887	0.240942	0.541667	0.880435	9.90099e-09	0.108911	9.90099e-09	1	0.111913	0.162021	1.5	0.666667	1.5	1	1	25251.2	1e+20	8.15097e+13	23.9144	0.631167	78.2973	23.0919	62.5171	40.0102	
223000	-120323	-1332.67	-73450.5	-15133.8	0.169636	1	0.112584	17.7645	3.19556	0.0235574	19.1023	0.44238	5480	99	609	-31901.8	70.794f	25.3869	4	1	1	0.039604	0.108911	0.0594059	9.90099e-09	0	0	0	0	0.727273	0.948339	0.273394	0.428571	0.868852	9.90099e-09	0.108911	9.90099e-09	1	0.112546	0.198686	1.5	0.666667	1.5	1	1	25251.2	1e+20	8.15097e+13	23.9144	0.631167	78.2973	23.0919	70.794	25.3869	
224000	-120212	-1332.67	-73339.5	-15146.2	0.169636	1	0.112584	17.7645	3.01735	0.0171019	18.8302	0.468507	5487	99	592	-31901.8	71.2485f	37.7563	4	1	1	0.039604	0.108911	0.0594059	9.90099e-09	0	0	0	0	0.672727	0.9566	0.271739	0.524194	0.898367	9.90099e-09	0.108911	9.90099e-09	1	0.102004	0.173693	1.5	0.666667	1.5	1	1	25251.2	1e+20	8.15097e+13	23.9144	0.631167	78.2973	23.0919	71.2485	37.7563	
225000	-118575	-1332.67	-71702.5	-14928	0.169636	1	0.112584	17.7645	3.01735	0.00838735	18.8302	0.468507	5364	99	571	-31901.8	57.3797f	49.8626	4	1	1	0.039604	0.108911	0.0693069	9.90099e-09	0	0	0	0	0.772727	0.960967	0.197026	0.491379	0.879182	9.90099e-09	0.108911	9.90099e-09	1	0.109665	0.189964	1.5	0.666667	1.5	1	1	25251.2	1e+20	8.15097e+13	23.9144	0.631167	78.2973	23.0919	57.3797	49.8626	
226000	-118880	-1332.67	-72007.7	-14926.2	0.169636	1	0.116313	17.195	3.11728	0.0183741	18.8302	0.438953	5363	99	598	-31901.8	35.8208f	72.3104	4	1	1	0.039604	0.108911	0.0693069	9.90099e-09	0	0	0	0	0.790909	0.959184	0.188433	0.5625	0.861111	9.90099e-09	0.108911	9.90099e-09	1	0.12616	0.174757	1.5	0.666667	1.5	1	1	25251.2	1e+20	8.15097e+13	23.9144	0.631167	37.6238	41.1587	35.8208	72.3104	
227000	-120451	-1332.67	-73578.4	-15066.4	0.169636	1	0.116313	17.195	3.11728	0.0126971	18.8302	0.438953	5442	99	652	-31901.8	31.6161f	41.7988	4	1	1	0.039604	0.108911	0.0693069	9.90099e-09	0	0	0	0	0.8	0.941068	0.249538	0.55303	0.880515	9.90099e-09	0.108911	9.90099e-09	1	0.141284	0.194745	1.5	0.666667	1.5	1	1	25251.2	1e+20	8.15097e+13	23.9144	0.631167	37.6238	41.1587	31.6161	41.7988	
228000	-119470	-1332.67	-72597.1	-15014.9	0.170148	1	0.11252	17.7746	3.02474	0.0316966	18.8302	0.467629	5413	99	598	-31901.8	26.6862f	16.3166	4	1	1	0.039604	0.039604	0.0693069	9.90099e-09	0	0	0	0	0.736364	0.955224	0.242991	0.445378	0.897196	9.90099e-09	0.108911	9.90099e-09	1	0.136449	0.183639	1.5	0.666667	1.5	1	1	25251.2	1e+20	8.15097e+13	23.9144	0.631167	37.6238	41.1587	26.6862	16.3166	
229000	-120496	-1332.67	-73623	-15153.1	0.170148	1	0.109612	18.2462	3.61995	0.00871292	19.8245	0.401108	5491	99	607	-31901.8	43.2632f	41.0657	4	1	1	0.039604	0.039604	0.0693069	9.90099e-09	0	0	0	0	0.7	0.943223	0.256831	0.578512	0.883212	9.90099e-09	0.108911	9.90099e-09	1	0.129091	0.185497	1.5	0.666667	1.5	1	1	25251.2	1e+20	8.15097e+13	23.9144	0.631167	37.6238	41.1587	43.2632	41.0657	
230000	-120583	-1332.67	-73710.4	-15163.7	0.170148	1	0.109612	18.2462	3.64942	0.0216846	19.8647	0.397868	5497	99	607	-31901.8	41.0113f	78.3795	4	1	1	0.039604	0.039604	0.0693069	9.90099e-09	0	0	0	0	0.663636	0.956679	0.255396	0.591667	0.873874	9.90099e-09	0.108911	9.90099e-09	1	0.116364	0.199021	1.5	0.666667	1.5	1	1	25251.2	1e+20	8.15097e+13	23.9144	0.631167	37.6238	41.1587	41.0113	78.3795	
231000	-118777	-1332.67	-71904.5	-14961.8	0.170148	1	0.106482	18.7826	3.46055	0.00819813	19.7451	0.431917	5383	99	561	-31901.8	54.5731f	43.6775	4	1	1	0.039604	0.039604	0.039604	9.90099e-09	0	0	0	0	0.663636	0.959259	0.230056	0.436975	0.894834	9.90099e-09	0.108911	9.90099e-09	1	0.124074	0.202443	1.5	0.666667	1.5	1	1	25251.2	1e+20	8.15097e+13	23.9144	0.631167	37.6238	41.1587	54.5731	43.6775	
232000	-119322	-1332.67	-72449.8	-14981.3	0.170148	1	0.106482	18.7826	3.30317	0.0204942	19.5166	0.452495	5394	99	604	-31901.8	24.3594f	33.3089	4	1	1	0.039604	0.039604	0.039604	9.90099e-09	0	0	0	0	0.736364	0.942486	0.242593	0.517857	0.858209	9.90099e-09	0.108911	9.90099e-09	1	0.107607	0.170813	1.5	0.666667	1.5	1	1	25251.2	1e+20	8.15097e+13	23.9144	0.631167	37.6238	41.1587	24.3594	33.3089	
233000	-119110	-1332.67	-72237.8	-15085.8	0.170148	1	0.100232	19.9536	3.13878	0.0299193	19.5627	0.505884	5453	99	523	-31901.8	11.4739f	41.8241	4	1	1	0.039604	0.039604	0.039604	9.90099e-09	0	0	0	0	0.818182	0.963702	0.269231	0.611111	0.898917	9.90099e-09	0.0990099	9.90099e-09	1	0.0981818	0.179245	1.5	0.666667	1.5	1	1	25251.2	1e+20	8.15097e+13	23.9144	0.631167	37.6238	41.1587	11.4739	41.8241	
234000	-120488	-1332.67	-73615.7	-15272.4	0.171916	1	0.100232	19.9536	3.1714	0.0410925	19.5627	0.500681	5559	99	546	-31901.8	41.1272f	94.8743	4	1	1	0.039604	0.039604	0.039604	9.90099e-09	0	0	0	0	0.736364	0.978339	0.26259	0.554545	0.896364	9.90099e-09	0.0990099	9.90099e-09	1	0.123412	0.202226	1.5	0.666667	1.5	1	1	25251.2	1e+20	8.15097e+13	23.9144	0.631167	54.8134	86.4519	41.1272	94.8743	
235000	-120066	-1332.67	-73193.2	-15200.3	0.171916	1	0.10393	19.2437	3.2884	0.026299	19.5627	0.465687	5518	99	544	-31901.8	57.0912f	82.9238	4	1	1	0.039604	0.039604	0.039604	9.90099e-09	0	0	0	0	0.818182	0.961957	0.252269	0.564815	0.887681	9.90099e-09	0.0990099	9.90099e-09	1	0.121377	0.17037	1.5	0.666667	1.5	1	1	25251.2	1e+20	8.15097e+13	23.9144	0.631167	54.8134	86.4519	57.0912	82.9238	
236000	-119012	-1332.67	-72139	-15027.7	0.171916	1	0.102441	19.5235	2.83625	0.0456495	18.9207	0.547775	5420	99	554	-31901.8	73.5465f	91.9359	4	1	1	0.009901	0.039604	0.039604	9.90099e-09	0	0	0	0	0.818182	0.933579	0.189687	0.508929	0.909761	9.90099e-09	0.0990099	9.90099e-09	1	0.11418	0.218412	1.5	0.666667	1.5	1	1	25251.2	1e+20	8.15097e+13	23.9144	0.631167	84.2268	78.1046	73.5465	91.9359	
237000	-120433	-1332.67	-73560.1	-15198.8	0.170897	1	0.106045	18.86	3.28199	0.0143609	19.4839	0.457293	5517	99	578	-31901.8	51.3004f	70.2212	4	1	1	0.009901	0.039604	0.0990099	9.90099e-09	0	0	0	0	0.727273	0.960145	0.268116	0.55	0.889493	9.90099e-09	0.0990099	9.90099e-09	1	0.126812	0.206897	1.5	0.666667	1.5	1	1	25251.2	1e+20	8.15097e+13	23.9144	0.631167	95.4431	78.7246	51.3004	70.2212	
238000	-119115	-1332.67	-72242.1	-15075.7	0.173158	1	0.10234	19.5428	3.20923	0.0270175	19.4839	0.48459	5447	99	535	-31901.8	81.545f	62.9012	4	1	1	0.009901	0.039604	0.0990099	9.90099e-09	0	0	0	0	0.790909	0.961538	0.234432	0.435185	0.864717	9.90099e-09	0.0990099	9.90099e-09	1	0.120879	0.178161	1.5	0.666667	1.5	1	1	25251.2	1e+20	8.15097e+13	23.9144	0.631167	86.345	82.0667	81.545	62.9012	
239000	-119057	-1332.67	-72184.8	-15070.4	0.173158	1	0.10234	19.5428	3.32182	0.0317378	19.6526	0.468166	5444	99	530	-31901.8	87.1727f	58.7073	4	1	1	0.009901	0.039604	0.0990099	9.90099e-09	0	0	0	0	0.854545	0.946789	0.248629	0.54955	0.880734	9.90099e-09	0.0990099	9.90099e-09	1	0.108257	0.171587	1.5	0.666667	1.5	1	1	25251.2	1e+20	8.15097e+13	23.9144	0.631167	86.345	82.0667	87.1727	58.7073	
240000	-120853	-1332.67	-73980.5	-15230	0.173158	1	0.110198	18.1492	3.57447	0.030493	19.6493	0.404051	5535	99	597	-31901.8	38.7771f	86.2263	4	1	1	0.009901	0.039604	0.0990099	9.90099e-09	0	0	0	0	0.736364	0.962298	0.266187	0.564516	0.864621	9.90099e-09	0.0792079	9.90099e-09	1	0.119565	0.198425	1.5	0.666667	1.5	1	1	25251.2	1e+20	8.15097e+13	23.9144	0.631167	86.345	82.0667	38.7771	86.2263	
241000	-120170	-1332.67	-73297.7	-15147.5	0.173158	1	0.110198	18.1492	3.75972	0.060734	19.899	0.384142	5488	99	586	-31901.8	92.5924f	87.7483	4	1	1	0.009901	0.138614	0.0990099	9.90099e-09	0	0	0	0	0.7	0.956284	0.23133	0.564103	0.899818	9.90099e-09	0.0792079	9.90099e-09	1	0.100182	0.190559	1.5	0.666667	1.5	1	1	25251.2	1e+20	8.15097e+13	25.9018	19.2947	86.345	82.0667	92.5924	87.7483	
242000	-120608	-1332.67	-73735.3	-15186.1	0.173158	1	0.113121	17.6802	3.55671	0.0238344	19.4968	0.395575	5510	99	603	-31901.8	67.1225f	75.9578	4	1	1	0.019802	0.138614	0.0990099	9.90099e-09	0	0	0	0	0.8	0.954955	0.247273	0.556452	0.870504	9.90099e-09	0.0792079	9.90099e-09	1	0.130672	0.180135	1.5	0.666667	1.5	1	1	25251.2	1e+20	8.15097e+13	25.9018	19.2947	87.4777	85.1824	67.1225	75.9578	
243000	-120829	-1332.67	-73956.1	-15256.3	0.173158	1	0.10184	19.6386	3.20203	0.0309322	19.4968	0.488063	5550	99	582	-31901.8	49.6863f	87.914	4	1	1	0.019802	0.138614	0.0693069	9.90099e-09	0	0	0	0	0.727273	0.94955	0.230631	0.475	0.912343	9.90099e-09	0.0792079	9.90099e-09	1	0.136691	0.205387	1.5	0.666667	1.5	1	1	25251.2	1e+20	8.15097e+13	25.9018	19.2947	87.4777	85.1824	49.6863	87.914	
244000	-122429	-1332.67	-75556.4	-15425.5	0.179334	1	0.107716	18.5674	3.50754	0.0442669	19.4968	0.421249	5647	99	625	-31901.8	58.996f	1.50018	4	1	1	0.019802	0.138614	0.0693069	9.90099e-09	0	0	0	0	0.745455	0.957371	0.249104	0.556452	0.860714	9.90099e-09	0.0792079	9.90099e-09	1	0.117857	0.17953	1.5	0.666667	1.5	1	1	25251.2	1e+20	8.15097e+13	25.9018	19.2947	92.9517	48.5262	58.996	1.50018	
245000	-122475	-1332.67	-75602.6	-15451.3	0.179334	1	0.110648	18.0753	3.76958	0.0140355	19.7183	0.381579	5662	99	620	-31901.8	67.2684f	58.7418	4	1	1	0.019802	0.138614	0.0693069	9.90099e-09	0	0	0	0	0.827273	0.968366	0.251761	0.512397	0.866432	9.90099e-09	0.0990099	9.90099e-09	1	0.149912	0.215781	1.5	0.666667	1.5	1	1	25251.2	1e+20	8.15097e+13	25.9018	19.2947	92.9517	48.5262	67.2684	58.7418	
246000	-123729	-1332.67	-76856.1	-15676.4	0.179334	1	0.105545	18.9492	3.50539	0.0102223	19.5933	0.430176	5793	99	602	-31901.8	62.378f	51.742	4	1	1	0.019802	0.138614	0.0693069	9.90099e-09	0	0	0	0	0.8	0.956897	0.259897	0.528	0.891379	9.90099e-09	0.0990099	9.90099e-09	1	0.118966	0.195548	1.5	0.666667	1.5	1	1	25251.2	1e+20	8.15097e+13	25.9018	19.2947	92.9517	48.5262	62.378	51.742	
247000	-122375	-1332.67	-75502	-15502.8	0.179334	1	0.105545	18.9492	3.50539	0.0484523	19.5933	0.430176	5692	99	584	-31901.8	96.4452f	68.0875	4	1	1	0.019802	0.138614	0.0693069	9.90099e-09	0	0	0	0	0.754545	0.954306	0.238179	0.479675	0.894921	9.90099e-09	0.0990099	9.90099e-09	1	0.131349	0.213559	1.5	0.666667	1.5	1	1	25251.2	1e+20	8.15097e+13	25.9018	19.2947	92.9517	48.5262	96.4452	68.0875	
248000	-122429	-1332.67	-75556.5	-15556.1	0.179334	1	0.0962161	20.7865	3.19555	0.0181465	19.5933	0.517639	5723	99	555	-31901.8	73.0012f	38.442	4	1	1	0.009901	0.0693069	0.0693069	9.90099e-09	0	0	0	0	0.763636	0.958261	0.279514	0.536364	0.887543	9.90099e-09	0.0990099	9.90099e-09	1	0.107639	0.191682	1.5	0.666667	1.5	1	1	25251.2	1e+20	8.15097e+13	25.9018	19.2947	92.9517	48.5262	73.0012	38.442	
249000	-121258	-1332.67	-74385.7	-15380.8	0.179334	1	0.0962161	20.7865	3.19555	0.0125544	19.5933	0.517639	5621	99	552	-31901.8	67.2297f	47.9734	4	1	1	0.009901	0.0693069	0.029703	9.90099e-09	0	0	0	0	0.772727	0.957295	0.240214	0.581818	0.8879	9.90099e-09	0.0990099	9.90099e-09	1	0.117229	0.160291	1.5	0.666667	1.5	1	1	25251.2	1e+20	8.15097e+13	25.9018	19.2947	91.7123	63.1291	67.2297	47.9734	
250000	-122803	-1332.67	-75930.7	-15473.6	0.179334	1	0.107339	18.6325	3.26793	0.0253068	19.1717	0.453721	5675	99	636	-31901.8	80.903f	60.2023	4	1	1	0.009901	0.0693069	0.029703	9.90099e-09	0	0	0	0	0.763636	0.943563	0.207746	0.552846	0.901582	9.90099e-09	0.0990099	9.90099e-09	1	0.125	0.169154	1.5	0.666667	1.5	1	1	25251.2	1e+20	8.15097e+13	14.6578	22.3388	91.7123	63.1291	80.903	60.2023	
251000	-123378	-1332.67	-76505.8	-15497.7	0.179334	1	0.130185	15.3628	3.96346	0.0479424	19.1717	0.30845	5689	99	675	-31901.8	92.2098f	75.7909	4	1	1	0.009901	0.0693069	0.029703	9.90099e-09	0	0	0	0	0.754545	0.932981	0.269366	0.507353	0.841828	9.90099e-09	0.0990099	9.90099e-09	1	0.130053	0.193114	1.5	0.666667	1.5	1	1	25251.2	1e+20	8.15097e+13	14.6578	22.3388	91.7123	63.1291	92.2098	75.7909	
252000	-121455	-1332.67	-74582.3	-15274.9	0.180026	1	0.121512	16.4592	3.71371	0.0290874	19.1717	0.352688	5559	99	635	-31901.8	77.2909f	73.2136	4	1	1	0.009901	0.0693069	0.029703	9.90099e-09	0	0	0	0	0.763636	0.943162	0.254937	0.530303	0.850719	9.90099e-09	0.108911	9.90099e-09	1	0.122302	0.19685	1.5	0.666667	1.5	1	1	25251.2	1e+20	8.15097e+13	14.6578	22.3388	91.7123	63.1291	77.2909	73.2136	