
# before rand glnL: -29341.254950 alnL: -1138.558784
# ninter: 99
# ncoal: 99
# nhits: 99
# true lbda: 0.003974
# true mu: 0.725588
# true rad: 44.501318
# true sigsq: 14.210060
# true neigh. size: 2.756384
# fst-based estimate of neighborhood size: -nan
# nucleotide diversity: 0.000000
# length of a generation: 1482.78 time units
# clock rate: 1 subst. per time unit
# after rand glnL: -29341.254950 alnL: -1138.558784
# ninter: 99
# ncoal: 99
# nhits: 99
# start lbda: 0.003974
# start mu: 0.725588
# start rad: 19.294075
sample	lnP	alnL	glnL	tlnL	lbda	clock	mu	neigh	sigsq	sigsqobs	rad	rhoe	nInt	nCoal	nHit	rootTime	rootLon	rootLat	tstv	alpha	MeanBr	accLbda	accMu	accRad	accInDelDisk	accInDelHit	accScaleTime	accSPR	accSPRlocal	accPath	accIndelDiskSerial	accIndelHitSerial	accLdskGivenDisk	accDiskGivenLdsk	accDiskAndLdsk	accLdskMulti	accDiskMulti	accMoveDiskUD	accAddRemoveJump	accLdskTipToRoot	tuneLbda	tuneRad	tuneMu	tuneIndelDisk	tuneIndelHit	tuneLdskGivenDisk	tuneIndelDiskSerial	tuneIndelHitSerial	c0	c1	rootc0	rootc1	rootldsk0	rootldsk1	
  1000	-52372.7	-1138.56	-5694.12	-1371.86	0.00869169	1	0.280341	7.13418	0.424322	0.05255	19.2941	1.33795	243	99	133	-25164.9	96.6938f	72.8855	4	1	1	0	0	0	0	0	0	0	0	0.963636	0.731481	0.238938	0.382353	0.457944	0	0	0	1	0.220339	0.233083	1	1	1	1	1	2.25	5.0625	3.375	59.7638	92.2476	79.0547	55.4716	96.6938	72.8855	
  2000	-54812.7	-1138.56	-8134.14	-2098.03	0.0160756	1	0.221675	9.02222	0.706992	0.0344801	19.9334	1.01552	410	99	152	-25164.9	92.2886f	49.5172	4	1	1	0	0	0	0	0	0	0	0	0.936364	0.875	0.277778	0.53271	0.612613	0	0	0	1	0.252033	0.225166	1	1	1	1	1	5.0625	86.4976	38.4434	59.7638	92.2476	79.0547	55.4716	92.2886	49.5172	
  3000	-56485.4	-1138.56	-9806.84	-2545.04	0.0208707	1	0.218724	9.14392	0.905661	0.0631276	19.9334	0.803447	522	99	172	-25164.9	97.5754f	81.2094	4	1	1	0	0	0	0	0	0	0	0	0.909091	0.886792	0.235849	0.490196	0.638889	0	0	0	1	0.179245	0.209302	1	1	1	1	1	17.0859	85222.7	291.929	59.7638	92.2476	79.0547	55.4716	97.5754	81.2094	
  4000	-58828.1	-1138.56	-12149.6	-3092.18	0.0261897	1	0.226416	8.83331	1.17644	0.0153646	19.9334	0.59751	668	99	208	-25164.9	30.9217f	68.9809	4	1	1	0	0	0	0	0	0	0	0	0.918182	0.89781	0.226277	0.47619	0.676692	0	0	0	1	0.246269	0.240385	1	1	1	1	1	57.665	1.43465e+09	985.261	59.7638	92.2476	79.0547	55.4716	30.9217	68.9809	
  5000	-61476.1	-1138.56	-14797.5	-3745.09	0.0303045	1	0.214968	9.30373	1.24331	0.00735383	19.7411	0.595482	853	99	234	-25164.9	60.5346f	66.0962	4	1	1	0	0	0	0	0	0	0	0	0.936364	0.939394	0.233918	0.529412	0.75	0	0	0	1	0.245614	0.204545	1	1	1	1	1	129.746	6.28224e+11	25251.2	59.7638	92.2476	79.0547	55.4716	60.5346	66.0962	
  6000	-64302.7	-1138.56	-17624.1	-4404.79	0.0410594	1	0.202871	9.85849	1.58976	0.0237573	19.7411	0.493481	1056	99	259	-25164.9	68.7398f	20.6678	4	1	1	0.217822	0.188119	0	0	0	0	0	0	0.872727	0.904762	0.198113	0.483333	0.679245	0	0	0	1	0.226415	0.240157	0.666667	1	0.666667	1	1	985.261	3.13351e+15	3.27625e+06	59.7638	92.2476	84.0489	33.688	68.7398	20.6678	
  7000	-65309.1	-1138.56	-18630.5	-4683.63	0.0441366	1	0.189439	10.5575	1.59575	0.0206433	19.7411	0.526484	1145	99	252	-25164.9	72.9312f	26.8575	4	1	1	0.217822	0.188119	0	0	0	0	0	0	0.927273	0.973913	0.163793	0.6	0.754545	0	0.0891089	0	1	0.182609	0.225941	0.666667	1	0.666667	1	1	3325.26	1e+20	3.22796e+09	59.7638	92.2476	84.0489	33.688	72.9312	26.8575	
  8000	-66049.9	-1138.56	-19371.3	-4884.79	0.0449715	1	0.180228	11.097	1.54689	0.0192903	19.7411	0.570871	1210	99	246	-25164.9	80.5383f	41.4845	4	1	1	0.217822	0.188119	0.019802	0	0	0	0	0	0.9	0.983471	0.254098	0.490566	0.819672	0	0.0891089	0.029703	1	0.139344	0.218623	0.666667	0.666667	0.666667	1	1	11222.7	1e+20	1.61007e+13	74.8622	85.606	84.0489	33.688	80.5383	41.4845	
  9000	-67448.9	-1138.56	-20770.3	-5113.73	0.052264	1	0.17451	11.4607	1.73724	0.0161554	19.7314	0.524976	1287	99	282	-25164.9	78.0874f	42.6298	4	1	1	0.217822	0.188119	0.019802	0	0	0	0	0	0.927273	0.905512	0.21875	0.566038	0.78125	0	0.0891089	0.029703	1	0.255814	0.178571	0.666667	0.666667	0.666667	1	1	56815.1	1e+20	4.70026e+15	74.8622	85.606	84.0489	33.688	78.0874	42.6298	
 10000	-68603.5	-1138.56	-21924.9	-5364.61	0.052264	1	0.177816	11.2476	1.85026	0.0375206	19.9509	0.483745	1372	99	292	-25164.9	90.7212f	33.2181	4	1	1	0.217822	0.188119	0.019802	0	0	0	0	0	0.9	0.905109	0.238806	0.45	0.766423	0	0.0891089	0.029703	1	0.246377	0.201342	0.666667	0.666667	0.666667	1	1	191751	1e+20	2.34444e+19	74.8622	85.606	84.0489	33.688	90.7212	33.2181	
 11000	-69567.5	-1138.56	-22888.9	-5649.64	0.0556727	1	0.150989	13.246	1.67358	0.0274256	19.9509	0.629838	1471	99	271	-25164.9	87.202f	56.3849	4	1	1	0.217822	0.188119	0.019802	0	0	0	0	0	0.881818	0.952381	0.306122	0.522936	0.802721	0	0.0891089	0.029703	1	0.141892	0.219331	0.666667	0.666667	0.666667	1	1	191751	1e+20	2.34444e+19	83.1096	82.169	84.3777	38.9984	87.202	56.3849	
 12000	-69566.1	-1138.56	-22887.6	-5648.31	0.0571174	1	0.161564	12.379	1.80023	0.00176217	19.8496	0.547202	1471	99	274	-25164.9	57.1077f	55.7453	4	1	1	0.217822	0.188119	0.019802	0	0	0	0	0	0.909091	0.945578	0.251701	0.490741	0.823129	0.019802	0.0891089	0.029703	1	0.162162	0.244526	0.666667	0.666667	0.666667	1	1	191751	1e+20	2.34444e+19	83.1096	82.169	84.3777	38.9984	57.1077	55.7453	
 13000	-71332.1	-1138.56	-24653.5	-6035.52	0.0607803	1	0.145669	13.7297	1.72721	0.0772007	19.8496	0.632569	1609	99	281	-25164.9	96.1297f	7.34709	4	1	1	0.178218	0.336634	0.019802	0	0	0	0	0	0.918182	0.932927	0.203704	0.512821	0.838509	0.019802	0.118812	0.029703	1	0.154321	0.206406	0.666667	0.666667	0.666667	1	1	191751	1e+20	2.34444e+19	83.1096	82.169	84.3777	38.9984	96.1297	7.34709	
 14000	-73544.3	-1138.56	-26865.7	-6426.01	0.068814	1	0.165151	12.1102	2.21702	0.0171241	19.8496	0.43468	1754	99	322	-25164.9	75.3376f	65.6282	4	1	1	0.178218	0.336634	0.039604	0.009901	0	0	0	0	0.909091	0.909091	0.255682	0.530303	0.792135	0.019802	0.118812	0.019802	1	0.170455	0.198777	0.666667	0.666667	0.666667	1	1	191751	1e+20	2.34444e+19	83.1096	82.169	84.3777	38.9984	75.3376	65.6282	
 15000	-73545.4	-1138.56	-26866.8	-6439.2	0.0701834	1	0.172105	11.6208	2.35636	0.00992869	19.8496	0.39245	1759	99	319	-25164.9	71.7911f	56.623	4	1	1	0.178218	0.336634	0.039604	0.009901	0	0	0	0	0.872727	0.91954	0.242938	0.533835	0.817143	0.019802	0.118812	0.019802	1	0.182857	0.191223	0.666667	0.666667	0.666667	1	1	191751	1e+20	2.34444e+19	74.2106	92.8619	84.3777	38.9984	71.7911	56.623	
 16000	-75529.6	-1138.56	-28851	-6814.11	0.0747751	1	0.15707	12.7332	2.2912	0.0565673	19.8496	0.442248	1902	99	339	-25164.9	97.6357f	24.6787	4	1	1	0.178218	0.336634	0.039604	0.009901	0	0	0	0	0.909091	0.973684	0.197917	0.576923	0.778947	0.019802	0.118812	0.019802	1	0.146597	0.217631	0.666667	0.666667	0.666667	1	1	191751	1e+20	2.34444e+19	74.2106	92.8619	84.3777	38.9984	97.6357	24.6787	
 17000	-76662.9	-1138.56	-29984.3	-7084.86	0.0796229	1	0.155554	12.8573	2.4162	0.0070506	19.8496	0.423453	2008	99	327	-25164.9	69.175f	48.4861	4	1	1	0.178218	0.336634	0.039604	0.009901	0	0	0	0	0.872727	0.919598	0.30303	0.534653	0.829146	0.019802	0.118812	0.019802	1	0.174129	0.229358	0.666667	0.666667	0.666667	1	1	191751	1e+20	2.34444e+19	74.2106	92.8619	84.3777	38.9984	69.175	48.4861	
 18000	-76629.7	-1138.56	-29951.2	-7011.47	0.0796229	1	0.156792	12.7558	2.43542	0.0349006	19.8496	0.416795	1979	99	353	-25164.9	77.6569f	18.026	4	1	1	0.178218	0.336634	0.039604	0.009901	0	0	0	0	0.918182	0.96	0.285714	0.546296	0.81	0.019802	0.118812	0.019802	1	0.225	0.199438	0.666667	0.666667	0.666667	1	1	191751	1e+20	2.34444e+19	74.2106	92.8619	84.3777	38.9984	77.6569	18.026	
 19000	-77396.4	-1138.56	-30717.8	-7194.69	0.0847401	1	0.149713	13.3589	2.47493	0.00471428	19.8496	0.429533	2051	99	352	-25164.9	62.7202f	58.9102	4	1	1	0.178218	0.237624	0.039604	0.009901	0	0	0	0	0.918182	0.927536	0.276699	0.566038	0.841346	0.019802	0.118812	9.90099e-09	1	0.150485	0.231844	0.666667	0.666667	0.666667	1	1	191751	1e+20	2.34444e+19	74.2106	92.8619	74.2315	46.9357	62.7202	58.9102	
 20000	-79374.1	-1138.56	-32695.6	-7495.66	0.0850783	1	0.171761	11.6441	2.85074	0.00134933	19.8496	0.32504	2173	99	401	-25164.9	57.9589f	48.9202	4	1	1	0.128713	0.237624	0.039604	0.009901	0	0	0	0	0.872727	0.968326	0.191781	0.586777	0.791855	0.019802	0.108911	9.90099e-09	1	0.169725	0.18797	0.666667	0.666667	0.666667	1	1	191751	1e+20	2.34444e+19	77.208	90.5534	74.2315	46.9357	57.9589	48.9202	
 21000	-81047	-1138.56	-34368.5	-7837.22	0.0945765	1	0.158893	12.5871	2.74472	0.0575602	19.5254	0.364937	2314	99	404	-25164.9	85.5175f	90.9311	4	1	1	0.128713	0.237624	0.009901	0.009901	0	0	0	0	0.836364	0.95279	0.264069	0.441667	0.832618	0.019802	0.108911	9.90099e-09	1	0.0995671	0.177215	0.666667	0.666667	0.666667	1	1	191751	1e+20	2.34444e+19	77.208	90.5534	74.2315	46.9357	85.5175	90.9311	
 22000	-82273.2	-1138.56	-35594.6	-8037.74	0.0943334	1	0.144836	13.8087	2.59562	0.0338642	19.7184	0.423352	2399	99	422	-25164.9	81.3657f	77.4641	4	1	1	0.128713	0.237624	0.009901	0.009901	0	0	0	0	0.818182	0.9375	0.240664	0.540984	0.825	0.009901	0.108911	9.90099e-09	1	0.133333	0.163772	0.666667	0.666667	0.666667	1	1	191751	1e+20	2.34444e+19	44.246	87.9751	74.2315	46.9357	81.3657	77.4641	
 23000	-83289.3	-1138.56	-36610.7	-8323.61	0.100137	1	0.148997	13.4231	2.83446	0.0123898	19.7184	0.376852	2522	99	385	-25164.9	75.308f	52.8436	4	1	1	0.128713	0.237624	0.009901	0.009901	0	0	0	0	0.9	0.944444	0.243137	0.581197	0.84585	0.009901	0.108911	9.90099e-09	1	0.142857	0.202597	0.666667	0.666667	0.666667	1	1	191751	1e+20	2.34444e+19	44.246	87.9751	74.2315	46.9357	75.308	52.8436	
 24000	-86310.4	-1138.56	-39631.9	-8833.75	0.108317	1	0.165919	12.0541	3.4142	0.0102014	19.7184	0.280955	2748	99	421	-25164.9	66.0526f	66.2723	4	1	1	0.128713	0.267327	0.009901	0.009901	0	0	0	0	0.854545	0.935018	0.264493	0.457364	0.823741	0.009901	0.108911	9.90099e-09	1	0.174545	0.210654	0.666667	0.666667	0.666667	1	1	191751	1e+20	2.34444e+19	44.246	87.9751	74.2315	46.9357	66.0526	66.2723	
 25000	-86872.5	-1138.56	-40193.9	-8860.42	0.108317	1	0.151494	13.2018	3.11738	0.0256548	19.7184	0.337003	2760	99	457	-25164.9	85.8294f	57.0423	4	1	1	0.128713	0.267327	0.009901	9.90099e-09	0	0	0	0	0.872727	0.981949	0.290909	0.559322	0.841727	0.009901	0.108911	9.90099e-09	1	0.192857	0.179669	0.666667	0.666667	0.666667	1	1	191751	1e+20	2.34444e+19	44.246	87.9751	74.2315	46.9357	85.8294	57.0423	
 26000	-86074.5	-1138.56	-39395.9	-8751.51	0.108317	1	0.146938	13.6112	3.12824	0.0360058	19.8868	0.346246	2711	99	439	-25164.9	92.5893f	42.7645	4	1	1	0.128713	0.267327	0.009901	9.90099e-09	0	0	0	0	0.881818	0.959259	0.260223	0.546763	0.851449	0.009901	0.108911	0.009901	1	0.158088	0.198675	0.666667	0.666667	0.666667	1	1	191751	1e+20	2.34444e+19	60.5001	86.9845	74.2315	46.9357	92.5893	42.7645	
 27000	-86048.8	-1138.56	-39370.2	-8773.74	0.108317	1	0.152622	13.1043	3.24923	0.0158473	19.8868	0.32094	2721	99	425	-25164.9	56.4062f	22.5779	4	1	1	0.128713	0.267327	0.009901	9.90099e-09	0	0	0	0	0.863636	0.933333	0.225926	0.531746	0.81685	0.009901	0.108911	0.009901	1	0.150183	0.21831	0.666667	0.666667	0.666667	1	1	191751	1e+20	2.34444e+19	96.1811	30.8106	74.2315	46.9357	56.4062	22.5779	
 28000	-87452.5	-1138.56	-40774	-9012.18	0.110723	1	0.152576	13.1082	3.32044	0.00232352	19.8868	0.314151	2829	99	439	-25164.9	60.7432f	48.343	4	1	1	0.108911	0.267327	0.019802	9.90099e-09	0	0	0	0	0.827273	0.954064	0.260563	0.437037	0.851064	0.009901	0.108911	0.009901	1	0.162544	0.189765	0.666667	0.666667	0.666667	1	1	191751	1e+20	2.34444e+19	96.1811	30.8106	74.2315	46.9357	60.7432	48.343	
 29000	-91248.2	-1138.56	-44569.6	-9649.19	0.120828	1	0.147989	13.5145	3.56074	0.0260937	19.9519	0.30203	3127	99	473	-25164.9	78.7711f	72.6979	4	1	1	0.108911	0.267327	0.019802	9.90099e-09	0	0	0	0	0.809091	0.965079	0.270701	0.532374	0.815873	0.009901	0.108911	0.009901	1	0.155556	0.177686	0.666667	0.666667	0.666667	1	1	191751	1e+20	2.34444e+19	96.1811	30.8106	74.2315	46.9357	78.7711	72.6979	
 30000	-92795.2	-1138.56	-46116.7	-9879.47	0.133205	1	0.147989	13.5145	3.70965	0.0321853	19.6718	0.289906	3238	99	496	-25164.9	74.6183f	82.1893	4	1	1	0.108911	0.267327	0.019802	9.90099e-09	0	0	0	0	0.863636	0.922601	0.297214	0.558621	0.84858	0.009901	0.108911	0.009901	1	0.166667	0.195473	0.666667	0.666667	0.666667	1	1	191751	1e+20	2.34444e+19	96.1811	30.8106	74.2315	46.9357	74.6183	82.1893	
 31000	-94133.6	-1138.56	-47455.1	-10129.4	0.133205	1	0.148754	13.445	3.72883	0.0272496	19.6718	0.286932	3362	99	494	-25164.9	57.3357f	13.7361	4	1	1	0.108911	0.168317	0.019802	9.90099e-09	0	0	0	0	0.881818	0.958457	0.272997	0.566038	0.851632	0.009901	0.0792079	0.009901	1	0.192878	0.178	0.666667	0.666667	0.666667	1	1	191751	1e+20	2.34444e+19	96.1811	30.8106	70.0407	29.2183	57.3357	13.7361	
 32000	-94170.7	-1138.56	-47492.2	-10181.8	0.133205	1	0.137176	14.5798	3.43861	0.0193115	19.6718	0.337411	3388	99	467	-25164.9	65.7017f	22.8683	4	1	1	0.108911	0.168317	0.019802	9.90099e-09	0	0	0	0	0.9	0.943787	0.226471	0.562044	0.858407	0.009901	0.0792079	0.009901	1	0.148368	0.205184	0.666667	0.666667	0.666667	1	1	191751	1e+20	2.34444e+19	99.3551	54.5804	70.0407	29.2183	65.7017	22.8683	
 33000	-94382.3	-1138.56	-47703.7	-10210.1	0.133205	1	0.13924	14.3637	3.49034	0.0336638	19.6718	0.327483	3402	99	474	-25164.9	74.3943f	16.4648	4	1	1	0.108911	0.168317	0.019802	9.90099e-09	0	0	0	0	0.909091	0.968116	0.22449	0.534722	0.857143	0.009901	0.0792079	9.90099e-09	1	0.14956	0.202	0.666667	0.666667	0.666667	1	1	191751	1e+20	2.34444e+19	99.3551	54.5804	85.55	72.5516	74.3943	16.4648	
 34000	-94315.5	-1138.56	-47637	-10195.8	0.133912	1	0.132421	15.1034	3.53974	0.0252553	19.964	0.339542	3395	99	472	-25164.9	82.0693f	66.676	4	1	1	0.108911	0.168317	0.019802	9.90099e-09	0	0	0	0	0.863636	0.964809	0.211765	0.601942	0.867647	9.90099e-09	0.0792079	9.90099e-09	1	0.158824	0.184946	0.666667	0.666667	0.666667	1	1	191751	1e+20	2.34444e+19	67.3797	57.9245	85.55	72.5516	82.0693	66.676	
 35000	-97476.3	-1138.56	-50797.8	-10607.4	0.135566	1	0.152899	13.0805	4.13764	0.00262474	19.964	0.251571	3601	99	548	-25164.9	60.2485f	55.2072	4	1	1	0.0693069	0.168317	0.019802	9.90099e-09	0	0	0	0	0.9	0.966574	0.257618	0.557522	0.855153	9.90099e-09	0.0792079	9.90099e-09	1	0.163435	0.218579	0.666667	0.666667	0.666667	1	1	191751	1e+20	2.34444e+19	72.6539	12.1959	85.55	72.5516	60.2485	55.2072	
 36000	-98606.8	-1138.56	-51928.2	-10803.9	0.143803	1	0.147597	13.5504	4.23687	0.00323797	19.964	0.254505	3705	99	545	-25164.9	60.061f	57.832	4	1	1	0.0693069	0.168317	0.019802	9.90099e-09	0	0	0	0	0.9	0.961957	0.254098	0.45045	0.836957	9.90099e-09	0.0792079	9.90099e-09	1	0.15903	0.213894	0.666667	0.666667	0.666667	1	1	191751	1e+20	2.34444e+19	23.3387	38.1012	80.277	62.211	60.061	57.832	
 37000	-98502.8	-1138.56	-51824.2	-10687.7	0.146469	1	0.153271	13.0488	4.4813	0.0477724	19.964	0.231716	3645	99	595	-25164.9	98.7354f	59.6189	4	1	1	0.0693069	0.188119	0.019802	9.90099e-09	0	0	0	0	0.9	0.948087	0.268293	0.62069	0.808743	9.90099e-09	0.0792079	9.90099e-09	1	0.193989	0.215126	0.666667	0.666667	0.666667	1	1	191751	1e+20	2.34444e+19	45.2793	10.1853	80.277	62.211	98.7354	59.6189	
 38000	-98422.9	-1138.56	-51744.4	-10726.5	0.143519	1	0.153271	13.0488	4.39104	0.0192091	19.964	0.236479	3665	99	567	-25164.9	70.3613f	73.8319	4	1	1	0.0693069	0.188119	0.019802	0.009901	0	0	0	0	0.863636	0.940054	0.254098	0.441441	0.844687	9.90099e-09	0.0792079	9.90099e-09	1	0.166213	0.193548	0.666667	0.666667	0.666667	1	1	191751	1e+20	2.34444e+19	33.9102	19.6848	84.8226	61.1461	70.3613	73.8319	
 39000	-98316.4	-1138.56	-51637.8	-10707.8	0.141906	1	0.156855	12.7506	4.44319	0.0311878	19.964	0.228364	3655	99	571	-25164.9	89.1813f	59.0586	4	1	1	0.0693069	0.188119	0.019802	0.009901	0	0	0	0	0.909091	0.956164	0.278689	0.54386	0.839779	9.90099e-09	0.0792079	9.90099e-09	1	0.155738	0.207447	0.666667	0.666667	0.666667	1	1	191751	1e+20	2.34444e+19	15.6545	28.2752	84.8226	61.1461	89.1813	59.0586	
 40000	-97617.7	-1138.56	-50939.1	-10631.6	0.141906	1	0.135553	14.7544	3.83978	0.0203587	19.964	0.305776	3616	99	544	-25164.9	82.0973f	44.4275	4	1	1	0.0693069	0.188119	0.009901	0.009901	0	0	0	0	0.890909	0.966851	0.263158	0.618182	0.831492	9.90099e-09	0.0792079	9.90099e-09	1	0.152355	0.205769	0.666667	0.666667	0.666667	1	1	191751	1e+20	2.34444e+19	15.6545	28.2752	84.8226	61.1461	82.0973	44.4275	
 41000	-97766.2	-1138.56	-51087.6	-10625.8	0.141906	1	0.149671	13.3626	4.2397	0.0465198	19.964	0.25081	3613	99	564	-25164.9	98.9001f	53.7389	4	1	1	0.0891089	0.188119	0.009901	0.009901	0	0	0	0	0.854545	0.969274	0.284916	0.542056	0.877095	9.90099e-09	0.0792079	9.90099e-09	1	0.181564	0.188991	0.666667	0.666667	0.666667	1	1	191751	1e+20	2.34444e+19	15.6545	28.2752	84.8226	61.1461	98.9001	53.7389	
 42000	-98611	-1138.56	-51932.4	-10866.9	0.145216	1	0.140189	14.2665	4.06374	0.00798756	19.964	0.279371	3738	99	514	-25164.9	70.4737f	49.8243	4	1	1	0.0891089	0.188119	0.009901	0.009901	0	0	0	0	0.854545	0.97861	0.248663	0.509615	0.848404	9.90099e-09	0.0990099	9.90099e-09	1	0.136364	0.18097	0.666667	0.666667	0.666667	1	1	191751	1e+20	2.34444e+19	15.6545	28.2752	84.8226	61.1461	70.4737	49.8243	
 43000	-98411.3	-1138.56	-51732.7	-10849.6	0.145216	1	0.127526	15.683	3.69669	0.00807754	19.964	0.337604	3729	99	505	-25164.9	70.5848f	49.5622	4	1	1	0.0891089	0.188119	0.009901	0.009901	0	0	0	0	0.854545	0.951613	0.276139	0.558824	0.841823	9.90099e-09	0.0990099	9.90099e-09	1	0.155496	0.192	0.666667	0.666667	0.666667	1	1	191751	1e+20	2.34444e+19	15.6545	28.2752	84.8226	61.1461	70.5848	49.5622	
 44000	-98471.2	-1138.56	-51792.6	-10811	0.145216	1	0.140824	14.2022	3.6667	0.00582218	19.4354	0.308226	3709	99	534	-25164.9	60.8835f	63.2383	4	1	1	0.0891089	0.188119	0.009901	0.009901	0	0	0	0	0.863636	0.962366	0.248649	0.475728	0.846995	9.90099e-09	0.0990099	9.90099e-09	1	0.145946	0.177645	0.666667	0.666667	0.666667	1	1	191751	1e+20	2.34444e+19	15.6545	28.2752	84.8226	61.1461	60.8835	63.2383	
 45000	-98328.1	-1138.56	-51649.5	-10708.7	0.145279	1	0.153909	12.9947	4.47729	0.0273471	19.9795	0.230962	3656	99	569	-25164.9	87.3086f	44.5527	4	1	1	0.0891089	0.188119	0.009901	0.009901	0	0	0	0	0.863636	0.964481	0.254795	0.54955	0.795082	0.009901	0.0990099	9.90099e-09	1	0.163934	0.173835	0.666667	0.666667	0.666667	1	1	191751	1e+20	2.34444e+19	15.6545	28.2752	84.8226	61.1461	87.3086	44.5527	
 46000	-98098.9	-1138.56	-51420.4	-10701.2	0.146573	1	0.149502	13.3778	4.38781	0.0433576	19.9795	0.24262	3652	99	556	-25164.9	47.2926f	96.383	4	1	1	0.0891089	0.188119	0.0792079	0.009901	0	0	0	0	0.890909	0.953552	0.314363	0.477876	0.857923	0.009901	0.0990099	9.90099e-09	1	0.188525	0.187166	0.666667	0.666667	0.666667	1	1	191751	1e+20	2.34444e+19	15.6545	28.2752	84.8226	61.1461	47.2926	96.383	
 47000	-99338	-1138.56	-52659.5	-10984.2	0.148614	1	0.134628	14.8557	3.98431	0.0419548	19.952	0.29671	3800	99	515	-25164.9	94.8517f	62.5152	4	1	1	0.039604	0.188119	0.0792079	0.009901	0	0	0	0	0.909091	0.968338	0.26455	0.5	0.868074	0.009901	0.0990099	9.90099e-09	1	0.182058	0.172608	0.666667	0.666667	0.666667	1	1	191751	1e+20	2.34444e+19	15.6545	28.2752	84.8226	61.1461	94.8517	62.5152	
 48000	-99029.3	-1138.56	-52350.7	-10953.5	0.151029	1	0.128155	15.6061	3.85437	0.0142387	19.952	0.322204	3784	99	504	-25164.9	76.8492f	54.8159	4	1	1	0.039604	0.188119	0.0792079	0.009901	0	0	0	0	0.854545	0.937337	0.307494	0.560748	0.863402	0.009901	0.128713	9.90099e-09	1	0.141753	0.235294	0.666667	0.666667	0.666667	1	1	191751	1e+20	2.34444e+19	15.6545	28.2752	84.8226	61.1461	76.8492	54.8159	
 49000	-99559.8	-1138.56	-52881.2	-10944	0.151029	1	0.146957	13.6094	4.428	0.0115225	19.9612	0.244581	3779	99	555	-25164.9	70.619f	63.0964	4	1	1	0.039604	0.178218	0.0792079	0.009901	0	0	0	0	0.9	0.949868	0.201058	0.508929	0.854167	0.009901	0.128713	9.90099e-09	1	0.153034	0.196751	0.666667	0.666667	0.666667	1	1	191751	1e+20	2.34444e+19	15.6545	28.2752	84.8226	61.1461	70.619	63.0964	
 50000	-100157	-1138.56	-53478.6	-11113.5	0.153684	1	0.135059	14.8083	4.14104	0.0317655	19.9612	0.284567	3869	99	520	-25164.9	79.7539f	77.2859	4	1	1	0.039604	0.178218	0.0792079	0.009901	0	0	0	0	0.854545	0.96134	0.239075	0.552381	0.842377	0.009901	0.128713	9.90099e-09	1	0.170543	0.186047	0.666667	0.666667	0.666667	1	1	191751	1e+20	2.34444e+19	15.6545	28.2752	84.8226	61.1461	79.7539	77.2859	
 51000	-102225	-1138.56	-55546.6	-11370.5	0.162783	1	0.14291	13.9949	4.64115	0.012856	19.9612	0.239957	4007	99	568	-25164.9	74.8611f	57.2802	4	1	1	0.039604	0.178218	0.0792079	9.90099e-09	0	0	0	0	0.881818	0.94	0.275	0.491379	0.845	0.009901	0.128713	9.90099e-09	1	0.1575	0.203209	0.666667	0.666667	0.666667	1	1	191751	1e+20	2.34444e+19	15.6545	28.2752	84.8226	61.1461	74.8611	57.2802	
 52000	-102738	-1138.56	-56059.3	-11466.7	0.162783	1	0.137898	14.5035	4.47839	0.0200445	19.9612	0.257715	4060	99	562	-25164.9	64.8318f	78.2002	4	1	1	0.0594059	0.178218	0.0792079	9.90099e-09	0	0	0	0	0.872727	0.923833	0.231527	0.447368	0.857843	0.009901	0.128713	9.90099e-09	1	0.135135	0.180357	0.666667	0.666667	0.666667	1	1	191751	1e+20	2.34444e+19	13.7286	34.1952	84.8226	61.1461	64.8318	78.2002	
 53000	-104499	-1138.56	-57820.2	-11793.5	0.165474	1	0.13028	15.3515	4.11658	0.030212	19.7437	0.29676	4241	99	540	-25164.9	86.4702f	65.2724	4	1	1	0.0594059	0.178218	0.019802	9.90099e-09	0	0	0	0	0.854545	0.969484	0.258824	0.522936	0.866197	0.009901	0.128713	9.90099e-09	1	0.185882	0.195933	0.666667	0.666667	0.666667	1	1	191751	1e+20	2.34444e+19	13.7286	34.1952	84.8226	61.1461	86.4702	65.2724	
 54000	-103872	-1138.56	-57193.4	-11737.7	0.165474	1	0.123169	16.2379	3.89188	0.0162278	19.7437	0.332017	4210	99	512	-25164.9	78.845f	46.0123	4	1	1	0.0594059	0.178218	0.019802	9.90099e-09	0	0	0	0	0.881818	0.96	0.254118	0.568627	0.877647	0.009901	0.128713	9.90099e-09	1	0.155294	0.216	0.666667	0.666667	0.666667	1	1	191751	1e+20	2.34444e+19	5.23316	54.1297	84.8226	61.1461	78.845	46.0123	
 55000	-103686	-1138.56	-57007.7	-11617.2	0.165941	1	0.142331	14.0517	4.59188	0.000367172	19.8327	0.243517	4143	99	562	-25164.9	52.0032f	51.0637	4	1	1	0.0594059	0.178218	0.019802	9.90099e-09	0	0	0	0	0.854545	0.96368	0.229469	0.477477	0.871359	0.009901	0.138614	9.90099e-09	1	0.125301	0.195122	0.666667	0.666667	0.666667	1	1	191751	1e+20	2.34444e+19	5.23316	54.1297	84.8226	61.1461	52.0032	51.0637	
 56000	-103970	-1138.56	-57291.7	-11617.2	0.165941	1	0.141029	14.1815	4.50465	0.0377079	19.7832	0.250525	4143	99	586	-25164.9	92.2689f	62.7916	4	1	1	0.0594059	0.227723	0.019802	9.90099e-09	0	0	0	0	0.936364	0.942584	0.276442	0.614035	0.819277	9.90099e-09	0.138614	9.90099e-09	1	0.185096	0.211073	0.666667	0.666667	0.666667	1	1	191751	1e+20	2.34444e+19	5.23316	54.1297	84.8226	61.1461	92.2689	62.7916	
 57000	-103721	-1138.56	-57042.1	-11660.5	0.164172	1	0.127192	15.7242	4.1782	0.0641102	19.9758	0.299482	4167	99	531	-25164.9	94.5483f	86.0154	4	1	1	0.0594059	0.227723	0.019802	9.90099e-09	0	0	0	0	0.927273	0.937947	0.27685	0.577982	0.885442	9.90099e-09	0.138614	9.90099e-09	1	0.150358	0.200737	0.666667	0.666667	0.666667	1	1	191751	1e+20	2.34444e+19	82.0692	72.0273	84.8226	61.1461	94.5483	86.0154	
 58000	-104695	-1138.56	-58016.5	-11768.9	0.164172	1	0.127539	15.6815	4.18958	0.0338816	19.9758	0.297857	4227	99	566	-25164.9	91.8069f	53.105	4	1	1	0.0693069	0.227723	0.019802	9.90099e-09	0	0	0	0	0.836364	0.962353	0.248227	0.517241	0.841492	9.90099e-09	0.138614	9.90099e-09	1	0.157647	0.197183	0.666667	0.666667	0.666667	1	1	191751	1e+20	2.34444e+19	82.0692	72.0273	84.8226	61.1461	91.8069	53.105	
 59000	-103279	-1138.56	-56599.9	-11637.3	0.162908	1	0.119167	16.7831	3.88446	0.0256714	19.9758	0.343821	4154	99	514	-25164.9	83.3729f	64.6961	4	1	1	0.0693069	0.227723	0.049505	9.90099e-09	0	0	0	0	0.890909	0.973621	0.254808	0.509615	0.859189	9.90099e-09	0.138614	9.90099e-09	1	0.115108	0.207843	0.666667	0.666667	0.666667	1	1	191751	1e+20	2.34444e+19	33.4165	29.7304	84.8226	61.1461	83.3729	64.6961	
 60000	-104030	-1138.56	-57351.4	-11687.3	0.165951	1	0.12487	16.0167	4.14635	0.0303597	19.9758	0.307395	4182	99	547	-25164.9	74.7198f	80.6515	4	1	1	0.0693069	0.227723	0.049505	9.90099e-09	0	0	0	0	0.872727	0.97136	0.232057	0.522124	0.894988	9.90099e-09	0.138614	9.90099e-09	1	0.145585	0.21875	0.666667	0.666667	0.666667	1	1	191751	1e+20	2.34444e+19	87.6757	2.36536	70.6903	85.1825	74.7198	80.6515	
 61000	-104225	-1138.56	-57546.4	-11751.9	0.165951	1	0.12411	16.1147	4.12114	0.019984	19.9758	0.311168	4218	99	538	-25164.9	70.1933f	74.7678	4	1	1	0.0693069	0.227723	0.049505	9.90099e-09	0	0	0	0	0.809091	0.969048	0.227488	0.555556	0.869668	9.90099e-09	0.168317	9.90099e-09	1	0.145238	0.160377	0.666667	0.666667	0.666667	1	1	191751	1e+20	2.34444e+19	87.6757	2.36536	70.6903	85.1825	70.1933	74.7678	
 62000	-105884	-1138.56	-59205.4	-12017.5	0.170954	1	0.114801	17.4214	3.92696	0.0743804	19.9758	0.353034	4368	99	528	-25164.9	92.9343f	94.1827	4	1	1	0.0693069	0.168317	0.049505	9.90099e-09	0	0	0	0	0.845455	0.965831	0.230594	0.518868	0.865297	9.90099e-09	0.168317	9.90099e-09	1	0.144828	0.206439	0.666667	0.666667	0.666667	1	1	191751	1e+20	2.34444e+19	87.6757	2.36536	70.6903	85.1825	92.9343	94.1827	
 63000	-105807	-1138.56	-59128.8	-11971.8	0.165284	1	0.114801	17.4214	3.79672	0.00131346	19.9758	0.365144	4340	99	549	-25164.9	57.405f	47.3469	4	1	1	0.0693069	0.168317	0.049505	9.90099e-09	0	0	0	0	0.872727	0.972222	0.287356	0.495496	0.87963	9.90099e-09	0.168317	9.90099e-09	1	0.118329	0.190217	0.666667	0.666667	0.666667	1	1	191751	1e+20	2.34444e+19	55.2835	8.24159	70.6903	85.1825	57.405	47.3469	
 64000	-105044	-1138.56	-58365.5	-11916.2	0.179297	1	0.111506	17.9363	4.00037	0.00350592	19.9758	0.356799	4308	99	517	-25164.9	58.8029f	59.8174	4	1	1	0.0792079	0.168317	0.049505	9.90099e-09	0	0	0	0	0.872727	0.963134	0.254042	0.528846	0.880184	9.90099e-09	0.168317	9.90099e-09	1	0.132251	0.196881	0.666667	0.666667	0.666667	1	1	191751	1e+20	2.34444e+19	55.2835	8.24159	70.6903	85.1825	58.8029	59.8174	
 65000	-104649	-1138.56	-57970.3	-11881.6	0.16918	1	0.120036	16.6617	4.06339	0.0412882	19.9758	0.326303	4291	99	500	-25164.9	76.606f	87.3562	4	1	1	0.0792079	0.168317	0.049505	9.90099e-09	0	0	0	0	0.9	0.969697	0.270833	0.432692	0.857471	9.90099e-09	0.168317	9.90099e-09	1	0.125581	0.196	0.666667	0.666667	0.666667	1	1	191751	1e+20	2.34444e+19	55.2835	8.24159	70.6903	85.1825	76.606	87.3562	
 66000	-105160	-1138.56	-58481.4	-11904.5	0.170717	1	0.120036	16.6617	4.10031	0.0456073	19.9758	0.323365	4304	99	527	-25164.9	64.9323f	95.5861	4	1	1	0.0792079	0.168317	9.90099e-09	9.90099e-09	0	0	0	0	0.827273	0.954023	0.259259	0.546296	0.876993	9.90099e-09	0.168317	9.90099e-09	1	0.162037	0.203036	0.666667	0.666667	0.666667	1	1	191751	1e+20	2.34444e+19	55.2835	8.24159	70.6903	85.1825	64.9323	95.5861	
 67000	-106671	-1138.56	-59992.4	-12095.4	0.170717	1	0.120036	16.6617	4.10031	0.0340274	19.9758	0.323365	4412	99	557	-25164.9	91.3774f	42.7517	4	1	1	0.0792079	0.168317	9.90099e-09	9.90099e-09	0	0	0	0	0.827273	0.963636	0.246575	0.526786	0.843891	9.90099e-09	0.0990099	9.90099e-09	1	0.126697	0.207957	0.666667	0.666667	0.666667	1	1	191751	1e+20	2.34444e+19	55.2835	8.24159	70.6903	85.1825	91.3774	42.7517	
 68000	-104629	-1138.56	-57950.8	-11879.7	0.170717	1	0.115693	17.2871	3.95576	0.0464955	19.9806	0.347761	4290	99	496	-25164.9	72.105f	93.2329	4	1	1	0.0792079	0.168317	9.90099e-09	9.90099e-09	0	0	0	0	0.863636	0.96028	0.242424	0.576923	0.886047	9.90099e-09	0.0990099	9.90099e-09	1	0.142191	0.224742	0.666667	0.666667	0.666667	1	1	191751	1e+20	2.34444e+19	43.5729	9.47043	70.6903	85.1825	72.105	93.2329	
 69000	-104624	-1138.56	-57945.5	-11831.9	0.169359	1	0.121693	16.4348	4.09158	0.0585776	19.9366	0.319642	4263	99	527	-25164.9	86.4492f	90.756	4	1	1	0.0792079	0.128713	9.90099e-09	9.90099e-09	0	0	0	0	0.827273	0.967366	0.251163	0.528846	0.848837	9.90099e-09	0.0990099	9.90099e-09	1	0.145199	0.210238	0.666667	0.666667	0.666667	1	1	191751	1e+20	2.34444e+19	43.5729	9.47043	70.6903	85.1825	86.4492	90.756	
 70000	-104462	-1138.56	-57783.4	-11778.6	0.169359	1	0.116865	17.1137	3.96915	0.0807889	19.987	0.343113	4233	99	536	-25164.9	98.459f	92.1776	4	1	1	0.0693069	0.128713	9.90099e-09	9.90099e-09	0	0	0	0	0.890909	0.976636	0.266509	0.550459	0.896226	9.90099e-09	0.0990099	9.90099e-09	1	0.191038	0.217472	0.666667	0.666667	0.666667	1	1	191751	1e+20	2.34444e+19	43.5729	9.47043	70.6903	85.1825	98.459	92.1776	
 71000	-105639	-1138.56	-58960.5	-11927.8	0.169359	1	0.135733	14.7348	4.60997	0.04539	19.987	0.254352	4317	99	556	-25164.9	90.3502f	76.55	4	1	1	0.0693069	0.128713	9.90099e-09	9.90099e-09	0	0	0	0	0.890909	0.965197	0.283721	0.45614	0.865116	9.90099e-09	0.0990099	9.90099e-09	1	0.160465	0.21755	0.666667	0.666667	0.666667	1	1	191751	1e+20	2.34444e+19	43.5729	9.47043	60.2725	83.9537	90.3502	76.55	
 72000	-103826	-1138.56	-57147.7	-11653.1	0.165503	1	0.138598	14.4302	4.39947	0.0255067	19.7655	0.261014	4163	99	555	-25164.9	55.493f	85.2733	4	1	1	0.0693069	0.128713	0.039604	9.90099e-09	0	0	0	0	0.872727	0.949761	0.252983	0.553571	0.830549	9.90099e-09	0.0990099	9.90099e-09	1	0.139089	0.192793	0.666667	0.666667	0.666667	1	1	191751	1e+20	2.34444e+19	43.5729	9.47043	60.2725	83.9537	55.493	85.2733	
 73000	-105459	-1138.56	-58780.5	-11831.2	0.165503	1	0.131167	15.2477	4.31863	0.039107	19.9469	0.280963	4262	99	600	-25164.9	90.8545f	68.6808	4	1	1	0.0693069	0.128713	0.039604	9.90099e-09	0	0	0	0	0.863636	0.960094	0.274005	0.508475	0.857143	9.90099e-09	0.0990099	9.90099e-09	1	0.159251	0.172819	0.666667	0.666667	0.666667	1	1	191751	1e+20	2.34444e+19	69.2626	28.0208	60.2725	83.9537	90.8545	68.6808	
 74000	-104544	-1138.56	-57865.8	-11778.7	0.169838	1	0.136655	14.6354	4.61716	0.00143687	19.9469	0.252244	4233	99	546	-25164.9	43.3615f	49.1263	4	1	1	0.0693069	0.128713	0.039604	9.90099e-09	0	0	0	0	0.863636	0.952941	0.249412	0.5	0.849412	9.90099e-09	0.0990099	9.90099e-09	1	0.136471	0.201087	0.666667	0.666667	0.666667	1	1	191751	1e+20	2.34444e+19	69.2626	28.0208	60.2725	83.9537	43.3615	49.1263	
 75000	-107841	-1138.56	-61162.3	-12222.1	0.177966	1	0.136655	14.6354	4.83812	0.0153765	19.9469	0.240724	4486	99	591	-25164.9	44.1066f	76.6733	4	1	1	0.0693069	0.128713	0.039604	9.90099e-09	0	0	0	0	0.909091	0.955357	0.316143	0.483607	0.874439	9.90099e-09	0.0990099	9.90099e-09	1	0.146993	0.204355	0.666667	0.666667	0.666667	1	1	191751	1e+20	2.34444e+19	68.1379	9.8244	60.2725	83.9537	44.1066	76.6733	
 76000	-109336	-1138.56	-62657.7	-12396.4	0.177966	1	0.137444	14.5514	4.86607	0.0363688	19.9469	0.237966	4587	99	625	-25164.9	81.3297f	79.7055	4	1	1	0.0693069	0.158416	0.039604	9.90099e-09	0	0	0	0	0.890909	0.958606	0.256018	0.528	0.836601	9.90099e-09	0.0990099	9.90099e-09	1	0.183007	0.195513	0.666667	0.666667	0.666667	1	1	191751	1e+20	2.34444e+19	68.1379	9.8244	60.2725	83.9537	81.3297	79.7055	
 77000	-109537	-1138.56	-62858.4	-12467	0.186915	1	0.125857	15.8911	4.67989	0.0174985	19.9469	0.270214	4629	99	603	-25164.9	56.8924f	78.7484	4	1	1	0.0693069	0.158416	0.039604	9.90099e-09	0	0	0	0	0.890909	0.954936	0.24622	0.524194	0.87957	9.90099e-09	0.0990099	9.90099e-09	1	0.12959	0.2	0.666667	0.666667	0.666667	1	1	191751	1e+20	2.34444e+19	68.1379	9.8244	60.2725	83.9537	56.8924	78.7484	
 78000	-109880	-1138.56	-63201.6	-12552.6	0.18755	1	0.119302	16.7642	4.45122	0.00562096	19.9469	0.299705	4680	99	579	-25164.9	47.3214f	65.934	4	1	1	0.0693069	0.158416	0.019802	9.90099e-09	0	0	0	0	0.827273	0.959052	0.268657	0.609091	0.837953	9.90099e-09	0.0990099	9.90099e-09	1	0.153518	0.21366	0.666667	0.666667	0.666667	1	1	191751	1e+20	2.34444e+19	72.4227	21.36	60.2725	83.9537	47.3214	65.934	
 79000	-112593	-1138.56	-65914.3	-12865.6	0.18755	1	0.119302	16.7642	4.45122	0.0573602	19.9469	0.299705	4867	99	639	-25164.9	70.5163f	99.8062	4	1	1	0.0693069	0.158416	0.019802	9.90099e-09	0	0	0	0	0.8	0.971253	0.234086	0.483871	0.862903	9.90099e-09	0.0990099	9.90099e-09	1	0.12731	0.181115	0.666667	0.666667	0.666667	1	1	191751	1e+20	2.34444e+19	72.4227	21.36	60.2725	83.9537	70.5163	99.8062	
 80000	-111743	-1138.56	-65064.8	-12817.4	0.193445	1	0.104416	19.1541	4.01828	0.0717689	19.9469	0.379326	4839	99	586	-25164.9	89.8557f	95.5017	4	1	1	0.0693069	0.158416	0.019802	9.90099e-09	0	0	0	0	0.854545	0.952381	0.233954	0.557522	0.87526	9.90099e-09	0.0990099	9.90099e-09	1	0.125261	0.201452	0.666667	0.666667	0.666667	1	1	191751	1e+20	2.34444e+19	72.4227	21.36	51.5203	74.4496	89.8557	95.5017	
 81000	-113526	-1138.56	-66847.4	-13070.4	0.197683	1	0.127003	15.7477	4.85899	0.0250113	19.8102	0.257906	4994	99	606	-25164.9	72.2023f	78.0078	4	1	1	0.0693069	0.158416	0.019802	9.90099e-09	0	0	0	0	0.863636	0.951904	0.263473	0.614754	0.841683	9.90099e-09	0.0990099	9.90099e-09	1	0.124498	0.20132	0.666667	0.666667	0.666667	1	1	191751	1e+20	2.34444e+19	92.0403	57.7718	51.5203	74.4496	72.2023	78.0078	
 82000	-114049	-1138.56	-67370.9	-13099.5	0.200231	1	0.127303	15.7106	4.96385	0.0303644	19.8408	0.251863	5012	99	631	-25164.9	46.3556f	88.6049	4	1	1	0.0693069	0.148515	0.019802	9.90099e-09	0	0	0	0	0.872727	0.956088	0.228	0.488189	0.842629	9.90099e-09	0.138614	9.90099e-09	1	0.124	0.194175	0.666667	0.666667	0.666667	1	1	191751	1e+20	2.34444e+19	92.0403	57.7718	51.5203	74.4496	46.3556	88.6049	
 83000	-113539	-1138.56	-66860.2	-13146.2	0.200231	1	0.115247	17.3541	4.49377	0.0307093	19.8408	0.307313	5041	99	556	-25164.9	72.2345f	82.7046	4	1	1	0.108911	0.148515	0.019802	9.90099e-09	0	0	0	0	0.881818	0.974104	0.268775	0.508475	0.851779	9.90099e-09	0.138614	9.90099e-09	1	0.146245	0.195804	0.666667	0.666667	0.666667	1	1	191751	1e+20	2.34444e+19	75.6823	38.5972	76.6319	81.0032	72.2345	82.7046	
 84000	-114007	-1138.56	-67328.3	-13197.5	0.20118	1	0.110171	18.1537	4.31618	0.060206	19.8408	0.334699	5073	99	565	-25164.9	83.4492f	94.1314	4	1	1	0.108911	0.148515	0.019802	9.90099e-09	0	0	0	0	0.854545	0.976331	0.257367	0.588235	0.88998	9.90099e-09	0.138614	9.90099e-09	1	0.119608	0.213913	0.666667	0.666667	0.666667	1	1	191751	1e+20	2.34444e+19	75.6823	38.5972	76.6319	81.0032	83.4492	94.1314	
 85000	-116260	-1138.56	-69581.9	-13509.3	0.208731	1	0.110923	18.0305	4.50879	0.0285585	19.8408	0.318227	5270	99	576	-25164.9	34.5461f	83.9806	4	1	1	0.108911	0.148515	0.019802	9.90099e-09	0	0	0	0	0.881818	0.97723	0.264762	0.457627	0.873805	9.90099e-09	0.138614	9.90099e-09	1	0.131429	0.203125	0.666667	0.666667	0.666667	1	1	191751	1e+20	2.34444e+19	75.6823	38.5972	76.6319	81.0032	34.5461	83.9806	
 86000	-116677	-1138.56	-69998.6	-13491.7	0.213533	1	0.122868	16.2777	5.10921	0.00744633	19.8408	0.253529	5258	99	627	-25164.9	67.7825f	58.4175	4	1	1	0.108911	0.148515	0.019802	9.90099e-09	0	0	0	0	0.809091	0.969754	0.264259	0.582677	0.891635	9.90099e-09	0.138614	9.90099e-09	1	0.1537	0.201268	0.666667	0.666667	0.666667	1	1	191751	1e+20	2.34444e+19	82.7226	11.6744	76.6319	81.0032	67.7825	58.4175	
 87000	-119629	-1138.56	-72950.7	-13944.2	0.220111	1	0.114112	17.5267	4.89126	0.00519712	19.8408	0.285147	5553	99	601	-25164.9	44.9142f	64.4906	4	1	1	0.108911	0.148515	0.019802	9.90099e-09	0	0	0	0	0.9	0.960573	0.249551	0.504	0.859929	9.90099e-09	0.138614	9.90099e-09	1	0.132143	0.189684	0.666667	0.666667	0.666667	1	1	191751	1e+20	2.34444e+19	82.7226	11.6744	45.1912	75.882	44.9142	64.4906	
 88000	-121106	-1138.56	-74427.7	-14133.4	0.220111	1	0.111422	17.9498	4.77598	0.0334379	19.8408	0.299079	5678	99	614	-25164.9	45.2112f	90.4153	4	1	1	0.108911	0.158416	0.019802	9.90099e-09	0	0	0	0	0.854545	0.97193	0.224417	0.46281	0.885965	9.90099e-09	0.138614	9.90099e-09	1	0.149123	0.188648	0.666667	0.666667	0.666667	1	1	191751	1e+20	2.34444e+19	82.7226	11.6744	45.1912	75.882	45.2112	90.4153	
 89000	-120863	-1138.56	-74184.5	-14105.2	0.222491	1	0.102266	19.5569	4.43091	0.0394424	19.8408	0.351235	5660	99	611	-25164.9	79.3079f	84.0022	4	1	1	0.0990099	0.158416	0.019802	9.90099e-09	0	0	0	0	0.836364	0.962766	0.263717	0.454545	0.882771	9.90099e-09	0.0792079	9.90099e-09	1	0.139823	0.186579	0.666667	0.666667	0.666667	1	1	191751	1e+20	2.34444e+19	82.7226	11.6744	45.1912	75.882	79.3079	84.0022	
 90000	-123364	-1138.56	-76685.5	-14410.1	0.231672	1	0.108726	18.3949	4.9052	0.0127971	19.8408	0.298422	5867	99	634	-25164.9	30.6195f	35.1439	4	1	1	0.0990099	0.158416	0.019802	9.90099e-09	0	0	0	0	0.863636	0.952137	0.232082	0.545455	0.899489	9.90099e-09	0.0792079	9.90099e-09	1	0.143345	0.200988	0.666667	0.666667	0.666667	1	1	191751	1e+20	2.34444e+19	82.7226	11.6744	46.0772	39.0648	30.6195	35.1439	
 91000	-124069	-1138.56	-77390.5	-14538.8	0.231672	1	0.100706	19.8598	4.54338	0.00363479	19.8408	0.347845	5955	99	613	-25164.9	44.0901f	61.0048	4	1	1	0.0990099	0.158416	0.019802	9.90099e-09	0	0	0	0	0.863636	0.978369	0.244592	0.487603	0.881469	9.90099e-09	0.0792079	9.90099e-09	1	0.12187	0.17541	0.666667	0.666667	0.666667	1	1	191751	1e+20	2.34444e+19	82.7226	11.6744	46.0772	39.0648	44.0901	61.0048	
 92000	-122857	-1138.56	-76178.7	-14287.3	0.231672	1	0.115688	17.2879	5.2193	0.0133781	19.8408	0.263584	5783	99	670	-25164.9	25.5747f	54.4306	4	1	1	0.0990099	0.158416	9.90099e-09	9.90099e-09	0	0	0	0	0.9	0.951641	0.278632	0.597015	0.853701	9.90099e-09	0.0792079	9.90099e-09	1	0.158348	0.19755	0.666667	0.666667	0.666667	1	1	191751	1e+20	2.34444e+19	55.501	76.6946	46.0772	39.0648	25.5747	54.4306	
 93000	-119631	-1138.56	-72952.8	-13933.6	0.220995	1	0.125705	15.9102	5.24332	0.015532	19.6863	0.241468	5546	99	611	-25164.9	36.074f	26.5592	4	1	1	0.0990099	0.158416	9.90099e-09	9.90099e-09	0	0	0	0	0.872727	0.962433	0.268817	0.515873	0.887299	9.90099e-09	0.0792079	9.90099e-09	1	0.120721	0.198036	0.666667	0.666667	0.666667	1	1	191751	1e+20	2.34444e+19	55.501	76.6946	46.0772	39.0648	36.074	26.5592	
 94000	-119112	-1138.56	-72433.8	-13899	0.221351	1	0.117539	17.0156	4.21835	0.00283328	18.9525	0.320992	5523	99	591	-25164.9	60.5841f	55.5816	4	1	1	0.0990099	0.158416	9.90099e-09	9.90099e-09	0	0	0	0	0.8	0.960217	0.242315	0.467742	0.873418	9.90099e-09	0.0792079	9.90099e-09	1	0.137432	0.190556	0.666667	0.666667	0.666667	1	1	191751	1e+20	2.34444e+19	55.501	76.6946	41.7225	37.1021	60.5841	55.5816	
 95000	-120524	-1138.56	-73845.1	-14091.7	0.222448	1	0.115971	17.2456	4.18269	0.0761982	18.9525	0.328106	5651	99	592	-25164.9	1.44007f	12.8213	4	1	1	0.0990099	0.29703	9.90099e-09	9.90099e-09	0	0	0	0	0.890909	0.962963	0.272408	0.54918	0.892226	9.90099e-09	0.158416	9.90099e-09	1	0.130742	0.19554	0.666667	0.666667	0.666667	1	1	191751	1e+20	2.34444e+19	72.0845	82.5504	41.7225	37.1021	1.44007	12.8213	
 96000	-122581	-1138.56	-75902.5	-14253.8	0.225625	1	0.118279	16.9092	4.47488	0.00641357	19.1126	0.300698	5760	99	673	-25164.9	33.3341f	50.9609	4	1	1	0.0990099	0.29703	9.90099e-09	9.90099e-09	0	0	0	0	0.872727	0.956446	0.244792	0.4375	0.873043	9.90099e-09	0.158416	9.90099e-09	1	0.136915	0.154655	0.666667	0.666667	0.666667	1	1	191751	1e+20	2.34444e+19	72.0845	82.5504	41.7225	37.1021	33.3341	50.9609	
 97000	-122817	-1138.56	-76138.4	-14340.1	0.225625	1	0.114687	17.4387	4.45496	0.014536	19.239	0.311503	5818	99	631	-25164.9	33.2963f	29.7636	4	1	1	0.0990099	0.29703	9.90099e-09	9.90099e-09	0	0	0	0	0.909091	0.963731	0.254355	0.515873	0.852174	9.90099e-09	0.158416	9.90099e-09	1	0.14433	0.181534	0.666667	0.666667	0.666667	1	1	191751	1e+20	2.34444e+19	72.0845	82.5504	41.7225	37.1021	33.2963	29.7636	
 98000	-124039	-1138.56	-77360.5	-14434.8	0.232521	1	0.122338	16.3481	4.8974	0.00796465	19.239	0.265639	5884	99	685	-25164.9	31.2848f	51.7506	4	1	1	0.0990099	0.29703	0.049505	9.90099e-09	0	0	0	0	0.845455	0.957555	0.271647	0.57037	0.850594	9.90099e-09	0.158416	9.90099e-09	1	0.12605	0.163504	0.666667	0.666667	0.666667	1	1	191751	1e+20	2.34444e+19	72.0845	82.5504	41.7225	37.1021	31.2848	51.7506	
 99000	-123923	-1138.56	-77244.3	-14436.3	0.232521	1	0.112837	17.7247	4.59716	0.00932807	19.3238	0.306817	5885	99	666	-25164.9	29.5272f	49.9974	4	1	1	0.0990099	0.29703	0.049505	9.90099e-09	0	0	0	0	0.9	0.972973	0.269949	0.481481	0.874363	9.90099e-09	0.158416	9.90099e-09	1	0.139219	0.18	0.666667	0.666667	0.666667	1	1	191751	1e+20	2.34444e+19	72.0845	82.5504	41.7225	37.1021	29.5272	49.9974	
100000	-126512	-1138.56	-79833.7	-14723.6	0.232521	1	0.113557	17.6123	4.6265	0.0318093	19.3238	0.302937	6082	99	708	-25164.9	11.6059f	43.1217	4	1	1	0.0990099	0.29703	0.049505	9.90099e-09	0	0	0	0	0.881818	0.963816	0.265574	0.5	0.866337	9.90099e-09	0.158416	9.90099e-09	1	0.133005	0.194915	0.666667	0.666667	0.666667	1	1	191751	1e+20	2.34444e+19	72.0845	82.5504	41.7225	37.1021	11.6059	43.1217	
101000	-125968	-1138.56	-79289.9	-14668.7	0.236392	1	0.11885	16.8279	5.17266	0.000843589	19.5645	0.258885	6046	99	696	-25164.9	47.5663f	45.9816	4	1	1	0.0990099	0.158416	0.049505	9.90099e-09	0	0	0	0	0.890909	0.961921	0.266116	0.510791	0.889256	9.90099e-09	0.168317	9.90099e-09	1	0.143802	0.194074	0.666667	0.666667	0.666667	1	1	191751	1e+20	2.34444e+19	72.0845	82.5504	41.7225	37.1021	47.5663	45.9816	
102000	-125437	-1138.56	-78758.9	-14579.3	0.236392	1	0.124715	16.0365	5.25227	0.0227069	19.4042	0.242971	5984	99	710	-25164.9	32.7502f	21.6851	4	1	1	0.0693069	0.158416	0.049505	9.90099e-09	0	0	0	0	0.909091	0.968333	0.230769	0.538462	0.891304	9.90099e-09	0.168317	9.90099e-09	1	0.136895	0.183099	0.666667	0.666667	0.666667	1	1	191751	1e+20	2.34444e+19	72.0845	82.5504	41.7225	37.1021	32.7502	21.6851	
103000	-127794	-1138.56	-81115.2	-14793.5	0.247557	1	0.13141	15.2195	5.79562	0.0212409	19.4042	0.208973	6134	99	771	-25164.9	18.7519f	54.9231	4	1	1	0.0693069	0.158416	0.049505	9.90099e-09	0	0	0	0	0.854545	0.954766	0.287561	0.551282	0.84202	9.90099e-09	0.168317	9.90099e-09	1	0.184168	0.189189	0.666667	0.666667	0.666667	1	1	191751	1e+20	2.34444e+19	72.0845	82.5504	41.7225	37.1021	18.7519	54.9231	
104000	-129647	-1138.56	-82968.1	-15033.7	0.247557	1	0.143084	13.9778	5.3916	0.0489868	18.6556	0.206306	6306	99	784	-25164.9	1.49972f	45.8928	4	1	1	0.0693069	0.158416	0.0693069	9.90099e-09	0	0	0	0	0.854545	0.968504	0.237718	0.473373	0.833597	9.90099e-09	0.168317	9.90099e-09	1	0.150555	0.168367	0.666667	0.666667	0.666667	1	1	191751	1e+20	2.34444e+19	72.0845	82.5504	4.67725	38.6163	1.49972	45.8928	
105000	-128096	-1138.56	-81417.7	-14818.6	0.241674	1	0.150446	13.2938	5.5343	0.0327063	18.6556	0.191151	6152	99	800	-25164.9	11.5956f	40.4192	4	1	1	0.0693069	0.158416	0.0693069	9.90099e-09	0	0	0	0	0.872727	0.959416	0.246753	0.5625	0.856678	9.90099e-09	0.168317	9.90099e-09	1	0.175325	0.171216	0.666667	0.666667	0.666667	1	1	191751	1e+20	2.34444e+19	72.0845	82.5504	4.67725	38.6163	11.5956	40.4192	
106000	-128237	-1138.56	-81558.4	-14882.8	0.246324	1	0.141548	14.1295	5.55307	0.0425542	18.8681	0.202481	6198	99	764	-25164.9	4.76518f	47.8809	4	1	1	0.0693069	0.158416	0.0693069	9.90099e-09	0	0	0	0	0.890909	0.964687	0.240323	0.410596	0.855072	9.90099e-09	0.168317	9.90099e-09	1	0.15	0.188847	0.666667	0.666667	0.666667	1	1	191751	1e+20	2.34444e+19	85.2505	69.8964	4.67725	38.6163	4.76518	47.8809	
107000	-127678	-1138.56	-80999.6	-14920.6	0.246324	1	0.126908	15.7594	4.97875	0.0397979	18.8681	0.25189	6225	99	686	-25164.9	10.418f	31.1476	4	1	1	0.0693069	0.118812	0.0693069	9.90099e-09	0	0	0	0	0.863636	0.960064	0.226324	0.510638	0.865169	9.90099e-09	0.168317	9.90099e-09	1	0.142857	0.195225	0.666667	0.666667	0.666667	1	1	191751	1e+20	2.34444e+19	85.2505	69.8964	4.67725	38.6163	10.418	31.1476	
108000	-129004	-1138.56	-82325.9	-15053.7	0.246324	1	0.121912	16.4053	4.78275	0.00843109	18.8681	0.272958	6320	99	704	-25164.9	43.4442f	68.7878	4	1	1	0.0594059	0.118812	0.0693069	9.90099e-09	0	0	0	0	0.872727	0.950872	0.228209	0.539007	0.868463	9.90099e-09	0.108911	9.90099e-09	1	0.125198	0.193642	0.666667	0.666667	0.666667	1	1	191751	1e+20	2.34444e+19	85.2505	69.8964	36.2498	40.4522	43.4442	68.7878	
109000	-127521	-1138.56	-80842.7	-14954.2	0.246324	1	0.118678	16.8523	4.65589	0.0425266	18.8681	0.288035	6249	99	645	-25164.9	9.36581f	70.114	4	1	1	0.0594059	0.118812	0.0693069	9.90099e-09	0	0	0	0	0.881818	0.975923	0.2848	0.514706	0.874799	9.90099e-09	0.108911	9.90099e-09	1	0.13535	0.160116	0.666667	0.666667	0.666667	1	1	191751	1e+20	2.34444e+19	84.6281	36.0874	36.2498	40.4522	9.36581	70.114	
110000	-127544	-1138.56	-80865.7	-14860.4	0.246324	1	0.123636	16.1765	5.36518	0.0116066	19.35	0.239933	6182	99	714	-25164.9	31.0768f	63.326	4	1	1	0.0594059	0.118812	0.029703	9.90099e-09	0	0	0	0	0.845455	0.957861	0.264943	0.625	0.878641	9.90099e-09	0.108911	9.90099e-09	1	0.140549	0.202532	0.666667	0.666667	0.666667	1	1	191751	1e+20	2.34444e+19	84.6281	36.0874	36.2498	40.4522	31.0768	63.326	
111000	-128493	-1138.56	-81814.8	-14871.6	0.244859	1	0.128865	15.5201	6.0552	0.00679303	19.7682	0.203966	6190	99	788	-25164.9	33.5206f	55.1279	4	1	1	0.0594059	0.118812	0.029703	9.90099e-09	0	0	0	0	0.872727	0.954839	0.258065	0.467105	0.875203	9.90099e-09	0.108911	9.90099e-09	1	0.177419	0.18694	0.666667	0.666667	0.666667	1	1	191751	1e+20	2.34444e+19	84.6281	36.0874	36.2498	40.4522	33.5206	55.1279	
112000	-128233	-1138.56	-81554.2	-14805.5	0.244859	1	0.125711	15.9095	5.90701	0.00709306	19.7682	0.214329	6143	99	805	-25164.9	34.1115f	57.833	4	1	1	0.0594059	0.118812	0.029703	9.90099e-09	0	0	0	0	0.863636	0.985342	0.251623	0.522013	0.838188	9.90099e-09	0.108911	9.90099e-09	1	0.169106	0.21118	0.666667	0.666667	0.666667	1	1	191751	1e+20	2.34444e+19	83.2273	25.0215	21.4761	43.3048	34.1115	57.833	
113000	-127414	-1138.56	-80735.8	-14808.4	0.245869	1	0.125711	15.9095	5.70017	0.0394333	19.5727	0.222106	6145	99	729	-25164.9	11.41f	29.5958	4	1	1	0.0594059	0.118812	0.029703	9.90099e-09	0	0	0	0	0.854545	0.959283	0.258592	0.493151	0.84065	9.90099e-09	0.108911	9.90099e-09	1	0.141463	0.179632	0.666667	0.666667	0.666667	1	1	191751	1e+20	2.34444e+19	83.2273	25.0215	21.4761	43.3048	11.41	29.5958	
114000	-129318	-1138.56	-82639.6	-14989.4	0.245869	1	0.130702	15.302	6.02658	0.0222731	19.6548	0.202054	6274	99	776	-25164.9	21.784f	33.7952	4	1	1	0.0594059	0.168317	0.029703	9.90099e-09	0	0	0	0	0.872727	0.971338	0.250399	0.467105	0.879032	9.90099e-09	0.108911	9.90099e-09	1	0.133758	0.184073	0.666667	0.666667	0.666667	1	1	191751	1e+20	2.34444e+19	83.2273	25.0215	21.4761	43.3048	21.784	33.7952	
115000	-130388	-1138.56	-83709.9	-15106.3	0.252566	1	0.145216	13.7726	6.87823	0.0175118	19.6548	0.159341	6359	99	799	-25164.9	22.6238f	58.3513	4	1	1	0.039604	0.168317	0.029703	9.90099e-09	0	0	0	0	0.872727	0.96378	0.249216	0.546512	0.828885	9.90099e-09	0.0990099	9.90099e-09	1	0.148903	0.210829	0.666667	0.666667	0.666667	1	1	191751	1e+20	2.34444e+19	83.2273	25.0215	21.4761	43.3048	22.6238	58.3513	
116000	-132133	-1138.56	-85454.2	-15267.3	0.252566	1	0.141804	14.104	6.71659	0.0292847	19.6548	0.167103	6476	99	832	-25164.9	16.91f	67.5179	4	1	1	0.039604	0.168317	0.029703	9.90099e-09	0	0	0	0	0.790909	0.962963	0.287926	0.493902	0.87037	9.90099e-09	0.0990099	9.90099e-09	1	0.130031	0.182716	0.666667	0.666667	0.666667	1	1	191751	1e+20	2.34444e+19	83.2273	25.0215	21.4761	43.3048	16.91	67.5179	
117000	-129102	-1138.56	-82423.5	-14962.3	0.243514	1	0.135801	14.7274	5.79953	0.00582076	19.3281	0.20208	6254	99	775	-25164.9	34.8888f	45.167	4	1	1	0.039604	0.168317	0.039604	9.90099e-09	0	0	0	0	0.863636	0.9552	0.214744	0.555556	0.8448	9.90099e-09	0.0990099	9.90099e-09	1	0.13738	0.216	0.666667	0.666667	0.666667	1	1	191751	1e+20	2.34444e+19	83.2273	25.0215	55.8391	51.1273	34.8888	45.167	
118000	-128316	-1138.56	-81637.8	-14924.2	0.243514	1	0.13033	15.3457	5.655	0.0265058	19.405	0.215945	6227	99	731	-25164.9	75.5161f	23.3569	4	1	1	0.039604	0.168317	0.039604	9.90099e-09	0	0	0	0	0.881818	0.9568	0.233119	0.52	0.866774	9.90099e-09	0.0990099	9.90099e-09	1	0.150883	0.187755	0.666667	0.666667	0.666667	1	1	191751	1e+20	2.34444e+19	83.2273	25.0215	55.8391	51.1273	75.5161	23.3569	
119000	-127539	-1138.56	-80860.8	-14818.5	0.24702	1	0.114877	17.41	5.05625	0.00887803	19.405	0.274006	6152	99	732	-25164.9	71.0219f	54.769	4	1	1	0.039604	0.168317	0.039604	9.90099e-09	0	0	0	0	0.781818	0.95935	0.253659	0.506579	0.88961	9.90099e-09	0.0990099	9.90099e-09	1	0.142857	0.202186	0.666667	0.666667	0.666667	1	1	191751	1e+20	2.34444e+19	76.9829	32.9827	55.8391	51.1273	71.0219	54.769	
120000	-128472	-1138.56	-81793.4	-15041.5	0.250831	1	0.113247	17.6605	5.06142	0.0199634	19.405	0.277665	6312	99	663	-25164.9	19.4802f	47.448	4	1	1	0.039604	0.237624	0.039604	9.90099e-09	0	0	0	0	0.890909	0.963665	0.283677	0.511111	0.873217	9.90099e-09	0.0990099	9.90099e-09	1	0.110759	0.210606	0.666667	0.666667	0.666667	1	1	191751	1e+20	2.34444e+19	76.9829	32.9827	55.8391	51.1273	19.4802	47.448	
121000	-129964	-1138.56	-83285.4	-15098.3	0.258091	1	0.12931	15.4667	5.94662	0.0207211	19.405	0.206975	6352	99	763	-25164.9	21.2271f	62.2612	4	1	1	0.0594059	0.237624	0.039604	9.90099e-09	0	0	0	0	0.863636	0.942097	0.248038	0.448052	0.858713	9.90099e-09	0.118812	9.90099e-09	1	0.124019	0.192105	0.666667	0.666667	0.666667	1	1	191751	1e+20	2.34444e+19	76.9829	32.9827	22.0533	73.5193	21.2271	62.2612	
122000	-130284	-1138.56	-83605.5	-15162.2	0.247395	1	0.133499	14.9813	5.88483	0.0587639	19.405	0.202585	6398	99	750	-25164.9	4.44643f	78.094	4	1	1	0.0594059	0.237624	0.039604	9.90099e-09	0	0	0	0	0.890909	0.954758	0.179688	0.526316	0.851563	9.90099e-09	0.118812	9.90099e-09	1	0.142188	0.180157	0.666667	0.666667	0.666667	1	1	191751	1e+20	2.34444e+19	72.2187	9.29024	22.0533	73.5193	4.44643	78.094	
123000	-129943	-1138.56	-83264	-15042.1	0.247395	1	0.139099	14.3783	6.13167	0.0203407	19.405	0.186603	6312	99	800	-25164.9	24.1885f	67.2471	4	1	1	0.0594059	0.237624	0.019802	9.90099e-09	0	0	0	0	0.854545	0.960754	0.231861	0.53125	0.864063	9.90099e-09	0.118812	9.90099e-09	1	0.161392	0.191436	0.666667	0.666667	0.666667	1	1	191751	1e+20	2.34444e+19	72.2187	9.29024	22.0533	73.5193	24.1885	67.2471	
124000	-128782	-1138.56	-82103.2	-15004.4	0.247395	1	0.123791	16.1563	5.85528	0.0425995	19.7499	0.219575	6285	99	721	-25164.9	6.91983f	64.1336	4	1	1	0.0594059	0.237624	0.019802	9.90099e-09	0	0	0	0	0.836364	0.961844	0.236884	0.5	0.867834	9.90099e-09	0.118812	9.90099e-09	1	0.149444	0.191761	0.666667	0.666667	0.666667	1	1	191751	1e+20	2.34444e+19	72.2187	9.29024	22.0533	73.5193	6.91983	64.1336	
125000	-124605	-1138.56	-77926.8	-14533.7	0.239677	1	0.114348	17.4905	5.23989	0.00367855	19.7499	0.265626	5952	99	661	-25164.9	38.5703f	45.6067	4	1	1	0.0594059	0.237624	0.019802	9.90099e-09	0	0	0	0	0.881818	0.961538	0.283806	0.442857	0.86745	9.90099e-09	0.118812	9.90099e-09	1	0.129195	0.228358	0.666667	0.666667	0.666667	1	1	191751	1e+20	2.34444e+19	54.3501	15.9413	22.0533	73.5193	38.5703	45.6067	
126000	-128328	-1138.56	-81649.5	-14917.2	0.257239	1	0.117685	16.9945	5.78797	0.00379887	19.7499	0.233654	6219	99	730	-25164.9	54.927f	62.5621	4	1	1	0.0594059	0.158416	0.019802	9.90099e-09	0	0	0	0	0.772727	0.961477	0.26248	0.524823	0.886035	9.90099e-09	0.118812	9.90099e-09	1	0.154589	0.188022	0.666667	0.666667	0.666667	1	1	191751	1e+20	2.34444e+19	54.3501	15.9413	31.1473	53.3259	54.927	62.5621	
127000	-126715	-1138.56	-80036.8	-14695.3	0.243414	1	0.117762	16.9834	5.48047	0.0665353	19.7499	0.246603	6065	99	740	-25164.9	12.2996f	92.9697	4	1	1	0.108911	0.158416	0.019802	9.90099e-09	0	0	0	0	0.8	0.96875	0.240924	0.468966	0.851974	9.90099e-09	0.138614	9.90099e-09	1	0.145455	0.186047	0.666667	0.666667	0.666667	1	1	191751	1e+20	2.34444e+19	86.518	28.8403	31.1473	53.3259	12.2996	92.9697	
128000	-128855	-1138.56	-82176.1	-14963.8	0.243414	1	0.122759	16.2921	5.71302	0.0256007	19.7499	0.226936	6255	99	752	-25164.9	16.9509f	61.1611	4	1	1	0.108911	0.158416	0.019802	9.90099e-09	0	0	0	0	0.863636	0.959872	0.22508	0.520833	0.853933	9.90099e-09	0.138614	9.90099e-09	1	0.117363	0.200542	0.666667	0.666667	0.666667	1	1	191751	1e+20	2.34444e+19	86.518	28.8403	31.1473	53.3259	16.9509	61.1611	
129000	-130263	-1138.56	-83584.6	-15201.4	0.249253	1	0.113881	17.5622	5.427	0.0384179	19.7499	0.257519	6427	99	711	-25164.9	64.7955f	91.4766	4	1	1	0.108911	0.158416	0.019802	9.90099e-09	0	0	0	0	0.790909	0.962791	0.227907	0.503356	0.893189	9.90099e-09	0.138614	9.90099e-09	1	0.151938	0.205722	0.666667	0.666667	0.666667	1	1	191751	1e+20	2.34444e+19	86.518	28.8403	31.1473	53.3259	64.7955	91.4766	
130000	-129508	-1138.56	-82829.8	-14977.7	0.248762	1	0.137493	14.5462	6.53935	0.011047	19.7499	0.177013	6266	99	800	-25164.9	36.0686f	32.0197	4	1	1	0.108911	0.158416	0.009901	9.90099e-09	0	0	0	0	0.863636	0.944268	0.243631	0.518519	0.856916	9.90099e-09	0.138614	9.90099e-09	1	0.164274	0.191436	0.666667	0.666667	0.666667	1	1	191751	1e+20	2.34444e+19	86.518	28.8403	31.1473	53.3259	36.0686	32.0197	
131000	-130853	-1138.56	-84174.9	-15129.8	0.255219	1	0.13497	14.8181	6.58596	0.00663568	19.7499	0.179045	6376	99	816	-25164.9	47.7875f	67.5479	4	1	1	0.108911	0.158416	0.009901	9.90099e-09	0	0	0	0	0.836364	0.955906	0.248819	0.47929	0.875598	9.90099e-09	0.138614	9.90099e-09	1	0.149606	0.194279	0.666667	0.666667	0.666667	1	1	191751	1e+20	2.34444e+19	86.518	28.8403	47.4804	64.4958	47.7875	67.5479	
132000	-129834	-1138.56	-83155.7	-15130.1	0.250426	1	0.12244	16.3345	5.75659	0.00575966	19.6602	0.225803	6376	99	725	-25164.9	35.9524f	57.2402	4	1	1	0.108911	0.178218	0.009901	9.90099e-09	0	0	0	0	0.872727	0.968652	0.23125	0.510067	0.880878	9.90099e-09	0.138614	9.90099e-09	1	0.130094	0.179063	0.666667	0.666667	0.666667	1	1	191751	1e+20	2.34444e+19	86.518	28.8403	47.4804	64.4958	35.9524	57.2402	
133000	-129678	-1138.56	-82999.6	-15142.6	0.257272	1	0.112767	17.7356	5.44674	0.00947565	19.6602	0.25912	6385	99	707	-25164.9	29.3617f	50.568	4	1	1	0.0693069	0.178218	0.009901	9.90099e-09	0	0	0	0	0.872727	0.952978	0.244898	0.524138	0.863636	9.90099e-09	0.128713	9.90099e-09	1	0.14241	0.190808	0.666667	0.666667	0.666667	1	1	191751	1e+20	2.34444e+19	73.5104	18.7392	29.6559	44.4831	29.3617	50.568	
134000	-130340	-1138.56	-83661	-15240.9	0.253408	1	0.113247	17.6605	5.38773	0.000565163	19.6602	0.260848	6457	99	691	-25164.9	50.6728f	53.512	4	1	1	0.0693069	0.178218	0.009901	9.90099e-09	0	0	0	0	0.872727	0.967492	0.230294	0.333333	0.894574	9.90099e-09	0.128713	9.90099e-09	1	0.122291	0.197406	0.666667	0.666667	0.666667	1	1	191751	1e+20	2.34444e+19	73.5104	18.7392	29.6559	44.4831	50.6728	53.512	
135000	-128378	-1138.56	-81699.2	-14980.3	0.253942	1	0.113823	17.5711	5.17855	0.0067236	19.4316	0.270011	6267	99	703	-25164.9	33.2036f	53.4374	4	1	1	0.0693069	0.178218	0.009901	9.90099e-09	0	0	0	0	0.881818	0.963434	0.219745	0.541096	0.874603	9.90099e-09	0.128713	9.90099e-09	1	0.119617	0.170697	0.666667	0.666667	0.666667	1	1	191751	1e+20	2.34444e+19	73.5104	18.7392	18.5609	40.316	33.2036	53.4374	
136000	-129942	-1138.56	-83263.7	-15154.6	0.252022	1	0.120631	16.5794	5.40946	0.0501209	19.3982	0.243897	6394	99	719	-25164.9	1.3187f	42.5007	4	1	1	0.0693069	0.178218	0.039604	9.90099e-09	0	0	0	0	0.872727	0.975	0.269171	0.513699	0.893584	9.90099e-09	0.128713	9.90099e-09	1	0.134585	0.191518	0.666667	0.666667	0.666667	1	1	191751	1e+20	2.34444e+19	73.5104	18.7392	18.5609	40.316	1.3187	42.5007	
137000	-130842	-1138.56	-84163.8	-15164.5	0.251144	1	0.127025	15.745	5.92146	0.0233288	19.6043	0.211594	6401	99	788	-25164.9	21.5083f	32.6883	4	1	1	0.0693069	0.178218	0.039604	9.90099e-09	0	0	0	0	0.881818	0.951334	0.275	0.556962	0.857367	9.90099e-09	0.128713	9.90099e-09	1	0.151563	0.204633	0.666667	0.666667	0.666667	1	1	191751	1e+20	2.34444e+19	77.9809	30.4112	18.5609	40.316	21.5083	32.6883	
138000	-132991	-1138.56	-86312.7	-15494.8	0.265407	1	0.114048	17.5365	5.58877	0.0321681	19.5784	0.2497	6646	99	746	-25164.9	19.5815f	24.9342	4	1	1	0.0693069	0.217822	0.039604	9.90099e-09	0	0	0	0	0.890909	0.960902	0.280543	0.486667	0.882707	9.90099e-09	0.128713	9.90099e-09	1	0.138346	0.185596	0.666667	0.666667	0.666667	1	1	191751	1e+20	2.34444e+19	77.9809	30.4112	18.5609	40.316	19.5815	24.9342	
139000	-134539	-1138.56	-87860.3	-15719.5	0.264455	1	0.113726	17.5862	5.63319	0.0202506	19.6487	0.248432	6815	99	725	-25164.9	19.5516f	44.9428	4	1	1	0.0792079	0.217822	0.039604	9.90099e-09	0	0	0	0	0.745455	0.960526	0.26138	0.482759	0.874269	9.90099e-09	0.128713	9.90099e-09	1	0.146199	0.196744	0.666667	0.666667	0.666667	1	1	191751	1e+20	2.34444e+19	77.9809	30.4112	27.7954	42.7578	19.5516	44.9428	
140000	-133157	-1138.56	-86478.4	-15522.7	0.26532	1	0.122783	16.2889	6.3965	0.00823466	19.8818	0.202647	6667	99	736	-25164.9	62.2603f	33.6102	4	1	1	0.0792079	0.217822	0.039604	9.90099e-09	0	0	0	0	0.854545	0.970015	0.308383	0.489362	0.884558	9.90099e-09	0.118812	9.90099e-09	1	0.136432	0.209235	0.666667	0.666667	0.666667	1	1	191751	1e+20	2.34444e+19	72.4577	2.16806	27.7954	42.7578	62.2603	33.6102	
141000	-134425	-1138.56	-87746.5	-15617	0.264798	1	0.122783	16.2889	5.78526	0.0420558	19.3984	0.224057	6738	99	793	-25164.9	8.52727f	32.3188	4	1	1	0.0792079	0.217822	0.039604	9.90099e-09	0	0	0	0	0.818182	0.960177	0.262925	0.549383	0.868538	0.009901	0.118812	9.90099e-09	1	0.125554	0.184111	0.666667	0.666667	0.666667	1	1	191751	1e+20	2.34444e+19	72.4577	2.16806	38.6546	19.8296	8.52727	32.3188	
142000	-133307	-1138.56	-86628.8	-15500.1	0.264798	1	0.11953	16.7322	6.1097	0.01304	19.7972	0.217933	6650	99	775	-25164.9	76.0741f	51.6637	4	1	1	0.0792079	0.217822	0.0891089	9.90099e-09	0	0	0	0	0.854545	0.966917	0.221053	0.480519	0.867669	0.009901	0.118812	9.90099e-09	1	0.147147	0.200546	0.666667	0.666667	0.666667	1	1	191751	1e+20	2.34444e+19	66.421	3.70526	38.6546	19.8296	76.0741	51.6637	
143000	-134109	-1138.56	-87430.2	-15634.5	0.272429	1	0.10461	19.1187	5.67696	0.0435999	19.9535	0.267998	6751	99	746	-25164.9	44.6409f	3.71118	4	1	1	0.0792079	0.217822	0.0891089	9.90099e-09	0	0	0	0	0.845455	0.959941	0.278274	0.518519	0.865672	0.009901	0.118812	9.90099e-09	1	0.152819	0.193029	0.666667	0.666667	0.666667	1	1	191751	1e+20	2.34444e+19	80.8466	14.307	38.6546	19.8296	44.6409	3.71118	
144000	-135101	-1138.56	-88422.8	-15719.6	0.274717	1	0.113856	17.566	6.28021	0.00551346	19.9931	0.222582	6816	99	767	-25164.9	50.5699f	66.1456	4	1	1	0.0792079	0.217822	0.0891089	9.90099e-09	0	0	0	0	0.863636	0.963343	0.253666	0.590062	0.868035	0.009901	0.118812	9.90099e-09	1	0.143695	0.198992	0.666667	0.666667	0.666667	1	1	191751	1e+20	2.34444e+19	80.8466	14.307	38.6546	19.8296	50.5699	66.1456	
145000	-136240	-1138.56	-89561.7	-15802.3	0.272238	1	0.121794	16.4212	6.65742	0.0220719	19.9931	0.196286	6880	99	809	-25164.9	40.107f	18.6671	4	1	1	0.0990099	0.217822	0.0891089	9.90099e-09	0	0	0	0	0.854545	0.950365	0.252555	0.53012	0.863173	0.009901	0.118812	9.90099e-09	1	0.146589	0.183064	0.666667	0.666667	0.666667	1	1	191751	1e+20	2.34444e+19	78.6131	42.4556	38.6546	19.8296	40.107	18.6671	
146000	-136250	-1138.56	-89571.1	-15879.8	0.275475	1	0.116348	17.1898	5.93672	0.00914397	19.594	0.230417	6940	99	763	-25164.9	43.4456f	30.2289	4	1	1	0.0990099	0.168317	0.0891089	9.90099e-09	0	0	0	0	0.845455	0.965268	0.238095	0.525641	0.864358	0.009901	0.118812	9.90099e-09	1	0.134393	0.200255	0.666667	0.666667	0.666667	1	1	191751	1e+20	2.34444e+19	79.9082	32.5592	38.6546	19.8296	43.4456	30.2289	
147000	-136882	-1138.56	-90203.6	-16002.9	0.277733	1	0.112074	17.8454	5.7655	0.00675529	19.594	0.246308	7036	99	730	-25164.9	42.6886f	33.9147	4	1	1	0.0990099	0.168317	0.0891089	9.90099e-09	0	0	0	0	0.8	0.957567	0.222695	0.516779	0.898017	0.009901	0.118812	9.90099e-09	1	0.159091	0.175766	0.666667	0.666667	0.666667	1	1	191751	1e+20	2.34444e+19	79.9082	32.5592	38.6546	19.8296	42.6886	33.9147	
148000	-137314	-1138.56	-90635.8	-15947.8	0.277733	1	0.117996	16.9497	6.2863	0.0457181	19.7662	0.214564	6993	99	807	-25164.9	37.3942f	4.09675	4	1	1	0.0990099	0.168317	0.0693069	9.90099e-09	0	0	0	0	0.9	0.96291	0.271817	0.4125	0.873039	0.009901	0.118812	9.90099e-09	1	0.124464	0.214374	0.666667	0.666667	0.666667	1	1	191751	1e+20	2.34444e+19	79.9082	32.5592	38.6546	19.8296	37.3942	4.09675	
149000	-138275	-1138.56	-91596.3	-16110.5	0.277733	1	0.111165	17.9912	6.03504	0.0246016	19.8595	0.237231	7120	99	761	-25164.9	30.4838f	21.5389	4	1	1	0.0990099	0.168317	0.0693069	9.90099e-09	0	0	0	0	0.9	0.97479	0.289326	0.512821	0.881523	0.009901	0.118812	9.90099e-09	1	0.145275	0.20797	0.666667	0.666667	0.666667	1	1	191751	1e+20	2.34444e+19	79.9082	32.5592	38.6546	19.8296	30.4838	21.5389	
150000	-138757	-1138.56	-92078.6	-16203.6	0.286361	1	0.100898	19.822	5.64779	0.0233454	19.8595	0.279293	7195	99	741	-25164.9	39.5873f	17.8368	4	1	1	0.0594059	0.168317	0.0693069	9.90099e-09	0	0	0	0	0.827273	0.959834	0.247222	0.553333	0.870833	0.009901	0.118812	9.90099e-09	1	0.120833	0.189791	0.666667	0.666667	0.666667	1	1	191751	1e+20	2.34444e+19	78.5297	51.6155	38.6546	19.8296	39.5873	17.8368	
151000	-138422	-1138.56	-91743.5	-16182.4	0.286361	1	0.100898	19.822	5.64779	0.000750301	19.8595	0.279293	7178	99	731	-25164.9	54.7428f	47.4229	4	1	1	0.0594059	0.168317	0.0693069	9.90099e-09	0	0	0	0	0.8	0.967832	0.231092	0.493056	0.888112	0.009901	0.118812	9.90099e-09	1	0.123955	0.190542	0.666667	0.666667	0.666667	1	1	191751	1e+20	2.34444e+19	94.4938	37.4085	38.6546	19.8296	54.7428	47.4229	
152000	-138512	-1138.56	-91833.9	-16187.1	0.290238	1	0.0995735	20.0857	5.70325	0.0303571	19.9069	0.280255	7181	99	725	-25164.9	67.8577f	15.019	4	1	1	0.0594059	0.168317	0.0693069	9.90099e-09	0	0	0	0	0.854545	0.965374	0.303199	0.590909	0.896122	0.009901	0.118812	9.90099e-09	1	0.127778	0.21458	0.666667	0.666667	0.666667	1	1	191751	1e+20	2.34444e+19	82.8197	41.5796	38.6546	19.8296	67.8577	15.019	
153000	-140270	-1138.56	-93591.2	-16392.2	0.296956	1	0.0995735	20.0857	5.83526	0.0320461	19.9069	0.273915	7346	99	733	-25164.9	78.3917f	21.0425	4	1	1	0.0594059	0.168317	0.0693069	9.90099e-09	0	0	0	0	0.872727	0.952316	0.233696	0.448276	0.904762	0.009901	0.118812	9.90099e-09	1	0.127891	0.192673	0.666667	0.666667	0.666667	1	1	191751	1e+20	2.34444e+19	82.8197	41.5796	38.6546	19.8296	78.3917	21.0425	
154000	-141605	-1138.56	-94926.7	-16489.3	0.296956	1	0.103202	19.3795	6.04788	0.00949498	19.9069	0.254994	7426	99	781	-25164.9	59.6382f	30.3703	4	1	1	0.0594059	0.128713	0.019802	9.90099e-09	0	0	0	0	0.881818	0.950269	0.2786	0.47973	0.875	0.009901	0.118812	9.90099e-09	1	0.125	0.177267	0.666667	0.666667	0.666667	1	1	191751	1e+20	2.34444e+19	82.8197	41.5796	38.6546	19.8296	59.6382	30.3703	
155000	-138379	-1138.56	-91700.9	-16195.2	0.288606	1	0.103641	19.2974	5.4707	0.021374	19.5321	0.280702	7188	99	715	-25164.9	52.5927f	17.4666	4	1	1	0.0594059	0.128713	0.019802	9.90099e-09	0	0	0	0	0.863636	0.973574	0.240947	0.482517	0.89847	0.009901	0.118812	9.90099e-09	1	0.121001	0.194093	0.666667	0.666667	0.666667	1	1	191751	1e+20	2.34444e+19	82.8197	41.5796	38.6546	19.8296	52.5927	17.4666	
156000	-141068	-1138.56	-94389.1	-16461.5	0.290949	1	0.0970299	20.6122	5.1633	0.0225713	19.5321	0.317678	7403	99	751	-25164.9	17.3965f	48.3403	4	1	1	0.0891089	0.128713	0.019802	9.90099e-09	0	0	0	0	0.818182	0.966307	0.273842	0.463576	0.886767	0.009901	0.118812	9.90099e-09	1	0.119891	0.199192	0.666667	0.666667	0.666667	1	1	191751	1e+20	2.34444e+19	82.8197	41.5796	38.6546	19.8296	17.3965	48.3403	
157000	-139485	-1138.56	-92806	-16264	0.290949	1	0.111975	17.8611	5.9586	0.0208356	19.5321	0.238536	7243	99	765	-25164.9	50.354f	17.8409	4	1	1	0.0891089	0.128713	0.019802	9.90099e-09	0	0	0	0	0.809091	0.966805	0.27686	0.463576	0.907331	0.009901	0.0891089	9.90099e-09	1	0.144828	0.179521	0.666667	0.666667	0.666667	1	1	191751	1e+20	2.34444e+19	85.0541	39.7081	38.6546	19.8296	50.354	17.8409	
158000	-140382	-1138.56	-93703.1	-16325.7	0.290949	1	0.125364	15.9535	6.71629	0.0124841	19.5651	0.189024	7293	99	796	-25164.9	39.222f	28.1151	4	1	1	0.0891089	0.128713	0.019802	9.90099e-09	0	0	0	0	0.854545	0.971272	0.247945	0.467532	0.871409	0.009901	0.0891089	9.90099e-09	1	0.145205	0.204694	0.666667	0.666667	0.666667	1	1	191751	1e+20	2.34444e+19	89.6535	26.1202	38.6546	19.8296	39.222	28.1151	
159000	-138552	-1138.56	-91873.2	-16115.9	0.285438	1	0.115863	17.2617	6.31249	0.000610433	19.7416	0.217607	7125	99	790	-25164.9	49.3564f	46.4151	4	1	1	0.0891089	0.217822	0.019802	9.90099e-09	0	0	0	0	0.827273	0.95927	0.265449	0.550633	0.87395	0.009901	0.0891089	9.90099e-09	1	0.154494	0.198221	0.666667	0.666667	0.666667	1	1	191751	1e+20	2.34444e+19	89.6535	26.1202	28.7366	43.2821	49.3564	46.4151	
160000	-140251	-1138.56	-93572.5	-16364	0.285591	1	0.11682	17.1204	6.368	0.00323406	19.7416	0.213944	7323	99	761	-25164.9	39.1073f	53.0679	4	1	1	0.0891089	0.217822	0.019802	9.90099e-09	0	0	0	0	0.881818	0.967123	0.257534	0.544304	0.847434	0.009901	0.0891089	9.90099e-09	1	0.144414	0.172142	0.666667	0.666667	0.666667	1	1	191751	1e+20	2.34444e+19	89.6535	26.1202	28.7366	43.2821	39.1073	53.0679	
161000	-143950	-1138.56	-97271	-16688.2	0.305774	1	0.111586	17.9233	6.31169	0.00202233	19.5876	0.225976	7590	99	834	-25164.9	46.9052f	58.3714	4	1	1	0.0891089	0.217822	0.029703	9.90099e-09	0	0	0	0	0.818182	0.950327	0.247382	0.52795	0.868421	0.009901	0.0891089	9.90099e-09	1	0.135948	0.197842	0.666667	0.666667	0.666667	1	1	191751	1e+20	2.34444e+19	89.6535	26.1202	28.7366	43.2821	46.9052	58.3714	
162000	-144536	-1138.56	-97857.7	-16828.6	0.302764	1	0.105455	18.9655	5.67793	0.0169978	19.3956	0.265806	7708	99	778	-25164.9	24.4013f	61.8652	4	1	1	0.0891089	0.217822	0.029703	9.90099e-09	0	0	0	0	0.863636	0.970207	0.235142	0.642424	0.895969	0.009901	0.0891089	9.90099e-09	1	0.108949	0.198529	0.666667	0.666667	0.666667	1	1	191751	1e+20	2.34444e+19	89.6535	26.1202	19.2724	64.6069	24.4013	61.8652	
163000	-143342	-1138.56	-96663	-16660.1	0.302764	1	0.107569	18.5928	5.96164	0.0382913	19.5363	0.248181	7567	99	799	-25164.9	28.8541f	87.7705	4	1	1	0.0990099	0.217822	0.029703	9.90099e-09	0	0	0	0	0.854545	0.968296	0.238786	0.52795	0.874016	0.009901	0.0891089	9.90099e-09	1	0.130779	0.199243	0.666667	0.666667	0.666667	1	1	191751	1e+20	2.34444e+19	89.6535	26.1202	19.2724	64.6069	28.8541	87.7705	
164000	-143210	-1138.56	-96531.1	-16691.1	0.301187	1	0.105853	18.8942	5.83597	0.0395249	19.5363	0.257635	7593	99	762	-25164.9	10.3044f	31.7667	4	1	1	0.0990099	0.217822	0.029703	9.90099e-09	0	0	0	0	0.890909	0.969856	0.25426	0.54375	0.904325	0.009901	0.0891089	9.90099e-09	1	0.121053	0.188206	0.666667	0.666667	0.666667	1	1	191751	1e+20	2.34444e+19	89.6535	26.1202	19.2724	64.6069	10.3044	31.7667	
165000	-146152	-1138.56	-99473.5	-16938.7	0.309845	1	0.120156	16.645	7.05414	0.0214261	19.7054	0.187771	7802	99	831	-25164.9	25.2455f	70.1773	4	1	1	0.0990099	0.148515	0.029703	9.90099e-09	0	0	0	0	0.863636	0.960409	0.232947	0.550898	0.871959	0.009901	0.0891089	9.90099e-09	1	0.128991	0.194444	0.666667	0.666667	0.666667	1	1	191751	1e+20	2.34444e+19	89.6535	26.1202	19.2724	64.6069	25.2455	70.1773	
166000	-146281	-1138.56	-99602.6	-16973.8	0.309845	1	0.105358	18.9829	5.8832	0.0253197	19.4602	0.256767	7832	99	820	-25164.9	21.0972f	69.3315	4	1	1	0.0990099	0.148515	0.029703	9.90099e-09	0	0	0	0	0.9	0.971795	0.274235	0.523256	0.873402	0.009901	0.0891089	9.90099e-09	1	0.151786	0.184337	0.666667	0.666667	0.666667	1	1	191751	1e+20	2.34444e+19	99.7301	38.7041	19.2724	64.6069	21.0972	69.3315	
167000	-144673	-1138.56	-97994.1	-16911.8	0.310707	1	0.105358	18.9829	6.33842	0.0275159	19.8124	0.238326	7779	99	718	-25164.9	17.8725f	66.8003	4	1	1	0.0990099	0.148515	0.0792079	9.90099e-09	0	0	0	0	0.809091	0.972938	0.241335	0.56051	0.875792	9.90099e-09	0.0891089	9.90099e-09	1	0.105398	0.216216	0.666667	0.666667	0.666667	1	1	191751	1e+20	2.34444e+19	99.7301	38.7041	19.2724	64.6069	17.8725	66.8003	
168000	-146815	-1138.56	-100136	-17008.9	0.310199	1	0.110923	18.0306	6.70859	0.0167305	19.8468	0.213879	7862	99	838	-25164.9	22.2691f	53.2496	4	1	1	0.0990099	0.148515	0.0792079	9.90099e-09	0	0	0	0	0.818182	0.965736	0.284076	0.606061	0.880559	9.90099e-09	0.0891089	9.90099e-09	1	0.13723	0.186441	0.666667	0.666667	0.666667	1	1	191751	1e+20	2.34444e+19	99.7301	38.7041	19.2724	64.6069	22.2691	53.2496	
169000	-145776	-1138.56	-99097.1	-16985.6	0.309813	1	0.104732	19.0963	5.97421	0.0141211	19.5647	0.254366	7842	99	763	-25164.9	41.8175f	74.7465	4	1	1	0.0693069	0.148515	0.0792079	0.009901	0	0	0	0	0.818182	0.966837	0.25	0.442308	0.889172	9.90099e-09	0.0792079	9.90099e-09	1	0.130711	0.196592	0.666667	0.666667	0.666667	1	1	191751	1e+20	2.34444e+19	99.7301	38.7041	19.2724	64.6069	41.8175	74.7465	
170000	-145539	-1138.56	-98860.1	-16930.5	0.309813	1	0.0993617	20.1285	5.66785	0.0248485	19.5647	0.282607	7795	99	780	-25164.9	15.7437f	51.9866	4	1	1	0.0693069	0.148515	0.0792079	0.009901	0	0	0	0	0.836364	0.966538	0.256082	0.61039	0.897436	9.90099e-09	0.0792079	9.90099e-09	1	0.143406	0.209719	0.666667	0.666667	0.666667	1	1	191751	1e+20	2.34444e+19	99.7301	38.7041	19.2724	64.6069	15.7437	51.9866	
171000	-145641	-1138.56	-98962.7	-16957.5	0.308993	1	0.107698	18.5704	6.12711	0.0237259	19.5647	0.241188	7818	99	771	-25164.9	32.6142f	79.0703	4	1	1	0.0693069	0.128713	0.0792079	0.009901	0	0	0	0	0.872727	0.965296	0.257653	0.572327	0.898089	9.90099e-09	0.0792079	9.90099e-09	1	0.125964	0.194553	0.666667	0.666667	0.666667	1	1	191751	1e+20	2.34444e+19	99.7301	38.7041	19.2724	64.6069	32.6142	79.0703	
172000	-145413	-1138.56	-98734.6	-16887.1	0.308993	1	0.100324	19.9355	5.94023	0.0141904	19.7611	0.267063	7758	99	808	-25164.9	29.842f	66.0373	4	1	1	0.0693069	0.128713	0.0792079	0.009901	0	0	0	0	0.836364	0.962581	0.258065	0.525641	0.900645	9.90099e-09	0.0792079	9.90099e-09	1	0.104516	0.199495	0.666667	0.666667	0.666667	1	1	191751	1e+20	2.34444e+19	99.7301	38.7041	19.2724	64.6069	29.842	66.0373	
173000	-145667	-1138.56	-98988.9	-16939.9	0.308993	1	0.106379	18.8006	6.2988	0.039421	19.7611	0.237523	7803	99	787	-25164.9	17.5117f	20.6753	4	1	1	0.0693069	0.128713	0.0792079	0.009901	0	0	0	0	0.790909	0.96401	0.220796	0.528302	0.884467	9.90099e-09	0.0792079	9.90099e-09	1	0.135723	0.170294	0.666667	0.666667	0.666667	1	1	191751	1e+20	2.34444e+19	57.8114	72.0484	19.2724	64.6069	17.5117	20.6753	
174000	-146223	-1138.56	-99544.3	-17001.2	0.308187	1	0.105804	18.903	6.0913	0.0342223	19.6357	0.24695	7855	99	791	-25164.9	9.91184f	44.2599	4	1	1	0.0693069	0.128713	0.039604	0.009901	0	0	0	0	0.918182	0.963151	0.264295	0.525	0.884224	9.90099e-09	0.0792079	9.90099e-09	1	0.115776	0.192208	0.666667	0.666667	0.666667	1	1	191751	1e+20	2.34444e+19	57.8114	72.0484	19.2724	64.6069	9.91184	44.2599	
175000	-147786	-1138.56	-101107	-17108.3	0.31555	1	0.113096	17.6841	6.66667	0.0732559	19.6357	0.211088	7948	99	840	-25164.9	8.58667f	6.53401	4	1	1	0.049505	0.128713	0.039604	0.009901	0	0	0	0	0.809091	0.981037	0.237074	0.505952	0.88805	9.90099e-09	0.0792079	9.90099e-09	1	0.144654	0.174017	0.666667	0.666667	0.666667	1	1	191751	1e+20	2.34444e+19	64.5187	94.7067	29.3071	32.3524	8.58667	6.53401	
176000	-148841	-1138.56	-102163	-17286.6	0.32262	1	0.103082	19.402	6.21256	0.0257429	19.6357	0.248523	8104	99	788	-25164.9	32.4269f	19.2938	4	1	1	0.049505	0.128713	0.039604	0.009901	0	0	0	0	0.863636	0.965304	0.243176	0.52439	0.888476	9.90099e-09	0.108911	9.90099e-09	1	0.147965	0.154822	0.666667	0.666667	0.666667	1	1	191751	1e+20	2.34444e+19	64.5187	94.7067	15.2753	36.5939	32.4269	19.2938	
177000	-151074	-1138.56	-104396	-17445.2	0.32625	1	0.0995734	20.0857	6.0686	0.0502725	19.6357	0.263384	8245	99	853	-25164.9	15.862f	85.9173	4	1	1	0.049505	0.128713	0.039604	0.009901	0	0	0	0	0.881818	0.967352	0.264563	0.529412	0.881188	9.90099e-09	0.108911	9.90099e-09	1	0.152727	0.214201	0.666667	0.666667	0.666667	1	1	191751	1e+20	2.34444e+19	46.5668	85.295	21.0024	89.3198	15.862	85.9173	
178000	-151119	-1138.56	-104441	-17430.8	0.32474	1	0.117135	17.0744	7.10584	0.0787658	19.6357	0.191214	8232	99	874	-25164.9	0.961554f	88.2106	4	1	1	0.049505	0.138614	0.039604	0.009901	0	0	0	0	0.872727	0.964763	0.243309	0.514124	0.871671	9.90099e-09	0.108911	9.90099e-09	1	0.10303	0.20045	0.666667	0.666667	0.666667	1	1	191751	1e+20	2.34444e+19	56.5204	89.5349	21.0024	89.3198	0.961554	88.2106	
179000	-153058	-1138.56	-106380	-17610.3	0.331148	1	0.115043	17.3848	6.8838	0.0667931	19.473	0.20097	8394	99	900	-25164.9	4.27521f	84.3096	4	1	1	0.049505	0.138614	0.039604	0.009901	0	0	0	0	0.854545	0.964371	0.246136	0.475138	0.866825	9.90099e-09	0.108911	9.90099e-09	1	0.158333	0.183036	0.666667	0.666667	0.666667	1	1	191751	1e+20	2.34444e+19	56.5204	89.5349	21.0024	89.3198	4.27521	84.3096	
180000	-151696	-1138.56	-105017	-17460	0.331148	1	0.11234	17.8031	6.72203	0.0434	19.473	0.210759	8258	99	902	-25164.9	48.2035f	96.4662	4	1	1	0.0594059	0.138614	0.009901	0.009901	0	0	0	0	0.854545	0.964806	0.230024	0.466667	0.887136	9.90099e-09	0.108911	9.90099e-09	1	0.140777	0.185969	0.666667	0.666667	0.666667	1	1	191751	1e+20	2.34444e+19	56.5204	89.5349	21.0024	89.3198	48.2035	96.4662	
181000	-150596	-1138.56	-103917	-17362.3	0.330249	1	0.105447	18.967	6.86119	0.0299126	19.8989	0.219983	8170	99	881	-25164.9	15.1902f	64.7992	4	1	1	0.0594059	0.138614	0.009901	0.009901	0	0	0	0	0.809091	0.958537	0.260976	0.497143	0.900857	9.90099e-09	0.108911	9.90099e-09	1	0.117359	0.191024	0.666667	0.666667	0.666667	1	1	191751	1e+20	2.34444e+19	56.5204	89.5349	0.681823	28.3112	15.1902	64.7992	
182000	-152421	-1138.56	-105742	-17544	0.330249	1	0.105447	18.967	6.86119	0.00560827	19.8989	0.219983	8334	99	893	-25164.9	34.6229f	48.0071	4	1	1	0.0594059	0.138614	0.009901	9.90099e-09	0	0	0	0	0.854545	0.956989	0.241627	0.545977	0.887694	9.90099e-09	0.138614	9.90099e-09	1	0.114833	0.208046	0.666667	0.666667	0.666667	1	1	191751	1e+20	2.34444e+19	56.5204	89.5349	0.681823	28.3112	34.6229	48.0071	
183000	-150313	-1138.56	-103634	-17416.6	0.330238	1	0.105447	18.967	6.86095	0.0353616	19.8989	0.21999	8219	99	816	-25164.9	8.85453f	48.4383	4	1	1	0.0594059	0.138614	0.009901	9.90099e-09	0	0	0	0	0.836364	0.963636	0.26699	0.520231	0.887273	9.90099e-09	0.138614	9.90099e-09	1	0.14303	0.212687	0.666667	0.666667	0.666667	1	1	191751	1e+20	2.34444e+19	56.5204	89.5349	0.681823	28.3112	8.85453	48.4383	
184000	-150687	-1138.56	-104009	-17464.2	0.330238	1	0.101973	19.6131	6.63492	0.0404368	19.8989	0.235234	8262	99	806	-25164.9	6.12344f	45.3817	4	1	1	0.0594059	0.138614	0.009901	9.90099e-09	0	0	0	0	0.881818	0.967273	0.255139	0.47561	0.885366	9.90099e-09	0.138614	9.90099e-09	1	0.117291	0.180025	0.666667	0.666667	0.666667	1	1	191751	1e+20	2.34444e+19	56.5204	89.5349	0.681823	28.3112	6.12344	45.3817	
185000	-151228	-1138.56	-104550	-17472	0.330238	1	0.109751	18.2231	6.47067	0.0101542	19.4145	0.224111	8269	99	851	-25164.9	34.7316f	34.6059	4	1	1	0.0594059	0.108911	0.009901	9.90099e-09	0	0	0	0	0.827273	0.966346	0.238499	0.52071	0.891827	9.90099e-09	0.138614	9.90099e-09	1	0.121687	0.196897	0.666667	0.666667	0.666667	1	1	191751	1e+20	2.34444e+19	56.5204	89.5349	0.681823	28.3112	34.7316	34.6059	
