
# before rand glnL: -106078.863337 alnL: -1186.652026
# ninter: 99
# ncoal: 99
# nhits: 99
# true lbda: 0.001044
# true mu: 0.109285
# true rad: 46.516437
# true sigsq: 0.671548
# true neigh. size: 18.300778
# fst-based estimate of neighborhood size: -nan
# nucleotide diversity: 0.000000
# length of a generation: 111682 time units
# clock rate: 1 subst. per time unit
# after rand glnL: -106078.863337 alnL: -1186.652026
# ninter: 99
# ncoal: 99
# nhits: 99
# start lbda: 0.001044
# start mu: 0.109285
# start rad: 11.173703
sample	lnP	alnL	glnL	tlnL	lbda	clock	mu	neigh	sigsq	sigsqobs	rad	rhoe	nInt	nCoal	nHit	rootTime	rootLon	rootLat	tstv	alpha	MeanBr	accLbda	accMu	accRad	accInDelDisk	accInDelHit	accScaleTime	accSPR	accSPRlocal	accPath	accIndelDiskSerial	accIndelHitSerial	accLdskGivenDisk	accDiskGivenLdsk	accDiskAndLdsk	accLdskMulti	accDiskMulti	accMoveDiskUD	accAddRemoveJump	accLdskTipToRoot	tuneLbda	tuneRad	tuneMu	tuneIndelDisk	tuneIndelHit	tuneLdskGivenDisk	tuneIndelDiskSerial	tuneIndelHitSerial	c0	c1	rootc0	rootc1	rootldsk0	rootldsk1	
  1000	-52636.9	-1186.65	-5910.24	-1737.65	0.00242694	1	0.135941	14.7123	0.058374	0.0194854	19.3709	20.0563	250	99	109	-95745.6	87.794f	1.94482	4	1	1	0	0	0	0	0	0	0	0	1	0.79661	0.148148	0.468468	0.403509	0	0	0	1	0.0648148	0.110092	1	1	1	1	1	2.25	7.59375	0.666667	59.0118	64.7519	78.1965	1.25861	87.794	1.94482	
  2000	-54889.9	-1186.65	-8163.26	-2547.34	0.00402695	1	0.166286	12.0275	0.123051	0.0204637	19.5552	7.77821	392	99	129	-95745.6	96.2738f	7.89132	4	1	1	0	0	0	0	0	0	0	0	0.954545	0.880734	0.290598	0.427184	0.762963	0	0	0	1	0.141667	0.315385	1	1	1	1	1	3.375	437.894	3.375	69.328	35.9732	78.1965	1.25861	96.2738	7.89132	
  3000	-57995.7	-1186.65	-11269	-3625.95	0.00564661	1	0.175832	11.3745	0.182449	0.0141393	19.5552	4.96114	596	99	143	-95745.6	75.7594f	4.67073	4	1	1	0	0	0	0	0	0	0	0	0.954545	0.965517	0.283333	0.481818	0.836207	0	0	0	1	0.0833333	0.153846	1	1	1	1	1	7.59375	970740	11.3906	69.328	35.9732	78.1965	1.25861	75.7594	4.67073	
  4000	-59579	-1186.65	-12852.4	-4114.03	0.00758151	1	0.204606	9.77487	0.285056	0.00473664	19.5552	2.7288	694	99	159	-95745.6	50.6422f	19.7113	4	1	1	0	0	0	0	0	0	0	0	0.981818	0.9	0.26087	0.486486	0.792857	0	0	0	1	0.114286	0.280255	1	1	1	1	1	25.6289	9.56432e+08	194.62	69.328	35.9732	78.1965	1.25861	50.6422	19.7113	
  5000	-60585.2	-1186.65	-13858.5	-4499.72	0.00758151	1	0.197568	10.1231	0.275249	0.0119266	19.5552	2.9267	773	99	153	-95745.6	81.2926f	13.899	4	1	1	0	0	0	0	0	0	0	0	0.963636	0.948718	0.23871	0.527273	0.822368	0	0	0	1	0.116883	0.173333	1	1	1	1	1	57.665	3.18038e+12	1477.89	26.7221	8.40887	78.1965	1.25861	81.2926	13.899	
  6000	-62319.9	-1186.65	-15593.3	-4997.91	0.00886262	1	0.235536	8.49128	0.383596	0.00220565	19.5552	1.76153	878	99	177	-95745.6	66.5783f	38.5554	4	1	1	0	0.237624	0	0	0	0	0	0	0.954545	0.926554	0.322034	0.442308	0.795455	0	0.0891089	0	1	0.153409	0.205556	1	1	1.5	1	1	129.746	3.13351e+15	7481.83	13.2165	47.3216	78.1965	1.25861	66.5783	38.5554	
  7000	-64896.5	-1186.65	-18169.9	-5702.64	0.0107228	1	0.260708	7.67143	0.513711	0.00831773	19.5552	1.18836	1031	99	223	-95745.6	63.6822f	12.3717	4	1	1	0.217822	0.237624	0.019802	0	0	0	0	0	0.972727	0.902913	0.252427	0.527273	0.76699	0	0.0891089	0.138614	1	0.145631	0.117647	0.666667	0.666667	1.5	1	1	437.894	2.34444e+19	970740	15.1804	60.903	63.4059	26.1894	63.6822	12.3717	
  8000	-65600.7	-1186.65	-18874	-5988.37	0.0107228	1	0.235804	8.48163	0.464639	0.00104935	19.5552	1.45262	1094	99	205	-95745.6	54.3043f	62.2545	4	1	1	0.217822	0.237624	0.019802	0	0	0	0	0	0.918182	0.963303	0.238532	0.563107	0.788991	0	0.0891089	0.138614	1	0.190909	0.322115	0.666667	0.666667	1.5	1	1	985.261	1e+20	6.37622e+08	15.1804	60.903	63.4059	26.1894	54.3043	62.2545	
  9000	-68806.3	-1186.65	-22079.6	-6912.28	0.0129537	1	0.257202	7.776	0.642027	0.00644568	19.7888	0.963813	1305	99	241	-95745.6	82.571f	61.2179	4	1	1	0.217822	0.237624	0.019802	0	0	0	0	0	1	0.938931	0.282443	0.46087	0.809524	0	0.0891089	0.138614	1	0.0916031	0.153527	0.666667	0.666667	1.5	1	1	3325.26	1e+20	2.79211e+11	15.1804	60.903	63.4059	26.1894	82.571	61.2179	
 10000	-68997.6	-1186.65	-22271	-7026.67	0.0135955	1	0.261836	7.63838	0.61733	0.00687686	19.274	0.984632	1332	99	221	-95745.6	79.096f	28.645	4	1	1	0.217822	0.237624	0.019802	0.009901	0	0	0	0	0.954545	0.947368	0.261194	0.619469	0.828358	0	0.0891089	0.138614	1	0.126866	0.135747	0.666667	0.666667	1.5	0.666667	1	16834.1	1e+20	1.05756e+16	54.0668	91.7439	75.8529	40.4221	79.096	28.645	
 11000	-70471	-1186.65	-23744.4	-7437.78	0.0146549	1	0.241604	8.27801	0.637257	0.00117596	19.4538	1.03372	1429	99	237	-95745.6	52.6052f	35.4069	4	1	1	0.217822	0.178218	0.019802	0.009901	0	0	0	0	0.990909	0.971631	0.235714	0.586538	0.821429	0.049505	0.0891089	0.138614	1	0.153846	0.2249	0.666667	0.666667	1.5	0.666667	1	16834.1	1e+20	1.05756e+16	54.0668	91.7439	71.574	31.3872	52.6052	35.4069	
 12000	-71551.6	-1186.65	-24824.9	-7767.58	0.0156938	1	0.263637	7.58618	0.744668	0.012231	19.4538	0.810681	1508	99	237	-95745.6	95.3457f	33.9644	4	1	1	0.217822	0.178218	0.019802	0.009901	0	0	0	0	0.909091	0.933775	0.197368	0.578431	0.796053	0.049505	0.0891089	0.138614	1	0.164474	0.2827	0.666667	0.666667	1.5	0.666667	1	16834.1	1e+20	1.05756e+16	22.3491	65.6753	71.574	31.3872	95.3457	33.9644	
 13000	-72616	-1186.65	-25889.3	-8036.06	0.0162811	1	0.229641	8.70926	0.672919	0.00140658	19.4538	1.02993	1573	99	255	-95745.6	50.1202f	33.6595	4	1	1	0.217822	0.178218	0.029703	0.009901	0	0	0	0	0.945455	0.923567	0.242038	0.470588	0.88535	0.049505	0.0990099	0.138614	1	0.170886	0.269841	0.666667	0.666667	1.5	0.666667	1	16834.1	1e+20	1.05756e+16	22.3491	65.6753	71.574	31.3872	50.1202	33.6595	
 14000	-74521.8	-1186.65	-27795.2	-8609.97	0.0173664	1	0.229641	8.70926	0.772478	0.000683901	19.8143	0.897192	1714	99	254	-95745.6	57.8607f	56.3667	4	1	1	0.168317	0.178218	0.029703	0.009901	0	0	0	0	0.918182	0.947368	0.305882	0.481132	0.818713	0.049505	0.0990099	9.90099e-09	1	0.0872093	0.231076	0.666667	0.666667	1.5	0.666667	1	16834.1	1e+20	1.05756e+16	10.055	34.6656	62.3847	48.4148	57.8607	56.3667	
 15000	-74567.5	-1186.65	-27840.9	-8593.9	0.0184143	1	0.218431	9.1562	0.779107	0.00201236	19.8143	0.935208	1710	99	263	-95745.6	36.2409f	35.8717	4	1	1	0.168317	0.178218	0.029703	0.009901	0	0	0	0	0.927273	0.931034	0.298851	0.585586	0.793103	0.049505	0.0990099	9.90099e-09	1	0.109195	0.301887	0.666667	0.666667	1.5	0.666667	1	16834.1	1e+20	1.05756e+16	10.055	34.6656	62.3847	48.4148	36.2409	35.8717	
 16000	-75229.5	-1186.65	-28502.8	-8869.53	0.0184143	1	0.218431	9.1562	0.779107	0.00457003	19.8143	0.935208	1779	99	242	-95745.6	74.5627f	65.0065	4	1	1	0.168317	0.178218	0.029703	0.009901	0	0	0	0	0.890909	0.949721	0.22905	0.53211	0.837079	0.049505	0.0990099	9.90099e-09	1	0.134078	0.231405	0.666667	0.666667	1.5	0.666667	1	16834.1	1e+20	1.05756e+16	10.055	34.6656	62.3847	48.4148	74.5627	65.0065	
 17000	-76414.5	-1186.65	-29687.8	-9127.92	0.0187877	1	0.201867	9.90753	0.75589	0.000107319	19.9562	1.04303	1844	99	271	-95745.6	51.0996f	50.5034	4	1	1	0.168317	0.178218	0.029703	0.009901	0	0	0	0	0.945455	0.934426	0.26776	0.518182	0.87027	0.049505	0.0990099	9.90099e-09	1	0.145946	0.248062	0.666667	0.666667	1.5	0.666667	1	16834.1	1e+20	1.05756e+16	10.3489	41.527	62.3847	48.4148	51.0996	50.5034	
 18000	-77273.2	-1186.65	-30546.5	-9251.13	0.0187877	1	0.255929	7.81466	0.958328	0.000107319	19.9562	0.648912	1875	99	311	-95745.6	51.0996f	50.5034	4	1	1	0.168317	0.0891089	0.029703	0.009901	0	0	0	0	0.963636	0.946809	0.223404	0.516393	0.819149	0.049505	0.0990099	9.90099e-09	1	0.180851	0.223301	0.666667	0.666667	1.5	0.666667	1	16834.1	1e+20	1.05756e+16	10.3489	41.527	48.736	20.2359	51.0996	50.5034	
 19000	-76538.6	-1186.65	-29812	-9115.99	0.0187877	1	0.264269	7.56806	0.989554	0.00274837	19.9562	0.608604	1841	99	287	-95745.6	54.1375f	27.4048	4	1	1	0.168317	0.0891089	0.029703	0.009901	0	0	0	0	0.954545	0.902174	0.306011	0.436508	0.810811	0.049505	0.108911	9.90099e-09	1	0.12973	0.326316	0.666667	0.666667	1.5	0.666667	1	16834.1	1e+20	1.05756e+16	10.3489	41.527	48.736	20.2359	54.1375	27.4048	
 20000	-77928.2	-1186.65	-31201.5	-9515.82	0.0216036	1	0.247511	8.08044	1.06571	0.00143325	19.9562	0.603372	1942	99	295	-95745.6	64.032f	42.3281	4	1	1	0.049505	0.0891089	0.039604	0.009901	0	0	0	0	0.918182	0.926702	0.247423	0.545455	0.810256	0.049505	0.108911	0.009901	1	0.158974	0.251748	0.666667	0.666667	1.5	0.666667	1	16834.1	1e+20	1.05756e+16	10.3489	41.527	48.736	20.2359	64.032	42.3281	
 21000	-80388.2	-1186.65	-33661.6	-10243.7	0.0219344	1	0.247511	8.08044	1.08203	0.000303226	19.9562	0.594271	2132	99	293	-95745.6	54.2094f	45.0273	4	1	1	0.049505	0.0891089	0.039604	0.009901	0	0	0	0	0.918182	0.934579	0.248826	0.546154	0.83871	0.049505	0.108911	0.009901	1	0.0981308	0.305556	0.666667	0.666667	1.5	0.666667	1	16834.1	1e+20	1.05756e+16	90.682	61.5194	48.736	20.2359	54.2094	45.0273	
 22000	-81125.8	-1186.65	-34399.1	-10408	0.0219344	1	0.24991	8.00287	1.0698	0.00721336	19.8516	0.595296	2175	99	306	-95745.6	85.8584f	57.0695	4	1	1	0.049505	0.0891089	0.039604	0.009901	0	0	0	0	0.954545	0.945455	0.24424	0.521008	0.795455	9.90099e-09	0.108911	0.009901	1	0.154545	0.261745	0.666667	0.666667	1.5	0.666667	1	16834.1	1e+20	1.05756e+16	90.682	61.5194	63.456	48.193	85.8584	57.0695	
 23000	-81686.3	-1186.65	-34959.7	-10562.6	0.0224001	1	0.229676	8.70793	0.992841	0.00185438	19.7959	0.697952	2216	99	307	-95745.6	66.3356f	57.3336	4	1	1	0.049505	0.108911	0.039604	0.009901	0	0	0	0	0.945455	0.959276	0.217195	0.591667	0.855856	9.90099e-09	0.108911	0.009901	1	0.144144	0.226537	0.666667	0.666667	1.5	0.666667	1	16834.1	1e+20	1.05756e+16	79.1481	66.1531	63.456	48.193	66.3356	57.3336	
 24000	-83485.8	-1186.65	-36759.1	-11080.4	0.0259386	1	0.229676	8.70793	1.16023	0.00256483	19.8412	0.597255	2354	99	308	-95745.6	70.9033f	54.4563	4	1	1	0.049505	0.108911	0.039604	9.90099e-09	0	0	0	0	0.909091	0.940678	0.202532	0.5	0.881857	9.90099e-09	0.108911	0.009901	1	0.135593	0.286624	0.666667	0.666667	1.5	0.666667	1	16834.1	1e+20	1.05756e+16	79.1481	66.1531	63.456	48.193	70.9033	54.4563	
 25000	-84858.6	-1186.65	-38132	-11482	0.0256812	1	0.240186	8.32688	1.06243	0.00268864	19.2412	0.623696	2464	99	306	-95745.6	53.8801f	27.6144	4	1	1	0.049505	0.108911	0.039604	9.90099e-09	0	0	0	0	0.927273	0.934694	0.260163	0.547619	0.888889	9.90099e-09	0.0891089	0.009901	1	0.0931174	0.331148	0.666667	0.666667	1.5	0.666667	1	16834.1	1e+20	1.05756e+16	63.0555	14.176	63.456	48.193	53.8801	27.6144	
 26000	-86861.4	-1186.65	-40134.8	-11936.8	0.0265737	1	0.234672	8.52252	1.09307	0.00815858	19.3255	0.620457	2589	99	342	-95745.6	81.6339f	72.4446	4	1	1	0.0891089	0.108911	0.0594059	9.90099e-09	0	0	0	0	0.927273	0.953846	0.289575	0.480769	0.835249	9.90099e-09	0.0891089	0.009901	1	0.138996	0.325714	0.666667	0.666667	1.5	0.666667	1	16834.1	1e+20	1.05756e+16	63.0555	14.176	65.3615	43.5028	81.6339	72.4446	
 27000	-88507.1	-1186.65	-41780.4	-12296.3	0.0265115	1	0.245441	8.14858	1.16985	0.00143634	19.4484	0.554297	2688	99	379	-95745.6	65.7336f	48.7016	4	1	1	0.0891089	0.108911	0.0594059	9.90099e-09	0	0	0	0	0.945455	0.973978	0.189591	0.464912	0.821561	9.90099e-09	0.0891089	9.90099e-09	1	0.157303	0.28496	0.666667	0.666667	1.5	0.666667	1	16834.1	1e+20	1.05756e+16	63.0555	14.176	63.018	57.1	65.7336	48.7016	
 28000	-89444	-1186.65	-42717.3	-12509.6	0.0282009	1	0.251964	7.93764	1.27747	0.00333209	19.4484	0.494461	2749	99	394	-95745.6	64.8249f	69.3177	4	1	1	0.0891089	0.108911	0.0594059	9.90099e-09	0	0	0	0	0.918182	0.952381	0.228261	0.521739	0.850365	9.90099e-09	0.0891089	9.90099e-09	1	0.130435	0.299492	0.666667	0.666667	1.5	0.666667	1	16834.1	1e+20	1.05756e+16	63.0555	14.176	63.018	57.1	64.8249	69.3177	
 29000	-89100.4	-1186.65	-42373.7	-12394.2	0.0272023	1	0.251964	7.93764	1.2978	0.00738641	19.7021	0.486713	2716	99	400	-95745.6	86.9999f	52.0327	4	1	1	0.0891089	0.0594059	0.0594059	9.90099e-09	0	0	0	0	0.936364	0.930147	0.291971	0.487603	0.865455	9.90099e-09	0.0891089	9.90099e-09	1	0.128676	0.329356	0.666667	0.666667	1.5	0.666667	1	16834.1	1e+20	1.05756e+16	4.57497	23.2527	63.018	57.1	86.9999	52.0327	
 30000	-88426.2	-1186.65	-41699.5	-12446	0.0278459	1	0.231817	8.62748	1.22228	0.0143009	19.7021	0.561698	2731	99	314	-95745.6	94.1064f	76.9032	4	1	1	0.0891089	0.0594059	0.0594059	9.90099e-09	0	0	0	0	0.936364	0.933086	0.221402	0.53271	0.857664	9.90099e-09	0.0891089	9.90099e-09	1	0.0985401	0.328025	0.666667	0.666667	1.5	0.666667	1	16834.1	1e+20	1.05756e+16	4.57497	23.2527	59.4449	64.4314	94.1064	76.9032	
 31000	-90228.2	-1186.65	-43501.5	-12854	0.0286128	1	0.239867	8.33794	1.29956	0.00261624	19.7021	0.510569	2846	99	348	-95745.6	45.3469f	71.0664	4	1	1	0.0891089	0.0594059	0.0594059	9.90099e-09	0	0	0	0	0.918182	0.937063	0.216028	0.429907	0.846154	9.90099e-09	0.049505	9.90099e-09	1	0.136364	0.305949	0.666667	0.666667	1.5	0.666667	1	16834.1	1e+20	1.05756e+16	25.1606	11.5264	59.4449	64.4314	45.3469	71.0664	
 32000	-89955.6	-1186.65	-43229	-12721.8	0.0296829	1	0.224796	8.89695	1.26345	0.00750339	19.7021	0.560367	2809	99	368	-95745.6	50.1866f	11.8501	4	1	1	0.138614	0.0594059	0.029703	9.90099e-09	0	0	0	0	0.890909	0.932384	0.284698	0.495238	0.861702	9.90099e-09	0.049505	9.90099e-09	1	0.181495	0.297753	0.666667	0.666667	1.5	0.666667	1	16834.1	1e+20	1.05756e+16	25.1606	11.5264	59.5024	27.1202	50.1866	11.8501	
 33000	-90896.2	-1186.65	-44169.5	-13041.8	0.0296829	1	0.209479	9.54749	1.17736	0.00730777	19.7021	0.645311	2900	99	342	-95745.6	73.942f	21.3308	4	1	1	0.138614	0.0594059	0.029703	9.90099e-09	0	0	0	0	0.972727	0.969388	0.222603	0.46729	0.860544	9.90099e-09	0.049505	9.90099e-09	1	0.130137	0.285714	0.666667	0.666667	1.5	0.666667	1	16834.1	1e+20	1.05756e+16	25.1606	11.5264	45.387	32.4828	73.942	21.3308	
 34000	-93186.7	-1186.65	-46460.1	-13603.3	0.031859	1	0.209479	9.54749	1.24312	0.0072568	19.6215	0.611174	3062	99	367	-95745.6	43.2128f	13.0536	4	1	1	0.138614	0.0594059	0.029703	9.90099e-09	0	0	0	0	0.927273	0.934853	0.281046	0.46729	0.859477	9.90099e-09	0.049505	9.90099e-09	1	0.143322	0.311475	0.666667	0.666667	1.5	0.666667	1	16834.1	1e+20	1.05756e+16	25.1606	11.5264	52.2851	26.2818	43.2128	13.0536	
 35000	-92846	-1186.65	-46119.3	-13503.8	0.0311119	1	0.235667	8.48656	1.44366	0.00998176	19.8956	0.467795	3033	99	365	-95745.6	36.6167f	8.01847	4	1	1	0.138614	0.108911	0.029703	0.009901	0	0	0	0	0.954545	0.973597	0.263158	0.427273	0.836066	0.019802	0.049505	9.90099e-09	1	0.121711	0.334247	0.666667	0.666667	1.5	0.666667	1	16834.1	1e+20	1.05756e+16	25.1606	11.5264	52.2851	26.2818	36.6167	8.01847	
 36000	-93277	-1186.65	-46550.4	-13538.5	0.0311119	1	0.235667	8.48656	1.44366	0.00621362	19.8956	0.467795	3043	99	396	-95745.6	50.6824f	15.2955	4	1	1	0.138614	0.108911	0.029703	0.009901	0	0	0	0	0.963636	0.967427	0.28013	0.564103	0.841584	0.019802	0.049505	9.90099e-09	1	0.121311	0.357143	0.666667	0.666667	1.5	0.666667	1	16834.1	1e+20	1.05756e+16	1.53315	32.0557	52.2851	26.2818	50.6824	15.2955	
 37000	-93136.8	-1186.65	-46410.1	-13451.9	0.0319939	1	0.236513	8.4562	1.46232	0.0114084	19.8029	0.460175	3018	99	410	-95745.6	46.5629f	3.07516	4	1	1	0.138614	0.108911	0.029703	0.009901	0	0	0	0	0.954545	0.927393	0.222591	0.516667	0.861386	0.019802	0.0891089	9.90099e-09	1	0.136213	0.29798	0.666667	0.666667	1.5	0.666667	1	16834.1	1e+20	1.05756e+16	1.53315	32.0557	52.2851	26.2818	46.5629	3.07516	
 38000	-92433.2	-1186.65	-45706.6	-13258.4	0.0317535	1	0.237263	8.42946	1.45594	0.0102238	19.8029	0.46073	2962	99	412	-95745.6	21.9557f	15.3174	4	1	1	0.0792079	0.108911	0.029703	0.009901	0	0	0	0	0.954545	0.929766	0.259136	0.57037	0.810631	0.019802	0.0891089	9.90099e-09	1	0.16835	0.2975	0.666667	0.666667	1.5	0.666667	1	16834.1	1e+20	1.05756e+16	1.53315	32.0557	52.2851	26.2818	21.9557	15.3174	
 39000	-93481.5	-1186.65	-46754.8	-13620.6	0.0317535	1	0.224626	8.90368	1.39149	0.0102238	19.8497	0.509189	3067	99	384	-95745.6	21.9557f	15.3174	4	1	1	0.0792079	0.108911	0.029703	0.009901	0	0	0	0	0.881818	0.95098	0.255738	0.526316	0.879085	0.019802	0.0891089	9.90099e-09	1	0.156352	0.27882	0.666667	0.666667	1.5	0.666667	1	16834.1	1e+20	1.05756e+16	1.53315	32.0557	52.2851	26.2818	21.9557	15.3174	
 40000	-93796.1	-1186.65	-47069.4	-13735.1	0.0314863	1	0.196584	10.1738	1.20753	0.012635	19.8497	0.670462	3100	99	371	-95745.6	61.5036f	1.95042	4	1	1	0.0792079	0.108911	0.029703	0.009901	0	0	0	0	0.9	0.958065	0.245161	0.469027	0.882166	0.019802	0.0891089	9.90099e-09	1	0.154839	0.339674	0.666667	0.666667	1.5	0.666667	1	16834.1	1e+20	1.05756e+16	1.53315	32.0557	53.3792	4.1615	61.5036	1.95042	
 41000	-93211.7	-1186.65	-46485.1	-13652.1	0.0314863	1	0.196584	10.1738	1.19804	0.0109759	19.8106	0.675775	3076	99	349	-95745.6	94.1637f	39.1222	4	1	1	0.0792079	0.108911	0.029703	0.009901	0	0	0	0	0.918182	0.953947	0.295455	0.490196	0.868421	0.019802	0.0891089	9.90099e-09	1	0.136364	0.280702	0.666667	0.666667	1.5	0.666667	1	16834.1	1e+20	1.05756e+16	7.1544	37.4387	53.3792	4.1615	94.1637	39.1222	
 42000	-93966.2	-1186.65	-47239.6	-13730.7	0.0319466	1	0.232728	8.59372	1.34958	0.0124596	19.4952	0.506727	3099	99	391	-95745.6	73.1508f	6.87137	4	1	1	0.0792079	0.0792079	0.029703	0.009901	0	0	0	0	0.936364	0.961661	0.262136	0.495496	0.850318	0.019802	0.0891089	9.90099e-09	1	0.12945	0.283784	0.666667	0.666667	1.5	0.666667	1	16834.1	1e+20	1.05756e+16	16.8913	51.323	53.3792	4.1615	73.1508	6.87137	
 43000	-95225.6	-1186.65	-48498.9	-13930.5	0.0319466	1	0.265433	7.53484	1.63563	0.00506164	19.7935	0.366589	3157	99	442	-95745.6	78.2795f	37.8808	4	1	1	0.049505	0.0792079	0.0594059	0.009901	0	0	0	0	0.927273	0.945687	0.240506	0.546154	0.877023	0.019802	0.0891089	9.90099e-09	1	0.182109	0.320186	0.666667	0.666667	1.5	0.666667	1	16834.1	1e+20	1.05756e+16	77.196	7.84055	53.4771	14.9571	78.2795	37.8808	
 44000	-93320.5	-1186.65	-46593.8	-13482.6	0.0315116	1	0.265433	7.53484	1.61335	0.00634238	19.7935	0.37165	3027	99	422	-95745.6	33.8837f	18.7563	4	1	1	0.049505	0.0792079	0.0594059	0.009901	0	0	0	0	0.918182	0.943709	0.237458	0.55814	0.832776	0.019802	0.0990099	9.90099e-09	1	0.178218	0.288095	0.666667	0.666667	1.5	0.666667	1	16834.1	1e+20	1.05756e+16	8.24933	56.4223	29.334	29.0882	33.8837	18.7563	
 45000	-93077.8	-1186.65	-46351.2	-13483.8	0.0307485	1	0.244787	8.17038	1.45183	0.00667089	19.7935	0.447834	3027	99	392	-95745.6	39.5164f	15.5216	4	1	1	0.049505	0.0792079	0.0594059	0.009901	0	0	0	0	0.918182	0.960526	0.260726	0.53719	0.819079	0.019802	0.0990099	9.90099e-09	1	0.161184	0.250646	0.666667	0.666667	1.5	0.666667	1	16834.1	1e+20	1.05756e+16	8.24933	56.4223	29.334	29.0882	39.5164	15.5216	
 46000	-95953.8	-1186.65	-49227.2	-14303.9	0.0330919	1	0.218187	9.16644	1.39269	0.0139397	19.7935	0.523765	3267	99	378	-95745.6	21.4285f	6.48675	4	1	1	0.049505	0.0792079	0.0594059	0.009901	0	0	0	0	0.954545	0.960245	0.186335	0.535714	0.853211	0.019802	0.0990099	9.90099e-09	1	0.198777	0.297082	0.666667	0.666667	1.5	0.666667	1	16834.1	1e+20	1.05756e+16	8.24933	56.4223	17.8617	33.5959	21.4285	6.48675	
 47000	-96563.9	-1186.65	-49837.3	-14413.8	0.0341821	1	0.237584	8.41809	1.48378	0.00400274	19.527	0.451474	3300	99	396	-95745.6	54.9832f	76.3713	4	1	1	0.049505	0.0792079	0.0594059	0.009901	0	0	0	0	0.918182	0.939394	0.269939	0.623932	0.862805	9.90099e-09	0.0990099	9.90099e-09	1	0.169184	0.278947	0.666667	0.666667	1.5	0.666667	1	16834.1	1e+20	1.05756e+16	8.24933	56.4223	17.8617	33.5959	54.9832	76.3713	
 48000	-98313.6	-1186.65	-51586.9	-14749.2	0.0350808	1	0.237584	8.41809	1.51032	0.00797041	19.4869	0.443543	3400	99	447	-95745.6	31.1902f	15.3784	4	1	1	0.049505	0.0891089	0.0594059	0.009901	0	0	0	0	0.945455	0.941003	0.25816	0.484127	0.833333	9.90099e-09	0.0990099	9.90099e-09	1	0.182891	0.277108	0.666667	0.666667	1.5	0.666667	1	16834.1	1e+20	1.05756e+16	8.24933	56.4223	27.2545	10.6471	31.1902	15.3784	
 49000	-100179	-1186.65	-53452.2	-15236.6	0.0373424	1	0.252232	7.92921	1.78519	0.0069221	19.7069	0.353456	3547	99	451	-95745.6	31.2357f	18.43	4	1	1	0.108911	0.0891089	0.0594059	0.009901	0	0	0	0	0.918182	0.932203	0.23662	0.511628	0.830986	9.90099e-09	0.0990099	9.90099e-09	1	0.11831	0.280899	0.666667	0.666667	1.5	0.666667	1	16834.1	1e+20	1.05756e+16	36.3087	14.9463	27.2545	10.6471	31.2357	18.43	
 50000	-100935	-1186.65	-54208	-15424	0.0373424	1	0.252232	7.92921	1.68185	0.00727979	19.4153	0.375175	3604	99	451	-95745.6	75.9761f	23.3178	4	1	1	0.108911	0.0891089	0.0594059	0.009901	0	0	0	0	0.954545	0.961326	0.256198	0.532847	0.84022	9.90099e-09	0.0891089	9.90099e-09	1	0.146814	0.334746	0.666667	0.666667	1.5	0.666667	1	16834.1	1e+20	1.05756e+16	36.3087	14.9463	27.2545	10.6471	75.9761	23.3178	
 51000	-102917	-1186.65	-56189.9	-15932.5	0.0387552	1	0.233579	8.56242	1.72755	0.00727979	19.7408	0.394418	3760	99	449	-95745.6	75.9761f	23.3178	4	1	1	0.108911	0.0891089	0.0594059	0.009901	0	0	0	0	0.972727	0.935829	0.25	0.534351	0.859416	9.90099e-09	0.0891089	9.90099e-09	1	0.148936	0.255924	0.666667	0.666667	1.5	0.666667	1	16834.1	1e+20	1.05756e+16	36.3087	14.9463	27.2545	10.6471	75.9761	23.3178	
 52000	-105157	-1186.65	-58429.9	-16434.4	0.0402981	1	0.233579	8.56242	1.79632	0.00363149	19.7408	0.379317	3916	99	476	-95745.6	28.9168f	33.8556	4	1	1	0.108911	0.0891089	0.0594059	0.009901	0	0	0	0	0.918182	0.966921	0.24173	0.537415	0.891139	9.90099e-09	0.0891089	9.90099e-09	1	0.140306	0.295547	0.666667	0.666667	1.5	0.666667	1	16834.1	1e+20	1.05756e+16	36.3087	14.9463	27.2545	10.6471	28.9168	33.8556	
 53000	-107806	-1186.65	-61079.5	-17021.1	0.0427138	1	0.229466	8.71589	1.8761	0.00843512	19.7556	0.369697	4101	99	507	-95745.6	10.2303f	43.2846	4	1	1	0.108911	0.0891089	0.0594059	0.009901	0	0	0	0	0.918182	0.93932	0.3309	0.523179	0.854015	9.90099e-09	0.0891089	9.90099e-09	1	0.118932	0.299803	0.666667	0.666667	1.5	0.666667	1	16834.1	1e+20	1.05756e+16	36.3087	14.9463	20.1419	47.1903	10.2303	43.2846	
 54000	-108553	-1186.65	-61826.1	-17239.2	0.0424452	1	0.236604	8.45293	1.9223	0.00603901	19.7556	0.349926	4170	99	499	-95745.6	16.0658f	52.1187	4	1	1	0.108911	0.049505	0.0594059	0.009901	0	0	0	0	0.918182	0.952153	0.251799	0.566667	0.851675	9.90099e-09	0.0891089	9.90099e-09	1	0.157518	0.272212	0.666667	0.666667	1.5	0.666667	1	16834.1	1e+20	1.05756e+16	36.3087	14.9463	20.1419	47.1903	16.0658	52.1187	
 55000	-109200	-1186.65	-62473.8	-17503.5	0.0447839	1	0.207022	9.6608	1.75663	0.00979673	19.7053	0.437647	4255	99	463	-95745.6	13.7825f	25.6973	4	1	1	0.0693069	0.049505	0.0594059	0.009901	0	0	0	0	0.927273	0.955399	0.191489	0.553398	0.856471	9.90099e-09	0.0891089	9.90099e-09	1	0.119718	0.310493	0.666667	0.666667	1.5	0.666667	1	16834.1	1e+20	1.05756e+16	36.3087	14.9463	20.1419	47.1903	13.7825	25.6973	
 56000	-112160	-1186.65	-65433.2	-18053.2	0.0447839	1	0.214242	9.33525	1.81789	0.008737	19.7053	0.408648	4432	99	527	-95745.6	10.4004f	39.0274	4	1	1	0.0693069	0.049505	0.0594059	0.009901	0	0	0	0	0.945455	0.972789	0.247166	0.524272	0.843537	9.90099e-09	0.0891089	9.90099e-09	1	0.131519	0.278978	0.666667	0.666667	1.5	0.666667	1	16834.1	1e+20	1.05756e+16	36.3087	14.9463	0.750608	25.4317	10.4004	39.0274	
 57000	-112927	-1186.65	-66200.5	-18137.3	0.0447215	1	0.233097	8.58013	2.06998	0.0111737	19.9377	0.329851	4459	99	567	-95745.6	3.82251f	53.5512	4	1	1	0.0693069	0.049505	0.0594059	0.009901	0	0	0	0	0.918182	0.939866	0.288591	0.573913	0.863839	9.90099e-09	0.0792079	9.90099e-09	1	0.154362	0.274021	0.666667	0.666667	1.5	0.666667	1	16834.1	1e+20	1.05756e+16	36.3087	14.9463	0.750608	25.4317	3.82251	53.5512	
 58000	-111653	-1186.65	-64926.6	-17953.8	0.0447841	1	0.222727	8.97959	1.98067	0.0109433	19.9377	0.360773	4400	99	521	-95745.6	5.15086f	39.9125	4	1	1	0.0693069	0.049505	0.0594059	9.90099e-09	0	0	0	0	0.881818	0.948081	0.272109	0.53271	0.886621	9.90099e-09	0.0792079	9.90099e-09	1	0.136054	0.297196	0.666667	0.666667	1.5	0.666667	1	16834.1	1e+20	1.05756e+16	36.3087	14.9463	0.750608	25.4317	5.15086	39.9125	
 59000	-113270	-1186.65	-66543.7	-18320.7	0.0466411	1	0.22685	8.81639	2.10098	0.00247799	19.9377	0.333932	4520	99	533	-95745.6	30.0157f	41.2153	4	1	1	0.0693069	0.049505	0.0594059	9.90099e-09	0	0	0	0	0.936364	0.964444	0.266667	0.5	0.871332	9.90099e-09	0.0792079	9.90099e-09	1	0.164444	0.2607	0.666667	0.666667	1.5	0.666667	1	16834.1	1e+20	1.05756e+16	36.3087	14.9463	10.5093	16.8985	30.0157	41.2153	
 60000	-112212	-1186.65	-65485.6	-18115.3	0.0464925	1	0.22685	8.81639	1.89087	0.0184845	19.4349	0.371039	4453	99	510	-95745.6	14.8551f	1.48755	4	1	1	0.0693069	0.108911	0.0594059	9.90099e-09	0	0	0	0	0.936364	0.957684	0.282511	0.466667	0.873874	9.90099e-09	0.0792079	9.90099e-09	1	0.135857	0.268627	0.666667	0.666667	1.5	0.666667	1	16834.1	1e+20	1.05756e+16	36.3087	14.9463	10.5093	16.8985	14.8551	1.48755	
 61000	-114523	-1186.65	-67796.8	-18739.7	0.048433	1	0.218035	9.17282	2.08755	0.00465425	19.9154	0.349668	4658	99	496	-95745.6	30.1811f	27.3341	4	1	1	0.0693069	0.108911	0.0594059	9.90099e-09	0	0	0	0	0.936364	0.961864	0.291139	0.550336	0.868922	9.90099e-09	0.0792079	9.90099e-09	1	0.120172	0.303263	0.666667	0.666667	1.5	0.666667	1	16834.1	1e+20	1.05756e+16	36.3087	14.9463	10.5093	16.8985	30.1811	27.3341	
 62000	-114291	-1186.65	-67564.1	-18567.1	0.048433	1	0.211503	9.45615	2.02501	0.0119744	19.9154	0.371602	4601	99	532	-95745.6	11.0258f	21.6123	4	1	1	0.0594059	0.108911	0.0594059	9.90099e-09	0	0	0	0	0.909091	0.952174	0.252723	0.490385	0.874725	9.90099e-09	0.0792079	9.90099e-09	1	0.13449	0.291667	0.666667	0.666667	1.5	0.666667	1	16834.1	1e+20	1.05756e+16	36.3087	14.9463	10.5093	16.8985	11.0258	21.6123	
 63000	-115740	-1186.65	-69013.4	-18980.9	0.0498078	1	0.211503	9.45615	2.08249	0.00368183	19.9154	0.361345	4738	99	512	-95745.6	44.5032f	23.8235	4	1	1	0.0594059	0.108911	0.029703	9.90099e-09	0	0	0	0	0.9	0.943038	0.282744	0.509259	0.907173	9.90099e-09	0.128713	9.90099e-09	1	0.128692	0.259766	0.666667	0.666667	1.5	0.666667	1	16834.1	1e+20	1.05756e+16	36.3087	14.9463	10.5093	16.8985	44.5032	23.8235	
 64000	-119637	-1186.65	-72910.3	-19782	0.0522024	1	0.218147	9.16811	2.25118	0.0113176	19.9154	0.324086	5007	99	566	-95745.6	29.7179f	7.68801	4	1	1	0.0594059	0.108911	0.029703	9.90099e-09	0	0	0	0	0.909091	0.95	0.287425	0.552632	0.888224	9.90099e-09	0.128713	9.90099e-09	1	0.156	0.230634	0.666667	0.666667	1.5	0.666667	1	16834.1	1e+20	1.05756e+16	36.3087	14.9463	10.5093	16.8985	29.7179	7.68801	
 65000	-118522	-1186.65	-71795.3	-19631.4	0.0522347	1	0.19558	10.226	2.01954	0.010076	19.9154	0.402942	4956	99	514	-95745.6	43.3123f	6.26551	4	1	1	0.0594059	0.108911	0.029703	9.90099e-09	0	0	0	0	0.918182	0.951904	0.235412	0.5	0.870968	9.90099e-09	0.128713	9.90099e-09	1	0.116935	0.266537	0.666667	0.666667	1.5	0.666667	1	16834.1	1e+20	1.05756e+16	36.3087	14.9463	10.5093	16.8985	43.3123	6.26551	
 66000	-119357	-1186.65	-72630.5	-19789.8	0.0508822	1	0.21219	9.42552	2.13432	0.01411	19.9154	0.351427	5009	99	537	-95745.6	4.65264f	23.9451	4	1	1	0.0594059	0.108911	0.029703	9.90099e-09	0	0	0	0	0.927273	0.952096	0.265469	0.523364	0.884	9.90099e-09	0.128713	9.90099e-09	1	0.123752	0.25878	0.666667	0.666667	1.5	0.666667	1	16834.1	1e+20	1.05756e+16	36.3087	14.9463	10.5093	16.8985	4.65264	23.9451	
 67000	-119424	-1186.65	-72697.1	-19880.3	0.0515739	1	0.201582	9.9215	2.05819	0.0185652	19.9227	0.383603	5040	99	508	-95745.6	9.18731f	5.98467	4	1	1	0.0792079	0.0891089	0.029703	9.90099e-09	0	0	0	0	0.881818	0.940239	0.271457	0.524272	0.88247	9.90099e-09	0.128713	9.90099e-09	1	0.126733	0.230315	0.666667	0.666667	1.5	0.666667	1	16834.1	1e+20	1.05756e+16	36.3087	14.9463	8.29385	13.5849	9.18731	5.98467	
 68000	-121005	-1186.65	-74278.5	-20178.7	0.0532155	1	0.201582	9.9215	2.1237	0.0107486	19.9227	0.371769	5142	99	539	-95745.6	22.207f	13.6843	4	1	1	0.0792079	0.0891089	0.029703	9.90099e-09	0	0	0	0	0.918182	0.949515	0.257752	0.486239	0.885659	9.90099e-09	0.128713	9.90099e-09	1	0.129594	0.269811	0.666667	0.666667	1.5	0.666667	1	16834.1	1e+20	1.05756e+16	36.3087	14.9463	31.7059	16.5855	22.207	13.6843	
 69000	-121492	-1186.65	-74765.6	-20223.3	0.052821	1	0.201582	9.9215	2.10796	0.00465083	19.9227	0.374546	5157	99	563	-95745.6	38.0637f	22.3662	4	1	1	0.0792079	0.0891089	0.009901	9.90099e-09	0	0	0	0	0.909091	0.941634	0.273256	0.581818	0.856863	9.90099e-09	0.128713	9.90099e-09	1	0.134241	0.271914	0.666667	0.666667	1.5	0.666667	1	16834.1	1e+20	1.05756e+16	36.3087	14.9463	31.7059	16.5855	38.0637	22.3662	
 70000	-121960	-1186.65	-75233.7	-20417.4	0.052821	1	0.1906	10.4932	1.99312	0.00163193	19.9227	0.418951	5223	99	538	-95745.6	59.0317f	63.9403	4	1	1	0.0792079	0.0891089	0.009901	9.90099e-09	0	0	0	0	0.9	0.978805	0.255725	0.605263	0.882239	9.90099e-09	0.128713	9.90099e-09	1	0.133205	0.305861	0.666667	0.666667	1.5	0.666667	1	16834.1	1e+20	1.05756e+16	36.3087	14.9463	31.7059	16.5855	59.0317	63.9403	
 71000	-120083	-1186.65	-73356.3	-19988.3	0.052485	1	0.198044	10.0988	2.04117	0.00984274	19.8824	0.393713	5077	99	529	-95745.6	7.27148f	41.3934	4	1	1	0.0792079	0.0891089	0.009901	9.90099e-09	0	0	0	0	0.890909	0.962598	0.265748	0.555556	0.882353	9.90099e-09	0.128713	9.90099e-09	1	0.129921	0.288679	0.666667	0.666667	1.5	0.666667	1	16834.1	1e+20	1.05756e+16	36.3087	14.9463	31.7059	16.5855	7.27148	41.3934	
 72000	-121074	-1186.65	-74347.6	-20181.6	0.0533196	1	0.204815	9.76491	2.14453	0.0125584	19.8824	0.362348	5143	99	544	-95745.6	23.3536f	8.37961	4	1	1	0.0792079	0.0891089	0.009901	9.90099e-09	0	0	0	0	0.863636	0.947573	0.281853	0.554545	0.856311	9.90099e-09	0.128713	9.90099e-09	1	0.12233	0.313653	0.666667	0.666667	1.5	0.666667	1	16834.1	1e+20	1.05756e+16	36.3087	14.9463	31.7059	16.5855	23.3536	8.37961	
 73000	-120329	-1186.65	-73602.5	-20035	0.053389	1	0.204815	9.76491	2.14732	0.00797149	19.8824	0.361877	5093	99	533	-95745.6	26.0787f	18.6917	4	1	1	0.0792079	0.0594059	0.009901	9.90099e-09	0	0	0	0	0.945455	0.944882	0.272549	0.568807	0.888235	9.90099e-09	0.128713	9.90099e-09	1	0.119608	0.293893	0.666667	0.666667	1.5	0.666667	1	16834.1	1e+20	1.05756e+16	36.3087	14.9463	31.7059	16.5855	26.0787	18.6917	
 74000	-117649	-1186.65	-70922.2	-19314.7	0.051926	1	0.216413	9.24161	2.20674	0.00288155	19.8824	0.333263	4849	99	558	-95745.6	46.9785f	26.5698	4	1	1	0.0792079	0.0594059	0.009901	9.90099e-09	0	0	0	0	0.9	0.962733	0.276289	0.462963	0.879917	9.90099e-09	0.128713	9.90099e-09	1	0.158763	0.274194	0.666667	0.666667	1.5	0.666667	1	16834.1	1e+20	1.05756e+16	36.3087	14.9463	31.7059	16.5855	46.9785	26.5698	
 75000	-119650	-1186.65	-72923.8	-19779.1	0.051926	1	0.203599	9.82323	2.07608	0.00037781	19.8824	0.376531	5006	99	566	-95745.6	56.9788f	48.1506	4	1	1	0.0792079	0.0594059	0.009901	9.90099e-09	0	0	0	0	0.936364	0.936759	0.286282	0.464286	0.866799	9.90099e-09	0.128713	9.90099e-09	1	0.083499	0.279646	0.666667	0.666667	1.5	0.666667	1	16834.1	1e+20	1.05756e+16	71.8473	15.9544	31.7059	16.5855	56.9788	48.1506	
 76000	-119654	-1186.65	-72927.1	-19705.5	0.0525957	1	0.226309	8.83747	2.33742	0.000379891	19.8824	0.300872	4981	99	597	-95745.6	50.4066f	42.1294	4	1	1	0.0792079	0.0594059	0.009901	9.90099e-09	0	0	0	0	0.872727	0.966068	0.262425	0.522523	0.833002	9.90099e-09	0.0990099	9.90099e-09	1	0.147705	0.306709	0.666667	0.666667	1.5	0.666667	1	16834.1	1e+20	1.05756e+16	91.8807	11.0942	31.7059	16.5855	50.4066	42.1294	
 77000	-118669	-1186.65	-71942.8	-19720.2	0.0525957	1	0.1887	10.5988	1.94898	0.0107723	19.8824	0.432753	4986	99	501	-95745.6	15.9958f	19.3789	4	1	1	0.0792079	0.0594059	0.009901	9.90099e-09	0	0	0	0	0.890909	0.956262	0.246	0.466019	0.888	9.90099e-09	0.0990099	9.90099e-09	1	0.144289	0.276718	0.666667	0.666667	1.5	0.666667	1	16834.1	1e+20	1.05756e+16	91.8807	11.0942	31.7059	16.5855	15.9958	19.3789	
 78000	-120250	-1186.65	-73523.3	-20099.6	0.0529989	1	0.18669	10.713	1.94299	0.00307968	19.8824	0.438762	5115	99	497	-95745.6	45.2792f	26.0151	4	1	1	0.0792079	0.0594059	0.009901	9.90099e-09	0	0	0	0	0.845455	0.953307	0.247082	0.555556	0.888672	9.90099e-09	0.0990099	9.90099e-09	1	0.130859	0.25	0.666667	0.666667	1.5	0.666667	1	16834.1	1e+20	1.05756e+16	92.1155	11.1285	31.7059	16.5855	45.2792	26.0151	
 79000	-119099	-1186.65	-72372.8	-19843.6	0.0542317	1	0.189896	10.5321	2.02233	0.0160707	19.8824	0.414431	5027	99	493	-95745.6	9.41762f	11.6221	4	1	1	0.0693069	0.0594059	0.009901	9.90099e-09	0	0	0	0	0.872727	0.932673	0.27593	0.601942	0.884086	9.90099e-09	0.0990099	9.90099e-09	1	0.101961	0.288032	0.666667	0.666667	1.5	0.666667	1	16834.1	1e+20	1.05756e+16	92.1155	11.1285	31.7059	16.5855	9.41762	11.6221	
 80000	-122214	-1186.65	-75487.5	-20493.2	0.055015	1	0.189896	10.5321	2.05154	0.0132476	19.8824	0.40853	5250	99	536	-95745.6	30.2233f	3.26566	4	1	1	0.0693069	0.0891089	0.009901	9.90099e-09	0	0	0	0	0.881818	0.980989	0.272901	0.509434	0.895954	9.90099e-09	0.0990099	9.90099e-09	1	0.118321	0.298677	0.666667	0.666667	1.5	0.666667	1	16834.1	1e+20	1.05756e+16	44.96	1.67997	31.7059	16.5855	30.2233	3.26566	
 81000	-122661	-1186.65	-75934.2	-20586	0.055015	1	0.197258	10.139	2.0518	0.00645754	19.6948	0.393233	5282	99	536	-95745.6	66.6966f	19.0166	4	1	1	0.0693069	0.0891089	0.009901	9.90099e-09	0	0	0	0	0.918182	0.971645	0.265537	0.482456	0.864407	9.90099e-09	0.0990099	9.90099e-09	1	0.115312	0.297753	0.666667	0.666667	1.5	0.666667	1	16834.1	1e+20	1.05756e+16	44.96	1.67997	39.1646	11.0899	66.6966	19.0166	
 82000	-122490	-1186.65	-75762.9	-20615.2	0.0533952	1	0.197258	10.139	1.99139	0.00694583	19.6948	0.405163	5291	99	513	-95745.6	16.305f	35.5032	4	1	1	0.0693069	0.0891089	0.009901	9.90099e-09	0	0	0	0	0.890909	0.962193	0.257089	0.495238	0.883459	9.90099e-09	0.108911	9.90099e-09	1	0.133962	0.264188	0.666667	0.666667	1.5	0.666667	1	16834.1	1e+20	1.05756e+16	44.96	1.67997	39.1646	11.0899	16.305	35.5032	
 83000	-124283	-1186.65	-77556.7	-21032.9	0.0567021	1	0.186076	10.7483	1.96985	0.00258114	19.6329	0.434209	5437	99	513	-95745.6	40.5687f	29.6941	4	1	1	0.0693069	0.0891089	0.009901	9.90099e-09	0	0	0	0	0.909091	0.957798	0.216266	0.528846	0.904412	9.90099e-09	0.108911	9.90099e-09	1	0.125	0.335185	0.666667	0.666667	1.5	0.666667	1	16834.1	1e+20	1.05756e+16	44.96	1.67997	39.1646	11.0899	40.5687	29.6941	
 84000	-125342	-1186.65	-78615.5	-21331.3	0.0567021	1	0.186076	10.7483	1.96985	0.00769165	19.6329	0.434209	5541	99	492	-95745.6	28.869f	17.5685	4	1	1	0.0693069	0.0891089	0.009901	9.90099e-09	0	0	0	0	0.936364	0.965766	0.265343	0.56	0.879279	0.019802	0.108911	9.90099e-09	1	0.108108	0.284836	0.666667	0.666667	1.5	0.666667	1	16834.1	1e+20	1.05756e+16	44.96	1.67997	39.1646	11.0899	28.869	17.5685	
 85000	-126661	-1186.65	-79934.6	-21512.5	0.0578985	1	0.183368	10.907	1.98214	0.00874698	19.6329	0.437889	5605	99	544	-95745.6	56.0224f	9.30116	4	1	1	0.0693069	0.0594059	0.009901	9.90099e-09	0	0	0	0	0.909091	0.953901	0.25222	0.440367	0.910873	0.019802	0.108911	9.90099e-09	1	0.101604	0.336898	0.666667	0.666667	1.5	0.666667	1	16834.1	1e+20	1.05756e+16	44.96	1.67997	39.1646	11.0899	56.0224	9.30116	
 86000	-126567	-1186.65	-79840.8	-21488.1	0.0571099	1	0.189404	10.5595	2.0195	0.00850277	19.6329	0.416091	5596	99	549	-95745.6	66.3289f	12.9897	4	1	1	0.108911	0.0594059	0.009901	9.90099e-09	0	0	0	0	0.863636	0.960714	0.270125	0.558559	0.881932	0.019802	0.108911	9.90099e-09	1	0.112701	0.289286	0.666667	0.666667	1.5	0.666667	1	16834.1	1e+20	1.05756e+16	44.96	1.67997	39.1646	11.0899	66.3289	12.9897	
 87000	-125053	-1186.65	-78326.2	-21136.1	0.0574147	1	0.189404	10.5595	2.14043	0.000351858	19.8939	0.392583	5473	99	537	-95745.6	47.1767f	42.9387	4	1	1	0.108911	0.0594059	0.009901	9.90099e-09	0	0	0	0	0.927273	0.96357	0.226449	0.495496	0.887067	0.019802	0.108911	9.90099e-09	1	0.125912	0.296296	0.666667	0.666667	1.5	0.666667	1	16834.1	1e+20	1.05756e+16	44.96	1.67997	39.1646	11.0899	47.1767	42.9387	
 88000	-128644	-1186.65	-81917.2	-21804	0.05887	1	0.205561	9.72946	2.33555	0.0111564	19.7964	0.331505	5708	99	613	-95745.6	27.4869f	9.2105	4	1	1	0.108911	0.0594059	0.029703	9.90099e-09	0	0	0	0	0.845455	0.968476	0.30648	0.536	0.847636	0.019802	0.128713	9.90099e-09	1	0.120841	0.300485	0.666667	0.666667	1.5	0.666667	1	16834.1	1e+20	1.05756e+16	44.96	1.67997	39.1646	11.0899	27.4869	9.2105	
 89000	-132238	-1186.65	-85511.6	-22518.2	0.063549	1	0.229806	8.703	2.84496	0.011383	19.8426	0.243435	5963	99	659	-95745.6	11.3833f	23.1928	4	1	1	0.108911	0.0594059	0.029703	9.90099e-09	0	0	0	0	0.927273	0.94958	0.266442	0.529412	0.869932	0.019802	0.128713	9.90099e-09	1	0.144538	0.296353	0.666667	0.666667	1.5	0.666667	1	16834.1	1e+20	1.05756e+16	79.4979	38.8189	5.48406	41.5471	11.3833	23.1928	
 90000	-133421	-1186.65	-86694.3	-22782.8	0.0635727	1	0.212963	9.39131	2.63743	0.0131594	19.8426	0.283358	6059	99	663	-95745.6	1.89416f	34.8289	4	1	1	0.108911	0.0594059	0.029703	9.90099e-09	0	0	0	0	0.881818	0.957166	0.252893	0.481481	0.861157	0.019802	0.128713	9.90099e-09	1	0.144975	0.288262	0.666667	0.666667	1.5	0.666667	1	16834.1	1e+20	1.05756e+16	79.4979	38.8189	5.48406	41.5471	1.89416	34.8289	
 91000	-136871	-1186.65	-90144.3	-23466.2	0.0635727	1	0.21889	9.13703	2.71083	0.0118298	19.8426	0.268221	6307	99	703	-95745.6	3.04548f	41.1545	4	1	1	0.108911	0.0891089	0.029703	9.90099e-09	0	0	0	0	0.9	0.952381	0.238782	0.417266	0.86129	0.019802	0.128713	9.90099e-09	1	0.134707	0.290323	0.666667	0.666667	1.5	0.666667	1	16834.1	1e+20	1.05756e+16	79.4979	38.8189	5.48406	41.5471	3.04548	41.1545	
 92000	-139057	-1186.65	-92330.4	-23963.2	0.0685502	1	0.21889	9.13703	2.92308	0.0106974	19.8426	0.248745	6492	99	695	-95745.6	6.19655f	37.8015	4	1	1	0.108911	0.0891089	0.029703	9.90099e-09	0	0	0	0	0.863636	0.953846	0.261137	0.590278	0.867896	0.019802	0.128713	9.90099e-09	1	0.115385	0.288352	0.666667	0.666667	1.5	0.666667	1	16834.1	1e+20	1.05756e+16	98.469	46.4902	5.48406	41.5471	6.19655	37.8015	
 93000	-137363	-1186.65	-90636.6	-23595.8	0.0685003	1	0.210672	9.49345	2.84765	0.00953906	19.9065	0.265294	6355	99	694	-95745.6	7.32366f	53.0264	4	1	1	0.108911	0.0891089	0.029703	9.90099e-09	0	0	0	0	0.890909	0.952904	0.277603	0.445255	0.87874	0.019802	0.128713	9.90099e-09	1	0.127358	0.297842	0.666667	0.666667	1.5	0.666667	1	16834.1	1e+20	1.05756e+16	98.469	46.4902	5.48406	41.5471	7.32366	53.0264	
 94000	-139118	-1186.65	-92391.8	-23963.1	0.0685003	1	0.214329	9.33147	2.89709	0.00848744	19.9065	0.256318	6492	99	705	-95745.6	11.6188f	37.0052	4	1	1	0.108911	0.0891089	0.019802	9.90099e-09	0	0	0	0	0.918182	0.953917	0.255385	0.471014	0.876543	0.019802	0.0990099	9.90099e-09	1	0.141538	0.274052	0.666667	0.666667	1.5	0.666667	1	16834.1	1e+20	1.05756e+16	98.469	46.4902	5.48406	41.5471	11.6188	37.0052	
 95000	-138110	-1186.65	-91383.5	-23814.5	0.0672826	1	0.207038	9.66005	2.60721	0.0122615	19.6451	0.294845	6437	99	678	-95745.6	18.0817f	13.0512	4	1	1	0.108911	0.0891089	0.019802	9.90099e-09	0	0	0	0	0.927273	0.964341	0.236476	0.525547	0.887172	0.019802	0.0990099	9.90099e-09	1	0.135093	0.300741	0.666667	0.666667	1.5	0.666667	1	16834.1	1e+20	1.05756e+16	80.9518	30.8991	5.48406	41.5471	18.0817	13.0512	
 96000	-138376	-1186.65	-91649.3	-23900.9	0.0673826	1	0.207038	9.66005	2.61109	0.0122615	19.6451	0.294407	6469	99	663	-95745.6	18.0817f	13.0512	4	1	1	0.108911	0.0891089	0.019802	9.90099e-09	0	0	0	0	0.872727	0.958204	0.237654	0.485075	0.887692	0.019802	0.0990099	9.90099e-09	1	0.11592	0.260479	0.666667	0.666667	1.5	0.666667	1	16834.1	1e+20	1.05756e+16	16.3473	24.5391	5.48406	41.5471	18.0817	13.0512	
 97000	-137781	-1186.65	-91054.7	-23787.6	0.0673826	1	0.218982	9.13317	2.76172	0.00897271	19.6451	0.263168	6427	99	656	-95745.6	14.9919f	71.7705	4	1	1	0.108911	0.0792079	0.019802	9.90099e-09	0	0	0	0	0.918182	0.940902	0.247649	0.477273	0.864697	9.90099e-09	0.0990099	9.90099e-09	1	0.135303	0.290415	0.666667	0.666667	1.5	0.666667	1	16834.1	1e+20	1.05756e+16	75.7685	72.7359	31.2989	36.5623	14.9919	71.7705	
 98000	-140694	-1186.65	-93967.1	-24426.9	0.0673826	1	0.197739	10.1144	2.49381	0.0106938	19.6451	0.322749	6664	99	659	-95745.6	94.0091f	41.2854	4	1	1	0.108911	0.0792079	0.019802	9.90099e-09	0	0	0	0	0.945455	0.949025	0.254135	0.53125	0.884211	9.90099e-09	0.0990099	9.90099e-09	1	0.12782	0.278922	0.666667	0.666667	1.5	0.666667	1	16834.1	1e+20	1.05756e+16	75.7685	72.7359	75.3441	16.9888	94.0091	41.2854	
 99000	-140549	-1186.65	-93822	-24378.1	0.0691115	1	0.216843	9.22325	2.76793	0.0110287	19.58	0.265167	6647	99	662	-95745.6	94.5644f	40.4408	4	1	1	0.108911	0.0792079	0.019802	9.90099e-09	0	0	0	0	0.890909	0.965309	0.258595	0.528571	0.880845	9.90099e-09	0.0990099	9.90099e-09	1	0.140271	0.290647	0.666667	0.666667	1.5	0.666667	1	16834.1	1e+20	1.05756e+16	75.7685	72.7359	75.3441	16.9888	94.5644	40.4408	
100000	-139370	-1186.65	-92643.5	-24180.6	0.0679296	1	0.194724	10.271	2.56552	0.0132435	19.8208	0.318585	6573	99	637	-95745.6	85.7639f	14.6112	4	1	1	0.0594059	0.0792079	0.039604	9.90099e-09	0	0	0	0	0.9	0.95122	0.262121	0.511278	0.895865	9.90099e-09	0.138614	9.90099e-09	1	0.12614	0.275	0.666667	0.666667	1.5	0.666667	1	16834.1	1e+20	1.05756e+16	75.7685	72.7359	75.3441	16.9888	85.7639	14.6112	
101000	-139341	-1186.65	-92614.5	-24231.1	0.0689874	1	0.19193	10.4204	2.56809	0.00624623	19.8208	0.322898	6592	99	610	-95745.6	51.4565f	15.235	4	1	1	0.0594059	0.0792079	0.039604	9.90099e-09	0	0	0	0	0.936364	0.946889	0.23824	0.532258	0.863014	9.90099e-09	0.138614	9.90099e-09	1	0.112121	0.2704	0.666667	0.666667	1.5	0.666667	1	16834.1	1e+20	1.05756e+16	75.7685	72.7359	67.0961	22.6229	51.4565	15.235	
102000	-139228	-1186.65	-92501.6	-24223.4	0.0681385	1	0.17686	11.3084	2.4188	0.00789776	19.9914	0.372041	6589	99	605	-95745.6	79.6089f	25.0075	4	1	1	0.0594059	0.0891089	0.039604	9.90099e-09	0	0	0	0	0.881818	0.958904	0.300912	0.531746	0.882353	9.90099e-09	0.138614	9.90099e-09	1	0.130303	0.27242	0.666667	0.666667	1.5	0.666667	1	16834.1	1e+20	1.05756e+16	59.7826	14.243	67.0961	22.6229	79.6089	25.0075	
103000	-139144	-1186.65	-92417.3	-24287.7	0.068271	1	0.164725	12.1415	2.25722	0.0105708	19.9914	0.428043	6613	99	574	-95745.6	61.3383f	6.25983	4	1	1	0.0594059	0.0891089	0.039604	9.90099e-09	0	0	0	0	0.890909	0.966667	0.293051	0.486957	0.886191	9.90099e-09	0.138614	9.90099e-09	1	0.122727	0.261168	0.666667	0.666667	1.5	0.666667	1	16834.1	1e+20	1.05756e+16	70.7721	26.9479	67.0961	22.6229	61.3383	6.25983	
104000	-138386	-1186.65	-91659.3	-24228.7	0.068271	1	0.164725	12.1415	2.25722	0.0127393	19.9914	0.428043	6591	99	526	-95745.6	90.3661f	21.7886	4	1	1	0.0594059	0.0891089	0.039604	9.90099e-09	0	0	0	0	0.881818	0.966514	0.285496	0.539823	0.890076	9.90099e-09	0.138614	9.90099e-09	1	0.108926	0.310345	0.666667	0.666667	1.5	0.666667	1	16834.1	1e+20	1.05756e+16	70.7721	26.9479	67.0961	22.6229	90.3661	21.7886	
105000	-137864	-1186.65	-91137.5	-23979.4	0.0687079	1	0.18133	11.0296	2.43346	0.00684888	19.8557	0.360683	6498	99	589	-95745.6	32.9427f	17.6966	4	1	1	0.0594059	0.0891089	0.039604	9.90099e-09	0	0	0	0	0.918182	0.955793	0.243902	0.584746	0.865854	9.90099e-09	0.0693069	9.90099e-09	1	0.089939	0.29932	0.666667	0.666667	1.5	0.666667	1	16834.1	1e+20	1.05756e+16	70.7721	26.9479	67.0961	22.6229	32.9427	17.6966	
106000	-137148	-1186.65	-90421.6	-23749.7	0.0671753	1	0.190215	10.5144	2.49576	0.0131307	19.8557	0.335253	6413	99	609	-95745.6	99.5989f	46.6976	4	1	1	0.0990099	0.0891089	0.039604	9.90099e-09	0	0	0	0	0.972727	0.95969	0.286159	0.57377	0.878694	9.90099e-09	0.0693069	9.90099e-09	1	0.124611	0.325543	0.666667	0.666667	1.5	0.666667	1	16834.1	1e+20	1.05756e+16	70.7721	26.9479	67.0961	22.6229	99.5989	46.6976	
107000	-138048	-1186.65	-91321.4	-23954.7	0.0676234	1	0.187098	10.6896	2.47123	0.00134907	19.8557	0.344221	6489	99	611	-95745.6	64.6878f	53.5661	4	1	1	0.0990099	0.0891089	0.039604	9.90099e-09	0	0	0	0	0.918182	0.953704	0.299845	0.569106	0.910355	9.90099e-09	0.0693069	9.90099e-09	1	0.128086	0.28125	0.666667	0.666667	1.5	0.666667	1	16834.1	1e+20	1.05756e+16	84.4449	25.9732	67.0961	22.6229	64.6878	53.5661	
108000	-136964	-1186.65	-90237.7	-23720.8	0.0679785	1	0.187098	10.6896	2.48421	0.00401859	19.8557	0.342423	6402	99	606	-95745.6	74.7396f	38.319	4	1	1	0.0990099	0.128713	0.039604	9.90099e-09	0	0	0	0	0.881818	0.954758	0.24805	0.433333	0.892356	9.90099e-09	0.0693069	9.90099e-09	1	0.129082	0.295567	0.666667	0.666667	1.5	0.666667	1	16834.1	1e+20	1.05756e+16	84.4449	25.9732	67.0961	22.6229	74.7396	38.319	
109000	-137795	-1186.65	-91068.3	-23901.1	0.0669217	1	0.195104	10.2509	2.55024	0.00423295	19.8557	0.319869	6469	99	608	-95745.6	63.9903f	25.2493	4	1	1	0.0990099	0.128713	0.039604	9.90099e-09	0	0	0	0	0.936364	0.970543	0.24031	0.487805	0.87907	9.90099e-09	0.0693069	9.90099e-09	1	0.112828	0.301282	0.666667	0.666667	1.5	0.666667	1	16834.1	1e+20	1.05756e+16	84.4449	25.9732	71.4377	30.405	63.9903	25.2493	
110000	-136823	-1186.65	-90096.8	-23628.1	0.0670724	1	0.195258	10.2428	2.558	0.00184827	19.8557	0.318646	6368	99	635	-95745.6	62.886f	36.7639	4	1	1	0.0990099	0.128713	0.039604	9.90099e-09	0	0	0	0	0.890909	0.962323	0.272727	0.435484	0.868545	0.009901	0.0693069	9.90099e-09	1	0.137931	0.255151	0.666667	0.666667	1.5	0.666667	1	16834.1	1e+20	1.05756e+16	84.4449	25.9732	71.4377	30.405	62.886	36.7639	
111000	-137360	-1186.65	-90633.5	-23755.1	0.0670724	1	0.202171	9.8926	2.64857	0.0227642	19.8557	0.297228	6415	99	631	-95745.6	95.1999f	1.85099	4	1	1	0.0891089	0.128713	0.039604	9.90099e-09	0	0	0	0	0.881818	0.967593	0.286159	0.578125	0.897196	0.009901	0.0990099	9.90099e-09	1	0.119938	0.293185	0.666667	0.666667	1.5	0.666667	1	16834.1	1e+20	1.05756e+16	84.4449	25.9732	71.4377	30.405	95.1999	1.85099	
112000	-139586	-1186.65	-92859.5	-24287.4	0.068703	1	0.183517	10.8982	2.52731	0.0227642	19.9848	0.343151	6613	99	615	-95745.6	95.1999f	1.85099	4	1	1	0.0891089	0.128713	0.039604	9.90099e-09	0	0	0	0	0.881818	0.959215	0.229607	0.523077	0.877644	0.009901	0.0990099	9.90099e-09	1	0.111782	0.255853	0.666667	0.666667	1.5	0.666667	1	16834.1	1e+20	1.05756e+16	84.4449	25.9732	71.4377	30.405	95.1999	1.85099	
113000	-142360	-1186.65	-95633.5	-24816.8	0.0701912	1	0.17152	11.6604	2.41325	0.00502951	19.9848	0.384505	6812	99	647	-95745.6	66.2971f	75.4103	4	1	1	0.0891089	0.128713	0.039604	9.90099e-09	0	0	0	0	0.909091	0.970803	0.280059	0.532787	0.881232	0.009901	0.0990099	9.90099e-09	1	0.117302	0.294976	0.666667	0.666667	1.5	0.666667	1	16834.1	1e+20	1.05756e+16	84.4449	25.9732	71.4377	30.405	66.2971	75.4103	
114000	-143108	-1186.65	-96381.7	-24972	0.0712662	1	0.180895	11.0561	2.51447	0.00290748	19.8487	0.349902	6871	99	653	-95745.6	72.7489f	52.4107	4	1	1	0.0891089	0.128713	0.009901	9.90099e-09	0	0	0	0	0.9	0.972344	0.245255	0.484848	0.898256	0.009901	0.0990099	9.90099e-09	1	0.117733	0.286371	0.666667	0.666667	1.5	0.666667	1	16834.1	1e+20	1.05756e+16	84.4449	25.9732	71.4377	30.405	72.7489	52.4107	
115000	-143463	-1186.65	-96736.4	-25009	0.0712652	1	0.190732	10.4859	2.65116	0.00469154	19.8487	0.314747	6885	99	672	-95745.6	64.6191f	23.8581	4	1	1	0.0891089	0.0891089	0.009901	9.90099e-09	0	0	0	0	0.927273	0.962428	0.272069	0.485507	0.878261	0.009901	0.0990099	9.90099e-09	1	0.119942	0.327381	0.666667	0.666667	1.5	0.666667	1	16834.1	1e+20	1.05756e+16	63.8753	2.47119	57.8471	19.7662	64.6191	23.8581	
116000	-144143	-1186.65	-97416.5	-25080	0.0715607	1	0.211082	9.47498	2.81613	0.0158969	19.6259	0.267742	6912	99	709	-95745.6	90.9486f	13.1058	4	1	1	0.0891089	0.0891089	0.009901	9.90099e-09	0	0	0	0	0.945455	0.96657	0.219796	0.450704	0.885174	0.009901	0.0990099	9.90099e-09	1	0.122832	0.285714	0.666667	0.666667	1.5	0.666667	1	16834.1	1e+20	1.05756e+16	63.8753	2.47119	57.8471	19.7662	90.9486	13.1058	
117000	-143406	-1186.65	-96679.6	-24874.3	0.0715607	1	0.211082	9.47498	2.77327	0.00128419	19.5508	0.271879	6834	99	726	-95745.6	57.2574f	36.4306	4	1	1	0.128713	0.0891089	0.009901	9.90099e-09	0	0	0	0	0.9	0.965116	0.265693	0.544828	0.89927	0.009901	0.0990099	9.90099e-09	1	0.127193	0.333797	0.666667	0.666667	1.5	0.666667	1	16834.1	1e+20	1.05756e+16	63.8753	2.47119	57.8471	19.7662	57.2574	36.4306	
118000	-141513	-1186.65	-94786.8	-24520.3	0.0712532	1	0.213289	9.37696	2.83006	0.0084925	19.6202	0.263667	6700	99	700	-95745.6	39.2028f	10.813	4	1	1	0.128713	0.0891089	0.009901	9.90099e-09	0	0	0	0	0.845455	0.94362	0.253353	0.534722	0.875556	0.009901	0.0792079	9.90099e-09	1	0.14456	0.318621	0.666667	0.666667	1.5	0.666667	1	16834.1	1e+20	1.05756e+16	63.8753	2.47119	57.8471	19.7662	39.2028	10.813	
119000	-143529	-1186.65	-96802.2	-24937.6	0.0714112	1	0.205972	9.71007	2.46293	0.000948742	19.1059	0.313733	6858	99	709	-95745.6	59.9214f	41.788	4	1	1	0.128713	0.0891089	0.009901	9.90099e-09	0	0	0	0	0.881818	0.953216	0.256934	0.507042	0.890029	0.009901	0.0792079	9.90099e-09	1	0.134307	0.268848	0.666667	0.666667	1.5	0.666667	1	16834.1	1e+20	1.05756e+16	63.8753	2.47119	53.1771	17.4324	59.9214	41.788	
120000	-144041	-1186.65	-97314.6	-25122.4	0.0714112	1	0.209341	9.55378	2.50322	0.00967351	19.1059	0.303715	6928	99	688	-95745.6	72.6722f	13.3594	4	1	1	0.128713	0.0891089	0.049505	9.90099e-09	0	0	0	0	0.890909	0.959302	0.259045	0.5	0.881159	0.009901	0.0792079	9.90099e-09	1	0.111111	0.29781	0.666667	0.666667	1.5	0.666667	1	16834.1	1e+20	1.05756e+16	63.8753	2.47119	53.1771	17.4324	72.6722	13.3594	
121000	-144606	-1186.65	-97879.8	-25370.2	0.0715363	1	0.184338	10.8497	2.24165	0.0114622	19.178	0.385157	7022	99	631	-95745.6	66.8384f	6.11499	4	1	1	0.128713	0.0891089	0.049505	9.90099e-09	0	0	0	0	0.872727	0.963068	0.226686	0.541985	0.863702	0.019802	0.0792079	9.90099e-09	1	0.109531	0.280587	0.666667	0.666667	1.5	0.666667	1	16834.1	1e+20	1.05756e+16	63.8753	2.47119	53.1771	17.4324	66.8384	6.11499	
122000	-143234	-1186.65	-96507.4	-25136	0.0711403	1	0.173649	11.5175	2.23812	0.00859184	19.4859	0.409509	6933	99	603	-95745.6	81.4683f	24.6377	4	1	1	0.128713	0.108911	0.049505	9.90099e-09	0	0	0	0	0.927273	0.972662	0.262554	0.555556	0.880576	0.019802	0.0792079	9.90099e-09	1	0.12769	0.255486	0.666667	0.666667	1.5	0.666667	1	16834.1	1e+20	1.05756e+16	63.8753	2.47119	53.1771	17.4324	81.4683	24.6377	
123000	-145603	-1186.65	-98876.3	-25558.4	0.0742038	1	0.177543	11.2649	2.38685	0.0054369	19.4859	0.375572	7095	99	643	-95745.6	58.4036f	18.7311	4	1	1	0.0792079	0.108911	0.049505	9.90099e-09	0	0	0	0	0.881818	0.970255	0.245416	0.488372	0.911555	0.019802	0.0792079	9.90099e-09	1	0.108451	0.285276	0.666667	0.666667	1.5	0.666667	1	16834.1	1e+20	1.05756e+16	55.7319	15.8406	53.1771	17.4324	58.4036	18.7311	
124000	-146818	-1186.65	-100092	-25813.5	0.0762175	1	0.182955	10.9317	2.42968	0.00799079	19.2968	0.358037	7193	99	651	-95745.6	60.1315f	12.0501	4	1	1	0.0792079	0.108911	0.049505	9.90099e-09	0	0	0	0	0.881818	0.961003	0.256625	0.477612	0.882845	0.019802	0.0891089	9.90099e-09	1	0.131944	0.268366	0.666667	0.666667	1.5	0.666667	1	16834.1	1e+20	1.05756e+16	55.7319	15.8406	53.1771	17.4324	60.1315	12.0501	
125000	-147545	-1186.65	-100819	-25996.2	0.0762175	1	0.179056	11.1697	2.3779	0.00838645	19.2968	0.373799	7264	99	638	-95745.6	81.9234f	26.0533	4	1	1	0.0792079	0.108911	0.039604	9.90099e-09	0	0	0	0	0.909091	0.962759	0.272352	0.473282	0.899863	0.019802	0.0891089	9.90099e-09	1	0.105915	0.308282	0.666667	0.666667	1.5	0.666667	1	16834.1	1e+20	1.05756e+16	88.2297	40.8194	53.1771	17.4324	81.9234	26.0533	
126000	-148529	-1186.65	-101802	-26327.9	0.0766176	1	0.179056	11.1697	2.39038	0.0128442	19.2968	0.371847	7393	99	591	-95745.6	50.7042f	0.113477	4	1	1	0.0792079	0.108911	0.039604	9.90099e-09	0	0	0	0	0.9	0.971545	0.265857	0.48855	0.906757	0.019802	0.0891089	9.90099e-09	1	0.102703	0.317384	0.666667	0.666667	1.5	0.666667	1	16834.1	1e+20	1.05756e+16	74.8922	10.9437	53.1771	17.4324	50.7042	0.113477	
127000	-148021	-1186.65	-101295	-26302.3	0.0777051	1	0.162269	12.3252	2.19703	0.00904304	19.2968	0.446426	7383	99	550	-95745.6	48.0973f	8.14997	4	1	1	0.0792079	0.0792079	0.039604	9.90099e-09	0	0	0	0	0.872727	0.964865	0.261164	0.4	0.922973	0.019802	0.0891089	9.90099e-09	1	0.0744249	0.281426	0.666667	0.666667	1.5	0.666667	1	16834.1	1e+20	1.05756e+16	74.8922	10.9437	53.1771	17.4324	48.0973	8.14997	
128000	-149401	-1186.65	-102674	-26317.5	0.0767567	1	0.169243	11.8174	2.21872	0.010999	19.2007	0.423846	7389	99	673	-95745.6	63.8105f	6.04774	4	1	1	0.0792079	0.0792079	0.039604	9.90099e-09	0	0	0	0	0.927273	0.963165	0.264228	0.56	0.912634	0.019802	0.0891089	9.90099e-09	1	0.116531	0.297177	0.666667	0.666667	1.5	0.666667	1	16834.1	1e+20	1.05756e+16	74.8922	10.9437	53.1771	17.4324	63.8105	6.04774	
129000	-147969	-1186.65	-101242	-26258.5	0.0767567	1	0.177328	11.2785	2.32472	0.00813502	19.2007	0.386074	7366	99	566	-95745.6	36.1887f	12.6779	4	1	1	0.0792079	0.0792079	0.039604	9.90099e-09	0	0	0	0	0.9	0.978202	0.2673	0.508475	0.904241	0.019802	0.0891089	9.90099e-09	1	0.0963365	0.316781	0.666667	0.666667	1.5	0.666667	1	16834.1	1e+20	1.05756e+16	74.8922	10.9437	53.1771	17.4324	36.1887	12.6779	
130000	-148828	-1186.65	-102101	-26266.2	0.0767567	1	0.199464	10.0269	2.61492	0.00455576	19.2007	0.305139	7369	99	641	-95745.6	53.0942f	20.4797	4	1	1	0.049505	0.0792079	0.009901	9.90099e-09	0	0	0	0	0.927273	0.949864	0.245257	0.492647	0.90137	0.019802	0.0891089	9.90099e-09	1	0.100271	0.308271	0.666667	0.666667	1.5	0.666667	1	16834.1	1e+20	1.05756e+16	74.8922	10.9437	53.1771	17.4324	53.0942	20.4797	
131000	-149384	-1186.65	-102657	-26412.5	0.0767567	1	0.199464	10.0269	2.5184	0.0131924	19.021	0.316833	7426	99	632	-95745.6	59.3819f	0.376002	4	1	1	0.049505	0.0792079	0.009901	9.90099e-09	0	0	0	0	0.881818	0.969003	0.243935	0.522388	0.882749	0.019802	0.148515	9.90099e-09	1	0.0955585	0.30687	0.666667	0.666667	1.5	0.666667	1	16834.1	1e+20	1.05756e+16	74.8922	10.9437	53.1771	17.4324	59.3819	0.376002	
132000	-146537	-1186.65	-99810.5	-25885.4	0.0760344	1	0.173146	11.551	2.16553	0.00271785	19.021	0.424468	7221	99	590	-95745.6	70.3652f	58.248	4	1	1	0.049505	0.0792079	0.009901	9.90099e-09	0	0	0	0	0.954545	0.964187	0.244813	0.516129	0.901798	0.019802	0.148515	9.90099e-09	1	0.0954357	0.3229	0.666667	0.666667	1.5	0.666667	1	16834.1	1e+20	1.05756e+16	74.8922	10.9437	63.907	32.2161	70.3652	58.248	
133000	-148231	-1186.65	-101504	-26220.3	0.0760344	1	0.194892	10.2621	2.17964	0.00176712	18.4966	0.374664	7351	99	609	-95745.6	53.3621f	31.9862	4	1	1	0.049505	0.0891089	0.009901	9.90099e-09	0	0	0	0	0.918182	0.959184	0.238095	0.491935	0.906122	9.90099e-09	0.148515	9.90099e-09	1	0.108844	0.319468	0.666667	0.666667	1.5	0.666667	1	16834.1	1e+20	1.05756e+16	74.8922	10.9437	63.907	32.2161	53.3621	31.9862	
134000	-148764	-1186.65	-102037	-26297.4	0.0748908	1	0.195723	10.2185	2.40104	0.0114903	19.0011	0.338672	7380	99	631	-95745.6	69.9163f	7.39559	4	1	1	0.049505	0.0891089	0.009901	9.90099e-09	0	0	0	0	0.872727	0.966216	0.219512	0.551181	0.897019	9.90099e-09	0.148515	9.90099e-09	1	0.123306	0.324921	0.666667	0.666667	1.5	0.666667	1	16834.1	1e+20	1.05756e+16	74.8922	10.9437	46.5593	0.914231	69.9163	7.39559	
135000	-147198	-1186.65	-100471	-26004.7	0.0747916	1	0.18126	11.0339	2.27218	0.00682648	19.1104	0.386434	7267	99	608	-95745.6	35.1463f	16.6949	4	1	1	0.049505	0.0891089	0.009901	9.90099e-09	0	0	0	0	0.954545	0.954918	0.242091	0.589147	0.905738	9.90099e-09	0.148515	9.90099e-09	1	0.108666	0.319813	0.666667	0.666667	1.5	0.666667	1	16834.1	1e+20	1.05756e+16	74.8922	10.9437	31.064	29.2227	35.1463	16.6949	
136000	-149879	-1186.65	-103152	-26448.1	0.0771587	1	0.201605	9.92038	2.21975	0.00182988	18.357	0.355644	7440	99	665	-95745.6	51.5961f	31.3753	4	1	1	0.049505	0.0891089	0.009901	9.90099e-09	0	0	0	0	0.854545	0.947581	0.236242	0.552239	0.883221	9.90099e-09	0.148515	9.90099e-09	1	0.0939597	0.292285	0.666667	0.666667	1.5	0.666667	1	16834.1	1e+20	1.05756e+16	74.8922	10.9437	31.064	29.2227	51.5961	31.3753	
137000	-150861	-1186.65	-104135	-26733.2	0.0785763	1	0.194545	10.2804	2.18136	0.000251485	18.357	0.375036	7552	99	631	-95745.6	44.2242f	48.8884	4	1	1	0.0792079	0.0891089	0.009901	9.90099e-09	0	0	0	0	0.927273	0.963158	0.193122	0.540984	0.903694	9.90099e-09	0.148515	9.90099e-09	1	0.109788	0.356918	0.666667	0.666667	1.5	0.666667	1	16834.1	1e+20	1.05756e+16	74.8922	10.9437	31.064	29.2227	44.2242	48.8884	
138000	-150846	-1186.65	-104119	-26690	0.0785763	1	0.180441	11.084	2.71766	0.00299322	19.7624	0.324557	7535	99	645	-95745.6	64.0516f	30.8143	4	1	1	0.0792079	0.0891089	0.0891089	9.90099e-09	0	0	0	0	0.918182	0.958831	0.227394	0.519084	0.896552	9.90099e-09	0.0792079	9.90099e-09	1	0.116711	0.277778	0.666667	0.666667	1.5	0.666667	1	16834.1	1e+20	1.05756e+16	61.5764	6.99806	36.0124	1.33289	64.0516	30.8143	
139000	-156001	-1186.65	-109274	-27537	0.0815963	1	0.181694	11.0075	2.84171	0.0126036	19.7624	0.308248	7871	99	747	-95745.6	67.9041f	4.07852	4	1	1	0.0792079	0.108911	0.0891089	9.90099e-09	0	0	0	0	0.890909	0.951777	0.262025	0.546763	0.897208	9.90099e-09	0.0792079	9.90099e-09	1	0.124365	0.295588	0.666667	0.666667	1.5	0.666667	1	16834.1	1e+20	1.05756e+16	61.5764	6.99806	36.0124	1.33289	67.9041	4.07852	
140000	-157735	-1186.65	-111008	-28006.7	0.0841825	1	0.180861	11.0582	2.91833	0.00782051	19.7624	0.301537	8060	99	705	-95745.6	28.7153f	17.2843	4	1	1	0.0792079	0.108911	0.0891089	9.90099e-09	0	0	0	0	0.863636	0.960298	0.28	0.47973	0.87875	9.90099e-09	0.0792079	9.90099e-09	1	0.1125	0.313117	0.666667	0.666667	1.5	0.666667	1	16834.1	1e+20	1.05756e+16	61.5764	6.99806	28.6109	18.3853	28.7153	17.2843	
141000	-156765	-1186.65	-110038	-27947.3	0.0841825	1	0.173041	11.5579	2.72027	0.00240376	19.6339	0.33811	8036	99	645	-95745.6	41.0087f	30.3641	4	1	1	0.0792079	0.108911	0.0891089	9.90099e-09	0	0	0	0	0.918182	0.968944	0.241935	0.541985	0.898263	9.90099e-09	0.0792079	9.90099e-09	1	0.104478	0.29108	0.666667	0.666667	1.5	0.666667	1	16834.1	1e+20	1.05756e+16	61.5764	6.99806	28.6109	18.3853	41.0087	30.3641	
142000	-158581	-1186.65	-111854	-28211.9	0.0855782	1	0.173041	11.5579	2.76851	0.00749456	19.6395	0.332218	8143	99	697	-95745.6	40.9522f	12.9026	4	1	1	0.0792079	0.108911	0.0891089	9.90099e-09	0	0	0	0	0.936364	0.973006	0.265031	0.553191	0.888344	9.90099e-09	0.0792079	9.90099e-09	1	0.106748	0.297636	0.666667	0.666667	1.5	0.666667	1	16834.1	1e+20	1.05756e+16	61.5764	6.99806	28.6109	18.3853	40.9522	12.9026	
143000	-160140	-1186.65	-113413	-28418.4	0.0855782	1	0.173041	11.5579	2.76851	0.00239019	19.6395	0.332218	8227	99	744	-95745.6	63.2979f	33.5366	4	1	1	0.0594059	0.108911	0.0891089	9.90099e-09	0	0	0	0	0.927273	0.970803	0.240583	0.537931	0.910085	9.90099e-09	0.0792079	9.90099e-09	1	0.130012	0.270862	0.666667	0.666667	1.5	0.666667	1	16834.1	1e+20	1.05756e+16	61.5764	6.99806	69.8704	25.8281	63.2979	33.5366	
144000	-159550	-1186.65	-112823	-28366.7	0.0855782	1	0.180993	11.0502	2.52439	0.00358403	18.9771	0.34834	8206	99	721	-95745.6	39.8905f	25.5981	4	1	1	0.0594059	0.108911	0.049505	9.90099e-09	0	0	0	0	0.872727	0.958435	0.246022	0.542254	0.914738	9.90099e-09	0.0891089	9.90099e-09	1	0.110159	0.297183	0.666667	0.666667	1.5	0.666667	1	16834.1	1e+20	1.05756e+16	83.8112	50.6606	69.8704	25.8281	39.8905	25.5981	
145000	-159321	-1186.65	-112594	-28425.7	0.0855782	1	0.189564	10.5505	2.57573	0.0127571	18.8535	0.325959	8230	99	682	-95745.6	84.1077f	14.2759	4	1	1	0.0594059	0.0792079	0.049505	9.90099e-09	0	0	0	0	0.918182	0.958987	0.248786	0.546099	0.900485	9.90099e-09	0.0891089	9.90099e-09	1	0.115291	0.32853	0.666667	0.666667	1.5	0.666667	1	16834.1	1e+20	1.05756e+16	83.8112	50.6606	69.8704	25.8281	84.1077	14.2759	
146000	-158770	-1186.65	-112043	-28231.5	0.0855782	1	0.185687	10.7708	2.58385	0.000655692	18.9661	0.331719	8151	99	711	-95745.6	59.949f	51.277	4	1	1	0.0594059	0.0792079	0.049505	9.90099e-09	0	0	0	0	0.854545	0.96328	0.25	0.557143	0.88848	9.90099e-09	0.0891089	9.90099e-09	1	0.120245	0.300562	0.666667	0.666667	1.5	0.666667	1	16834.1	1e+20	1.05756e+16	83.8112	50.6606	69.8704	25.8281	59.949	51.277	
147000	-159137	-1186.65	-112410	-28352.7	0.0845503	1	0.181289	11.0321	2.30011	0.0100153	18.5893	0.381681	8200	99	699	-95745.6	84.1368f	22.7787	4	1	1	0.0594059	0.0792079	0.049505	9.90099e-09	0	0	0	0	0.872727	0.959854	0.259124	0.546099	0.889294	9.90099e-09	0.0891089	9.90099e-09	1	0.0859564	0.302534	0.666667	0.666667	1.5	0.666667	1	16834.1	1e+20	1.05756e+16	64.2961	24.0017	69.8704	25.8281	84.1368	22.7787	
148000	-159496	-1186.65	-112770	-28442.9	0.0861955	1	0.183757	10.884	2.42913	0.00507953	18.6908	0.356554	8237	99	695	-95745.6	62.2149f	21.2581	4	1	1	0.0594059	0.0792079	0.049505	9.90099e-09	0	0	0	0	0.918182	0.969734	0.226667	0.546099	0.906098	9.90099e-09	0.0891089	9.90099e-09	1	0.110437	0.30814	0.666667	0.666667	1.5	0.666667	1	16834.1	1e+20	1.05756e+16	64.2961	24.0017	69.8704	25.8281	62.2149	21.2581	
149000	-161243	-1186.65	-114516	-28822.8	0.0861955	1	0.17694	11.3033	2.33902	0.00397398	18.6908	0.384557	8392	99	677	-95745.6	76.1183f	42.7378	4	1	1	0.029703	0.0792079	0.049505	9.90099e-09	0	0	0	0	0.936364	0.970273	0.277712	0.442748	0.893921	9.90099e-09	0.0891089	9.90099e-09	1	0.123957	0.320896	0.666667	0.666667	1.5	0.666667	1	16834.1	1e+20	1.05756e+16	64.2961	24.0017	69.8704	25.8281	76.1183	42.7378	
150000	-160392	-1186.65	-113666	-28670.5	0.0872955	1	0.17694	11.3033	2.39486	0.0047401	18.7419	0.375591	8330	99	668	-95745.6	62.9823f	22.8001	4	1	1	0.029703	0.0792079	0.049505	9.90099e-09	0	0	0	0	0.872727	0.969916	0.248798	0.565217	0.905615	9.90099e-09	0.148515	9.90099e-09	1	0.123059	0.293413	0.666667	0.666667	1.5	0.666667	1	16834.1	1e+20	1.05756e+16	64.2961	24.0017	69.8704	25.8281	62.9823	22.8001	
151000	-164171	-1186.65	-117444	-29166.6	0.0868251	1	0.17694	11.3033	3.08632	0.00824587	19.9959	0.291443	8533	99	789	-95745.6	45.5238f	10.2276	4	1	1	0.029703	0.0891089	0.0891089	9.90099e-09	0	0	0	0	0.881818	0.952996	0.267373	0.520833	0.888367	9.90099e-09	0.148515	9.90099e-09	1	0.103044	0.283422	0.666667	0.666667	1.5	0.666667	1	16834.1	1e+20	1.05756e+16	79.0034	10.9689	69.8704	25.8281	45.5238	10.2276	
152000	-162089	-1186.65	-115362	-28756	0.0868251	1	0.194764	10.2688	3.00954	0.00594489	19.3992	0.271525	8365	99	778	-95745.6	48.0413f	16.0833	4	1	1	0.029703	0.0891089	0.0891089	9.90099e-09	0	0	0	0	0.863636	0.966587	0.253874	0.5	0.889157	9.90099e-09	0.148515	9.90099e-09	1	0.110846	0.292092	0.666667	0.666667	1.5	0.666667	1	16834.1	1e+20	1.05756e+16	79.0034	10.9689	69.8704	25.8281	48.0413	16.0833	
153000	-162497	-1186.65	-115770	-28727	0.0880648	1	0.196133	10.1972	3.27717	0.00643699	19.7122	0.247611	8353	99	830	-95745.6	66.4267f	18.9322	4	1	1	0.029703	0.0891089	0.0891089	9.90099e-09	0	0	0	0	0.890909	0.940405	0.25895	0.481928	0.893921	9.90099e-09	0.148515	9.90099e-09	1	0.129917	0.316867	0.666667	0.666667	1.5	0.666667	1	16834.1	1e+20	1.05756e+16	79.0034	10.9689	69.8704	25.8281	66.4267	18.9322	
154000	-163581	-1186.65	-116854	-28897	0.0880648	1	0.207865	9.62165	3.47319	0.00800114	19.7122	0.22045	8423	99	850	-95745.6	88.5106f	46.504	4	1	1	0.029703	0.0891089	0.0891089	9.90099e-09	0	0	0	0	0.927273	0.939286	0.286564	0.578313	0.883472	9.90099e-09	0.148515	9.90099e-09	1	0.145907	0.265931	0.666667	0.666667	1.5	0.666667	1	16834.1	1e+20	1.05756e+16	79.0034	10.9689	69.2164	57.2183	88.5106	46.504	
155000	-163526	-1186.65	-116799	-29064.6	0.0881624	1	0.207851	9.6223	3.25352	0.00637057	19.3877	0.235351	8492	99	775	-95745.6	82.9316f	59.4512	4	1	1	0.029703	0.0891089	0.0891089	9.90099e-09	0	0	0	0	0.881818	0.964623	0.285882	0.457317	0.877647	9.90099e-09	0.148515	9.90099e-09	1	0.108235	0.298654	0.666667	0.666667	1.5	0.666667	1	16834.1	1e+20	1.05756e+16	79.0034	10.9689	69.2164	57.2183	82.9316	59.4512	
156000	-162584	-1186.65	-115857	-28979.6	0.0881624	1	0.184573	10.8358	2.88915	0.00118134	19.3877	0.298458	8457	99	725	-95745.6	51.4465f	35.1821	4	1	1	0.0693069	0.0891089	0.0891089	9.90099e-09	0	0	0	0	0.872727	0.969376	0.249706	0.513699	0.880562	9.90099e-09	0.148515	9.90099e-09	1	0.121749	0.288462	0.666667	0.666667	1.5	0.666667	1	16834.1	1e+20	1.05756e+16	79.0034	10.9689	69.2164	57.2183	51.4465	35.1821	
157000	-163947	-1186.65	-117220	-29179.8	0.0874838	1	0.18556	10.7782	3.12675	0.010298	19.7864	0.27431	8539	99	764	-95745.6	90.9216f	33.5189	4	1	1	0.0693069	0.0891089	0.0891089	9.90099e-09	0	0	0	0	0.854545	0.963912	0.271777	0.532468	0.875289	9.90099e-09	0.0891089	9.90099e-09	1	0.130081	0.313316	0.666667	0.666667	1.5	0.666667	1	16834.1	1e+20	1.05756e+16	89.68	22.9749	86.7238	24.9694	90.9216	33.5189	
158000	-163064	-1186.65	-116337	-28972.8	0.0873738	1	0.18556	10.7782	3.12282	0.015708	19.7864	0.274656	8454	99	771	-95745.6	82.4194f	5.69604	4	1	1	0.0693069	0.0891089	0.049505	9.90099e-09	0	0	0	0	0.872727	0.960993	0.257683	0.519231	0.889406	9.90099e-09	0.0891089	9.90099e-09	1	0.134752	0.280156	0.666667	0.666667	1.5	0.666667	1	16834.1	1e+20	1.05756e+16	89.68	22.9749	86.7238	24.9694	82.4194	5.69604	
159000	-161106	-1186.65	-114379	-28692.5	0.0873738	1	0.188661	10.601	3.175	0.00797048	19.7864	0.265701	8339	99	721	-95745.6	79.7147f	24.8532	4	1	1	0.0693069	0.0891089	0.049505	9.90099e-09	0	0	0	0	0.9	0.964158	0.246411	0.567742	0.902031	9.90099e-09	0.0891089	9.90099e-09	1	0.121103	0.29681	0.666667	0.666667	1.5	0.666667	1	16834.1	1e+20	1.05756e+16	89.68	22.9749	86.7238	24.9694	79.7147	24.8532	
160000	-161512	-1186.65	-114786	-28573	0.0873738	1	0.188661	10.601	3.25211	0.00261588	19.9055	0.259401	8290	99	806	-95745.6	68.5979f	60.7686	4	1	1	0.0693069	0.0891089	0.049505	9.90099e-09	0	0	0	0	0.9	0.966265	0.286232	0.522013	0.89759	9.90099e-09	0.0891089	9.90099e-09	1	0.114458	0.292135	0.666667	0.666667	1.5	0.666667	1	16834.1	1e+20	1.05756e+16	89.68	22.9749	86.7238	24.9694	68.5979	60.7686	
161000	-161400	-1186.65	-114674	-28692.5	0.0873738	1	0.180869	11.0577	3.11778	0.0154008	19.9055	0.282236	8339	99	747	-95745.6	97.4585f	23.9916	4	1	1	0.0693069	0.0891089	0.049505	9.90099e-09	0	0	0	0	0.845455	0.963007	0.279712	0.458333	0.915577	9.90099e-09	0.0891089	9.90099e-09	1	0.0972389	0.288251	0.666667	0.666667	1.5	0.666667	1	16834.1	1e+20	1.05756e+16	76.9135	24.0343	86.7238	24.9694	97.4585	23.9916	
162000	-158714	-1186.65	-111988	-28246.6	0.0860636	1	0.180869	11.0577	2.90534	0.00485405	19.6314	0.302873	8157	99	693	-95745.6	69.7109f	26.8948	4	1	1	0.0693069	0.0891089	0.049505	9.90099e-09	0	0	0	0	0.918182	0.965728	0.266504	0.517007	0.893252	9.90099e-09	0.0891089	9.90099e-09	1	0.112469	0.25974	0.666667	0.666667	1.5	0.666667	1	16834.1	1e+20	1.05756e+16	76.9135	24.0343	86.7238	24.9694	69.7109	26.8948	
163000	-161754	-1186.65	-115027	-28741.2	0.0871623	1	0.175088	11.4228	2.84838	0.00303191	19.6314	0.319129	8359	99	755	-95745.6	71.0034f	39.0516	4	1	1	0.029703	0.0891089	0.049505	9.90099e-09	0	0	0	0	0.854545	0.964115	0.2506	0.55	0.893541	9.90099e-09	0.0891089	9.90099e-09	1	0.113636	0.299338	0.666667	0.666667	1.5	0.666667	1	16834.1	1e+20	1.05756e+16	76.9135	24.0343	86.7238	24.9694	71.0034	39.0516	
164000	-160885	-1186.65	-114158	-28612.2	0.0876261	1	0.175088	11.4228	2.86354	0.0155724	19.6314	0.31744	8306	99	725	-95745.6	92.6511f	16.0456	4	1	1	0.029703	0.0891089	0.049505	9.90099e-09	0	0	0	0	0.890909	0.968788	0.276442	0.47619	0.898917	9.90099e-09	0.0891089	9.90099e-09	1	0.104567	0.32	0.666667	0.666667	1.5	0.666667	1	16834.1	1e+20	1.05756e+16	76.9135	24.0343	86.7238	24.9694	92.6511	16.0456	
165000	-163652	-1186.65	-116925	-29018.8	0.0876261	1	0.183625	10.8918	3.00317	0.00854558	19.6314	0.288608	8473	99	808	-95745.6	69.7328f	14.621	4	1	1	0.029703	0.0594059	0.019802	9.90099e-09	0	0	0	0	0.918182	0.968235	0.257951	0.561728	0.878935	9.90099e-09	0.0891089	9.90099e-09	1	0.118963	0.286264	0.666667	0.666667	1.5	0.666667	1	16834.1	1e+20	1.05756e+16	76.9135	24.0343	86.7238	24.9694	69.7328	14.621	
166000	-162973	-1186.65	-116246	-29055.3	0.0876261	1	0.184972	10.8125	2.89512	0.00735374	19.4169	0.297199	8488	99	732	-95745.6	67.7646f	16.8911	4	1	1	0.029703	0.0594059	0.019802	9.90099e-09	0	0	0	0	0.9	0.980024	0.24735	0.436242	0.904594	9.90099e-09	0.0891089	9.90099e-09	1	0.113984	0.274563	0.666667	0.666667	1.5	0.666667	1	16834.1	1e+20	1.05756e+16	76.9135	24.0343	86.7238	24.9694	67.7646	16.8911	
167000	-162348	-1186.65	-115621	-28736.4	0.0876261	1	0.198981	10.0512	3.1144	0.00912747	19.4169	0.256822	8357	99	815	-95745.6	91.2951f	48.5503	4	1	1	0.029703	0.0594059	0.019802	9.90099e-09	0	0	0	0	0.890909	0.954654	0.253571	0.568047	0.870813	9.90099e-09	0.0891089	9.90099e-09	1	0.119332	0.300613	0.666667	0.666667	1.5	0.666667	1	16834.1	1e+20	1.05756e+16	76.9135	24.0343	86.7238	24.9694	91.2951	48.5503	
168000	-163512	-1186.65	-116786	-29026.1	0.0876261	1	0.198981	10.0512	2.98552	0.00895625	19.2128	0.267909	8476	99	797	-95745.6	90.8843f	48.0523	4	1	1	0.029703	0.0594059	0.019802	9.90099e-09	0	0	0	0	0.872727	0.950413	0.270047	0.512821	0.877527	9.90099e-09	0.0891089	9.90099e-09	1	0.116608	0.318003	0.666667	0.666667	1.5	0.666667	1	16834.1	1e+20	1.05756e+16	76.9135	24.0343	86.7238	24.9694	90.8843	48.0523	
169000	-163071	-1186.65	-116345	-28931.9	0.0848896	1	0.198981	10.0512	3.18271	0.0103172	19.678	0.251311	8435	99	795	-95745.6	91.7095f	63.4519	4	1	1	0.049505	0.0594059	0.019802	9.90099e-09	0	0	0	0	0.890909	0.975177	0.239571	0.493671	0.880615	9.90099e-09	0.0891089	9.90099e-09	1	0.122038	0.301299	0.666667	0.666667	1.5	0.666667	1	16834.1	1e+20	1.05756e+16	2.3215	17.8764	86.7238	24.9694	91.7095	63.4519	
170000	-158253	-1186.65	-111526	-27965.1	0.0848896	1	0.196496	10.1783	3.0722	0.0144752	19.5663	0.263643	8043	99	778	-95745.6	81.6144f	7.84896	4	1	1	0.049505	0.049505	0.019802	9.90099e-09	0	0	0	0	0.909091	0.946517	0.270237	0.516129	0.894147	9.90099e-09	0.0792079	9.90099e-09	1	0.136986	0.289203	0.666667	0.666667	1.5	0.666667	1	16834.1	1e+20	1.05756e+16	2.3215	17.8764	86.7238	24.9694	81.6144	7.84896	
171000	-160274	-1186.65	-113547	-28512	0.0853396	1	0.192356	10.3974	2.89851	0.0124904	19.361	0.285455	8265	99	721	-95745.6	92.3558f	25.9487	4	1	1	0.049505	0.049505	0.019802	9.90099e-09	0	0	0	0	0.890909	0.969734	0.252721	0.531469	0.885127	9.90099e-09	0.0792079	9.90099e-09	1	0.118501	0.276389	0.666667	0.666667	1.5	0.666667	1	16834.1	1e+20	1.05756e+16	2.3215	17.8764	86.7238	24.9694	92.3558	25.9487	
172000	-162677	-1186.65	-115951	-28906.9	0.0849979	1	0.184433	10.8441	2.76799	0.0148913	19.361	0.311758	8425	99	765	-95745.6	98.3747f	27.9381	4	1	1	0.049505	0.049505	0.049505	9.90099e-09	0	0	0	0	0.9	0.958726	0.243499	0.509934	0.903073	9.90099e-09	0.0792079	9.90099e-09	1	0.112293	0.293506	0.666667	0.666667	1.5	0.666667	1	16834.1	1e+20	1.05756e+16	2.3215	17.8764	86.7238	24.9694	98.3747	27.9381	
173000	-163272	-1186.65	-116545	-28953.1	0.087692	1	0.184433	10.8441	3.06907	0.00740398	19.7129	0.281174	8446	99	801	-95745.6	87.023f	52.3406	4	1	1	0.049505	0.049505	0.049505	9.90099e-09	0	0	0	0	0.863636	0.963183	0.267456	0.487013	0.891957	9.90099e-09	0.0792079	9.90099e-09	1	0.12114	0.298865	0.666667	0.666667	1.5	0.666667	1	16834.1	1e+20	1.05756e+16	2.3215	17.8764	86.7238	24.9694	87.023	52.3406	
174000	-165396	-1186.65	-118670	-29345	0.0891714	1	0.195357	10.2376	3.43129	0.00770096	19.8975	0.237429	8608	99	825	-95745.6	73.6264f	19.769	4	1	1	0.049505	0.049505	0.049505	9.90099e-09	0	0	0	0	0.918182	0.961538	0.285215	0.511905	0.875	9.90099e-09	0.0792079	9.90099e-09	1	0.125436	0.289697	0.666667	0.666667	1.5	0.666667	1	16834.1	1e+20	1.05756e+16	2.3215	17.8764	80.3889	5.4858	73.6264	19.769	
175000	-164627	-1186.65	-117901	-29178.3	0.0896265	1	0.182541	10.9564	3.22255	0.00670769	19.8975	0.270558	8539	99	821	-95745.6	62.8239f	16.4304	4	1	1	0.0990099	0.0693069	0.049505	9.90099e-09	0	0	0	0	0.890909	0.943728	0.282532	0.524691	0.887456	9.90099e-09	0.0792079	9.90099e-09	1	0.140023	0.291925	0.666667	0.666667	1.5	0.666667	1	16834.1	1e+20	1.05756e+16	49.6496	6.66075	80.3889	5.4858	62.8239	16.4304	
176000	-161509	-1186.65	-114782	-28597.4	0.0873785	1	0.183651	10.8902	3.16081	0.00605295	19.8975	0.274176	8300	99	797	-95745.6	49.4918f	15.7347	4	1	1	0.0990099	0.0693069	0.049505	9.90099e-09	0	0	0	0	0.918182	0.955582	0.282297	0.537037	0.883666	9.90099e-09	0.0792079	9.90099e-09	1	0.123947	0.294872	0.666667	0.666667	1.5	0.666667	1	16834.1	1e+20	1.05756e+16	49.6496	6.66075	80.3889	5.4858	49.4918	15.7347	
177000	-159667	-1186.65	-112941	-28543.3	0.0864889	1	0.164835	12.1334	2.80809	0.00974612	19.8975	0.343843	8278	99	648	-95745.6	80.9796f	20.0077	4	1	1	0.0990099	0.0693069	0.019802	9.90099e-09	0	0	0	0	0.890909	0.959135	0.230676	0.503876	0.918886	9.90099e-09	0.0792079	9.90099e-09	1	0.0990338	0.333333	0.666667	0.666667	1.5	0.666667	1	16834.1	1e+20	1.05756e+16	49.6496	6.66075	80.3889	5.4858	80.9796	20.0077	
178000	-161911	-1186.65	-115185	-28859.1	0.0864889	1	0.164835	12.1334	2.80809	0.006826	19.8975	0.343843	8407	99	716	-95745.6	67.0158f	18.0547	4	1	1	0.0990099	0.0693069	0.019802	9.90099e-09	0	0	0	0	0.945455	0.965476	0.275656	0.525926	0.892601	9.90099e-09	0.0792079	9.90099e-09	1	0.117857	0.310791	0.666667	0.666667	1.5	0.666667	1	16834.1	1e+20	1.05756e+16	49.6496	6.66075	67.1607	27.9992	67.0158	18.0547	
179000	-163271	-1186.65	-116545	-29257.9	0.0892458	1	0.165517	12.0833	2.58282	0.00332163	19.3136	0.372292	8572	99	663	-95745.6	69.6315f	34.6334	4	1	1	0.0990099	0.0693069	0.019802	9.90099e-09	0	0	0	0	0.881818	0.964953	0.267211	0.5	0.894299	9.90099e-09	0.0792079	9.90099e-09	1	0.101399	0.278125	0.666667	0.666667	1.5	0.666667	1	16834.1	1e+20	1.05756e+16	49.6496	6.66075	67.1607	27.9992	69.6315	34.6334	
180000	-163171	-1186.65	-116445	-29206.1	0.0877263	1	0.172419	11.5996	2.82363	0.00125159	19.6323	0.326909	8550	99	681	-95745.6	62.0397f	41.1513	4	1	1	0.0990099	0.0693069	0.019802	9.90099e-09	0	0	0	0	0.845455	0.969697	0.264261	0.553957	0.926573	9.90099e-09	0.0792079	9.90099e-09	1	0.100467	0.306902	0.666667	0.666667	1.5	0.666667	1	16834.1	1e+20	1.05756e+16	49.6496	6.66075	67.1607	27.9992	62.0397	41.1513	
181000	-161490	-1186.65	-114764	-28928.6	0.088169	1	0.159297	12.5552	2.65845	0.00113311	19.7003	0.375824	8436	99	644	-95745.6	61.1717f	41.274	4	1	1	0.0594059	0.0693069	0.019802	9.90099e-09	0	0	0	0	0.872727	0.974026	0.265957	0.507463	0.898104	9.90099e-09	0.0792079	9.90099e-09	1	0.116114	0.279874	0.666667	0.666667	1.5	0.666667	1	16834.1	1e+20	1.05756e+16	49.6496	6.66075	67.1607	27.9992	61.1717	41.274	
182000	-162718	-1186.65	-115991	-29154.8	0.0879144	1	0.160442	12.4656	2.66982	0.00716209	19.7003	0.371553	8529	99	653	-95745.6	51.7497f	12.7813	4	1	1	0.0594059	0.0693069	0.019802	9.90099e-09	0	0	0	0	0.909091	0.968273	0.23095	0.522388	0.919717	9.90099e-09	0.0792079	9.90099e-09	1	0.0902696	0.269985	0.666667	0.666667	1.5	0.666667	1	16834.1	1e+20	1.05756e+16	49.6496	6.66075	67.1607	27.9992	51.7497	12.7813	
183000	-162150	-1186.65	-115423	-28926.3	0.0876968	1	0.160442	12.4656	2.75329	0.00273692	19.8648	0.360289	8435	99	708	-95745.6	61.0799f	30.0977	4	1	1	0.0594059	0.0693069	0.0594059	9.90099e-09	0	0	0	0	0.845455	0.970273	0.277123	0.535714	0.906064	9.90099e-09	0.039604	9.90099e-09	1	0.0998811	0.278249	0.666667	0.666667	1.5	0.666667	1	16834.1	1e+20	1.05756e+16	49.6496	6.66075	67.1607	27.9992	61.0799	30.0977	
184000	-164146	-1186.65	-117419	-29286.9	0.0899467	1	0.167614	11.9322	2.94792	0.00615966	19.8611	0.322102	8584	99	733	-95745.6	78.5869f	31.4069	4	1	1	0.0594059	0.0693069	0.0594059	9.90099e-09	0	0	0	0	0.909091	0.953434	0.244186	0.528169	0.89627	0.009901	0.039604	9.90099e-09	1	0.10943	0.319001	0.666667	0.666667	1.5	0.666667	1	16834.1	1e+20	1.05756e+16	49.6496	6.66075	67.1607	27.9992	78.5869	31.4069	
185000	-166408	-1186.65	-119682	-29798.1	0.092431	1	0.148596	13.4593	2.70817	0.00232574	19.9026	0.395493	8797	99	711	-95745.6	69.6753f	54.9167	4	1	1	0.0594059	0.0693069	0.0594059	9.90099e-09	0	0	0	0	0.909091	0.968109	0.258542	0.574468	0.906712	0.009901	0.039604	9.90099e-09	1	0.10694	0.303797	0.666667	0.666667	1.5	0.666667	1	16834.1	1e+20	1.05756e+16	49.6496	6.66075	67.1607	27.9992	69.6753	54.9167	
186000	-171079	-1186.65	-124352	-30634.8	0.0940799	1	0.155592	12.8541	2.91305	0.00285042	19.9486	0.351143	9150	99	758	-95745.6	53.6979f	26.8855	4	1	1	0.0594059	0.0693069	0.0594059	9.90099e-09	0	0	0	0	0.890909	0.971585	0.230011	0.489933	0.917031	0.009901	0.039604	9.90099e-09	1	0.114629	0.312418	0.666667	0.666667	1.5	0.666667	1	16834.1	1e+20	1.05756e+16	46.2044	6.0389	67.1607	27.9992	53.6979	26.8855	
187000	-169745	-1186.65	-123019	-30502.4	0.0940799	1	0.155592	12.8541	2.91305	0.00831685	19.9486	0.351143	9094	99	697	-95745.6	84.3405f	68.9033	4	1	1	0.0594059	0.0990099	0.0594059	9.90099e-09	0	0	0	0	0.936364	0.971429	0.251096	0.617647	0.914823	0.009901	0.039604	9.90099e-09	1	0.11416	0.277228	0.666667	0.666667	1.5	0.666667	1	16834.1	1e+20	1.05756e+16	46.2044	6.0389	67.1607	27.9992	84.3405	68.9033	
188000	-168137	-1186.65	-121410	-30135.9	0.0929373	1	0.155592	12.8541	2.87767	0.00161599	19.9486	0.35546	8939	99	710	-95745.6	41.3424f	64.4107	4	1	1	0.0693069	0.0990099	0.0594059	9.90099e-09	0	0	0	0	0.845455	0.968539	0.271605	0.570423	0.919463	0.009901	0.039604	9.90099e-09	1	0.11745	0.320675	0.666667	0.666667	1.5	0.666667	1	16834.1	1e+20	1.05756e+16	46.2044	6.0389	74.1307	53.7317	41.3424	64.4107	
189000	-167820	-1186.65	-121093	-30008	0.0919496	1	0.160571	12.4555	2.93819	0.00193994	19.9486	0.337344	8885	99	743	-95745.6	68.3589f	51.9859	4	1	1	0.0693069	0.0990099	0.0594059	9.90099e-09	0	0	0	0	0.909091	0.975281	0.266517	0.50641	0.898763	0.009901	0.138614	9.90099e-09	1	0.101237	0.286658	0.666667	0.666667	1.5	0.666667	1	16834.1	1e+20	1.05756e+16	46.2044	6.0389	74.1307	53.7317	68.3589	51.9859	
190000	-170217	-1186.65	-123490	-30502.6	0.0939226	1	0.158822	12.5927	2.96855	0.00037282	19.9486	0.337571	9094	99	737	-95745.6	49.1778f	56.8303	4	1	1	0.0693069	0.0990099	0.0594059	9.90099e-09	0	0	0	0	0.927273	0.95719	0.26864	0.490446	0.900438	0.009901	0.138614	9.90099e-09	1	0.103297	0.298928	0.666667	0.666667	1.5	0.666667	1	16834.1	1e+20	1.05756e+16	46.2044	6.0389	74.1307	53.7317	49.1778	56.8303	
191000	-172069	-1186.65	-125342	-30724.9	0.0939226	1	0.16655	12.0084	3.14496	0.00603886	19.9996	0.30385	9188	99	812	-95745.6	69.1969f	77.0698	4	1	1	0.0693069	0.0990099	0.049505	9.90099e-09	0	0	0	0	0.890909	0.962923	0.254625	0.559211	0.88901	0.009901	0.138614	9.90099e-09	1	0.112078	0.279373	0.666667	0.666667	1.5	0.666667	1	16834.1	1e+20	1.05756e+16	46.2044	6.0389	74.1307	53.7317	69.1969	77.0698	
192000	-171918	-1186.65	-125191	-30739.3	0.0964784	1	0.178318	11.2159	3.41192	0.00347707	19.9316	0.261593	9195	99	787	-95745.6	70.0545f	64.8266	4	1	1	0.0693069	0.0990099	0.049505	9.90099e-09	0	0	0	0	0.9	0.957746	0.242391	0.554878	0.898913	0.009901	0.138614	9.90099e-09	1	0.126087	0.311309	0.666667	0.666667	1.5	0.666667	1	16834.1	1e+20	1.05756e+16	46.2044	6.0389	74.1307	53.7317	70.0545	64.8266	
193000	-175101	-1186.65	-128374	-31335.5	0.0984223	1	0.178318	11.2159	3.48067	0.00712438	19.9316	0.256427	9451	99	804	-95745.6	83.2272f	64.4613	4	1	1	0.0693069	0.0792079	0.049505	9.90099e-09	0	0	0	0	0.918182	0.959574	0.270878	0.525316	0.893162	0.009901	0.138614	9.90099e-09	1	0.114194	0.265997	0.666667	0.666667	1.5	0.666667	1	16834.1	1e+20	1.05756e+16	46.2044	6.0389	74.1307	53.7317	83.2272	64.4613	
194000	-174642	-1186.65	-127916	-31235.9	0.098639	1	0.170026	11.7629	3.32613	0.00207302	19.9316	0.281427	9408	99	810	-95745.6	68.9496f	46.4878	4	1	1	0.0693069	0.0792079	0.049505	9.90099e-09	0	0	0	0	0.872727	0.958466	0.25641	0.547619	0.896368	0.009901	0.138614	9.90099e-09	1	0.119022	0.297663	0.666667	0.666667	1.5	0.666667	1	16834.1	1e+20	1.05756e+16	46.2044	6.0389	74.1307	53.7317	68.9496	46.4878	
195000	-175766	-1186.65	-129040	-31471.7	0.0963201	1	0.179595	11.1361	3.35672	0.00434072	19.8232	0.264003	9508	99	808	-95745.6	78.1872f	47.8867	4	1	1	0.0693069	0.0792079	0.049505	9.90099e-09	0	0	0	0	0.863636	0.972603	0.255026	0.484663	0.896515	9.90099e-09	0.0891089	9.90099e-09	1	0.110876	0.288366	0.666667	0.666667	1.5	0.666667	1	16834.1	1e+20	1.05756e+16	46.2044	6.0389	74.1307	53.7317	78.1872	47.8867	
196000	-178571	-1186.65	-131844	-31879.2	0.10057	1	0.181356	11.028	3.57246	0.00157684	19.8696	0.245653	9687	99	880	-95745.6	65.6989f	54.875	4	1	1	0.0693069	0.0792079	0.049505	9.90099e-09	0	0	0	0	0.909091	0.971992	0.267286	0.520231	0.882414	9.90099e-09	0.0891089	9.90099e-09	1	0.123839	0.293466	0.666667	0.666667	1.5	0.666667	1	16834.1	1e+20	1.05756e+16	46.2044	6.0389	69.5378	50.7648	65.6989	54.875	
197000	-177804	-1186.65	