
# before rand glnL: -37233.701174 alnL: -1172.583962
# ninter: 99
# ncoal: 99
# nhits: 99
# true lbda: 0.003053
# true mu: 0.148732
# true rad: 65.846929
# true sigsq: 10.728501
# true neigh. size: 13.447000
# fst-based estimate of neighborhood size: -nan
# nucleotide diversity: 0.000000
# length of a generation: 17252.3 time units
# clock rate: 1 subst. per time unit
# after rand glnL: -37233.701174 alnL: -1172.583962
# ninter: 99
# ncoal: 99
# nhits: 99
# start lbda: 0.003053
# start mu: 0.148732
# start rad: 14.252547
sample	lnP	alnL	glnL	tlnL	lbda	clock	mu	neigh	sigsq	sigsqobs	rad	rhoe	nInt	nCoal	nHit	rootTime	rootLon	rootLat	tstv	alpha	MeanBr	accLbda	accMu	accRad	accInDelDisk	accInDelHit	accScaleTime	accSPR	accSPRlocal	accPath	accIndelDiskSerial	accIndelHitSerial	accLdskGivenDisk	accDiskGivenLdsk	accDiskAndLdsk	accLdskMulti	accDiskMulti	accMoveDiskUD	accAddRemoveJump	accLdskTipToRoot	tuneLbda	tuneRad	tuneMu	tuneIndelDisk	tuneIndelHit	tuneLdskGivenDisk	tuneIndelDiskSerial	tuneIndelHitSerial	c0	c1	rootc0	rootc1	rootldsk0	rootldsk1	
  1000	-52906.5	-1172.58	-6193.92	-1589.78	0.00800397	1	0.302361	6.61461	0.363917	0.0239306	18.599	1.44641	275	99	128	-32750.5	26.6077f	18.8648	4	1	1	0	0	0	0	0	0	0	0	0.981818	0.741935	0.162602	0.403846	0.50495	0	0	0	1	0.246032	0.29771	1	1	1	1	1	1.5	7.59375	0.197531	15.9934	64.5642	28.2539	13.0266	26.6077	18.8648	
  2000	-54749.3	-1172.58	-8036.71	-2202.03	0.0130464	1	0.217772	9.1839	0.500481	0.0158074	19.3496	1.46026	409	99	134	-32750.5	28.258f	27.2164	4	1	1	0	0	0	0	0	0	0	0	0.963636	0.95	0.25	0.5	0.758333	0	0	0	1	0.175	0.138686	1	1	1	1	1	2.25	291.929	0.131687	15.9934	64.5642	28.2539	13.0266	28.258	27.2164	
  3000	-56515.6	-1172.58	-9802.98	-2760.3	0.0146713	1	0.234314	8.53555	0.658105	0.00469884	19.7563	1.03211	540	99	133	-32750.5	47.5169f	33.5327	4	1	1	0	0	0	0	0	0	0	0	0.945455	0.962264	0.222222	0.509434	0.634328	0	0	0	1	0.12037	0.275362	1	1	1	1	1	5.0625	25251.2	1.5	15.9934	64.5642	28.2539	13.0266	47.5169	33.5327	
  4000	-58313.5	-1172.58	-11600.9	-3222.21	0.0189938	1	0.236387	8.46069	0.859537	0.02572	19.7563	0.783305	656	99	160	-32750.5	22.0983f	20.7617	4	1	1	0	0	0	0	0	0	0	0	0.945455	0.878788	0.244275	0.5	0.755725	0	0	0	1	0.174242	0.113095	1	1	1	1	1	17.0859	7.37155e+06	86.4976	15.9934	64.5642	28.2539	13.0266	22.0983	20.7617	
  5000	-60628.6	-1172.58	-13916	-3891.63	0.0249517	1	0.203003	9.85208	1.01578	0.0229496	19.987	0.771823	833	99	164	-32750.5	28.373f	18.6127	4	1	1	0	0	0	0	0	0	0	0	0.936364	0.884848	0.236364	0.5	0.75	0	0	0	1	0.138554	0.258824	1	1	1	1	1	38.4434	3.22796e+09	2216.84	70.2681	93.2689	28.2539	13.0266	28.373	18.6127	
  6000	-62913.1	-1172.58	-16200.5	-4457.82	0.0294673	1	0.186309	10.7348	1.04162	0.00980725	19.712	0.82012	991	99	187	-32750.5	25.4585f	46.7275	4	1	1	0.207921	0	0.0792079	0	0	0	0	0	0.9	0.899497	0.295337	0.485981	0.848649	0	0	0	1	0.17	0.183784	0.666667	0.666667	1	1	1	194.62	7.15586e+12	25251.2	70.2681	93.2689	28.2539	13.0266	25.4585	46.7275	
  7000	-64782.7	-1172.58	-18070.1	-4898.22	0.0312243	1	0.229557	8.71242	1.35993	0.00341874	19.712	0.509815	1118	99	210	-32750.5	54.8157f	36.7364	4	1	1	0.207921	0	0.0792079	0	0	0	0	0	0.9	0.918919	0.241071	0.452174	0.803571	0	0	0.0594059	1	0.151786	0.256545	0.666667	0.666667	1	1	1	437.894	3.08732e+18	4987.89	70.2681	93.2689	28.2539	13.0266	54.8157	36.7364	
  8000	-66723.7	-1172.58	-20011.1	-5336.42	0.0367381	1	0.229557	8.71242	1.60008	0.0515733	19.712	0.433299	1251	99	233	-32750.5	15.907f	3.64977	4	1	1	0.207921	0.277228	0.0792079	0	0	0	0	0	0.909091	0.968	0.306452	0.495652	0.780488	0	0.148515	0.0594059	1	0.126984	0.243697	0.666667	0.666667	1.5	1	1	4987.89	1e+20	2.4879e+07	70.2681	93.2689	28.2539	13.0266	15.907	3.64977	
  9000	-67257.2	-1172.58	-20544.7	-5539.76	0.039527	1	0.250209	7.99331	1.65038	0.0411386	19.0895	0.38542	1314	99	213	-32750.5	9.82107f	18.0372	4	1	1	0.207921	0.277228	0.0792079	0	0	0	0	0	0.945455	0.969697	0.227273	0.53719	0.835821	0	0.148515	0.0594059	1	0.0984849	0.157205	0.666667	0.666667	1.5	1	1	11222.7	1e+20	8.39666e+07	70.2681	93.2689	28.2539	13.0266	9.82107	18.0372	
 10000	-67682.4	-1172.58	-20969.8	-5636.27	0.0399094	1	0.218836	9.13928	1.75568	0.0342174	19.9991	0.414244	1344	99	213	-32750.5	13.1578f	21.2044	4	1	1	0.207921	0.277228	0.0792079	0	0	0	0	0	0.963636	0.925373	0.298507	0.5	0.835821	0	0.148515	0.0594059	1	0.155556	0.35545	0.666667	0.666667	1.5	1	1	37876.8	1e+20	1.24094e+11	70.2681	93.2689	28.2539	13.0266	13.1578	21.2044	
 11000	-68445.3	-1172.58	-21732.7	-5782.64	0.0438799	1	0.213977	9.34678	1.8875	0.0198248	19.9991	0.394063	1390	99	233	-32750.5	33.8791f	18.5262	4	1	1	0.207921	0.277228	0.0792079	0	0	0	0	0	0.881818	0.920863	0.244604	0.459677	0.834532	0	0.148515	0.0594059	1	0.142857	0.310924	0.666667	0.666667	1.5	1	1	37876.8	1e+20	1.24094e+11	70.2681	93.2689	28.2539	13.0266	33.8791	18.5262	
 12000	-69983.5	-1172.58	-23270.9	-6177.62	0.0469054	1	0.197419	10.1307	1.86151	0.00981829	19.9991	0.433077	1517	99	231	-32750.5	43.9534f	26.1511	4	1	1	0.207921	0.277228	0.0792079	0	0	0	0	0	0.918182	0.932886	0.255034	0.514851	0.899329	0	0.148515	0.0594059	1	0.114094	0.291667	0.666667	0.666667	1.5	1	1	37876.8	1e+20	1.24094e+11	70.2681	93.2689	28.2539	13.0266	43.9534	26.1511	
 13000	-71054.3	-1172.58	-24341.7	-6434.32	0.0471475	1	0.215197	9.29383	2.03961	0.0306804	19.9991	0.362608	1601	99	233	-32750.5	45.6759f	5.97789	4	1	1	0.207921	0.168317	0.0792079	0	0	0	0	0	0.918182	0.937888	0.291925	0.556604	0.839506	0.039604	0.148515	9.90099e-09	1	0.130435	0.26506	0.666667	0.666667	1.5	1	1	37876.8	1e+20	1.24094e+11	70.2681	93.2689	28.2539	13.0266	45.6759	5.97789	
 14000	-73472	-1172.58	-26759.4	-6914.4	0.0533049	1	0.230013	8.69515	2.46475	0.0328364	19.9991	0.280733	1763	99	272	-32750.5	32.3484f	7.78557	4	1	1	0.207921	0.168317	0.029703	0.039604	0	0	0	0	0.9	0.944134	0.223464	0.490741	0.862857	0.039604	0.158416	9.90099e-09	1	0.141243	0.227612	0.666667	0.666667	1.5	1	1	37876.8	1e+20	1.24094e+11	70.2681	93.2689	21.6977	2.97397	32.3484	7.78557	
 15000	-73909.5	-1172.58	-27196.9	-7022.04	0.054973	1	0.217335	9.20238	2.03439	0.0582655	19.1861	0.359961	1800	99	272	-32750.5	5.21735f	8.25503	4	1	1	0.207921	0.168317	0.029703	0.039604	0	0	0	0	0.936364	0.932961	0.2	0.477064	0.797753	0.039604	0.158416	9.90099e-09	1	0.149171	0.302682	0.666667	0.666667	1.5	1	1	37876.8	1e+20	1.24094e+11	70.2681	93.2689	21.6977	2.97397	5.21735	8.25503	
 16000	-76272.7	-1172.58	-29560.2	-7521.63	0.0595943	1	0.217335	9.20238	2.15619	0.022733	19.0781	0.339628	1975	99	296	-32750.5	61.1825f	13.6182	4	1	1	0.207921	0.168317	0.029703	0.039604	0	0	0	0	0.9	0.915	0.265	0.542373	0.835	0.039604	0.158416	9.90099e-09	1	0.141414	0.236301	0.666667	0.666667	1.5	1	1	37876.8	1e+20	1.24094e+11	70.2681	93.2689	21.6977	2.97397	61.1825	13.6182	
 17000	-76631.4	-1172.58	-29918.8	-7552.63	0.0616613	1	0.218287	9.16226	2.4906	0.0114152	19.5891	0.292744	1986	99	312	-32750.5	68.7517f	30.7019	4	1	1	0.207921	0.168317	0.029703	0.039604	0	0	0	0	0.9	0.909548	0.284264	0.540984	0.838384	0.039604	0.158416	9.90099e-09	1	0.120603	0.309524	0.666667	0.666667	1.5	1	1	37876.8	1e+20	1.24094e+11	82.8518	81.0616	71.8533	36.1929	68.7517	30.7019	
 18000	-77898.4	-1172.58	-31185.8	-7809.02	0.0615921	1	0.218287	9.16226	2.45868	0.0186278	19.5315	0.296545	2078	99	331	-32750.5	56.6288f	16.2949	4	1	1	0.128713	0.168317	0.029703	0.039604	0	0	0	0	0.918182	0.9375	0.278846	0.527132	0.818627	0.039604	0.158416	9.90099e-09	1	0.167488	0.254902	0.666667	0.666667	1.5	1	1	37876.8	1e+20	1.24094e+11	82.8518	81.0616	71.8533	36.1929	56.6288	16.2949	
 19000	-78059.7	-1172.58	-31347.1	-7874.61	0.0655277	1	0.218287	9.16226	2.61579	0.026576	19.5315	0.278734	2102	99	318	-32750.5	9.08228f	44.6593	4	1	1	0.128713	0.168317	0.029703	0.039604	0	0	0	0	0.936364	0.919431	0.247619	0.554688	0.796209	0.039604	0.158416	9.90099e-09	1	0.151659	0.2875	0.666667	0.666667	1.5	1	1	37876.8	1e+20	1.24094e+11	82.8518	81.0616	35.9109	24.7473	9.08228	44.6593	
 20000	-78685.7	-1172.58	-31973.2	-8010.87	0.0655277	1	0.228239	8.76276	2.73504	0.00633802	19.5315	0.254957	2152	99	322	-32750.5	34.521f	62.753	4	1	1	0.128713	0.0792079	0.029703	0.039604	0	0	0	0	0.945455	0.95814	0.237209	0.514563	0.859813	0.039604	0.0990099	9.90099e-09	1	0.15814	0.257764	0.666667	0.666667	1.5	1	1	37876.8	1e+20	1.24094e+11	82.8518	81.0616	29.07	39.1475	34.521	62.753	
 21000	-80185.2	-1172.58	-33472.6	-8446.28	0.0694913	1	0.189816	10.5365	2.4122	0.0289911	19.5315	0.347596	2314	99	281	-32750.5	7.04653f	45.9808	4	1	1	0.128713	0.0792079	0.049505	0.039604	0	0	0	0	0.854545	0.95279	0.25431	0.534884	0.836207	0.039604	0.0990099	9.90099e-09	1	0.155172	0.253086	0.666667	0.666667	1.5	1	1	37876.8	1e+20	1.24094e+11	41.5982	88.6913	29.07	39.1475	7.04653	45.9808	
 22000	-82560.5	-1172.58	-35847.9	-8978.52	0.0750764	1	0.175478	11.3974	2.54207	0.0336383	19.7953	0.356787	2518	99	273	-32750.5	4.46618f	60.1128	4	1	1	0.128713	0.0792079	0.049505	0.039604	0	0	0	0	0.890909	0.944444	0.241107	0.491667	0.892857	0.039604	0.0990099	9.90099e-09	1	0.130952	0.263158	0.666667	0.666667	1.5	1	1	37876.8	1e+20	1.24094e+11	41.5982	88.6913	29.07	39.1475	4.46618	60.1128	
 23000	-82800.4	-1172.58	-36087.8	-8944.86	0.0750764	1	0.175478	11.3974	2.54207	0.00246215	19.7953	0.356787	2505	99	306	-32750.5	43.1715f	60.167	4	1	1	0.128713	0.0792079	0.049505	0.039604	0	0	0	0	0.9	0.964143	0.301587	0.5	0.844622	0.039604	0.0990099	9.90099e-09	1	0.12253	0.25817	0.666667	0.666667	1.5	1	1	37876.8	1e+20	1.24094e+11	41.5982	88.6913	29.07	39.1475	43.1715	60.167	
 24000	-84866	-1172.58	-38153.5	-9310.61	0.0802743	1	0.201148	9.94295	2.87784	0.00244966	19.4062	0.274941	2649	99	343	-32750.5	38.6738f	53.7293	4	1	1	0.128713	0.0792079	0.049505	0.039604	0	0	0	0	0.918182	0.955056	0.254682	0.514563	0.838951	0.019802	0.0990099	9.90099e-09	1	0.131086	0.294294	0.666667	0.666667	1.5	1	1	37876.8	1e+20	1.24094e+11	41.5982	88.6913	29.07	39.1475	38.6738	53.7293	
 25000	-87321.9	-1172.58	-40609.4	-9762.27	0.0855143	1	0.198829	10.0589	3.03035	0.00164162	19.4062	0.264149	2831	99	369	-32750.5	44.0644f	43.0776	4	1	1	0.128713	0.0792079	0.049505	0.009901	0	0	0	0	0.890909	0.953901	0.222615	0.477477	0.819149	0.019802	0.128713	9.90099e-09	1	0.159574	0.290576	0.666667	0.666667	1.5	1	1	37876.8	1e+20	1.24094e+11	41.5982	88.6913	29.07	39.1475	44.0644	43.0776	
 26000	-86748.9	-1172.58	-40036.3	-9648.21	0.0821838	1	0.198829	10.0589	2.91233	0.0218341	19.4062	0.274853	2784	99	372	-32750.5	12.828f	46.3466	4	1	1	0.128713	0.0792079	0.049505	0.009901	0	0	0	0	0.909091	0.932143	0.223022	0.583333	0.841727	0.019802	0.128713	9.90099e-09	1	0.125	0.323288	0.666667	0.666667	1.5	1	1	37876.8	1e+20	1.24094e+11	41.5982	88.6913	29.07	39.1475	12.828	46.3466	
 27000	-89634.7	-1172.58	-42922.1	-10221.5	0.0906815	1	0.20206	9.89805	3.26568	0.0120865	19.4062	0.241194	3021	99	376	-32750.5	25.251f	38.0486	4	1	1	0.128713	0.0792079	0.029703	0.009901	0	0	0	0	0.936364	0.946488	0.278523	0.478632	0.815436	0.019802	0.128713	9.90099e-09	1	0.115512	0.259843	0.666667	0.666667	1.5	1	1	37876.8	1e+20	1.24094e+11	41.5982	88.6913	29.07	39.1475	25.251	38.0486	
 28000	-89980.5	-1172.58	-43267.9	-10255	0.0908587	1	0.210041	9.52195	3.80819	0.0421748	19.9623	0.198974	3035	99	393	-32750.5	32.8157f	99.8277	4	1	1	0.128713	0.0792079	0.029703	0.009901	0	0	0	0	0.890909	0.950495	0.298361	0.559322	0.871711	0.019802	0.128713	9.90099e-09	1	0.160656	0.251269	0.666667	0.666667	1.5	1	1	37876.8	1e+20	1.24094e+11	41.5982	88.6913	29.07	39.1475	32.8157	99.8277	
 29000	-91925	-1172.58	-45212.5	-10561.7	0.0944657	1	0.210041	9.52195	3.76216	0.00208704	19.7089	0.201409	3165	99	434	-32750.5	46.3622f	60.6745	4	1	1	0.128713	0.0792079	0.029703	0.009901	0	0	0	0	0.918182	0.940252	0.280374	0.548387	0.839623	0.019802	0.128713	9.90099e-09	1	0.129338	0.284424	0.666667	0.666667	1.5	1	1	37876.8	1e+20	1.24094e+11	41.5982	88.6913	29.07	39.1475	46.3622	60.6745	
 30000	-90675	-1172.58	-43962.4	-10509.8	0.0944657	1	0.170619	11.7221	3.05604	0.0185691	19.7089	0.305235	3143	99	342	-32750.5	17.8168f	62.6678	4	1	1	0.128713	0.0792079	0.029703	0.009901	0	0	0	0	0.872727	0.971609	0.258675	0.555556	0.88959	0.019802	0.128713	9.90099e-09	1	0.113565	0.30663	0.666667	0.666667	1.5	1	1	37876.8	1e+20	1.24094e+11	41.5982	88.6913	29.07	39.1475	17.8168	62.6678	
 31000	-93028.9	-1172.58	-46316.3	-10938.5	0.10403	1	0.159754	12.5193	3.15116	0.0114565	19.7089	0.316154	3328	99	360	-32750.5	51.325f	77.4678	4	1	1	0.138614	0.0792079	0.029703	0.009901	0	0	0	0	0.890909	0.960606	0.26506	0.485437	0.885886	0.019802	0.108911	9.90099e-09	1	0.123123	0.246377	0.666667	0.666667	1.5	1	1	37876.8	1e+20	1.24094e+11	41.5982	88.6913	33.3727	87.7	51.325	77.4678	
 32000	-95558.2	-1172.58	-48845.6	-11438	0.108744	1	0.159754	12.5193	3.29394	0.0108106	19.7089	0.30245	3550	99	359	-32750.5	32.7871f	70.0991	4	1	1	0.138614	0.0792079	0.029703	0.009901	0	0	0	0	0.9	0.955056	0.241573	0.46729	0.901685	0.019802	0.108911	9.90099e-09	1	0.11236	0.33046	0.666667	0.666667	1.5	1	1	37876.8	1e+20	1.24094e+11	41.5982	88.6913	33.3727	87.7	32.7871	70.0991	
 33000	-97394	-1172.58	-50681.4	-11699.8	0.108744	1	0.175071	11.424	3.60975	0.0170947	19.7089	0.251843	3668	99	402	-32750.5	30.3852f	77.0479	4	1	1	0.138614	0.0693069	0.029703	0.009901	0	0	0	0	0.863636	0.972752	0.244505	0.504274	0.86921	0.019802	0.108911	9.90099e-09	1	0.133515	0.346437	0.666667	0.666667	1.5	1	1	37876.8	1e+20	1.24094e+11	64.6527	99.6501	33.3727	87.7	30.3852	77.0479	
 34000	-98749.2	-1172.58	-52036.6	-11916.3	0.113237	1	0.175071	11.424	3.75889	0.0120292	19.7089	0.241851	3768	99	419	-32750.5	32.4857f	71.7835	4	1	1	0.138614	0.0693069	0.019802	0.009901	0	0	0	0	0.872727	0.96	0.250667	0.465649	0.843501	0.019802	0.108911	9.90099e-09	1	0.116711	0.259346	0.666667	0.666667	1.5	1	1	37876.8	1e+20	1.24094e+11	64.6527	99.6501	33.3727	87.7	32.4857	71.7835	
 35000	-99524.6	-1172.58	-52812	-12151	0.115608	1	0.176753	11.3152	3.87447	0.0161778	19.7089	0.232403	3877	99	378	-32750.5	43.1957f	81.9258	4	1	1	0.138614	0.0693069	0.019802	0.009901	0	0	0	0	0.881818	0.958442	0.255814	0.580645	0.870801	0.019802	0.108911	9.90099e-09	1	0.129534	0.351852	0.666667	0.666667	1.5	1	1	37876.8	1e+20	1.24094e+11	96.8324	80.8732	36.4147	77.9515	43.1957	81.9258	
 36000	-99333.9	-1172.58	-52621.3	-12056	0.115902	1	0.176174	11.3524	3.94003	0.0435621	19.7954	0.229287	3833	99	407	-32750.5	13.4145f	88.9053	4	1	1	0.138614	0.0693069	0.019802	0.009901	0	0	0	0	0.909091	0.963542	0.234211	0.478261	0.864583	0.019802	0.108911	9.90099e-09	1	0.0729167	0.312169	0.666667	0.666667	1.5	1	1	37876.8	1e+20	1.24094e+11	41.2344	88.3612	36.4147	77.9515	13.4145	88.9053	
 37000	-101447	-1172.58	-54734.6	-12362.1	0.121213	1	0.179518	11.1409	4.19879	0.0221557	19.7954	0.211148	3977	99	448	-32750.5	64.1108f	85.6342	4	1	1	0.118812	0.0693069	0.019802	0.009901	0	0	0	0	0.854545	0.9325	0.280702	0.489051	0.894737	0.019802	0.108911	9.90099e-09	1	0.135678	0.258929	0.666667	0.666667	1.5	1	1	37876.8	1e+20	1.24094e+11	21.6162	81.6547	36.4147	77.9515	64.1108	85.6342	
 38000	-100829	-1172.58	-54115.9	-12352.6	0.124167	1	0.166975	11.9778	4.0752	0.0149422	19.887	0.233894	3972	99	399	-32750.5	48.0416f	81.3429	4	1	1	0.118812	0.0693069	0.019802	9.90099e-09	0	0	0	0	0.863636	0.952261	0.254408	0.590164	0.899497	0.019802	0.108911	9.90099e-09	1	0.130982	0.269231	0.666667	0.666667	1.5	1	1	37876.8	1e+20	1.24094e+11	21.6162	81.6547	32.7344	62.6118	48.0416	81.3429	
 39000	-102069	-1172.58	-55356.6	-12507	0.124167	1	0.166975	11.9778	4.0752	0.013675	19.887	0.233894	4046	99	434	-32750.5	23.3602f	62.9842	4	1	1	0.118812	0.0693069	0.019802	9.90099e-09	0	0	0	0	0.836364	0.965517	0.283251	0.488189	0.896806	9.90099e-09	0.108911	9.90099e-09	1	0.120988	0.275626	0.666667	0.666667	1.5	1	1	37876.8	1e+20	1.24094e+11	19.4996	89.8106	32.7344	62.6118	23.3602	62.9842	
 40000	-101296	-1172.58	-54583.8	-12421	0.122294	1	0.166975	11.9778	4.01371	0.0203631	19.887	0.237477	4005	99	410	-32750.5	51.9691f	86.6506	4	1	1	0.118812	0.0693069	0.019802	9.90099e-09	0	0	0	0	0.909091	0.960199	0.241895	0.511811	0.895	9.90099e-09	0.108911	9.90099e-09	1	0.129353	0.305556	0.666667	0.666667	1.5	1	1	37876.8	1e+20	1.24094e+11	19.4996	89.8106	32.7344	62.6118	51.9691	86.6506	
 41000	-101975	-1172.58	-55262.8	-12413.9	0.12526	1	0.17687	11.3078	4.35466	0.0189155	19.887	0.206639	4001	99	469	-32750.5	21.8974f	70.9142	4	1	1	0.118812	0.0693069	0.029703	9.90099e-09	0	0	0	0	0.809091	0.957711	0.239401	0.449275	0.858911	9.90099e-09	0.108911	9.90099e-09	1	0.121588	0.277662	0.666667	0.666667	1.5	1	1	37876.8	1e+20	1.24094e+11	31.7401	99.1675	32.7344	62.6118	21.8974	70.9142	
 42000	-101926	-1172.58	-55213.5	-12452.5	0.122813	1	0.165554	12.0807	3.99644	0.00585275	19.887	0.240552	4020	99	447	-32750.5	31.5033f	46.2541	4	1	1	0.118812	0.0693069	0.029703	9.90099e-09	0	0	0	0	0.890909	0.967742	0.260546	0.577465	0.866005	9.90099e-09	0.108911	9.90099e-09	1	0.116625	0.275	0.666667	0.666667	1.5	1	1	37876.8	1e+20	1.24094e+11	31.7401	99.1675	32.7344	62.6118	31.5033	46.2541	
 43000	-99767.5	-1172.58	-53054.9	-12135.6	0.122622	1	0.176756	11.3151	4.26021	0.0135327	19.887	0.211357	3869	99	407	-32750.5	26.1521f	67.4625	4	1	1	0.0990099	0.0693069	0.029703	9.90099e-09	0	0	0	0	0.927273	0.958656	0.229381	0.476923	0.905128	9.90099e-09	0.108911	9.90099e-09	1	0.131443	0.287565	0.666667	0.666667	1.5	1	1	37876.8	1e+20	1.24094e+11	31.7401	99.1675	32.7344	62.6118	26.1521	67.4625	
 44000	-102677	-1172.58	-55964.8	-12586.8	0.122622	1	0.176756	11.3151	4.26021	0.00172048	19.887	0.211357	4084	99	449	-32750.5	41.1336f	54.1459	4	1	1	0.0990099	0.0693069	0.029703	9.90099e-09	0	0	0	0	0.872727	0.921376	0.237164	0.577778	0.855037	9.90099e-09	0.108911	9.90099e-09	1	0.151589	0.250554	0.666667	0.666667	1.5	1	1	37876.8	1e+20	1.24094e+11	40.1934	99.6219	32.7344	62.6118	41.1336	54.1459	
 45000	-102700	-1172.58	-55987	-12521.8	0.122622	1	0.193034	10.3609	4.65254	0.00574058	19.887	0.177214	4053	99	491	-32750.5	33.2996f	58.9839	4	1	1	0.0990099	0.0693069	0.029703	9.90099e-09	0	0	0	0	0.936364	0.946078	0.272277	0.465278	0.85468	9.90099e-09	0.108911	9.90099e-09	1	0.167488	0.303462	0.666667	0.666667	1.5	1	1	37876.8	1e+20	1.24094e+11	40.1934	99.6219	15.3545	58.2245	33.2996	58.9839	
 46000	-102546	-1172.58	-55833.5	-12486.1	0.119215	1	0.197521	10.1255	4.48772	0.0374085	19.7341	0.179548	4035	99	487	-32750.5	23.0788f	91.5996	4	1	1	0.0990099	0.0891089	0.029703	9.90099e-09	0	0	0	0	0.927273	0.975124	0.215	0.485714	0.86	9.90099e-09	0.108911	9.90099e-09	1	0.121287	0.271084	0.666667	0.666667	1.5	1	1	37876.8	1e+20	1.24094e+11	40.1934	99.6219	15.3545	58.2245	23.0788	91.5996	
 47000	-102644	-1172.58	-55931.6	-12528.6	0.119215	1	0.197521	10.1255	4.41508	0.0514803	19.6538	0.182502	4055	99	479	-32750.5	19.8978f	99.7588	4	1	1	0.0990099	0.0891089	0.029703	9.90099e-09	0	0	0	0	0.872727	0.958231	0.226044	0.550725	0.879607	9.90099e-09	0.108911	9.90099e-09	1	0.140394	0.256696	0.666667	0.666667	1.5	1	1	37876.8	1e+20	1.24094e+11	40.1934	99.6219	15.3545	58.2245	19.8978	99.7588	
 48000	-102126	-1172.58	-55413.6	-12436.8	0.119601	1	0.188631	10.6027	4.42931	0.00420619	19.8813	0.19049	4012	99	475	-32750.5	34.7159f	54.7734	4	1	1	0.0990099	0.0891089	0.039604	9.90099e-09	0	0	0	0	0.872727	0.970149	0.243781	0.556338	0.865672	9.90099e-09	0.108911	9.90099e-09	1	0.129353	0.26327	0.666667	0.666667	1.5	1	1	37876.8	1e+20	1.24094e+11	40.1934	99.6219	15.3545	58.2245	34.7159	54.7734	
 49000	-102355	-1172.58	-55642.9	-12496.5	0.123379	1	0.188631	10.6027	4.61012	0.0327063	19.9256	0.183019	4041	99	463	-32750.5	4.21083f	53.5532	4	1	1	0.0990099	0.0891089	0.039604	9.90099e-09	0	0	0	0	0.9	0.947761	0.212871	0.510638	0.88806	9.90099e-09	0.108911	9.90099e-09	1	0.119403	0.254945	0.666667	0.666667	1.5	1	1	37876.8	1e+20	1.24094e+11	40.1934	99.6219	15.3545	58.2245	4.21083	53.5532	
 50000	-101524	-1172.58	-54811.8	-12297.7	0.117657	1	0.188631	10.6027	4.39632	0.000991736	19.9256	0.191919	3946	99	485	-32750.5	45.9774f	44.8421	4	1	1	0.0990099	0.0891089	0.039604	9.90099e-09	0	0	0	0	0.872727	0.941624	0.265823	0.527778	0.870886	9.90099e-09	0.0792079	9.90099e-09	1	0.131646	0.256619	0.666667	0.666667	1.5	1	1	37876.8	1e+20	1.24094e+11	80.5943	97.0485	46.6712	35.4506	45.9774	44.8421	
 51000	-100248	-1172.58	-53535.4	-12161	0.120238	1	0.17736	11.2765	4.22434	0.00229336	19.9256	0.212425	3882	99	438	-32750.5	56.9062f	40.9494	4	1	1	0.049505	0.0891089	0.039604	9.90099e-09	0	0	0	0	0.845455	0.953368	0.234536	0.510949	0.867876	9.90099e-09	0.0792079	9.90099e-09	1	0.141388	0.28341	0.666667	0.666667	1.5	1	1	37876.8	1e+20	1.24094e+11	78.0516	65.7167	46.6712	35.4506	56.9062	40.9494	
 52000	-103180	-1172.58	-56467.2	-12617.6	0.126382	1	0.175039	11.426	4.38208	0.0197348	19.9256	0.207494	4099	99	481	-32750.5	74.832f	24.504	4	1	1	0.049505	0.029703	0.039604	9.90099e-09	0	0	0	0	0.818182	0.96577	0.265854	0.578571	0.855037	9.90099e-09	0.0792079	9.90099e-09	1	0.121951	0.301255	0.666667	0.666667	1.5	1	1	37876.8	1e+20	1.24094e+11	65.9549	82.5954	46.6712	35.4506	74.832	24.504	
 53000	-104026	-1172.58	-57313.5	-12795.5	0.126503	1	0.174958	11.4313	4.38423	0.024106	19.9256	0.207488	4185	99	469	-32750.5	53.4435f	10.9948	4	1	1	0.049505	0.029703	0.019802	9.90099e-09	0	0	0	0	0.854545	0.959233	0.277512	0.475806	0.866029	9.90099e-09	0.0792079	9.90099e-09	1	0.112172	0.266525	0.666667	0.666667	1.5	1	1	37876.8	1e+20	1.24094e+11	65.9549	82.5954	46.6712	35.4506	53.4435	10.9948	
 54000	-104613	-1172.58	-57900.6	-12893.7	0.129205	1	0.17654	11.3289	4.5381	0.00136137	19.9474	0.198657	4233	99	470	-32750.5	55.7457f	43.8866	4	1	1	0.049505	0.029703	0.019802	9.90099e-09	0	0	0	0	0.872727	0.955083	0.271868	0.507143	0.893868	9.90099e-09	0.0792079	9.90099e-09	1	0.125	0.285106	0.666667	0.666667	1.5	1	1	37876.8	1e+20	1.24094e+11	2.05771	33.6229	46.6712	35.4506	55.7457	43.8866	
 55000	-105819	-1172.58	-59106.2	-13089.2	0.131169	1	0.170627	11.7215	4.45279	0.0190535	19.9474	0.209479	4329	99	479	-32750.5	53.4102f	15.443	4	1	1	0.049505	0.029703	0.019802	9.90099e-09	0	0	0	0	0.918182	0.949309	0.277523	0.520833	0.88046	9.90099e-09	0.0990099	9.90099e-09	1	0.15103	0.283925	0.666667	0.666667	1.5	1	1	37876.8	1e+20	1.24094e+11	2.05771	33.6229	46.6712	35.4506	53.4102	15.443	
 56000	-105783	-1172.58	-59070.4	-13049.4	0.12902	1	0.177196	11.287	4.54844	0.0421586	19.9474	0.197471	4309	99	498	-32750.5	95.4131f	76.8916	4	1	1	0.049505	0.029703	0.019802	9.90099e-09	0	0	0	0	0.936364	0.956019	0.230947	0.558621	0.865741	9.90099e-09	0.0990099	9.90099e-09	1	0.145161	0.311715	0.666667	0.666667	1.5	1	1	37876.8	1e+20	1.24094e+11	2.05771	33.6229	46.6712	35.4506	95.4131	76.8916	
 57000	-104994	-1172.58	-58281.7	-12899.9	0.130012	1	0.179645	11.133	4.61023	0.0106347	19.908	0.192168	4236	99	503	-32750.5	73.1707f	38.0135	4	1	1	0.049505	0.029703	0.019802	9.90099e-09	0	0	0	0	0.845455	0.934426	0.297424	0.45098	0.88993	9.90099e-09	0.0990099	9.90099e-09	1	0.122066	0.292247	0.666667	0.666667	1.5	1	1	37876.8	1e+20	1.24094e+11	2.05771	33.6229	46.6712	35.4506	73.1707	38.0135	
 58000	-105246	-1172.58	-58533.2	-12961.1	0.130012	1	0.188059	10.635	4.82614	0.0026093	19.908	0.175359	4266	99	492	-32750.5	50.7058f	37.9658	4	1	1	0.118812	0.108911	0.019802	9.90099e-09	0	0	0	0	0.918182	0.925408	0.231308	0.544554	0.843823	9.90099e-09	0.0990099	9.90099e-09	1	0.138173	0.300388	0.666667	0.666667	1.5	1	1	37876.8	1e+20	1.24094e+11	26.3793	92.0191	46.6712	35.4506	50.7058	37.9658	
 59000	-105665	-1172.58	-58952.2	-13112.1	0.130012	1	0.178304	11.2168	4.5758	0.0298648	19.908	0.195071	4340	99	460	-32750.5	39.4487f	7.68456	4	1	1	0.118812	0.108911	0.019802	9.90099e-09	0	0	0	0	0.818182	0.963134	0.245413	0.486111	0.87239	9.90099e-09	0.0990099	9.90099e-09	1	0.135632	0.294239	0.666667	0.666667	1.5	1	1	37876.8	1e+20	1.24094e+11	26.3793	92.0191	46.6712	35.4506	39.4487	7.68456	
 60000	-104727	-1172.58	-58014.8	-12910.1	0.130012	1	0.166552	12.0083	4.24174	0.0139094	19.8701	0.225282	4241	99	474	-32750.5	73.297f	31.3689	4	1	1	0.118812	0.108911	0.019802	9.90099e-09	0	0	0	0	0.845455	0.943396	0.230588	0.582192	0.870892	9.90099e-09	0.0891089	9.90099e-09	1	0.141176	0.2827	0.666667	0.666667	1.5	1	1	37876.8	1e+20	1.24094e+11	26.3793	92.0191	46.6712	35.4506	73.297	31.3689	
 61000	-102870	-1172.58	-56157.9	-12723.2	0.127739	1	0.165095	12.1142	4.13112	0.00485343	19.8701	0.233355	4150	99	402	-32750.5	42.3763f	34.8926	4	1	1	0.118812	0.108911	0.019802	9.90099e-09	0	0	0	0	0.945455	0.951923	0.287105	0.560606	0.871671	9.90099e-09	0.0891089	9.90099e-09	1	0.120192	0.325871	0.666667	0.666667	1.5	1	1	37876.8	1e+20	1.24094e+11	26.3793	92.0191	46.6712	35.4506	42.3763	34.8926	
 62000	-104539	-1172.58	-57826.4	-12910.5	0.12766	1	0.186141	10.7445	4.65486	0.00896115	19.8701	0.183684	4241	99	456	-32750.5	26.7389f	45.9477	4	1	1	0.118812	0.108911	0.019802	9.90099e-09	0	0	0	0	0.881818	0.945626	0.252336	0.496403	0.865248	9.90099e-09	0.0891089	9.90099e-09	1	0.13785	0.275488	0.666667	0.666667	1.5	1	1	37876.8	1e+20	1.24094e+11	26.3793	92.0191	46.6712	35.4506	26.7389	45.9477	
 63000	-107121	-1172.58	-60408.7	-13301.9	0.139015	1	0.186141	10.7445	5.06889	0.0122813	19.8701	0.168681	4434	99	488	-32750.5	51.3381f	22.3413	4	1	1	0.118812	0.108911	0.019802	9.90099e-09	0	0	0	0	0.881818	0.928412	0.278027	0.460784	0.875	9.90099e-09	0.0891089	9.90099e-09	1	0.130045	0.292731	0.666667	0.666667	1.5	1	1	37876.8	1e+20	1.24094e+11	26.3793	92.0191	46.6712	35.4506	51.3381	22.3413	
 64000	-109391	-1172.58	-62678.4	-13674.9	0.138871	1	0.180057	11.1076	4.89814	0.0373997	19.8701	0.18046	4623	99	513	-32750.5	84.005f	14.4561	4	1	1	0.0594059	0.108911	0.019802	9.90099e-09	0	0	0	0	0.936364	0.94181	0.271949	0.527778	0.869379	9.90099e-09	0.0891089	9.90099e-09	1	0.126068	0.288499	0.666667	0.666667	1.5	1	1	37876.8	1e+20	1.24094e+11	26.3793	92.0191	46.6712	35.4506	84.005	14.4561	
 65000	-109731	-1172.58	-63018.1	-13709.6	0.140664	1	0.169418	11.8051	4.57484	0.0243844	19.77	0.205345	4641	99	514	-32750.5	11.3249f	42.1002	4	1	1	0.0594059	0.108911	0.019802	9.90099e-09	0	0	0	0	0.909091	0.963362	0.259179	0.514563	0.873118	9.90099e-09	0.0891089	9.90099e-09	1	0.118534	0.281184	0.666667	0.666667	1.5	1	1	37876.8	1e+20	1.24094e+11	26.3793	92.0191	46.6712	35.4506	11.3249	42.1002	
 66000	-108446	-1172.58	-61733.4	-13522.9	0.139189	1	0.169418	11.8051	4.52686	0.0176814	19.77	0.207522	4546	99	499	-32750.5	38.2441f	81.9968	4	1	1	0.0594059	0.108911	0.019802	9.90099e-09	0	0	0	0	0.9	0.938731	0.242888	0.482993	0.852747	0.009901	0.0891089	9.90099e-09	1	0.116228	0.255446	0.666667	0.666667	1.5	1	1	37876.8	1e+20	1.24094e+11	26.3793	92.0191	46.6712	35.4506	38.2441	81.9968	
 67000	-109513	-1172.58	-62800.2	-13764.5	0.140594	1	0.158674	12.6045	4.28256	0.00746768	19.77	0.234214	4669	99	474	-32750.5	50.6096f	28.6508	4	1	1	0.0594059	0.108911	0.019802	9.90099e-09	0	0	0	0	0.890909	0.949045	0.234043	0.532374	0.881607	0.009901	0.148515	9.90099e-09	1	0.135593	0.295359	0.666667	0.666667	1.5	1	1	37876.8	1e+20	1.24094e+11	26.3793	92.0191	46.635	39.6032	50.6096	28.6508	
 68000	-111722	-1172.58	-65009.2	-14102.2	0.149947	1	0.164595	12.151	4.73791	0.00899544	19.77	0.204087	4844	99	494	-32750.5	74.0189f	47.8953	4	1	1	0.0594059	0.108911	0.019802	9.90099e-09	0	0	0	0	0.854545	0.93595	0.243299	0.533784	0.912863	0.009901	0.148515	9.90099e-09	1	0.125773	0.325911	0.666667	0.666667	1.5	1	1	37876.8	1e+20	1.24094e+11	26.3793	92.0191	53.62	39.2688	74.0189	47.8953	
 69000	-113350	-1172.58	-66637.6	-14348.9	0.149947	1	0.164595	12.151	4.63399	0.0163483	19.6606	0.208664	4974	99	511	-32750.5	70.6942f	25.1929	4	1	1	0.0594059	0.108911	0.019802	9.90099e-09	0	0	0	0	0.836364	0.967677	0.249497	0.631068	0.865191	0.009901	0.148515	9.90099e-09	1	0.0945674	0.237425	0.666667	0.666667	1.5	1	1	37876.8	1e+20	1.24094e+11	26.3793	92.0191	53.62	39.2688	70.6942	25.1929	
 70000	-114380	-1172.58	-67667.2	-14496.8	0.155074	1	0.164595	12.151	4.79245	0.00798351	19.6606	0.201765	5053	99	523	-32750.5	65.9602f	34.3094	4	1	1	0.0594059	0.108911	0.019802	9.90099e-09	0	0	0	0	0.909091	0.966535	0.257426	0.462963	0.875494	0.009901	0.148515	9.90099e-09	1	0.12253	0.305344	0.666667	0.666667	1.5	1	1	37876.8	1e+20	1.24094e+11	26.3793	92.0191	63.7223	43.8393	65.9602	34.3094	
 71000	-113204	-1172.58	-66490.9	-14364.5	0.155074	1	0.164595	12.151	4.79245	0.000274013	19.6606	0.201765	4982	99	488	-32750.5	49.7364f	49.1606	4	1	1	0.0792079	0.029703	0.019802	9.90099e-09	0	0	0	0	0.881818	0.96008	0.262	0.50495	0.887795	0.009901	0.148515	9.90099e-09	1	0.0968379	0.28626	0.666667	0.666667	1.5	1	1	37876.8	1e+20	1.24094e+11	26.3793	92.0191	63.7223	43.8393	49.7364	49.1606	
 72000	-114463	-1172.58	-67750.1	-14567.8	0.153941	1	0.164595	12.151	4.75742	0.0283305	19.6606	0.20325	5091	99	492	-32750.5	8.42226f	40.7464	4	1	1	0.0792079	0.029703	0.019802	9.90099e-09	0	0	0	0	0.863636	0.961089	0.250973	0.534653	0.894118	0.009901	0.0990099	9.90099e-09	1	0.111765	0.309381	0.666667	0.666667	1.5	1	1	37876.8	1e+20	1.24094e+11	26.3793	92.0191	63.7223	43.8393	8.42226	40.7464	
 73000	-114856	-1172.58	-68143.3	-14556	0.151626	1	0.164595	12.151	4.75535	0.0114855	19.7331	0.203339	5084	99	533	-32750.5	37.343f	26.5093	4	1	1	0.0792079	0.029703	0.009901	9.90099e-09	0	0	0	0	0.863636	0.962672	0.262231	0.509091	0.892157	0.009901	0.0990099	9.90099e-09	1	0.111984	0.288073	0.666667	0.666667	1.5	1	1	37876.8	1e+20	1.24094e+11	26.3793	92.0191	58.24	29.1269	37.343	26.5093	
 74000	-114878	-1172.58	-68165.6	-14589	0.158744	1	0.160928	12.4279	4.86765	0.0173567	19.7331	0.203175	5102	99	520	-32750.5	80.0231f	35.1633	4	1	1	0.0792079	0.029703	0.009901	9.90099e-09	0	0	0	0	0.854545	0.960861	0.252941	0.439252	0.9	0.009901	0.0990099	9.90099e-09	1	0.101961	0.282692	0.666667	0.666667	1.5	1	1	37876.8	1e+20	1.24094e+11	26.3793	92.0191	58.24	29.1269	80.0231	35.1633	
 75000	-116403	-1172.58	-69690.1	-14926.1	0.158228	1	0.145949	13.7034	4.40024	0.0309232	19.7331	0.247824	5285	99	473	-32750.5	79.5477f	16.5016	4	1	1	0.0792079	0.029703	0.009901	9.90099e-09	0	0	0	0	0.890909	0.960076	0.251418	0.524476	0.89603	0.009901	0.0990099	9.90099e-09	1	0.113422	0.313333	0.666667	0.666667	1.5	1	1	37876.8	1e+20	1.24094e+11	26.3793	92.0191	58.24	29.1269	79.5477	16.5016	
 76000	-117180	-1172.58	-70467.9	-15046.9	0.16422	1	0.150407	13.2973	4.70636	0.0346024	19.7331	0.224836	5352	99	476	-32750.5	88.2843f	22.0959	4	1	1	0.0792079	0.029703	0.009901	9.90099e-09	0	0	0	0	0.890909	0.951493	0.25603	0.47651	0.896104	0.009901	0.0990099	9.90099e-09	1	0.110075	0.298805	0.666667	0.666667	1.5	1	1	37876.8	1e+20	1.24094e+11	26.3793	92.0191	37.5614	22.1628	88.2843	22.0959	
 77000	-117039	-1172.58	-70326.4	-14937.1	0.158363	1	0.161278	12.4009	4.89678	0.0346024	19.7637	0.201527	5291	99	520	-32750.5	88.2843f	22.0959	4	1	1	0.0792079	0.029703	0.009901	9.90099e-09	0	0	0	0	0.863636	0.971698	0.265537	0.471698	0.896226	0.019802	0.0990099	9.90099e-09	1	0.128302	0.287402	0.666667	0.666667	1.5	1	1	37876.8	1e+20	1.24094e+11	26.3793	92.0191	14.2609	4.39173	88.2843	22.0959	
 78000	-115446	-1172.58	-68733.2	-14704.9	0.158356	1	0.161278	12.4009	5.09629	0.00736418	19.9622	0.193638	5165	99	505	-32750.5	30.2713f	42.1164	4	1	1	0.0792079	0.0693069	0.009901	9.90099e-09	0	0	0	0	0.918182	0.947876	0.257692	0.527778	0.862333	0.019802	0.0990099	9.90099e-09	1	0.110251	0.294922	0.666667	0.666667	1.5	1	1	37876.8	1e+20	1.24094e+11	26.3793	92.0191	67.945	8.38001	30.2713	42.1164	
 79000	-113296	-1172.58	-66583.4	-14418.1	0.153586	1	0.158378	12.628	4.40421	0.00765008	19.4829	0.228169	5011	99	466	-32750.5	35.0484f	34.4272	4	1	1	0.0792079	0.0693069	0.029703	9.90099e-09	0	0	0	0	0.827273	0.956436	0.23506	0.52	0.881188	0.019802	0.0693069	9.90099e-09	1	0.123506	0.270876	0.666667	0.666667	1.5	1	1	37876.8	1e+20	1.24094e+11	26.3793	92.0191	67.945	8.38001	35.0484	34.4272	
 80000	-117125	-1172.58	-70412.8	-15023.4	0.162188	1	0.149201	13.4047	4.45365	0.0371187	19.5627	0.239514	5339	99	486	-32750.5	43.9785f	1.64754	4	1	1	0.0792079	0.0693069	0.029703	9.90099e-09	0	0	0	0	0.854545	0.960821	0.275093	0.465278	0.895717	0.019802	0.0693069	9.90099e-09	1	0.11236	0.319915	0.666667	0.666667	1.5	1	1	37876.8	1e+20	1.24094e+11	26.3793	92.0191	67.945	8.38001	43.9785	1.64754	
 81000	-117458	-1172.58	-70745.1	-15107	0.162188	1	0.149874	13.3445	4.25166	0.0184853	19.3153	0.249767	5385	99	470	-32750.5	55.0493f	16.1714	4	1	1	0.0792079	0.0693069	0.029703	9.90099e-09	0	0	0	0	0.890909	0.97963	0.215213	0.5	0.897959	0.019802	0.0693069	9.90099e-09	1	0.0927644	0.309524	0.666667	0.666667	1.5	1	1	37876.8	1e+20	1.24094e+11	26.3793	92.0191	67.945	8.38001	55.0493	16.1714	
 82000	-116694	-1172.58	-69981	-14956.1	0.162056	1	0.15486	12.9149	5.02547	0.0247547	19.9798	0.204505	5302	99	482	-32750.5	63.7971f	12.7021	4	1	1	0.0792079	0.0693069	0.029703	9.90099e-09	0	0	0	0	0.890909	0.966355	0.240602	0.586538	0.889306	0.019802	0.0693069	9.90099e-09	1	0.0996241	0.285996	0.666667	0.666667	1.5	1	1	37876.8	1e+20	1.24094e+11	26.3793	92.0191	67.945	8.38001	63.7971	12.7021	
 83000	-117300	-1172.58	-70587.7	-15057	0.160257	1	0.148992	13.4235	4.59682	0.000533122	19.7841	0.23238	5357	99	481	-32750.5	47.4114f	53.6922	4	1	1	0.049505	0.0693069	0.029703	9.90099e-09	0	0	0	0	0.9	0.95514	0.260708	0.543624	0.897388	0.019802	0.0693069	9.90099e-09	1	0.102804	0.273469	0.666667	0.666667	1.5	1	1	37876.8	1e+20	1.24094e+11	26.3793	92.0191	46.4653	33.1405	47.4114	53.6922	
 84000	-115907	-1172.58	-69194.5	-14778.7	0.160257	1	0.158683	12.6037	4.89581	0.00401096	19.7841	0.204864	5205	99	507	-32750.5	34.5414f	49.4195	4	1	1	0.049505	0.0693069	0.029703	0.009901	0	0	0	0	0.872727	0.954023	0.253359	0.514286	0.892308	0.019802	0.0693069	9.90099e-09	1	0.12069	0.260521	0.666667	0.666667	1.5	1	1	37876.8	1e+20	1.24094e+11	85.3425	86.89	46.4653	33.1405	34.5414	49.4195	
 85000	-117849	-1172.58	-71136.8	-15148.6	0.160257	1	0.151841	13.1717	4.68472	0.00185945	19.7841	0.223741	5407	99	481	-32750.5	40.82f	54.5639	4	1	1	0.049505	0.118812	0.029703	0.009901	0	0	0	0	0.890909	0.961326	0.243043	0.458333	0.906077	0.019802	0.0891089	9.90099e-09	1	0.104972	0.278008	0.666667	0.666667	1.5	1	1	37876.8	1e+20	1.24094e+11	85.3425	86.89	46.4653	33.1405	40.82	54.5639	
 86000	-117006	-1172.58	-70293.6	-14956.3	0.163514	1	0.151841	13.1717	4.77992	0.0091131	19.7841	0.219285	5302	99	507	-32750.5	32.0616f	34.5426	4	1	1	0.049505	0.118812	0.0594059	0.009901	0	0	0	0	0.872727	0.958412	0.262264	0.5	0.909434	0.019802	0.0891089	9.90099e-09	1	0.079096	0.258893	0.666667	0.666667	1.5	1	1	37876.8	1e+20	1.24094e+11	85.3425	86.89	46.4653	33.1405	32.0616	34.5426	
 87000	-117784	-1172.58	-71071.3	-15016.1	0.163514	1	0.168034	11.9024	5.28967	0.00581652	19.7841	0.179058	5335	99	545	-32750.5	32.2272f	43.9654	4	1	1	0.049505	0.118812	0.0594059	0.009901	0	0	0	0	0.881818	0.97026	0.227612	0.495413	0.883895	9.90099e-09	0.0891089	9.90099e-09	1	0.123596	0.290435	0.666667	0.666667	1.5	1	1	37876.8	1e+20	1.24094e+11	85.3425	86.89	46.4653	33.1405	32.2272	43.9654	
 88000	-118681	-1172.58	-71968.5	-15135.6	0.163514	1	0.161588	12.3772	5.03335	0.00679499	19.732	0.195684	5401	99	562	-32750.5	29.5816f	52.1999	4	1	1	0.049505	0.118812	0.0594059	0.009901	0	0	0	0	0.872727	0.955638	0.287037	0.59633	0.899441	9.90099e-09	0.0891089	9.90099e-09	1	0.109057	0.341198	0.666667	0.666667	1.5	1	1	37876.8	1e+20	1.24094e+11	85.3425	86.89	30.7471	46.9475	29.5816	52.1999	
 89000	-119140	-1172.58	-72427.1	-15271.4	0.163514	1	0.161742	12.3654	5.14856	0.00152962	19.8392	0.191122	5476	99	530	-32750.5	41.1625f	51.8425	4	1	1	0.049505	0.118812	0.0594059	0.009901	0	0	0	0	0.881818	0.965392	0.240437	0.504762	0.875912	9.90099e-09	0.0891089	9.90099e-09	1	0.0875912	0.335849	0.666667	0.666667	1.5	1	1	37876.8	1e+20	1.24094e+11	77.7388	92.222	39.1858	55.6587	41.1625	51.8425	
 90000	-119463	-1172.58	-72750.6	-15323.8	0.172613	1	0.153653	13.0163	5.00539	0.00806524	19.6858	0.206938	5505	99	526	-32750.5	31.3003f	62.821	4	1	1	0.029703	0.118812	0.0594059	0.009901	0	0	0	0	0.845455	0.961887	0.279707	0.583333	0.90146	9.90099e-09	0.0891089	9.90099e-09	1	0.128857	0.322222	0.666667	0.666667	1.5	1	1	37876.8	1e+20	1.24094e+11	77.7388	92.222	39.1858	55.6587	31.3003	62.821	
 91000	-120559	-1172.58	-73846.6	-15489.1	0.168954	1	0.165406	12.0915	5.27403	0.000821708	19.6858	0.182443	5599	99	531	-32750.5	54.0696f	45.6254	4	1	1	0.029703	0.0792079	0.0594059	0.009901	0	0	0	0	0.890909	0.976827	0.270463	0.526316	0.892086	9.90099e-09	0.108911	9.90099e-09	1	0.12656	0.343396	0.666667	0.666667	1.5	1	1	37876.8	1e+20	1.24094e+11	77.7388	92.222	39.1858	55.6587	54.0696	45.6254	
 92000	-122342	-1172.58	-75629.4	-15706.9	0.172333	1	0.162741	12.2895	5.50624	0.00349446	19.8813	0.17761	5723	99	565	-32750.5	43.9693f	63.5746	4	1	1	0.029703	0.0792079	0.049505	0.009901	0	0	0	0	0.890909	0.95979	0.202797	0.456897	0.903846	9.90099e-09	0.108911	9.90099e-09	1	0.0924956	0.271277	0.666667	0.666667	1.5	1	1	37876.8	1e+20	1.24094e+11	77.7388	92.222	39.1858	55.6587	43.9693	63.5746	
 93000	-123985	-1172.58	-77272.8	-15892.1	0.173612	1	0.173275	11.5424	5.90614	0.0143265	19.8813	0.155518	5829	99	615	-32750.5	37.6461f	78.0403	4	1	1	0.029703	0.0792079	0.049505	0.009901	0	0	0	0	0.909091	0.948365	0.244828	0.603306	0.886792	9.90099e-09	0.108911	9.90099e-09	1	0.123499	0.264368	0.666667	0.666667	1.5	1	1	37876.8	1e+20	1.24094e+11	93.05	46.6141	39.1858	55.6587	37.6461	78.0403	
 94000	-123675	-1172.58	-76961.9	-15873.7	0.182847	1	0.173275	11.5424	5.99212	0.00281234	19.6964	0.153287	5818	99	601	-32750.5	53.5788f	37.8773	4	1	1	0.029703	0.0792079	0.049505	0.009901	0	0	0	0	0.936364	0.94863	0.268836	0.524194	0.875433	9.90099e-09	0.108911	9.90099e-09	1	0.113014	0.257048	0.666667	0.666667	1.5	1	1	37876.8	1e+20	1.24094e+11	93.05	46.6141	39.1858	55.6587	53.5788	37.8773	
 95000	-124891	-1172.58	-78178.2	-16041.9	0.182775	1	0.170049	11.7613	5.87824	0.000354673	19.6964	0.159221	5917	99	609	-32750.5	48.0457f	48.8651	4	1	1	0.029703	0.0792079	0.049505	0.009901	0	0	0	0	0.890909	0.947279	0.244898	0.557377	0.876689	9.90099e-09	0.108911	9.90099e-09	1	0.118243	0.294118	0.666667	0.666667	1.5	1	1	37876.8	1e+20	1.24094e+11	93.05	46.6141	39.1858	55.6587	48.0457	48.8651	
 96000	-125463	-1172.58	-78750.6	-16193.3	0.181924	1	0.165198	12.1067	5.95137	0.0193162	19.9241	0.161883	6006	99	566	-32750.5	33.5853f	81.5805	4	1	1	0.118812	0.0792079	0.049505	0.009901	0	0	0	0	0.945455	0.961921	0.269103	0.477064	0.901338	9.90099e-09	0.108911	9.90099e-09	1	0.102007	0.309187	0.666667	0.666667	1.5	1	1	37876.8	1e+20	1.24094e+11	93.05	46.6141	39.1858	55.6587	33.5853	81.5805	
 97000	-125673	-1172.58	-78960.3	-16184.8	0.181924	1	0.166524	12.0102	5.4491	0.00970794	19.4508	0.175395	6001	99	596	-32750.5	31.1106f	66.3572	4	1	1	0.118812	0.0792079	0.049505	9.90099e-09	0	0	0	0	0.845455	0.958264	0.228715	0.466102	0.864775	9.90099e-09	0.0594059	9.90099e-09	1	0.118136	0.285714	0.666667	0.666667	1.5	1	1	37876.8	1e+20	1.24094e+11	93.05	46.6141	39.1858	55.6587	31.1106	66.3572	
 98000	-125335	-1172.58	-78622	-16159.2	0.181924	1	0.166524	12.0102	5.4491	0.00913429	19.4508	0.175395	5986	99	580	-32750.5	36.2597f	70.0777	4	1	1	0.118812	0.0891089	0.049505	9.90099e-09	0	0	0	0	0.936364	0.968386	0.19403	0.556452	0.874791	9.90099e-09	0.0594059	9.90099e-09	1	0.0998336	0.339041	0.666667	0.666667	1.5	1	1	37876.8	1e+20	1.24094e+11	93.05	46.6141	44.5548	58.2626	36.2597	70.0777	
 99000	-125716	-1172.58	-79003.6	-16229.1	0.181924	1	0.164979	12.1227	5.5972	0.0084458	19.6273	0.172353	6027	99	574	-32750.5	28.9683f	59.6523	4	1	1	0.118812	0.0891089	0.049505	9.90099e-09	0	0	0	0	0.818182	0.953566	0.240864	0.513043	0.90625	9.90099e-09	0.0594059	9.90099e-09	1	0.106136	0.283662	0.666667	0.666667	1.5	1	1	37876.8	1e+20	1.24094e+11	93.05	46.6141	44.5548	58.2626	28.9683	59.6523	
100000	-123430	-1172.58	-76717	-15910.3	0.181648	1	0.171298	11.6756	5.95098	0.00556013	19.7514	0.156128	5840	99	553	-32750.5	63.6378f	63.3459	4	1	1	0.118812	0.0891089	0.0693069	9.90099e-09	0	0	0	0	0.945455	0.962134	0.236707	0.508929	0.888124	9.90099e-09	0.0594059	9.90099e-09	1	0.106713	0.302026	0.666667	0.666667	1.5	1	1	37876.8	1e+20	1.24094e+11	93.05	46.6141	44.5548	58.2626	63.6378	63.3459	
101000	-124167	-1172.58	-77454.2	-16021.1	0.181648	1	0.165876	12.0572	5.63035	0.00966894	19.6371	0.170412	5905	99	554	-32750.5	35.4566f	30.4093	4	1	1	0.118812	0.0891089	0.0693069	9.90099e-09	0	0	0	0	0.863636	0.957912	0.266779	0.517241	0.864775	0.009901	0.0594059	9.90099e-09	1	0.13468	0.294224	0.666667	0.666667	1.5	1	1	37876.8	1e+20	1.24094e+11	80.912	39.1637	44.5548	58.2626	35.4566	30.4093	
102000	-126634	-1172.58	-79921.1	-16314.5	0.181648	1	0.164594	12.1511	5.37065	0.0083728	19.4443	0.180044	6077	99	609	-32750.5	51.6687f	73.4183	4	1	1	0.029703	0.0891089	0.0693069	9.90099e-09	0	0	0	0	0.827273	0.951505	0.254125	0.516949	0.892206	0.009901	0.0594059	9.90099e-09	1	0.0990099	0.259829	0.666667	0.666667	1.5	1	1	37876.8	1e+20	1.24094e+11	80.912	39.1637	51.894	86.1698	51.6687	73.4183	
103000	-125218	-1172.58	-78505	-16103	0.181648	1	0.177368	11.276	6.39316	0.0120143	19.9342	0.140355	5953	99	606	-32750.5	29.843f	69.2583	4	1	1	0.029703	0.0891089	0.0693069	9.90099e-09	0	0	0	0	0.836364	0.939597	0.229481	0.503937	0.849246	0.009901	0.0792079	9.90099e-09	1	0.0938023	0.274637	0.666667	0.666667	1.5	1	1	37876.8	1e+20	1.24094e+11	80.912	39.1637	51.894	86.1698	29.843	69.2583	
104000	-127179	-1172.58	-80466.1	-16392.3	0.185654	1	0.167815	11.9179	6.1822	0.00158154	19.9342	0.153407	6124	99	607	-32750.5	57.339f	44.3446	4	1	1	0.029703	0.0891089	0.0693069	9.90099e-09	0	0	0	0	0.854545	0.946254	0.257749	0.516129	0.884365	0.009901	0.0792079	9.90099e-09	1	0.115824	0.265546	0.666667	0.666667	1.5	1	1	37876.8	1e+20	1.24094e+11	80.912	39.1637	43.7486	58.5854	57.339	44.3446	
105000	-128907	-1172.58	-82194.9	-16570.7	0.189201	1	0.175412	11.4017	6.58555	0.019187	19.9342	0.137775	6231	99	657	-32750.5	64.0169f	82.7979	4	1	1	0.029703	0.128713	0.0693069	9.90099e-09	0	0	0	0	0.836364	0.94686	0.287319	0.522727	0.883387	0.009901	0.0792079	9.90099e-09	1	0.128411	0.290572	0.666667	0.666667	1.5	1	1	37876.8	1e+20	1.24094e+11	87.4542	51.6228	43.7486	58.5854	64.0169	82.7979	
106000	-129762	-1172.58	-83049.2	-16709.9	0.190534	1	0.179431	11.1463	5.97853	0.0137115	19.3143	0.148364	6315	99	649	-32750.5	33.2686f	74.7835	4	1	1	0.029703	0.128713	0.0693069	9.90099e-09	0	0	0	0	0.890909	0.968153	0.263492	0.580153	0.876582	0.009901	0.0792079	9.90099e-09	1	0.125	0.272036	0.666667	0.666667	1.5	1	1	37876.8	1e+20	1.24094e+11	87.4542	51.6228	43.5498	59.7853	33.2686	74.7835	
107000	-127405	-1172.58	-80692.5	-16471	0.18679	1	0.176244	11.3479	5.75695	0.0122129	19.3143	0.156861	6171	99	589	-32750.5	64.6848f	74.3589	4	1	1	0.029703	0.128713	0.0693069	9.90099e-09	0	0	0	0	0.854545	0.966019	0.274637	0.495798	0.870759	0.009901	0.0792079	9.90099e-09	1	0.10356	0.282137	0.666667	0.666667	1.5	1	1	37876.8	1e+20	1.24094e+11	87.4542	51.6228	43.5498	59.7853	64.6848	74.3589	
108000	-124397	-1172.58	-77684.5	-16034.8	0.18679	1	0.176244	11.3479	5.75695	0.00434355	19.3143	0.156861	5911	99	572	-32750.5	46.6136f	66.3742	4	1	1	0.029703	0.128713	0.0693069	9.90099e-09	0	0	0	0	0.890909	0.956229	0.216216	0.431034	0.876689	0.009901	0.0990099	9.90099e-09	1	0.121212	0.278459	0.666667	0.666667	1.5	1	1	37876.8	1e+20	1.24094e+11	87.4542	51.6228	40.796	66.7946	46.6136	66.3742	
109000	-126784	-1172.58	-80071.7	-16341.8	0.18679	1	0.179539	11.1396	6.06529	0.0288191	19.4774	0.146153	6094	99	604	-32750.5	19.8176f	81.1783	4	1	1	0.0594059	0.128713	0.0693069	9.90099e-09	0	0	0	0	0.845455	0.960912	0.263844	0.512195	0.890728	0.009901	0.0990099	9.90099e-09	1	0.124386	0.293132	0.666667	0.666667	1.5	1	1	37876.8	1e+20	1.24094e+11	87.4542	51.6228	40.796	66.7946	19.8176	81.1783	
110000	-130363	-1172.58	-83650.7	-16840.8	0.196752	1	0.179539	11.1396	5.95984	0.0191331	19.142	0.148739	6395	99	635	-32750.5	71.0533f	22.0628	4	1	1	0.0594059	0.049505	0.0693069	9.90099e-09	0	0	0	0	0.863636	0.954899	0.217391	0.545455	0.860248	0.009901	0.0990099	9.90099e-09	1	0.0978261	0.278116	0.666667	0.666667	1.5	1	1	37876.8	1e+20	1.24094e+11	87.4542	51.6228	40.796	66.7946	71.0533	22.0628	
111000	-129512	-1172.58	-82799.4	-16829.8	0.19784	1	0.158678	12.6041	5.53445	0.00702895	19.3534	0.18123	6388	99	562	-32750.5	29.7638f	45.2885	4	1	1	0.0594059	0.049505	0.039604	9.90099e-09	0	0	0	0	0.9	0.954545	0.239437	0.495935	0.899844	0.009901	0.0990099	9.90099e-09	1	0.111111	0.31338	0.666667	0.666667	1.5	1	1	37876.8	1e+20	1.24094e+11	87.4542	51.6228	40.796	66.7946	29.7638	45.2885	
112000	-130357	-1172.58	-83644.7	-16844.3	0.197485	1	0.158678	12.6041	5.68564	0.00357181	19.493	0.17641	6397	99	630	-32750.5	64.9528f	49.71	4	1	1	0.0594059	0.049505	0.039604	9.90099e-09	0	0	0	0	0.9	0.946708	0.246875	0.515873	0.902669	0.009901	0.0990099	9.90099e-09	1	0.1125	0.268293	0.666667	0.666667	1.5	1	1	37876.8	1e+20	1.24094e+11	87.4542	51.6228	40.796	66.7946	64.9528	49.71	
113000	-129116	-1172.58	-82403.5	-16699.9	0.190721	1	0.158678	12.6041	5.41929	0.0218625	19.4292	0.185081	6309	99	608	-32750.5	75.5544f	78.2077	4	1	1	0.0594059	0.049505	0.039604	9.90099e-09	0	0	0	0	0.854545	0.955626	0.215873	0.5	0.866242	0.009901	0.039604	9.90099e-09	1	0.130159	0.300163	0.666667	0.666667	1.5	1	1	37876.8	1e+20	1.24094e+11	87.4542	51.6228	40.796	66.7946	75.5544	78.2077	
114000	-130878	-1172.58	-84165.7	-16881.5	0.195066	1	0.182113	10.9822	6.33402	0.0115705	19.4083	0.137975	6420	99	660	-32750.5	49.406f	23.1724	4	1	1	0.0594059	0.049505	0.039604	9.90099e-09	0	0	0	0	0.881818	0.962675	0.231726	0.543307	0.880249	0.019802	0.039604	9.90099e-09	1	0.141524	0.322327	0.666667	0.666667	1.5	1	1	37876.8	1e+20	1.24094e+11	87.4542	51.6228	40.6034	77.8181	49.406	23.1724	
115000	-130848	-1172.58	-84135.1	-16904.3	0.195066	1	0.176915	11.3049	6.15322	0.00304192	19.4083	0.146202	6434	99	640	-32750.5	46.0204f	63.2582	4	1	1	0.0594059	0.049505	0.039604	9.90099e-09	0	0	0	0	0.845455	0.955108	0.260062	0.429688	0.85559	0.019802	0.039604	9.90099e-09	1	0.108696	0.326563	0.666667	0.666667	1.5	1	1	37876.8	1e+20	1.24094e+11	91.5566	67.16	40.6034	77.8181	46.0204	63.2582	
116000	-132145	-1172.58	-85432.2	-17030.2	0.195066	1	0.176915	11.3049	6.16745	0.00608966	19.4195	0.145865	6511	99	680	-32750.5	36.878f	64.708	4	1	1	0.0594059	0.049505	0.039604	9.90099e-09	0	0	0	0	0.9	0.945988	0.226154	0.484615	0.877301	0.019802	0.039604	9.90099e-09	1	0.0996933	0.305215	0.666667	0.666667	1.5	1	1	37876.8	1e+20	1.24094e+11	91.5566	67.16	40.6034	77.8181	36.878	64.708	
117000	-131480	-1172.58	-84767.9	-16953.4	0.195066	1	0.1906	10.4932	6.73506	0.00895058	19.4853	0.123981	6464	99	671	-32750.5	37.4825f	70.5941	4	1	1	0.0594059	0.049505	0.0891089	9.90099e-09	0	0	0	0	0.9	0.952087	0.260802	0.522727	0.875969	0.019802	0.039604	9.90099e-09	1	0.120556	0.321274	0.666667	0.666667	1.5	1	1	37876.8	1e+20	1.24094e+11	91.5566	67.16	40.6034	77.8181	37.4825	70.5941	
118000	-132135	-1172.58	-85422.1	-17085	0.205692	1	0.1906	10.4932	6.06851	0.00933609	18.7341	0.137599	6544	99	650	-32750.5	54.1687f	74.4706	4	1	1	0.0594059	0.049505	0.0891089	9.90099e-09	0	0	0	0	0.890909	0.947853	0.207951	0.593985	0.888037	0.019802	0.0693069	9.90099e-09	1	0.108563	0.32243	0.666667	0.666667	1.5	1	1	37876.8	1e+20	1.24094e+11	91.5566	67.16	40.6034	77.8181	54.1687	74.4706	
119000	-132980	-1172.58	-86267.9	-17194.6	0.20153	1	0.187066	10.6914	5.83547	0.0244332	18.7341	0.145798	6614	99	662	-32750.5	29.0852f	84.1264	4	1	1	0.0594059	0.049505	0.0891089	9.90099e-09	0	0	0	0	0.818182	0.962006	0.220877	0.519084	0.852584	0.019802	0.0693069	9.90099e-09	1	0.102874	0.348837	0.666667	0.666667	1.5	1	1	37876.8	1e+20	1.24094e+11	91.5566	67.16	40.6034	77.8181	29.0852	84.1264	
120000	-131094	-1172.58	-84381.1	-16902.7	0.197702	1	0.195332	10.239	5.9776	0.0198269	18.7341	0.136308	6433	99	666	-32750.5	29.6135f	79.689	4	1	1	0.0594059	0.049505	0.0891089	9.90099e-09	0	0	0	0	0.881818	0.956656	0.22205	0.470149	0.891135	0.019802	0.0693069	9.90099e-09	1	0.11646	0.318991	0.666667	0.666667	1.5	1	1	37876.8	1e+20	1.24094e+11	85.9799	73.7103	40.6034	77.8181	29.6135	79.689	
121000	-130986	-1172.58	-84273.6	-16935.1	0.197569	1	0.170336	11.7415	5.74096	0.0284868	19.195	0.162754	6453	99	630	-32750.5	43.1497f	92.8188	4	1	1	0.0792079	0.049505	0.0891089	9.90099e-09	0	0	0	0	0.809091	0.952381	0.270479	0.496183	0.888715	0.019802	0.0693069	9.90099e-09	1	0.120556	0.281392	0.666667	0.666667	1.5	1	1	37876.8	1e+20	1.24094e+11	85.9799	73.7103	40.6034	77.8181	43.1497	92.8188	
122000	-130985	-1172.58	-84272.2	-16899.3	0.197022	1	0.170336	11.7415	5.72506	0.0237526	19.195	0.163205	6431	99	652	-32750.5	11.3842f	56.0522	4	1	1	0.0792079	0.049505	0.0891089	9.90099e-09	0	0	0	0	0.854545	0.945568	0.239502	0.515385	0.896285	0.019802	0.0693069	9.90099e-09	1	0.104199	0.271756	0.666667	0.666667	1.5	1	1	37876.8	1e+20	1.24094e+11	85.9799	73.7103	6.62623	60.483	11.3842	56.0522	
123000	-130850	-1172.58	-84137.2	-16949.8	0.196283	1	0.161822	12.3593	5.4185	0.0288739	19.195	0.181512	6462	99	608	-32750.5	9.44766f	35.7885	4	1	1	0.0792079	0.049505	0.0891089	9.90099e-09	0	0	0	0	0.872727	0.950693	0.236842	0.559322	0.901082	0.019802	0.0693069	9.90099e-09	1	0.102009	0.297114	0.666667	0.666667	1.5	1	1	37876.8	1e+20	1.24094e+11	85.9799	73.7103	6.62623	60.483	9.44766	35.7885	
124000	-129600	-1172.58	-82887.2	-16813	0.196283	1	0.157368	12.709	5.34393	0.0288739	19.2625	0.189253	6378	99	581	-32750.5	9.44766f	35.7885	4	1	1	0.0792079	0.049505	0.039604	9.90099e-09	0	0	0	0	0.881818	0.962617	0.246106	0.495652	0.89185	0.019802	0.0990099	9.90099e-09	1	0.0846395	0.291958	0.666667	0.666667	1.5	1	1	37876.8	1e+20	1.24094e+11	85.9799	73.7103	25.3199	59.1565	9.44766	35.7885	
125000	-132000	-1172.58	-85287.3	-17148.6	0.198769	1	0.164085	12.1888	5.23727	0.00611337	18.9069	0.185203	6585	99	595	-32750.5	37.8328f	65.5925	4	1	1	0.0792079	0.049505	0.039604	9.90099e-09	0	0	0	0	0.854545	0.960366	0.24159	0.425	0.894817	0.019802	0.0990099	9.90099e-09	1	0.0993884	0.282313	0.666667	0.666667	1.5	1	1	37876.8	1e+20	1.24094e+11	85.9799	73.7103	25.3199	59.1565	37.8328	65.5925	
126000	-135039	-1172.58	-88326.2	-17629.5	0.207575	1	0.146263	13.674	5.29274	0.0077573	19.2993	0.205592	6889	99	571	-32750.5	30.1369f	59.8228	4	1	1	0.0792079	0.049505	0.039604	9.90099e-09	0	0	0	0	0.918182	0.972222	0.256975	0.508772	0.916053	0.009901	0.0990099	9.90099e-09	1	0.0986938	0.293515	0.666667	0.666667	1.5	1	1	37876.8	1e+20	1.24094e+11	85.9799	73.7103	25.3199	59.1565	30.1369	59.8228	
127000	-133349	-1172.58	-86636.3	-17402.9	0.205358	1	0.137327	14.5638	4.91632	0.00557587	19.2993	0.235735	6745	99	557	-32750.5	33.8442f	59.4009	4	1	1	0.0792079	0.049505	0.039604	9.90099e-09	0	0	0	0	0.881818	0.971726	0.257824	0.575221	0.890882	0.009901	0.0990099	9.90099e-09	1	0.123881	0.299308	0.666667	0.666667	1.5	1	1	37876.8	1e+20	1.24094e+11	81.5895	75.2901	25.3199	59.1565	33.8442	59.4009	
128000	-132532	-1172.58	-85819.7	-17311.1	0.205358	1	0.137327	14.5638	4.99173	0.0107324	19.3728	0.232173	6687	99	535	-32750.5	26.1016f	60.6641	4	1	1	0.0792079	0.049505	0.039604	9.90099e-09	0	0	0	0	0.827273	0.96	0.268148	0.508475	0.899259	0.009901	0.0990099	9.90099e-09	1	0.0962963	0.271028	0.666667	0.666667	1.5	1	1	37876.8	1e+20	1.24094e+11	81.5895	75.2901	25.3199	59.1565	26.1016	60.6641	
129000	-133411	-1172.58	-86698.5	-17415.5	0.201759	1	0.140298	14.2554	5.01035	0.0547744	19.3728	0.226412	6752	99	556	-32750.5	6.03778f	90.6461	4	1	1	0.0792079	0.049505	0.039604	9.90099e-09	0	0	0	0	0.890909	0.963181	0.28	0.482456	0.906942	0.009901	0.0990099	9.90099e-09	1	0.0872781	0.318182	0.666667	0.666667	1.5	1	1	37876.8	1e+20	1.24094e+11	81.5895	75.2901	27.0009	85.9384	6.03778	90.6461	
130000	-131648	-1172.58	-84935.1	-17173.8	0.201759	1	0.144705	13.8213	5.16772	0.0355562	19.3728	0.212833	6601	99	544	-32750.5	22.9772f	90.0305	4	1	1	0.0792079	0.108911	0.039604	9.90099e-09	0	0	0	0	0.827273	0.965046	0.245455	0.432432	0.91528	0.009901	0.0792079	9.90099e-09	1	0.1059	0.298748	0.666667	0.666667	1.5	1	1	37876.8	1e+20	1.24094e+11	67.915	89.3237	27.0009	85.9384	22.9772	90.0305	
131000	-133474	-1172.58	-86761	-17382.6	0.203752	1	0.14685	13.6193	5.71465	0.0527753	19.7447	0.189651	6732	99	576	-32750.5	13.7494f	96.3411	4	1	1	0.0792079	0.108911	0.039604	9.90099e-09	0	0	0	0	0.854545	0.962963	0.247774	0.568966	0.914074	0.009901	0.0792079	9.90099e-09	1	0.0995542	0.310764	0.666667	0.666667	1.5	1	1	37876.8	1e+20	1.24094e+11	67.915	89.3237	27.0009	85.9384	13.7494	96.3411	
132000	-130710	-1172.58	-83997.8	-16998.4	0.199409	1	0.14685	13.6193	5.26667	0.0370272	19.4503	0.205783	6492	99	564	-32750.5	20.9133f	89.7733	4	1	1	0.0792079	0.108911	0.039604	9.90099e-09	0	0	0	0	0.909091	0.953632	0.235747	0.433333	0.918462	0.009901	0.0792079	9.90099e-09	1	0.0973725	0.29078	0.666667	0.666667	1.5	1	1	37876.8	1e+20	1.24094e+11	67.915	89.3237	27.0009	85.9384	20.9133	89.7733	
133000	-132889	-1172.58	-86176.1	-17311	0.204853	1	0.14685	13.6193	5.41046	0.0203638	19.4503	0.200314	6687	99	568	-32750.5	15.453f	60.856	4	1	1	0.0594059	0.108911	0.039604	9.90099e-09	0	0	0	0	0.845455	0.967164	0.222057	0.491525	0.890719	0.009901	0.0792079	9.90099e-09	1	0.112108	0.304569	0.666667	0.666667	1.5	1	1	37876.8	1e+20	1.24094e+11	72.9841	90.098	13.4632	78.0455	15.453	60.856	
134000	-134495	-1172.58	-87782.9	-17575.8	0.204853	1	0.140336	14.2515	5.61819	0.038672	19.8584	0.201862	6854	99	553	-32750.5	32.3183f	97.2629	4	1	1	0.0594059	0.108911	0.039604	9.90099e-09	0	0	0	0	0.863636	0.970845	0.276316	0.495575	0.900875	0.009901	0.0792079	9.90099e-09	1	0.100583	0.311594	0.666667	0.666667	1.5	1	1	37876.8	1e+20	1.24094e+11	72.9841	90.098	21.7624	89.7896	32.3183	97.2629	
135000	-135802	-1172.58	-89089.7	-17688.9	0.208085	1	0.140336	14.2515	5.70682	0.0253591	19.8584	0.198727	6927	99	600	-32750.5	18.271f	75.3866	4	1	1	0.0594059	0.108911	0.039604	9.90099e-09	0	0	0	0	0.845455	0.961151	0.23487	0.589286	0.891931	0.009901	0.0792079	9.90099e-09	1	0.11223	0.286667	0.666667	0.666667	1.5	1	1	37876.8	1e+20	1.24094e+11	72.9841	90.098	21.7624	89.7896	18.271	75.3866	
136000	-133854	-1172.58	-87141	-17426.1	0.210197	1	0.145187	13.7754	5.96399	0.0127116	19.8584	0.183805	6759	99	586	-32750.5	38.2167f	76.3276	4	1	1	0.0594059	0.0594059	0.039604	9.90099e-09	0	0	0	0	0.818182	0.95421	0.236337	0.495798	0.892012	0.009901	0.0792079	9.90099e-09	1	0.0843195	0.321429	0.666667	0.666667	1.5	1	1	37876.8	1e+20	1.24094e+11	72.9841	90.098	21.7624	89.7896	38.2167	76.3276	
137000	-136898	-1172.58	-90185.6	-17875.3	0.210197	1	0.138153	14.4767	5.67507	0.0265912	19.8584	0.202996	7047	99	580	-32750.5	30.6782f	87.0546	4	1	1	0.0594059	0.0594059	0.049505	9.90099e-09	0	0	0	0	0.909091	0.96875	0.261735	0.487395	0.920455	0.009901	0.148515	9.90099e-09	1	0.0980114	0.317241	0.666667	0.666667	1.5	1	1	37876.8	1e+20	1.24094e+11	72.9841	90.098	36.1945	94.0393	30.6782	87.0546	
138000	-136999	-1172.58	-90286	-17922.1	0.210197	1	0.124858	16.0182	5.12892	0.0308019	19.8584	0.24853	7077	99	556	-32750.5	41.4177f	94.2579	4	1	1	0.0594059	0.0594059	0.049505	9.90099e-09	0	0	0	0	0.918182	0.964689	0.22567	0.578947	0.908579	0.009901	0.148515	9.90099e-09	1	0.105337	0.281139	0.666667	0.666667	1.5	1	1	37876.8	1e+20	1.24094e+11	72.9841	90.098	36.1945	94.0393	41.4177	94.2579	
139000	-137823	-1172.58	-91110.9	-17939.3	0.210197	1	0.14098	14.1864	5.83227	0.0363285	19.8935	0.193564	7088	99	616	-32750.5	55.8963f	98.6752	4	1	1	0.029703	0.0594059	0.049505	9.90099e-09	0	0	0	0	0.909091	0.960396	0.270804	0.5	0.896893	0.009901	0.148515	9.90099e-09	1	0.0974576	0.267857	0.666667	0.666667	1.5	1	1	37876.8	1e+20	1.24094e+11	72.9841	90.098	36.1945	94.0393	55.8963	98.6752	
140000	-136649	-1172.58	-89936.2	-17877.1	0.212297	1	0.141901	14.0943	5.929	0.0312658	19.8935	0.18917	7049	99	556	-32750.5	59.0084f	94.6026	4	1	1	0.029703	0.0594059	0.049505	9.90099e-09	0	0	0	0	0.918182	0.957507	0.27762	0.469027	0.90483	0.009901	0.148515	9.90099e-09	1	0.092068	0.289568	0.666667	0.666667	1.5	1	1	37876.8	1e+20	1.24094e+11	72.9841	90.098	36.1945	94.0393	59.0084	94.6026	
141000	-137003	-1172.58	-90290.2	-17873.7	0.217244	1	0.136311	14.6724	5.82814	0.0376893	19.8935	0.200337	7047	99	591	-32750.5	25.7848f	93.4732	4	1	1	0.029703	0.128713	0.049505	9.90099e-09	0	0	0	0	0.872727	0.958689	0.258571	0.529412	0.89886	0.009901	0.148515	9.90099e-09	1	0.118234	0.254296	0.666667	0.666667	1.5	1	1	37876.8	1e+20	1.24094e+11	72.9841	90.098	36.1945	94.0393	25.7848	93.4732	
142000	-135172	-1172.58	-88459.3	-17574.3	0.209868	1	0.156219	12.8026	6.45256	0.00773973	19.8935	0.15789	6854	99	612	-32750.5	38.8727f	69.4253	4	1	1	0.029703	0.128713	0.049505	9.90099e-09	0	0	0	0	0.9	0.968023	0.286754	0.547009	0.901163	0.009901	0.0990099	9.90099e-09	1	0.111919	0.292484	0.666667	0.666667	1.5	1	1	37876.8	1e+20	1.24094e+11	72.9841	90.098	36.1945	94.0393	38.8727	69.4253	
143000	-135195	-1172.58	-88482.8	-17694.3	0.207125	1	0.137114	14.5864	5.58941	0.0279621	19.8935	0.20767	6930	99	535	-32750.5	59.5016f	91.9762	4	1	1	0.029703	0.128713	0.049505	9.90099e-09	0	0	0	0	0.9	0.968023	0.251799	0.5625	0.923077	0.009901	0.0990099	9.90099e-09	1	0.095791	0.283688	0.666667	0.666667	1.5	1	1	37876.8	1e+20	1.24094e+11	82.9657	85.5215	60.2742	95.4324	59.5016	91.9762	
144000	-139432	-1172.58	-92719.2	-18140.7	0.217615	1	0.15574	12.8419	6.61394	0.0358605	19.8513	0.154511	7222	99	633	-32750.5	71.7378f	93.6302	4	1	1	0.029703	0.128713	0.009901	9.90099e-09	0	0	0	0	0.890909	0.956944	0.218359	0.542636	0.889503	0.009901	0.0990099	9.90099e-09	1	0.118785	0.296998	0.666667	0.666667	1.5	1	1	37876.8	1e+20	1.24094e+11	51.6104	89.4526	59.5542	95.8493	71.7378	93.6302	
145000	-140282	-1172.58	-93569.6	-18307.1	0.223217	1	0.155171	12.889	6.35625	0.00700906	19.5485	0.161365	7333	99	606	-32750.5	67.7589f	62.0137	4	1	1	0.0792079	0.128713	0.009901	9.90099e-09	0	0	0	0	0.818182	0.959128	0.244898	0.518519	0.881633	0.009901	0.0990099	9.90099e-09	1	0.10218	0.311881	0.666667	0.666667	1.5	1	1	37876.8	1e+20	1.24094e+11	51.6104	89.4526	59.5542	95.8493	67.7589	62.0137	
146000	-141314	-1172.58	-94600.9	-18352.6	0.227836	1	0.155171	12.889	6.4707	0.0445613	19.5356	0.158511	7363	99	667	-32750.5	72.1537f	99.5998	4	1	1	0.0792079	0.128713	0.009901	9.90099e-09	0	0	0	0	0.863636	0.956581	0.239456	0.507246	0.886024	0.009901	0.0990099	9.90099e-09	1	0.131615	0.332366	0.666667	0.666667	1.5	1	1	37876.8	1e+20	1.24094e+11	51.6104	89.4526	59.5542	95.8493	72.1537	99.5998	
147000	-140929	-1172.58	-94216.8	-18286.1	0.222803	1	0.149332	13.393	6.08967	0.0058756	19.5356	0.175014	7319	99	674	-32750.5	64.0217f	63.7343	4	1	1	0.0792079	0.0792079	0.009901	9.90099e-09	0	0	0	0	0.9	0.956164	0.256164	0.507813	0.905479	0.009901	0.0990099	9.90099e-09	1	0.0890411	0.283513	0.666667	0.666667	1.5	1	1	37876.8	1e+20	1.24094e+11	51.6104	89.4526	59.5542	95.8493	64.0217	63.7343	
148000	-139903	-1172.58	-93190.8	-18220.1	0.222803	1	0.149332	13.393	6.40685	0.0050236	19.7852	0.16635	7275	99	627	-32750.5	62.9859f	62.6287	4	1	1	0.0792079	0.0792079	0.009901	9.90099e-09	0	0	0	0	0.845455	0.968188	0.25	0.504	0.886921	0.009901	0.049505	9.90099e-09	1	0.100968	0.259615	0.666667	0.666667	1.5	1	1	37876.8	1e+20	1.24094e+11	28.425	90.363	59.5542	95.8493	62.9859	62.6287	
149000	-140679	-1172.58	-93966.4	-18375.2	0.221741	1	0.135371	14.7742	5.7802	0.0212432	19.7852	0.2034	7378	99	599	-32750.5	77.6596f	75.3319	4	1	1	0.0792079	0.0792079	0.039604	9.90099e-09	0	0	0	0	0.854545	0.968622	0.235772	0.436975	0.909214	0.009901	0.049505	9.90099e-09	1	0.0772358	0.253756	0.666667	0.666667	1.5	1	1	37876.8	1e+20	1.24094e+11	28.425	90.363	59.5542	95.8493	77.6596	75.3319	
150000	-142750	-1172.58	-96037.3	-18681.5	0.23305	1	0.128726	15.5369	5.70903	0.0157827	19.7269	0.216567	7586	99	587	-32750.5	81.4665f	56.7775	4	1	1	0.0792079	0.0792079	0.039604	9.90099e-09	0	0	0	0	0.863636	0.964238	0.25298	0.564103	0.909091	0.009901	0.049505	9.90099e-09	1	0.0988142	0.318569	0.666667	0.666667	1.5	1	1	37876.8	1e+20	1.24094e+11	28.425	90.363	87.7351	96.3906	81.4665	56.7775	
151000	-145991	-1172.58	-99278.1	-19104.7	0.238258	1	0.135746	14.7335	6.15489	0.0254306	19.7269	0.190491	7879	99	595	-32750.5	64.6f	88.3749	4	1	1	0.0792079	0.0792079	0.039604	9.90099e-09	0	0	0	0	0.809091	0.965649	0.248101	0.495868	0.913706	0.009901	0.049505	9.90099e-09	1	0.0848101	0.289076	0.666667	0.666667	1.5	1	1	37876.8	1e+20	1.24094e+11	28.425	90.363	87.7351	96.3906	64.6	88.3749	
152000	-147348	-1172.58	-100635	-19213.7	0.238258	1	0.136459	14.6564	6.18726	0.0226261	19.7269	0.188503	7955	99	641	-32750.5	88.3132f	54.1549	4	1	1	0.0792079	0.0792079	0.039604	9.90099e-09	0	0	0	0	0.836364	0.962312	0.234925	0.569231	0.908176	0.009901	0.049505	9.90099e-09	1	0.103015	0.292407	0.666667	0.666667	1.5	1	1	37876.8	1e+20	1.24094e+11	28.425	90.363	95.4085	64.2488	88.3132	54.1549	
153000	-146925	-1172.58	-100213	-19078.7	0.239744	1	0.146607	13.6419	6.68884	0.0226345	19.7269	0.162298	7861	99	698	-32750.5	84.5782f	67.2869	4	1	1	0.0792079	0.0792079	0.039604	9.90099e-09	0	0	0	0	0.854545	0.959132	0.248408	0.52381	0.897829	0.009901	0.049505	9.90099e-09	1	0.113665	0.325215	0.666667	0.666667	1.5	1	1	37876.8	1e+20	1.24094e+11	28.425	90.363	95.4085	64.2488	84.5782	67.2869	
154000	-146455	-1172.58	-99742.1	-19124.6	0.243342	1	0.144282	13.8617	6.68155	0.0135357	19.7269	0.165094	7893	99	622	-32750.5	44.7979f	79.3959	4	1	1	0.0792079	0.0693069	0.039604	9.90099e-09	0	0	0	0	0.881818	0.962406	0.244949	0.5	0.89899	0.009901	0.039604	9.90099e-09	1	0.11519	0.312	0.666667	0.666667	1.5	1	1	37876.8	1e+20	1.24094e+11	28.425	90.363	51.4706	48.3894	44.7979	79.3959	
155000	-150249	-1172.58	-103536	-19538.9	0.248017	1	0.145802	13.7172	6.88165	0.0103465	19.7269	0.158622	8188	99	680	-32750.5	24.5793f	52.5083	4	1	1	0.0792079	0.0693069	0.009901	9.90099e-09	0	0	0	0	0.927273	0.971917	0.243574	0.533333	0.884945	0.009901	0.039604	9.90099e-09	1	0.111111	0.276968	0.666667	0.666667	1.5	1	1	37876.8	1e+20	1.24094e+11	28.425	90.363	51.4706	48.3894	24.5793	52.5083	
156000	-150880	-1172.58	-104167	-19631.4	0.253858	1	0.138261	14.4654	6.91574	0.0136503	19.8992	0.16645	8255	99	670	-32750.5	79.62f	54.0117	4	1	1	0.0792079	0.0693069	0.009901	9.90099e-09	0	0	0	0	0.890909	0.960048	0.22343	0.518248	0.90678	0.009901	0.039604	9.90099e-09	1	0.103865	0.317852	0.666667	0.666667	1.5	1	1	37876.8	1e+20	1.24094e+11	28.425	90.363	51.4706	48.3894	79.62	54.0117	
157000	-151789	-1172.58	-105077	-19754.9	0.25347	1	0.138261	14.4654	6.01648	0.00915941	19.2255	0.191328	8345	99	665	-32750.5	71.8869f	39.7195	4	1	1	0.0792079	0.0693069	0.009901	9.90099e-09	0	0	0	0	0.854545	0.964158	0.24821	0.540146	0.896305	0.009901	0.039604	9.90099e-09	1	0.0994012	0.326778	0.666667	0.666667	1.5	1	1	37876.8	1e+20	1.24094e+11	28.425	90.363	73.4038	31.5944	71.8869	39.7195	
158000	-152902	-1172.58	-106189	-19909.9	0.25347	1	0.135279	14.7843	6.49828	0.012997	19.7064	0.181047	8458	99	657	-32750.5	78.822f	54.4672	4	1	1	0.0792079	0.0693069	0.009901	9.90099e-09	0	0	0	0	0.836364	0.965842	0.245573	0.541353	0.912633	0.009901	0.039604	9.90099e-09	1	0.124853	0.2694	0.666667	0.666667	1.5	1	1	37876.8	1e+20	1.24094e+11	28.425	90.363	73.4038	31.5944	78.822	54.4672	
159000	-150624	-1172.58	-103912	-19654.7	0.25347	1	0.129149	15.4859	6.20384	0.0103881	19.7064	0.19864	8272	99	638	-32750.5	59.7079f	26.4347	4	1	1	0.0792079	0.0693069	0.009901	9.90099e-09	0	0	0	0	0.863636	0.957627	0.222222	0.491935	0.90953	9.90099e-09	0.039604	9.90099e-09	1	0.103739	0.289137	0.666667	0.666667	1.5	1	1	37876.8	1e+20	1.24094e+11	28.425	90.363	73.4038	31.5944	59.7079	26.4347	
160000	-151466	-1172.58	-104753	-19727.4	0.253713	1	0.137993	14.4935	6.63499	0.0272614	19.7064	0.17383	8325	99	653	-32750.5	83.5489f	24.7408	4	1	1	0.0792079	0.0693069	0.009901	9.90099e-09	0	0	0	0	0.8	0.950721	0.278511	0.548872	0.905048	9.90099e-09	0.0891089	9.90099e-09	1	0.116587	0.278714	0.666667	0.666667	1.5	1	1	37876.8	1e+20	1.24094e+11	28.425	90.363	73.4038	31.5944	83.5489	24.7408	
161000	-154390	-1172.58	-107677	-20000.4	0.261688	1	0.137993	14.4935	7.24615	0.0046632	19.9901	0.159168	8526	99	722	-32750.5	33.9143f	45.5335	4	1	1	0.0792079	0.118812	0.009901	9.90099e-09	0	0	0	0	0.854545	0.967328	0.254376	0.524138	0.914819	9.90099e-09	0.0891089	9.90099e-09	1	0.0926999	0.28533	0.666667	0.666667	1.5	1	1	37876.8	1e+20	1.24094e+11	28.425	90.363	73.4038	31.5944	33.9143	45.5335	
162000	-155379	-1172.58	-108667	-20111.7	0.261688	1	0.139886	14.2974	7.34557	0.0144996	19.9901	0.154889	8609	99	733	-32750.5	55.1415f	20.2407	4	1	1	0.0792079	0.118812	0.039604	9.90099e-09	0	0	0	0	0.854545	0.966357	0.243902	0.517241	0.903712	9.90099e-09	0.0891089	9.90099e-09	1	0.108014	0.310296	0.666667	0.666667	1.5	1	1	37876.8	1e+20	1.24094e+11	28.425	90.363	73.4038	31.5944	55.1415	20.2407	
163000	-155880	-1172.58	-109168	-20129.1	0.261688	1	0.139886	14.2974	7.34557	0.00804148	19.9901	0.154889	8622	99	762	-32750.5	31.9166f	37.1353	4	1	1	0.0792079	0.118812	0.039604	9.90099e-09	0	0	0	0	0.818182	0.951445	0.243056	0.565789	0.87963	9.90099e-09	0.0891089	9.90099e-09	1	0.135574	0.269634	0.666667	0.666667	1.5	1	1	37876.8	1e+20	1.24094e+11	28.425	90.363	73.4038	31.5944	31.9166	37.1353	
164000	-155249	-1172.58	-108536	-20119.7	0.261688	1	0.140516	14.2332	7.37867	0.0116199	19.9901	0.153502	8615	99	717	-32750.5	66.102f	28.2036	4	1	1	0.0792079	0.118812	0.039604	9.90099e-09	0	0	0	0	0.872727	0.971065	0.24971	0.4375	0.902552	9.90099e-09	0.0891089	9.90099e-09	1	0.107889	0.299157	0.666667	0.666667	1.5	1	1	37876.8	1e+20	1.24094e+11	28.425	90.363	73.4038	31.5944	66.102	28.2036	
165000	-157521	-1172.58	-110808	-20386.3	0.265867	1	0.140516	14.2332	7.4965	0.00363972	19.9901	0.15109	8816	99	725	-32750.5	63.4934f	43.6258	4	1	1	0.0792079	0.118812	0.039604	9.90099e-09	0	0	0	0	0.890909	0.958951	0.255708	0.527027	0.893182	9.90099e-09	0.0891089	9.90099e-09	1	0.124146	0.295172	0.666667	0.666667	1.5	1	1	37876.8	1e+20	1.24094e+11	28.425	90.363	73.4038	31.5944	63.4934	43.6258	
166000	-155635	-1172.58	-108922	-20151.9	0.265867	1	0.139825	14.3035	7.32393	0.014522	19.8985	0.155414	8639	99	725	-32750.5	80.7197f	52.4654	4	1	1	0.0792079	0.118812	0.039604	9.90099e-09	0	0	0	0	0.854545	0.955814	0.253194	0.52381	0.892361	9.90099e-09	0.0891089	9.90099e-09	1	0.119767	0.292683	0.666667	0.666667	1.5	1	1	37876.8	1e+20	1.24094e+11	28.425	90.363	73.4038	31.5944	80.7197	52.4654	
167000	-155733	-1172.58	-109021	-20222.1	0.265867	1	0.130769	15.2941	6.84957	0.00592771	19.8985	0.177685	8692	99	685	-32750.5	51.8899f	31.1783	4	1	1	0.0792079	0.0594059	0.039604	9.90099e-09	0	0	0	0	0.863636	0.959908	0.234483	0.493056	0.9	9.90099e-09	0.0891089	9.90099e-09	1	0.113793	0.27591	0.666667	0.666667	1.5	1	1	37876.8	1e+20	1.24094e+11	28.425	90.363	73.4038	31.5944	51.8899	31.1783	
168000	-155333	-1172.58	-108620	-20176.9	0.26432	1	0.130769	15.2941	6.80972	0.0298228	19.8985	0.178725	8658	99	676	-32750.5	70.3384f	11.2516	4	1	1	0.009901	0.0594059	0.019802	9.90099e-09	0	0	0	0	0.863636	0.96659	0.229527	0.541353	0.911085	9.90099e-09	0.0891089	9.90099e-09	1	0.112009	0.27417	0.666667	0.666667	1.5	1	1	37876.8	1e+20	1.24094e+11	29.8035	95.1802	73.4038	31.5944	70.3384	11.2516	
169000	-156752	-1172.58	-110039	-20240.8	0.26432	1	0.142075	14.0771	7.37173	0.0244682	19.8805	0.151962	8706	99	763	-32750.5	87.071f	35.2975	4	1	1	0.009901	0.0594059	0.019802	9.90099e-09	0	0	0	0	0.954545	0.963303	0.261768	0.469799	0.899083	9.90099e-09	0.0891089	9.90099e-09	1	0.115075	0.278646	0.666667	0.666667	1.5	1	1	37876.8	1e+20	1.24094e+11	29.8035	95.1802	73.4038	31.5944	87.071	35.2975	
170000	-155096	-1172.58	-108384	-20067.4	0.261158	1	0.142075	14.0771	7.28355	0.0197068	19.8805	0.153801	8576	99	742	-32750.5	74.9054f	24.6095	4	1	1	0.009901	0.0594059	0.019802	9.90099e-09	0	0	0	0	0.836364	0.965238	0.245064	0.470199	0.901506	9.90099e-09	0.0891089	9.90099e-09	1	0.125145	0.277108	0.666667	0.666667	1.5	1	1	37876.8	1e+20	1.24094e+11	75.9135	90.007	73.4038	31.5944	74.9054	24.6095	
171000	-156059	-1172.58	-109346	-20208.4	0.261158	1	0.144823	13.8099	7.42447	0.0567515	19.8805	0.148018	8681	99	723	-32750.5	97.9502f	12.6829	4	1	1	0.009901	0.0594059	0.019802	9.90099e-09	0	0	0	0	0.845455	0.972414	0.238205	0.486301	0.915138	9.90099e-09	0.0891089	9.90099e-09	1	0.103567	0.278846	0.666667	0.666667	1.5	1	1	37876.8	1e+20	1.24094e+11	75.9135	90.007	73.4038	31.5944	97.9502	12.6829	
172000	-155935	-1172.58	-109222	-20143.9	0.261358	1	0.156304	12.7955	7.72795	0.0341361	19.6975	0.13176	8633	99	762	-32750.5	80.7522f	14.5188	4	1	1	0.009901	0.049505	0.019802	9.90099e-09	0	0	0	0	0.836364	0.964162	0.254925	0.506579	0.885417	9.90099e-09	0.0891089	9.90099e-09	1	0.117919	0.305333	0.666667	0.666667	1.5	1	1	37876.8	1e+20	1.24094e+11	75.9135	90.007	75.0595	43.0678	80.7522	14.5188	
173000	-154542	-1172.58	-107829	-19981.5	0.261358	1	0.158077	12.6521	7.44488	0.0253299	19.4597	0.135237	8512	99	751	-32750.5	83.1165f	74.0636	4	1	1	0.009901	0.049505	0.019802	9.90099e-09	0	0	0	0	0.872727	0.950355	0.247337	0.48	0.919014	9.90099e-09	0.0891089	9.90099e-09	1	0.102113	0.309429	0.666667	0.666667	1.5	1	1	37876.8	1e+20	1.24094e+11	75.9135	90.007	84.4821	52.394	83.1165	74.0636	
174000	-155129	-1172.58	-108416	-20020.5	0.261623	1	0.167079	11.9704	7.87681	0.0356068	19.4597	0.120934	8541	99	789	-32750.5	98.1023f	45.6399	4	1	1	0.029703	0.049505	0.019802	9.90099e-09	0	0	0	0	0.854545	0.963615	0.261124	0.56051	0.887588	9.90099e-09	0.0792079	9.90099e-09	1	0.101874	0.317662	0.666667	0.666667	1.5	1	1	37876.8	1e+20	1.24094e+11	75.9135	90.007	84.4821	52.394	98.1023	45.6399	
175000	-154824	-1172.58	-108111	-19966.8	0.261623	1	0.167079	11.9704	8.24448	0.0169128	19.6829	0.115541	8501	99	797	-32750.5	82.3451f	42.7083	4	1	1	0.029703	0.049505	0.029703	9.90099e-09	0	0	0	0	0.836364	0.956573	0.269412	0.506494	0.896592	9.90099e-09	0.0792079	9.90099e-09	1	0.113984	0.28481	0.666667	0.666667	1.5	1	1	37876.8	1e+20	1.24094e+11	75.9135	90.007	72.6594	42.6575	82.3451	42.7083	
176000	-156056	-1172.58	-109344	-20114.4	0.257945	1	0.16531	12.0985	7.71646	0.0262644	19.4803	0.124768	8610	99	805	-32750.5	59.505f	10.1726	4	1	1	0.029703	0.049505	0.029703	9.90099e-09	0	0	0	0	0.827273	0.961806	0.223121	0.553459	0.895592	9.90099e-09	0.0792079	9.90099e-09	1	0.106729	0.276316	0.666667	0.666667	1.5	1	1	37876.8	1e+20	1.24094e+11	75.9135	90.007	72.6594	42.6575	59.505	10.1726	
177000	-155859	-1172.58	-109146	-20123.3	0.259038	1	0.152317	13.1305	7.14012	0.00141724	19.4803	0.146341	8617	99	772	-32750.5	52.2556f	58.9064	4	1	1	0.029703	0.049505	0.029703	9.90099e-09	0	0	0	0	0.872727	0.956876	0.285215	0.525641	0.897076	9.90099e-09	0.0792079	9.90099e-09	1	0.117169	0.298335	0.666667	0.666667	1.5	1	1	37876.8	1e+20	1.24094e+11	75.9135	90.007	72.6594	42.6575	52.2556	58.9064	
178000	-154387	-1172.58	-107675	-19963.5	0.263467	1	0.1519	13.1666	7.24227	0.0320316	19.4803	0.144673	8498	99	744	-32750.5	91.4707f	30.9102	4	1	1	0.029703	0.049505	0.029703	9.90099e-09	0	0	0	0	0.854545	0.954279	0.244706	0.452055	0.909412	9.90099e-09	0.0792079	9.90099e-09	1	0.0929412	0.304054	0.666667	0.666667	1.5	1	1	37876.8	1e+20	1.24094e+11	75.9135	90.007	94.6127	13.2727	91.4707	30.9102	
179000	-159222	-1172.58	-112510	-20543.7	0.263467	1	0.160778	12.4396	8.08755	0.000836349	19.743	0.122399	8933	99	774	-32750.5	51.3016f	44.2792	4	1	1	0.0693069	0.0990099	0.029703	9.90099e-09	0	0	0	0	0.927273	0.966178	0.278093	0.580645	0.891033	9.90099e-09	0.0594059	9.90099e-09	1	0.0783201	0.282946	0.666667	0.666667	1.5	1	1	37876.8	1e+20	1.24094e+11	75.9135	90.007	94.6127	13.2727	51.3016	44.2792	
180000	-158005	-1172.58	-111292	-20389.8	0.271029	1	0.155098	12.8951	8.02577	0.0471191	19.743	0.127858	8819	99	779	-32750.5	86.9142f	8.88403	4	1	1	0.0693069	0.0990099	0.029703	9.90099e-09	0	0	0	0	0.872727	0.965986	0.241223	0.446541	0.882086	9.90099e-09	0.0594059	9.90099e-09	1	0.0895692	0.270026	0.666667	0.666667	1.5	1	1	37876.8	1e+20	1.24094e+11	75.9135	90.007	94.6127	13.2727	86.9142	8.88403	
181000	-160964	-1172.58	-114251	-20771.8	0.27808	1	0.147483	13.5609	7.83024	0.0542548	19.743	0.137817	9114	99	758	-32750.5	95.773f	12.1616	4	1	1	0.0693069	0.0990099	0.029703	9.90099e-09	0	0	0	0	0.854545	0.967213	0.237939	0.526316	0.902412	9.90099e-09	0.0594059	9.90099e-09	1	0.111475	0.313984	0.666667	0.666667	1.5	1	1	37876.8	1e+20	1.24094e+11	75.9135	90.007	94.6127	13.2727	95.773	12.1616	
182000	-162073	-1172.58	-115361	-20857.2	0.279962	1	0.141364	14.1479	7.55619	0.00312578	19.743	0.148998	9181	99	788	-32750.5	42.7121f	61.8962	4	1	1	0.0693069	0.0990099	0.0594059	9.90099e-09	0	0	0	0	0.827273	0.963974	0.226333	0.529412	0.89445	9.90099e-09	0.0594059	9.90099e-09	1	0.10555	0.265201	0.666667	0.666667	1.5	1	1	37876.8	1e+20	1.24094e+11	75.9135	90.007	59.5888	60.3684	42.7121	61.8962	
183000	-163125	-1172.58	-116413	-21064.4	0.286035	1	0.141364	14.1479	7.40364	0.00884739	19.5375	0.152068	9345	99	733	-32750.5	67.0281f	33.6452	4	1	1	0.0693069	0.0990099	0.0594059	9.90099e-09	0	0	0	0	0.890909	0.968851	0.232258	0.52	0.918367	9.90099e-09	0.0594059	9.90099e-09	1	0.116129	0.281088	0.666667	0.666667	1.5	1	1	37876.8	1e+20	1.24094e+11	75.9135	90.007	59.5888	60.3684	67.0281	33.6452	
184000	-164272	-1172.58	-117560	-21177	0.286035	1	0.141364	14.1479	7.40364	0.0045357	19.5375	0.152068	9435	99	749	-32750.5	59.8495f	36.6825	4	1	1	0.0693069	0.0990099	0.0594059	9.90099e-09	0	0	0	0	0.890909	0.965079	0.224339	0.490323	0.912169	0.009901	0.0594059	9.90099e-09	1	0.102754	0.257677	0.666667	0.666667	1.5	1	1	37876.8	1e+20	1.24094e+11	75.9135	90.007	59.5888	60.3684	59.8495	36.6825	
185000	-163025	-1172.58	-116312	-21026.8	0.286035	1	0.141203	14.164	7.90192	0.0117265	19.8639	0.142641	9315	99	748	-32750.5	72.3734f	34.2458	4	1	1	0.049505	0.0792079	0.0594059	9.90099e-09	0	0	0	0	0.854545	0.954936	0.246006	0.56	0.912017	0.009901	0.0594059	9.90099e-09	1	0.110515	0.264507	0.666667	0.666667	1.5	1	1	37876.8	1e+20	1.24094e+11	69.5759	87.9266	59.5888	60.3684	72.3734	34.2458	
186000	-165389	-1172.58	-118677	-21263.6	0.290438	1	0.141203	14.164	8.02354	0.0228928	19.8639	0.140479	9505	99	783	-32750.5	87.5941f	59.6617	4	1	1	0.049505	0.0792079	0.0594059	9.90099e-09	0	0	0	0	0.8	0.964211	0.268421	0.573333	0.912723	0.009901	0.138614	9.90099e-09	1	0.111462	0.310705	0.666667	0.666667	1.5	1	1	37876.8	1e+20	1.24094e+11	94.5387	64.9375	60.1199	31.4204	87.5941	59.6617	
187000	-164597	-1172.58	-117884	-21173.1	0.288674	1	0.147882	13.5243	8.10048	0.00294109	19.7126	0.13286	9432	99	788	-32750.5	59.6468f	41.0439	4	1	1	0.049505	0.0792079	0.0594059	9.90099e-09	0	0	0	0	0.772727	0.962025	0.253165	0.512658	0.898734	0.009901	0.138614	9.90099e-09	1	0.092827	0.322745	0.666667	0.666667	1.5	1	1	37876.8	1e+20	1.24094e+11	94.5387	64.9375	60.1199	31.4204	59.6468	41.0439	
188000	-164008	-1172.58	-117295	-21225.2	0.289719	1	0.125533	15.9321	6.90115	0.0327868	19.7126	0.183714	9474	99	691	-32750.5	71.2658f	91.4809	4	1	1	0.049505	0.0792079	0.029703	9.90099e-09	0	0	0	0	0.854545	0.969312	0.253165	0.453333	0.899789	0.009901	0.138614	9.90099e-09	1	0.0875527	0.287988	0.666667	0.666667	1.5	1	1	37876.8	1e+20	1.24094e+11	94.5387	64.9375	55.0197	75.0158	71.2658	91.4809	
189000	-164589	-1172.58	-117877	-21266.1	0.289719	1	0.133875	14.9393	7.35978	0.00980564	19.7126	0.161531	9507	99	710	-32750.5	26.9642f	59.6472	4	1	1	0.049505	0.0792079	0.029703	9.90099e-09	0	0	0	0	0.9	0.957983	0.24554	0.541667	0.915878	0.009901	0.138614	9.90099e-09	1	0.103049	0.297183	0.666667	0.666667	1.5	1	1	37876.8	1e+20	1.24094e+11	94.5387	64.9375	55.0197	75.0158	26.9642	59.6472	
190000	-163728	-1172.58	-117015	-21111.5	0.290378	1	0.132903	15.0485	7.26518	0.00223378	19.6736	0.16483	9382	99	742	-32750.5	56.3245f	60.0252	4	1	1	0.039604	0.0792079	0.029703	9.90099e-09	0	0	0	0	0.809091	0.968153	0.265543	0.533333	0.891374	0.009901	0.138614	9.90099e-09	1	0.092925	0.280323	0.666667	0.666667	1.5	1	1	37876.8	1e+20	1.24094e+11	94.5387	64.9375	55.0197	75.0158	56.3245	60.0252	
191000	-167206	-1172.58	-120493	-21541.8	0.297592	1	0.135741	14.7339	7.97128	0.0121246	19.9066	0.147089	9732	99	733	-32750.5	66.7657f	72.8431	4	1	1	0.039604	0.0792079	0.029703	9.90099e-09	0	0	0	0	0.872727	0.95679	0.254115	0.553333	0.895228	0.009901	0.138614	9.90099e-09	1	0.103696	0.308725	0.666667	0.666667	1.5	1	1	37876.8	1e+20	1.24094e+11	94.5387	64.9375	55.0197	75.0158	66.7657	72.8431	
192000	-166214	-1172.58	-119501	-21369.6	0.29317	1	0.135741	14.7339	7.85285	0.0161479	19.9066	0.149307	9591	99	775	-32750.5	27.899f	73.7102	4	1	1	0.039604	0.0792079	0.029703	9.90099e-09	0	0	0	0	0.845455	0.965445	0.235908	0.532468	0.897059	0.009901	0.108911	9.90099e-09	1	0.117647	0.278272	0.666667	0.666667	1.5	1	1	37876.8	1e+20	1.24094e+11	94.8945	28.77	55.0197	75.0158	27.899	73.7102	
193000	-167869	-1172.58	-121156	-21568.7	0.30008	1	0.135741	14.7339	8.15885	0.0311069	19.981	0.143707	9754	99	775	-32750.5	61.4463f	93.9274	4	1	1	0.039604	0.0792079	0.029703	9.90099e-09	0	0	0	0	0.881818	0.970256	0.238438	0.613333	0.902664	0.009901	0.108911	9.90099e-09	1	0.105858	0.303385	0.666667	0.666667	1.5	1	1	37876.8	1e+20	1.24094e+11	94.8945	28.77	82.4196	92.977	61.4463	93.9274	
194000	-166310	-1172.58	-119598	-21361	0.293131	1	0.13684	14.6156	8.03442	0.0274786	19.981	0.144761	9584	99	788	-32750.5	78.9311f	81.3604	4	1	1	0.039604	0.0792079	0.029703	9.90099e-09	0	0	0	0	0.8	0.971904	0.238293	0.531646	0.904266	0.009901	0.108911	9.90099e-09	1	0.103018	0.322097	0.666667	0.666667	1.5	1	1	37876.8	1e+20	1.24094e+11	94.8945	28.77	82.4196	92.977	78.9311	81.3604	
195000	-166206	-1172.58	-119493	-21367.2	0.293131	1	0.139652	14.3213	8.19951	0.0423371	19.981	0.13899	9589	99	775	-32750.5	67.5464f	99.9568	4	1	1	0.039604	0.0792079	0.029703	9.90099e-09	0	0	0	0	0.909091	0.967708	0.247132	0.506579	0.888542	0.009901	0.108911	9.90099e-09	1	0.10625	0.292994	0.666667	0.666667	1.5	1	1	37876.8	1e+20	1.24094e+11	94.8945	28.77	82.4196	92.977	67.5464	99.9568	
196000	-166065	-1172.58	-119352	-21286.2	0.293131	1	0.139652	14.3213	8.11202	0.0303124	19.9275	0.14049	9523	99	824	-32750.5	70.3968f	89.9148	4	1	1	0.039604	0.0792079	0.029703	9.90099e-09	0	0	0	0	0.763636	0.951731	0.252632	0.5	0.895789	0.009901	0.108911	9.90099e-09	1	0.10703	0.284953	0.666667	0.666667	1.5	1	1	37876.8	1e+20	1.24094e+11	51.1317	18.2517	82.4196	92.977	70.3968	89.9148	
197000	-163140	-1172.58	-116427	-20977.9	0.291632	1	0.139652	14.3213	8.07055	0.0524975	19.9275	0.141211	9273	99	801	-32750.5	97.7286f	84.5208	4	1	1	0.0594059	0.0792079	0.029703	9.90099e-09	0	0	0	0	0.854545	0.955961	0.26803	0.537037	0.90194	0.009901	0.108911	9.90099e-09	1	0.115302	0.319202	0.666667	0.666667	1.5	1	1	37876.8	1e+20	1.24094e+11	51.1317	18.2517	82.4196	92.977	97.7286	84.5208	
198000	-160488	-1172.58	-113775	-20806.8	0.276114	1	0.1324	15.1057	6.75812	0.0354142	19.5844	0.177871	9141	99	689	-32750.5	98.172f	52.2128	4	1	1	0.0594059	0.039604	0.029703	9.90099e-09	0	0	0	0	0.872727	0.959519	0.235808	0.58042	0.904814	9.90099e-09	0.108911	9.90099e-09	1	0.0797814	0.293952	0.666667	0.666667	1.5	1	1	37876.8	1e+20	1.24094e+11	16.6102	95.9889	82.4196	92.977	98.172	52.2128	
199000	-161222	-1172.58	-114510	-20853.1	0.276114	1	0.128704	15.5395	6.84125	0.0192004	19.7839	0.180756	9177	99	712	-32750.5	81.9868f	65.6198	4	1	1	0.0594059	0.039604	0.029703	9.90099e-09	0	0	0	0	0.872727	0.968306	0.246739	0.536913	0.90305	9.90099e-09	0.158416	9.90099e-09	1	0.0994536	0.278308	0.666667	0.666667	1.5	1	1	37876.8	1e+20	1.24094e+11	40.5586	89.296	82.4196	92.977	81.9868	65.6198	
200000	-160194	-1172.58	-113482	-20696.1	0.276114	1	0.128704	15.5395	6.84125	0.0265599	19.7839	0.180756	9055	99	746	-32750.5	60.3645f	90.6489	4	1	1	0.0594059	0.039604	0.039604	9.90099e-09	0	0	0	0	0.836364	0.964796	0.283828	0.58	0.91343	9.90099e-09	0.158416	9.90099e-09	1	0.102649	0.313158	0.666667	0.666667	1.5	1	1	37876.8	1e+20	1.24094e+11	40.5586	89.296	82.4196	92.977	60.3645	90.6489	
201000	-160086	-1172.58	-113373	-20796.4	0.281165	1	0.128704	15.5395	7.04572	0.0558166	19.8399	0.17551	9133	99	656	-32750.5	85.4685f	99.3518	4	1	1	0.0594059	0.039604	0.039604	9.90099e-09	0	0	0	0	0.8	0.969399	0.244541	0.635036	0.891921	9.90099e-09	0.158416	9.90099e-09	1	0.0840611	0.296188	0.666667	0.666667	1.5	1	1	37876.8	1e+20	1.24094e+11	40.5586	89.296	82.4196	92.977	85.4685	99.3518	
202000	-162084	-1172.58	-115372	-20951.2	0.280772	1	0.131346	15.227	7.18029	0.0167734	19.8399	0.168757	9255	99	719	-32750.5	68.5565f	77.7066	4	1	1	0.0594059	0.039604	0.039604	9.90099e-09	0	0	0	0	0.890909	0.974194	0.241342	0.517007	0.916129	9.90099e-09	0.158416	9.90099e-09	1	0.0885529	0.247566	0.666667	0.666667	1.5	1	1	37876.8	1e+20	1.24094e+11	40.5586	89.296	82.4196	92.977	68.5565	77.7066	
203000	-161498	-1172.58	-114785	-20867.5	0.279354	1	0.138151	14.4769	7.51415	0.0537394	19.8399	0.153315	9189	99	734	-32750.5	83.4072f	99.4032	4	1	1	0.049505	0.039604	0.039604	9.90099e-09	0	0	0	0	0.845455	0.958919	0.238043	0.52381	0.895991	9.90099e-09	0.158416	9.90099e-09	1	0.0836957	0.292414	0.666667	0.666667	1.5	1	1	37876.8	1e+20	1.24094e+11	55.7192	75.8837	82.4196	92.977	83.4072	99.4032	
204000	-161091	-1172.58	-114378	-20820.7	0.276795	1	0.138151	14.4769	7.44533	0.0415796	19.8399	0.154733	9152	99	730	-32750.5	87.762f	86.4125	4	1	1	0.049505	0.039604	0.039604	9.90099e-09	0	0	0	0	0.909091	0.96612	0.254902	0.529412	0.898268	9.90099e-09	0.158416	9.90099e-09	1	0.0971616	0.323607	0.666667	0.666667	1.5	1	1	37876.8	1e+20	1.24094e+11	55.7192	75.8837	82.758	75.6368	87.762	86.4125	
205000	-162379	-1172.58	-115667	-21016	0.276795	1	0.118207	16.9195	6.37046	0.0178103	19.8399	0.211353	9304	99	699	-32750.5	63.5095f	81.5965	4	1	1	0.049505	0.0594059	0.039604	9.90099e-09	0	0	0	0	0.872727	0.972043	0.252688	0.463087	0.909677	9.90099e-09	0.0693069	9.90099e-09	1	0.103115	0.285513	0.666667	0.666667	1.5	1	1	37876.8	1e+20	1.24094e+11	55.7192	75.8837	82.758	75.6368	63.5095	81.5965	
206000	-161416	-1172.58	-114704	-20932.5	0.276795	1	0.118207	16.9195	6.37046	0.0222439	19.8399	0.211353	9239	99	675	-32750.5	82.9686f	69.5726	4	1	1	0.049505	0.0594059	0.009901	9.90099e-09	0	0	0	0	0.818182	0.969697	0.254329	0.453237	0.904762	9.90099e-09	0.0693069	9.90099e-09	1	0.0974026	0.288184	0.666667	0.666667	1.5	1	1	37876.8	1e+20	1.24094e+11	66.3504	73.3491	82.758	75.6368	82.9686	69.5726	
207000	-162737	-1172.58	-116024	-20955.6	0.276795	1	0.135441	14.7666	7.29926	0.0106715	19.8399	0.160988	9257	99	776	-32750.5	76.003f	54.5922	4	1	1	0.049505	0.0594059	0.009901	9.90099e-09	0	0	0	0	0.872727	0.954839	0.268608	0.474026	0.898488	9.90099e-09	0.0693069	9.90099e-09	1	0.101931	0.277992	0.666667	0.666667	1.5	1	1	37876.8	1e+20	1.24094e+11	66.3504	73.3491	82.758	75.6368	76.003	54.5922	
208000	-164569	-1172.58	-117856	-21226.6	0.287555	1	0.137265	14.5704	7.68511	0.00961424	19.8399	0.150873	9475	99	740	-32750.5	60.8815f	28.0402	4	1	1	0.049505	0.0594059	0.009901	9.90099e-09	0	0	0	0	0.863636	0.956522	0.237844	0.52027	0.904661	9.90099e-09	0.0693069	9.90099e-09	1	0.103594	0.317007	0.666667	0.666667	1.5	1	1	37876.8	1e+20	1.24094e+11	84.3292	85.5287	82.758	75.6368	60.8815	28.0402	
209000	-165637	-1172.58	-118924	-21358.7	0.299405	1	0.137265	14.5704	8.0018	0.0134852	19.8399	0.144902	9580	99	736	-32750.5	57.2825f	21.8093	4	1	1	0.049505	0.0594059	0.009901	9.90099e-09	0	0	0	0	0.872727	0.965625	0.253653	0.476821	0.913542	9.90099e-09	0.0693069	9.90099e-09	1	0.0948905	0.259758	0.666667	0.666667	1.5	1	1	37876.8	1e+20	1.24094e+11	77.2029	79.22	72.6931	38.5079	57.2825	21.8093	
210000	-169267	-1172.58	-122555	-21752.9	0.299979	1	0.137265	14.5704	8.01717	0.0379154	19.8399	0.144624	9907	99	751	-32750.5	88.6596f	18.9447	4	1	1	0.0693069	0.0594059	0.009901	9.90099e-09	0	0	0	0	0.8	0.975806	0.24496	0.555556	0.918347	9.90099e-09	0.0693069	9.90099e-09	1	0.0977823	0.306258	0.666667	0.666667	1.5	1	1	37876.8	1e+20	1.24094e+11	77.2029	79.22	78.0291	5.52233	88.6596	18.9447	
211000	-169219	-1172.58	-122507	-21731.3	0.304407	1	0.137265	14.5704	8.04686	0.0354625	19.7857	0.144091	9889	99	764	-32750.5	47.9724f	2.41923	4	1	1	0.0693069	0.0594059	0.009901	9.90099e-09	0	0	0	0	0.827273	0.964646	0.227503	0.544872	0.914141	9.90099e-09	0.0891089	9.90099e-09	1	0.089899	0.272727	0.666667	0.666667	1.5	1	1	37876.8	1e+20	1.24094e+11	77.2029	79.22	78.0291	5.52233	47.9724	2.41923	
212000	-171481	-1172.58	-124768	-21974	0.304407	1	0.137291	14.5676	8.04843	0.0134922	19.7857	0.144034	10093	99	777	-32750.5	77.7196f	39.864	4	1	1	0.0693069	0.0594059	0.009901	9.90099e-09	0	0	0	0	0.863636	0.959566	0.238189	0.598684	0.907921	9.90099e-09	0.0891089	9.90099e-09	1	0.090099	0.312258	0.666667	0.666667	1.5	1	1	37876.8	1e+20	1.24094e+11	77.2029	79.22	86.0239	23.1571	77.7196	39.864	
213000	-168725	-1172.58	-122012	-21593.4	0.304407	1	0.15062	13.2785	8.82978	0.00610767	19.7857	0.119671	9773	99	835	-32750.5	68.3022f	42.8705	4	1	1	0.0693069	0.0891089	0.009901	9.90099e-09	0	0	0	0	0.863636	0.947585	0.250256	0.453488	0.879715	9.90099e-09	0.0891089	9.90099e-09	1	0.137436	0.304604	0.666667	0.666667	1.5	1	1	37876.8	1e+20	1.24094e+11	77.2029	79.22	86.0239	23.1571	68.3022	42.8705	
214000	-167055	-1172.58	-120343	-21445.1	0.298449	1	0.143346	13.9522	8.20705	0.0429705	19.7665	0.135284	9652	99	796	-32750.5	92.4412f	18.5335	4	1	1	0.0693069	0.0891089	0.009901	9.90099e-09	0	0	0	0	0.9	0.961698	0.253361	0.521472	0.905699	9.90099e-09	0.0891089	9.90099e-09	1	0.106515	0.271375	0.666667	0.666667	1.5	1	1	37876.8	1e+20	1.24094e+11	77.2029	79.22	78.0656	32.6156	92.4412	18.5335	
215000	-167177	-1172.58	-120464	-21420.1	0.292244	1	0.150343	13.3029	8.50437	0.0145758	19.8107	0.124479	9632	99	826	-32750.5	78.4073f	38.4127	4	1	1	0.0693069	0.0891089	0.009901	9.90099e-09	0	0	0	0	0.827273	0.967742	0.235722	0.481707	0.912682	9.90099e-09	0.0891089	9.90099e-09	1	0.113188	0.300733	0.666667	0.666667	1.5	1	1	37876.8	1e+20	1.24094e+11	77.2029	79.22	78.0656	32.6156	78.4073	38.4127	
216000	-167606	-1172.58	-120893	-21443.5	0.292244	1	0.150343	13.3029	8.50437	0.0226752	19.8107	0.124479	9651	99	847	-32750.5	83.1755f	30.8377	4	1	1	0.049505	0.0891089	0.009901	9.90099e-09	0	0	0	0	0.890909	0.960744	0.240989	0.485714	0.890609	9.90099e-09	0.0990099	9.90099e-09	1	0.108696	0.291375	0.666667	0.666667	1.5	1	1	37876.8	1e+20	1.24094e+11	77.2029	79.22	78.0656	32.6156	83.1755	30.8377	
217000	-168193	-1172.58	-121480	-21544.9	0.293681	1	0.152618	13.1046	8.63414	0.0188893	19.7871	0.12078	9734	99	817	-32750.5	76.2895f	27.1341	4	1	1	0.049505	0.0891089	0.029703	9.90099e-09	0	0	0	0	0.8	0.963039	0.259754	0.490909	0.888658	9.90099e-09	0.0990099	9.90099e-09	1	0.0821355	0.27611	0.666667	0.666667	1.5	1	1	37876.8	1e+20	1.24094e+11	77.2029	79.22	78.0656	32.6156	76.2895	27.1341	
218000	-166943	-1172.58	-120231	-21408.9	0.293681	1	0.152618	13.1046	8.24281	0.0248546	19.559	0.126514	9623	99	815	-32750.5	44.8143f	10.6116	4	1	1	0.049505	0.0891089	0.029703	9.90099e-09	0	0	0	0	0.890909	0.9625	0.264033	0.52381	0.895661	9.90099e-09	0.0990099	9.90099e-09	1	0.0758048	0.273736	0.666667	0.666667	1.5	1	1	37876.8	1e+20	1.24094e+11	77.2029	79.22	78.0656	32.6156	44.8143	10.6116	
219000	-165967	-1172.58	-119254	-21293.7	0.293681	1	0.150749	13.2671	8.14185	0.0294714	19.559	0.129671	9529	99	824	-32750.5	81.3516f	19.6611	4	1	1	0.049505	0.0693069	0.029703	9.90099e-09	0	0	0	0	0.872727	0.969665	0.258132	0.581818	0.888772	9.90099e-09	0.0990099	9.90099e-09	1	0.110178	0.287454	0.666667	0.666667	1.5	1	1	37876.8	1e+20	1.24094e+11	77.2029	79.22	78.0656	32.6156	81.3516	19.6611	
220000	-170366	-1172.58	-123654	-21703.6	0.299819	1	0.15057	13.2829	8.30214	0.0258338	19.559	0.127319	9866	99	898	-32750.5	26.3779f	17.1096	4	1	1	0.049505	0.0693069	0.029703	9.90099e-09	0	0	0	0	0.881818	0.961185	0.267748	0.505814	0.906788	9.90099e-09	0.0990099	9.90099e-09	1	0.0901722	0.311804	0.666667	0.666667	1.5	1	1	37876.8	1e+20	1.24094e+11	77.2029	79.22	78.0656	32.6156	26.3779	17.1096	
221000	-169726	-1172.58	-123014	-21687.9	0.301918	1	0.149497	13.3782	8.30071	0.0527623	19.559	0.128254	9853	99	849	-32750.5	91.9957f	9.23719	4	1	1	0.029703	0.0693069	0.029703	9.90099e-09	0	0	0	0	0.836364	0.963415	0.239064	0.505882	0.894201	9.90099e-09	0.118812	9.90099e-09	1	0.116633	0.317926	0.666667	0.666667	1.5	1	1	37876.8	1e+20	1.24094e+11	77.2029	79.22	78.0656	32.6156	91.9957	9.23719	
222000	-169320	-1172.58	-122608	-21675.9	0.301918	1	0.14184	14.1004	7.84093	0.0438923	19.5374	0.143105	9843	99	821	-32750.5	98.1974f	26.8106	4	1	1	0.029703	0.0693069	0.029703	9.90099e-09	0	0	0	0	0.854545	0.956167	0.254564	0.506024	0.904569	9.90099e-09	0.118812	9.90099e-09	1	0.125888	0.319951	0.666667	0.666667	1.5	1	1	37876.8	1e+20	1.24094e+11	77.2029	79.22	78.0656	32.6156	98.1974	26.8106	
223000	-170918	-1172.58	-124206	-21765.8	0.301918	1	0.149918	13.3406	8.28753	0.00191541	19.5374	0.128097	9918	99	893	-32750.5	52.6949f	40.2407	4	1	1	0.029703	0.0693069	0.019802	9.90099e-09	0	0	0	0	0.827273	0.962814	0.258325	0.511494	0.892929	9.90099e-09	0.118812	9.90099e-09	1	0.127016	0.311236	0.666667	0.666667	1.5	1	1	37876.8	1e+20	1.24094e+11	78.8136	67.2995	78.0656	32.6156	52.6949	40.2407	
