
# before rand glnL: -46075.793952 alnL: -1235.473336
# ninter: 98
# ncoal: 98
# nhits: 98
# true lbda: 0.002695
# true mu: 0.526796
# true rad: 24.769947
# true sigsq: 0.671548
# true neigh. size: 3.796539
# fst-based estimate of neighborhood size: -nan
# nucleotide diversity: 0.000000
# length of a generation: 20304.4 time units
# clock rate: 1 subst. per time unit
# after rand glnL: -46075.793952 alnL: -1235.473336
# ninter: 98
# ncoal: 98
# nhits: 98
# start lbda: 0.002695
# start mu: 0.526796
# start rad: 7.430735
sample	lnP	alnL	glnL	tlnL	lbda	clock	mu	neigh	sigsq	sigsqobs	rad	rhoe	nInt	nCoal	nHit	rootTime	rootLon	rootLat	tstv	alpha	MeanBr	accLbda	accMu	accRad	accInDelDisk	accInDelHit	accScaleTime	accSPR	accSPRlocal	accPath	accIndelDiskSerial	accIndelHitSerial	accLdskGivenDisk	accDiskGivenLdsk	accDiskAndLdsk	accLdskMulti	accDiskMulti	accMoveDiskUD	accAddRemoveJump	accLdskTipToRoot	tuneLbda	tuneRad	tuneMu	tuneIndelDisk	tuneIndelHit	tuneLdskGivenDisk	tuneIndelDiskSerial	tuneIndelHitSerial	c0	c1	rootc0	rootc1	rootldsk0	rootldsk1	
  1000	-52405.3	-1235.47	-5629.82	-1505.86	0.00732798	1	0.173013	11.5598	0.244268	0.0621912	19.7878	3.76593	251	98	108	-37108.6	98.1014f	1.88725	4	1	1	0	0	0	0	0	0	0	0	0.990909	0.785124	0.294118	0.531532	0.504132	0	0	0	1	0.133333	0.25	1	1	1	1	1	1.5	7.59375	0.444444	42.5526	51.3125	78.1965	1.25861	98.1014	1.88725	
  2000	-53689.1	-1235.47	-6913.62	-1932.41	0.00746135	1	0.204914	9.76017	0.294573	0.0106453	19.7878	2.63666	338	98	117	-37108.6	46.1731f	22.1092	4	1	1	0	0	0	0	0	0	0	0	0.963636	0.932692	0.298077	0.475728	0.762963	0	0	0	1	0.190476	0.155738	1	1	1	1	1	5.0625	194.62	3.375	27.2309	22.5461	78.1965	1.25861	46.1731	22.1092	
  3000	-54911.6	-1235.47	-8136.13	-2291.1	0.0100781	1	0.207198	9.6526	0.391595	0.0253278	19.6547	1.96154	417	98	129	-37108.6	80.7718f	19.4252	4	1	1	0	0	0	0	0	0	0	0	0.990909	0.888889	0.285714	0.472727	0.685484	0	0	0	1	0.119048	0.151515	1	1	1	1	1	11.3906	127834	38.4434	19.5755	28.9398	78.1965	1.25861	80.7718	19.4252	
  4000	-55843	-1235.47	-9067.53	-2596.08	0.0116781	1	0.19858	10.0715	0.434895	0.0384756	19.6547	1.8429	486	98	129	-37108.6	69.3854f	0.0407961	4	1	1	0	0	0	0	0	0	0	0	0.963636	0.960784	0.286667	0.523364	0.733333	0	0	0	1	0.2	0.153226	1	1	1	1	1	25.6289	5.59777e+07	656.841	19.5755	28.9398	78.1965	1.25861	69.3854	0.0407961	
  5000	-56870.4	-1235.47	-10094.9	-2883.84	0.0142539	1	0.186588	10.7188	0.49876	0.030048	19.6547	1.71019	554	98	140	-37108.6	76.3866f	10.7303	4	1	1	0	0	0	0	0	0	0	0	0.963636	0.946903	0.3125	0.473684	0.752212	0	0	0	1	0.116071	0.1875	1	1	1	1	1	57.665	2.45123e+10	4987.89	19.5755	28.9398	78.1965	1.25861	76.3866	10.7303	
  6000	-58905.1	-1235.47	-12129.6	-3436.91	0.0174493	1	0.196865	10.1593	0.644199	0.0335364	19.6547	1.25497	689	98	161	-37108.6	79.7204f	9.82086	4	1	1	0	0	0	0	0	0	0	0	0.945455	0.89781	0.212121	0.407407	0.825758	0	0	0	1	0.173913	0.221477	1	1	1	1	1	194.62	1.61007e+13	985.261	7.86539	19.7786	78.1965	1.25861	79.7204	9.82086	
  7000	-60108	-1235.47	-13332.5	-3812.01	0.021512	1	0.196865	10.1593	0.794188	0.0335364	19.6547	1.01796	785	98	154	-37108.6	79.7204f	9.82086	4	1	1	0.207921	0.277228	0.039604	0	0	0	0	0	0.945455	0.928105	0.269231	0.526316	0.79085	0	0.0693069	0.0792079	1	0.160256	0.2375	0.666667	0.666667	1.5	1	1	291.929	2.08901e+15	3325.26	13.3543	62.0098	78.1965	1.25861	79.7204	9.82086	
  8000	-62985.4	-1235.47	-16210	-4483.19	0.0256191	1	0.208019	9.61451	1.05496	0.0211427	19.9223	0.725237	964	98	205	-37108.6	77.2329f	21.2165	4	1	1	0.207921	0.277228	0.039604	0	0	0	0	0	0.945455	0.958549	0.298429	0.490741	0.842932	0	0.0693069	0.0792079	1	0.120419	0.190476	0.666667	0.666667	1.5	1	1	985.261	2.05822e+18	191751	13.3543	62.0098	78.1965	1.25861	77.2329	21.2165	
  9000	-62624	-1235.47	-15848.5	-4424.56	0.0256191	1	0.202719	9.86586	1.02809	0.0203603	19.9223	0.763653	948	98	194	-37108.6	78.5683f	23.6536	4	1	1	0.207921	0.277228	0.039604	0	0	0	0	0	0.927273	0.954082	0.263158	0.533981	0.796954	0	0.0693069	0.0792079	1	0.147368	0.199005	0.666667	0.666667	1.5	1	1	3325.26	1e+20	3.27625e+06	13.3543	62.0098	78.1965	1.25861	78.5683	23.6536	
 10000	-65074.7	-1235.47	-18299.2	-5002.41	0.0306847	1	0.246715	8.10653	1.41453	0.0418604	19.6368	0.456049	1109	98	227	-37108.6	94.9466f	16.9962	4	1	1	0.207921	0.277228	0.039604	0	0	0	0	0	0.963636	0.901786	0.392857	0.490909	0.774775	0	0.0693069	0.0792079	1	0.133929	0.202643	0.666667	0.666667	1.5	1	1	7481.83	1e+20	3.73185e+07	71.6614	26.5868	78.1965	1.25861	94.9466	16.9962	
 11000	-65807.4	-1235.47	-19032	-5276.86	0.0326899	1	0.233377	8.56984	1.4255	0.0387808	19.6368	0.478405	1188	98	204	-37108.6	76.0556f	2.95747	4	1	1	0.207921	0.277228	0.039604	9.90099e-09	0	0	0	0	0.936364	0.942149	0.266667	0.536364	0.8	0	0.0693069	0.0792079	1	0.175	0.183575	0.666667	0.666667	1.5	1	1	7481.83	1e+20	3.73185e+07	71.6614	26.5868	78.1965	1.25861	76.0556	2.95747	
 12000	-68546.3	-1235.47	-21770.8	-5949.53	0.0363314	1	0.200774	9.96145	1.36297	0.0358465	19.6368	0.581602	1388	98	223	-37108.6	96.8539f	28.5596	4	1	1	0.207921	0.277228	0.039604	9.90099e-09	0	0	0	0	0.881818	0.94964	0.323741	0.541667	0.791367	0	0.118812	0.0792079	1	0.151079	0.204348	0.666667	0.666667	1.5	1	1	7481.83	1e+20	3.73185e+07	71.6614	26.5868	78.1965	1.25861	96.8539	28.5596	
 13000	-70582.8	-1235.47	-23807.3	-6408.78	0.0404922	1	0.200774	9.96145	1.37447	0.00302969	19.1519	0.576738	1530	98	248	-37108.6	51.997f	35.3795	4	1	1	0.108911	0.108911	0.039604	9.90099e-09	0	0	0	0	0.945455	0.941935	0.294872	0.548387	0.824675	0	0.118812	0.019802	1	0.155844	0.173387	0.666667	0.666667	1.5	1	1	7481.83	1e+20	3.73185e+07	71.6614	26.5868	94.1796	25.6108	51.997	35.3795	
 14000	-71379.1	-1235.47	-24603.7	-6681.19	0.0405481	1	0.175942	11.3674	1.3527	0.0463825	19.7089	0.668726	1615	98	223	-37108.6	97.0015f	14.825	4	1	1	0.108911	0.108911	0.049505	9.90099e-09	0	0	0	0	0.945455	0.975309	0.265432	0.557377	0.839506	9.90099e-09	0.118812	0.019802	1	0.0987654	0.151899	0.666667	0.666667	1.5	1	1	7481.83	1e+20	3.73185e+07	71.6614	26.5868	76.9571	36.6216	97.0015	14.825	
 15000	-71884.2	-1235.47	-25108.7	-6772.11	0.0427223	1	0.225896	8.85363	1.8299	0.010694	19.7089	0.385021	1645	98	234	-37108.6	68.9474f	70.0599	4	1	1	0.108911	0.108911	0.049505	9.90099e-09	0	0	0	0	0.909091	0.95122	0.260606	0.561983	0.854545	9.90099e-09	0.118812	0.019802	1	0.139394	0.2	0.666667	0.666667	1.5	1	1	7481.83	1e+20	3.73185e+07	67.8815	13.3752	76.9571	36.6216	68.9474	70.0599	
 16000	-73524.2	-1235.47	-26748.7	-7116.7	0.0424984	1	0.206282	9.69548	1.59923	0.0057437	19.5194	0.482446	1754	98	268	-37108.6	67.0091f	38.7527	4	1	1	0.108911	0.108911	0.049505	9.90099e-09	0	0	0	0	0.890909	0.948864	0.28	0.579832	0.778409	9.90099e-09	0.118812	0.019802	1	0.102273	0.182836	0.666667	0.666667	1.5	1	1	7481.83	1e+20	3.73185e+07	68.8652	78.3192	76.9571	36.6216	67.0091	38.7527	
 17000	-73148.4	-1235.47	-26373	-6999.03	0.0440181	1	0.217009	9.2162	1.74256	0.0240532	19.5194	0.420877	1718	98	269	-37108.6	84.417f	25.5436	4	1	1	0.108911	0.108911	0.049505	9.90099e-09	0	0	0	0	0.936364	0.902299	0.323699	0.457143	0.83908	9.90099e-09	0.118812	0.019802	1	0.145349	0.217899	0.666667	0.666667	1.5	1	1	7481.83	1e+20	3.73185e+07	68.8652	78.3192	76.9571	36.6216	84.417	25.5436	
 18000	-72863.8	-1235.47	-26088.3	-6994.11	0.0454069	1	0.206417	9.6891	1.7098	0.016034	19.5194	0.450949	1717	98	245	-37108.6	84.193f	48.417	4	1	1	0.108911	0.108911	0.049505	9.90099e-09	0	0	0	0	0.909091	0.935673	0.186047	0.466667	0.883721	9.90099e-09	0.108911	0.019802	1	0.116279	0.22619	0.666667	0.666667	1.5	1	1	7481.83	1e+20	3.73185e+07	68.8652	78.3192	76.9571	36.6216	84.193	48.417	
 19000	-74547.9	-1235.47	-27772.5	-7320.62	0.0473598	1	0.216879	9.22174	1.91491	0.0038672	19.6258	0.383226	1824	98	276	-37108.6	62.3183f	38.8161	4	1	1	0.108911	0.108911	0.0594059	9.90099e-09	0	0	0	0	0.927273	0.956044	0.296703	0.465517	0.81768	9.90099e-09	0.108911	0.019802	1	0.136612	0.207746	0.666667	0.666667	1.5	1	1	7481.83	1e+20	3.73185e+07	68.8652	78.3192	61.1064	55.2856	62.3183	38.8161	
 20000	-74824	-1235.47	-28048.5	-7427.18	0.0528346	1	0.213023	9.38866	1.8208	0.000485411	18.9421	0.410327	1859	98	267	-37108.6	50.6879f	53.9591	4	1	1	0.188119	0.108911	0.0594059	9.90099e-09	0	0	0	0	0.954545	0.935829	0.204301	0.491379	0.854839	9.90099e-09	0.108911	9.90099e-09	1	0.107527	0.173145	0.666667	0.666667	1.5	1	1	7481.83	1e+20	3.73185e+07	68.8652	78.3192	49.9378	56.9049	50.6879	53.9591	
 21000	-75398.3	-1235.47	-28622.9	-7572.2	0.053584	1	0.19382	10.3189	1.87231	0.0270943	19.4618	0.438575	1908	98	263	-37108.6	39.1182f	92.9693	4	1	1	0.188119	0.108911	0.0594059	9.90099e-09	0	0	0	0	0.936364	0.953125	0.235602	0.504762	0.833333	9.90099e-09	0.108911	9.90099e-09	1	0.120419	0.22619	0.666667	0.666667	1.5	1	1	7481.83	1e+20	3.73185e+07	68.8652	78.3192	49.9378	56.9049	39.1182	92.9693	
 22000	-76491.1	-1235.47	-29715.7	-7779.98	0.053584	1	0.19382	10.3189	2.00516	0.0112671	19.7982	0.409517	1979	98	282	-37108.6	58.2765f	22.2646	4	1	1	0.188119	0.108911	0.0594059	9.90099e-09	0	0	0	0	0.918182	0.944444	0.313131	0.521739	0.857143	9.90099e-09	0.108911	9.90099e-09	1	0.131313	0.180851	0.666667	0.666667	1.5	1	1	7481.83	1e+20	3.73185e+07	48.9914	91.7038	49.9378	56.9049	58.2765	22.2646	
 23000	-77926.2	-1235.47	-31150.7	-8148.72	0.053584	1	0.181716	11.0062	1.87994	0.0101137	19.7982	0.465888	2105	98	269	-37108.6	52.7985f	22.7166	4	1	1	0.188119	0.108911	0.0594059	9.90099e-09	0	0	0	0	0.9	0.957547	0.254717	0.54386	0.834906	9.90099e-09	0.108911	9.90099e-09	1	0.0981308	0.194757	0.666667	0.666667	1.5	1	1	7481.83	1e+20	3.73185e+07	48.9914	91.7038	49.9378	56.9049	52.7985	22.7166	
 24000	-79290.2	-1235.47	-32514.8	-8404.93	0.0580989	1	0.194806	10.2666	2.1728	0.0263354	19.7701	0.37601	2196	98	293	-37108.6	81.596f	19.0418	4	1	1	0.188119	0.108911	0.0594059	9.90099e-09	0	0	0	0	0.881818	0.955157	0.257919	0.53125	0.834081	9.90099e-09	0.108911	9.90099e-09	1	0.181818	0.204698	0.666667	0.666667	1.5	1	1	7481.83	1e+20	3.73185e+07	48.9914	91.7038	49.9378	56.9049	81.596	19.0418	
 25000	-80246.3	-1235.47	-33470.8	-8536.95	0.060627	1	0.234034	8.54578	2.66129	0.0137007	19.6555	0.255534	2243	98	331	-37108.6	24.695f	68.6604	4	1	1	0.188119	0.108911	0.118812	9.90099e-09	0	0	0	0	0.9	0.929204	0.195556	0.477612	0.853982	9.90099e-09	0.128713	9.90099e-09	1	0.143498	0.18018	0.666667	0.666667	1.5	1	1	7481.83	1e+20	3.73185e+07	48.9914	91.7038	49.9378	56.9049	24.695	68.6604	
 26000	-81415.2	-1235.47	-34639.7	-8720.43	0.0596238	1	0.235314	8.49928	2.67636	0.00883438	19.7386	0.252713	2308	98	366	-37108.6	51.3346f	74.8892	4	1	1	0.0990099	0.0693069	0.118812	9.90099e-09	0	0	0	0	0.954545	0.93913	0.275109	0.464286	0.859649	9.90099e-09	0.128713	9.90099e-09	1	0.125541	0.17663	0.666667	0.666667	1.5	1	1	7481.83	1e+20	3.73185e+07	48.9914	91.7038	49.9378	56.9049	51.3346	74.8892	
 27000	-81731.3	-1235.47	-34955.8	-8882.15	0.062324	1	0.22856	8.75042	2.71727	0.00480699	19.7386	0.256263	2367	98	332	-37108.6	45.0604f	67.4227	4	1	1	0.0990099	0.0693069	0.118812	9.90099e-09	0	0	0	0	0.9	0.944444	0.290598	0.563107	0.834043	9.90099e-09	0.128713	9.90099e-09	1	0.123932	0.16763	0.666667	0.666667	1.5	1	1	7481.83	1e+20	3.73185e+07	48.9914	91.7038	49.9378	56.9049	45.0604	67.4227	
 28000	-81368.3	-1235.47	-34592.9	-8884.42	0.0645317	1	0.181074	11.0452	2.22898	0.0440902	19.7386	0.39433	2368	98	293	-37108.6	18.7358f	97.403	4	1	1	0.0990099	0.0693069	0.118812	9.90099e-09	0	0	0	0	0.881818	0.966387	0.230126	0.553398	0.877637	9.90099e-09	0.128713	9.90099e-09	1	0.0970464	0.184524	0.666667	0.666667	1.5	1	1	7481.83	1e+20	3.73185e+07	48.9914	91.7038	11.9328	82.3953	18.7358	97.403	
 29000	-82318.5	-1235.47	-35543.1	-9081.47	0.0650175	1	0.18957	10.5502	2.35113	0.0536292	19.7386	0.357087	2440	98	299	-37108.6	6.85129f	95.5275	4	1	1	0.0990099	0.0693069	0.118812	9.90099e-09	0	0	0	0	0.9	0.954918	0.266393	0.569231	0.844898	9.90099e-09	0.128713	9.90099e-09	1	0.142857	0.168285	0.666667	0.666667	1.5	1	1	7481.83	1e+20	3.73185e+07	48.9914	91.7038	24.8277	58.9166	6.85129	95.5275	
 30000	-84491.3	-1235.47	-37715.9	-9514.72	0.0688941	1	0.196164	10.1955	2.57798	0.0164291	19.7386	0.314717	2601	98	326	-37108.6	15.3186f	51.0426	4	1	1	0.0990099	0.0693069	0.118812	9.90099e-09	0	0	0	0	0.909091	0.954023	0.212928	0.62037	0.80916	9.90099e-09	0.128713	9.90099e-09	1	0.122605	0.178886	0.666667	0.666667	1.5	1	1	7481.83	1e+20	3.73185e+07	48.9914	91.7038	24.8277	58.9166	15.3186	51.0426	
 31000	-86623.8	-1235.47	-39848.3	-9953.09	0.0738865	1	0.17931	11.1539	2.52724	0.00202879	19.7386	0.351213	2768	98	334	-37108.6	43.75f	39.9089	4	1	1	0.0990099	0.0693069	0.009901	9.90099e-09	0	0	0	0	0.9	0.927536	0.332117	0.509434	0.872727	9.90099e-09	0.0891089	9.90099e-09	1	0.0942029	0.196429	0.666667	0.666667	1.5	1	1	7481.83	1e+20	3.73185e+07	74.1704	94.4485	46.8027	58.3288	43.75	39.9089	
 32000	-88880.9	-1235.47	-42105.4	-10404.4	0.0796597	1	0.17931	11.1539	2.72724	0.00859206	19.7432	0.325456	2944	98	352	-37108.6	53.0286f	24.9288	4	1	1	0.0990099	0.0693069	0.009901	9.90099e-09	0	0	0	0	0.9	0.949324	0.266892	0.432692	0.87931	9.90099e-09	0.0891089	9.90099e-09	1	0.132203	0.210227	0.666667	0.666667	1.5	1	1	7481.83	1e+20	3.73185e+07	74.1704	94.4485	46.8027	58.3288	53.0286	24.9288	
 33000	-91102	-1235.47	-44326.5	-10706.6	0.0810026	1	0.222771	8.97781	3.61849	0.00110748	19.9866	0.197439	3064	98	429	-37108.6	55.4533f	43.7284	4	1	1	0.0990099	0.148515	0.009901	9.90099e-09	0	0	0	0	0.909091	0.940984	0.261438	0.429752	0.847403	9.90099e-09	0.0891089	9.90099e-09	1	0.149837	0.182033	0.666667	0.666667	1.5	1	1	7481.83	1e+20	3.73185e+07	71.3225	94.9174	46.8027	58.3288	55.4533	43.7284	
 34000	-91109.9	-1235.47	-44334.4	-10790.8	0.0826806	1	0.222168	9.00221	3.35185	0.0106082	19.5208	0.213724	3098	98	392	-37108.6	73.7547f	35.356	4	1	1	0.0990099	0.148515	0.009901	9.90099e-09	0	0	0	0	0.872727	0.944984	0.290323	0.537815	0.799353	9.90099e-09	0.0891089	9.90099e-09	1	0.125806	0.18136	0.666667	0.666667	1.5	1	1	7481.83	1e+20	3.73185e+07	71.3225	94.9174	46.8027	58.3288	73.7547	35.356	
 35000	-91500.6	-1235.47	-44725.1	-10895.5	0.0826545	1	0.205764	9.71987	3.10339	0.018565	19.5208	0.249238	3140	98	385	-37108.6	13.0779f	50.0529	4	1	1	0.0990099	0.148515	0.009901	9.90099e-09	0	0	0	0	0.9	0.937107	0.238095	0.516393	0.84127	9.90099e-09	0.0891089	9.90099e-09	1	0.0952381	0.176039	0.666667	0.666667	1.5	1	1	7481.83	1e+20	3.73185e+07	71.3225	94.9174	46.8027	58.3288	13.0779	50.0529	
 36000	-91728.1	-1235.47	-44952.6	-10853.1	0.0826545	1	0.211501	9.45621	3.50004	0.00527574	19.9789	0.214998	3123	98	416	-37108.6	53.3032f	68.7181	4	1	1	0.0990099	0.148515	0.009901	9.90099e-09	0	0	0	0	0.890909	0.939297	0.258786	0.508065	0.837061	9.90099e-09	0.0891089	9.90099e-09	1	0.134185	0.207965	0.666667	0.666667	1.5	1	1	7481.83	1e+20	3.73185e+07	71.3225	94.9174	46.8027	58.3288	53.3032	68.7181	
 37000	-93254.3	-1235.47	-46478.9	-11124.9	0.0826545	1	0.204896	9.76103	3.39073	0.0142643	19.9789	0.229083	3232	98	439	-37108.6	19.1992f	59.4062	4	1	1	0.0990099	0.148515	0.009901	9.90099e-09	0	0	0	0	0.845455	0.956923	0.263975	0.474074	0.839506	0.009901	0.0990099	9.90099e-09	1	0.169753	0.1959	0.666667	0.666667	1.5	1	1	7481.83	1e+20	3.73185e+07	71.3225	94.9174	46.8027	58.3288	19.1992	59.4062	
 38000	-92987.7	-1235.47	-46212.2	-11108.5	0.0860339	1	0.204896	9.76103	3.52937	0.0101805	19.9789	0.220084	3227	98	420	-37108.6	73.8467f	62.627	4	1	1	0.029703	0.148515	0.049505	9.90099e-09	0	0	0	0	0.881818	0.962848	0.270186	0.487805	0.869565	0.009901	0.0990099	9.90099e-09	1	0.136646	0.192214	0.666667	0.666667	1.5	1	1	7481.83	1e+20	3.73185e+07	71.3225	94.9174	46.8027	58.3288	73.8467	62.627	
 39000	-93185.1	-1235.47	-46409.7	-11177.2	0.0860339	1	0.191327	10.4533	3.29563	0.00492651	19.9789	0.25241	3255	98	406	-37108.6	37.1138f	63.1997	4	1	1	0.029703	0.0891089	0.049505	9.90099e-09	0	0	0	0	0.918182	0.956656	0.253086	0.508197	0.889571	0.009901	0.0990099	9.90099e-09	1	0.141104	0.217722	0.666667	0.666667	1.5	1	1	7481.83	1e+20	3.73185e+07	0.837007	72.7866	46.8027	58.3288	37.1138	63.1997	
 40000	-93623.3	-1235.47	-46847.8	-11307.2	0.0860339	1	0.191327	10.4533	3.00294	0.00396962	19.5197	0.277011	3308	98	396	-37108.6	35.8923f	40.7331	4	1	1	0.029703	0.0891089	0.049505	9.90099e-09	0	0	0	0	0.845455	0.93921	0.224924	0.54386	0.854103	0.009901	0.0990099	9.90099e-09	1	0.148036	0.176322	0.666667	0.666667	1.5	1	1	7481.83	1e+20	3.73185e+07	53.5715	90.2772	34.3747	78.9015	35.8923	40.7331	
 41000	-93463.9	-1235.47	-46688.4	-11293.4	0.087717	1	0.198943	10.0531	3.33104	0.00761253	19.7419	0.240166	3303	98	389	-37108.6	67.3052f	65.3814	4	1	1	0.029703	0.0891089	0.049505	9.90099e-09	0	0	0	0	0.872727	0.942249	0.248485	0.555556	0.893617	0.009901	0.0990099	9.90099e-09	1	0.117825	0.141388	0.666667	0.666667	1.5	1	1	7481.83	1e+20	3.73185e+07	76.373	79.1511	41.375	70.9178	67.3052	65.3814	
 42000	-94236.7	-1235.47	-47461.3	-11483.4	0.0900476	1	0.184915	10.8158	3.17841	0.00436385	19.7419	0.270794	3382	98	374	-37108.6	35.8298f	60.0017	4	1	1	0.029703	0.0891089	0.049505	9.90099e-09	0	0	0	0	0.881818	0.955357	0.249258	0.524194	0.864706	0.009901	0.118812	9.90099e-09	1	0.11276	0.217284	0.666667	0.666667	1.5	1	1	7481.83	1e+20	3.73185e+07	76.373	79.1511	20.1601	45.6144	35.8298	60.0017	
 43000	-94425.9	-1235.47	-47650.4	-11447.2	0.0906073	1	0.184915	10.8158	3.01277	0.0079648	19.4494	0.285682	3367	98	407	-37108.6	56.9232f	72.5832	4	1	1	0.029703	0.0891089	0.049505	9.90099e-09	0	0	0	0	0.918182	0.952381	0.280967	0.538462	0.873112	0.009901	0.118812	9.90099e-09	1	0.130952	0.19084	0.666667	0.666667	1.5	1	1	7481.83	1e+20	3.73185e+07	76.373	79.1511	20.1601	45.6144	56.9232	72.5832	
 44000	-95627.8	-1235.47	-48852.4	-11700	0.0930177	1	0.184227	10.8561	3.31061	0.00364332	19.8013	0.26095	3473	98	400	-37108.6	65.248f	54.1126	4	1	1	0.0990099	0.0891089	0.039604	9.90099e-09	0	0	0	0	0.909091	0.936963	0.291429	0.491525	0.862464	0.009901	0.118812	9.90099e-09	1	0.0977012	0.182927	0.666667	0.666667	1.5	1	1	7481.83	1e+20	3.73185e+07	23.4124	92.1284	20.1601	45.6144	65.248	54.1126	
 45000	-96410.3	-1235.47	-49634.8	-11780.8	0.0929383	1	0.198726	10.0641	3.11917	0.0457648	19.1467	0.25676	3507	98	441	-37108.6	17.1534f	1.66515	4	1	1	0.0990099	0.0891089	0.039604	9.90099e-09	0	0	0	0	0.863636	0.934659	0.207865	0.465116	0.857955	0.009901	0.118812	9.90099e-09	1	0.150997	0.189573	0.666667	0.666667	1.5	1	1	7481.83	1e+20	3.73185e+07	50.2564	98.2465	20.1601	45.6144	17.1534	1.66515	
 46000	-99207.4	-1235.47	-52431.9	-12251.6	0.101515	1	0.232982	8.58434	4.24681	0.0178518	19.4424	0.160855	3709	98	478	-37108.6	20.34f	28.9113	4	1	1	0.0990099	0.0792079	0.039604	9.90099e-09	0	0	0	0	0.827273	0.954178	0.25	0.557823	0.849057	0.009901	0.118812	9.90099e-09	1	0.137466	0.188797	0.666667	0.666667	1.5	1	1	7481.83	1e+20	3.73185e+07	50.2564	98.2465	20.1601	45.6144	20.34	28.9113	
 47000	-99455	-1235.47	-52679.5	-12372.9	0.100671	1	0.189834	10.5355	3.53327	0.0225072	19.5849	0.237284	3762	98	440	-37108.6	18.7694f	23.5725	4	1	1	0.0990099	0.0792079	0.039604	9.90099e-09	0	0	0	0	0.863636	0.949602	0.231383	0.565891	0.867021	0.009901	0.118812	9.90099e-09	1	0.140957	0.186636	0.666667	0.666667	1.5	1	1	7481.83	1e+20	3.73185e+07	50.2564	98.2465	20.1601	45.6144	18.7694	23.5725	
 48000	-100311	-1235.47	-53535.4	-12583.2	0.0997098	1	0.174809	11.441	3.36055	0.00529901	19.7913	0.270923	3853	98	428	-37108.6	31.4316f	55.3803	4	1	1	0.0990099	0.0792079	0.039604	9.90099e-09	0	0	0	0	0.881818	0.945455	0.251948	0.519685	0.854167	0.009901	0.168317	9.90099e-09	1	0.132124	0.190024	0.666667	0.666667	1.5	1	1	7481.83	1e+20	3.73185e+07	21.5323	96.8388	20.1601	45.6144	31.4316	55.3803	
 49000	-99147	-1235.47	-52371.6	-12404.1	0.104689	1	0.160813	12.4368	3.24587	0.0158556	19.7913	0.304907	3775	98	398	-37108.6	16.2619f	44.7715	4	1	1	0.0990099	0.0792079	0.039604	9.90099e-09	0	0	0	0	0.918182	0.944882	0.221636	0.479339	0.870712	0.009901	0.168317	9.90099e-09	1	0.148148	0.18593	0.666667	0.666667	1.5	1	1	7481.83	1e+20	3.73185e+07	10.0844	67.1381	32.5149	44.0328	16.2619	44.7715	
 50000	-101069	-1235.47	-54293.9	-12776.5	0.107746	1	0.175371	11.4044	3.64306	0.0153165	19.7913	0.249113	3940	98	401	-37108.6	17.5176f	57.8331	4	1	1	0.0594059	0.0792079	0.049505	9.90099e-09	0	0	0	0	0.9	0.939241	0.268354	0.503937	0.875949	9.90099e-09	0.168317	9.90099e-09	1	0.0969388	0.198135	0.666667	0.666667	1.5	1	1	7481.83	1e+20	3.73185e+07	10.0844	67.1381	32.5149	44.0328	17.5176	57.8331	
 51000	-103039	-1235.47	-56263.4	-13131.9	0.109462	1	0.159497	12.5394	3.36607	0.0117504	19.7913	0.296445	4100	98	415	-37108.6	45.736f	20.7191	4	1	1	0.0594059	0.0792079	0.049505	9.90099e-09	0	0	0	0	0.881818	0.963592	0.26699	0.377049	0.89372	9.90099e-09	0.168317	9.90099e-09	1	0.124088	0.17561	0.666667	0.666667	1.5	1	1	7481.83	1e+20	3.73185e+07	19.3075	96.4281	32.5149	44.0328	45.736	20.7191	
 52000	-104672	-1235.47	-57896.7	-13423.2	0.116087	1	0.19138	10.4504	4.28338	0.0148434	19.7913	0.19415	4233	98	424	-37108.6	19.4005f	61.9188	4	1	1	0.0594059	0.138614	0.049505	9.90099e-09	0	0	0	0	0.881818	0.926887	0.265882	0.514493	0.855478	9.90099e-09	0.168317	9.90099e-09	1	0.124706	0.196759	0.666667	0.666667	1.5	1	1	7481.83	1e+20	3.73185e+07	19.3075	96.4281	32.5149	44.0328	19.4005	61.9188	
 53000	-106426	-1235.47	-59650.6	-13621.3	0.116185	1	0.18662	10.717	4.18037	0.020148	19.7913	0.204008	4325	98	490	-37108.6	15.2825f	66.2501	4	1	1	0.0594059	0.138614	0.049505	9.90099e-09	0	0	0	0	0.863636	0.954023	0.28211	0.547297	0.89016	9.90099e-09	0.168317	9.90099e-09	1	0.14023	0.187755	0.666667	0.666667	1.5	1	1	7481.83	1e+20	3.73185e+07	19.3075	96.4281	33.5389	58.5112	15.2825	66.2501	
 54000	-106455	-1235.47	-59679.4	-13668.7	0.116185	1	0.17211	11.6205	4.01874	0.028957	19.9978	0.230104	4347	98	467	-37108.6	15.868f	80.7904	4	1	1	0.0594059	0.138614	0.049505	9.90099e-09	0	0	0	0	0.918182	0.972286	0.243619	0.517986	0.878161	9.90099e-09	0.168317	9.90099e-09	1	0.121839	0.202559	0.666667	0.666667	1.5	1	1	7481.83	1e+20	3.73185e+07	19.3075	96.4281	33.5389	58.5112	15.868	80.7904	
 55000	-106409	-1235.47	-59633.3	-13593.4	0.116185	1	0.193224	10.3507	4.51174	0.0061093	19.9978	0.182564	4312	98	495	-37108.6	31.6439f	59.6916	4	1	1	0.0594059	0.138614	0.049505	9.90099e-09	0	0	0	0	0.881818	0.95338	0.214118	0.538462	0.858124	9.90099e-09	0.128713	9.90099e-09	1	0.109557	0.200811	0.666667	0.666667	1.5	1	1	7481.83	1e+20	3.73185e+07	17.8391	24.6537	33.5389	58.5112	31.6439	59.6916	
 56000	-108326	-1235.47	-61550.5	-13928.5	0.120039	1	0.193224	10.3507	4.66141	0.0139689	19.9978	0.176703	4469	98	507	-37108.6	19.6969f	39.4774	4	1	1	0.0594059	0.138614	0.049505	0.019802	0	0	0	0	0.9	0.94382	0.255079	0.415094	0.86036	9.90099e-09	0.128713	9.90099e-09	1	0.135135	0.172662	0.666667	0.666667	1.5	1	1	7481.83	1e+20	3.73185e+07	17.8391	24.6537	33.5389	58.5112	19.6969	39.4774	
 57000	-107395	-1235.47	-60619.3	-13794.7	0.11806	1	0.195601	10.2249	4.58492	0.0271748	19.9371	0.177467	4406	98	492	-37108.6	15.5667f	78.2296	4	1	1	0.049505	0.138614	0.019802	0.019802	0	0	0	0	0.9	0.943946	0.236607	0.575472	0.866071	9.90099e-09	0.128713	9.90099e-09	1	0.113379	0.189655	0.666667	0.666667	1.5	1	1	7481.83	1e+20	3.73185e+07	17.8391	24.6537	33.5389	58.5112	15.5667	78.2296	
 58000	-108648	-1235.47	-61872.8	-14059.3	0.122028	1	0.195601	10.2249	4.73902	0.013832	19.9371	0.171696	4531	98	477	-37108.6	29.2276f	25.5805	4	1	1	0.049505	0.0693069	0.019802	0.019802	0	0	0	0	0.872727	0.958242	0.226374	0.493151	0.876652	9.90099e-09	0.128713	9.90099e-09	1	0.105727	0.212766	0.666667	0.666667	1.5	1	1	7481.83	1e+20	3.73185e+07	64.2445	89.4074	33.5389	58.5112	29.2276	25.5805	
 59000	-109666	-1235.47	-62890.5	-14214.9	0.122028	1	0.178814	11.1848	4.33231	0.00934574	19.9371	0.205446	4605	98	494	-37108.6	31.6677f	68.1424	4	1	1	0.049505	0.0693069	0.019802	0.019802	0	0	0	0	0.9	0.971739	0.263617	0.528846	0.864224	9.90099e-09	0.128713	9.90099e-09	1	0.157328	0.15587	0.666667	0.666667	1.5	1	1	7481.83	1e+20	3.73185e+07	64.2445	89.4074	33.5389	58.5112	31.6677	68.1424	
 60000	-111088	-1235.47	-64312.3	-14421.9	0.126826	1	0.177005	11.2991	4.45713	0.00855571	19.9371	0.201734	4705	98	519	-37108.6	64.1737f	70.0536	4	1	1	0.049505	0.0693069	0.019802	0.019802	0	0	0	0	0.872727	0.953291	0.28178	0.486301	0.859873	9.90099e-09	0.128713	9.90099e-09	1	0.116773	0.220833	0.666667	0.666667	1.5	1	1	7481.83	1e+20	3.73185e+07	64.2445	89.4074	56.9496	74.1033	64.1737	70.0536	
 61000	-113988	-1235.47	-67212.2	-14931.9	0.132206	1	0.170448	11.7338	4.42898	0.00667986	19.8867	0.210827	4955	98	527	-37108.6	31.8348f	37.404	4	1	1	0.049505	0.0693069	0.019802	0.019802	0	0	0	0	0.872727	0.949799	0.283096	0.537037	0.879518	9.90099e-09	0.128713	9.90099e-09	1	0.12249	0.212524	0.666667	0.666667	1.5	1	1	7481.83	1e+20	3.73185e+07	64.2445	89.4074	56.9496	74.1033	31.8348	37.404	
 62000	-113963	-1235.47	-67187.1	-15000.7	0.132206	1	0.17296	11.5634	4.49426	0.0100849	19.8867	0.204746	4989	98	485	-37108.6	62.0228f	73.8641	4	1	1	0.049505	0.0693069	0.019802	0.019802	0	0	0	0	0.818182	0.946	0.264414	0.481481	0.903808	9.90099e-09	0.128713	9.90099e-09	1	0.133201	0.200393	0.666667	0.666667	1.5	1	1	7481.83	1e+20	3.73185e+07	64.2445	89.4074	56.9496	74.1033	62.0228	73.8641	
 63000	-113721	-1235.47	-66945.1	-14950.2	0.135606	1	0.150316	13.3053	4.00634	0.00983523	19.8867	0.264282	4964	98	490	-37108.6	35.5328f	72.1186	4	1	1	0.049505	0.0693069	0.019802	0.019802	0	0	0	0	0.881818	0.955556	0.279919	0.540541	0.894523	9.90099e-09	0.128713	9.90099e-09	1	0.1167	0.184647	0.666667	0.666667	1.5	1	1	7481.83	1e+20	3.73185e+07	64.2445	89.4074	63.4309	60.8767	35.5328	72.1186	
 64000	-114483	-1235.47	-67707.6	-15097.7	0.132368	1	0.150316	13.3053	3.597	0.00523882	19.4754	0.294357	5037	98	479	-37108.6	36.9127f	35.4603	4	1	1	0.0792079	0.0594059	0.019802	0.019802	0	0	0	0	0.9	0.948413	0.279762	0.527778	0.894841	9.90099e-09	0.128713	9.90099e-09	1	0.10119	0.204969	0.666667	0.666667	1.5	1	1	7481.83	1e+20	3.73185e+07	95.9103	66.6674	35.8824	66.3165	36.9127	35.4603	
 65000	-114500	-1235.47	-67724.7	-15100.3	0.134642	1	0.155995	12.8209	3.79704	0.0271902	19.4754	0.268697	5039	98	484	-37108.6	24.7685f	86.6149	4	1	1	0.0792079	0.0594059	0.019802	0.019802	0	0	0	0	0.863636	0.958498	0.258449	0.486301	0.875	9.90099e-09	0.128713	9.90099e-09	1	0.0988142	0.198347	0.666667	0.666667	1.5	1	1	7481.83	1e+20	3.73185e+07	95.9103	66.6674	35.8824	66.3165	24.7685	86.6149	
 66000	-115606	-1235.47	-68831	-15258.4	0.140982	1	0.155995	12.8209	3.97582	0.0185276	19.4754	0.256615	5118	98	505	-37108.6	18.7581f	69.2544	4	1	1	0.0792079	0.0594059	0.019802	0.019802	0	0	0	0	0.881818	0.970703	0.261209	0.485437	0.896686	9.90099e-09	0.128713	9.90099e-09	1	0.0976563	0.20404	0.666667	0.666667	1.5	1	1	7481.83	1e+20	3.73185e+07	95.9103	66.6674	35.8824	66.3165	18.7581	69.2544	
 67000	-117422	-1235.47	-70646.8	-15581.8	0.140624	1	0.158078	12.652	4.01867	0.00351552	19.4754	0.250534	5283	98	498	-37108.6	35.8362f	56.3097	4	1	1	0.0792079	0.0594059	0.019802	0.019802	0	0	0	0	0.9	0.948375	0.233397	0.615385	0.901923	9.90099e-09	0.128713	9.90099e-09	1	0.0994264	0.187364	0.666667	0.666667	1.5	1	1	7481.83	1e+20	3.73185e+07	95.9103	66.6674	45.3342	60.6313	35.8362	56.3097	
 68000	-119568	-1235.47	-72792.9	-15891.5	0.148736	1	0.158065	12.653	4.31707	0.00336143	19.5516	0.233236	5443	98	531	-37108.6	64.8733f	52.8592	4	1	1	0.0792079	0.0594059	0.019802	9.90099e-09	0	0	0	0	0.863636	0.954212	0.231193	0.503356	0.892393	9.90099e-09	0.128713	9.90099e-09	1	0.0994475	0.199584	0.666667	0.666667	1.5	1	1	7481.83	1e+20	3.73185e+07	95.9103	66.6674	45.3342	60.6313	64.8733	52.8592	
 69000	-118256	-1235.47	-71480.9	-15619.2	0.145217	1	0.164568	12.153	4.72036	0.00333349	19.9114	0.204879	5302	98	551	-37108.6	53.9673f	35.0108	4	1	1	0.0792079	0.0594059	0.019802	9.90099e-09	0	0	0	0	0.918182	0.956357	0.281132	0.521739	0.921348	9.90099e-09	0.0792079	9.90099e-09	1	0.115094	0.222028	0.666667	0.666667	1.5	1	1	7481.83	1e+20	3.73185e+07	95.9103	66.6674	78.37	70.474	53.9673	35.0108	
 70000	-120574	-1235.47	-73798.5	-16051.9	0.147336	1	0.164568	12.153	4.78925	0.00924819	19.9114	0.201933	5527	98	538	-37108.6	69.0053f	67.1725	4	1	1	0.0792079	0.0594059	0.019802	9.90099e-09	0	0	0	0	0.836364	0.952984	0.277174	0.509091	0.909256	9.90099e-09	0.0792079	9.90099e-09	1	0.0961887	0.202186	0.666667	0.666667	1.5	1	1	7481.83	1e+20	3.73185e+07	95.9103	66.6674	64.8448	78.4006	69.0053	67.1725	
 71000	-121997	-1235.47	-75221.6	-16212.8	0.151808	1	0.174596	11.455	4.92096	0.0210088	19.6055	0.185241	5612	98	583	-37108.6	54.5781f	88.6536	4	1	1	0.0792079	0.0792079	0.019802	9.90099e-09	0	0	0	0	0.818182	0.953982	0.258407	0.513043	0.872792	9.90099e-09	0.0792079	9.90099e-09	1	0.119217	0.173242	0.666667	0.666667	1.5	1	1	7481.83	1e+20	3.73185e+07	95.9103	66.6674	64.8448	78.4006	54.5781	88.6536	
 72000	-121939	-1235.47	-75163	-16205.3	0.150146	1	0.176722	11.3172	5.02463	0.0057178	19.7025	0.179236	5608	98	580	-37108.6	54.0018f	69.4302	4	1	1	0.0792079	0.0792079	0.019802	9.90099e-09	0	0	0	0	0.954545	0.959364	0.283929	0.445378	0.873646	9.90099e-09	0.0792079	9.90099e-09	1	0.107774	0.197935	0.666667	0.666667	1.5	1	1	7481.83	1e+20	3.73185e+07	95.9103	66.6674	64.8448	78.4006	54.0018	69.4302	
 73000	-120801	-1235.47	-74025.3	-16000	0.152047	1	0.180445	11.0837	5.17127	0.0464582	19.6796	0.170561	5499	98	586	-37108.6	87.6002f	94.5391	4	1	1	0.0792079	0.0792079	0.019802	9.90099e-09	0	0	0	0	0.818182	0.940325	0.276673	0.579832	0.88	9.90099e-09	0.0792079	9.90099e-09	1	0.129091	0.201309	0.666667	0.666667	1.5	1	1	7481.83	1e+20	3.73185e+07	95.9103	66.6674	64.8448	78.4006	87.6002	94.5391	
 74000	-122680	-1235.47	-75904.1	-16308.9	0.152047	1	0.185011	10.8101	5.20865	0.0369873	19.5923	0.165157	5663	98	595	-37108.6	89.36f	83.9499	4	1	1	0.0792079	0.0792079	0.0594059	9.90099e-09	0	0	0	0	0.836364	0.948944	0.265845	0.456897	0.888502	9.90099e-09	0.0792079	9.90099e-09	1	0.102113	0.197368	0.666667	0.666667	1.5	1	1	7481.83	1e+20	3.73185e+07	95.9103	66.6674	80.9872	85.5233	89.36	83.9499	
 75000	-124443	-1235.47	-77668	-16542.5	0.155242	1	0.174967	11.4307	5.23004	0.0123078	19.7848	0.173924	5788	98	629	-37108.6	56.2775f	78.9224	4	1	1	0.0792079	0.0792079	0.0594059	9.90099e-09	0	0	0	0	0.845455	0.967185	0.235294	0.488	0.854922	9.90099e-09	0.168317	9.90099e-09	1	0.138169	0.182421	0.666667	0.666667	1.5	1	1	7481.83	1e+20	3.73185e+07	81.1196	24.3359	43.0178	82.2977	56.2775	78.9224	
 76000	-124828	-1235.47	-78052.1	-16603.7	0.156883	1	0.173903	11.5007	5.2918	0.00989031	19.8211	0.172946	5821	98	624	-37108.6	30.7037f	68.2559	4	1	1	0.0891089	0.0792079	0.0594059	9.90099e-09	0	0	0	0	0.881818	0.962329	0.273196	0.466102	0.87307	9.90099e-09	0.168317	9.90099e-09	1	0.135506	0.171381	0.666667	0.666667	1.5	1	1	7481.83	1e+20	3.73185e+07	86.0629	64.4685	43.0178	82.2977	30.7037	68.2559	
 77000	-124536	-1235.47	-77760.8	-16581.5	0.157447	1	0.173903	11.5007	5.31083	0.0228769	19.8211	0.172326	5809	98	611	-37108.6	17.7085f	74.9592	4	1	1	0.0891089	0.0693069	0.0594059	9.90099e-09	0	0	0	0	0.927273	0.961938	0.277586	0.508333	0.899654	9.90099e-09	0.168317	9.90099e-09	1	0.139896	0.188216	0.666667	0.666667	1.5	1	1	7481.83	1e+20	3.73185e+07	86.0629	64.4685	43.0178	82.2977	17.7085	74.9592	
 78000	-120737	-1235.47	-73962	-16030.7	0.147872	1	0.165727	12.068	4.85461	0.0489666	19.9258	0.197821	5516	98	568	-37108.6	94.9348f	89.5911	4	1	1	0.0891089	0.0693069	0.0594059	9.90099e-09	0	0	0	0	0.872727	0.949183	0.256781	0.526316	0.862007	0.009901	0.168317	9.90099e-09	1	0.121377	0.183971	0.666667	0.666667	1.5	1	1	7481.83	1e+20	3.73185e+07	78.5842	78.2121	91.4436	60.4609	94.9348	89.5911	
 79000	-119513	-1235.47	-72737.7	-15794.7	0.145064	1	0.176271	11.3462	5.06541	0.00684327	19.9258	0.178248	5393	98	580	-37108.6	68.4798f	61.8256	4	1	1	0.0891089	0.0693069	0.0594059	9.90099e-09	0	0	0	0	0.836364	0.946197	0.275416	0.508197	0.87061	0.009901	0.168317	9.90099e-09	1	0.125926	0.2	0.666667	0.666667	1.5	1	1	7481.83	1e+20	3.73185e+07	78.5842	78.2121	91.4436	60.4609	68.4798	61.8256	
 80000	-119377	-1235.47	-72602	-15793	0.146401	1	0.176271	11.3462	5.17092	0.023308	19.9829	0.174611	5392	98	566	-37108.6	88.7047f	64.2203	4	1	1	0.0891089	0.0693069	0.049505	9.90099e-09	0	0	0	0	0.836364	0.961039	0.232472	0.6	0.876384	0.009901	0.168317	9.90099e-09	1	0.116883	0.207447	0.666667	0.666667	1.5	1	1	7481.83	1e+20	3.73185e+07	94.6013	31.393	91.4436	60.4609	88.7047	64.2203	
 81000	-118368	-1235.47	-71592.1	-15681.3	0.14597	1	0.182289	10.9716	5.33172	0.0211357	19.9829	0.163754	5334	98	533	-37108.6	84.174f	69.1849	4	1	1	0.0891089	0.0693069	0.049505	9.90099e-09	0	0	0	0	0.809091	0.945693	0.238274	0.556522	0.874296	0.009901	0.0693069	9.90099e-09	1	0.113594	0.174484	0.666667	0.666667	1.5	1	1	7481.83	1e+20	3.73185e+07	85.3675	49.0761	70.4124	87.0756	84.174	69.1849	
 82000	-119234	-1235.47	-72458.3	-15688.5	0.144684	1	0.182289	10.9716	5.27894	0.0139742	19.9774	0.165391	5338	98	610	-37108.6	47.9227f	81.5285	4	1	1	0.0891089	0.0693069	0.049505	9.90099e-09	0	0	0	0	0.872727	0.93597	0.261278	0.601626	0.882022	0.009901	0.0693069	9.90099e-09	1	0.11985	0.172638	0.666667	0.666667	1.5	1	1	7481.83	1e+20	3.73185e+07	85.3675	49.0761	70.4124	87.0756	47.9227	81.5285	
 83000	-120925	-1235.47	-74149.7	-16081.1	0.146447	1	0.181504	11.019	5.32025	0.0146078	19.9774	0.164817	5542	98	554	-37108.6	19.0727f	39.0331	4	1	1	0.0891089	0.0693069	0.049505	9.90099e-09	0	0	0	0	0.909091	0.967568	0.268468	0.508475	0.881081	0.009901	0.0693069	9.90099e-09	1	0.126126	0.194853	0.666667	0.666667	1.5	1	1	7481.83	1e+20	3.73185e+07	90.3275	59.5605	41.2171	71.5782	19.0727	39.0331	
 84000	-120678	-1235.47	-73902	-16075.6	0.14613	1	0.155355	12.8737	4.54391	0.00308443	19.9774	0.225457	5539	98	529	-37108.6	36.8213f	55.9127	4	1	1	0.0891089	0.0693069	0.049505	9.90099e-09	0	0	0	0	0.818182	0.9783	0.273056	0.461538	0.902351	0.009901	0.0693069	9.90099e-09	1	0.128391	0.200385	0.666667	0.666667	1.5	1	1	7481.83	1e+20	3.73185e+07	90.3275	59.5605	41.2171	71.5782	36.8213	55.9127	
 85000	-119914	-1235.47	-73138.7	-15916	0.14613	1	0.155355	12.8737	4.54391	0.0148402	19.9774	0.225457	5456	98	545	-37108.6	17.062f	50.9838	4	1	1	0.0891089	0.0693069	0.049505	9.90099e-09	0	0	0	0	0.8	0.972628	0.279197	0.486239	0.866184	0.009901	0.0693069	9.90099e-09	1	0.111314	0.205082	0.666667	0.666667	1.5	1	1	7481.83	1e+20	3.73185e+07	90.3275	59.5605	6.27734	43.5294	17.062	50.9838	
 86000	-119958	-1235.47	-73182.4	-15937.1	0.14613	1	0.161944	12.3499	4.73662	0.043941	19.9774	0.207485	5467	98	541	-37108.6	20.4863f	98.3896	4	1	1	0.0891089	0.0693069	0.009901	9.90099e-09	0	0	0	0	0.845455	0.974217	0.223247	0.560748	0.879342	0.009901	0.0693069	9.90099e-09	1	0.109689	0.191205	0.666667	0.666667	1.5	1	1	7481.83	1e+20	3.73185e+07	90.3275	59.5605	6.27734	43.5294	20.4863	98.3896	
 87000	-120407	-1235.47	-73631.5	-16052.3	0.151441	1	0.159253	12.5586	4.65304	0.042384	19.7947	0.214781	5527	98	526	-37108.6	4.22211f	17.4643	4	1	1	0.0891089	0.0693069	0.009901	9.90099e-09	0	0	0	0	0.881818	0.978142	0.240506	0.6	0.885662	0.009901	0.0693069	9.90099e-09	1	0.104882	0.175238	0.666667	0.666667	1.5	1	1	7481.83	1e+20	3.73185e+07	90.3275	59.5605	6.27734	43.5294	4.22211	17.4643	
 88000	-122779	-1235.47	-76003.2	-16347	0.150921	1	0.159253	12.5586	4.63705	0.00111904	19.7947	0.215521	5683	98	582	-37108.6	43.4117f	44.8449	4	1	1	0.0792079	0.0693069	0.009901	9.90099e-09	0	0	0	0	0.890909	0.954306	0.250877	0.561404	0.874126	0.009901	0.108911	9.90099e-09	1	0.0918728	0.159649	0.666667	0.666667	1.5	1	1	7481.83	1e+20	3.73185e+07	90.3275	59.5605	16.1235	46.9869	43.4117	44.8449	
 89000	-120746	-1235.47	-73970.8	-16061.5	0.150921	1	0.162273	12.3249	4.72497	0.0164041	19.7947	0.207575	5532	98	546	-37108.6	17.9831f	36.3269	4	1	1	0.0792079	0.0693069	0.009901	9.90099e-09	0	0	0	0	0.818182	0.974865	0.26297	0.527778	0.874776	9.90099e-09	0.108911	9.90099e-09	1	0.117329	0.197822	0.666667	0.666667	1.5	1	1	7481.83	1e+20	3.73185e+07	90.3275	59.5605	16.1235	46.9869	17.9831	36.3269	
 90000	-122981	-1235.47	-76205.5	-16456.7	0.150921	1	0.165771	12.0648	4.82684	0.0310639	19.7947	0.198906	5741	98	538	-37108.6	3.4544f	60.8432	4	1	1	0.0792079	0.0693069	0.009901	9.90099e-09	0	0	0	0	0.9	0.963542	0.277778	0.5	0.869565	9.90099e-09	0.108911	9.90099e-09	1	0.118261	0.181197	0.666667	0.666667	1.5	1	1	7481.83	1e+20	3.73185e+07	90.3275	59.5605	16.1235	46.9869	3.4544	60.8432	
 91000	-123235	-1235.47	-76459.1	-16378.8	0.155641	1	0.176879	11.3072	5.31133	0.0462755	19.7947	0.169411	5700	98	609	-37108.6	2.45279f	15.5953	4	1	1	0.0792079	0.0693069	0.009901	9.90099e-09	0	0	0	0	0.863636	0.944056	0.2662	0.54918	0.886165	9.90099e-09	0.108911	9.90099e-09	1	0.110333	0.183908	0.666667	0.666667	1.5	1	1	7481.83	1e+20	3.73185e+07	90.3275	59.5605	16.1235	46.9869	2.45279	15.5953	
 92000	-122122	-1235.47	-75346.3	-16307.3	0.154229	1	0.161195	12.4073	4.79646	0.0334905	19.7947	0.205849	5662	98	542	-37108.6	46.1448f	99.1918	4	1	1	0.0792079	0.0693069	0.009901	9.90099e-09	0	0	0	0	0.845455	0.95922	0.276896	0.536364	0.869489	9.90099e-09	0.108911	9.90099e-09	1	0.0917108	0.188192	0.666667	0.666667	1.5	1	1	7481.83	1e+20	3.73185e+07	90.3275	59.5605	53.0386	83.1205	46.1448	99.1918	
 93000	-121321	-1235.47	-74545.2	-16201.5	0.150011	1	0.161195	12.4073	4.66527	0.0307994	19.7947	0.211637	5606	98	525	-37108.6	40.0446f	96.242	4	1	1	0.0792079	0.0693069	0.009901	9.90099e-09	0	0	0	0	0.9	0.957447	0.292553	0.576923	0.894831	9.90099e-09	0.118812	9.90099e-09	1	0.0762411	0.211429	0.666667	0.666667	1.5	1	1	7481.83	1e+20	3.73185e+07	90.3275	59.5605	48.723	87.5479	40.0446	96.242	
 94000	-122150	-1235.47	-75374.5	-16294	0.150993	1	0.161195	12.4073	4.69582	0.00495154	19.7947	0.21026	5655	98	553	-37108.6	36.3049f	62.4563	4	1	1	0.0594059	0.0693069	0.009901	9.90099e-09	0	0	0	0	0.872727	0.959507	0.27993	0.513043	0.906526	9.90099e-09	0.118812	9.90099e-09	1	0.110915	0.187285	0.666667	0.666667	1.5	1	1	7481.83	1e+20	3.73185e+07	90.3275	59.5605	48.723	87.5479	36.3049	62.4563	
 95000	-123192	-1235.47	-76416.9	-16505.3	0.155029	1	0.158585	12.6115	4.56777	0.0106196	19.6089	0.219712	5768	98	535	-37108.6	72.6572f	65.663	4	1	1	0.0594059	0.0693069	0.009901	9.90099e-09	0	0	0	0	0.836364	0.94974	0.207972	0.462963	0.885615	9.90099e-09	0.118812	9.90099e-09	1	0.12305	0.182796	0.666667	0.666667	1.5	1	1	7481.83	1e+20	3.73185e+07	90.3275	59.5605	48.723	87.5479	72.6572	65.663	
 96000	-124930	-1235.47	-78154.5	-16719.2	0.153668	1	0.162144	12.3347	4.56341	0.0223886	19.5388	0.215095	5882	98	571	-37108.6	41.46f	89.3062	4	1	1	0.0594059	0.0693069	0.009901	9.90099e-09	0	0	0	0	0.854545	0.947279	0.285714	0.508772	0.887179	9.90099e-09	0.118812	9.90099e-09	1	0.11545	0.218695	0.666667	0.666667	1.5	1	1	7481.83	1e+20	3.73185e+07	90.3275	59.5605	48.723	87.5479	41.46	89.3062	
 97000	-123328	-1235.47	-76552.4	-16633	0.153668	1	0.136893	14.61	3.85275	0.0020907	19.5388	0.301765	5836	98	474	-37108.6	56.4995f	59.4266	4	1	1	0.0594059	0.108911	0.009901	9.90099e-09	0	0	0	0	0.872727	0.975986	0.21815	0.554455	0.907534	9.90099e-09	0.118812	9.90099e-09	1	0.0890411	0.177215	0.666667	0.666667	1.5	1	1	7481.83	1e+20	3.73185e+07	90.3275	59.5605	49.7545	95.2715	56.4995	59.4266	
 98000	-123970	-1235.47	-77194.3	-16723.7	0.158494	1	0.139399	14.3473	4.25734	0.0122886	19.7885	0.268178	5886	98	482	-37108.6	77.028f	36.8986	4	1	1	0.0594059	0.108911	0.0792079	9.90099e-09	0	0	0	0	0.881818	0.959114	0.275042	0.613861	0.895369	9.90099e-09	0.118812	9.90099e-09	1	0.110357	0.202062	0.666667	0.666667	1.5	1	1	7481.83	1e+20	3.73185e+07	90.3275	59.5605	83.791	63.2335	77.028	36.8986	
 99000	-123184	-1235.47	-76408.3	-16600	0.156898	1	0.135892	14.7176	4.10842	0.0389795	19.7885	0.285071	5819	98	482	-37108.6	81.7378f	92.8572	4	1	1	0.0594059	0.108911	0.0792079	9.90099e-09	0	0	0	0	0.881818	0.957192	0.245704	0.592233	0.906937	9.90099e-09	0.128713	9.90099e-09	1	0.0979381	0.215481	0.666667	0.666667	1.5	1	1	7481.83	1e+20	3.73185e+07	90.3275	59.5605	83.791	63.2335	81.7378	92.8572	
100000	-124226	-1235.47	-77450.2	-16696.3	0.156898	1	0.14159	14.1253	4.28069	0.0235108	19.7885	0.262588	5871	98	516	-37108.6	54.3206f	8.31414	4	1	1	0.0594059	0.108911	0.0792079	9.90099e-09	0	0	0	0	0.854545	0.957483	0.27551	0.518519	0.891156	9.90099e-09	0.128713	9.90099e-09	1	0.112245	0.210131	0.666667	0.666667	1.5	1	1	7481.83	1e+20	3.73185e+07	90.3275	59.5605	59.2679	42.8357	54.3206	8.31414	
101000	-126770	-1235.47	-79994.2	-17054.5	0.162004	1	0.14159	14.1253	4.4601	0.00683105	19.8333	0.252025	6067	98	551	-37108.6	59.1027f	29.4913	4	1	1	0.0594059	0.108911	0.0792079	9.90099e-09	0	0	0	0	0.890909	0.97054	0.23366	0.504587	0.897059	0.019802	0.128713	9.90099e-09	1	0.134206	0.186933	0.666667	0.666667	1.5	1	1	7481.83	1e+20	3.73185e+07	90.3275	59.5605	59.2679	42.8357	59.1027	29.4913	
102000	-126324	-1235.47	-79549	-16989.1	0.163696	1	0.137206	14.5766	4.36715	0.0053457	19.8333	0.265613	6031	98	545	-37108.6	66.8587f	39.9378	4	1	1	0.0990099	0.108911	0.0792079	9.90099e-09	0	0	0	0	0.845455	0.965116	0.242928	0.524272	0.895522	0.019802	0.128713	9.90099e-09	1	0.135762	0.219153	0.666667	0.666667	1.5	1	1	7481.83	1e+20	3.73185e+07	90.3275	59.5605	59.2679	42.8357	66.8587	39.9378	
103000	-125686	-1235.47	-78910.5	-16893.2	0.163696	1	0.151771	13.1777	4.89681	0.017412	19.9007	0.21415	5978	98	543	-37108.6	62.6696f	16.2785	4	1	1	0.0990099	0.108911	0.0792079	9.90099e-09	0	0	0	0	0.854545	0.966387	0.25042	0.54955	0.899497	0.019802	0.128713	9.90099e-09	1	0.128978	0.230203	0.666667	0.666667	1.5	1	1	7481.83	1e+20	3.73185e+07	90.3275	59.5605	59.2679	42.8357	62.6696	16.2785	
104000	-127744	-1235.47	-80968.7	-17110.4	0.163612	1	0.155161	12.8898	5.00362	0.0080878	19.9007	0.205	6098	98	615	-37108.6	42.9431f	26.5462	4	1	1	0.0990099	0.108911	0.0792079	9.90099e-09	0	0	0	0	0.854545	0.964111	0.268852	0.503937	0.882545	0.019802	0.128713	9.90099e-09	1	0.119086	0.220472	0.666667	0.666667	1.5	1	1	7481.83	1e+20	3.73185e+07	90.3275	59.5605	36.8902	61.6814	42.9431	26.5462	
105000	-126938	-1235.47	-80163	-17005.4	0.163612	1	0.158006	12.6577	5.09537	0.0146209	19.9007	0.197683	6040	98	595	-37108.6	33.1951f	77.7057	4	1	1	0.0990099	0.108911	0.019802	9.90099e-09	0	0	0	0	0.863636	0.957166	0.269868	0.516129	0.873147	0.019802	0.0792079	9.90099e-09	1	0.13267	0.219709	0.666667	0.666667	1.5	1	1	7481.83	1e+20	3.73185e+07	90.3275	59.5605	36.8902	61.6814	33.1951	77.7057	
106000	-127487	-1235.47	-80711.7	-17107.2	0.166493	1	0.167789	11.9197	5.51117	0.0133785	19.9053	0.172113	6096	98	593	-37108.6	19.7293f	41.7986	4	1	1	0.0990099	0.108911	0.019802	9.90099e-09	0	0	0	0	0.863636	0.957655	0.238953	0.484375	0.883683	0.019802	0.0792079	9.90099e-09	1	0.101639	0.21129	0.666667	0.666667	1.5	1	1	7481.83	1e+20	3.73185e+07	90.3275	59.5605	44.9103	62.1793	19.7293	41.7986	
107000	-129239	-1235.47	-82463.8	-17355.2	0.170646	1	0.160414	12.4678	5.40035	0.0111127	19.9053	0.18372	6234	98	613	-37108.6	49.6055f	78.0731	4	1	1	0.0990099	0.108911	0.019802	9.90099e-09	0	0	0	0	0.927273	0.953376	0.272581	0.520661	0.900322	0.019802	0.0792079	9.90099e-09	1	0.101286	0.208809	0.666667	0.666667	1.5	1	1	7481.83	1e+20	3.73185e+07	90.3275	59.5605	44.9103	62.1793	49.6055	78.0731	
108000	-130494	-1235.47	-83719	-17523.8	0.165895	1	0.169636	11.79	5.55181	0.00342003	19.9053	0.168993	6328	98	630	-37108.6	39.5689f	61.0012	4	1	1	0.0990099	0.108911	0.019802	9.90099e-09	0	0	0	0	0.9	0.955766	0.250396	0.484375	0.902362	0.019802	0.0792079	9.90099e-09	1	0.0979463	0.193603	0.666667	0.666667	1.5	1	1	7481.83	1e+20	3.73185e+07	90.3275	59.5605	44.9103	62.1793	39.5689	61.0012	
109000	-130267	-1235.47	-83491.4	-17453.7	0.165895	1	0.176171	11.3526	5.76571	0.0111654	19.9053	0.156687	6289	98	650	-37108.6	77.8079f	43.6111	4	1	1	0.0990099	0.108911	0.019802	9.90099e-09	0	0	0	0	0.9	0.957075	0.300319	0.603053	0.874404	0.019802	0.0792079	9.90099e-09	1	0.125596	0.169782	0.666667	0.666667	1.5	1	1	7481.83	1e+20	3.73185e+07	90.3275	59.5605	40.4127	65.1724	77.8079	43.6111	
110000	-128390	-1235.47	-81614.8	-17196.9	0.166454	1	0.178885	11.1804	5.28742	0.0153462	19.3884	0.168269	6146	98	626	-37108.6	66.1123f	79.0014	4	1	1	0.0990099	0.0990099	0.019802	0.009901	0	0	0	0	0.845455	0.957655	0.229642	0.569106	0.883117	0.019802	0.0792079	9.90099e-09	1	0.128664	0.167732	0.666667	0.666667	1.5	1	1	7481.83	1e+20	3.73185e+07	90.3275	59.5605	28.1699	84.4375	66.1123	79.0014	
111000	-130263	-1235.47	-83487.3	-17496.3	0.166454	1	0.178885	11.1804	5.92277	0.0066325	19.9463	0.150218	6313	98	627	-37108.6	38.7318f	68.3374	4	1	1	0.0990099	0.0990099	0.019802	0.009901	0	0	0	0	0.890909	0.959055	0.22327	0.428571	0.881329	0.019802	0.0594059	9.90099e-09	1	0.128728	0.196172	0.666667	0.666667	1.5	1	1	7481.83	1e+20	3.73185e+07	90.3275	59.5605	28.1699	84.4375	38.7318	68.3374	
112000	-130399	-1235.47	-83623.7	-17526.7	0.171338	1	0.175073	11.4238	5.96662	0.00724608	19.9463	0.152361	6331	98	623	-37108.6	28.1051f	56.2057	4	1	1	0.0990099	0.0990099	0.019802	0.009901	0	0	0	0	0.927273	0.951334	0.232704	0.54918	0.88189	0.009901	0.0594059	9.90099e-09	1	0.125786	0.207297	0.666667	0.666667	1.5	1	1	7481.83	1e+20	3.73185e+07	90.3275	59.5605	28.1699	84.4375	28.1051	56.2057	
113000	-131727	-1235.47	-84951.5	-17625.5	0.171962	1	0.177541	11.265	6.0728	0.012917	19.9463	0.147615	6387	98	682	-37108.6	25.1699f	67.7332	4	1	1	0.0990099	0.0990099	0.019802	0.009901	0	0	0	0	0.9	0.953198	0.277429	0.477612	0.873239	0.009901	0.0594059	9.90099e-09	1	0.125196	0.212481	0.666667	0.666667	1.5	1	1	7481.83	1e+20	3.73185e+07	90.3275	59.5605	38.0059	66.0838	25.1699	67.7332	
114000	-132640	-1235.47	-85864.5	-17821.6	0.174835	1	0.168618	11.8612	5.8639	0.00202031	19.9463	0.160965	6499	98	653	-37108.6	60.1064f	55.1438	4	1	1	0.039604	0.0990099	0.019802	0.009901	0	0	0	0	0.863636	0.960123	0.269939	0.619403	0.895062	0.009901	0.0594059	9.90099e-09	1	0.102761	0.2	0.666667	0.666667	1.5	1	1	7481.83	1e+20	3.73185e+07	90.3275	59.5605	38.0059	66.0838	60.1064	55.1438	
115000	-134226	-1235.47	-87450.4	-18089.3	0.175899	1	0.168618	11.8612	5.89959	0.0448296	19.9463	0.159991	6653	98	644	-37108.6	84.5572f	95.6277	4	1	1	0.039604	0.0990099	0.019802	0.009901	0	0	0	0	0.809091	0.94705	0.232523	0.534351	0.897554	0.009901	0.0594059	9.90099e-09	1	0.121029	0.191654	0.666667	0.666667	1.5	1	1	7481.83	1e+20	3.73185e+07	83.6168	74.6712	53.6905	52.778	84.5572	95.6277	
116000	-132653	-1235.47	-85877.1	-17889.7	0.174474	1	0.153969	12.9896	5.33752	0.00815507	19.9407	0.193663	6538	98	613	-37108.6	34.5017f	30.9687	4	1	1	0.039604	0.0990099	0.019802	0.009901	0	0	0	0	0.836364	0.961948	0.248097	0.51938	0.873668	0.009901	0.0594059	9.90099e-09	1	0.102446	0.179153	0.666667	0.666667	1.5	1	1	7481.83	1e+20	3.73185e+07	83.6168	74.6712	53.6905	52.778	34.5017	30.9687	
117000	-132254	-1235.47	-85478.4	-17858.3	0.174474	1	0.155498	12.8619	5.3905	0.00943536	19.9407	0.189875	6520	98	596	-37108.6	30.4915f	67.091	4	1	1	0.039604	0.0693069	0.019802	0.009901	0	0	0	0	0.863636	0.954128	0.212538	0.589744	0.899083	0.009901	0.0594059	9.90099e-09	1	0.116208	0.212318	0.666667	0.666667	1.5	1	1	7481.83	1e+20	3.73185e+07	83.6168	74.6712	53.6905	52.778	30.4915	67.091	
118000	-131209	-1235.47	-84433.2	-17722.1	0.174474	1	0.153123	13.0614	5.30819	0.0204497	19.9407	0.195809	6442	98	576	-37108.6	13.8348f	35.6789	4	1	1	0.039604	0.0693069	0.019802	0.009901	0	0	0	0	0.854545	0.969088	0.251543	0.495935	0.878834	0.009901	0.108911	9.90099e-09	1	0.112828	0.160256	0.666667	0.666667	1.5	1	1	7481.83	1e+20	3.73185e+07	83.6168	74.6712	38.8099	24.7474	13.8348	35.6789	
119000	-132257	-1235.47	-85481.9	-17898.4	0.174474	1	0.145733	13.7238	5.05198	0.00563671	19.9407	0.216173	6543	98	567	-37108.6	52.2238f	29.7473	4	1	1	0.039604	0.0693069	0.019802	0.009901	0	0	0	0	0.827273	0.960305	0.256881	0.543103	0.887879	0.009901	0.108911	9.90099e-09	1	0.0870229	0.213287	0.666667	0.666667	1.5	1	1	7481.83	1e+20	3.73185e+07	89.1568	59.8991	18.5494	45.571	52.2238	29.7473	
120000	-132431	-1235.47	-85655.5	-17931.3	0.175251	1	0.143804	13.9078	5.06461	0.0142606	19.9975	0.218526	6562	98	567	-37108.6	24.5616f	29.7531	4	1	1	0.0693069	0.0693069	0.019802	0.009901	0	0	0	0	0.909091	0.954476	0.257622	0.473684	0.919207	0.009901	0.108911	9.90099e-09	1	0.119516	0.227513	0.666667	0.666667	1.5	1	1	7481.83	1e+20	3.73185e+07	78.8417	93.0512	18.5494	45.571	24.5616	29.7531	
121000	-133648	-1235.47	-86872.7	-18049.7	0.175251	1	0.152162	13.1438	5.35898	0.0225377	19.9975	0.195178	6630	98	613	-37108.6	12.8546f	32.9662	4	1	1	0.0693069	0.0693069	0.019802	0.009901	0	0	0	0	0.890909	0.962349	0.221386	0.563492	0.920181	0.009901	0.108911	9.90099e-09	1	0.123494	0.229268	0.666667	0.666667	1.5	1	1	7481.83	1e+20	3.73185e+07	84.7383	73.3513	18.5494	45.571	12.8546	32.9662	
122000	-132517	-1235.47	-85741.2	-17923.1	0.17399	1	0.152162	13.1438	5.25903	0.0195781	19.9396	0.198887	6557	98	581	-37108.6	18.4553f	70.7052	4	1	1	0.0693069	0.049505	0.019802	0.009901	0	0	0	0	0.872727	0.951442	0.235562	0.48	0.870821	0.009901	0.108911	9.90099e-09	1	0.0957447	0.23064	0.666667	0.666667	1.5	1	1	7481.83	1e+20	3.73185e+07	84.7383	73.3513	18.5494	45.571	18.4553	70.7052	
123000	-132697	-1235.47	-85922	-17919.3	0.174782	1	0.155955	12.8242	5.42197	0.0225071	19.9463	0.188219	6555	98	599	-37108.6	10.4938f	39.8861	4	1	1	0.0693069	0.049505	0.019802	9.90099e-09	0	0	0	0	0.836364	0.967841	0.243531	0.614679	0.903817	0.009901	0.108911	9.90099e-09	1	0.119084	0.239655	0.666667	0.666667	1.5	1	1	7481.83	1e+20	3.73185e+07	84.7383	73.3513	18.5494	45.571	10.4938	39.8861	
124000	-132916	-1235.47	-86141	-17872.7	0.173351	1	0.155955	12.8242	5.37759	0.0269297	19.9463	0.189772	6528	98	647	-37108.6	7.81f	63.9567	4	1	1	0.0693069	0.049505	0.029703	9.90099e-09	0	0	0	0	0.845455	0.955453	0.282209	0.487805	0.897081	0.009901	0.108911	9.90099e-09	1	0.127496	0.18	0.666667	0.666667	1.5	1	1	7481.83	1e+20	3.73185e+07	95.1769	53.6837	37.4686	56.6758	7.81	63.9567	
125000	-131042	-1235.47	-84266.3	-17651.9	0.173351	1	0.148607	13.4583	5.12423	0.0265774	19.9463	0.209003	6402	98	603	-37108.6	52.8454f	93.7815	4	1	1	0.0693069	0.049505	0.029703	9.90099e-09	0	0	0	0	0.909091	0.970497	0.264297	0.495868	0.885271	9.90099e-09	0.138614	9.90099e-09	1	0.0916149	0.186161	0.666667	0.666667	1.5	1	1	7481.83	1e+20	3.73185e+07	95.1769	53.6837	30.002	79.158	52.8454	93.7815	
126000	-130404	-1235.47	-83628.6	-17590.3	0.171985	1	0.148607	13.4583	5.08382	0.0288059	19.9463	0.210664	6367	98	579	-37108.6	4.14168f	54.2452	4	1	1	0.0693069	0.049505	0.029703	9.90099e-09	0	0	0	0	0.909091	0.962382	0.212833	0.555556	0.895149	9.90099e-09	0.138614	9.90099e-09	1	0.0941915	0.186047	0.666667	0.666667	1.5	1	1	7481.83	1e+20	3.73185e+07	95.1769	53.6837	30.002	79.158	4.14168	54.2452	
127000	-130747	-1235.47	-83971.5	-17638	0.170756	1	0.153782	13.0054	5.22325	0.026397	19.9463	0.198141	6394	98	584	-37108.6	16.3697f	78.1749	4	1	1	0.0990099	0.049505	0.029703	9.90099e-09	0	0	0	0	0.881818	0.948357	0.24025	0.552846	0.884194	9.90099e-09	0.138614	9.90099e-09	1	0.109375	0.19697	0.666667	0.666667	1.5	1	1	7481.83	1e+20	3.73185e+07	95.1769	53.6837	30.002	79.158	16.3697	78.1749	
128000	-130019	-1235.47	-83243.4	-17462	0.174482	1	0.149118	13.4122	5.17537	0.0106938	19.9463	0.206229	6293	98	617	-37108.6	53.0667f	77.3501	4	1	1	0.0990099	0.049505	0.029703	9.90099e-09	0	0	0	0	0.909091	0.960317	0.242038	0.516393	0.880952	9.90099e-09	0.138614	9.90099e-09	1	0.106349	0.168919	0.666667	0.666667	1.5	1	1	7481.83	1e+20	3.73185e+07	95.1769	53.6837	30.002	79.158	53.0667	77.3501	
129000	-130173	-1235.47	-83397.6	-17585	0.170881	1	0.147217	13.5854	4.91057	0.0333405	19.8526	0.220155	6364	98	560	-37108.6	17.4983f	87.115	4	1	1	0.0990099	0.049505	0.029703	9.90099e-09	0	0	0	0	0.836364	0.974922	0.246855	0.547009	0.907378	9.90099e-09	0.138614	9.90099e-09	1	0.138148	0.199288	0.666667	0.666667	1.5	1	1	7481.83	1e+20	3.73185e+07	95.1769	53.6837	30.002	79.158	17.4983	87.115	
130000	-129834	-1235.47	-83058.9	-17528.5	0.170881	1	0.147217	13.5854	4.91057	0.00960933	19.8526	0.220155	6332	98	560	-37108.6	25.3415f	59.1332	4	1	1	0.0990099	0.0891089	0.009901	9.90099e-09	0	0	0	0	0.881818	0.962205	0.244898	0.547826	0.885039	9.90099e-09	0.0990099	9.90099e-09	1	0.123028	0.207547	0.666667	0.666667	1.5	1	1	7481.83	1e+20	3.73185e+07	95.1769	53.6837	30.002	79.158	25.3415	59.1332	
131000	-132814	-1235.47	-86038.7	-17926.6	0.174123	1	0.148387	13.4783	5.04348	0.0167015	19.8526	0.212665	6559	98	599	-37108.6	42.3396f	83.7774	4	1	1	0.0990099	0.0891089	0.009901	9.90099e-09	0	0	0	0	0.863636	0.972435	0.285496	0.512821	0.87902	9.90099e-09	0.0990099	9.90099e-09	1	0.11145	0.223706	0.666667	0.666667	1.5	1	1	7481.83	1e+20	3.73185e+07	95.1769	53.6837	30.002	79.158	42.3396	83.7774	
132000	-132743	-1235.47	-85967.5	-17935.3	0.174123	1	0.148387	13.4783	5.04348	0.0334591	19.8526	0.212665	6564	98	592	-37108.6	72.4826f	93.9175	4	1	1	0.0693069	0.0891089	0.009901	9.90099e-09	0	0	0	0	0.9	0.964939	0.253049	0.589286	0.894977	9.90099e-09	0.0990099	9.90099e-09	1	0.117199	0.205527	0.666667	0.666667	1.5	1	1	7481.83	1e+20	3.73185e+07	95.1769	53.6837	64.1263	97.8795	72.4826	93.9175	
133000	-131875	-1235.47	-85099.9	-17859.9	0.175811	1	0.142203	14.0644	4.88015	0.0238917	19.8526	0.22934	6521	98	565	-37108.6	54.9622f	91.2622	4	1	1	0.0693069	0.0891089	0.009901	9.90099e-09	0	0	0	0	0.872727	0.95092	0.233129	0.495798	0.920123	9.90099e-09	0.0990099	9.90099e-09	1	0.108896	0.187611	0.666667	0.666667	1.5	1	1	7481.83	1e+20	3.73185e+07	95.1769	53.6837	64.1263	97.8795	54.9622	91.2622	
134000	-133664	-1235.47	-86888.7	-18089	0.1823	1	0.146524	13.6497	5.21404	0.0265148	19.8526	0.208323	6653	98	589	-37108.6	42.8972f	93.2535	4	1	1	0.0693069	0.0891089	0.009901	9.90099e-09	0	0	0	0	0.854545	0.962575	0.300752	0.53719	0.905405	9.90099e-09	0.0990099	9.90099e-09	1	0.108108	0.205433	0.666667	0.666667	1.5	1	1	7481.83	1e+20	3.73185e+07	95.1769	53.6837	64.1263	97.8795	42.8972	93.2535	
135000	-136747	-1235.47	-89971.2	-18456.6	0.1823	1	0.147851	13.5272	5.02886	0.0490979	19.6297	0.214056	6869	98	651	-37108.6	14.3514f	98.219	4	1	1	0.0693069	0.0891089	0.009901	9.90099e-09	0	0	0	0	0.909091	0.963504	0.257642	0.546875	0.876471	9.90099e-09	0.0990099	9.90099e-09	1	0.123167	0.171849	0.666667	0.666667	1.5	1	1	7481.83	1e+20	3.73185e+07	95.1769	53.6837	64.1263	97.8795	14.3514	98.219	
136000	-137144	-1235.47	-90369	-18543.4	0.185608	1	0.161767	12.3634	5.60206	0.0286628	19.6297	0.175623	6921	98	634	-37108.6	62.3872f	93.8807	4	1	1	0.0693069	0.0693069	0.009901	9.90099e-09	0	0	0	0	0.9	0.969741	0.239193	0.606061	0.887608	9.90099e-09	0.0990099	9.90099e-09	1	0.113833	0.202765	0.666667	0.666667	1.5	1	1	7481.83	1e+20	3.73185e+07	95.1769	53.6837	64.1263	97.8795	62.3872	93.8807	
137000	-138358	-1235.47	-91582.5	-18669.8	0.185608	1	0.161767	12.3634	5.75916	0.0173059	19.7658	0.170832	6996	98	672	-37108.6	19.4359f	67.9665	4	1	1	0.0693069	0.0693069	0.009901	9.90099e-09	0	0	0	0	0.881818	0.952924	0.265335	0.514925	0.88269	9.90099e-09	0.0792079	9.90099e-09	1	0.123033	0.22006	0.666667	0.666667	1.5	1	1	7481.83	1e+20	3.73185e+07	95.1769	53.6837	64.1263	97.8795	19.4359	67.9665	
138000	-137704	-1235.47	-90928.8	-18592.7	0.189905	1	0.164602	12.1505	5.99574	0.00701953	19.7658	0.161266	6950	98	666	-37108.6	37.525f	30.9663	4	1	1	0.0693069	0.0693069	0.009901	9.90099e-09	0	0	0	0	0.881818	0.937861	0.250362	0.438462	0.908828	9.90099e-09	0.0792079	9.90099e-09	1	0.107759	0.200935	0.666667	0.666667	1.5	1	1	7481.83	1e+20	3.73185e+07	95.1769	53.6837	58.6741	74.7606	37.525	30.9663	
139000	-139641	-1235.47	-92865.7	-18828.4	0.191595	1	0.152343	13.1283	5.5986	0.013403	19.7658	0.186603	7092	98	697	-37108.6	67.2819f	75.6907	4	1	1	0.0792079	0.0693069	0.009901	9.90099e-09	0	0	0	0	0.881818	0.952113	0.260931	0.528169	0.88478	9.90099e-09	0.0792079	9.90099e-09	1	0.125352	0.215429	0.666667	0.666667	1.5	1	1	7481.83	1e+20	3.73185e+07	95.1769	53.6837	58.6741	74.7606	67.2819	75.6907	
140000	-140282	-1235.47	-93506.5	-18968.6	0.192853	1	0.152343	13.1283	5.10349	0.0316699	19.282	0.204706	7177	98	673	-37108.6	61.1551f	96.6462	4	1	1	0.0792079	0.0693069	0.009901	9.90099e-09	0	0	0	0	0.845455	0.955432	0.267782	0.503937	0.896936	9.90099e-09	0.0792079	9.90099e-09	1	0.115599	0.217905	0.666667	0.666667	1.5	1	1	7481.83	1e+20	3.73185e+07	95.1769	53.6837	58.6741	74.7606	61.1551	96.6462	
141000	-138195	-1235.47	-91419.2	-18835.3	0.192853	1	0.134358	14.8856	4.50098	0.0142116	19.282	0.263178	7096	98	563	-37108.6	66.3653f	77.3817	4	1	1	0.0792079	0.0693069	0.009901	9.90099e-09	0	0	0	0	0.827273	0.957386	0.252468	0.526316	0.903819	9.90099e-09	0.0792079	9.90099e-09	1	0.0985916	0.191829	0.666667	0.666667	1.5	1	1	7481.83	1e+20	3.73185e+07	99.1348	46.803	58.6741	74.7606	66.3653	77.3817	
142000	-139205	-1235.47	-92429.8	-18940.6	0.192853	1	0.146087	13.6905	4.89737	0.0337023	19.2854	0.222457	7160	98	587	-37108.6	74.3039f	93.1508	4	1	1	0.0792079	0.0693069	0.009901	9.90099e-09	0	0	0	0	0.827273	0.963534	0.255618	0.5	0.904494	9.90099e-09	0.0792079	9.90099e-09	1	0.117155	0.208065	0.666667	0.666667	1.5	1	1	7481.83	1e+20	3.73185e+07	21.1767	17.3825	58.6741	74.7606	74.3039	93.1508	
143000	-140845	-1235.47	-94069.2	-19164.8	0.196047	1	0.151915	13.1653	5.2711	0.00966112	19.3724	0.198755	7297	98	608	-37108.6	61.0748f	73.6673	4	1	1	0.0792079	0.108911	0.029703	9.90099e-09	0	0	0	0	0.909091	0.959945	0.238356	0.492063	0.88935	9.90099e-09	0.0792079	9.90099e-09	1	0.0877915	0.196078	0.666667	0.666667	1.5	1	1	7481.83	1e+20	3.73185e+07	21.1767	17.3825	58.6741	74.7606	61.0748	73.6673	
144000	-140021	-1235.47	-93245.6	-19070.4	0.196728	1	0.151915	13.1653	5.3275	0.0307733	19.4072	0.196651	7239	98	586	-37108.6	95.9479f	62.0064	4	1	1	0.0792079	0.108911	0.029703	9.90099e-09	0	0	0	0	0.890909	0.954357	0.232365	0.5	0.889503	9.90099e-09	0.118812	9.90099e-09	1	0.0926694	0.171667	0.666667	0.666667	1.5	1	1	7481.83	1e+20	3.73185e+07	99.1348	46.803	58.6741	74.7606	95.9479	62.0064	
145000	-143005	-1235.47	-96229.5	-19381	0.196728	1	0.156314	12.7948	5.62132	0.0214503	19.5295	0.181128	7430	98	671	-37108.6	28.2849f	82.8947	4	1	1	0.0792079	0.108911	0.029703	9.90099e-09	0	0	0	0	0.854545	0.94332	0.273585	0.562963	0.896505	9.90099e-09	0.118812	9.90099e-09	1	0.123656	0.208889	0.666667	0.666667	1.5	1	1	7481.83	1e+20	3.73185e+07	82.3912	62.1428	58.6741	74.7606	28.2849	82.8947	
146000	-142951	-1235.47	-96175.4	-19322	0.198114	1	0.158126	12.6481	6.18935	0.00433874	19.9126	0.162619	7394	98	697	-37108.6	33.0514f	54.0062	4	1	1	0.0594059	0.108911	0.029703	9.90099e-09	0	0	0	0	0.845455	0.959623	0.263158	0.474453	0.879892	9.90099e-09	0.118812	9.90099e-09	1	0.0928668	0.198592	0.666667	0.666667	1.5	1	1	7481.83	1e+20	3.73185e+07	82.3912	62.1428	58.6741	74.7606	33.0514	54.0062	
147000	-143081	-1235.47	-96305.8	-19344.6	0.198114	1	0.154864	12.9145	5.38925	0.000996838	19.3358	0.190695	7408	98	699	-37108.6	42.5802f	51.2247	4	1	1	0.0594059	0.108911	0.029703	9.90099e-09	0	0	0	0	0.890909	0.963365	0.239305	0.524476	0.895522	9.90099e-09	0.118812	9.90099e-09	1	0.116689	0.147353	0.666667	0.666667	1.5	1	1	7481.83	1e+20	3.73185e+07	82.3912	62.1428	58.6741	74.7606	42.5802	51.2247	
148000	-142229	-1235.47	-95453.3	-19334.9	0.198114	1	0.148009	13.5127	5.15068	0.019875	19.3358	0.208769	7402	98	625	-37108.6	76.9043f	76.7171	4	1	1	0.0594059	0.108911	0.029703	9.90099e-09	0	0	0	0	0.854545	0.958277	0.264507	0.485075	0.921196	9.90099e-09	0.118812	9.90099e-09	1	0.0985155	0.194277	0.666667	0.666667	1.5	1	1	7481.83	1e+20	3.73185e+07	82.3912	62.1428	58.6741	74.7606	76.9043	76.7171	
149000	-141002	-1235.47	-94226.9	-19148.6	0.195203	1	0.148009	13.5127	5.07499	0.00412136	19.3358	0.211883	7287	98	625	-37108.6	39.4345f	62.9955	4	1	1	0.0594059	0.108911	0.0792079	9.90099e-09	0	0	0	0	0.836364	0.964432	0.264384	0.488372	0.915185	9.90099e-09	0.118812	9.90099e-09	1	0.123288	0.193038	0.666667	0.666667	1.5	1	1	7481.83	1e+20	3.73185e+07	82.3912	62.1428	39.8785	65.638	39.4345	62.9955	
150000	-143722	-1235.47	-96946.1	-19510.9	0.206133	1	0.148009	13.5127	5.35915	0.00492048	19.3358	0.200648	7511	98	658	-37108.6	35.9255f	61.9456	4	1	1	0.0594059	0.0693069	0.0792079	9.90099e-09	0	0	0	0	0.863636	0.967018	0.296834	0.568182	0.891821	0.009901	0.118812	9.90099e-09	1	0.0851064	0.171254	0.666667	0.666667	1.5	1	1	7481.83	1e+20	3.73185e+07	82.3912	62.1428	39.8785	65.638	35.9255	61.9456	
151000	-147071	-1235.47	-100295	-19967.2	0.206313	1	0.148009	13.5127	5.8788	0.017765	19.7841	0.182912	7800	98	670	-37108.6	21.5202f	71.8428	4	1	1	0.0594059	0.0693069	0.0792079	9.90099e-09	0	0	0	0	0.845455	0.969427	0.267857	0.507246	0.896287	0.009901	0.128713	9.90099e-09	1	0.116517	0.197269	0.666667	0.666667	1.5	1	1	7481.83	1e+20	3.73185e+07	82.3912	62.1428	39.8785	65.638	21.5202	71.8428	
152000	-147605	-1235.47	-100829	-19932.5	0.206313	1	0.157937	12.6632	6.27315	0.00834089	19.7841	0.160638	7778	98	735	-37108.6	58.2937f	72.7345	4	1	1	0.0594059	0.0693069	0.0792079	9.90099e-09	0	0	0	0	0.818182	0.965206	0.252577	0.47973	0.89704	0.009901	0.128713	9.90099e-09	1	0.134961	0.205198	0.666667	0.666667	1.5	1	1	7481.83	1e+20	3.73185e+07	82.3912	62.1428	39.8785	65.638	58.2937	72.7345	
153000	-145695	-1235.47	-98919.5	-19739.9	0.205841	1	0.155202	12.8864	6.15041	0.00894523	19.7841	0.166732	7656	98	691	-37108.6	54.1841f	74.7363	4	1	1	0.0594059	0.0693069	0.0792079	9.90099e-09	0	0	0	0	0.854545	0.964706	0.292651	0.492857	0.877632	0.009901	0.128713	9.90099e-09	1	0.111549	0.176901	0.666667	0.666667	1.5	1	1	7481.83	1e+20	3.73185e+07	82.3912	62.1428	39.8785	65.638	54.1841	74.7363	
154000	-147443	-1235.47	-100667	-20015.8	0.206762	1	0.14583	13.7146	5.80488	0.00928547	19.7841	0.188009	7831	98	668	-37108.6	30.1832f	66.4117	4	1	1	0.0594059	0.0693069	0.0792079	9.90099e-09	0	0	0	0	0.836364	0.974619	0.244924	0.522388	0.909554	0.009901	0.128713	9.90099e-09	1	0.105867	0.196137	0.666667	0.666667	1.5	1	1	7481.83	1e+20	3.73185e+07	83.852	58.4442	51.1368	59.3438	30.1832	66.4117	
155000	-145274	-1235.47	-98498.1	-19711.6	0.206762	1	0.147114	13.5949	5.86493	0.00911501	19.7916	0.184461	7638	98	669	-37108.6	35.1623f	28.6687	4	1	1	0.0594059	0.0693069	0.0792079	9.90099e-09	0	0	0	0	0.9	0.965969	0.240838	0.568	0.895288	0.009901	0.128713	9.90099e-09	1	0.120419	0.22003	0.666667	0.666667	1.5	1	1	7481.83	1e+20	3.73185e+07	83.852	58.4442	52.7961	29.8718	35.1623	28.6687	
156000	-144111	-1235.47	-97335.7	-19657.8	0.206196	1	0.144678	13.8238	5.75204	0.0179414	19.7916	0.191247	7604	98	597	-37108.6	66.5424f	81.8999	4	1	1	0.0594059	0.0594059	0.019802	9.90099e-09	0	0	0	0	0.827273	0.973958	0.25	0.581967	0.911458	0.009901	0.128713	9.90099e-09	1	0.0924479	0.195804	0.666667	0.666667	1.5	1	1	7481.83	1e+20	3.73185e+07	83.852	58.4442	51.1219	40.4686	66.5424	81.8999	
157000	-146545	-1235.47	-99769.7	-19867.9	0.205984	1	0.144678	13.8238	5.97293	0.00215826	19.9841	0.184174	7737	98	684	-37108.6	61.194f	53.7938	4	1	1	0.0594059	0.0594059	0.019802	9.90099e-09	0	0	0	0	0.8	0.963871	0.262274	0.528571	0.908269	0.009901	0.138614	9.90099e-09	1	0.109677	0.216617	0.666667	0.666667	1.5	1	1	7481.83	1e+20	3.73185e+07	83.852	58.4442	51.1219	40.4686	61.194	53.7938	
158000	-148609	-1235.47	-101834	-20107.9	0.206112	1	0.144678	13.8238	5.97665	0.0115033	19.9841	0.18406	7889	98	728	-37108.6	77.7082f	57.8472	4	1	1	0.0594059	0.0594059	0.019802	9.90099e-09	0	0	0	0	0.872727	0.973384	0.263959	0.489051	0.916244	0.009901	0.138614	9.90099e-09	1	0.0964467	0.194978	0.666667	0.666667	1.5	1	1	7481.83	1e+20	3.73185e+07	83.852	58.4442	51.1219	40.4686	77.7082	57.8472	
159000	-150863	-1235.47	-104088	-20510.8	0.224874	1	0.139817	14.3044	6.18241	0.00905714	19.889	0.184121	8153	98	668	-37108.6	25.9639f	40.7579	4	1	1	0.0693069	0.0594059	0.019802	9.90099e-09	0	0	0	0	0.909091	0.95695	0.245098	0.558824	0.901599	0.009901	0.138614	9.90099e-09	1	0.0882353	0.199102	0.666667	0.666667	1.5	1	1	7481.83	1e+20	3.73185e+07	91.0969	11.4851	51.1219	40.4686	25.9639	40.7579	
160000	-151843	-1235.47	-105067	-20640.6	0.224722	1	0.138947	14.394	6.1398	0.00955723	19.889	0.18656	8240	98	674	-37108.6	73.1348f	37.1824	4	1	1	0.0693069	0.0594059	0.019802	9.90099e-09	0	0	0	0	0.881818	0.973171	0.251816	0.540146	0.910303	0.009901	0.138614	9.90099e-09	1	0.0933333	0.192424	0.666667	0.666667	1.5	1	1	7481.83	1e+20	3.73185e+07	86.1144	50.5185	51.1219	40.4686	73.1348	37.1824	
161000	-156565	-1235.47	-109790	-21208.2	0.227188	1	0.137288	14.5679	6.04334	0.023263	19.8158	0.191827	8622	98	732	-37108.6	33.4866f	11.7332	4	1	1	0.0693069	0.0594059	0.019802	9.90099e-09	0	0	0	0	0.836364	0.970998	0.252326	0.52459	0.895592	0.009901	0.138614	9.90099e-09	1	0.0954598	0.195355	0.666667	0.666667	1.5	1	1	7481.83	1e+20	3.73185e+07	86.1144	50.5185	38.4929	21.2481	33.4866	11.7332	
162000	-155416	-1235.47	-108640	-21123.8	0.227188	1	0.132152	15.1341	5.99603	0.0161209	19.9664	0.200855	8565	98	675	-37108.6	35.4493f	18.5292	4	1	1	0.0693069	0.0693069	0.0693069	9.90099e-09	0	0	0	0	0.827273	0.969626	0.257576	0.507463	0.913753	9.90099e-09	0.138614	9.90099e-09	1	0.101399	0.170588	0.666667	0.666667	1.5	1	1	7481.83	1e+20	3.73185e+07	86.1144	50.5185	38.4929	21.2481	35.4493	18.5292	
163000	-155122	-1235.47	-108347	-21049.7	0.227188	1	0.140069	14.2787	6.28175	0.0196991	19.9084	0.180883	8515	98	693	-37108.6	41.8049f	12.5264	4	1	1	0.0693069	0.0693069	0.0693069	9.90099e-09	0	0	0	0	0.854545	0.974299	0.248832	0.485507	0.901754	9.90099e-09	0.118812	9.90099e-09	1	0.10514	0.214072	0.666667	0.666667	1.5	1	1	7481.83	1e+20	3.73185e+07	68.6768	84.2453	38.4929	21.2481	41.8049	12.5264	
164000	-154140	-1235.47	-107365	-20919.3	0.227188	1	0.140069	14.2787	5.98794	0.0377937	19.6714	0.189759	8427	98	695	-37108.6	11.8872f	13.0752	4	1	1	0.0693069	0.0693069	0.0693069	9.90099e-09	0	0	0	0	0.863636	0.968009	0.275328	0.506944	0.893921	9.90099e-09	0.118812	9.90099e-09	1	0.112693	0.167598	0.666667	0.666667	1.5	1	1	7481.83	1e+20	3.73185e+07	68.6768	84.2453	38.4929	21.2481	11.8872	13.0752	
165000	-154609	-1235.47	-107833	-20920.7	0.227188	1	0.146286	13.6718	6.2323	0.0267545	19.6545	0.174569	8428	98	735	-37108.6	47.6396f	5.34517	4	1	1	0.039604	0.0693069	0.0693069	9.90099e-09	0	0	0	0	0.845455	0.96204	0.253571	0.521739	0.902728	9.90099e-09	0.118812	9.90099e-09	1	0.111905	0.188119	0.666667	0.666667	1.5	1	1	7481.83	1e+20	3.73185e+07	68.6768	84.2453	38.4929	21.2481	47.6396	5.34517	
166000	-153951	-1235.47	-107175	-20861.5	0.227188	1	0.146286	13.6718	6.2323	0.000786081	19.6545	0.174569	8388	98	715	-37108.6	53.9883f	44.6349	4	1	1	0.039604	0.0693069	0.0693069	9.90099e-09	0	0	0	0	0.827273	0.958432	0.245863	0.453947	0.913302	9.90099e-09	0.118812	9.90099e-09	1	0.122619	0.188811	0.666667	0.666667	1.5	1	1	7481.83	1e+20	3.73185e+07	68.6768	84.2453	38.4929	21.2481	53.9883	44.6349	
167000	-152103	-1235.47	-105327	-20721.2	0.224973	1	0.135556	14.754	5.71885	0.0154659	19.6545	0.205302	8294	98	641	-37108.6	36.8833f	18.6746	4	1	1	0.039604	0.049505	0.0693069	9.90099e-09	0	0	0	0	0.881818	0.971119	0.227924	0.531915	0.899642	9.90099e-09	0.118812	9.90099e-09	1	0.107399	0.177847	0.666667	0.666667	1.5	1	1	7481.83	1e+20	3.73185e+07	68.6768	84.2453	38.4929	21.2481	36.8833	18.6746	
168000	-152763	-1235.47	-105988	-20786.9	0.224973	1	0.135556	14.754	5.96564	0.0157938	19.8632	0.196809	8338	98	662	-37108.6	70.7406f	22.7538	4	1	1	0.039604	0.049505	0.049505	9.90099e-09	0	0	0	0	0.872727	0.965476	0.244311	0.52518	0.905276	9.90099e-09	0.118812	9.90099e-09	1	0.088729	0.194864	0.666667	0.666667	1.5	1	1	7481.83	1e+20	3.73185e+07	68.6768	84.2453	38.4929	21.2481	70.7406	22.7538	
169000	-151801	-1235.47	-105026	-20591.4	0.224973	1	0.151834	13.1723	6.682	0.00154039	19.8632	0.156872	8207	98	703	-37108.6	57.063f	42.7995	4	1	1	0.039604	0.049505	0.049505	9.90099e-09	0	0	0	0	0.890909	0.960048	0.261557	0.496504	0.881356	9.90099e-09	0.0693069	9.90099e-09	1	0.121065	0.17554	0.666667	0.666667	1.5	1	1	7481.83	1e+20	3.73185e+07	63.631	80.8703	50.304	37.2235	57.063	42.7995	
170000	-152082	-1235.47	-105306	-20576.3	0.224619	1	0.151834	13.1723	6.6715	0.0160246	19.8632	0.157119	8197	98	735	-37108.6	39.1075f	17.1819	4	1	1	0.039604	0.049505	0.049505	9.90099e-09	0	0	0	0	0.890909	0.940171	0.253056	0.513514	0.869353	9.90099e-09	0.0693069	9.90099e-09	1	0.0878049	0.191518	0.666667	0.666667	1.5	1	1	7481.83	1e+20	3.73185e+07	33.5832	75.8478	50.304	37.2235	39.1075	17.1819	
171000	-151471	-1235.47	-104696	-20466.2	0.220219	1	0.151834	13.1723	6.54082	0.00342167	19.8632	0.160258	8125	98	751	-37108.6	59.1685f	37.3134	4	1	1	0.039604	0.049505	0.049505	9.90099e-09	0	0	0	0	0.809091	0.95818	0.257073	0.503311	0.901599	9.90099e-09	0.0693069	9.90099e-09	1	0.115621	0.204787	0.666667	0.666667	1.5	1	1	7481.83	1e+20	3.73185e+07	76.9675	96.0796	50.304	37.2235	59.1685	37.3134	
172000	-151232	-1235.47	-104456	-20458.5	0.214592	1	0.148544	13.464	6.31172	0.012438	19.9236	0.169753	8119	98	729	-37108.6	75.8138f	65.082	4	1	1	0.029703	0.049505	0.049505	9.90099e-09	0	0	0	0	0.890909	0.961681	0.258621	0.544218	0.894349	9.90099e-09	0.0693069	9.90099e-09	1	0.126536	0.204986	0.666667	0.666667	1.5	1	1	7481.83	1e+20	3.73185e+07	51.9984	95.4869	50.4229	31.7526	75.8138	65.082	
173000	-149181	-1235.47	-102406	-20198.4	0.214592	1	0.142113	14.0733	6.03844	0.0182204	19.9236	0.185465	7950	98	710	-37108.6	75.8249f	23.8351	4	1	1	0.029703	0.049505	0.049505	9.90099e-09	0	0	0	0	0.809091	0.966208	0.23522	0.5	0.894472	9.90099e-09	0.0693069	9.90099e-09	1	0.142678	0.178363	0.666667	0.666667	1.5	1	1	7481.83	1e+20	3.73185e+07	51.9984	95.4869	50.4229	31.7526	75.8249	23.8351	
174000	-152042	-1235.47	-105267	-20520.8	0.220772	1	0.151306	13.2182	6.61424	0.0251046	19.9236	0.159031	8161	98	762	-37108.6	41.1502f	7.60025	4	1	1	0.029703	0.039604	0.019802	9.90099e-09	0	0	0	0	0.809091	0.961963	0.268949	0.530612	0.879755	9.90099e-09	0.0693069	9.90099e-09	1	0.117359	0.203412	0.666667	0.666667	1.5	1	1	7481.83	1e+20	3.73185e+07	51.9984	95.4869	50.4229	31.7526	41.1502	7.60025	
175000	-151040	-1235.47	-104265	-20436.2	0.220772	1	0.151306	13.2182	6.61424	0.00755664	19.9236	0.159031	8105	98	725	-37108.6	38.8485f	29.1534	4	1	1	0.029703	0.039604	0.019802	9.90099e-09	0	0	0	0	0.827273	0.959309	0.274969	0.5	0.89889	9.90099e-09	0.039604	9.90099e-09	1	0.122072	0.208219	0.666667	0.666667	1.5	1	1	7481.83	1e+20	3.73185e+07	51.9984	95.4869	50.4229	31.7526	38.8485	29.1534	
176000	-153662	-1235.47	-106887	-20802.1	0.223102	1	0.158649	12.6065	7.00837	0.00573186	19.9236	0.143142	8348	98	730	-37108.6	42.2367f	30.9805	4	1	1	0.029703	0.039604	0.019802	9.90099e-09	0	0	0	0	0.845455	0.961585	0.252101	0.611842	0.906587	9.90099e-09	0.039604	9.90099e-09	1	0.11018	0.178718	0.666667	0.666667	1.5	1	1	7481.83	1e+20	3.73185e+07	51.9984	95.4869	50.4229	31.7526	42.2367	30.9805	
177000	-154417	-1235.47	-107642	-20859.9	0.225061	1	0.158649	12.6065	7.06993	0.00118101	19.9236	0.141895	8387	98	761	-37108.6	42.0023f	46.9587	4	1	1	0.029703	0.039604	0.019802	9.90099e-09	0	0	0	0	0.854545	0.961768	0.270883	0.594937	0.910608	9.90099e-09	0.039604	9.90099e-09	1	0.100239	0.184492	0.666667	0.666667	1.5	1	1	7481.83	1e+20	3.73185e+07	51.9984	95.4869	39.9445	5.75052	42.0023	46.9587	
178000	-155788	-1235.47	-109012	-21030	0.225061	1	0.150788	13.2636	6.71966	0.0267597	19.9236	0.157074	8501	98	770	-37108.6	29.767f	10.1435	4	1	1	0.0693069	0.039604	0.019802	9.90099e-09	0	0	0	0	0.818182	0.96816	0.258255	0.542484	0.887039	9.90099e-09	0.039604	9.90099e-09	1	0.102473	0.182519	0.666667	0.666667	1.5	1	1	7481.83	1e+20	3.73185e+07	51.9984	95.4869	39.9445	5.75052	29.767	10.1435	
179000	-153310	-1235.47	-106535	-20737.7	0.225061	1	0.150788	13.2636	6.71966	0.0308544	19.9236	0.157074	8305	98	738	-37108.6	27.7897f	7.44985	4	1	1	0.0693069	0.039604	0.019802	9.90099e-09	0	0	0	0	0.890909	0.962651	0.225301	0.530201	0.908434	9.90099e-09	0.039604	9.90099e-09	1	0.114734	0.20156	0.666667	0.666667	1.5	1	1	7481.83	1e+20	3.73185e+07	51.9984	95.4869	30.8825	1.5327	27.7897	7.44985	
180000	-156523	-1235.47	-109748	-21099.6	0.225627	1	0.156872	12.7492	7.00834	0.0293987	19.9236	0.144763	8548	98	794	-37108.6	15.9619f	17.8944	4	1	1	0.0693069	0.0792079	9.90099e-09	9.90099e-09	0	0	0	0	0.9	0.966161	0.214035	0.655629	0.904094	9.90099e-09	0.039604	9.90099e-09	1	0.121637	0.196451	0.666667	0.666667	1.5	1	1	7481.83	1e+20	3.73185e+07	51.9984	95.4869	30.8825	1.5327	15.9619	17.8944	
181000	-156382	-1235.47	-109606	-21149.2	0.230128	1	0.156872	12.7492	6.77835	0.0230725	19.6607	0.149675	8583	98	750	-37108.6	13.2282f	31.0594	4	1	1	0.0693069	0.0792079	9.90099e-09	9.90099e-09	0	0	0	0	0.918182	0.963995	0.235706	0.594595	0.89547	9.90099e-09	0.0891089	9.90099e-09	1	0.113689	0.220109	0.666667	0.666667	1.5	1	1	7481.83	1e+20	3.73185e+07	51.9984	95.4869	30.8825	1.5327	13.2282	31.0594	
182000	-156984	-1235.47	-110209	-21216.3	0.233258	1	0.153729	13.0099	6.73289	0.0190913	19.6607	0.153766	8629	98	759	-37108.6	31.6509f	17.0272	4	1	1	0.0693069	0.0792079	9.90099e-09	9.90099e-09	0	0	0	0	0.836364	0.962791	0.243023	0.556291	0.900348	9.90099e-09	0.0891089	9.90099e-09	1	0.119351	0.185333	0.666667	0.666667	1.5	1	1	7481.83	1e+20	3.73185e+07	51.9984	95.4869	30.8825	1.5327	31.6509	17.0272	
183000	-158143	-1235.47	-111367	-21373.6	0.233258	1	0.14399	13.8899	5.79357	0.0111496	19.2483	0.190784	8737	98	758	-37108.6	23.3629f	39.5146	4	1	1	0.0693069	0.0792079	9.90099e-09	9.90099e-09	0	0	0	0	0.827273	0.959862	0.27867	0.52381	0.902186	9.90099e-09	0.0891089	9.90099e-09	1	0.129587	0.179167	0.666667	0.666667	1.5	1	1	7481.83	1e+20	3.73185e+07	51.9984	95.4869	30.8825	1.5327	23.3629	39.5146	
184000	-155907	-1235.47	-109131	-21124.4	0.229079	1	0.14399	13.8899	5.74606	0.0322307	19.2957	0.192361	8566	98	720	-37108.6	54.5707f	1.13693	4	1	1	0.0693069	0.0792079	9.90099e-09	9.90099e-09	0	0	0	0	0.863636	0.951991	0.262353	0.530201	0.890443	9.90099e-09	0.0891089	9.90099e-09	1	0.107351	0.223448	0.666667	0.666667	1.5	1	1	7481.83	1e+20	3.73185e+07	65.2746	80.4584	30.8825	1.5327	54.5707	1.13693	
185000	-157224	-1235.47	-110449	-21124.3	0.232179	1	0.159612	12.5304	6.90197	0.0578706	19.6209	0.144471	8566	98	839	-37108.6	3.74642f	3.37427	4	1	1	0.0693069	0.0792079	9.90099e-09	9.90099e-09	0	0	0	0	0.827273	0.952326	0.281723	0.436364	0.899297	9.90099e-09	0.0891089	9.90099e-09	1	0.107351	0.196517	0.666667	0.666667	1.5	1	1	7481.83	1e+20	3.73185e+07	75.6996	98.9799	30.8825	1.5327	3.74642	3.37427	
186000	-156436	-1235.47	-109661	-21122.9	0.232179	1	0.151177	13.2296	6.39797	0.0145207	19.5156	0.164548	8565	98	775	-37108.6	46.6517f	17.2544	4	1	1	0.0693069	0.0792079	9.90099e-09	9.90099e-09	0	0	0	0	0.863636	0.955916	0.228972	0.429487	0.912485	9.90099e-09	0.0891089	9.90099e-09	1	0.106184	0.194737	0.666667	0.666667	1.5	1	1	7481.83	1e+20	3.73185e+07	94.8185	80.8626	30.8825	1.5327	46.6517	17.2544	
187000	-158026	-1235.47	-111251	-21310	0.231479	1	0.163349	12.2438	7.59326	0.0365756	19.9939	0.128315	8693	98	788	-37108.6	1.55914f	30.8292	4	1	1	0.0693069	0.0594059	0.049505	9.90099e-09	0	0	0	0	0.881818	0.956171	0.251152	0.609272	0.88466	9.90099e-09	0.118812	9.90099e-09	1	0.1188	0.228022	0.666667	0.666667	1.5	1	1	7481.83	1e+20	3.73185e+07	71.5469	84.5645	30.8825	1.5327	1.55914	30.8292	
188000	-156685	-1235.47	-109910	-21133.6	0.228169	1	0.148188	13.4964	6.78999	0.0162432	19.9939	0.158176	8572	98	783	-37108.6	33.6867f	19.264	4	1	1	0.0693069	0.0594059	0.049505	9.90099e-09	0	0	0	0	0.881818	0.964037	0.240698	0.450617	0.908671	9.90099e-09	0.118812	9.90099e-09	1	0.0990676	0.204315	0.666667	0.666667	1.5	1	1	7481.83	1e+20	3.73185e+07	71.5469	84.5645	30.8825	1.5327	33.6867	19.264	
189000	-156918	-1235.47	-110143	-21203.2	0.232093	1	0.153746	13.0085	6.81682	0.0338144	19.7459	0.151857	8620	98	761	-37108.6	34.1679f	2.29286	4	1	1	0.0693069	0.0594059	0.049505	9.90099e-09	0	0	0	0	0.909091	0.965278	0.228804	0.550336	0.908565	9.90099e-09	0.118812	9.90099e-09	1	0.108796	0.2	0.666667	0.666667	1.5	1	1	7481.83	1e+20	3.73185e+07	71.5469	84.5645	23.3437	26.5127	34.1679	2.29286	
190000	-156271	-1235.47	-109495	-21074.8	0.22733	1	0.153746	13.0085	6.67693	0.00679337	19.7459	0.155039	8532	98	782	-37108.6	42.3005f	28.9546	4	1	1	0.0693069	0.0594059	0.049505	9.90099e-09	0	0	0	0	0.881818	0.96729	0.276347	0.598684	0.900468	0.019802	0.118812	9.90099e-09	1	0.124122	0.192308	0.666667	0.666667	1.5	1	1	7481.83	1e+20	3.73185e+07	71.5469	84.5645	31.317	20.8695	42.3005	28.9546	
191000	-153556	-1235.47	-106781	-20850.9	0.225929	1	0.145724	13.7246	6.2882	0.0172186	19.7448	0.173686	8381	98	692	-37108.6	48.8531f	14.1615	4	1	1	0.0693069	0.0594059	0.049505	9.90099e-09	0	0	0	0	0.845455	0.967819	0.252682	0.514493	0.915677	0.019802	0.118812	9.90099e-09	1	0.106079	0.211538	0.666667	0.666667	1.5	1	1	7481.83	1e+20	3.73185e+07	71.5469	84.5645	31.317	20.8695	48.8531	14.1615	
192000	-153806	-1235.47	-107030	-20800.8	0.222458	1	0.159683	12.5248	6.57417	0.0392915	19.5899	0.151608	8347	98	748	-37108.6	22.4147f	3.393	4	1	1	0.0693069	0.0594059	0.039604	9.90099e-09	0	0	0	0	0.845455	0.959184	0.273923	0.566667	0.893157	0.019802	0.118812	9.90099e-09	1	0.130539	0.19086	0.666667	0.666667	1.5	1	1	7481.83	1e+20	3.73185e+07	71.5469	84.5645	31.317	20.8695	22.4147	3.393	
193000	-154791	-1235.47	-108015	-20863.9	0.222458	1	0.162102	12.3379	6.02128	0.000646175	19.0924	0.163058	8389	98	800	-37108.6	46.5817f	45.2339	4	1	1	0.0693069	0.0594059	0.039604	9.90099e-09	0	0	0	0	0.881818	0.943847	0.250892	0.537975	0.878427	0.019802	0.0891089	9.90099e-09	1	0.116806	0.21455	0.666667	0.666667	1.5	1	1	7481.83	1e+20	3.73185e+07	71.5469	84.5645	31.317	20.8695	46.5817	45.2339	
194000	-151698	-1235.47	-104922	-20493.8	0.221521	1	0.16333	12.2452	6.24415	0.0115667	19.2507	0.156056	8143	98	757	-37108.6	21.4053f	44.5763	4	1	1	0.0693069	0.0594059	0.039604	9.90099e-09	0	0	0	0	0.827273	0.959559	0.244798	0.519231	0.887019	0.019802	0.0891089	9.90099e-09	1	0.12638	0.182415	0.666667	0.666667	1.5	1	1	7481.83	1e+20	3.73185e+07	71.5469	84.5645	14.1924	15.5747	21.4053	44.5763	
195000	-152007	-1235.47	-105232	-20539	0.221521	1	0.170463	11.7328	6.51685	0.0372382	19.2507	0.143269	8173	98	758	-37108.6	0.5767f	32.1191	4	1	1	0.0693069	0.0594059	0.039604	9.90099e-09	0	0	0	0	0.881818	0.957002	0.227941	0.598684	0.898034	0.019802	0.0891089	9.90099e-09	1	0.118582	0.168675	0.666667	0.666667	1.5	1	1	7481.83	1e+20	3.73185e+07	71.5469	84.5645	28.1378	24.2185	0.5767	32.1191	
196000	-152619	-1235.47	-105844	-20632.4	0.221521	1	0.164876	12.1303	6.30326	0.0150867	19.2507	0.153143	8235	98	751	-37108.6	23.5257f	29.5629	4	1	1	0.039604	0.0594059	0.039604	9.90099e-09	0	0	0	0	0.881818	0.964763	0.260922	0.62	0.900485	0.019802	0.0891089	9.90099e-09	1	0.116505	0.192416	0.666667	0.666667	1.5	1	1	7481.83	1e+20	3.73185e+07	71.5469	84.5645	28.1378	24.2185	23.5257	29.5629	
197000	-152415	-1235.47	-105639	-20617.4	0.221521	1	0.146581	13.6443	5.88772	0.00261508	19.49	0.184415	8225	98	742	-37108.6	40.6057f	40.1933	4	1	1	0.039604	0.0594059	0.039604	9.90099e-09	0	0	0	0	0.945455	0.948843	0.291616	0.531915	0.889024	0.019802	0.0891089	9.90099e-09	1	0.0996355	0.17027	0.666667	0.666667	1.5	1	1	7481.83	1e+20	3.73185e+07	71.5469	84.5645	28.1378	24.2185	40.6057	40.1933	
198000	-151581	-1235.47	-104806	-20601	0.216884	1	0.150661	13.2748	5.92494	0.00550816	19.49	0.178293	8213	98	674	-37108.6	44.6433f	30.5882	4	1	1	0.039604	0.0594059	0.039604	9.90099e-09	0	0	0	0	0.918182	0.975669	0.218293	0.580882	0.885366	0.019802	0.0891089	9.90099e-09	1	0.0902439	0.184332	0.666667	0.666667	1.5	1	1	7481.83	1e+20	3.73185e+07	71.5469	84.5645	28.1378	24.2185	44.6433	30.5882	
199000	-151319	-1235.47	-104544	-20534.5	0.218662	1	0.150461	13.2925	5.96558	0.0445292	19.49	0.177314	8170	98	698	-37108.6	11.6222f	7.02013	4	1	1	0.039604	0.0891089	0.039604	9.90099e-09	0	0	0	0	0.881818	0.970696	0.252142	0.514493	0.906863	0.019802	0.0891089	9.90099e-09	1	0.0856793	0.190544	0.666667	0.666667	1.5	1	1	7481.83	1e+20	3.73185e+07	95.1438	73.8369	28.1378	24.2185	11.6222	7.02013	
200000	-149062	-1235.47	-102287	-20241.6	0.219318	1	0.145002	13.793	6.18703	0.00920474	19.8361	0.177405	7977	98	679	-37108.6	26.1642f	39.6706	4	1	1	0.039604	0.0891089	0.039604	9.90099e-09	0	0	0	0	0.881818	0.963795	0.241855	0.464789	0.91067	0.019802	0.0891089	9.90099e-09	1	0.107769	0.200565	0.666667	0.666667	1.5	1	1	7481.83	1e+20	3.73185e+07	95.1438	73.8369	28.1378	24.2185	26.1642	39.6706	
201000	-150369	-1235.47	-103594	-20438.8	0.219318	1	0.145002	13.793	6.18703	0.036321	19.8361	0.177405	8107	98	672	-37108.6	12.7861f	13.649	4	1	1	0.039604	0.0891089	0.039604	9.90099e-09	0	0	0	0	0.872727	0.959309	0.233046	0.519084	0.905055	0.019802	0.0891089	9.90099e-09	1	0.0988875	0.199088	0.666667	0.666667	1.5	1	1	7481.83	1e+20	3.73185e+07	95.1438	73.8369	28.1378	24.2185	12.7861	13.649	
202000	-152360	-1235.47	-105584	-20717.3	0.218251	1	0.138306	14.4606	6.06232	0.0179746	19.9944	0.189819	8290	98	668	-37108.6	13.8273f	46.3272	4	1	1	0.0594059	0.0891089	0.039604	9.90099e-09	0	0	0	0	0.781818	0.975904	0.253623	0.50365	0.919082	0.019802	0.0891089	9.90099e-09	1	0.0978261	0.189602	0.666667	0.666667	1.5	1	1	7481.83	1e+20	3.73185e+07	95.1438	73.8369	28.1378	24.2185	13.8273	46.3272	
203000	-152482	-1235.47	-105706	-20656.7	0.22074	1	0.13907	14.3812	6.16534	0.0242153	19.9944	0.185622	8251	98	715	-37108.6	7.79972f	48.1545	4	1	1	0.0594059	0.0891089	0.039604	9.90099e-09	0	0	0	0	0.836364	0.958282	0.241798	0.5	0.901937	0.019802	0.0891089	9.90099e-09	1	0.118582	0.20059	0.666667	0.666667	1.5	1	1	7481.83	1e+20	3.73185e+07	95.1438	73.8369	10.3449	46.6949	7.79972	48.1545	
204000	-151881	-1235.47	-105105	-20582.7	0.22074	1	0.143851	13.9032	6.37729	0.0311897	19.9944	0.173488	8202	98	706	-37108.6	5.21211f	32.4796	4	1	1	0.0594059	0.0891089	0.039604	9.90099e-09	0	0	0	0	0.854545	0.968254	0.258222	0.566434	0.902439	9.90099e-09	0.0990099	9.90099e-09	1	0.105006	0.190014	0.666667	0.666667	1.5	1	1	7481.83	1e+20	3.73185e+07	95.1438	73.8369	10.3449	46.6949	5.21211	32.4796	
205000	-154326	-1235.47	-107551	-20944.7	0.225866	1	0.132921	15.0465	5.97611	0.0189383	19.9499	0.200358	8444	98	694	-37108.6	20.3304f	72.2443	4	1	1	0.0594059	0.0990099	0.019802	9.90099e-09	0	0	0	0	0.854545	0.973934	0.29078	0.503546	0.902174	9.90099e-09	0.0990099	9.90099e-09	1	0.0921986	0.181429	0.666667	0.666667	1.5	1	1	7481.83	1e+20	3.73185e+07	95.1438	73.8369	10.3449	46.6949	20.3304	72.2443	
206000	-154888	-1235.47	-108113	-21000.2	0.232244	1	0.132856	15.0539	5.86462	0.0213912	19.7209	0.204268	8481	98	717	-37108.6	53.6445f	89.114	4	1	1	0.0594059	0.0990099	0.019802	9.90099e-09	0	0	0	0	0.763636	0.963227	0.257951	0.531915	0.904594	9.90099e-09	0.0990099	9.90099e-09	1	0.0996441	0.191341	0.666667	0.666667	1.5	1	1	7481.83	1e+20	3.73185e+07	95.1438	73.8369	10.3449	46.6949	53.6445	89.114	
207000	-151876	-1235.47	-105100	-20587.3	0.22041	1	0.152307	13.1314	6.23572	0.0153194	19.6079	0.167577	8205	98	708	-37108.6	21.3233f	32.3448	4	1	1	0.0594059	0.0990099	0.019802	9.90099e-09	0	0	0	0	0.872727	0.965812	0.255189	0.565517	0.891331	9.90099e-09	0.0990099	9.90099e-09	1	0.108669	0.206215	0.666667	0.666667	1.5	1	1	7481.83	1e+20	3.73185e+07	95.1438	73.8369	10.3449	46.6949	21.3233	32.3448	
208000	-150421	-1235.47	-103645	-20499.5	0.219613	1	0.140647	14.22	5.73749	0.0333841	19.6079	0.197228	8147	98	638	-37108.6	12.3502f	17.3154	4	1	1	0.0792079	0.0990099	0.019802	9.90099e-09	0	0	0	0	0.872727	0.968098	0.223313	0.5	0.905521	9.90099e-09	0.0990099	9.90099e-09	1	0.0981595	0.178683	0.666667	0.666667	1.5	1	1	7481.83	1e+20	3.73185e+07	95.1438	73.8369	10.3449	46.6949	12.3502	17.3154	
209000	-149570	-1235.47	-102795	-20379.7	0.219613	1	0.140647	14.22	5.73749	0.0211143	19.6079	0.197228	8068	98	637	-37108.6	11.8827f	59.6418	4	1	1	0.0792079	0.0990099	0.019802	9.90099e-09	0	0	0	0	0.845455	0.962687	0.235149	0.534351	0.905941	9.90099e-09	0.0990099	9.90099e-09	1	0.0995025	0.188383	0.666667	0.666667	1.5	1	1	7481.83	1e+20	3.73185e+07	95.1438	73.8369	10.3449	46.6949	11.8827	59.6418	
210000	-149223	-1235.47	-102447	-20289.5	0.218131	1	0.140647	14.22	5.69878	0.0202431	19.6079	0.198568	8009	98	661	-37108.6	17.6825f	28.6015	4	1	1	0.0792079	0.0990099	0.019802	9.90099e-09	0	0	0	0	0.872727	0.967862	0.2275	0.522727	0.913858	9.90099e-09	0.128713	9.90099e-09	1	0.114856	0.18003	0.666667	0.666667	1.5	1	1	7481.83	1e+20	3.73185e+07	95.1438	73.8369	10.3449	46.6949	17.6825	28.6015	
211000	-146842	-1235.47	-100066	-19886.2	0.213026	1	0.156752	12.759	6.16567	0.00834277	19.5786	0.164675	7748	98	703	-37108.6	31.0059f	34.074	4	1	1	0.0792079	0.118812	0.019802	9.90099e-09	0	0	0	0	0.845455	0.956354	0.242308	0.517007	0.891613	9.90099e-09	0.128713	9.90099e-09	1	0.134271	0.177809	0.666667	0.666667	1.5	1	1	7481.83	1e+20	3.73185e+07	83.7544	74.8567	10.3449	46.6949	31.0059	34.074	
212000	-149511	-1235.47	-102736	-20209.3	0.213026	1	0.163572	12.227	6.74771	0.0155055	19.813	0.144196	7957	98	741	-37108.6	23.0343f	69.8653	4	1	1	0.0792079	0.118812	0.0594059	9.90099e-09	0	0	0	0	0.772727	0.971178	0.245922	0.555556	0.89196	9.90099e-09	0.128713	9.90099e-09	1	0.129397	0.19726	0.666667	0.666667	1.5	1	1	7481.83	1e+20	3.73185e+07	83.7544	74.8567	10.3449	46.6949	23.0343	69.8653	
213000	-147239	-1235.47	-100463	-19895.6	0.209967	1	0.164801	12.1358	6.70076	0.0289219	19.813	0.144124	7755	98	730	-37108.6	4.10071f	54.7461	4	1	1	0.049505	0.118812	0.0594059	9.90099e-09	0	0	0	0	0.872727	0.959079	0.247776	0.479452	0.905732	9.90099e-09	0.128713	9.90099e-09	1	0.131443	0.167336	0.666667	0.666667	1.5	1	1	7481.83	1e+20	3.73185e+07	83.7544	74.8567	10.3449	46.6949	4.10071	54.7461	
214000	-149407	-1235.47	-102632	-20221.5	0.21398	1	0.159119	12.5692	6.59341	0.0126791	19.813	0.151701	7965	98	720	-37108.6	20.2335f	55.981	4	1	1	0.049505	0.118812	0.0594059	9.90099e-09	0	0	0	0	0.872727	0.955975	0.255639	0.552448	0.907152	9.90099e-09	0.128713	9.90099e-09	1	0.109159	0.193056	0.666667	0.666667	1.5	1	1	7481.83	1e+20	3.73185e+07	83.7544	74.8567	10.3449	46.6949	20.2335	55.981	
215000	-149946	-1235.47	-103171	-20224.6	0.21398	1	0.164524	12.1563	6.81735	0.0238567	19.813	0.141898	7967	98	769	-37108.6	26.9213f	14.6888	4	1	1	0.049505	0.118812	0.0594059	9.90099e-09	0	0	0	0	0.827273	0.966123	0.249061	0.474026	0.883312	9.90099e-09	0.128713	9.90099e-09	1	0.114178	0.187948	0.666667	0.666667	1.5	1	1	7481.83	1e+20	3.73185e+07	83.7544	74.8567	36.0588	36.8554	26.9213	14.6888	
216000	-148409	-1235.47	-101634	-20150.6	0.213543	1	0.155261	12.8815	6.60695	0.00150105	19.9554	0.155152	7919	98	681	-37108.6	45.1701f	58.1059	4	1	1	0.049505	0.0693069	0.0594059	9.90099e-09	0	0	0	0	0.8	0.969543	0.261034	0.447552	0.888889	9.90099e-09	0.108911	9.90099e-09	1	0.111111	0.212034	0.666667	0.666667	1.5	1	1	7481.83	1e+20	3.73185e+07	86.4204	76.5584	36.0588	36.8554	45.1701	58.1059	
217000	-149575	-1235.47	-102800	-20244.7	0.213543	1	0.155261	12.8815	6.60695	0.00150095	19.9554	0.155152	7980	98	722	-37108.6	43.8354f	42.1143	4	1	1	0.049505	0.0693069	0.0594059	9.90099e-09	0	0	0	0	0.8	0.957179	0.254386	0.619048	0.907384	9.90099e-09	0.108911	9.90099e-09	1	0.0963705	0.212534	0.666667	0.666667	1.5	1	1	7481.83	1e+20	3.73185e+07	88.1955	76.2284	36.0588	36.8554	43.8354	42.1143	
218000	-148318	-1235.47	-101542	-20072	0.209984	1	0.160202	12.4842	5.84166	0.0136933	19.2805	0.170066	7868	98	717	-37108.6	20.1884f	39.042	4	1	1	0.049505	0.0693069	0.0594059	9.90099e-09	0	0	0	0	0.781818	0.965693	0.273537	0.534722	0.894402	9.90099e-09	0.108911	9.90099e-09	1	0.12341	0.188732	0.666667	0.666667	1.5	1	1	7481.83	1e+20	3.73185e+07	88.1955	76.2284	24.7366	48.3481	20.1884	39.042	
219000	-149199	-1235.47	-102423	-20164.7	0.215327	1	0.166774	11.9922	6.23604	0.02591	19.2805	0.153032	7928	98	741	-37108.6	6.51111f	53.8605	4	1	1	0.0792079	0.0693069	0.029703	9.90099e-09	0	0	0	0	0.836364	0.968514	0.255025	0.54	0.88539	9.90099e-09	0.108911	9.90099e-09	1	0.13602	0.159244	0.666667	0.666667	1.5	1	1	7481.83	1e+20	3.73185e+07	88.1955	76.2284	24.7366	48.3481	6.51111	53.8605	
220000	-149014	-1235.47	-102238	-20168.1	0.216216	1	0.170649	11.72	6.40128	0.0298747	19.276	0.145697	7930	98	721	-37108.6	87.9717f	77.1458	4	1	1	0.0792079	0.0693069	0.029703	9.90099e-09	0	0	0	0	0.890909	0.955919	0.254408	0.570423	0.897985	0.039604	0.108911	9.90099e-09	1	0.100756	0.187328	0.666667	0.666667	1.5	1	1	7481.83	1e+20	3.73185e+07	88.1955	76.2284	44.0955	52.6688	87.9717	77.1458	
221000	-148381	-1235.47	-101606	-20150.7	0.20902	1	0.147311	13.5767	5.34196	0.00581501	19.276	0.202248	7918	98	678	-37108.6	29.6949f	47.7309	4	1	1	0.0792079	0.0693069	0.029703	9.90099e-09	0	0	0	0	0.845455	0.964736	0.248111	0.528986	0.881313	0.039604	0.108911	9.90099e-09	1	0.118687	0.162242	0.666667	0.666667	1.5	1	1	7481.83	1e+20	3.73185e+07	88.1955	76.2284	44.0955	52.6688	29.6949	47.7309	
222000	-148075	-1235.47	-101300	-20118.1	0.212968	1	0.150004	13.3329	5.68949	0.0165473	19.4027	0.186485	7898	98	672	-37108.6	60.9853f	82.6644	4	1	1	0.0792079	0.0693069	0.029703	9.90099e-09	0	0	0	0	0.809091	0.963198	0.229695	0.537879	0.918782	0.039604	0.108911	9.90099e-09	1	0.100254	0.179604	0.666667	0.666667	1.5	1	1	7481.83	1e+20	3.73185e+07	88.1955	76.2284	44.0955	52.6688	60.9853	82.6644	
223000	-143764	-1235.47	-96988.6	-19531	0.205142	1	0.140497	14.2352	5.18255	0.00539888	19.4493	0.21858	7524	98	644	-37108.6	65.1951f	37.3337	4	1	1	0.0792079	0.0693069	0.029703	9.90099e-09	0	0	0	0	0.8	0.960159	0.287234	0.488372	0.891102	0.039604	0.0792079	9.90099e-09	1	0.096817	0.180982	0.666667	0.666667	1.5	1	1	7481.83	1e+20	3.73185e+07	88.1955	76.2284	44.0955	52.6688	65.1951	37.3337	
224000	-145073	-1235.47	-98297.4	-19765.4	0.205142	1	0.131276	15.2351	5.18502	0.0113039	19.7845	0.233821	7672	98	612	-37108.6	48.7982f	78.3002	4	1	1	0.0792079	0.0693069	0.029703	9.90099e-09	0	0	0	0	0.845455	0.973992	0.238281	0.548387	0.908854	0.039604	0.0792079	9.90099e-09	1	0.10026	0.183908	0.666667	0.666667	1.5	1	1	7481.83	1e+20	3.73185e+07	97.7018	93.0568	44.0955	52.6688	48.7982	78.3002	
225000	-145021	-1235.47	-98245.5	-19716.3	0.205142	1	0.138798	14.4094	5.48212	0.0123593	19.7845	0.209165	7641	98	637	-37108.6	79.5883f	54.4302	4	1	1	0.0792079	0.0693069	0.029703	9.90099e-09	0	0	0	0	0.872727	0.968463	0.279739	0.496454	0.903268	0.039604	0.0792079	9.90099e-09	1	0.101961	0.186813	0.666667	0.666667	1.5	1	1	7481.83	1e+20	3.73185e+07	68.78	70.7035	63.7633	74.7594	79.5883	54.4302	
226000	-146319	-1235.47	-99543.5	-19843	0.205142	1	0.154987	12.9043	6.12152	0.0326694	19.7845	0.167751	7721	98	679	-37108.6	74.1443f	92.3512	4	1	1	0.0693069	0.0693069	0.0792079	9.90099e-09	0	0	0	0	0.836364	0.955729	0.264591	0.539007	0.889467	0.039604	0.0792079	9.90099e-09	1	0.102199	0.193922	0.666667	0.666667	1.5	1	1	7481.83	1e+20	3.73185e+07	68.78	70.7035	63.7633	74.7594	74.1443	92.3512	
227000	-142911	-1235.47	-96135.3	-19439.1	0.205142	1	0.13832	14.4592	5.46324	0.0137935	19.7845	0.210613	7466	98	625	-37108.6	44.43f	18.4113	4	1	1	0.0693069	0.0693069	0.0792079	9.90099e-09	0	0	0	0	0.845455	0.967524	0.22942	0.531746	0.890392	0.039604	0.0792079	9.90099e-09	1	0.117805	0.199686	0.666667	0.666667	1.5	1	1	7481.83	1e+20	3.73185e+07	68.78	70.7035	63.7633	74.7594	44.43	18.4113	
228000	-143532	-1235.47	-96756.7	-19567.4	0.198808	1	0.13832	14.4592	5.29457	0.020364	19.7845	0.217322	7546	98	604	-37108.6	64.2298f	85.5834	4	1	1	0.0693069	0.0693069	0.0792079	9.90099e-09	0	0	0	0	0.845455	0.978836	0.229855	0.523438	0.907652	0.039604	0.0792079	9.90099e-09	1	0.0940397	0.2016	0.666667	0.666667	1.5	1	1	7481.83	1e+20	3.73185e+07	68.78	70.7035	63.7633	74.7594	64.2298	85.5834	
229000	-142141	-1235.47	-95366	-19326.7	0.199526	1	0.13832	14.4592	5.31368	0.00819831	19.7845	0.216541	7397	98	615	-37108.6	39.9257f	71.8053	4	1	1	0.0693069	0.0693069	0.0792079	9.90099e-09	0	0	0	0	0.745455	0.967699	0.285714	0.508065	0.909704	0.039604	0.118812	9.90099e-09	1	0.106757	0.203252	0.666667	0.666667	1.5	1	1	7481.83	1e+20	3.73185e+07	68.78	70.7035	63.7633	74.7594	39.9257	71.8053	
230000	-142861	-1235.47	-96085.3	-19529.1	0.204326	1	0.142399	14.0451	5.83147	0.00450316	19.9841	0.191662	7523	98	566	-37108.6	66.7471f	43.6848	4	1	1	0.0693069	0.049505	0.0792079	9.90099e-09	0	0	0	0	0.863636	0.969292	0.262383	0.465517	0.899866	0.039604	0.118812	9.90099e-09	1	0.11482	0.158273	0.666667	0.666667	1.5	1	1	7481.83	1e+20	3.73185e+07	68.78	70.7035	64.29	49.8117	66.7471	43.6848	
231000	-142514	-1235.47	-95738.3	-19361.1	0.197522	1	0.137768	14.5171	5.45397	0.00867404	19.9841	0.211816	7418	98	634	-37108.6	74.7038f	53.5039	4	1	1	0.039604	0.049505	0.0792079	9.90099e-09	0	0	0	0	0.872727	0.961126	0.265141	0.606061	0.908479	0.039604	0.118812	9.90099e-09	1	0.134228	0.205047	0.666667	0.666667	1.5	1	1	7481.83	1e+20	3.73185e+07	68.78	70.7035	64.29	49.8117	74.7038	53.5039	
232000	-141168	-1235.47	-94392.9	-19163.8	0.193862	1	0.137075	14.5906	5.32596	0.00122491	19.9841	0.218004	7296	98	628	-37108.6	57.2308f	45.054	4	1	1	0.039604	0.049505	0.0792079	9.90099e-09	0	0	0	0	0.9	0.968707	0.232558	0.471074	0.924016	9.90099e-09	0.118812	9.90099e-09	1	0.104478	0.181529	0.666667	0.666667	1.5	1	1	7481.83	1e+20	3.73185e+07	68.78	70.7035	64.29	49.8117	57.2308	45.054	
233000	-139707	-1235.47	-92931.5	-18932.5	0.193862	1	0.137075	14.5906	5.05931	0.0143473	19.7291	0.229494	7155	98	635	-37108.6	69.4278f	75.5204	4	1	1	0.039604	0.049505	0.019802	9.90099e-09	0	0	0	0	0.9	0.966667	0.238889	0.51938	0.904167	9.90099e-09	0.118812	9.90099e-09	1	0.136111	0.184087	0.666667	0.666667	1.5	1	1	7481.83	1e+20	3.73185e+07	44.8192	18.0917	64.29	49.8117	69.4278	75.5204	
234000	-138633	-1235.47	-91857.3	-18899.5	0.192841	1	0.135501	14.76	5.15035	0.00926764	19.9008	0.228055	7135	98	562	-37108.6	55.7384f	74.9032	4	1	1	0.039604	0.049505	0.019802	9.90099e-09	0	0	0	0	0.881818	0.948107	0.223001	0.525424	0.900699	9.90099e-09	0.118812	9.90099e-09	1	0.100699	0.171329	0.666667	0.666667	1.5	1	1	7481.83	1e+20	3.73185e+07	44.8192	18.0917	64.29	49.8117	55.7384	74.9032	
235000	-138738	-1235.47	-91962.3	-18853.4	0.192841	1	0.149012	13.4218	5.66387	0.00748797	19.9008	0.188576	7107	98	597	-37108.6	71.5469f	41.1086	4	1	1	0.039604	0.049505	0.019802	9.90099e-09	0	0	0	0	0.827273	0.959097	0.292958	0.579365	0.898592	9.90099e-09	0.118812	9.90099e-09	1	0.0815752	0.212219	0.666667	0.666667	1.5	1	1	7481.83	1e+20	3.73185e+07	70.4252	91.9313	64.29	49.8117	71.5469	41.1086	
236000	-140773	-1235.47	-93997.7	-19112.6	0.196242	1	0.149012	13.4218	5.76377	0.00250939	19.9008	0.185308	7265	98	625	-37108.6	57.1122f	60.5258	4	1	1	0.039604	0.049505	0.019802	9.90099e-09	0	0	0	0	0.836364	0.964578	0.278912	0.503817	0.90068	9.90099e-09	0.128713	9.90099e-09	1	0.12381	0.208	0.666667	0.666667	1.5	1	1	7481.83	1e+20	3.73185e+07	70.4252	91.9313	64.29	49.8117	57.1122	60.5258	
237000	-140655	-1235.47	-93879.3	-19114.3	0.196242	1	0.141189	14.1654	5.46121	0.0167765	19.9008	0.20641	7266	98	617	-37108.6	79.179f	30.2961	4	1	1	0.039604	0.0693069	0.019802	9.90099e-09	0	0	0	0	0.9	0.965612	0.254121	0.47619	0.917808	9.90099e-09	0.128713	9.90099e-09	1	0.0890411	0.207006	0.666667	0.666667	1.5	1	1	7481.83	1e+20	3.73185e+07	94.7548	59.9614	93.8524	26.4722	79.179	30.2961	
238000	-140691	-1235.47	-93916	-19083.3	0.196242	1	0.147654	13.5451	5.62689	0.0270914	19.8269	0.19156	7247	98	639	-37108.6	93.3579f	39.1276	4	1	1	0.049505	0.0693069	0.039604	9.90099e-09	0	0	0	0	0.918182	0.954483	0.246897	0.507576	0.894022	9.90099e-09	0.128713	9.90099e-09	1	0.113103	0.200637	0.666667	0.666667	1.5	1	1	7481.83	1e+20	3.73185e+07	94.7548	59.9614	93.8524	26.4722	93.3579	39.1276	
239000	-142259	-1235.47	-95483.1	-19249.6	0.200261	1	0.147654	13.5451	5.69533	0.0319671	19.7864	0.189258	7349	98	678	-37108.6	81.329f	12.6149	4	1	1	0.049505	0.0693069	0.039604	9.90099e-09	0	0	0	0	0.818182	0.956224	0.256164	0.481752	0.882834	9.90099e-09	0.128713	9.90099e-09	1	0.103401	0.190265	0.666667	0.666667	1.5	1	1	7481.83	1e+20	3.73185e+07	94.7548	59.9614	74.9987	15.494	81.329	12.6149	
240000	-140046	-1235.47	-93270.7	-19001.5	0.192913	1	0.147654	13.5451	5.48635	0.0163112	19.7864	0.196467	7197	98	632	-37108.6	82.6606f	38.4893	4	1	1	0.049505	0.0693069	0.039604	9.90099e-09	0	0	0	0	0.845455	0.95961	0.257975	0.508065	0.888268	9.90099e-09	0.128713	9.90099e-09	1	0.118384	0.176661	0.666667	0.666667	1.5	1	1	7481.83	1e+20	3.73185e+07	94.7548	59.9614	74.9987	15.494	82.6606	38.4893	
241000	-141728	-1235.47	-94952.3	-19171	0.192913	1	0.152213	13.1395	5.47841	0.0335639	19.6294	0.19086	7300	98	683	-37108.6	75.2994f	6.84898	4	1	1	0.049505	0.0693069	0.039604	9.90099e-09	0	0	0	0	0.818182	0.95467	0.258242	0.533333	0.892517	9.90099e-09	0.128713	9.90099e-09	1	0.101648	0.198777	0.666667	0.666667	1.5	1	1	7481.83	1e+20	3.73185e+07	94.7548	59.9614	74.9987	15.494	75.2994	6.84898	
242000	-142426	-1235.47	-95650.6	-19282.9	0.192913	1	0.163716	12.2163	5.62523	0.0366036	19.403	0.172818	7368	98	683	-37108.6	79.5217f	6.92101	4	1	1	0.049505	0.0693069	0.039604	9.90099e-09	0	0	0	0	0.818182	0.953741	0.255088	0.557971	0.891156	9.90099e-09	0.0891089	9.90099e-09	1	0.12483	0.186416	0.666667	0.666667	1.5	1	1	7481.83	1e+20	3.73185e+07	94.7548	59.9614	74.9987	15.494	79.5217	6.92101	
243000	-140047	-1235.47	-93271.7	-18991.6	0.193283	1	0.158916	12.5852	4.86044	0.0401786	18.8376	0.206052	7191	98	642	-37108.6	93.1552f	16.493	4	1	1	0.049505	0.0693069	0.039604	9.90099e-09	0	0	0	0	0.845455	0.963687	0.209205	0.5	0.892608	0.019802	0.0891089	9.90099e-09	1	0.107542	0.20405	0.666667	0.666667	1.5	1	1	7481.83	1e+20	3.73185e+07	94.7548	59.9614	74.9987	15.494	93.1552	16.493	
244000	-142348	-1235.47	-95572.5	-19280.9	0.195211	1	0.158916	12.5852	5.15799	0.0241361	19.0721	0.194165	7368	98	672	-37108.6	67.2046f	11.22	4	1	1	0.0594059	0.0792079	0.0594059	9.90099e-09	0	0	0	0	0.918182	0.960705	0.238806	0.390977	0.910959	0.019802	0.0891089	9.90099e-09	1	0.109905	0.195195	0.666667	0.666667	1.5	1	1	7481.83	1e+20	3.73185e+07	94.7548	59.9614	74.9987	15.494	67.2046	11.22	
245000	-140688	-1235.47	-93912.1	-19039.6	0.196799	1	0.158545	12.6147	5.68455	0.033725	19.5132	0.176592	7220	98	668	-37108.6	83.839f	13.0669	4	1	1	0.0594059	0.0792079	0.0594059	9.90099e-09	0	0	0	0	0.863636	0.954167	0.214979	0.416	0.892608	0.019802	0.0891089	9.90099e-09	1	0.102351	0.185351	0.666667	0.666667	1.5	1	1	7481.83	1e+20	3.73185e+07	81.0513	71.7376	74.9987	15.494	83.839	13.0669	
246000	-141506	-1235.47	-94731	-19163.1	0.196799	1	0.158545	12.6147	5.68455	0.0129282	19.5132	0.176592	7296	98	663	-37108.6	77.5111f	36.0973	4	1	1	0.0594059	0.0792079	0.0594059	9.90099e-09	0	0	0	0	0.918182	0.963115	0.277092	0.559701	0.900963	0.019802	0.0891089	9.90099e-09	1	0.10274	0.204204	0.666667	0.666667	1.5	1	1	7481.83	1e+20	3.73185e+07	89.1333	50.4003	74.9987	15.494	77.5111	36.0973	
247000	-142516	