
# before rand glnL: -42484.469419 alnL: -1327.978359
# ninter: 99
# ncoal: 99
# nhits: 99
# true lbda: 0.002536
# true mu: 0.301060
# true rad: 89.890358
# true sigsq: 62.652734
# true neigh. size: 6.643199
# fst-based estimate of neighborhood size: -nan
# nucleotide diversity: 0.000000
# length of a generation: 33217.6 time units
# clock rate: 1 subst. per time unit
# after rand glnL: -42484.469419 alnL: -1327.978359
# ninter: 99
# ncoal: 99
# nhits: 99
# start lbda: 0.002536
# start mu: 0.301060
# start rad: 7.921131
sample	lnP	alnL	glnL	tlnL	lbda	clock	mu	neigh	sigsq	sigsqobs	rad	rhoe	nInt	nCoal	nHit	rootTime	rootLon	rootLat	tstv	alpha	MeanBr	accLbda	accMu	accRad	accInDelDisk	accInDelHit	accScaleTime	accSPR	accSPRlocal	accPath	accIndelDiskSerial	accIndelHitSerial	accLdskGivenDisk	accDiskGivenLdsk	accDiskAndLdsk	accLdskMulti	accDiskMulti	accMoveDiskUD	accAddRemoveJump	accLdskTipToRoot	tuneLbda	tuneRad	tuneMu	tuneIndelDisk	tuneIndelHit	tuneLdskGivenDisk	tuneIndelDiskSerial	tuneIndelHitSerial	c0	c1	rootc0	rootc1	rootldsk0	rootldsk1	
  1000	-52519	-1327.98	-5651.06	-1501.61	0.00489367	1	0.154183	12.9716	0.136647	0.0160642	19.4841	7.55414	246	99	110	-39425.3	62.525f	76.3093	4	1	1	0	0	0	0	0	0	0	0	0.963636	0.864407	0.304762	0.491071	0.5	0	0	0	1	0.181034	0.207207	1	1	1	1	1	2.25	7.59375	1	85.8118	51.5954	95.2504	80.9457	62.525	76.3093	
  2000	-55231.9	-1327.98	-8363.96	-2359.42	0.0106196	1	0.154183	12.9716	0.31897	0.0254403	19.8426	3.2362	427	99	132	-39425.3	73.9619f	81.3741	4	1	1	0	0	0	0	0	0	0	0	0.936364	0.904	0.317829	0.567308	0.710938	0	0	0	1	0.186047	0.238806	1	1	1	1	1	5.0625	194.62	11.3906	51.8146	6.10361	95.2504	80.9457	73.9619	81.3741	
  3000	-56519.9	-1327.98	-9651.9	-2758.68	0.0123398	1	0.140562	14.2286	0.337896	0.03164	19.8426	3.35097	517	99	140	-39425.3	93.8879f	49.6781	4	1	1	0	0	0	0	0	0	0	0	0.909091	0.923077	0.230769	0.527778	0.730769	0	0	0	1	0.182692	0.264286	1	1	1	1	1	11.3906	11222.7	38.4434	88.5958	17.3984	95.2504	80.9457	93.8879	49.6781	
  4000	-57493.1	-1327.98	-10625.1	-3001.91	0.0149008	1	0.167862	11.9145	0.472624	0.0328424	19.6918	2.0061	574	99	160	-39425.3	78.3716f	86.4841	4	1	1	0	0	0	0	0	0	0	0	0.881818	0.895652	0.25	0.517857	0.689655	0	0	0	1	0.146552	0.149068	1	1	1	1	1	38.4434	647160	656.841	90.2452	37.3777	95.2504	80.9457	78.3716	86.4841	
  5000	-59684.7	-1327.98	-12816.8	-3642.68	0.0192902	1	0.167862	11.9145	0.611845	0.0458326	19.6918	1.54962	730	99	170	-39425.3	99.5028f	74.8775	4	1	1	0	0	0	0	0	0	0	0	0.872727	0.916667	0.280822	0.621359	0.770833	0	0	0	1	0.148649	0.203488	1	1	1	1	1	86.4976	1.43465e+09	11222.7	76.9649	44.5002	95.2504	80.9457	99.5028	74.8775	
  6000	-61109.2	-1327.98	-14241.2	-3999.9	0.0202776	1	0.161411	12.3907	0.618448	0.0514273	19.6918	1.59435	821	99	190	-39425.3	94.3777f	89.7978	4	1	1	0.257426	0	0	0	0	0	0	0	0.954545	0.938272	0.276074	0.491228	0.789157	0	0	0	1	0.150602	0.207447	1.5	1	1	1	1	129.746	6.28224e+11	1.45611e+06	80.7014	13.3189	95.2504	80.9457	94.3777	89.7978	
  7000	-61753.4	-1327.98	-14885.4	-4183.12	0.0202776	1	0.161411	12.3907	0.618448	0.0313387	19.6918	1.59435	868	99	194	-39425.3	76.6542f	86.2265	4	1	1	0.257426	0.188119	0.039604	0	0	0	0	0	0.827273	0.94382	0.258621	0.605042	0.75	0	0.0990099	0.0792079	1	0.142857	0.185567	1.5	0.666667	0.666667	1	1	656.841	6.18965e+14	1.2595e+08	80.7014	13.3189	95.2504	80.9457	76.6542	86.2265	
  8000	-63808.4	-1327.98	-16940.4	-4775.12	0.0245104	1	0.15588	12.8303	0.736135	0.0338657	19.788	1.38698	1027	99	194	-39425.3	80.4591f	85.7877	4	1	1	0.257426	0.188119	0.039604	0	0	0	0	0	0.936364	0.902913	0.163462	0.512605	0.852941	0	0.0990099	0.0792079	1	0.165049	0.161616	1.5	0.666667	0.666667	1	1	2216.84	9.14763e+17	4.84194e+09	80.7014	13.3189	95.2504	80.9457	80.4591	85.7877	
  9000	-65889.2	-1327.98	-19021.2	-5259.23	0.027765	1	0.162117	12.3368	0.852776	0.057467	19.7049	1.15122	1162	99	226	-39425.3	93.1143f	96.763	4	1	1	0.257426	0.188119	0.039604	0	0	0	0	0	0.909091	0.948276	0.286957	0.504673	0.773913	0	0.0990099	0.0792079	1	0.181034	0.19457	1.5	0.666667	0.666667	1	1	4987.89	1e+20	2.12026e+12	80.7014	13.3189	95.2504	80.9457	93.1143	96.763	
 10000	-66985.1	-1327.98	-20117.1	-5576.55	0.0299684	1	0.147764	13.5351	0.812016	0.0429052	19.5448	1.32644	1253	99	219	-39425.3	97.551f	74.1415	4	1	1	0.257426	0.188119	0.039604	0	0	0	0	0	0.909091	0.936508	0.222222	0.539823	0.857143	0	0.0990099	0.0792079	1	0.18254	0.200913	1.5	0.666667	0.666667	1	1	37876.8	1e+20	1.07338e+13	80.7014	13.3189	95.2504	80.9457	97.551	74.1415	
 11000	-67324.4	-1327.98	-20456.4	-5595.11	0.031946	1	0.175898	11.3702	1.06965	0.012199	19.7282	0.845902	1259	99	242	-39425.3	64.2992f	67.8734	4	1	1	0.257426	0.188119	0.039604	0	0	0	0	0	0.854545	0.920635	0.283465	0.504132	0.81746	0	0.0990099	0.0792079	1	0.134921	0.198347	1.5	0.666667	0.666667	1	1	37876.8	1e+20	1.07338e+13	80.7014	13.3189	95.2504	80.9457	64.2992	67.8734	
 12000	-69317.6	-1327.98	-22449.6	-6054.4	0.0338336	1	0.18449	10.8407	1.1766	0.0243962	19.68	0.733192	1394	99	271	-39425.3	80.8773f	71.9886	4	1	1	0.108911	0.188119	0.039604	0.049505	0	0	0	0	0.918182	0.915493	0.234043	0.54955	0.815603	0.009901	0.0990099	0.0792079	1	0.177305	0.2	1.5	0.666667	0.666667	1	1	37876.8	1e+20	1.07338e+13	80.7014	13.3189	95.2504	80.9457	80.8773	71.9886	
 13000	-70976.1	-1327.98	-24108.1	-6450.34	0.0368779	1	0.186793	10.707	1.12904	0.0587186	19.0039	0.754659	1514	99	283	-39425.3	96.8377f	93.9686	4	1	1	0.108911	0.188119	0.0891089	0.049505	0	0	0	0	0.863636	0.921569	0.203947	0.491667	0.810458	0.009901	0.0693069	9.90099e-09	1	0.194805	0.215548	1.5	0.666667	0.666667	1	1	37876.8	1e+20	1.07338e+13	80.7014	13.3189	95.2504	80.9457	96.8377	93.9686	
 14000	-72481.4	-1327.98	-25613.4	-6756.36	0.0398068	1	0.186235	10.7391	1.1239	0.0398887	18.6369	0.760381	1609	99	317	-39425.3	88.6069f	84.0975	4	1	1	0.108911	0.257426	0.0891089	0.049505	0	0	0	0	0.881818	0.956522	0.26875	0.607143	0.832298	0.009901	0.0693069	9.90099e-09	1	0.161491	0.118971	1.5	0.666667	0.666667	1	1	37876.8	1e+20	1.07338e+13	80.7014	13.3189	95.2504	80.9457	88.6069	84.0975	
 15000	-72999.3	-1327.98	-26131.3	-6929.03	0.0405137	1	0.198629	10.069	1.20007	0.02843	18.5604	0.667683	1663	99	301	-39425.3	82.4784f	76.5035	4	1	1	0.108911	0.257426	0.0891089	0.049505	0	0	0	0	0.909091	0.958084	0.299401	0.454545	0.778443	0.009901	0.0693069	9.90099e-09	1	0.155689	0.182109	1.5	0.666667	0.666667	1	1	37876.8	1e+20	1.07338e+13	80.7014	13.3189	95.2504	80.9457	82.4784	76.5035	
 16000	-73119.5	-1327.98	-26251.5	-6945.06	0.0405137	1	0.177792	11.2491	1.13917	0.0283898	18.835	0.785815	1668	99	307	-39425.3	70.3434f	87.4125	4	1	1	0.108911	0.257426	0.0891089	0.049505	0	0	0	0	0.890909	0.952381	0.242424	0.533333	0.807229	0.009901	0.0693069	9.90099e-09	1	0.114458	0.180602	1.5	0.666667	0.666667	1	1	37876.8	1e+20	1.07338e+13	80.7014	13.3189	95.2504	80.9457	70.3434	87.4125	
 17000	-73113.7	-1327.98	-26245.7	-7031.63	0.0405137	1	0.175922	11.3687	1.06525	0.0203083	18.5708	0.849276	1695	99	276	-39425.3	74.6076f	73.0645	4	1	1	0.108911	0.257426	0.0891089	0.049505	0	0	0	0	0.9	0.923529	0.222222	0.504065	0.812865	0.009901	0.0693069	9.90099e-09	1	0.128655	0.170139	1.5	0.666667	0.666667	1	1	37876.8	1e+20	1.07338e+13	80.7014	13.3189	93.384	57.3542	74.6076	73.0645	
 18000	-72822.9	-1327.98	-25955	-6925.14	0.0433026	1	0.172988	11.5615	1.47472	0.00698156	19.8949	0.623872	1662	99	286	-39425.3	51.4474f	61.9852	4	1	1	0.108911	0.257426	0.0891089	0.049505	0	0	0	0	0.863636	0.934524	0.203593	0.525862	0.788235	0.009901	0.0693069	9.90099e-09	1	0.141176	0.171329	1.5	0.666667	0.666667	1	1	37876.8	1e+20	1.07338e+13	80.7014	13.3189	93.384	57.3542	51.4474	61.9852	
 19000	-74679.7	-1327.98	-27811.7	-7328.4	0.0462414	1	0.167085	11.9699	1.52106	0.0453822	19.8949	0.62623	1791	99	303	-39425.3	94.3285f	83.173	4	1	1	0.049505	0.257426	0.0891089	0.049505	0	0	0	0	0.927273	0.892655	0.3	0.525424	0.853933	0.009901	0.0693069	9.90099e-09	1	0.172222	0.19544	1.5	0.666667	0.666667	1	1	37876.8	1e+20	1.07338e+13	80.7014	13.3189	93.384	57.3542	94.3285	83.173	
 20000	-75798.2	-1327.98	-28930.2	-7568.16	0.0462414	1	0.183776	10.8828	1.55373	0.031754	19.5304	0.557387	1869	99	322	-39425.3	93.9006f	53.8883	4	1	1	0.049505	0.267327	0.0891089	0.049505	0	0	0	0	0.836364	0.886486	0.225806	0.548872	0.795699	0.009901	0.118812	9.90099e-09	1	0.178378	0.15528	1.5	0.666667	0.666667	1	1	37876.8	1e+20	1.07338e+13	80.7014	13.3189	93.384	57.3542	93.9006	53.8883	
 21000	-76079.5	-1327.98	-29211.5	-7712.63	0.0462414	1	0.146316	13.669	1.23702	0.0256989	19.5304	0.879327	1916	99	292	-39425.3	78.8954f	24.8796	4	1	1	0.049505	0.267327	0.0891089	0.049505	0	0	0	0	0.9	0.953368	0.296875	0.512605	0.791667	0.009901	0.118812	9.90099e-09	1	0.150259	0.196774	1.5	0.666667	0.666667	1	1	37876.8	1e+20	1.07338e+13	93.7132	21.6978	93.384	57.3542	78.8954	24.8796	
 22000	-78113.6	-1327.98	-31245.6	-8074.65	0.0540873	1	0.189169	10.5726	1.55362	0.0431277	18.6444	0.541536	2037	99	349	-39425.3	80.8962f	94.6987	4	1	1	0.049505	0.267327	0.0891089	0.009901	0	0	0	0	0.836364	0.950739	0.305419	0.587719	0.769608	0.009901	0.118812	9.90099e-09	1	0.122549	0.177143	1.5	0.666667	0.666667	1	1	37876.8	1e+20	1.07338e+13	93.7132	21.6978	45.434	94.7227	80.8962	94.6987	
 23000	-79704.8	-1327.98	-32836.8	-8474.07	0.0544498	1	0.211934	9.43689	1.45648	0.0303443	17.8022	0.515603	2174	99	341	-39425.3	34.607f	93.1364	4	1	1	0.049505	0.267327	0.0891089	0.009901	0	0	0	0	0.863636	0.926941	0.177273	0.5	0.823529	0.009901	0.118812	9.90099e-09	1	0.0954545	0.157593	1.5	0.666667	0.666667	1	1	37876.8	1e+20	1.07338e+13	93.7132	21.6978	45.434	94.7227	34.607	93.1364	
 24000	-78965.5	-1327.98	-32097.5	-8270.37	0.054489	1	0.184098	10.8638	1.57052	0.00903241	18.7875	0.550463	2104	99	347	-39425.3	39.9209f	65.8507	4	1	1	0.049505	0.267327	0.0891089	0.009901	0	0	0	0	0.872727	0.938967	0.274882	0.576577	0.830189	0.009901	0.118812	9.90099e-09	1	0.169014	0.162319	1.5	0.666667	0.666667	1	1	37876.8	1e+20	1.07338e+13	93.7132	21.6978	45.434	94.7227	39.9209	65.8507	
 25000	-80678.3	-1327.98	-33810.3	-8657.37	0.054489	1	0.161398	12.3917	1.54785	0.0101055	19.3454	0.637077	2237	99	356	-39425.3	45.053f	70.0725	4	1	1	0.049505	0.267327	0.0792079	0.009901	0	0	0	0	0.818182	0.96	0.253333	0.411765	0.863014	0.009901	0.118812	9.90099e-09	1	0.186667	0.188953	1.5	0.666667	0.666667	1	1	37876.8	1e+20	1.07338e+13	77.4767	13.5971	31.0075	79.6162	45.053	70.0725	
 26000	-82035.2	-1327.98	-35167.2	-9008.42	0.0587305	1	0.189093	10.5768	1.43261	0.0327833	17.8996	0.587513	2361	99	346	-39425.3	94.8262f	48.5868	4	1	1	0.039604	0.277228	0.0792079	0.009901	0	0	0	0	0.872727	0.945148	0.185654	0.471698	0.843882	9.90099e-09	0.0792079	9.90099e-09	1	0.126582	0.156863	1.5	0.666667	0.666667	1	1	37876.8	1e+20	1.07338e+13	77.4767	13.5971	74.6569	64.0444	94.8262	48.5868	
 27000	-83694	-1327.98	-36826	-9290.55	0.0613955	1	0.2112	9.46968	1.53333	0.0398224	17.5145	0.491462	2462	99	389	-39425.3	98.8255f	63.9738	4	1	1	0.039604	0.277228	0.0792079	0.009901	0	0	0	0	0.854545	0.959677	0.245968	0.513274	0.82377	9.90099e-09	0.0792079	9.90099e-09	1	0.112903	0.168342	1.5	0.666667	0.666667	1	1	37876.8	1e+20	1.07338e+13	77.4767	13.5971	74.6569	64.0444	98.8255	63.9738	
 28000	-83429.4	-1327.98	-36561.4	-9271.01	0.0613955	1	0.185498	10.7818	1.34673	0.0404625	17.5145	0.637089	2455	99	372	-39425.3	82.0107f	91.3306	4	1	1	0.039604	0.277228	0.0792079	0.009901	0	0	0	0	0.9	0.967742	0.193548	0.495496	0.857724	9.90099e-09	0.0792079	9.90099e-09	1	0.154472	0.137255	1.5	0.666667	0.666667	1	1	37876.8	1e+20	1.07338e+13	77.4767	13.5971	74.6569	64.0444	82.0107	91.3306	
 29000	-84976.3	-1327.98	-38108.3	-9558.43	0.0613955	1	0.179805	11.1232	1.29168	0.0117675	17.4683	0.685276	2558	99	399	-39425.3	61.5236f	69.202	4	1	1	0.039604	0.277228	0.0792079	0.009901	0	0	0	0	0.854545	0.945946	0.222656	0.5	0.862069	9.90099e-09	0.0792079	9.90099e-09	1	0.145594	0.190955	1.5	0.666667	0.666667	1	1	37876.8	1e+20	1.07338e+13	77.4767	13.5971	39.8443	57.0326	61.5236	69.202	
 30000	-86187.6	-1327.98	-39319.6	-9848.22	0.0663532	1	0.209097	9.56496	1.34225	0.0270026	16.6573	0.567075	2666	99	398	-39425.3	57.0607f	91.2995	4	1	1	0.039604	0.277228	0.0792079	0.009901	0	0	0	0	0.818182	0.954545	0.208333	0.45045	0.82197	9.90099e-09	0.0792079	9.90099e-09	1	0.146067	0.14787	1.5	0.666667	0.666667	1	1	37876.8	1e+20	1.07338e+13	77.4767	13.5971	42.5872	90.8758	57.0607	91.2995	
 31000	-88115.6	-1327.98	-41247.6	-10221.5	0.0720071	1	0.191789	10.4281	1.57905	0.0445971	17.3679	0.525532	2806	99	416	-39425.3	17.3128f	97.096	4	1	1	0.039604	0.158416	0.0792079	0.019802	0	0	0	0	0.772727	0.93617	0.184397	0.52381	0.808511	9.90099e-09	0.0792079	9.90099e-09	1	0.138298	0.16545	1.5	0.666667	0.666667	1	1	37876.8	1e+20	1.07338e+13	77.4767	13.5971	42.5872	90.8758	17.3128	97.096	
 32000	-88909.4	-1327.98	-42041.4	-10403.9	0.0749697	1	0.172559	11.5902	1.47918	0.00956286	17.3679	0.623535	2875	99	414	-39425.3	55.3298f	67.8259	4	1	1	0.039604	0.158416	0.0792079	0.019802	0	0	0	0	0.827273	0.947368	0.183391	0.487179	0.83045	9.90099e-09	0.0792079	9.90099e-09	1	0.142361	0.171569	1.5	0.666667	0.666667	1	1	37876.8	1e+20	1.07338e+13	77.4767	13.5971	42.5872	90.8758	55.3298	67.8259	
 33000	-92667.9	-1327.98	-45799.9	-11153.1	0.0810191	1	0.174612	11.454	1.66705	0.0388827	17.4992	0.546761	3167	99	444	-39425.3	92.3907f	77.4362	4	1	1	0.039604	0.158416	0.0792079	0.019802	0	0	0	0	0.790909	0.940063	0.160883	0.537879	0.84858	9.90099e-09	0.0594059	9.90099e-09	1	0.119874	0.12297	1.5	0.666667	0.666667	1	1	37876.8	1e+20	1.07338e+13	77.4767	13.5971	76.9511	80.532	92.3907	77.4362	
 34000	-93617.9	-1327.98	-46749.9	-11359.2	0.0810191	1	0.186301	10.7353	1.51422	0.0197377	16.8091	0.564179	3249	99	443	-39425.3	72.55f	74.3545	4	1	1	0.039604	0.158416	0.0792079	0.019802	0	0	0	0	0.809091	0.965944	0.203077	0.463235	0.816199	9.90099e-09	0.0594059	9.90099e-09	1	0.116923	0.142212	1.5	0.666667	0.666667	1	1	37876.8	1e+20	1.07338e+13	77.4767	13.5971	76.9511	80.532	72.55	74.3545	
 35000	-94395.5	-1327.98	-47527.5	-11542.6	0.0847207	1	0.19267	10.3805	1.63753	0.0520678	16.8091	0.504448	3323	99	432	-39425.3	98.8715f	84.5138	4	1	1	0.039604	0.158416	0.0792079	0.019802	0	0	0	0	0.818182	0.955224	0.18806	0.553957	0.820896	9.90099e-09	0.0594059	9.90099e-09	1	0.155224	0.168224	1.5	0.666667	0.666667	1	1	37876.8	1e+20	1.07338e+13	77.4767	13.5971	71.294	78.1386	98.8715	84.5138	
 36000	-94648.3	-1327.98	-47780.3	-11517.9	0.0847207	1	0.194646	10.2751	1.65433	0.0118401	16.8091	0.494257	3313	99	464	-39425.3	39.249f	71.6995	4	1	1	0.039604	0.217822	0.0891089	0.019802	0	0	0	0	0.863636	0.961194	0.203593	0.449275	0.846386	9.90099e-09	0.0594059	9.90099e-09	1	0.144578	0.166297	1.5	0.666667	0.666667	1	1	37876.8	1e+20	1.07338e+13	77.4767	13.5971	71.294	78.1386	39.249	71.6995	
 37000	-94670.5	-1327.98	-47802.5	-11589.5	0.0847207	1	0.1712	11.6823	1.56852	0.02359	17.1276	0.592688	3342	99	435	-39425.3	67.0137f	83.9246	4	1	1	0.039604	0.217822	0.0891089	0.019802	0	0	0	0	0.763636	0.952239	0.244048	0.556391	0.871642	9.90099e-09	0.0594059	9.90099e-09	1	0.134328	0.137931	1.5	0.666667	0.666667	1	1	37876.8	1e+20	1.07338e+13	77.4767	13.5971	71.294	78.1386	67.0137	83.9246	
 38000	-95278.3	-1327.98	-48410.3	-11592	0.0847207	1	0.178837	11.1834	2.30842	0.0152368	18.6601	0.385521	3343	99	486	-39425.3	59.6371f	76.4753	4	1	1	0.029703	0.217822	0.0891089	9.90099e-09	0	0	0	0	0.781818	0.931138	0.228916	0.514706	0.836858	9.90099e-09	0.0594059	9.90099e-09	1	0.131343	0.193416	1.5	0.666667	0.666667	1	1	37876.8	1e+20	1.07338e+13	77.4767	13.5971	71.294	78.1386	59.6371	76.4753	
 39000	-95069.8	-1327.98	-48201.8	-11545.1	0.0847207	1	0.163754	12.2134	2.13148	0.0145773	18.6992	0.455982	3324	99	486	-39425.3	71.9264f	64.0914	4	1	1	0.029703	0.217822	0.0891089	9.90099e-09	0	0	0	0	0.845455	0.967164	0.281437	0.47482	0.826866	9.90099e-09	0.0594059	9.90099e-09	1	0.153153	0.160494	1.5	0.666667	0.666667	1	1	37876.8	1e+20	1.07338e+13	77.4767	13.5971	71.294	78.1386	71.9264	64.0914	
 40000	-96107.2	-1327.98	-49239.2	-11759.1	0.087035	1	0.153986	12.9882	2.21063	0.0224665	19.0341	0.467545	3411	99	480	-39425.3	79.3648f	70.6208	4	1	1	0.029703	0.217822	0.0891089	9.90099e-09	0	0	0	0	0.827273	0.961988	0.25731	0.479452	0.883041	9.90099e-09	0.128713	9.90099e-09	1	0.160819	0.183884	1.5	0.666667	0.666667	1	1	37876.8	1e+20	1.07338e+13	91.397	48.1021	71.294	78.1386	79.3648	70.6208	
 41000	-98024.4	-1327.98	-51156.4	-12181.5	0.087035	1	0.149324	13.3937	2.1437	0.0180187	19.0341	0.497196	3584	99	469	-39425.3	72.1662f	71.7151	4	1	1	0.029703	0.188119	0.0891089	9.90099e-09	0	0	0	0	0.772727	0.969274	0.214085	0.546099	0.832869	9.90099e-09	0.128713	9.90099e-09	1	0.155989	0.171367	1.5	0.666667	0.666667	1	1	37876.8	1e+20	1.07338e+13	91.397	48.1021	71.294	78.1386	72.1662	71.7151	
 42000	-98222.6	-1327.98	-51354.6	-12307.3	0.0917314	1	0.149291	13.3967	1.75329	0.0318218	17.8658	0.608042	3638	99	435	-39425.3	42.5945f	96.2359	4	1	1	0.029703	0.188119	0.0891089	9.90099e-09	0	0	0	0	0.763636	0.942308	0.220386	0.553846	0.876033	9.90099e-09	0.128713	9.90099e-09	1	0.129121	0.164352	1.5	0.666667	0.666667	1	1	37876.8	1e+20	1.07338e+13	91.397	48.1021	71.294	78.1386	42.5945	96.2359	
 43000	-98322.2	-1327.98	-51454.2	-12288.2	0.0917314	1	0.145454	13.7501	1.53737	0.0200332	17.4013	0.711732	3630	99	452	-39425.3	73.9974f	73.289	4	1	1	0.029703	0.188119	0.0891089	9.90099e-09	0	0	0	0	0.809091	0.958791	0.195592	0.482517	0.873626	9.90099e-09	0.128713	9.90099e-09	1	0.126374	0.179592	1.5	0.666667	0.666667	1	1	37876.8	1e+20	1.07338e+13	89.9504	52.0372	72.637	62.4418	73.9974	73.289	
 44000	-97751	-1327.98	-50883	-12254.8	0.0917314	1	0.134911	14.8246	1.83754	0.00543802	18.5403	0.642002	3616	99	413	-39425.3	50.6643f	48.2995	4	1	1	0.029703	0.188119	0.0891089	9.90099e-09	0	0	0	0	0.845455	0.969529	0.248619	0.483333	0.848066	9.90099e-09	0.128713	9.90099e-09	1	0.121547	0.157385	1.5	0.666667	0.666667	1	1	37876.8	1e+20	1.07338e+13	89.9504	52.0372	72.637	62.4418	50.6643	48.2995	
 45000	-99270.8	-1327.98	-52402.8	-12457.8	0.0917314	1	0.143515	13.9359	2.12116	0.0339898	18.9229	0.522819	3701	99	459	-39425.3	91.2883f	30.4359	4	1	1	0.029703	0.188119	0.0990099	9.90099e-09	0	0	0	0	0.827273	0.959786	0.253369	0.463768	0.851752	9.90099e-09	0.128713	9.90099e-09	1	0.110512	0.169935	1.5	0.666667	0.666667	1	1	37876.8	1e+20	1.07338e+13	84.5434	44.3554	72.637	62.4418	91.2883	30.4359	
 46000	-98516.6	-1327.98	-51648.6	-12273.9	0.0917314	1	0.141984	14.0861	2.37133	0.0233279	19.51	0.472705	3624	99	467	-39425.3	85.2683f	43.2845	4	1	1	0.029703	0.188119	0.0990099	9.90099e-09	0	0	0	0	0.781818	0.933702	0.260989	0.535211	0.861111	9.90099e-09	0.128713	9.90099e-09	1	0.144444	0.194444	1.5	0.666667	0.666667	1	1	37876.8	1e+20	1.07338e+13	84.5434	44.3554	72.637	62.4418	85.2683	43.2845	
 47000	-98194.7	-1327.98	-51326.8	-12254.8	0.0917314	1	0.144222	13.8675	2.52475	0.0312212	19.7408	0.43709	3616	99	447	-39425.3	19.4912f	16.0085	4	1	1	0.029703	0.237624	0.0990099	9.90099e-09	0	0	0	0	0.854545	0.936813	0.225275	0.482759	0.878116	9.90099e-09	0.0693069	9.90099e-09	1	0.104396	0.177874	1.5	0.666667	0.666667	1	1	37876.8	1e+20	1.07338e+13	84.5434	44.3554	52.0621	22.976	19.4912	16.0085	
 48000	-99072	-1327.98	-52204	-12297.8	0.0917314	1	0.162976	12.2717	2.2492	0.0250579	18.6013	0.434177	3634	99	513	-39425.3	30.5189f	15.6065	4	1	1	0.029703	0.237624	0.0990099	9.90099e-09	0	0	0	0	0.890909	0.942149	0.254144	0.5	0.798898	9.90099e-09	0.0693069	9.90099e-09	1	0.181319	0.176245	1.5	0.666667	0.666667	1	1	37876.8	1e+20	1.07338e+13	84.5434	44.3554	42.5097	45.4147	30.5189	15.6065	
 49000	-97963.3	-1327.98	-51095.3	-12149.7	0.0917314	1	0.150247	13.3115	2.14772	0.0102461	18.7655	0.493217	3572	99	481	-39425.3	40.3354f	68.9477	4	1	1	0.029703	0.237624	0.0990099	9.90099e-09	0	0	0	0	0.818182	0.938375	0.253482	0.44898	0.860724	9.90099e-09	0.0693069	9.90099e-09	1	0.164345	0.178138	1.5	0.666667	0.666667	1	1	37876.8	1e+20	1.07338e+13	84.5434	44.3554	42.5097	45.4147	40.3354	68.9477	
 50000	-97935.2	-1327.98	-51067.2	-12269.1	0.0917314	1	0.141239	14.1604	1.95672	0.0150499	18.6192	0.575888	3622	99	418	-39425.3	47.2337f	23.126	4	1	1	0.029703	0.237624	0.0990099	9.90099e-09	0	0	0	0	0.809091	0.953039	0.232044	0.473282	0.889503	9.90099e-09	0.0693069	9.90099e-09	1	0.146006	0.179612	1.5	0.666667	0.666667	1	1	37876.8	1e+20	1.07338e+13	84.5434	44.3554	42.5097	45.4147	47.2337	23.126	
 51000	-98939.5	-1327.98	-52071.6	-12266.7	0.0919999	1	0.161153	12.4106	2.44127	0.00862636	19.0259	0.404545	3621	99	508	-39425.3	33.8228f	58.156	4	1	1	0.029703	0.237624	0.108911	9.90099e-09	0	0	0	0	0.763636	0.945205	0.239669	0.514286	0.850829	9.90099e-09	0.0693069	9.90099e-09	1	0.162534	0.175908	1.5	0.666667	0.666667	1	1	37876.8	1e+20	1.07338e+13	61.8793	12.8826	16.7129	58.8966	33.8228	58.156	
 52000	-100372	-1327.98	-53503.8	-12629.4	0.0919999	1	0.15795	12.6622	2.25509	0.0413459	18.7461	0.446825	3773	99	481	-39425.3	14.0404f	91.6996	4	1	1	0.019802	0.237624	0.108911	9.90099e-09	0	0	0	0	0.872727	0.958005	0.231169	0.514286	0.862694	9.90099e-09	0.0693069	9.90099e-09	1	0.132275	0.169811	1.5	0.666667	0.666667	1	1	37876.8	1e+20	1.07338e+13	61.8793	12.8826	16.7129	58.8966	14.0404	91.6996	
 53000	-99495.3	-1327.98	-52627.4	-12481.5	0.0919816	1	0.131469	15.2127	1.87664	0.0261116	18.7461	0.645085	3711	99	466	-39425.3	19.2705f	79.1092	4	1	1	0.019802	0.237624	0.108911	9.90099e-09	0	0	0	0	0.854545	0.954178	0.242507	0.479167	0.868633	9.90099e-09	0.0693069	9.90099e-09	1	0.147453	0.190776	1.5	0.666667	0.666667	1	1	37876.8	1e+20	1.07338e+13	73.806	72.3273	17.7949	88.1758	19.2705	79.1092	
 54000	-98715.1	-1327.98	-51847.2	-12290.6	0.0919816	1	0.150011	13.3324	2.14302	0.0299424	18.7499	0.495074	3631	99	480	-39425.3	41.4981f	94.4152	4	1	1	0.019802	0.267327	0.108911	9.90099e-09	0	0	0	0	0.745455	0.948229	0.240331	0.531034	0.848066	9.90099e-09	0.0990099	9.90099e-09	1	0.151099	0.196121	1.5	0.666667	0.666667	1	1	37876.8	1e+20	1.07338e+13	95.7613	49.1451	17.7949	88.1758	41.4981	94.4152	
 55000	-98729.5	-1327.98	-51861.5	-12276.3	0.0919816	1	0.160768	12.4403	2.29669	0.00927022	18.7499	0.431042	3625	99	494	-39425.3	31.6665f	56.9312	4	1	1	0.019802	0.267327	0.108911	9.90099e-09	0	0	0	0	0.8	0.959128	0.23224	0.587838	0.847222	9.90099e-09	0.0990099	9.90099e-09	1	0.13388	0.17284	1.5	0.666667	0.666667	1	1	37876.8	1e+20	1.07338e+13	95.7613	49.1451	17.7949	88.1758	31.6665	56.9312	
 56000	-98679.9	-1327.98	-51811.9	-12295.4	0.0914343	1	0.153133	13.0605	2.17461	0.0366543	18.7499	0.477936	3633	99	478	-39425.3	67.8919f	96.5721	4	1	1	0.019802	0.267327	0.108911	9.90099e-09	0	0	0	0	0.772727	0.958904	0.231608	0.608392	0.854795	9.90099e-09	0.0990099	9.90099e-09	1	0.14011	0.160088	1.5	0.666667	0.666667	1	1	37876.8	1e+20	1.07338e+13	78.6549	54.1928	58.8732	82.9697	67.8919	96.5721	
 57000	-100193	-1327.98	-53324.7	-12566	0.0932838	1	0.157141	12.7274	2.41316	0.0255989	19.0248	0.419705	3747	99	494	-39425.3	61.4783f	88.6481	4	1	1	0.019802	0.267327	0.0594059	9.90099e-09	0	0	0	0	0.845455	0.951872	0.253333	0.55102	0.844504	9.90099e-09	0.0990099	9.90099e-09	1	0.168449	0.186094	1.5	0.666667	0.666667	1	1	37876.8	1e+20	1.07338e+13	95.5072	53.658	58.8732	82.9697	61.4783	88.6481	
 58000	-100686	-1327.98	-53818.2	-12647.8	0.094848	1	0.150265	13.3098	2.34626	0.0135611	19.0248	0.451424	3782	99	500	-39425.3	53.0202f	75.9607	4	1	1	0.019802	0.267327	0.0594059	9.90099e-09	0	0	0	0	0.836364	0.95756	0.246032	0.50495	0.843501	9.90099e-09	0.0990099	9.90099e-09	1	0.147757	0.164	1.5	0.666667	0.666667	1	1	37876.8	1e+20	1.07338e+13	95.5072	53.658	58.8732	82.9697	53.0202	75.9607	
 59000	-100880	-1327.98	-54011.9	-12716.8	0.0941496	1	0.1419	14.0945	2.16748	0.0185608	18.9556	0.517467	3811	99	484	-39425.3	43.3802f	82.8274	4	1	1	0.049505	0.267327	0.0594059	9.90099e-09	0	0	0	0	0.854545	0.944737	0.292105	0.5	0.86423	9.90099e-09	0.0990099	9.90099e-09	1	0.176781	0.190965	1.5	0.666667	0.666667	1	1	37876.8	1e+20	1.07338e+13	93.664	54.7766	39.4578	81.4884	43.3802	82.8274	
 60000	-99954.7	-1327.98	-53086.8	-12589.2	0.0941496	1	0.148452	13.4724	1.94081	0.010949	18.2324	0.552397	3757	99	462	-39425.3	39.4199f	70.0205	4	1	1	0.049505	0.267327	0.0594059	9.90099e-09	0	0	0	0	0.763636	0.933511	0.28836	0.514085	0.87037	9.90099e-09	0.0693069	9.90099e-09	1	0.121693	0.170996	1.5	0.666667	0.666667	1	1	37876.8	1e+20	1.07338e+13	93.664	54.7766	39.4578	81.4884	39.4199	70.0205	
 61000	-100029	-1327.98	-53161	-12650.6	0.0941496	1	0.125829	15.8945	1.9112	0.0176883	18.9288	0.661808	3783	99	438	-39425.3	17.8712f	57.9946	4	1	1	0.049505	0.227723	0.0594059	9.90099e-09	0	0	0	0	0.854545	0.94709	0.261214	0.5	0.883905	9.90099e-09	0.0693069	9.90099e-09	1	0.14248	0.16895	1.5	0.666667	0.666667	1	1	37876.8	1e+20	1.07338e+13	93.664	54.7766	4.62621	66.307	17.8712	57.9946	
 62000	-100810	-1327.98	-53941.8	-12783.1	0.0974375	1	0.125036	15.9954	1.77738	0.0284357	18.4588	0.71615	3840	99	451	-39425.3	13.9613f	76.2509	4	1	1	0.049505	0.227723	0.0594059	9.90099e-09	0	0	0	0	0.845455	0.953368	0.223958	0.537313	0.872727	9.90099e-09	0.0693069	9.90099e-09	1	0.119481	0.173719	1.5	0.666667	0.666667	1	1	37876.8	1e+20	1.07338e+13	93.664	54.7766	4.62621	66.307	13.9613	76.2509	
 63000	-102618	-1327.98	-55749.8	-13064.9	0.0974375	1	0.138025	14.4901	2.2912	0.0135405	19.1886	0.503267	3961	99	487	-39425.3	23.0036f	47.6701	4	1	1	0.049505	0.227723	0.0990099	9.90099e-09	0	0	0	0	0.754545	0.964646	0.243719	0.507042	0.846939	9.90099e-09	0.0693069	9.90099e-09	1	0.150754	0.178495	1.5	0.666667	0.666667	1	1	37876.8	1e+20	1.07338e+13	93.664	54.7766	4.62621	66.307	23.0036	47.6701	
 64000	-101076	-1327.98	-54207.9	-12834.3	0.0974375	1	0.140889	14.1956	2.20479	0.0424772	18.9077	0.512361	3862	99	452	-39425.3	8.56266f	87.6242	4	1	1	0.049505	0.227723	0.0990099	9.90099e-09	0	0	0	0	0.763636	0.963636	0.272021	0.454545	0.868217	9.90099e-09	0.0693069	9.90099e-09	1	0.124031	0.17734	1.5	0.666667	0.666667	1	1	37876.8	1e+20	1.07338e+13	86.4799	51.3115	4.62621	66.307	8.56266	87.6242	
 65000	-102998	-1327.98	-56129.8	-13163.9	0.101838	1	0.159962	12.503	2.09223	0.0326759	17.88	0.475547	4005	99	479	-39425.3	12.5262f	80.4963	4	1	1	0.049505	0.227723	0.0990099	9.90099e-09	0	0	0	0	0.827273	0.984962	0.156962	0.541096	0.835443	9.90099e-09	0.0693069	9.90099e-09	1	0.124688	0.148225	1.5	0.666667	0.666667	1	1	37876.8	1e+20	1.07338e+13	86.4799	51.3115	4.62621	66.307	12.5262	80.4963	
 66000	-104225	-1327.98	-57357.5	-13314.3	0.103086	1	0.159962	12.503	2.18344	0.0254237	18.0168	0.455683	4071	99	523	-39425.3	10.0384f	61.9266	4	1	1	0.019802	0.227723	0.0990099	9.90099e-09	0	0	0	0	0.790909	0.938575	0.235294	0.514286	0.817518	9.90099e-09	0.0693069	9.90099e-09	1	0.14951	0.176044	1.5	0.666667	0.666667	1	1	37876.8	1e+20	1.07338e+13	86.4799	51.3115	4.62621	66.307	10.0384	61.9266	
 67000	-104929	-1327.98	-58060.7	-13486.2	0.10556	1	0.15629	12.7967	2.18451	0.01456	18.0168	0.46616	4147	99	507	-39425.3	21.2759f	50.5944	4	1	1	0.019802	0.227723	0.0990099	9.90099e-09	0	0	0	0	0.827273	0.944712	0.206731	0.468468	0.83293	9.90099e-09	0.0792079	9.90099e-09	1	0.134615	0.167308	1.5	0.666667	0.666667	1	1	37876.8	1e+20	1.07338e+13	86.4799	51.3115	4.62621	66.307	21.2759	50.5944	
 68000	-103749	-1327.98	-56881	-13241.9	0.103958	1	0.165474	12.0865	2.46945	0.0154132	18.3845	0.389484	4039	99	508	-39425.3	25.2901f	67.2332	4	1	1	0.019802	0.227723	0.0990099	9.90099e-09	0	0	0	0	0.872727	0.940594	0.22549	0.5	0.829208	9.90099e-09	0.0792079	9.90099e-09	1	0.148515	0.182331	1.5	0.666667	0.666667	1	1	37876.8	1e+20	1.07338e+13	86.4799	51.3115	4.62621	66.307	25.2901	67.2332	
 69000	-106491	-1327.98	-59622.9	-13645.5	0.106273	1	0.171971	11.6299	2.62358	0.00902276	18.3845	0.352753	4218	99	572	-39425.3	31.1586f	50.3355	4	1	1	0.019802	0.237624	0.0990099	9.90099e-09	0	0	0	0	0.809091	0.936019	0.232227	0.527273	0.848341	9.90099e-09	0.0792079	9.90099e-09	1	0.137441	0.167254	1.5	0.666667	0.666667	1	1	37876.8	1e+20	1.07338e+13	86.4799	51.3115	4.62621	66.307	31.1586	50.3355	
 70000	-105410	-1327.98	-58542.3	-13499.8	0.106273	1	0.13356	14.9746	2.32835	0.0361953	19.0079	0.511794	4153	99	534	-39425.3	2.53071f	69.3147	4	1	1	0.019802	0.237624	0.0891089	9.90099e-09	0	0	0	0	0.818182	0.932854	0.242925	0.546296	0.856132	9.90099e-09	0.0792079	9.90099e-09	1	0.125	0.161049	1.5	0.666667	0.666667	1	1	37876.8	1e+20	1.07338e+13	86.4799	51.3115	4.62621	66.307	2.53071	69.3147	
 71000	-106157	-1327.98	-59288.9	-13710.5	0.106273	1	0.133477	14.9838	2.21637	0.0213752	18.778	0.537986	4247	99	510	-39425.3	12.9728f	55.2628	4	1	1	0.019802	0.237624	0.0891089	9.90099e-09	0	0	0	0	0.854545	0.945882	0.214118	0.596154	0.849057	9.90099e-09	0.0792079	9.90099e-09	1	0.127358	0.172676	1.5	0.666667	0.666667	1	1	37876.8	1e+20	1.07338e+13	86.4799	51.3115	4.62621	66.307	12.9728	55.2628	
 72000	-107083	-1327.98	-60214.5	-13870	0.108946	1	0.123637	16.1765	2.48822	0.0154766	19.5808	0.517349	4319	99	507	-39425.3	21.3159f	59.4841	4	1	1	0.049505	0.237624	0.0891089	9.90099e-09	0	0	0	0	0.8	0.943925	0.252336	0.555556	0.864486	9.90099e-09	0.0792079	9.90099e-09	1	0.12037	0.213307	1.5	0.666667	0.666667	1	1	37876.8	1e+20	1.07338e+13	86.4799	51.3115	4.62621	66.307	21.3159	59.4841	
 73000	-106408	-1327.98	-59540.5	-13794.6	0.108715	1	0.122862	16.2785	2.46739	0.0401387	19.5808	0.525008	4285	99	483	-39425.3	8.06994f	84.4434	4	1	1	0.049505	0.237624	0.0891089	9.90099e-09	0	0	0	0	0.854545	0.946387	0.2331	0.524272	0.87471	9.90099e-09	0.108911	9.90099e-09	1	0.104895	0.214	1.5	0.666667	0.666667	1	1	37876.8	1e+20	1.07338e+13	86.4799	51.3115	4.62621	66.307	8.06994	84.4434	
 74000	-105108	-1327.98	-58240.5	-13599.4	0.108715	1	0.120075	16.6563	2.38902	0.00610821	19.5352	0.554814	4197	99	458	-39425.3	50.639f	58.5648	4	1	1	0.049505	0.237624	0.0891089	9.90099e-09	0	0	0	0	0.818182	0.954762	0.239905	0.417808	0.9	0.009901	0.108911	9.90099e-09	1	0.123515	0.200873	1.5	0.666667	0.666667	1	1	37876.8	1e+20	1.07338e+13	86.4799	51.3115	4.62621	66.307	50.639	58.5648	
 75000	-106317	-1327.98	-59449.4	-13794.9	0.109863	1	0.131384	15.2226	2.59201	0.0229616	19.4428	0.46735	4285	99	483	-39425.3	28.6552f	82.5885	4	1	1	0.049505	0.257426	0.0891089	9.90099e-09	0	0	0	0	0.827273	0.948598	0.230233	0.490196	0.876457	0.009901	0.108911	9.90099e-09	1	0.135198	0.177734	1.5	0.666667	0.666667	1	1	37876.8	1e+20	1.07338e+13	86.4799	51.3115	4.62621	66.307	28.6552	82.5885	
 76000	-108157	-1327.98	-61289.4	-14028.6	0.111812	1	0.139145	14.3735	2.52099	0.0296158	18.9497	0.453714	4391	99	536	-39425.3	43.2239f	94.3556	4	1	1	0.049505	0.257426	0.108911	9.90099e-09	0	0	0	0	0.863636	0.952055	0.251716	0.575472	0.866667	0.009901	0.108911	9.90099e-09	1	0.118721	0.177778	1.5	0.666667	0.666667	1	1	37876.8	1e+20	1.07338e+13	86.4799	51.3115	4.62621	66.307	43.2239	94.3556	
 77000	-108242	-1327.98	-61374.5	-14081.2	0.111812	1	0.129541	15.4391	2.25153	0.0373486	18.754	0.545676	4415	99	520	-39425.3	9.3397f	82.6164	4	1	1	0.049505	0.257426	0.108911	9.90099e-09	0	0	0	0	0.736364	0.959276	0.232506	0.485437	0.866817	0.009901	0.108911	9.90099e-09	1	0.10181	0.168582	1.5	0.666667	0.666667	1	1	37876.8	1e+20	1.07338e+13	86.4799	51.3115	4.62621	66.307	9.3397	82.6164	
 78000	-109115	-1327.98	-62246.7	-14195.1	0.111812	1	0.133344	14.9988	2.31763	0.0159808	18.754	0.514994	4467	99	545	-39425.3	25.7509f	69.1305	4	1	1	0.049505	0.257426	0.108911	9.90099e-09	0	0	0	0	0.809091	0.955457	0.252796	0.513274	0.848552	0.009901	0.108911	9.90099e-09	1	0.11804	0.159633	1.5	0.666667	0.666667	1	1	37876.8	1e+20	1.07338e+13	86.4799	51.3115	4.62621	66.307	25.7509	69.1305	
 79000	-108351	-1327.98	-61482.6	-14039.6	0.111812	1	0.129387	15.4575	2.51412	0.00735134	19.2841	0.489264	4396	99	542	-39425.3	36.6577f	45.6613	4	1	1	0.049505	0.257426	0.108911	9.90099e-09	0	0	0	0	0.8	0.936508	0.225	0.518519	0.847032	0.009901	0.108911	9.90099e-09	1	0.129545	0.186792	1.5	0.666667	0.666667	1	1	37876.8	1e+20	1.07338e+13	86.4799	51.3115	52.0661	54.39	36.6577	45.6613	
 80000	-109144	-1327.98	-62276.3	-14149.1	0.111812	1	0.148165	13.4985	2.53338	0.0102948	18.6773	0.424009	4446	99	567	-39425.3	38.8508f	33.3775	4	1	1	0.049505	0.257426	0.108911	9.90099e-09	0	0	0	0	0.818182	0.966518	0.22049	0.557522	0.908686	0.009901	0.128713	9.90099e-09	1	0.146067	0.182836	1.5	0.666667	0.666667	1	1	37876.8	1e+20	1.07338e+13	86.4799	51.3115	52.0661	54.39	38.8508	33.3775	
 81000	-109086	-1327.98	-62218.4	-14122.8	0.111812	1	0.157304	12.7142	2.32868	0.00855705	18.0164	0.43448	4434	99	584	-39425.3	64.1115f	47.936	4	1	1	0.049505	0.257426	0.0990099	9.90099e-09	0	0	0	0	0.727273	0.954955	0.240991	0.495496	0.826185	0.009901	0.128713	9.90099e-09	1	0.137387	0.194492	1.5	0.666667	0.666667	1	1	37876.8	1e+20	1.07338e+13	86.4799	51.3115	52.0661	54.39	64.1115	47.936	
 82000	-108266	-1327.98	-61397.8	-14057.1	0.111812	1	0.146223	13.6778	2.13816	0.00920025	17.9611	0.509055	4404	99	539	-39425.3	49.2527f	33.3081	4	1	1	0.049505	0.227723	0.0990099	9.90099e-09	0	0	0	0	0.790909	0.949886	0.236364	0.495238	0.881279	0.009901	0.128713	9.90099e-09	1	0.127563	0.17338	1.5	0.666667	0.666667	1	1	37876.8	1e+20	1.07338e+13	98.8249	53.1236	52.0661	54.39	49.2527	33.3081	
 83000	-107031	-1327.98	-60162.8	-13836.8	0.109575	1	0.152906	13.08	2.44628	0.0059954	18.4625	0.425491	4304	99	527	-39425.3	43.5181f	45.1128	4	1	1	0.049505	0.227723	0.0990099	9.90099e-09	0	0	0	0	0.818182	0.951613	0.249417	0.537736	0.878788	0.009901	0.128713	9.90099e-09	1	0.156177	0.165085	1.5	0.666667	0.666667	1	1	37876.8	1e+20	1.07338e+13	98.8249	53.1236	52.0661	54.39	43.5181	45.1128	
 84000	-107552	-1327.98	-60683.9	-13945.1	0.109575	1	0.13781	14.5127	2.1215	0.0126881	18.2857	0.544372	4353	99	523	-39425.3	66.7174f	35.1956	4	1	1	0.009901	0.227723	0.0990099	9.90099e-09	0	0	0	0	0.790909	0.960829	0.234884	0.577982	0.876744	0.009901	0.128713	9.90099e-09	1	0.147465	0.151052	1.5	0.666667	0.666667	1	1	37876.8	1e+20	1.07338e+13	90.7315	41.2148	67.4644	29.5294	66.7174	35.1956	
 85000	-106918	-1327.98	-60050.3	-13843.4	0.109575	1	0.134052	14.9196	2.06364	0.0183124	18.2857	0.575326	4307	99	513	-39425.3	80.2278f	53.8347	4	1	1	0.009901	0.227723	0.0990099	9.90099e-09	0	0	0	0	0.754545	0.963134	0.190255	0.575472	0.853828	0.009901	0.128713	9.90099e-09	1	0.111369	0.164179	1.5	0.666667	0.666667	1	1	37876.8	1e+20	1.07338e+13	90.7315	41.2148	67.4644	29.5294	80.2278	53.8347	
 86000	-105766	-1327.98	-58897.7	-13646.6	0.109575	1	0.131827	15.1714	2.0294	0.0198051	18.2857	0.594907	4218	99	505	-39425.3	63.684f	20.7072	4	1	1	0.009901	0.227723	0.0990099	9.90099e-09	0	0	0	0	0.818182	0.942857	0.238771	0.524752	0.87234	0.009901	0.128713	9.90099e-09	1	0.106635	0.191057	1.5	0.666667	0.666667	1	1	37876.8	1e+20	1.07338e+13	90.7315	41.2148	73.3775	23.2004	63.684	20.7072	
 87000	-106669	-1327.98	-59800.9	-13920.8	0.109575	1	0.1296	15.4321	1.83105	0.0198296	17.8976	0.670677	4342	99	456	-39425.3	74.952f	29.9383	4	1	1	0.009901	0.148515	0.0990099	9.90099e-09	0	0	0	0	0.827273	0.965517	0.248276	0.514493	0.873563	0.009901	0.0693069	9.90099e-09	1	0.151724	0.151316	1.5	0.666667	0.666667	1	1	37876.8	1e+20	1.07338e+13	82.1144	14.0821	73.3775	23.2004	74.952	29.9383	
 88000	-110275	-1327.98	-63406.9	-14490	0.112338	1	0.139779	14.3083	1.98985	0.0234923	17.8201	0.572214	4602	99	514	-39425.3	21.53f	24.0558	4	1	1	0.009901	0.148515	0.0594059	9.90099e-09	0	0	0	0	0.827273	0.9718	0.221739	0.54	0.880435	0.009901	0.0693069	9.90099e-09	1	0.128261	0.167315	1.5	0.666667	0.666667	1	1	37876.8	1e+20	1.07338e+13	82.1144	14.0821	57.0736	19.0207	21.53	24.0558	
 89000	-109086	-1327.98	-62217.6	-14390	0.116419	1	0.118826	16.8314	2.16924	0.0103952	18.7949	0.617451	4557	99	447	-39425.3	30.7817f	60.6203	4	1	1	0.009901	0.148515	0.0594059	9.90099e-09	0	0	0	0	0.790909	0.945652	0.247807	0.536765	0.921909	0.009901	0.0693069	9.90099e-09	1	0.102845	0.192225	1.5	0.666667	0.666667	1	1	37876.8	1e+20	1.07338e+13	86.2499	52.3967	57.0736	19.0207	30.7817	60.6203	
 90000	-110574	-1327.98	-63706.5	-14445.9	0.116672	1	0.134796	14.8372	2.46614	0.0330751	18.7949	0.478769	4583	99	551	-39425.3	42.4859f	4.40661	4	1	1	0.009901	0.148515	0.0594059	9.90099e-09	0	0	0	0	0.818182	0.973742	0.228758	0.5	0.875546	0.009901	0.0693069	9.90099e-09	1	0.132898	0.201452	1.5	0.666667	0.666667	1	1	37876.8	1e+20	1.07338e+13	49.3659	22.623	57.0736	19.0207	42.4859	4.40661	
 91000	-109709	-1327.98	-62840.6	-14355.6	0.118983	1	0.125928	15.8821	2.73152	0.0108599	19.5163	0.462693	4540	99	512	-39425.3	47.3192f	29.911	4	1	1	0.029703	0.148515	0.0594059	9.90099e-09	0	0	0	0	0.809091	0.94702	0.230263	0.555556	0.890591	0.009901	0.0693069	9.90099e-09	1	0.145695	0.1787	1.5	0.666667	0.666667	1	1	37876.8	1e+20	1.07338e+13	49.3659	22.623	46.0135	15.4815	47.3192	29.911	
 92000	-111711	-1327.98	-64843.4	-14704.7	0.118983	1	0.122905	16.2727	2.66594	0.0194811	19.5163	0.485736	4704	99	528	-39425.3	41.8116f	18.0347	4	1	1	0.029703	0.148515	0.0594059	9.90099e-09	0	0	0	0	0.809091	0.944681	0.245763	0.537736	0.870763	0.009901	0.0693069	9.90099e-09	1	0.133475	0.183712	1.5	0.666667	0.666667	1	1	37876.8	1e+20	1.07338e+13	49.3659	22.623	46.0135	15.4815	41.8116	18.0347	
 93000	-111863	-1327.98	-64994.8	-14602.5	0.118983	1	0.135398	14.7713	2.93692	0.00799602	19.5163	0.400237	4656	99	586	-39425.3	39.7213f	39.0273	4	1	1	0.029703	0.148515	0.029703	9.90099e-09	0	0	0	0	0.872727	0.954644	0.231602	0.526786	0.87041	0.009901	0.0891089	9.90099e-09	1	0.145652	0.181655	1.5	0.666667	0.666667	1	1	37876.8	1e+20	1.07338e+13	49.3659	22.623	46.0135	15.4815	39.7213	39.0273	
 94000	-110871	-1327.98	-64003.3	-14638.7	0.118983	1	0.110635	18.0774	2.39979	0.0355208	19.5163	0.599451	4673	99	483	-39425.3	74.641f	9.72919	4	1	1	0.029703	0.247525	0.029703	9.90099e-09	0	0	0	0	0.863636	0.946809	0.234672	0.530435	0.893162	0.009901	0.0891089	9.90099e-09	1	0.126068	0.209804	1.5	0.666667	0.666667	1	1	37876.8	1e+20	1.07338e+13	82.4923	39.78	33.989	32.9511	74.641	9.72919	
 95000	-113119	-1327.98	-66251.2	-15053.8	0.118983	1	0.111554	17.9285	2.41973	0.0252113	19.5163	0.589611	4868	99	488	-39425.3	54.5376f	11.7058	4	1	1	0.029703	0.247525	0.029703	9.90099e-09	0	0	0	0	0.809091	0.965092	0.278689	0.47651	0.910603	0.009901	0.0891089	9.90099e-09	1	0.119097	0.205285	1.5	0.666667	0.666667	1	1	37876.8	1e+20	1.07338e+13	82.4923	39.78	33.989	32.9511	54.5376	11.7058	
 96000	-115179	-1327.98	-68311.5	-15376.4	0.127688	1	0.111285	17.9719	2.41002	0.0227239	19.1671	0.593423	5025	99	512	-39425.3	58.6782f	15.248	4	1	1	0.029703	0.247525	0.029703	9.90099e-09	0	0	0	0	0.9	0.944554	0.238569	0.562092	0.888668	0.009901	0.0891089	9.90099e-09	1	0.109127	0.200787	1.5	0.666667	0.666667	1	1	37876.8	1e+20	1.07338e+13	82.4923	39.78	33.989	32.9511	58.6782	15.248	
 97000	-116143	-1327.98	-69275.3	-15413.5	0.127688	1	0.119947	16.6741	3.0423	0.0127219	19.9395	0.436145	5043	99	580	-39425.3	28.4949f	64.7607	4	1	1	0.019802	0.247525	0.029703	9.90099e-09	0	0	0	0	0.763636	0.96627	0.284585	0.537815	0.877953	0.009901	0.0891089	9.90099e-09	1	0.13834	0.209106	1.5	0.666667	0.666667	1	1	37876.8	1e+20	1.07338e+13	82.4923	39.78	7.0382	59.8661	28.4949	64.7607	
 98000	-116401	-1327.98	-69532.9	-15424.3	0.126122	1	0.119947	16.6741	2.80263	0.0431263	19.5949	0.473441	5048	99	595	-39425.3	12.3929f	92.0012	4	1	1	0.019802	0.247525	0.029703	9.90099e-09	0	0	0	0	0.845455	0.970356	0.252964	0.483333	0.862205	0.009901	0.0891089	9.90099e-09	1	0.122772	0.222222	1.5	0.666667	0.666667	1	1	37876.8	1e+20	1.07338e+13	82.4923	39.78	7.0382	59.8661	12.3929	92.0012	
 99000	-116072	-1327.98	-69203.8	-15321.4	0.124718	1	0.13378	14.9499	3.03228	0.030292	19.5011	0.392337	4998	99	617	-39425.3	4.07885f	47.0125	4	1	1	0.019802	0.247525	0.029703	9.90099e-09	0	0	0	0	0.745455	0.943775	0.264	0.563492	0.861446	0.009901	0.148515	9.90099e-09	1	0.130522	0.218954	1.5	0.666667	0.666667	1	1	37876.8	1e+20	1.07338e+13	68.9444	39.0716	7.0382	59.8661	4.07885	47.0125	
100000	-117874	-1327.98	-71006	-15692.2	0.128921	1	0.124696	16.039	2.93688	0.037247	19.5265	0.434593	5179	99	598	-39425.3	3.13072f	72.724	4	1	1	0.019802	0.247525	0.0792079	9.90099e-09	0	0	0	0	0.763636	0.965318	0.263056	0.491525	0.839458	0.009901	0.148515	9.90099e-09	1	0.121622	0.198997	1.5	0.666667	0.666667	1	1	37876.8	1e+20	1.07338e+13	78.8428	19.2808	7.0382	59.8661	3.13072	72.724	
101000	-118625	-1327.98	-71757.3	-15837.7	0.128921	1	0.11794	16.9577	2.95382	0.0087175	19.8288	0.456849	5250	99	588	-39425.3	34.0946f	59.1188	4	1	1	0.019802	0.148515	0.0792079	9.90099e-09	0	0	0	0	0.827273	0.958015	0.264259	0.533333	0.874525	9.90099e-09	0.148515	9.90099e-09	1	0.131179	0.156667	1.5	0.666667	0.666667	1	1	37876.8	1e+20	1.07338e+13	78.8428	19.2808	7.0382	59.8661	34.0946	59.1188	
102000	-117885	-1327.98	-71017.2	-15651.2	0.128921	1	0.125077	15.9902	3.21091	0.0551811	19.9517	0.396293	5159	99	611	-39425.3	6.0439f	97.1911	4	1	1	0.019802	0.148515	0.0792079	9.90099e-09	0	0	0	0	0.772727	0.96325	0.297087	0.536364	0.868472	9.90099e-09	0.148515	9.90099e-09	1	0.141199	0.198895	1.5	0.666667	0.666667	1	1	37876.8	1e+20	1.07338e+13	78.8428	19.2808	9.65613	77.6207	6.0439	97.1911	
103000	-116005	-1327.98	-69137.4	-15536.5	0.128921	1	0.110763	18.0566	2.72248	0.0148699	19.736	0.52779	5103	99	504	-39425.3	20.9286f	53.2182	4	1	1	0.029703	0.148515	0.0792079	9.90099e-09	0	0	0	0	0.781818	0.962891	0.248062	0.564815	0.894325	9.90099e-09	0.148515	9.90099e-09	1	0.117417	0.18251	1.5	0.666667	0.666667	1	1	37876.8	1e+20	1.07338e+13	78.8428	19.2808	9.65613	77.6207	20.9286	53.2182	
104000	-115183	-1327.98	-68315.2	-15337.8	0.128921	1	0.109763	18.2211	2.69789	0.0173978	19.736	0.537454	5006	99	527	-39425.3	22.7578f	68.2243	4	1	1	0.029703	0.148515	0.0792079	9.90099e-09	0	0	0	0	0.818182	0.962227	0.250493	0.552381	0.88668	9.90099e-09	0.148515	9.90099e-09	1	0.11976	0.188825	1.5	0.666667	0.666667	1	1	37876.8	1e+20	1.07338e+13	50.9146	27.0453	9.65613	77.6207	22.7578	68.2243	
105000	-116712	-1327.98	-69844.4	-15548.8	0.128921	1	0.117189	17.0664	2.88043	0.031481	19.736	0.471494	5109	99	562	-39425.3	26.6582f	90.8077	4	1	1	0.029703	0.148515	0.049505	9.90099e-09	0	0	0	0	0.772727	0.962818	0.235294	0.553571	0.880859	9.90099e-09	0.148515	9.90099e-09	1	0.135029	0.213425	1.5	0.666667	0.666667	1	1	37876.8	1e+20	1.07338e+13	65.7297	1.11192	9.65613	77.6207	26.6582	90.8077	
106000	-114610	-1327.98	-67741.7	-15146	0.121485	1	0.123175	16.2371	2.88193	0.023869	19.786	0.448347	4913	99	570	-39425.3	18.2512f	74.5453	4	1	1	0.029703	0.148515	0.049505	9.90099e-09	0	0	0	0	0.809091	0.961847	0.299799	0.576577	0.891129	9.90099e-09	0.0594059	9.90099e-09	1	0.121951	0.191901	1.5	0.666667	0.666667	1	1	37876.8	1e+20	1.07338e+13	65.7297	1.11192	9.65613	77.6207	18.2512	74.5453	
107000	-115464	-1327.98	-68596.1	-15156.6	0.121485	1	0.1352	14.7929	3.16329	0.014377	19.786	0.372138	4918	99	642	-39425.3	36.4419f	74.8493	4	1	1	0.029703	0.148515	0.049505	9.90099e-09	0	0	0	0	0.772727	0.965795	0.267748	0.496	0.823293	9.90099e-09	0.0594059	9.90099e-09	1	0.160643	0.178744	1.5	0.666667	0.666667	1	1	37876.8	1e+20	1.07338e+13	65.7297	1.11192	9.65613	77.6207	36.4419	74.8493	
108000	-114434	-1327.98	-67566	-14981.6	0.123918	1	0.15566	12.8485	3.71494	0.0376744	19.786	0.275227	4835	99	645	-39425.3	4.40119f	75.8578	4	1	1	0.029703	0.247525	0.049505	9.90099e-09	0	0	0	0	0.754545	0.947699	0.251037	0.52	0.845188	9.90099e-09	0.0594059	9.90099e-09	1	0.128631	0.204473	1.5	0.666667	0.666667	1	1	37876.8	1e+20	1.07338e+13	73.3653	20.4628	13.5105	88.9301	4.40119	75.8578	
109000	-113781	-1327.98	-66913	-15029.7	0.123918	1	0.123608	16.1802	2.94998	0.0144316	19.786	0.436472	4858	99	557	-39425.3	34.6946f	73.9955	4	1	1	0.049505	0.247525	0.049505	9.90099e-09	0	0	0	0	0.736364	0.940816	0.213552	0.525424	0.87551	9.90099e-09	0.0594059	9.90099e-09	1	0.132653	0.21562	1.5	0.666667	0.666667	1	1	37876.8	1e+20	1.07338e+13	73.3653	20.4628	13.5105	88.9301	34.6946	73.9955	
110000	-113410	-1327.98	-66542.5	-14956.6	0.123918	1	0.125306	15.9609	2.99051	0.0336583	19.786	0.424721	4823	99	554	-39425.3	15.8069f	85.2078	4	1	1	0.049505	0.247525	0.049505	9.90099e-09	0	0	0	0	0.763636	0.954167	0.266112	0.478261	0.862213	9.90099e-09	0.0594059	9.90099e-09	1	0.138716	0.173993	1.5	0.666667	0.666667	1	1	37876.8	1e+20	1.07338e+13	73.3653	20.4628	13.5105	88.9301	15.8069	85.2078	
111000	-110970	-1327.98	-64102.4	-14539.4	0.11998	1	0.125928	15.8821	2.82385	0.0227963	19.6382	0.447566	4626	99	545	-39425.3	11.4637f	55.6011	4	1	1	0.049505	0.247525	0.049505	9.90099e-09	0	0	0	0	0.818182	0.957537	0.227468	0.522124	0.868365	0.009901	0.0594059	9.90099e-09	1	0.145923	0.169877	1.5	0.666667	0.666667	1	1	37876.8	1e+20	1.07338e+13	73.3653	20.4628	13.5105	88.9301	11.4637	55.6011	
112000	-111790	-1327.98	-64922.3	-14621.7	0.11471	1	0.121282	16.4905	2.60022	0.0241388	19.6382	0.504676	4664	99	571	-39425.3	13.6478f	67.7232	4	1	1	0.049505	0.247525	0.039604	9.90099e-09	0	0	0	0	0.827273	0.952891	0.261242	0.535088	0.845494	0.009901	0.0594059	9.90099e-09	1	0.126609	0.168739	1.5	0.666667	0.666667	1	1	37876.8	1e+20	1.07338e+13	43.2327	24.0314	6.60446	62.6833	13.6478	67.7232	
113000	-108931	-1327.98	-62062.6	-14146.1	0.115668	1	0.132554	15.0882	2.5891	0.0173402	19.1462	0.463745	4444	99	547	-39425.3	18.0651f	56.7963	4	1	1	0.049505	0.148515	0.039604	9.90099e-09	0	0	0	0	0.772727	0.934831	0.279642	0.574074	0.896629	0.009901	0.168317	9.90099e-09	1	0.112108	0.198113	1.5	0.666667	0.666667	1	1	37876.8	1e+20	1.07338e+13	43.2327	24.0314	6.60446	62.6833	18.0651	56.7963	
114000	-111419	-1327.98	-64551.1	-14551.6	0.115668	1	0.139445	14.3426	2.72371	0.0269673	19.1462	0.419042	4632	99	576	-39425.3	9.57057f	36.4192	4	1	1	0.049505	0.148515	0.039604	9.90099e-09	0	0	0	0	0.781818	0.963283	0.238095	0.570175	0.854978	0.009901	0.168317	9.90099e-09	1	0.136364	0.180357	1.5	0.666667	0.666667	1	1	37876.8	1e+20	1.07338e+13	43.2327	24.0314	6.60446	62.6833	9.57057	36.4192	
115000	-110677	-1327.98	-63808.6	-14448.1	0.115668	1	0.142425	14.0425	2.59141	0.0360426	18.8097	0.431218	4584	99	565	-39425.3	6.58295f	76.9956	4	1	1	0.039604	0.148515	0.039604	9.90099e-09	0	0	0	0	0.818182	0.941685	0.251627	0.495652	0.884532	0.009901	0.168317	9.90099e-09	1	0.148148	0.169675	1.5	0.666667	0.666667	1	1	37876.8	1e+20	1.07338e+13	56.5954	83.0876	6.60446	62.6833	6.58295	76.9956	
116000	-110041	-1327.98	-63172.7	-14320.8	0.115668	1	0.142508	14.0343	2.59477	0.0256928	18.813	0.430409	4525	99	567	-39425.3	21.7802f	20.7707	4	1	1	0.039604	0.148515	0.039604	9.90099e-09	0	0	0	0	0.854545	0.956044	0.273128	0.482759	0.865934	0.009901	0.168317	9.90099e-09	1	0.138462	0.164021	1.5	0.666667	0.666667	1	1	37876.8	1e+20	1.07338e+13	56.5954	83.0876	6.60446	62.6833	21.7802	20.7707	
117000	-111278	-1327.98	-64410.3	-14525.7	0.115722	1	0.144497	13.8411	2.7281	0.0221224	18.9821	0.403739	4620	99	581	-39425.3	12.0002f	53.7972	4	1	1	0.039604	0.148515	0.039604	9.90099e-09	0	0	0	0	0.827273	0.958963	0.214286	0.560345	0.850972	0.009901	0.168317	9.90099e-09	1	0.12311	0.192644	1.5	0.666667	0.666667	1	1	37876.8	1e+20	1.07338e+13	56.5954	83.0876	6.60446	62.6833	12.0002	53.7972	
118000	-111552	-1327.98	-64683.7	-14601.2	0.115722	1	0.137209	14.5763	2.48981	0.0138984	18.7949	0.465879	4655	99	565	-39425.3	27.7004f	66.7925	4	1	1	0.039604	0.148515	0.0891089	9.90099e-09	0	0	0	0	0.854545	0.959402	0.233405	0.401709	0.875536	0.009901	0.168317	9.90099e-09	1	0.128755	0.168142	1.5	0.666667	0.666667	1	1	37876.8	1e+20	1.07338e+13	56.5954	83.0876	6.60446	62.6833	27.7004	66.7925	
119000	-111811	-1327.98	-64943.3	-14636.8	0.119772	1	0.14219	14.0656	2.52237	0.00883616	18.5286	0.443754	4672	99	576	-39425.3	32.6577f	56.7476	4	1	1	0.039604	0.148515	0.0891089	9.90099e-09	0	0	0	0	0.827273	0.929336	0.269807	0.436364	0.871795	0.009901	0.0792079	9.90099e-09	1	0.149893	0.191682	1.5	0.666667	0.666667	1	1	37876.8	1e+20	1.07338e+13	89.7953	24.5644	6.60446	62.6833	32.6577	56.7476	
120000	-112305	-1327.98	-65437.3	-14698.3	0.119772	1	0.148261	13.4897	2.59934	0.018197	18.4743	0.41298	4701	99	595	-39425.3	16.4943f	53.1729	4	1	1	0.039604	0.178218	0.0891089	9.90099e-09	0	0	0	0	0.836364	0.959402	0.224138	0.45082	0.867521	0.009901	0.0792079	9.90099e-09	1	0.140127	0.146218	1.5	0.666667	0.666667	1	1	37876.8	1e+20	1.07338e+13	60.6083	56.3998	6.60446	62.6833	16.4943	53.1729	
121000	-111986	-1327.98	-65117.7	-14713.2	0.119772	1	0.145193	13.7748	2.6424	0.0300901	18.6476	0.414836	4708	99	557	-39425.3	8.31423f	69.7102	4	1	1	0.039604	0.178218	0.0891089	9.90099e-09	0	0	0	0	0.781818	0.951477	0.182203	0.446429	0.848101	0.009901	0.0792079	9.90099e-09	1	0.111814	0.170396	1.5	0.666667	0.666667	1	1	37876.8	1e+20	1.07338e+13	60.6083	56.3998	6.60446	62.6833	8.31423	69.7102	
122000	-114626	-1327.98	-67757.9	-15118.6	0.127113	1	0.14689	13.6156	2.72185	0.0288205	18.4552	0.398075	4900	99	599	-39425.3	7.99387f	35.6943	4	1	1	0.039604	0.178218	0.0891089	9.90099e-09	0	0	0	0	0.745455	0.955285	0.226994	0.487179	0.85947	0.009901	0.0792079	9.90099e-09	1	0.144603	0.168966	1.5	0.666667	0.666667	1	1	37876.8	1e+20	1.07338e+13	60.5478	27.4052	6.60446	62.6833	7.99387	35.6943	
123000	-116696	-1327.98	-69828.3	-15444.5	0.127113	1	0.139551	14.3317	2.69114	0.0254345	18.6402	0.423791	5058	99	616	-39425.3	23.3605f	81.9318	4	1	1	0.039604	0.178218	0.0891089	9.90099e-09	0	0	0	0	0.8	0.974257	0.229703	0.491667	0.869565	0.009901	0.0792079	9.90099e-09	1	0.118812	0.197987	1.5	0.666667	0.666667	1	1	37876.8	1e+20	1.07338e+13	72.6662	34.997	6.60446	62.6833	23.3605	81.9318	
124000	-116943	-1327.98	-70074.6	-15553.8	0.127113	1	0.13276	15.0648	2.6539	0.0195801	18.8085	0.451718	5111	99	584	-39425.3	45.1486f	84.2755	4	1	1	0.039604	0.178218	0.128713	9.90099e-09	0	0	0	0	0.818182	0.943026	0.246032	0.522124	0.896825	0.009901	0.0792079	9.90099e-09	1	0.100791	0.158895	1.5	0.666667	0.666667	1	1	37876.8	1e+20	1.07338e+13	73.8348	9.51403	6.60446	62.6833	45.1486	84.2755	
125000	-115319	-1327.98	-68451.1	-15221.4	0.126263	1	0.147591	13.551	2.74369	0.0385181	18.5011	0.39303	4950	99	603	-39425.3	1.42575f	71.3854	4	1	1	0.039604	0.178218	0.128713	0.009901	0	0	0	0	0.790909	0.952	0.221328	0.533333	0.871032	9.90099e-09	0.108911	9.90099e-09	1	0.114919	0.152941	1.5	0.666667	0.666667	1	1	37876.8	1e+20	1.07338e+13	85.1611	27.7595	1.29183	53.501	1.42575	71.3854	
126000	-115833	-1327.98	-68964.5	-15372.5	0.126263	1	0.131877	15.1656	2.45671	0.0094345	18.5108	0.491241	5023	99	570	-39425.3	66.296f	52.8315	4	1	1	0.039604	0.178218	0.128713	0.009901	0	0	0	0	0.8	0.952381	0.267857	0.570175	0.861111	9.90099e-09	0.108911	9.90099e-09	1	0.121032	0.162749	1.5	0.666667	0.666667	1	1	37876.8	1e+20	1.07338e+13	69.2055	23.5013	31.2602	39.8169	66.296	52.8315	
127000	-117611	-1327.98	-70743.2	-15738.8	0.126263	1	0.131814	15.1728	2.33216	0.0308155	18.2738	0.517725	5200	99	555	-39425.3	7.50042f	32.2235	4	1	1	0.039604	0.267327	0.128713	0.009901	0	0	0	0	0.781818	0.946463	0.272031	0.587719	0.873321	9.90099e-09	0.108911	9.90099e-09	1	0.124283	0.176577	1.5	0.666667	0.666667	1	1	37876.8	1e+20	1.07338e+13	69.2055	23.5013	18.6531	40.0227	7.50042	32.2235	
128000	-115543	-1327.98	-68675	-15338	0.124798	1	0.127448	15.6927	2.599	0.0131993	18.9895	0.480486	5006	99	568	-39425.3	24.4826f	43.3745	4	1	1	0.019802	0.267327	0.128713	0.009901	0	0	0	0	0.818182	0.964143	0.239521	0.535088	0.88024	9.90099e-09	0.108911	9.90099e-09	1	0.139442	0.200723	1.5	0.666667	0.666667	1	1	37876.8	1e+20	1.07338e+13	69.2055	23.5013	38.4329	35.3568	24.4826	43.3745	
129000	-112516	-1327.98	-65647.6	-14786.1	0.122425	1	0.131941	15.1583	2.43263	0.0349243	18.606	0.495866	4742	99	563	-39425.3	61.5816f	4.36494	4	1	1	0.019802	0.267327	0.0792079	0.009901	0	0	0	0	0.690909	0.955975	0.224319	0.540541	0.848421	9.90099e-09	0.108911	9.90099e-09	1	0.138947	0.190053	1.5	0.666667	0.666667	1	1	37876.8	1e+20	1.07338e+13	69.2055	23.5013	38.4329	35.3568	61.5816	4.36494	
130000	-114512	-1327.98	-67644.2	-15163.7	0.123106	1	0.127869	15.6411	2.73228	0.00573161	19.2783	0.455545	4922	99	561	-39425.3	42.4659f	49.884	4	1	1	0.019802	0.267327	0.0792079	0.009901	0	0	0	0	0.872727	0.954918	0.236842	0.487179	0.866397	9.90099e-09	0.108911	9.90099e-09	1	0.125761	0.208556	1.5	0.666667	0.666667	1	1	37876.8	1e+20	1.07338e+13	69.2055	23.5013	38.4329	35.3568	42.4659	49.884	
131000	-111553	-1327.98	-64685.3	-14682.6	0.116281	1	0.12695	15.7542	2.53123	0.0281441	19.2196	0.495285	4693	99	523	-39425.3	17.123f	22.0544	4	1	1	0.019802	0.267327	0.0792079	0.009901	0	0	0	0	0.854545	0.950959	0.213531	0.542056	0.868922	9.90099e-09	0.118812	9.90099e-09	1	0.134904	0.19084	1.5	0.666667	0.666667	1	1	37876.8	1e+20	1.07338e+13	69.2055	23.5013	38.4329	35.3568	17.123	22.0544	
132000	-111483	-1327.98	-64615.2	-14713.2	0.119838	1	0.127173	15.7266	2.26339	0.0204088	18.5413	0.552923	4708	99	512	-39425.3	14.7137f	42.8973	4	1	1	0.0594059	0.267327	0.0792079	0.009901	0	0	0	0	0.736364	0.968085	0.260128	0.510204	0.868251	9.90099e-09	0.118812	9.90099e-09	1	0.110874	0.159091	1.5	0.666667	0.666667	1	1	37876.8	1e+20	1.07338e+13	69.2055	23.5013	38.4329	35.3568	14.7137	42.8973	
133000	-112287	-1327.98	-65418.9	-14850.9	0.12146	1	0.132351	15.1113	2.38744	0.0258336	18.5413	0.503685	4773	99	517	-39425.3	14.5756f	28.9041	4	1	1	0.0594059	0.267327	0.0792079	0.009901	0	0	0	0	0.836364	0.958506	0.219665	0.504673	0.893305	9.90099e-09	0.118812	9.90099e-09	1	0.150628	0.167897	1.5	0.666667	0.666667	1	1	37876.8	1e+20	1.07338e+13	84.781	42.7151	38.4329	35.3568	14.5756	28.9041	
134000	-111841	-1327.98	-64972.6	-14829.8	0.12146	1	0.125491	15.9373	2.26369	0.007174	18.5413	0.560259	4763	99	487	-39425.3	46.5474f	38.7787	4	1	1	0.0594059	0.108911	0.0792079	0.009901	0	0	0	0	0.763636	0.959831	0.226695	0.563107	0.878407	9.90099e-09	0.118812	9.90099e-09	1	0.129979	0.177062	1.5	0.666667	0.666667	1	1	37876.8	1e+20	1.07338e+13	84.781	42.7151	38.4329	35.3568	46.5474	38.7787	
135000	-112110	-1327.98	-65242.3	-14855.1	0.12146	1	0.125674	15.9142	2.26699	0.0304925	18.5413	0.558633	4775	99	504	-39425.3	46.7631f	6.29721	4	1	1	0.0594059	0.108911	0.039604	9.90099e-09	0	0	0	0	0.836364	0.948133	0.257261	0.592233	0.882845	9.90099e-09	0.118812	9.90099e-09	1	0.10251	0.201597	1.5	0.666667	0.666667	1	1	37876.8	1e+20	1.07338e+13	84.781	42.7151	38.4329	35.3568	46.7631	6.29721	
136000	-113087	-1327.98	-66218.7	-14925.2	0.123754	1	0.15002	13.3315	2.76502	0.00899106	18.5543	0.383681	4808	99	552	-39425.3	58.8697f	37.4052	4	1	1	0.0594059	0.108911	0.039604	9.90099e-09	0	0	0	0	0.781818	0.931677	0.215031	0.544643	0.871102	9.90099e-09	0.118812	9.90099e-09	1	0.146138	0.193841	1.5	0.666667	0.666667	1	1	37876.8	1e+20	1.07338e+13	84.781	42.7151	38.4329	35.3568	58.8697	37.4052	
137000	-112371	-1327.98	-65503.5	-14739.8	0.11708	1	0.148195	13.4957	2.58409	0.0165684	18.5543	0.415602	4720	99	584	-39425.3	31.5254f	26.2009	4	1	1	0.0594059	0.108911	0.039604	9.90099e-09	0	0	0	0	0.736364	0.955224	0.219616	0.559322	0.862579	9.90099e-09	0.168317	9.90099e-09	1	0.167019	0.178268	1.5	0.666667	0.666667	1	1	37876.8	1e+20	1.07338e+13	84.781	42.7151	38.4329	35.3568	31.5254	26.2009	
138000	-111329	-1327.98	-64461.3	-14671.2	0.11708	1	0.150945	13.2499	2.20416	0.00674448	17.7494	0.478364	4688	99	527	-39425.3	37.8188f	48.6563	4	1	1	0.029703	0.108911	0.039604	9.90099e-09	0	0	0	0	0.754545	0.952891	0.180851	0.558824	0.869936	9.90099e-09	0.168317	9.90099e-09	1	0.134043	0.171698	1.5	0.666667	0.666667	1	1	37876.8	1e+20	1.07338e+13	84.781	42.7151	38.4329	35.3568	37.8188	48.6563	
139000	-111362	-1327.98	-64494.3	-14647.6	0.11708	1	0.147619	13.5484	2.11289	0.00748238	17.6608	0.510272	4677	99	538	-39425.3	53.2861f	63.04	4	1	1	0.029703	0.108911	0.039604	9.90099e-09	0	0	0	0	0.772727	0.947146	0.236287	0.504587	0.885835	9.90099e-09	0.168317	9.90099e-09	1	0.10148	0.156134	1.5	0.666667	0.666667	1	1	37876.8	1e+20	1.07338e+13	84.781	42.7151	38.6441	64.3513	53.2861	63.04	
140000	-109660	-1327.98	-62791.5	-14370.9	0.11708	1	0.147619	13.5484	2.18726	0.00569165	17.8142	0.492922	4548	99	517	-39425.3	43.3578f	53.5782	4	1	1	0.029703	0.158416	0.039604	9.90099e-09	0	0	0	0	0.781818	0.936543	0.21663	0.46729	0.87965	9.90099e-09	0.168317	9.90099e-09	1	0.140659	0.189723	1.5	0.666667	0.666667	1	1	37876.8	1e+20	1.07338e+13	84.781	42.7151	38.6441	64.3513	43.3578	53.5782	
141000	-112049	-1327.98	-65181.1	-14722.6	0.117179	1	0.143455	13.9416	2.12735	0.00582365	17.8142	0.521513	4712	99	561	-39425.3	47.7614f	57.3428	4	1	1	0.029703	0.158416	0.039604	9.90099e-09	0	0	0	0	0.827273	0.962025	0.225263	0.53271	0.858947	9.90099e-09	0.168317	9.90099e-09	1	0.116525	0.1875	1.5	0.666667	0.666667	1	1	37876.8	1e+20	1.07338e+13	84.781	42.7151	38.6441	64.3513	47.7614	57.3428	
142000	-110305	-1327.98	-63437.1	-14467.5	0.117179	1	0.136814	14.6184	2.07453	0.017651	17.9136	0.560748	4593	99	525	-39425.3	17.6999f	56.9851	4	1	1	0.029703	0.158416	0.0594059	9.90099e-09	0	0	0	0	0.872727	0.945887	0.24295	0.46789	0.850649	9.90099e-09	0.168317	9.90099e-09	1	0.103672	0.181146	1.5	0.666667	0.666667	1	1	37876.8	1e+20	1.07338e+13	84.781	42.7151	19.6503	55.6494	17.6999	56.9851	
143000	-112276	-1327.98	-65408.3	-14731.2	0.117179	1	0.137273	14.5695	2.08944	0.0240943	17.9307	0.554888	4716	99	583	-39425.3	17.8627f	74.4238	4	1	1	0.029703	0.158416	0.0594059	9.90099e-09	0	0	0	0	0.854545	0.932347	0.217759	0.584746	0.860169	9.90099e-09	0.118812	9.90099e-09	1	0.105708	0.15952	1.5	0.666667	0.666667	1	1	37876.8	1e+20	1.07338e+13	84.781	42.7151	19.6503	55.6494	17.8627	74.4238	
144000	-110096	-1327.98	-63228.2	-14398.6	0.116671	1	0.133074	15.0292	2.01675	0.011825	17.9307	0.593025	4561	99	544	-39425.3	27.7156f	41.3016	4	1	1	0.029703	0.158416	0.0594059	9.90099e-09	0	0	0	0	0.836364	0.931868	0.191209	0.486239	0.868709	9.90099e-09	0.118812	9.90099e-09	1	0.113786	0.167969	1.5	0.666667	0.666667	1	1	37876.8	1e+20	1.07338e+13	62.5713	63.7927	19.6503	55.6494	27.7156	41.3016	
145000	-111750	-1327.98	-64881.9	-14733.8	0.116671	1	0.141371	14.1472	2.02007	0.0113705	17.6689	0.557308	4717	99	532	-39425.3	29.3357f	61.7843	4	1	1	0.019802	0.158416	0.0594059	9.90099e-09	0	0	0	0	0.827273	0.953586	0.234672	0.557522	0.883966	9.90099e-09	0.118812	9.90099e-09	1	0.14346	0.18797	1.5	0.666667	0.666667	1	1	37876.8	1e+20	1.07338e+13	55.6801	36.7901	19.6503	55.6494	29.3357	61.7843	
146000	-111885	-1327.98	-65017.4	-14710.1	0.116671	1	0.134897	14.8261	2.22493	0.0133792	18.3141	0.530275	4706	99	552	-39425.3	26.7172f	63.9534	4	1	1	0.019802	0.227723	0.0594059	9.90099e-09	0	0	0	0	0.854545	0.966173	0.245243	0.509434	0.864693	9.90099e-09	0.118812	9.90099e-09	1	0.120507	0.15625	1.5	0.666667	0.666667	1	1	37876.8	1e+20	1.07338e+13	55.6801	36.7901	19.6503	55.6494	26.7172	63.9534	
147000	-109463	-1327.98	-62594.7	-14415.8	0.116671	1	0.136569	14.6446	2.26231	0.032232	18.334	0.515128	4569	99	476	-39425.3	10.2652f	76.8678	4	1	1	0.019802	0.227723	0.0594059	9.90099e-09	0	0	0	0	0.836364	0.948052	0.205184	0.456311	0.908096	9.90099e-09	0.118812	9.90099e-09	1	0.122538	0.156379	1.5	0.666667	0.666667	1	1	37876.8	1e+20	1.07338e+13	76.3171	47.9345	19.6503	55.6494	10.2652	76.8678	
148000	-111159	-1327.98	-64291.3	-14604.9	0.116671	1	0.136569	14.6446	1.97891	0.0333657	17.7307	0.588899	4657	99	537	-39425.3	3.99059f	66.6413	4	1	1	0.019802	0.227723	0.0594059	9.90099e-09	0	0	0	0	0.854545	0.978587	0.220779	0.47619	0.870968	9.90099e-09	0.118812	9.90099e-09	1	0.126338	0.171815	1.5	0.666667	0.666667	1	1	37876.8	1e+20	1.07338e+13	93.544	34.706	12.7117	82.8726	3.99059	66.6413	
149000	-112016	-1327.98	-65148	-14796.1	0.116671	1	0.146677	13.6354	2.08282	0.029254	17.6413	0.520963	4746	99	531	-39425.3	5.55433f	58.6795	4	1	1	0.019802	0.227723	0.0594059	9.90099e-09	0	0	0	0	0.818182	0.964135	0.243644	0.586538	0.856531	9.90099e-09	0.118812	9.90099e-09	1	0.126316	0.143119	1.5	0.666667	0.666667	1	1	37876.8	1e+20	1.07338e+13	93.544	34.706	12.7117	82.8726	5.55433	58.6795	
150000	-112257	-1327.98	-65388.7	-14765	0.117775	1	0.144616	13.8297	2.05856	0.0221045	17.6105	0.534611	4732	99	564	-39425.3	14.2577f	63.7417	4	1	1	0.019802	0.227723	0.0594059	9.90099e-09	0	0	0	0	0.763636	0.966102	0.241015	0.481132	0.869474	9.90099e-09	0.138614	9.90099e-09	1	0.105263	0.18638	1.5	0.666667	0.666667	1	1	37876.8	1e+20	1.07338e+13	68.0685	41.904	12.7117	82.8726	14.2577	63.7417	
151000	-113695	-1327.98	-66827.2	-14993.8	0.117775	1	0.155242	12.8831	2.1228	0.0452405	17.4345	0.482952	4839	99	583	-39425.3	5.8351f	87.5369	4	1	1	0.019802	0.227723	0.0594059	9.90099e-09	0	0	0	0	0.727273	0.966597	0.237395	0.404959	0.849057	9.90099e-09	0.138614	9.90099e-09	1	0.12369	0.161074	1.5	0.666667	0.666667	1	1	37876.8	1e+20	1.07338e+13	68.0685	41.904	12.7117	82.8726	5.8351	87.5369	
152000	-112268	-1327.98	-65399.8	-14754.3	0.117775	1	0.159566	12.534	2.18193	0.0189129	17.4345	0.457129	4727	99	575	-39425.3	27.1961f	75.9209	4	1	1	0.019802	0.227723	0.0594059	9.90099e-09	0	0	0	0	0.8	0.951064	0.205074	0.564103	0.852248	9.90099e-09	0.138614	9.90099e-09	1	0.15222	0.150278	1.5	0.666667	0.666667	1	1	37876.8	1e+20	1.07338e+13	86.875	23.2357	12.7117	82.8726	27.1961	75.9209	
153000	-112664	-1327.98	-65795.8	-14698.7	0.117775	1	0.170778	11.7111	2.31235	0.0282898	17.3916	0.403028	4701	99	639	-39425.3	35.4439f	91.4503	4	1	1	0.019802	0.227723	0.0594059	9.90099e-09	0	0	0	0	0.763636	0.929787	0.253731	0.5	0.859574	9.90099e-09	0.138614	9.90099e-09	1	0.118896	0.126761	1.5	0.666667	0.666667	1	1	37876.8	1e+20	1.07338e+13	86.875	23.2357	12.7117	82.8726	35.4439	91.4503	
154000	-110902	-1327.98	-64034.5	-14512.9	0.118591	1	0.154526	12.9428	1.97883	0.0231194	17.1213	0.520488	4614	99	568	-39425.3	12.3244f	61.3753	4	1	1	0.019802	0.227723	0.0594059	9.90099e-09	0	0	0	0	0.772727	0.965443	0.241453	0.495496	0.867521	9.90099e-09	0.138614	9.90099e-09	1	0.108225	0.179211	1.5	0.666667	0.666667	1	1	37876.8	1e+20	1.07338e+13	86.875	23.2357	26.3696	84.6151	12.3244	61.3753	
155000	-112550	-1327.98	-65682.1	-14819.9	0.118591	1	0.157067	12.7335	2.10357	0.0371188	17.3142	0.481704	4758	99	567	-39425.3	28.0067f	96.6516	4	1	1	0.019802	0.168317	0.0594059	9.90099e-09	0	0	0	0	0.790909	0.964361	0.214286	0.561404	0.853249	9.90099e-09	0.138614	9.90099e-09	1	0.136555	0.141844	1.5	0.666667	0.666667	1	1	37876.8	1e+20	1.07338e+13	86.875	23.2357	26.3696	84.6151	28.0067	96.6516	
156000	-112096	-1327.98	-65228.3	-14769.6	0.122803	1	0.144306	13.8594	2.07342	0.0419871	17.4681	0.531922	4734	99	543	-39425.3	19.4021f	96.2161	4	1	1	0.019802	0.168317	0.0594059	9.90099e-09	0	0	0	0	0.8	0.957627	0.243644	0.448598	0.87605	9.90099e-09	0.0693069	9.90099e-09	1	0.141649	0.132325	1.5	0.666667	0.666667	1	1	37876.8	1e+20	1.07338e+13	42.7161	23.5125	26.3696	84.6151	19.4021	96.2161	
157000	-114266	-1327.98	-67397.6	-15090.4	0.122803	1	0.154252	12.9658	2.2059	0.0269269	17.4476	0.467739	4887	99	589	-39425.3	14.9123f	75.1537	4	1	1	0.039604	0.168317	0.0594059	9.90099e-09	0	0	0	0	0.863636	0.944672	0.206186	0.433962	0.87037	9.90099e-09	0.0693069	9.90099e-09	1	0.118609	0.167254	1.5	0.666667	0.666667	1	1	37876.8	1e+20	1.07338e+13	26.9671	85.425	26.3696	84.6151	14.9123	75.1537	
158000	-113508	-1327.98	-66639.8	-15012.8	0.122803	1	0.15257	13.1088	2.32407	0.0317039	17.7252	0.448851	4850	99	558	-39425.3	20.3863f	86.9491	4	1	1	0.039604	0.168317	0.118812	9.90099e-09	0	0	0	0	0.781818	0.934021	0.206967	0.529915	0.857732	9.90099e-09	0.0693069	9.90099e-09	1	0.142857	0.139175	1.5	0.666667	0.666667	1	1	37876.8	1e+20	1.07338e+13	26.9671	85.425	26.3696	84.6151	20.3863	86.9491	
159000	-114971	-1327.98	-68102.6	-15231.9	0.126647	1	0.146948	13.6102	2.61669	0.042611	18.2893	0.413907	4955	99	574	-39425.3	13.6788f	92.6055	4	1	1	0.039604	0.168317	0.118812	9.90099e-09	0	0	0	0	0.818182	0.961847	0.230924	0.470588	0.866935	9.90099e-09	0.0693069	9.90099e-09	1	0.110887	0.158621	1.5	0.666667	0.666667	1	1	37876.8	1e+20	1.07338e+13	26.9671	85.425	7.66764	96.8116	13.6788	92.6055	
160000	-115120	-1327.98	-68252.1	-15285.6	0.125919	1	0.133103	15.026	2.45072	0.0339613	18.4693	0.487909	4981	99	562	-39425.3	18.0588f	87.534	4	1	1	0.039604	0.178218	0.118812	9.90099e-09	0	0	0	0	0.790909	0.957746	0.229376	0.473684	0.88978	9.90099e-09	0.0693069	9.90099e-09	1	0.114228	0.18068	1.5	0.666667	0.666667	1	1	37876.8	1e+20	1.07338e+13	63.5652	68.2941	7.66764	96.8116	18.0588	87.534	
161000	-115944	-1327.98	-69076.4	-15383.5	0.130021	1	0.137552	14.5399	2.73056	0.0509828	18.6698	0.42374	5028	99	584	-39425.3	4.01324f	91.3546	4	1	1	0.039604	0.178218	0.118812	9.90099e-09	0	0	0	0	0.8	0.956349	0.224206	0.454545	0.861111	9.90099e-09	0.108911	9.90099e-09	1	0.125249	0.173045	1.5	0.666667	0.666667	1	1	37876.8	1e+20	1.07338e+13	63.5652	68.2941	7.66764	96.8116	4.01324	91.3546	
162000	-116449	-1327.98	-69581	-15493.8	0.127631	1	0.114254	17.5048	2.40724	0.0509828	19.0379	0.578667	5082	99	573	-39425.3	4.01324f	91.3546	4	1	1	0.039604	0.178218	0.118812	9.90099e-09	0	0	0	0	0.827273	0.956778	0.253438	0.570175	0.873294	9.90099e-09	0.108911	9.90099e-09	1	0.129412	0.189381	1.5	0.666667	0.666667	1	1	37876.8	1e+20	1.07338e+13	63.5652	68.2941	7.66764	96.8116	4.01324	91.3546	
163000	-115263	-1327.98	-68394.6	-15335.2	0.126342	1	0.127258	15.7161	2.65414	0.0195786	19.0379	0.471205	5005	99	542	-39425.3	26.63f	76.4783	4	1	1	0.039604	0.178218	0.118812	9.90099e-09	0	0	0	0	0.736364	0.960239	0.194831	0.513043	0.878728	9.90099e-09	0.108911	9.90099e-09	1	0.127237	0.191729	1.5	0.666667	0.666667	1	1	37876.8	1e+20	1.07338e+13	63.5652	68.2941	7.66764	96.8116	26.63	76.4783	
164000	-115630	-1327.98	-68761.6	-15372.9	0.125415	1	0.139036	14.3848	2.8785	0.0224074	19.0379	0.397673	5023	99	555	-39425.3	49.2506f	87.584	4	1	1	0.0594059	0.178218	0.118812	9.90099e-09	0	0	0	0	0.809091	0.964072	0.190855	0.53913	0.902584	9.90099e-09	0.108911	9.90099e-09	1	0.122244	0.166078	1.5	0.666667	0.666667	1	1	37876.8	1e+20	1.07338e+13	63.5652	68.2941	7.66764	96.8116	49.2506	87.584	
165000	-116435	-1327.98	-69567.1	-15440.8	0.130254	1	0.135104	14.8034	2.73981	0.0338227	18.7613	0.429962	5056	99	591	-39425.3	16.9616f	86.4474	4	1	1	0.0594059	0.178218	0.0990099	9.90099e-09	0	0	0	0	0.8	0.964567	0.246032	0.563636	0.881423	9.90099e-09	0.108911	9.90099e-09	1	0.12253	0.174281	1.5	0.666667	0.666667	1	1	37876.8	1e+20	1.07338e+13	63.5652	68.2941	7.66764	96.8116	16.9616	86.4474	
166000	-116816	-1327.98	-69947.8	-15557.1	0.13064	1	0.13644	14.6585	2.77509	0.027857	18.7613	0.420341	5113	99	576	-39425.3	17.1019f	79.2317	4	1	1	0.0594059	0.168317	0.0990099	9.90099e-09	0	0	0	0	0.836364	0.942913	0.189453	0.454545	0.873294	9.90099e-09	0.108911	9.90099e-09	1	0.11306	0.170608	1.5	0.666667	0.666667	1	1	37876.8	1e+20	1.07338e+13	96.8273	66.3715	7.66764	96.8116	17.1019	79.2317	
167000	-117193	-1327.98	-70325.4	-15626.3	0.130309	1	0.141248	14.1595	2.86561	0.0236272	18.7613	0.393206	5147	99	578	-39425.3	28.7575f	83.4665	4	1	1	0.0594059	0.168317	0.0990099	9.90099e-09	0	0	0	0	0.781818	0.945631	0.231214	0.571429	0.840777	9.90099e-09	0.108911	9.90099e-09	1	0.116635	0.186851	1.5	0.666667	0.666667	1	1	37876.8	1e+20	1.07338e+13	85.2685	69.1726	7.66764	96.8116	28.7575	83.4665	
168000	-117679	-1327.98	-70810.9	-15766.9	0.130309	1	0.122225	16.3632	2.47967	0.0315093	18.7613	0.525127	5216	99	548	-39425.3	22.7709f	88.4709	4	1	1	0.0594059	0.168317	0.0990099	9.90099e-09	0	0	0	0	0.8	0.957692	0.245247	0.508929	0.887619	9.90099e-09	0.108911	9.90099e-09	1	0.116858	0.146429	1.5	0.666667	0.666667	1	1	37876.8	1e+20	1.07338e+13	85.2685	69.1726	7.66764	96.8116	22.7709	88.4709	
169000	-117266	-1327.98	-70397.5	-15644.6	0.130309	1	0.12006	16.6583	2.43574	0.0419908	18.7613	0.54424	5156	99	567	-39425.3	19.5316f	96.3017	4	1	1	0.0594059	0.168317	0.0990099	9.90099e-09	0	0	0	0	0.836364	0.963107	0.241176	0.375	0.889328	9.90099e-09	0.108911	9.90099e-09	1	0.141473	0.181004	1.5	0.666667	0.666667	1	1	37876.8	1e+20	1.07338e+13	85.2685	69.1726	7.66764	96.8116	19.5316	96.3017	
170000	-117902	-1327.98	-71033.7	-15723.8	0.131065	1	0.139084	14.3798	2.97291	0.0140938	18.9802	0.384913	5195	99	589	-39425.3	23.0597f	58.3755	4	1	1	0.0594059	0.168317	0.0990099	9.90099e-09	0	0	0	0	0.781818	0.957364	0.226923	0.560976	0.883721	9.90099e-09	0.108911	9.90099e-09	1	0.101923	0.144737	1.5	0.666667	0.666667	1	1	37876.8	1e+20	1.07338e+13	85.2685	69.1726	7.66764	96.8116	23.0597	58.3755	
171000	-118670	-1327.98	-71801.8	-15790.9	0.131065	1	0.139963	14.2895	3.03037	0.027302	19.0413	0.375242	5228	99	627	-39425.3	21.3071f	82.5773	4	1	1	0.0594059	0.168317	0.029703	9.90099e-09	0	0	0	0	0.745455	0.958254	0.225379	0.565891	0.857414	9.90099e-09	0.108911	9.90099e-09	1	0.123106	0.186916	1.5	0.666667	0.666667	1	1	37876.8	1e+20	1.07338e+13	85.2685	69.1726	7.66764	96.8116	21.3071	82.5773	
172000	-117696	-1327.98	-70827.7	-15612.1	0.131065	1	0.135833	14.724	3.0633	0.013352	19.2363	0.382495	5140	99	623	-39425.3	37.4176f	73.5956	4	1	1	0.0594059	0.168317	0.029703	9.90099e-09	0	0	0	0	0.845455	0.957198	0.237354	0.574803	0.837891	9.90099e-09	0.108911	9.90099e-09	1	0.175097	0.185185	1.5	0.666667	0.666667	1	1	37876.8	1e+20	1.07338e+13	85.2685	69.1726	35.6536	60.9157	37.4176	73.5956	
173000	-118272	-1327.98	-71404.5	-15849.8	0.131065	1	0.131477	15.2118	2.96505	0.0101594	19.2363	0.408262	5257	99	556	-39425.3	52.7563f	31.7579	4	1	1	0.0594059	0.227723	0.029703	9.90099e-09	0	0	0	0	0.872727	0.956357	0.234848	0.565574	0.860113	9.90099e-09	0.108911	9.90099e-09	1	0.131179	0.179856	1.5	0.666667	0.666667	1	1	37876.8	1e+20	1.07338e+13	85.2685	69.1726	35.6536	60.9157	52.7563	31.7579	
174000	-119420	-1327.98	-72551.7	-15906.8	0.131012	1	0.130979	15.2697	2.95262	0.0247149	19.2363	0.41154	5285	99	624	-39425.3	85.8787f	39.8453	4	1	1	0.009901	0.227723	0.029703	9.90099e-09	0	0	0	0	0.818182	0.963947	0.246183	0.603306	0.855787	9.90099e-09	0.049505	9.90099e-09	1	0.154286	0.189103	1.5	0.666667	0.666667	1	1	37876.8	1e+20	1.07338e+13	63.2394	91.374	35.6536	60.9157	85.8787	39.8453	
175000	-118740	-1327.98	-71872	-15801.1	0.131012	1	0.130211	15.3597	2.93532	0.0110028	19.2363	0.416405	5233	99	623	-39425.3	31.2503f	38.2219	4	1	1	0.009901	0.227723	0.029703	9.90099e-09	0	0	0	0	0.854545	0.961977	0.23384	0.52381	0.854685	9.90099e-09	0.049505	9.90099e-09	1	0.153992	0.172524	1.5	0.666667	0.666667	1	1	37876.8	1e+20	1.07338e+13	64.105	77.1082	70.4316	45.1902	31.2503	38.2219	
176000	-120983	-1327.98	-74115.3	-16121.6	0.132802	1	0.148025	13.5112	3.26833	0.0105921	19.0719	0.328972	5392	99	663	-39425.3	54.6194f	70.3129	4	1	1	0.009901	0.227723	0.029703	9.90099e-09	0	0	0	0	0.8	0.962963	0.22037	0.492537	0.874074	9.90099e-09	0.049505	9.90099e-09	1	0.168519	0.202112	1.5	0.666667	0.666667	1	1	37876.8	1e+20	1.07338e+13	64.105	77.1082	70.4316	45.1902	54.6194	70.3129	
177000	-117365	-1327.98	-70497.1	-15626.3	0.130656	1	0.130081	15.3751	2.56275	0.00695632	18.6118	0.477421	5147	99	589	-39425.3	40.2016f	42.7357	4	1	1	0.009901	0.227723	0.049505	9.90099e-09	0	0	0	0	0.890909	0.955253	0.224806	0.483051	0.846899	9.90099e-09	0.049505	9.90099e-09	1	0.124272	0.181818	1.5	0.666667	0.666667	1	1	37876.8	1e+20	1.07338e+13	88.9645	36.25	70.4316	45.1902	40.2016	42.7357	
178000	-117334	-1327.98	-70465.6	-15636.4	0.130656	1	0.1286	15.5521	2.64381	0.0186484	18.811	0.468111	5152	99	576	-39425.3	80.3712f	55.9728	4	1	1	0.009901	0.227723	0.049505	9.90099e-09	0	0	0	0	0.9	0.962891	0.22807	0.512397	0.8591	9.90099e-09	0.049505	9.90099e-09	1	0.112403	0.163265	1.5	0.666667	0.666667	1	1	37876.8	1e+20	1.07338e+13	88.9645	36.25	54.5718	49.5666	80.3712	55.9728	
179000	-116332	-1327.98	-69464.3	-15448.5	0.129076	1	0.119466	16.7412	2.68706	0.0100641	19.2972	0.495791	5060	99	580	-39425.3	57.6348f	33.8239	4	1	1	0.009901	0.247525	0.049505	9.90099e-09	0	0	0	0	0.8	0.95069	0.21627	0.581197	0.863095	9.90099e-09	0.049505	9.90099e-09	1	0.16568	0.186833	1.5	0.666667	0.666667	1	1	37876.8	1e+20	1.07338e+13	88.9645	36.25	54.5718	49.5666	57.6348	33.8239	
180000	-115667	-1327.98	-68799	-15280.6	0.129076	1	0.140313	14.2539	3.24236	0.0106038	19.4279	0.349834	4978	99	604	-39425.3	68.7634f	51.9966	4	1	1	0.049505	0.247525	0.049505	9.90099e-09	0	0	0	0	0.818182	0.945892	0.246493	0.569106	0.900794	9.90099e-09	0.0891089	9.90099e-09	1	0.160321	0.192053	1.5	0.666667	0.666667	1	1	37876.8	1e+20	1.07338e+13	88.9645	36.25	70.7216	23.2682	68.7634	51.9966	
181000	-113795	-1327.98	-66926.9	-15019.2	0.123906	1	0.128671	15.5435	2.63146	0.0175057	19.0372	0.470048	4853	99	566	-39425.3	77.4762f	40.2069	4	1	1	0.049505	0.247525	0.049505	9.90099e-09	0	0	0	0	0.854545	0.957055	0.240741	0.576577	0.874227	9.90099e-09	0.0891089	9.90099e-09	1	0.119342	0.204626	1.5	0.666667	0.666667	1	1	37876.8	1e+20	1.07338e+13	80.9367	34.2801	70.7216	23.2682	77.4762	40.2069	
182000	-115918	-1327.98	-69050.3	-15438.7	0.12627	1	0.114096	17.5291	2.3779	0.0284498	19.0372	0.586618	5055	99	547	-39425.3	37.9617f	9.38833	4	1	1	0.049505	0.247525	0.049505	9.90099e-09	0	0	0	0	0.836364	0.962151	0.258383	0.431193	0.893281	9.90099e-09	0.0891089	9.90099e-09	1	0.110672	0.200371	1.5	0.666667	0.666667	1	1	37876.8	1e+20	1.07338e+13	96.9433	56.9697	26.6297	11.807	37.9617	9.38833	
183000	-115988	-1327.98	-69119.6	-15260.7	0.12627	1	0.139102	14.3779	2.9846	0.0274943	19.1761	0.383354	4969	99	646	-39425.3	35.7277f	10.9441	4	1	1	0.049505	0.247525	0.049505	9.90099e-09	0	0	0	0	0.818182	0.953629	0.279352	0.53125	0.851107	9.90099e-09	0.0891089	9.90099e-09	1	0.17004	0.178295	1.5	0.666667	0.666667	1	1	37876.8	1e+20	1.07338e+13	16.1748	7.66749	26.6297	11.807	35.7277	10.9441	
184000	-115526	-1327.98	-68657.7	-15273.2	0.12627	1	0.140332	14.2519	3.0165	0.0438511	19.1849	0.375976	4975	99	595	-39425.3	11.2056f	10.0647	4	1	1	0.049505	0.247525	0.049505	9.90099e-09	0	0	0	0	0.790909	0.957831	0.253521	0.458333	0.855691	9.90099e-09	0.0891089	9.90099e-09	1	0.11245	0.212224	1.5	0.666667	0.666667	1	1	37876.8	1e+20	1.07338e+13	96.9433	56.9697	26.6297	11.807	11.2056	10.0647	
185000	-115901	-1327.98	-69033.3	-15453.7	0.131204	1	0.127701	15.6616	2.51255	0.0269208	18.5862	0.496034	5062	99	541	-39425.3	26.9349f	15.5147	4	1	1	0.049505	0.247525	0.049505	9.90099e-09	0	0	0	0	0.772727	0.952381	0.216535	0.535088	0.864271	9.90099e-09	0.0891089	9.90099e-09	1	0.120079	0.19963	1.5	0.666667	0.666667	1	1	37876.8	1e+20	1.07338e+13	96.9433	56.9697	26.6297	11.807	26.9349	15.5147	
186000	-119998	-1327.98	-73129.6	-16057.8	0.134664	1	0.141911	14.0933	2.76838	0.0289014	18.4263	0.405114	5361	99	605	-39425.3	43.67f	7.95114	4	1	1	0.049505	0.188119	0.049505	9.90099e-09	0	0	0	0	0.754545	0.961111	0.247212	0.375	0.851024	9.90099e-09	0.0891089	9.90099e-09	1	0.13594	0.178819	1.5	0.666667	0.666667	1	1	37876.8	1e+20	1.07338e+13	96.9433	56.9697	26.6297	11.807	43.67	7.95114	
187000	-121565	-1327.98	-74697.1	-16296.1	0.137356	1	0.150834	13.2596	3.19984	0.0367991	18.7238	0.329756	5481	99	631	-39425.3	40.5994f	1.60517	4	1	1	0.049505	0.188119	0.049505	9.90099e-09	0	0	0	0	0.781818	0.967273	0.234973	0.5	0.840951	0.009901	0.0891089	9.90099e-09	1	0.129326	0.177885	1.5	0.666667	0.666667	1	1	37876.8	1e+20	1.07338e+13	96.9433	56.9697	26.6297	11.807	40.5994	1.60517	
188000	-120729	-1327.98	-73860.7	-16125.3	0.137356	1	0.14001	14.2847	2.87102	0.0126286	18.5654	0.395935	5395	99	646	-39425.3	26.7387f	40.2047	4	1	1	0.049505	0.188119	0.049505	9.90099e-09	0	0	0	0	0.763636	0.955556	0.257407	0.496	0.866667	0.009901	0.0792079	9.90099e-09	1	0.12037	0.180404	1.5	0.666667	0.666667	1	1	37876.8	1e+20	1.07338e+13	96.9433	56.9697	26.6297	11.807	26.7387	40.2047	
189000	-121881	-1327.98	-75013	-16335.8	0.137356	1	0.13276	15.0648	2.75768	0.0280566	18.6254	0.434722	5501	99	634	-39425.3	74.4543f	17.5003	4	1	1	0.049505	0.188119	0.0792079	9.90099e-09	0	0	0	0	0.790909	0.959633	0.228102	0.56	0.890511	0.009901	0.0792079	9.90099e-09	1	0.138686	0.186161	1.5	0.666667	0.666667	1	1	37876.8	1e+20	1.07338e+13	96.9433	56.9697	62.7975	41.1471	74.4543	17.5003	
190000	-123236	-1327.98	-76368.4	-16615.3	0.147344	1	0.131121	15.2531	2.92169	0.0123739	18.6254	0.415447	5643	99	612	-39425.3	70.0342f	60.1958	4	1	1	0.049505	0.188119	0.0792079	9.90099e-09	0	0	0	0	0.845455	0.941696	0.24735	0.467742	0.882042	0.009901	0.0792079	9.90099e-09	1	0.102655	0.193443	1.5	0.666667	0.666667	1	1	37876.8	1e+20	1.07338e+13	96.9433	56.9697	61.1508	64.7696	70.0342	60.1958	
191000	-123436	-1327.98	-76567.6	-16600.4	0.14576	1	0.131599	15.1977	2.90084	0.0130702	18.6254	0.416911	5636	99	635	-39425.3	36.3628f	29.1519	4	1	1	0.049505	0.188119	0.0792079	9.90099e-09	0	0	0	0	0.809091	0.948122	0.259325	0.507692	0.850799	0.009901	0.0792079	9.90099e-09	1	0.0992908	0.155521	1.5	0.666667	0.666667	1	1	37876.8	1e+20	1.07338e+13	96.9433	56.9697	61.1508	64.7696	36.3628	29.1519	
192000	-125457	-1327.98	-78588.8	-16852.7	0.14576	1	0.149283	13.3974	3.06469	0.00783905	18.2971	0.347876	5767	99	699	-39425.3	36.5702f	58.8121	4	1	1	0.049505	0.19802	0.0792079	9.90099e-09	0	0	0	0	0.772727	0.956597	0.217014	0.547445	0.829861	0.009901	0.0792079	9.90099e-09	1	0.126736	0.165457	1.5	0.666667	0.666667	1	1	37876.8	1e+20	1.07338e+13	77.4818	70.4679	61.1508	64.7696	36.5702	58.8121	
193000	-125853	-1327.98	-78984.8	-16954.6	0.146091	1	0.140266	14.2586	2.88612	0.0210597	18.2971	0.393145	5820	99	680	-39425.3	78.5229f	32.6475	4	1	1	0.039604	0.19802	0.0792079	9.90099e-09	0	0	0	0	0.736364	0.965753	0.219554	0.525547	0.873288	0.009901	0.0792079	9.90099e-09	1	0.123288	0.162162	1.5	0.666667	0.666667	1	1	37876.8	1e+20	1.07338e+13	77.4818	70.4679	61.1508	64.7696	78.5229	32.6475	
194000	-126102	-1327.98	-79234.3	-17073.9	0.146091	1	0.146567	13.6457	2.76416	0.0265458	17.9029	0.392846	5882	99	639	-39425.3	72.0221f	84.2362	4	1	1	0.039604	0.19802	0.0792079	9.90099e-09	0	0	0	0	0.836364	0.97099	0.231164	0.527132	0.868151	0.009901	0.118812	9.90099e-09	1	0.12628	0.173709	1.5	0.666667	0.666667	1	1	37876.8	1e+20	1.07338e+13	77.4818	70.4679	61.1508	64.7696	72.0221	84.2362	
195000	-126045	-1327.98	-79177.2	-17018.1	0.146091	1	0.135176	14.7955	2.54935	0.00862957	17.9029	0.461839	5853	99	664	-39425.3	62.7077f	58.3755	4	1	1	0.039604	0.19802	0.0792079	9.90099e-09	0	0	0	0	0.772727	0.955556	0.223549	0.555556	0.871355	0.009901	0.118812	9.90099e-09	1	0.12628	0.151286	1.5	0.666667	0.666667	1	1	37876.8	1e+20	1.07338e+13	77.4818	70.4679	62.3129	46.0328	62.7077	58.3755	
196000	-123639	-1327.98	-76771.3	-16673.6	0.14587	1	0.149786	13.3523	2.76148	0.0114025	17.8083	0.384774	5674	99	626	-39425.3	43.5864f	29.4061	4	1	1	0.039604	0.19802	0.029703	9.90099e-09	0	0	0	0	0.727273	0.951134	0.203509	0.454545	0.838879	0.009901	0.118812	9.90099e-09	1	0.130282	0.145963	1.5	0.666667	0.666667	1	1	37876.8	1e+20	1.07338e+13	77.4818	70.4679	62.4258	50.4919	43.5864	29.4061	
197000	-123310	-1327.98	-76442.1	-16661.8	0.142265	1	0.142834	14.0023	2.27749	0.0132592	17.2814	0.48925	5668	99	609	-39425.3	72.5888f	44.5579	4	1	1	0.039604	0.19802	0.029703	9.90099e-09	0	0	0	0	0.790909	0.957895	0.215412	0.544715	0.873905	0.009901	0.118812	9.90099e-09	1	0.0980736	0.131363	1.5	0.666667	0.666667	1	1	37876.8	1e+20	1.07338e+13	77.4818	70.4679	62.4258	50.4919	72.5888	44.5579	
198000	-125149	-1327.98	-78281.2	-16826.3	0.143876	1	0.1488	13.4409	2.47007	0.0146501	17.4071	0.43302	5753	99	684	-39425.3	65.7384f	29.998	4	1	1	0.049505	0.207921	0.029703	9.90099e-09	0	0	0	0	0.754545	0.942609	0.232925	0.5	0.861456	0.009901	0.118812	9.90099e-09	1	0.142857	0.166667	1.5	0.666667	0.666667	1	1	37876.8	1e+20	1.07338e+13	70.279	57.1939	62.4258	50.4919	65.7384	29.998	
199000	-123735	-1327.98	-76866.7	-16651.8	0.143876	1	0.147218	13.5853	2.43677	0.0126422	17.3946	0.443654	5663	99	644	-39425.3	70.0545f	61.2242	4	1	1	0.049505	0.207921	0.029703	9.90099e-09	0	0	0	0	0.727273	0.940141	0.243386	0.528986	0.836268	0.009901	0.118812	9.90099e-09	1	0.130511	0.157321	1.5	0.666667	0.666667	1	1	37876.8	1e+20	1.07338e+13	70.279	57.1939	82.5894	63.3597	70.0545	61.2242	
200000	-125217	-1327.98	-78349.2	-16884.5	0.143876	1	0.148242	13.4915	2.74683	0.0179969	17.8923	0.390856	5783	99	664	-39425.3	79.9141f	52.8375	4	1	1	0.049505	0.207921	0.0594059	9.90099e-09	0	0	0	0	0.727273	0.963731	0.217617	0.515385	0.841105	9.90099e-09	0.118812	9.90099e-09	1	0.157168	0.168239	1.5	0.666667	0.666667	1	1	37876.8	1e+20	1.07338e+13	32.1731	32.3409	82.5894	63.3597	79.9141	52.8375	
201000	-125218	-1327.98	-78350.3	-16925.2	0.143876	1	0.144598	13.8315	2.67931	0.0375062	17.8923	0.410805	5804	99	639	-39425.3	94.6418f	70.7186	4	1	1	0.049505	0.207921	0.0594059	9.90099e-09	0	0	0	0	0.754545	0.948276	0.252577	0.51938	0.877797	9.90099e-09	0.118812	9.90099e-09	1	0.120482	0.139021	1.5	0.666667	0.666667	1	1	37876.8	1e+20	1.07338e+13	32.1731	32.3409	82.5894	63.3597	94.6418	70.7186	
202000	-124416	-1327.98	-77548	-16801.1	0.143876	1	0.149936	13.339	2.98221	0.0241005	18.212	0.35594	5740	99	629	-39425.3	85.4862f	60.9544	4	1	1	0.049505	0.207921	0.0594059	9.90099e-09	0	0	0	0	0.863636	0.964974	0.222997	0.480315	0.877375	9.90099e-09	0.118812	9.90099e-09	1	0.153043	0.1808	1.5	0.666667	0.666667	1	1	37876.8	1e+20	1.07338e+13	32.1731	32.3409	77.0818	57.1965	85.4862	60.9544	
203000	-122625	-1327.98	-75757.1	-16444.2	0.136319	1	0.158721	12.6007	2.94234	0.0131368	18.1373	0.340795	5555	99	653	-39425.3	70.5928f	61.9377	4	1	1	0.049505	0.207921	0.0594059	9.90099e-09	0	0	0	0	0.836364	0.953405	0.223022	0.573643	0.863799	9.90099e-09	0.118812	9.90099e-09	1	0.136691	0.15625	1.5	0.666667	0.666667	1	1	37876.8	1e+20	1.07338e+13	62.9139	60.7256	77.0818	57.1965	70.5928	61.9377	
204000	-120290	-1327.98	-73421.7	-16125.3	0.136319	1	0.151128	13.2338	2.80159	0.0113621	18.1373	0.375898	5395	99	611	-39425.3	68.9755f	43.6149	4	1	1	0.049505	0.207921	0.0594059	9.90099e-09	0	0	0	0	0.8	0.95572	0.203327	0.532258	0.885185	9.90099e-09	0.118812	9.90099e-09	1	0.1	0.169355	1.5	0.666667	0.666667	1	1	37876.8	1e+20	1.07338e+13	5.87045	83.0809	77.0818	57.1965	68.9755	43.6149	
205000	-120600	-1327.98	-73731.8	-16170.9	0.133813	1	0.157802	12.6741	2.87152	0.0298097	18.1373	0.351233	5417	99	613	-39425.3	86.1024f	28.3575	4	1	1	0.009901	0.207921	0.0594059	9.90099e-09	0	0	0	0	0.809091	0.959633	0.266055	0.552	0.854281	9.90099e-09	0.118812	9.90099e-09	1	0.121771	0.171244	1.5	0.666667	0.666667	1	1	37876.8	1e+20	1.07338e+13	69.4281	91.3037	77.0818	57.1965	86.1024	28.3575	
206000	-124017	-1327.98	-77149.4	-16605.2	0.143057	1	0.154794	12.9204	3.08531	0.03303	18.2476	0.333247	5639	99	697	-39425.3	44.6894f	97.4841	4	1	1	0.009901	0.207921	0.0594059	9.90099e-09	0	0	0	0	0.809091	0.960854	0.207447	0.518248	0.868794	9.90099e-09	0.118812	9.90099e-09	1	0.136525	0.160689	1.5	0.666667	0.666667	1	1	37876.8	1e+20	1.07338e+13	69.4281	91.3037	55.3161	74.804	44.6894	97.4841	
207000	-124537	-1327.98	-77668.8	-16781.4	0.141537	1	0.145576	13.7385	2.87075	0.0223379	18.2476	0.380833	5729	99	649	-39425.3	63.4483f	84.2537	4	1	1	0.009901	0.207921	0.039604	9.90099e-09	0	0	0	0	0.809091	0.958115	0.197898	0.5	0.859375	9.90099e-09	0.039604	9.90099e-09	1	0.141361	0.166154	1.5	0.666667	0.666667	1	1	37876.8	1e+20	1.07338e+13	50.4423	22.1497	55.3161	74.804	63.4483	84.2537	
208000	-125841	-1327.98	-78973.1	-17016.3	0.145858	1	0.140884	14.196	3.07057	0.00980499	18.5697	0.367907	5852	99	633	-39425.3	29.6273f	53.5076	4	1	1	0.009901	0.207921	0.039604	9.90099e-09	0	0	0	0	0.827273	0.942078	0.243612	0.574627	0.863714	9.90099e-09	0.039604	9.90099e-09	1	0.13799	0.159463	1.5	0.666667	0.666667	1	1	37876.8	1e+20	1.07338e+13	50.4423	22.1497	55.3161	74.804	29.6273	53.5076	
209000	-123450	-1327.98	-76582.3	-16627.4	0.145858	1	0.131533	15.2053	2.86676	0.011532	18.5697	0.422077	5650	99	629	-39425.3	58.7743f	70.4277	4	1	1	0.009901	0.207921	0.039604	9.90099e-09	0	0	0	0	0.763636	0.963093	0.201413	0.492188	0.869258	9.90099e-09	0.039604	9.90099e-09	1	0.137809	0.206677	1.5	0.666667	0.666667	1	1	37876.8	1e+20	1.07338e+13	50.4423	22.1497	55.3161	74.804	58.7743	70.4277	
210000	-123394	-1327.98	-76525.6	-16766	0.145858	1	0.106017	18.8649	2.31064	0.0428351	18.5697	0.6497	5722	99	549	-39425.3	74.5205f	98.541	4	1	1	0.009901	0.207921	0.039604	9.90099e-09	0	0	0	0	0.754545	0.968586	0.204188	0.575472	0.886562	9.90099e-09	0.039604	9.90099e-09	1	0.108202	0.149281	1.5	0.666667	0.666667	1	1	37876.8	1e+20	1.07338e+13	50.4423	22.1497	55.3161	74.804	74.5205	98.541	
211000	-123822	-1327.98	-76954.1	-16848.2	0.149386	1	0.116186	17.2137	2.59353	0.013999	18.5697	0.528171	5764	99	544	-39425.3	34.6189f	73.2002	4	1	1	0.0693069	0.207921	0.039604	9.90099e-09	0	0	0	0	0.790909	0.958333	0.204506	0.550459	0.881739	9.90099e-09	0.039604	9.90099e-09	1	0.121317	0.194981	1.5	0.666667	0.666667	1	1	37876.8	1e+20	1.07338e+13	50.4423	22.1497	55.3161	74.804	34.6189	73.2002	
212000	-127139	-1327.98	-80271.5	-17337.5	0.151554	1	0.118788	16.8367	2.69008	0.00724108	18.5697	0.49806	6022	99	582	-39425.3	60.3869f	53.7717	4	1	1	0.0693069	0.207921	0.039604	9.90099e-09	0	0	0	0	0.763636	0.976667	0.248333	0.471545	0.890547	9.90099e-09	0.039604	9.90099e-09	1	0.137645	0.173989	1.5	0.666667	0.666667	1	1	37876.8	1e+20	1.07338e+13	50.4423	22.1497	55.3161	74.804	60.3869	53.7717	