
# before rand glnL: -33210.958534 alnL: -1321.861954
# ninter: 99
# ncoal: 99
# nhits: 99
# true lbda: 0.003642
# true mu: 0.028577
# true rad: 42.821313
# true sigsq: 0.439785
# true neigh. size: 69.986503
# fst-based estimate of neighborhood size: -nan
# nucleotide diversity: 0.000000
# length of a generation: 229698 time units
# clock rate: 1 subst. per time unit
# after rand glnL: -33210.958534 alnL: -1321.861954
# ninter: 99
# ncoal: 99
# nhits: 99
# start lbda: 0.003642
# start mu: 0.028577
# start rad: 8.158987
sample	lnP	alnL	glnL	tlnL	lbda	clock	mu	neigh	sigsq	sigsqobs	rad	rhoe	nInt	nCoal	nHit	rootTime	rootLon	rootLat	tstv	alpha	MeanBr	accLbda	accMu	accRad	accInDelDisk	accInDelHit	accScaleTime	accSPR	accSPRlocal	accPath	accIndelDiskSerial	accIndelHitSerial	accLdskGivenDisk	accDiskGivenLdsk	accDiskAndLdsk	accLdskMulti	accDiskMulti	accMoveDiskUD	accAddRemoveJump	accLdskTipToRoot	tuneLbda	tuneRad	tuneMu	tuneIndelDisk	tuneIndelHit	tuneLdskGivenDisk	tuneIndelDiskSerial	tuneIndelHitSerial	c0	c1	rootc0	rootc1	rootldsk0	rootldsk1	
  1000	-52558.5	-1321.86	-5696.66	-1401.19	0.00880164	1	0.138958	14.3928	0.243237	0.0168727	19.9454	4.70875	245	99	125	-27455.2	67.3163f	60.4379	4	1	1	0	0	0	0	0	0	0	0	0.981818	0.796296	0.262295	0.524272	0.666667	0	0	0	1	0.153226	0.279661	1	1	1	1	1	1.5	5.0625	5.0625	52.7149	56.0841	65.0617	76.8776	67.3163	60.4379	
  2000	-54720.3	-1321.86	-7858.41	-2095.34	0.0126515	1	0.136632	14.6379	0.343775	0.0408485	19.9454	3.3884	400	99	132	-27455.2	89.952f	53.9901	4	1	1	0	0	0	0	0	0	0	0	0.909091	0.892562	0.268293	0.495413	0.707317	0	0	0	1	0.130081	0.295455	1	1	1	1	1	3.375	437.894	25.6289	2.21001	52.082	65.0617	76.8776	89.952	53.9901	
  3000	-55497.7	-1321.86	-8635.84	-2313	0.0155991	1	0.14673	13.6305	0.455196	0.0185506	19.9454	2.38288	453	99	141	-27455.2	70.4882f	39.9851	4	1	1	0	0	0	0	0	0	0	0	0.954545	0.854015	0.231884	0.456311	0.686131	0	0	0	1	0.182482	0.149254	1	1	1	1	1	7.59375	25251.2	17.0859	2.21001	52.082	67.88	65.0171	70.4882	39.9851	
  4000	-57518.7	-1321.86	-10656.8	-2845.68	0.0229413	1	0.154594	12.9371	0.705329	0.0139789	19.9454	1.4596	587	99	164	-27455.2	52.5416f	67.6625	4	1	1	0	0	0	0	0	0	0	0	0.954545	0.864407	0.324786	0.546296	0.752137	0	0	0	1	0.144068	0.153846	1	1	1	1	1	17.0859	1.6586e+07	3325.26	2.21001	52.082	67.88	65.0171	52.5416	67.6625	
  5000	-59138.7	-1321.86	-12276.9	-3246.69	0.0245839	1	0.154594	12.9371	0.75583	0.0100814	19.9454	1.36208	694	99	186	-27455.2	59.7425f	50.5933	4	1	1	0	0	0	0	0	0	0	0	0.918182	0.906475	0.261194	0.552381	0.742857	0	0	0	1	0.15942	0.140449	1	1	1	1	1	57.665	3.67685e+10	431440	2.21001	52.082	67.88	65.0171	59.7425	50.5933	
  6000	-59529.4	-1321.86	-12667.6	-3396.15	0.0262771	1	0.14195	14.0895	0.74181	0.0448307	19.9454	1.51144	735	99	173	-27455.2	66.3093f	90.3728	4	1	1	0.19802	0	0.019802	0	0	0	0	0	0.890909	0.882759	0.256944	0.528846	0.805556	0	0.108911	0	1	0.0743243	0.364706	0.666667	0.666667	1	1	1	129.746	1.61007e+13	127834	2.21001	52.082	68.4049	99.1811	66.3093	90.3728	
  7000	-61460.9	-1321.86	-14599.1	-3834.23	0.0276317	1	0.150211	13.3146	0.82545	0.0421163	19.9454	1.28359	857	99	205	-27455.2	43.5614f	92.739	4	1	1	0.19802	0.178218	0.019802	0	0	0	0	0	0.863636	0.924419	0.195402	0.568627	0.724138	0	0.108911	0.049505	1	0.155172	0.257143	0.666667	0.666667	0.666667	1	1	437.894	7.05039e+15	3.27625e+06	2.21001	52.082	68.4049	99.1811	43.5614	92.739	
  8000	-61113.5	-1321.86	-14251.6	-3777.1	0.0275341	1	0.14361	13.9266	0.786389	0.0330735	19.9454	1.40928	841	99	194	-27455.2	60.1612f	84.5179	4	1	1	0.19802	0.178218	0.019802	0	0	0	0	0	0.936364	0.929412	0.285714	0.586538	0.813953	0	0.108911	0.049505	1	0.158824	0.168367	0.666667	0.666667	0.666667	1	1	985.261	3.08732e+18	6.37622e+08	2.21001	52.082	68.4049	99.1811	60.1612	84.5179	
  9000	-61161.7	-1321.86	-14299.8	-3855.98	0.030885	1	0.141083	14.176	0.866569	0.0507952	19.9454	1.30179	865	99	172	-27455.2	82.6753f	82.8487	4	1	1	0.19802	0.178218	0.019802	0	0	0	0	0	0.9	0.919075	0.208092	0.508621	0.820809	0	0.108911	0.049505	1	0.0924856	0.290698	0.666667	0.666667	0.666667	1	1	3325.26	1e+20	6.37622e+08	2.21001	52.082	68.4049	99.1811	82.6753	82.8487	
 10000	-62262	-1321.86	-15400.2	-4071.7	0.0329467	1	0.140832	14.2013	0.922768	0.0366571	19.9454	1.22469	928	99	198	-27455.2	41.3238f	88.8878	4	1	1	0.19802	0.178218	0.019802	0	0	0	0	0	0.845455	0.919355	0.221622	0.457627	0.794595	0	0.108911	0.049505	1	0.119565	0.150259	0.666667	0.666667	0.666667	1	1	11222.7	1e+20	5.51527e+10	2.21001	52.082	68.4049	99.1811	41.3238	88.8878	
 11000	-63707.1	-1321.86	-16845.2	-4408.8	0.036222	1	0.152336	13.1289	1.02923	0.0534476	19.6283	1.01509	1029	99	213	-27455.2	86.1222f	81.1696	4	1	1	0.19802	0.178218	0.019802	0	0	0	0	0	0.890909	0.941748	0.326923	0.469027	0.865385	0	0.108911	0.049505	1	0.184466	0.304762	0.666667	0.666667	0.666667	1	1	11222.7	1e+20	5.51527e+10	2.21001	52.082	56.9999	97.4613	86.1222	81.1696	
 12000	-64653.3	-1321.86	-17791.5	-4667.99	0.03985	1	0.132822	15.0577	1.02153	0.0557651	19.7963	1.173	1109	99	207	-27455.2	76.6189f	91.5789	4	1	1	0.188119	0.178218	0.019802	0.009901	0	0	0	0	0.872727	0.909091	0.321429	0.514563	0.818182	0	0.158416	0.049505	1	0.109091	0.228856	0.666667	0.666667	0.666667	1	1	11222.7	1e+20	5.51527e+10	2.21001	52.082	76.4268	82.4125	76.6189	91.5789	
 13000	-65062.8	-1321.86	-18200.9	-4754.44	0.0422083	1	0.138955	14.3931	1.13194	0.0329393	19.7963	1.01186	1136	99	216	-27455.2	84.2945f	42.717	4	1	1	0.188119	0.247525	0.019802	0.009901	0	0	0	0	0.9	0.886957	0.309735	0.433962	0.769912	0.029703	0.158416	0.049505	1	0.132743	0.351852	0.666667	0.666667	0.666667	1	1	11222.7	1e+20	5.51527e+10	2.21001	52.082	76.4268	82.4125	84.2945	42.717	
 14000	-65947.4	-1321.86	-19085.5	-4900.03	0.0422083	1	0.137043	14.5939	1.11637	0.0329393	19.7963	1.04029	1182	99	242	-27455.2	84.2945f	42.717	4	1	1	0.188119	0.247525	0.019802	0.009901	0	0	0	0	0.9	0.966667	0.243697	0.418803	0.783333	0.029703	0.158416	0.009901	1	0.109244	0.299578	0.666667	0.666667	0.666667	1	1	11222.7	1e+20	5.51527e+10	2.21001	52.082	76.4268	82.4125	84.2945	42.717	
 15000	-68018.5	-1321.86	-21156.6	-5380.65	0.0483624	1	0.131827	15.1714	1.23045	0.0289097	19.7963	0.981187	1338	99	252	-27455.2	80.7516f	57.4424	4	1	1	0.188119	0.247525	0.019802	0.009901	0	0	0	0	0.8	0.970149	0.244444	0.533333	0.783582	0.029703	0.158416	0.009901	1	0.171642	0.267176	0.666667	0.666667	0.666667	1	1	11222.7	1e+20	5.51527e+10	21.1864	78.3958	85.4134	44.6385	80.7516	57.4424	
 16000	-70041.9	-1321.86	-23180	-5831.79	0.0532698	1	0.149897	13.3425	1.50545	0.0619499	19.681	0.705279	1490	99	268	-27455.2	96.8272f	25.6951	4	1	1	0.188119	0.247525	0.019802	0.009901	0	0	0	0	0.845455	0.95302	0.213333	0.613861	0.818792	0.029703	0.158416	0.009901	1	0.120805	0.289474	0.666667	0.666667	0.666667	1	1	11222.7	1e+20	5.51527e+10	23.8857	74.0806	85.4134	44.6385	96.8272	25.6951	
 17000	-70150.4	-1321.86	-23288.5	-5880.97	0.0549897	1	0.125126	15.9839	1.29724	0.0218905	19.681	0.98051	1507	99	259	-27455.2	75.6425f	49.7217	4	1	1	0.188119	0.247525	0.019802	0.009901	0	0	0	0	0.827273	0.919463	0.284768	0.584906	0.81457	0.029703	0.158416	0.009901	1	0.139073	0.332103	0.666667	0.666667	0.666667	1	1	11222.7	1e+20	5.51527e+10	23.8857	74.0806	85.4134	44.6385	75.6425	49.7217	
 18000	-72645.9	-1321.86	-25784.1	-6431.92	0.0585335	1	0.128263	15.593	1.41005	0.0153896	19.6621	0.880005	1700	99	271	-27455.2	29.6796f	60.9972	4	1	1	0.178218	0.247525	0.019802	0.009901	0	0	0	0	0.772727	0.917647	0.357143	0.517241	0.837349	0.029703	0.0990099	0.009901	1	0.146199	0.257732	0.666667	0.666667	0.666667	1	1	11222.7	1e+20	5.51527e+10	23.8857	74.0806	37.1029	81.9453	29.6796	60.9972	
 19000	-70824.1	-1321.86	-23962.2	-5991.68	0.0543802	1	0.130532	15.3219	1.2648	0.00905414	19.405	0.964008	1545	99	281	-27455.2	51.5217f	58.2553	4	1	1	0.178218	0.217822	0.019802	0.009901	0	0	0	0	0.818182	0.948387	0.203822	0.517544	0.878205	0.029703	0.0990099	0.009901	1	0.116129	0.310105	0.666667	0.666667	0.666667	1	1	11222.7	1e+20	5.51527e+10	23.8857	74.0806	20.124	51.8119	51.5217	58.2553	
 20000	-70054.1	-1321.86	-23192.3	-5886.97	0.0558516	1	0.138532	14.4371	1.50873	0.0422878	19.8474	0.76148	1509	99	247	-27455.2	7.47866f	30.5128	4	1	1	0.178218	0.217822	0.019802	0.009901	0	0	0	0	0.9	0.92053	0.298013	0.576923	0.86755	0.029703	0.0990099	9.90099e-09	1	0.198676	0.346457	0.666667	0.666667	0.666667	1	1	11222.7	1e+20	5.51527e+10	23.8857	74.0806	19.8875	35.7034	7.47866	30.5128	
 21000	-72036.1	-1321.86	-25174.3	-6286.8	0.0591883	1	0.136783	14.6217	1.57868	0.0169389	19.8474	0.737046	1649	99	273	-27455.2	26.5252f	59.388	4	1	1	0.178218	0.217822	0.019802	0.009901	0	0	0	0	0.818182	0.93865	0.260606	0.52381	0.8	0.029703	0.0990099	9.90099e-09	1	0.133333	0.246269	0.666667	0.666667	0.666667	1	1	11222.7	1e+20	5.51527e+10	23.8857	74.0806	19.8875	35.7034	26.5252	59.388	
 22000	-74452.6	-1321.86	-27590.8	-6688.57	0.0640669	1	0.136783	14.6217	1.7088	0.0240125	19.8474	0.680921	1794	99	333	-27455.2	34.2546f	21.6333	4	1	1	0.178218	0.217822	0.019802	0.009901	0	0	0	0	0.809091	0.932961	0.27933	0.532258	0.78453	0.029703	0.0990099	9.90099e-09	1	0.195531	0.313846	0.666667	0.666667	0.666667	1	1	11222.7	1e+20	5.51527e+10	23.8857	74.0806	30.4826	53.3216	34.2546	21.6333	
 23000	-75004.7	-1321.86	-28142.8	-6886.92	0.0702631	1	0.151191	13.2283	1.8968	0.0198633	19.4151	0.554972	1867	99	302	-27455.2	28.056f	67.1994	4	1	1	0.178218	0.217822	0.019802	0.009901	0	0	0	0	0.818182	0.941176	0.229947	0.539063	0.83871	0.029703	0.0990099	9.90099e-09	1	0.144385	0.242138	0.666667	0.666667	0.666667	1	1	11222.7	1e+20	5.51527e+10	23.8857	74.0806	30.4826	53.3216	28.056	67.1994	
 24000	-76320.9	-1321.86	-29459	-7141.61	0.0720493	1	0.157948	12.6624	2.03194	0.0353691	19.4151	0.495902	1963	99	319	-27455.2	47.1055f	9.77326	4	1	1	0.178218	0.217822	0.019802	0.009901	0	0	0	0	0.836364	0.939086	0.22449	0.508065	0.796954	0.029703	0.0990099	9.90099e-09	1	0.111675	0.269231	0.666667	0.666667	0.666667	1	1	11222.7	1e+20	5.51527e+10	23.8857	74.0806	30.4826	53.3216	47.1055	9.77326	
 25000	-76617.8	-1321.86	-29756	-7191.65	0.0727517	1	0.133513	14.9799	1.70428	0.0353691	19.3304	0.699449	1982	99	327	-27455.2	47.1055f	9.77326	4	1	1	0.178218	0.247525	0.039604	0.009901	0	0	0	0	0.781818	0.939394	0.247475	0.55814	0.828283	0.029703	0.0891089	9.90099e-09	1	0.176768	0.230769	0.666667	0.666667	0.666667	1	1	11222.7	1e+20	5.51527e+10	23.8857	74.0806	65.5269	29.7251	47.1055	9.77326	
 26000	-78521.6	-1321.86	-31659.8	-7554.08	0.0740289	1	0.138644	14.4254	1.80085	0.0544415	19.3304	0.637443	2121	99	347	-27455.2	95.9856f	34.3237	4	1	1	0.178218	0.247525	0.039604	0.009901	0	0	0	0	0.772727	0.938967	0.239437	0.619048	0.853774	9.90099e-09	0.0891089	9.90099e-09	1	0.193396	0.299401	0.666667	0.666667	0.666667	1	1	11222.7	1e+20	5.51527e+10	23.8857	74.0806	65.5269	29.7251	95.9856	34.3237	
 27000	-77372.1	-1321.86	-30510.2	-7458.2	0.0734748	1	0.128289	15.5898	1.84529	0.046672	19.867	0.672308	2084	99	287	-27455.2	90.7487f	32.5233	4	1	1	0.178218	0.247525	0.039604	0.009901	0	0	0	0	0.736364	0.937799	0.26087	0.491935	0.850242	9.90099e-09	0.0891089	9.90099e-09	1	0.129187	0.268293	0.666667	0.666667	0.666667	1	1	11222.7	1e+20	5.51527e+10	23.8857	74.0806	65.5269	29.7251	90.7487	32.5233	
 28000	-78612.1	-1321.86	-31750.2	-7570.47	0.0734748	1	0.144038	13.8852	2.07182	0.0121281	19.867	0.533324	2127	99	350	-27455.2	51.1329f	33.1144	4	1	1	0.178218	0.247525	0.039604	0.009901	0	0	0	0	0.827273	0.933649	0.314554	0.542636	0.834123	9.90099e-09	0.0891089	9.90099e-09	1	0.211268	0.337461	0.666667	0.666667	0.666667	1	1	11222.7	1e+20	5.51527e+10	23.8857	74.0806	65.5269	29.7251	51.1329	33.1144	
 29000	-78652.3	-1321.86	-31790.4	-7611.02	0.0787116	1	0.128893	15.5167	1.92211	0.0225418	19.7049	0.642408	2144	99	337	-27455.2	68.1727f	28.9899	4	1	1	0.178218	0.247525	0.039604	0.009901	0	0	0	0	0.845455	0.934579	0.285047	0.548872	0.827103	9.90099e-09	0.0891089	9.90099e-09	1	0.11215	0.305296	0.666667	0.666667	0.666667	1	1	11222.7	1e+20	5.51527e+10	7.1932	82.9879	67.6084	34.1173	68.1727	28.9899	
 30000	-78356.5	-1321.86	-31494.6	-7593.25	0.0787944	1	0.129218	15.4778	1.92897	0.0462953	19.7049	0.638518	2137	99	317	-27455.2	91.6765f	62.2453	4	1	1	0.0891089	0.247525	0.039604	0.009901	0	0	0	0	0.827273	0.943925	0.261682	0.5	0.856481	9.90099e-09	0.118812	9.90099e-09	1	0.130841	0.318182	0.666667	0.666667	0.666667	1	1	11222.7	1e+20	5.51527e+10	7.1932	82.9879	67.6084	34.1173	91.6765	62.2453	
 31000	-78714.5	-1321.86	-31852.6	-7537.27	0.0786515	1	0.159398	12.5472	2.1431	0.0102372	19.2048	0.465903	2115	99	373	-27455.2	40.9729f	37.8057	4	1	1	0.0891089	0.247525	0.039604	0.009901	0	0	0	0	0.809091	0.938967	0.245283	0.559633	0.837209	9.90099e-09	0.118812	9.90099e-09	1	0.169811	0.28841	0.666667	0.666667	0.666667	1	1	11222.7	1e+20	5.51527e+10	7.1932	82.9879	67.6084	34.1173	40.9729	37.8057	
 32000	-78685.8	-1321.86	-31823.9	-7598.29	0.0786664	1	0.148143	13.5005	2.00569	0.0164551	19.2374	0.535646	2139	99	344	-27455.2	63.3535f	64.8813	4	1	1	0.0891089	0.277228	0.039604	0.009901	0	0	0	0	0.854545	0.934272	0.269767	0.485437	0.809302	9.90099e-09	0.118812	9.90099e-09	1	0.12963	0.299419	0.666667	0.666667	0.666667	1	1	11222.7	1e+20	5.51527e+10	7.1932	82.9879	67.6084	34.1173	63.3535	64.8813	
 33000	-78495.2	-1321.86	-31633.3	-7526.62	0.0762414	1	0.155148	12.8909	2.09811	0.0350257	19.383	0.488929	2111	99	357	-27455.2	85.323f	40.2678	4	1	1	0.0891089	0.277228	0.039604	0.009901	0	0	0	0	0.818182	0.92381	0.242857	0.537037	0.825472	9.90099e-09	0.118812	9.90099e-09	1	0.169811	0.327824	0.666667	0.666667	0.666667	1	1	11222.7	1e+20	5.51527e+10	7.1932	82.9879	67.6084	34.1173	85.323	40.2678	
 34000	-78440.5	-1321.86	-31578.6	-7567.63	0.0767409	1	0.148528	13.4655	2.02174	0.0154946	19.383	0.530014	2127	99	336	-27455.2	46.4818f	27.7718	4	1	1	0.0891089	0.277228	0.039604	9.90099e-09	0	0	0	0	0.772727	0.929245	0.187793	0.613861	0.849765	9.90099e-09	0.118812	9.90099e-09	1	0.117371	0.236842	0.666667	0.666667	0.666667	1	1	11222.7	1e+20	5.51527e+10	3.1887	80.8588	67.6084	34.1173	46.4818	27.7718	
 35000	-78449.5	-1321.86	-31587.6	-7552.31	0.0763919	1	0.144872	13.8053	2.04032	0.0102363	19.5711	0.53844	2121	99	343	-27455.2	55.786f	58.7989	4	1	1	0.0891089	0.277228	0.039604	9.90099e-09	0	0	0	0	0.8	0.914692	0.234742	0.518868	0.842105	9.90099e-09	0.118812	9.90099e-09	1	0.162679	0.288515	0.666667	0.666667	0.666667	1	1	11222.7	1e+20	5.51527e+10	18.7464	69.06	67.6084	34.1173	55.786	58.7989	
 36000	-79518.3	-1321.86	-32656.5	-7765.9	0.0790658	1	0.128887	15.5175	1.87873	0.0204667	19.5711	0.657274	2205	99	350	-27455.2	29.5604f	28.7086	4	1	1	0.0891089	0.277228	0.039604	9.90099e-09	0	0	0	0	0.836364	0.963636	0.256757	0.5	0.836364	9.90099e-09	0.118812	9.90099e-09	1	0.167421	0.298507	0.666667	0.666667	0.666667	1	1	11222.7	1e+20	5.51527e+10	57.9422	93.1419	67.6084	34.1173	29.5604	28.7086	
 37000	-80724.2	-1321.86	-33862.4	-8020.61	0.0847187	1	0.142698	14.0156	1.91307	0.0475493	18.8378	0.583001	2307	99	350	-27455.2	78.4075f	13.8257	4	1	1	0.138614	0.277228	0.049505	9.90099e-09	0	0	0	0	0.781818	0.930435	0.221739	0.537037	0.821739	0.009901	0.158416	9.90099e-09	1	0.157205	0.351429	0.666667	0.666667	0.666667	1	1	11222.7	1e+20	5.51527e+10	36.2701	87.1043	67.6084	34.1173	78.4075	13.8257	
 38000	-81986.4	-1321.86	-35124.5	-8327.02	0.0873597	1	0.160204	12.4841	1.90541	0.0353537	18.1425	0.521385	2432	99	342	-27455.2	84.757f	37.3198	4	1	1	0.138614	0.277228	0.049505	9.90099e-09	0	0	0	0	0.818182	0.941667	0.221311	0.471698	0.827869	0.009901	0.158416	9.90099e-09	1	0.118852	0.353801	0.666667	0.666667	0.666667	1	1	11222.7	1e+20	5.51527e+10	36.2701	87.1043	67.6084	34.1173	84.757	37.3198	
 39000	-82278.3	-1321.86	-35416.5	-8306.2	0.0911117	1	0.126219	15.8455	1.67283	0.0115974	18.4453	0.753776	2423	99	371	-27455.2	56.2982f	36.4678	4	1	1	0.138614	0.227723	0.049505	9.90099e-09	0	0	0	0	0.854545	0.942387	0.247934	0.542373	0.804082	0.009901	0.158416	9.90099e-09	1	0.111111	0.334218	0.666667	0.666667	0.666667	1	1	11222.7	1e+20	5.51527e+10	36.2701	87.1043	67.6084	34.1173	56.2982	36.4678	
 40000	-82603	-1321.86	-35741.1	-8413.82	0.089341	1	0.146408	13.6605	1.80294	0.0117985	18.1986	0.602943	2468	99	356	-27455.2	50.5677f	33.5589	4	1	1	0.138614	0.227723	0.049505	9.90099e-09	0	0	0	0	0.763636	0.95122	0.227642	0.579439	0.874494	0.009901	0.158416	9.90099e-09	1	0.149798	0.33795	0.666667	0.666667	0.666667	1	1	11222.7	1e+20	5.51527e+10	36.2701	87.1043	67.6084	34.1173	50.5677	33.5589	
 41000	-85434.8	-1321.86	-38573	-8925.33	0.0961677	1	0.153716	13.011	1.80297	0.0218003	17.6505	0.574265	2684	99	384	-27455.2	45.477f	20.8417	4	1	1	0.138614	0.227723	0.049505	9.90099e-09	0	0	0	0	0.781818	0.948339	0.207407	0.5	0.82963	0.009901	0.158416	9.90099e-09	1	0.136531	0.318538	0.666667	0.666667	0.666667	1	1	11222.7	1e+20	5.51527e+10	36.2701	87.1043	47.8471	19.476	45.477	20.8417	
 42000	-86274.1	-1321.86	-39412.2	-9140.76	0.0961677	1	0.131836	15.1704	1.47983	0.0217525	17.4576	0.815782	2776	99	363	-27455.2	75.2701f	45.3877	4	1	1	0.108911	0.227723	0.049505	9.90099e-09	0	0	0	0	0.827273	0.960145	0.257246	0.452991	0.852518	0.009901	0.158416	9.90099e-09	1	0.140288	0.326087	0.666667	0.666667	0.666667	1	1	11222.7	1e+20	5.51527e+10	30.5272	98.2619	54.8575	39.0344	75.2701	45.3877	
 43000	-87308.1	-1321.86	-40446.3	-9245.24	0.100717	1	0.158701	12.6023	1.81502	0.0251118	17.3379	0.552534	2823	99	410	-27455.2	50.7205f	17.9332	4	1	1	0.108911	0.227723	0.128713	9.90099e-09	0	0	0	0	0.818182	0.932384	0.250883	0.523077	0.792857	0.009901	0.0792079	9.90099e-09	1	0.116608	0.33494	0.666667	0.666667	0.666667	1	1	11222.7	1e+20	5.51527e+10	19.811	95.1496	54.8575	39.0344	50.7205	17.9332	
 44000	-86644	-1321.86	-39782.1	-9173.97	0.10213	1	0.145071	13.7863	1.83961	0.0244065	17.7294	0.596367	2792	99	380	-27455.2	39.5049f	19.3534	4	1	1	0.108911	0.237624	0.128713	9.90099e-09	0	0	0	0	0.672727	0.946619	0.217857	0.507937	0.814947	0.009901	0.0792079	9.90099e-09	1	0.178571	0.356021	0.666667	0.666667	0.666667	1	1	11222.7	1e+20	5.51527e+10	19.811	95.1496	54.8575	39.0344	39.5049	19.3534	
 45000	-87209	-1321.86	-40347.1	-9201.69	0.103732	1	0.157027	12.7366	2.09014	0.0186823	17.8759	0.48492	2804	99	420	-27455.2	28.5057f	65.8266	4	1	1	0.108911	0.237624	0.128713	9.90099e-09	0	0	0	0	0.845455	0.964158	0.236559	0.559055	0.88968	0.009901	0.0792079	9.90099e-09	1	0.120996	0.301435	0.666667	0.666667	0.666667	1	1	11222.7	1e+20	5.51527e+10	19.811	95.1496	54.8575	39.0344	28.5057	65.8266	
 46000	-87269.2	-1321.86	-40407.3	-9197.16	0.103732	1	0.177327	11.2786	2.36034	0.0104176	17.8759	0.38025	2802	99	429	-27455.2	55.8634f	59.234	4	1	1	0.108911	0.237624	0.128713	9.90099e-09	0	0	0	0	0.809091	0.932143	0.210714	0.656934	0.822064	0.009901	0.0792079	9.90099e-09	1	0.128114	0.351111	0.666667	0.666667	0.666667	1	1	11222.7	1e+20	5.51527e+10	52.1803	96.6241	60.3454	51.3929	55.8634	59.234	
 47000	-88003.3	-1321.86	-41141.4	-9394.01	0.105394	1	0.155156	12.8903	2.0983	0.0250065	17.8759	0.488859	2889	99	399	-27455.2	33.5245f	77.2077	4	1	1	0.108911	0.237624	0.128713	9.90099e-09	0	0	0	0	0.854545	0.945017	0.224138	0.563492	0.809028	0.009901	0.0792079	9.90099e-09	1	0.12069	0.35641	0.666667	0.666667	0.666667	1	1	11222.7	1e+20	5.51527e+10	52.1803	96.6241	60.3454	51.3929	33.5245	77.2077	
 48000	-88201.7	-1321.86	-41339.9	-9348.9	0.10454	1	0.157744	12.6788	2.08187	0.0208021	17.8034	0.484635	2869	99	439	-27455.2	22.6797f	37.116	4	1	1	0.0891089	0.237624	0.128713	9.90099e-09	0	0	0	0	0.790909	0.951389	0.212544	0.481203	0.797909	0.009901	0.0792079	9.90099e-09	1	0.145833	0.366133	0.666667	0.666667	0.666667	1	1	11222.7	1e+20	5.51527e+10	11.833	81.5507	60.3454	51.3929	22.6797	37.116	
 49000	-89634.2	-1321.86	-42772.4	-9658.01	0.107194	1	0.145277	13.7668	1.93146	0.0367632	17.7246	0.567202	3007	99	425	-27455.2	45.5241f	89.3615	4	1	1	0.0891089	0.237624	0.128713	9.90099e-09	0	0	0	0	0.8	0.93311	0.219269	0.418605	0.830565	0.009901	0.0990099	9.90099e-09	1	0.119601	0.327146	0.666667	0.666667	0.666667	1	1	11222.7	1e+20	5.51527e+10	11.833	81.5507	60.3454	51.3929	45.5241	89.3615	
 50000	-90284	-1321.86	-43422.1	-9743.34	0.111272	1	0.149632	13.3662	2.06504	0.0231663	17.7246	0.515074	3046	99	445	-27455.2	58.4046f	76.5343	4	1	1	0.0891089	0.207921	0.0594059	0.009901	0	0	0	0	0.827273	0.934426	0.248366	0.496124	0.842105	9.90099e-09	0.0990099	9.90099e-09	1	0.147541	0.313625	0.666667	0.666667	0.666667	1	1	11222.7	1e+20	5.51527e+10	11.833	81.5507	60.3454	51.3929	58.4046	76.5343	
 51000	-89411.3	-1321.86	-42549.5	-9649.18	0.111777	1	0.151857	13.1702	2.00814	0.0196241	17.5166	0.521904	3003	99	410	-27455.2	73.2262f	51.8135	4	1	1	0.0891089	0.207921	0.0594059	0.009901	0	0	0	0	0.763636	0.937086	0.186047	0.443548	0.837209	9.90099e-09	0.0990099	9.90099e-09	1	0.122924	0.364557	0.666667	0.666667	0.666667	1	1	11222.7	1e+20	5.51527e+10	11.833	81.5507	60.3454	51.3929	73.2262	51.8135	
 52000	-91590.9	-1321.86	-44729	-10039.5	0.114784	1	0.156774	12.7572	2.071	0.0371189	17.3962	0.490193	3182	99	423	-27455.2	84.3664f	65.383	4	1	1	0.0891089	0.207921	0.0594059	0.009901	0	0	0	0	0.763636	0.927673	0.204403	0.48	0.862069	9.90099e-09	0.0990099	9.90099e-09	1	0.138365	0.321513	0.666667	0.666667	0.666667	1	1	11222.7	1e+20	5.51527e+10	11.833	81.5507	60.3454	51.3929	84.3664	65.383	
 53000	-91006.3	-1321.86	-44144.4	-9970.7	0.112774	1	0.134792	14.8377	1.62694	0.0116436	17.0833	0.725746	3150	99	401	-27455.2	62.3495f	53.1088	4	1	1	0.0891089	0.207921	0.0594059	0.009901	0	0	0	0	0.790909	0.961905	0.24127	0.560345	0.857595	9.90099e-09	0.0990099	9.90099e-09	1	0.142405	0.328283	0.666667	0.666667	0.666667	1	1	11222.7	1e+20	5.51527e+10	11.833	81.5507	60.3454	51.3929	62.3495	53.1088	
 54000	-89806	-1321.86	-42944.2	-9759.01	0.112774	1	0.150211	13.3146	1.81304	0.00955354	17.0833	0.584401	3053	99	397	-27455.2	35.8793f	49.6607	4	1	1	0.0792079	0.207921	0.0594059	0.009901	0	0	0	0	0.818182	0.957377	0.238854	0.517241	0.869707	9.90099e-09	0.0990099	9.90099e-09	1	0.111475	0.367758	0.666667	0.666667	0.666667	1	1	11222.7	1e+20	5.51527e+10	11.833	81.5507	60.3454	51.3929	35.8793	49.6607	
 55000	-90536.5	-1321.86	-43674.6	-9874.69	0.112617	1	0.146773	13.6265	1.88399	0.00855491	17.3542	0.575566	3106	99	405	-27455.2	55.2166f	52.4289	4	1	1	0.0792079	0.207921	0.0594059	0.009901	0	0	0	0	0.790909	0.948718	0.21865	0.471074	0.862179	9.90099e-09	0.158416	9.90099e-09	1	0.115756	0.341709	0.666667	0.666667	0.666667	1	1	11222.7	1e+20	5.51527e+10	11.833	81.5507	60.3454	51.3929	55.2166	52.4289	
 56000	-91740.9	-1321.86	-44879.1	-10048.1	0.114885	1	0.143929	13.8957	1.79458	0.0113089	17.1429	0.61618	3186	99	433	-27455.2	61.3251f	54.3539	4	1	1	0.0792079	0.267327	0.0594059	0.009901	0	0	0	0	0.809091	0.934375	0.264798	0.514706	0.840625	9.90099e-09	0.158416	9.90099e-09	1	0.13125	0.367713	0.666667	0.666667	0.666667	1	1	11222.7	1e+20	5.51527e+10	11.833	81.5507	32.6809	58.1585	61.3251	54.3539	
 57000	-91043.7	-1321.86	-44181.9	-9955.09	0.114885	1	0.157906	12.6658	1.9422	0.0145221	17.0846	0.518952	3143	99	413	-27455.2	27.6735f	53.4973	4	1	1	0.0792079	0.267327	0.0594059	0.009901	0	0	0	0	0.8	0.939297	0.2	0.504	0.877814	9.90099e-09	0.158416	9.90099e-09	1	0.12381	0.292383	0.666667	0.666667	0.666667	1	1	11222.7	1e+20	5.51527e+10	11.833	81.5507	32.6809	58.1585	27.6735	53.4973	
 58000	-92119.7	-1321.86	-45257.8	-10136	0.117597	1	0.155173	12.8888	1.95365	0.0136974	17.0846	0.524999	3227	99	427	-27455.2	58.4966f	33.9271	4	1	1	0.0792079	0.267327	0.0594059	9.90099e-09	0	0	0	0	0.709091	0.935185	0.228395	0.440299	0.784375	9.90099e-09	0.158416	9.90099e-09	1	0.0987654	0.340136	0.666667	0.666667	0.666667	1	1	11222.7	1e+20	5.51527e+10	11.833	81.5507	32.6809	58.1585	58.4966	33.9271	
 59000	-91897.3	-1321.86	-45035.5	-10183.1	0.117597	1	0.128802	15.5277	1.62164	0.0239022	17.0846	0.761977	3249	99	375	-27455.2	23.1836f	67.5024	4	1	1	0.0594059	0.267327	0.0594059	9.90099e-09	0	0	0	0	0.818182	0.947368	0.21118	0.486957	0.875776	9.90099e-09	0.158416	9.90099e-09	1	0.0738462	0.335092	0.666667	0.666667	0.666667	1	1	11222.7	1e+20	5.51527e+10	11.833	81.5507	32.6809	58.1585	23.1836	67.5024	
 60000	-94734.2	-1321.86	-47872.4	-10682.5	0.127195	1	0.112227	17.8211	1.91517	0.0140764	18.0762	0.740487	3487	99	383	-27455.2	39.8969f	67.1004	4	1	1	0.0594059	0.267327	0.0594059	9.90099e-09	0	0	0	0	0.863636	0.939828	0.205714	0.488372	0.857558	9.90099e-09	0.158416	9.90099e-09	1	0.123209	0.34456	0.666667	0.666667	0.666667	1	1	11222.7	1e+20	5.51527e+10	11.833	81.5507	32.6809	58.1585	39.8969	67.1004	
 61000	-94581	-1321.86	-47719.1	-10641.7	0.124135	1	0.110845	18.0432	1.98693	0.010653	18.4116	0.722638	3467	99	395	-27455.2	33.5243f	50.3741	4	1	1	0.0594059	0.267327	0.0594059	9.90099e-09	0	0	0	0	0.845455	0.957507	0.220963	0.52381	0.884726	9.90099e-09	0.0792079	9.90099e-09	1	0.124646	0.326582	0.666667	0.666667	0.666667	1	1	11222.7	1e+20	5.51527e+10	11.833	81.5507	29.8538	50.3892	33.5243	50.3741	
 62000	-95746.8	-1321.86	-48884.9	-10783.4	0.12776	1	0.108437	18.4439	2.21877	0.0114285	18.8944	0.661502	3536	99	422	-27455.2	53.8376f	62.8499	4	1	1	0.0594059	0.217822	0.049505	9.90099e-09	0	0	0	0	0.754545	0.957865	0.216292	0.511628	0.850282	9.90099e-09	0.0792079	9.90099e-09	1	0.132768	0.305687	0.666667	0.666667	0.666667	1	1	11222.7	1e+20	5.51527e+10	20.4481	96.1973	29.8538	50.3892	53.8376	62.8499	
 63000	-95397	-1321.86	-48535.2	-10791.6	0.12776	1	0.109574	18.2526	1.95215	0.0109581	18.2516	0.744049	3540	99	388	-27455.2	56.3496f	60.2251	4	1	1	0.0594059	0.217822	0.049505	9.90099e-09	0	0	0	0	0.845455	0.948718	0.237288	0.525862	0.889831	9.90099e-09	0.0792079	9.90099e-09	1	0.115493	0.316456	0.666667	0.666667	0.666667	1	1	11222.7	1e+20	5.51527e+10	20.4481	96.1973	29.8538	50.3892	56.3496	60.2251	
 64000	-97053.7	-1321.86	-50191.8	-10964.8	0.130335	1	0.117032	17.0893	2.76714	0.0243818	19.4923	0.491456	3625	99	447	-27455.2	16.6497f	51.8798	4	1	1	0.0594059	0.217822	0.049505	9.90099e-09	0	0	0	0	0.7	0.955923	0.202778	0.507353	0.875	9.90099e-09	0.0792079	9.90099e-09	1	0.111421	0.344371	0.666667	0.666667	0.666667	1	1	11222.7	1e+20	5.51527e+10	20.4481	96.1973	29.8538	50.3892	16.6497	51.8798	
 65000	-96119.9	-1321.86	-49258.1	-10892.8	0.127267	1	0.117699	16.9924	2.36233	0.017675	18.8218	0.572408	3589	99	408	-27455.2	27.5068f	62.7382	4	1	1	0.0792079	0.217822	0.049505	9.90099e-09	0	0	0	0	0.781818	0.966851	0.222222	0.578571	0.885559	9.90099e-09	0.0792079	9.90099e-09	1	0.120548	0.319712	0.666667	0.666667	0.666667	1	1	11222.7	1e+20	5.51527e+10	20.4481	96.1973	29.8538	50.3892	27.5068	62.7382	
 66000	-95313.8	-1321.86	-48451.9	-10719.6	0.127267	1	0.130028	15.3813	2.22608	0.0236572	18.0882	0.549845	3505	99	423	-27455.2	18.3439f	40.8159	4	1	1	0.0792079	0.217822	0.049505	0.009901	0	0	0	0	0.772727	0.977143	0.211429	0.574803	0.851852	9.90099e-09	0.0792079	9.90099e-09	1	0.102857	0.321429	0.666667	0.666667	0.666667	1	1	11222.7	1e+20	5.51527e+10	33.0005	77.2683	8.15325	37.1079	18.3439	40.8159	
 67000	-96579.9	-1321.86	-49718	-10894.8	0.127267	1	0.141446	14.1397	2.44745	0.0141706	18.1363	0.459745	3590	99	445	-27455.2	54.0005f	30.7385	4	1	1	0.0792079	0.217822	0.049505	0.009901	0	0	0	0	0.736364	0.955801	0.233333	0.546099	0.872222	9.90099e-09	0.0792079	9.90099e-09	1	0.118785	0.297009	0.666667	0.666667	0.666667	1	1	11222.7	1e+20	5.51527e+10	33.0005	77.2683	8.15325	37.1079	54.0005	30.7385	
 68000	-97323.5	-1321.86	-50461.7	-11025.7	0.128147	1	0.120423	16.6081	2.03603	0.0141706	18.0007	0.64912	3654	99	448	-27455.2	54.0005f	30.7385	4	1	1	0.0792079	0.19802	0.0990099	0.009901	0	0	0	0	0.736364	0.950413	0.216066	0.51145	0.868852	9.90099e-09	0.0792079	9.90099e-09	1	0.125683	0.304147	0.666667	0.666667	0.666667	1	1	11222.7	1e+20	5.51527e+10	18.1999	85.411	8.15325	37.1079	54.0005	30.7385	
 69000	-96077.7	-1321.86	-49215.9	-10898.2	0.133258	1	0.129688	15.4216	1.76487	0.0335573	16.8841	0.695357	3592	99	406	-27455.2	10.1299f	40.7331	4	1	1	0.0792079	0.19802	0.0990099	0.009901	0	0	0	0	0.754545	0.958217	0.198895	0.479675	0.874652	9.90099e-09	0.118812	9.90099e-09	1	0.114206	0.339901	0.666667	0.666667	0.666667	1	1	11222.7	1e+20	5.51527e+10	18.1999	85.411	8.15325	37.1079	10.1299	40.7331	
 70000	-96727	-1321.86	-49865.2	-10936.5	0.133258	1	0.140225	14.2628	1.90825	0.0430947	16.8841	0.594785	3611	99	449	-27455.2	3.66785f	57.6123	4	1	1	0.0792079	0.19802	0.0990099	0.009901	0	0	0	0	0.790909	0.933702	0.209945	0.465649	0.845304	9.90099e-09	0.118812	9.90099e-09	1	0.138122	0.381156	0.666667	0.666667	0.666667	1	1	11222.7	1e+20	5.51527e+10	18.1999	85.411	27.8897	56.3719	3.66785	57.6123	
 71000	-97852.2	-1321.86	-50990.4	-11067.5	0.133258	1	0.14715	13.5916	1.96057	0.00797757	16.795	0.55167	3676	99	484	-27455.2	43.605f	54.5527	4	1	1	0.049505	0.19802	0.0990099	0.009901	0	0	0	0	0.8	0.932432	0.172973	0.486111	0.883784	9.90099e-09	0.118812	9.90099e-09	1	0.127717	0.385263	0.666667	0.666667	0.666667	1	1	11222.7	1e+20	5.51527e+10	18.1999	85.411	27.8897	56.3719	43.605	54.5527	
 72000	-99773.3	-1321.86	-52911.4	-11370.2	0.138107	1	0.148042	13.5097	2.06765	0.0206745	16.8429	0.519946	3828	99	503	-27455.2	20.7322f	55.2091	4	1	1	0.049505	0.19802	0.0990099	0.009901	0	0	0	0	0.745455	0.94026	0.21875	0.538462	0.857143	9.90099e-09	0.118812	9.90099e-09	1	0.116883	0.348454	0.666667	0.666667	0.666667	1	1	11222.7	1e+20	5.51527e+10	18.1999	85.411	27.8897	56.3719	20.7322	55.2091	
 73000	-98667.7	-1321.86	-51805.8	-11207.8	0.138107	1	0.150166	13.3186	2.09732	0.0166678	16.8429	0.505338	3746	99	486	-27455.2	39.0689f	27.8145	4	1	1	0.049505	0.19802	0.0990099	0.009901	0	0	0	0	0.690909	0.962865	0.21164	0.509804	0.858639	9.90099e-09	0.118812	9.90099e-09	1	0.112565	0.35259	0.666667	0.666667	0.666667	1	1	11222.7	1e+20	5.51527e+10	18.1999	85.411	27.8897	56.3719	39.0689	27.8145	
 74000	-100156	-1321.86	-53293.8	-11476.2	0.140055	1	0.157999	12.6583	2.23784	0.0147271	16.8429	0.45013	3882	99	484	-27455.2	30.3024f	60.3536	4	1	1	0.049505	0.19802	0.0990099	9.90099e-09	0	0	0	0	0.745455	0.945876	0.213368	0.543689	0.829897	9.90099e-09	0.148515	9.90099e-09	1	0.113111	0.340816	0.666667	0.666667	0.666667	1	1	11222.7	1e+20	5.51527e+10	18.1999	85.411	27.8897	56.3719	30.3024	60.3536	
 75000	-101436	-1321.86	-54574.6	-11611.3	0.140772	1	0.168221	11.8891	2.39483	0.0191195	16.8429	0.395063	3951	99	530	-27455.2	21.8574f	52.3099	4	1	1	0.049505	0.19802	0.0594059	9.90099e-09	0	0	0	0	0.736364	0.964377	0.207595	0.435185	0.84359	9.90099e-09	0.148515	9.90099e-09	1	0.147583	0.392405	0.666667	0.666667	0.666667	1	1	11222.7	1e+20	5.51527e+10	18.1999	85.411	27.8897	56.3719	21.8574	52.3099	
 76000	-100904	-1321.86	-54042.2	-11625	0.140772	1	0.141868	14.0976	1.96608	0.0517797	16.7301	0.570606	3958	99	470	-27455.2	10.5259f	82.27	4	1	1	0.049505	0.19802	0.0594059	9.90099e-09	0	0	0	0	0.772727	0.947236	0.205514	0.490066	0.841709	9.90099e-09	0.148515	9.90099e-09	1	0.166667	0.336933	0.666667	0.666667	0.666667	1	1	11222.7	1e+20	5.51527e+10	48.1296	95.9024	27.8897	56.3719	10.5259	82.27	
 77000	-100530	-1321.86	-53668.1	-11523	0.140918	1	0.133337	14.9995	2.46466	0.0304805	17.9745	0.484297	3906	99	482	-27455.2	11.5466f	51.1772	4	1	1	0.049505	0.19802	0.0594059	9.90099e-09	0	0	0	0	0.709091	0.951777	0.272959	0.405941	0.844784	9.90099e-09	0.148515	9.90099e-09	1	0.13555	0.316116	0.666667	0.666667	0.666667	1	1	11222.7	1e+20	5.51527e+10	48.1296	95.9024	27.8897	56.3719	11.5466	51.1772	
 78000	-99377.5	-1321.86	-52515.6	-11342.8	0.140918	1	0.121972	16.3972	2.48773	0.0443132	18.4222	0.524515	3814	99	465	-27455.2	2.12155f	50.5638	4	1	1	0.0594059	0.19802	0.0594059	9.90099e-09	0	0	0	0	0.836364	0.929134	0.286089	0.477612	0.866492	9.90099e-09	0.148515	9.90099e-09	1	0.0994764	0.322245	0.666667	0.666667	0.666667	1	1	11222.7	1e+20	5.51527e+10	48.1296	95.9024	27.8897	56.3719	2.12155	50.5638	
 79000	-100664	-1321.86	-53802.6	-11548.1	0.138397	1	0.116975	17.0977	2.7127	0.037195	19.1092	0.501565	3918	99	479	-27455.2	22.9522f	81.6194	4	1	1	0.0594059	0.19802	0.0594059	9.90099e-09	0	0	0	0	0.736364	0.951531	0.216285	0.510204	0.872123	9.90099e-09	0.148515	9.90099e-09	1	0.148338	0.315041	0.666667	0.666667	0.666667	1	1	11222.7	1e+20	5.51527e+10	48.1296	95.9024	27.8897	56.3719	22.9522	81.6194	
 80000	-101214	-1321.86	-54352.4	-11562	0.141702	1	0.127364	15.703	2.87484	0.0149291	18.8689	0.43467	3926	99	515	-27455.2	27.5635f	42.9953	4	1	1	0.0594059	0.227723	0.0693069	9.90099e-09	0	0	0	0	0.790909	0.946154	0.229008	0.524752	0.860051	9.90099e-09	0.0990099	9.90099e-09	1	0.111959	0.344758	0.666667	0.666667	0.666667	1	1	11222.7	1e+20	5.51527e+10	48.1296	95.9024	27.8897	56.3719	27.5635	42.9953	
 81000	-101347	-1321.86	-54485.4	-11569.8	0.141702	1	0.131236	15.2398	3.05532	0.01422	19.0154	0.396928	3930	99	521	-27455.2	28.845f	55.9739	4	1	1	0.0594059	0.227723	0.0693069	9.90099e-09	0	0	0	0	0.781818	0.948849	0.22335	0.473684	0.890863	9.90099e-09	0.0990099	9.90099e-09	1	0.129442	0.305182	0.666667	0.666667	0.666667	1	1	11222.7	1e+20	5.51527e+10	13.8217	80.1937	27.8897	56.3719	28.845	55.9739	
 82000	-100685	-1321.86	-53823.5	-11507.3	0.141702	1	0.130434	15.3334	3.03903	0.0226282	19.0191	0.401508	3898	99	496	-27455.2	23.5513f	32.1914	4	1	1	0.0594059	0.227723	0.0693069	9.90099e-09	0	0	0	0	0.781818	0.94898	0.267352	0.563758	0.846939	9.90099e-09	0.0990099	9.90099e-09	1	0.151282	0.289157	0.666667	0.666667	0.666667	1	1	11222.7	1e+20	5.51527e+10	13.8217	80.1937	30.8872	54.9676	23.5513	32.1914	
 83000	-100770	-1321.86	-53908.3	-11540.5	0.141702	1	0.123725	16.1649	2.88271	0.0260865	19.0191	0.446235	3915	99	482	-27455.2	15.9146f	56.574	4	1	1	0.0594059	0.227723	0.0693069	0.019802	0	0	0	0	0.781818	0.964377	0.248731	0.52381	0.83715	9.90099e-09	0.0990099	9.90099e-09	1	0.0994898	0.304979	0.666667	0.666667	0.666667	1	1	11222.7	1e+20	5.51527e+10	13.8217	80.1937	30.8872	54.9676	15.9146	56.574	
 84000	-101980	-1321.86	-55118	-11781.2	0.150732	1	0.121699	16.434	3.01621	0.0466613	19.0191	0.433582	4039	99	470	-27455.2	3.86288f	65.9921	4	1	1	0.0594059	0.227723	0.0693069	0.019802	0	0	0	0	0.754545	0.94335	0.248768	0.421569	0.855392	9.90099e-09	0.0990099	9.90099e-09	1	0.141089	0.32	0.666667	0.666667	0.666667	1	1	11222.7	1e+20	5.51527e+10	13.8217	80.1937	30.8872	54.9676	3.86288	65.9921	
 85000	-104167	-1321.86	-57305.6	-12053.8	0.154252	1	0.113564	17.6112	3.25508	0.0345646	19.6096	0.430544	4183	99	520	-27455.2	68.0025f	81.8446	4	1	1	0.039604	0.227723	0.0693069	0.019802	0	0	0	0	0.7	0.938095	0.206651	0.524752	0.866667	9.90099e-09	0.0990099	9.90099e-09	1	0.102625	0.286008	0.666667	0.666667	0.666667	1	1	11222.7	1e+20	5.51527e+10	13.8217	80.1937	47.3201	58.3256	68.0025	81.8446	
 86000	-103207	-1321.86	-56345.2	-11938.2	0.15075	1	0.113564	17.6112	2.93062	0.052905	19.2116	0.47821	4122	99	495	-27455.2	14.4574f	86.9859	4	1	1	0.039604	0.158416	0.0792079	0.019802	0	0	0	0	0.736364	0.963768	0.227053	0.541096	0.882494	9.90099e-09	0.108911	9.90099e-09	1	0.120773	0.318458	0.666667	0.666667	0.666667	1	1	11222.7	1e+20	5.51527e+10	13.8217	80.1937	65.6147	48.8097	14.4574	86.9859	
 87000	-103364	-1321.86	-56502.3	-11994.5	0.145193	1	0.113564	17.6112	2.29568	0.00787891	18.2443	0.610475	4150	99	483	-27455.2	50.5635f	54.2506	4	1	1	0.039604	0.158416	0.0792079	0.019802	0	0	0	0	0.736364	0.966507	0.22542	0.482517	0.862981	9.90099e-09	0.108911	9.90099e-09	1	0.12201	0.327623	0.666667	0.666667	0.666667	1	1	11222.7	1e+20	5.51527e+10	13.8217	80.1937	65.6147	48.8097	50.5635	54.2506	
 88000	-104247	-1321.86	-57385.1	-12106.2	0.148625	1	0.124359	16.0824	2.79766	0.0202882	18.6296	0.457454	4210	99	504	-27455.2	70.1794f	35.218	4	1	1	0.039604	0.158416	0.0792079	0.019802	0	0	0	0	0.736364	0.933649	0.278571	0.469799	0.900238	9.90099e-09	0.108911	9.90099e-09	1	0.116114	0.305556	0.666667	0.666667	0.666667	1	1	11222.7	1e+20	5.51527e+10	13.8217	80.1937	65.6147	48.8097	70.1794	35.218	
 89000	-104247	-1321.86	-57385.3	-12100.7	0.155197	1	0.133917	14.9347	3.02332	0.0129982	18.4454	0.393098	4208	99	506	-27455.2	52.3392f	66.2116	4	1	1	0.039604	0.158416	0.0792079	0.019802	0	0	0	0	0.809091	0.945498	0.228571	0.5	0.869048	9.90099e-09	0.108911	9.90099e-09	1	0.12619	0.307692	0.666667	0.666667	0.666667	1	1	11222.7	1e+20	5.51527e+10	13.8217	80.1937	60.9905	56.9463	52.3392	66.2116	
 90000	-104258	-1321.86	-57396.5	-12169.7	0.155197	1	0.114215	17.5109	3.04746	0.0470407	19.2323	0.457256	4245	99	467	-27455.2	62.8433f	93.2018	4	1	1	0.0693069	0.158416	0.0792079	0.019802	0	0	0	0	0.727273	0.957746	0.247059	0.492857	0.908235	9.90099e-09	0.108911	9.90099e-09	1	0.131455	0.319502	0.666667	0.666667	0.666667	1	1	11222.7	1e+20	5.51527e+10	13.8217	80.1937	60.9905	56.9463	62.8433	93.2018	
 91000	-104960	-1321.86	-58098.5	-12264.7	0.155197	1	0.108642	18.409	2.89878	0.0489065	19.2323	0.505367	4296	99	475	-27455.2	80.3799f	14.5749	4	1	1	0.0693069	0.158416	0.0792079	0.019802	0	0	0	0	0.836364	0.955711	0.190255	0.52518	0.909302	9.90099e-09	0.108911	9.90099e-09	1	0.14186	0.301688	0.666667	0.666667	0.666667	1	1	11222.7	1e+20	5.51527e+10	13.8217	80.1937	78.7089	22.9549	80.3799	14.5749	
 92000	-107221	-1321.86	-60358.9	-12538.5	0.160414	1	0.112377	17.7973	3.09921	0.0432987	19.2323	0.456976	4445	99	524	-27455.2	65.4633f	8.47911	4	1	1	0.0693069	0.158416	0.0792079	0.019802	0	0	0	0	0.754545	0.945455	0.255708	0.541284	0.865169	9.90099e-09	0.108911	9.90099e-09	1	0.14382	0.287313	0.666667	0.666667	0.666667	1	1	11222.7	1e+20	5.51527e+10	13.8217	80.1937	78.7089	22.9549	65.4633	8.47911	
 93000	-107072	-1321.86	-60210.6	-12513.1	0.163303	1	0.112784	17.7331	2.91066	0.0610144	18.8315	0.484822	4431	99	534	-27455.2	93.9657f	21.3159	4	1	1	0.0693069	0.178218	0.049505	0.019802	0	0	0	0	0.736364	0.933941	0.243792	0.519231	0.863014	9.90099e-09	0.0990099	9.90099e-09	1	0.115646	0.331461	0.666667	0.666667	0.666667	1	1	11222.7	1e+20	5.51527e+10	13.8217	80.1937	78.7089	22.9549	93.9657	21.3159	
 94000	-107268	-1321.86	-60405.7	-12614.6	0.163303	1	0.108032	18.513	2.88681	0.0533519	18.9962	0.510327	4487	99	488	-27455.2	95.7215f	62.6817	4	1	1	0.0693069	0.178218	0.049505	0.019802	0	0	0	0	0.772727	0.949002	0.241685	0.554455	0.89823	9.90099e-09	0.0990099	9.90099e-09	1	0.135857	0.272541	0.666667	0.666667	0.666667	1	1	11222.7	1e+20	5.51527e+10	8.55151	85.7567	78.7089	22.9549	95.7215	62.6817	
 95000	-107562	-1321.86	-60700.6	-12697.7	0.165067	1	0.108523	18.4293	2.99744	0.0212824	19.1025	0.489269	4533	99	476	-27455.2	68.0234f	67.5897	4	1	1	0.0693069	0.178218	0.049505	9.90099e-09	0	0	0	0	0.827273	0.953333	0.229581	0.55102	0.851204	9.90099e-09	0.0990099	9.90099e-09	1	0.101545	0.326964	0.666667	0.666667	0.666667	1	1	11222.7	1e+20	5.51527e+10	8.55151	85.7567	78.7089	22.9549	68.0234	67.5897	
 96000	-110163	-1321.86	-63301.4	-13014.8	0.17623	1	0.114195	17.514	3.36739	0.0186899	19.1025	0.413886	4710	99	531	-27455.2	71.8984f	44.2805	4	1	1	0.0693069	0.178218	0.049505	9.90099e-09	0	0	0	0	0.790909	0.959315	0.263948	0.533333	0.847639	9.90099e-09	0.0990099	9.90099e-09	1	0.149893	0.314442	0.666667	0.666667	0.666667	1	1	11222.7	1e+20	5.51527e+10	8.55151	85.7567	78.7089	22.9549	71.8984	44.2805	
 97000	-108878	-1321.86	-62015.8	-12866.1	0.168447	1	0.104736	19.0956	2.95208	0.0364818	19.1025	0.514749	4627	99	497	-27455.2	85.4716f	36.9924	4	1	1	0.0693069	0.178218	0.049505	9.90099e-09	0	0	0	0	0.8	0.943844	0.231102	0.534653	0.868534	9.90099e-09	0.0990099	9.90099e-09	1	0.11879	0.291165	0.666667	0.666667	0.666667	1	1	11222.7	1e+20	5.51527e+10	19.4302	58.3695	73.641	36.2811	85.4716	36.9924	
 98000	-110796	-1321.86	-63934.3	-13085.7	0.178346	1	0.106622	18.7578	3.21849	0.0460047	19.1572	0.463788	4750	99	546	-27455.2	88.587f	69.6407	4	1	1	0.0693069	0.178218	0.049505	9.90099e-09	0	0	0	0	0.827273	0.953488	0.188559	0.54717	0.877119	9.90099e-09	0.0990099	9.90099e-09	1	0.121849	0.321033	0.666667	0.666667	0.666667	1	1	11222.7	1e+20	5.51527e+10	19.4302	58.3695	73.641	36.2811	88.587	69.6407	
 99000	-112639	-1321.86	-65777.5	-13363.2	0.179348	1	0.106905	18.7083	3.6418	0.0169106	19.7176	0.408797	4911	99	550	-27455.2	52.026f	71.7005	4	1	1	0.0693069	0.158416	0.049505	9.90099e-09	0	0	0	0	0.754545	0.959677	0.243408	0.535714	0.878049	9.90099e-09	0.0891089	9.90099e-09	1	0.112903	0.287273	0.666667	0.666667	0.666667	1	1	11222.7	1e+20	5.51527e+10	27.8335	89.1467	73.641	36.2811	52.026	71.7005	
100000	-113632	-1321.86	-66770.1	-13571.2	0.179348	1	0.0951619	21.0168	3.24178	0.0261076	19.7176	0.51591	5032	99	521	-27455.2	58.9504f	19.0816	4	1	1	0.0693069	0.158416	0.0891089	9.90099e-09	0	0	0	0	0.772727	0.960552	0.251984	0.5	0.903353	9.90099e-09	0.0891089	9.90099e-09	1	0.0966469	0.288462	0.666667	0.666667	0.666667	1	1	11222.7	1e+20	5.51527e+10	27.8335	89.1467	73.641	36.2811	58.9504	19.0816	
101000	-112903	-1321.86	-66040.7	-13379.3	0.182089	1	0.108632	18.4109	3.82671	0.0362185	19.8082	0.382858	4920	99	562	-27455.2	87.115f	47.1292	4	1	1	0.0693069	0.158416	0.0891089	9.90099e-09	0	0	0	0	0.736364	0.939638	0.271805	0.525	0.867327	9.90099e-09	0.0891089	9.90099e-09	1	0.127789	0.284526	0.666667	0.666667	0.666667	1	1	11222.7	1e+20	5.51527e+10	27.8335	89.1467	73.641	36.2811	87.115	47.1292	
102000	-114753	-1321.86	-67890.9	-13622.5	0.184803	1	0.108592	18.4175	3.88235	0.0115169	19.8082	0.377508	5063	99	590	-27455.2	62.631f	49.8036	4	1	1	0.0693069	0.158416	0.0891089	9.90099e-09	0	0	0	0	0.727273	0.952475	0.217391	0.495575	0.889546	9.90099e-09	0.0891089	9.90099e-09	1	0.153846	0.324324	0.666667	0.666667	0.666667	1	1	11222.7	1e+20	5.51527e+10	27.8335	89.1467	73.641	36.2811	62.631	49.8036	
103000	-113574	-1321.86	-66712.6	-13530.9	0.183054	1	0.107072	18.679	3.79177	0.0253195	19.8082	0.392014	5009	99	539	-27455.2	46.6168f	17.5648	4	1	1	0.0693069	0.158416	0.0891089	9.90099e-09	0	0	0	0	0.709091	0.954	0.215139	0.555556	0.865462	9.90099e-09	0.0891089	9.90099e-09	1	0.111776	0.281768	0.666667	0.666667	0.666667	1	1	11222.7	1e+20	5.51527e+10	27.8335	89.1467	73.641	36.2811	46.6168	17.5648	
104000	-114398	-1321.86	-67535.8	-13683.9	0.182651	1	0.0922857	21.6718	3.26094	0.027717	19.8082	0.528862	5099	99	517	-27455.2	66.8719f	21.8736	4	1	1	0.0792079	0.158416	0.0891089	9.90099e-09	0	0	0	0	0.772727	0.966667	0.231373	0.519231	0.913725	9.90099e-09	0.0891089	9.90099e-09	1	0.0980392	0.338491	0.666667	0.666667	0.666667	1	1	11222.7	1e+20	5.51527e+10	27.8335	89.1467	73.641	36.2811	66.8719	21.8736	
105000	-114596	-1321.86	-67733.9	-13745.6	0.185351	1	0.0920305	21.7319	3.29999	0.0425588	19.8082	0.524055	5136	99	508	-27455.2	90.6571f	41.5519	4	1	1	0.0792079	0.158416	0.0891089	9.90099e-09	0	0	0	0	0.772727	0.962963	0.229572	0.598039	0.91423	9.90099e-09	0.108911	9.90099e-09	1	0.125	0.328713	0.666667	0.666667	0.666667	1	1	11222.7	1e+20	5.51527e+10	10.5532	87.2003	73.641	36.2811	90.6571	41.5519	
106000	-114417	-1321.86	-67555.5	-13675.6	0.18888	1	0.0945244	21.1586	3.12924	0.0396967	19.3252	0.538067	5094	99	531	-27455.2	79.2618f	21.5466	4	1	1	0.0792079	0.158416	0.009901	9.90099e-09	0	0	0	0	0.672727	0.94902	0.203523	0.543689	0.876471	9.90099e-09	0.108911	9.90099e-09	1	0.105882	0.282486	0.666667	0.666667	0.666667	1	1	11222.7	1e+20	5.51527e+10	10.5532	87.2003	73.641	36.2811	79.2618	21.5466	
107000	-115203	-1321.86	-68341	-13728.9	0.184787	1	0.103536	19.317	3.34701	0.0376921	19.3162	0.459276	5126	99	569	-27455.2	79.7433f	24.2389	4	1	1	0.0792079	0.158416	0.009901	9.90099e-09	0	0	0	0	0.681818	0.970817	0.248047	0.545455	0.877432	9.90099e-09	0.108911	9.90099e-09	1	0.11501	0.326889	0.666667	0.666667	0.666667	1	1	11222.7	1e+20	5.51527e+10	10.5532	87.2003	73.641	36.2811	79.7433	24.2389	
108000	-114064	-1321.86	-67202.3	-13583.7	0.182154	1	0.0975957	20.4927	3.33515	0.00993918	19.6566	0.488961	5040	99	550	-27455.2	59.3773f	47.2606	4	1	1	0.0792079	0.158416	0.009901	9.90099e-09	0	0	0	0	0.718182	0.968442	0.237154	0.539823	0.873267	9.90099e-09	0.108911	9.90099e-09	1	0.134387	0.310909	0.666667	0.666667	0.666667	1	1	11222.7	1e+20	5.51527e+10	10.5532	87.2003	73.641	36.2811	59.3773	47.2606	
109000	-114941	-1321.86	-68079.1	-13727	0.18725	1	0.101204	19.762	3.72099	0.0174057	19.8818	0.422632	5125	99	546	-27455.2	56.4836f	70.905	4	1	1	0.0792079	0.158416	0.009901	9.90099e-09	0	0	0	0	0.781818	0.957364	0.243714	0.47619	0.902534	9.90099e-09	0.108911	9.90099e-09	1	0.116279	0.307002	0.666667	0.666667	0.666667	1	1	11222.7	1e+20	5.51527e+10	7.00477	75.9195	67.328	44.3268	56.4836	70.905	
110000	-114701	-1321.86	-67839.1	-13699.6	0.190199	1	0.0979789	20.4126	3.37144	0.0190293	19.479	0.481805	5108	99	539	-27455.2	39.4286f	24.8418	4	1	1	0.0990099	0.207921	0.009901	9.90099e-09	0	0	0	0	0.690909	0.943249	0.238748	0.462264	0.881092	9.90099e-09	0.108911	9.90099e-09	1	0.124016	0.318949	0.666667	0.666667	0.666667	1	1	11222.7	1e+20	5.51527e+10	7.00477	75.9195	68.2995	63.9382	39.4286	24.8418	
111000	-115212	-1321.86	-68350.3	-13713.5	0.186578	1	0.105499	18.9575	3.56109	0.01703	19.479	0.423632	5117	99	572	-27455.2	70.2752f	52.1926	4	1	1	0.0990099	0.207921	0.009901	9.90099e-09	0	0	0	0	0.727273	0.942801	0.238748	0.553571	0.886719	9.90099e-09	0.0594059	9.90099e-09	1	0.126233	0.315412	0.666667	0.666667	0.666667	1	1	11222.7	1e+20	5.51527e+10	7.00477	75.9195	68.2995	63.9382	70.2752	52.1926	
112000	-116454	-1321.86	-69592.3	-13857.9	0.186578	1	0.102113	19.5861	3.67301	0.0133785	19.791	0.424342	5203	99	599	-27455.2	63.306f	40.0783	4	1	1	0.0990099	0.207921	0.0693069	9.90099e-09	0	0	0	0	0.709091	0.955598	0.289017	0.537815	0.878846	9.90099e-09	0.0594059	9.90099e-09	1	0.144509	0.285714	0.666667	0.666667	0.666667	1	1	11222.7	1e+20	5.51527e+10	7.00477	75.9195	68.2995	63.9382	63.306	40.0783	
113000	-115506	-1321.86	-68644.6	-13809	0.187629	1	0.109817	18.2121	3.36661	0.0103841	18.9891	0.430486	5174	99	549	-27455.2	43.4238f	61.7726	4	1	1	0.0990099	0.207921	0.0693069	9.90099e-09	0	0	0	0	0.745455	0.957447	0.212355	0.513274	0.872587	9.90099e-09	0.0594059	9.90099e-09	1	0.102317	0.316254	0.666667	0.666667	0.666667	1	1	11222.7	1e+20	5.51527e+10	20.1264	81.9833	68.2995	63.9382	43.4238	61.7726	
114000	-115400	-1321.86	-68538.6	-13725.3	0.186333	1	0.114117	17.5259	3.19642	0.0183464	18.5975	0.436321	5124	99	590	-27455.2	70.2113f	58.3113	4	1	1	0.0990099	0.207921	0.0693069	9.90099e-09	0	0	0	0	0.736364	0.952941	0.246094	0.521008	0.863014	9.90099e-09	0.0594059	9.90099e-09	1	0.135294	0.295053	0.666667	0.666667	0.666667	1	1	11222.7	1e+20	5.51527e+10	25.9854	61.2415	55.3023	64.9271	70.2113	58.3113	
115000	-116098	-1321.86	-69236	-13895.5	0.190208	1	0.108673	18.4038	3.10725	0.0376838	18.5975	0.471327	5226	99	558	-27455.2	13.6152f	72.4124	4	1	1	0.0693069	0.207921	0.0693069	9.90099e-09	0	0	0	0	0.790909	0.952015	0.195402	0.565217	0.887189	9.90099e-09	0.0594059	9.90099e-09	1	0.128107	0.31362	0.666667	0.666667	0.666667	1	1	11222.7	1e+20	5.51527e+10	0.0443588	75.3752	55.3023	64.9271	13.6152	72.4124	
116000	-118723	-1321.86	-71861.4	-14212.3	0.1988	1	0.113744	17.5833	3.39915	0.00947767	18.5975	0.411642	5419	99	605	-27455.2	46.0028f	60.2292	4	1	1	0.0693069	0.168317	0.0693069	9.90099e-09	0	0	0	0	0.772727	0.955882	0.240296	0.547826	0.889094	9.90099e-09	0.0891089	9.90099e-09	1	0.127306	0.333333	0.666667	0.666667	0.666667	1	1	11222.7	1e+20	5.51527e+10	0.0443588	75.3752	55.3023	64.9271	46.0028	60.2292	
117000	-118174	-1321.86	-71312.1	-14246.2	0.1988	1	0.109832	18.2096	3.18109	0.01546	18.4525	0.455529	5440	99	537	-27455.2	67.4849f	42.4662	4	1	1	0.0693069	0.168317	0.0693069	9.90099e-09	0	0	0	0	0.809091	0.970642	0.218349	0.566372	0.899635	9.90099e-09	0.0891089	9.90099e-09	1	0.13945	0.280899	0.666667	0.666667	0.666667	1	1	11222.7	1e+20	5.51527e+10	0.0443588	75.3752	55.3023	64.9271	67.4849	42.4662	
118000	-118182	-1321.86	-71320.2	-14304.3	0.1988	1	0.10664	18.7547	2.739	0.0392382	17.9065	0.54489	5476	99	501	-27455.2	87.1659f	36.2344	4	1	1	0.0693069	0.168317	0.0990099	9.90099e-09	0	0	0	0	0.781818	0.959781	0.230347	0.495238	0.90146	9.90099e-09	0.0891089	9.90099e-09	1	0.0985401	0.340122	0.666667	0.666667	0.666667	1	1	11222.7	1e+20	5.51527e+10	0.0443588	75.3752	55.3023	64.9271	87.1659	36.2344	
119000	-118883	-1321.86	-72021	-14343.2	0.198236	1	0.111211	17.9838	2.69278	0.00766321	17.6569	0.53146	5500	99	545	-27455.2	44.3754f	53.2798	4	1	1	0.0693069	0.168317	0.0990099	9.90099e-09	0	0	0	0	0.718182	0.947368	0.216364	0.589286	0.870909	9.90099e-09	0.0891089	9.90099e-09	1	0.121818	0.323636	0.666667	0.666667	0.666667	1	1	11222.7	1e+20	5.51527e+10	23.9371	76.7319	55.3023	64.9271	44.3754	53.2798	
120000	-120500	-1321.86	-73637.7	-14547.5	0.206798	1	0.109536	18.2589	2.9529	0.0723814	17.9467	0.492058	5628	99	560	-27455.2	91.1478f	89.7469	4	1	1	0.0693069	0.168317	0.0990099	9.90099e-09	0	0	0	0	0.709091	0.950266	0.216696	0.487805	0.878788	9.90099e-09	0.0891089	9.90099e-09	1	0.122558	0.314286	0.666667	0.666667	0.666667	1	1	11222.7	1e+20	5.51527e+10	23.9371	76.7319	55.3023	64.9271	91.1478	89.7469	
121000	-118853	-1321.86	-71991.2	-14324.8	0.204035	1	0.104144	19.2042	2.57718	0.0108468	17.6258	0.592982	5488	99	555	-27455.2	56.3785f	38.2874	4	1	1	0.0693069	0.168317	0.0990099	9.90099e-09	0	0	0	0	0.736364	0.954545	0.182149	0.5	0.893116	9.90099e-09	0.0891089	9.90099e-09	1	0.0965392	0.345878	0.666667	0.666667	0.666667	1	1	11222.7	1e+20	5.51527e+10	23.9371	76.7319	55.3023	64.9271	56.3785	38.2874	
122000	-119261	-1321.86	-72399	-14485.3	0.204035	1	0.099723	20.0556	2.46778	0.0124384	17.6258	0.646722	5589	99	498	-27455.2	63.9515f	52.0561	4	1	1	0.0693069	0.168317	0.0990099	9.90099e-09	0	0	0	0	0.709091	0.958929	0.207513	0.466019	0.898032	9.90099e-09	0.138614	9.90099e-09	1	0.11449	0.329317	0.666667	0.666667	0.666667	1	1	11222.7	1e+20	5.51527e+10	23.9371	76.7319	55.3023	64.9271	63.9515	52.0561	
123000	-121138	-1321.86	-74275.8	-14631.2	0.205311	1	0.116383	17.1847	2.67098	0.0120561	17.2699	0.51199	5681	99	577	-27455.2	37.4818f	62.2038	4	1	1	0.0990099	0.158416	0.0990099	9.90099e-09	0	0	0	0	0.790909	0.949123	0.202109	0.482456	0.887522	9.90099e-09	0.138614	9.90099e-09	1	0.0982456	0.357388	0.666667	0.666667	0.666667	1	1	11222.7	1e+20	5.51527e+10	23.9371	76.7319	41.5484	69.5459	37.4818	62.2038	
124000	-122086	-1321.86	-75224.4	-14709.7	0.207219	1	0.128792	15.529	2.89913	0.0114104	17.1469	0.42625	5731	99	609	-27455.2	58.6837f	59.1319	4	1	1	0.0990099	0.158416	0.049505	9.90099e-09	0	0	0	0	0.654545	0.932174	0.220486	0.415385	0.867826	9.90099e-09	0.138614	9.90099e-09	1	0.111111	0.356143	0.666667	0.666667	0.666667	1	1	11222.7	1e+20	5.51527e+10	23.9371	76.7319	41.5484	69.5459	58.6837	59.1319	
125000	-120866	-1321.86	-74004.6	-14599.6	0.207403	1	0.124901	16.0127	2.80935	0.00884261	17.1397	0.453574	5661	99	570	-27455.2	50.7337f	57.95	4	1	1	0.0990099	0.158416	0.049505	9.90099e-09	0	0	0	0	0.763636	0.964789	0.235501	0.447368	0.901408	9.90099e-09	0.138614	9.90099e-09	1	0.116402	0.39576	0.666667	0.666667	0.666667	1	1	11222.7	1e+20	5.51527e+10	43.2638	67.3459	41.5484	69.5459	50.7337	57.95	
126000	-121781	-1321.86	-74919.4	-14671.9	0.207403	1	0.128878	15.5186	2.46607	0.0247923	16.4608	0.50077	5707	99	617	-27455.2	28.0435f	73.5504	4	1	1	0.0990099	0.158416	0.049505	9.90099e-09	0	0	0	0	0.690909	0.954625	0.217391	0.468254	0.885217	9.90099e-09	0.138614	9.90099e-09	1	0.0956522	0.39375	0.666667	0.666667	0.666667	1	1	11222.7	1e+20	5.51527e+10	43.2638	67.3459	41.5484	69.5459	28.0435	73.5504	
127000	-122877	-1321.86	-76015.5	-14788	0.208243	1	0.130735	15.2982	2.83259	0.0462844	16.963	0.42978	5781	99	640	-27455.2	59.4727f	93.7906	4	1	1	0.0990099	0.158416	0.049505	9.90099e-09	0	0	0	0	0.654545	0.953688	0.219178	0.48855	0.869416	0.009901	0.128713	9.90099e-09	1	0.107081	0.364907	0.666667	0.666667	0.666667	1	1	11222.7	1e+20	5.51527e+10	35.3864	55.8044	41.5484	69.5459	59.4727	93.7906	
128000	-122269	-1321.86	-75407	-14811.1	0.212344	1	0.111411	17.9515	2.46146	0.01404	16.963	0.580362	5796	99	565	-27455.2	66.4546f	46.5081	4	1	1	0.0990099	0.19802	0.049505	9.90099e-09	0	0	0	0	0.736364	0.965636	0.19105	0.509091	0.88601	0.009901	0.128713	9.90099e-09	1	0.0687285	0.351005	0.666667	0.666667	0.666667	1	1	11222.7	1e+20	5.51527e+10	35.3864	55.8044	41.5484	69.5459	66.4546	46.5081	
129000	-123195	-1321.86	-76333.2	-14924.2	0.212344	1	0.11725	17.0576	2.53619	0.0174676	16.8735	0.535212	5869	99	575	-27455.2	48.3827f	72.8267	4	1	1	0.0990099	0.19802	0.049505	9.90099e-09	0	0	0	0	0.672727	0.945392	0.193162	0.495727	0.886097	0.009901	0.128713	9.90099e-09	1	0.0967742	0.33913	0.666667	0.666667	0.666667	1	1	11222.7	1e+20	5.51527e+10	20.848	83.5208	41.5484	69.5459	48.3827	72.8267	
130000	-121496	-1321.86	-74634.1	-14667.7	0.204896	1	0.126618	15.7956	2.64274	0.0294381	16.8735	0.475631	5704	99	588	-27455.2	72.4876f	73.2722	4	1	1	0.0594059	0.19802	0.0792079	9.90099e-09	0	0	0	0	0.7	0.961268	0.194737	0.521008	0.88225	0.009901	0.128713	9.90099e-09	1	0.0917108	0.323129	0.666667	0.666667	0.666667	1	1	11222.7	1e+20	5.51527e+10	20.848	83.5208	41.5484	69.5459	72.4876	73.2722	
131000	-120676	-1321.86	-73814.4	-14459.9	0.20407	1	0.128459	15.5692	2.73808	0.0529151	16.9794	0.452492	5573	99	639	-27455.2	45.5512f	99.1808	4	1	1	0.0594059	0.19802	0.0792079	9.90099e-09	0	0	0	0	0.727273	0.960573	0.172352	0.475806	0.885099	0.009901	0.128713	9.90099e-09	1	0.129032	0.350548	0.666667	0.666667	0.666667	1	1	11222.7	1e+20	5.51527e+10	20.848	83.5208	46.7537	93.889	45.5512	99.1808	
132000	-119684	-1321.86	-72821.9	-14431.1	0.202704	1	0.120828	16.5525	2.37127	0.0517786	16.6604	0.555485	5555	99	570	-27455.2	78.0393f	87.8305	4	1	1	0.0594059	0.19802	0.0792079	9.90099e-09	0	0	0	0	0.790909	0.956912	0.176259	0.483051	0.86535	0.009901	0.128713	9.90099e-09	1	0.0989209	0.323129	0.666667	0.666667	0.666667	1	1	11222.7	1e+20	5.51527e+10	20.848	83.5208	46.7537	93.889	78.0393	87.8305	
133000	-121692	-1321.86	-74829.9	-14613.1	0.202704	1	0.118154	16.9271	2.81867	0.0510402	17.4937	0.477891	5669	99	632	-27455.2	34.7251f	96.5474	4	1	1	0.0594059	0.178218	0.0792079	9.90099e-09	0	0	0	0	0.709091	0.949033	0.212014	0.468254	0.857143	0.009901	0.128713	9.90099e-09	1	0.116402	0.336508	0.666667	0.666667	0.666667	1	1	11222.7	1e+20	5.51527e+10	20.848	83.5208	46.7537	93.889	34.7251	96.5474	
134000	-119101	-1321.86	-72238.7	-14311.4	0.202704	1	0.115456	17.3226	3.01834	0.0155952	17.8986	0.456704	5480	99	583	-27455.2	60.3272f	66.135	4	1	1	0.0594059	0.178218	0.0792079	9.90099e-09	0	0	0	0	0.745455	0.961609	0.210526	0.537815	0.895985	0.009901	0.128713	9.90099e-09	1	0.131627	0.331126	0.666667	0.666667	0.666667	1	1	11222.7	1e+20	5.51527e+10	20.848	83.5208	70.4845	85.7582	60.3272	66.135	
135000	-119182	-1321.86	-72319.8	-14378.3	0.201053	1	0.107937	18.5292	2.79879	0.0220154	17.8986	0.526838	5522	99	546	-27455.2	67.0571f	69.6272	4	1	1	0.0594059	0.178218	0.0792079	9.90099e-09	0	0	0	0	0.718182	0.962094	0.227027	0.457627	0.886076	0.009901	0.108911	9.90099e-09	1	0.117541	0.383128	0.666667	0.666667	0.666667	1	1	11222.7	1e+20	5.51527e+10	20.848	83.5208	70.4845	85.7582	67.0571	69.6272	
136000	-119300	-1321.86	-72438.2	-14442.4	0.201124	1	0.111639	17.9148	2.8958	0.0561701	17.8986	0.492305	5562	99	522	-27455.2	76.309f	92.0513	4	1	1	0.0891089	0.178218	0.049505	9.90099e-09	0	0	0	0	0.8	0.971171	0.230216	0.538462	0.881508	0.009901	0.108911	9.90099e-09	1	0.0951526	0.323643	0.666667	0.666667	0.666667	1	1	11222.7	1e+20	5.51527e+10	20.848	83.5208	68.2489	74.4729	76.309	92.0513	
137000	-121397	-1321.86	-74535.3	-14700.8	0.205432	1	0.114949	17.399	2.76149	0.0163712	17.4658	0.501385	5725	99	550	-27455.2	68.2446f	57.0276	4	1	1	0.0891089	0.178218	0.049505	9.90099e-09	0	0	0	0	0.836364	0.966841	0.212654	0.543103	0.904014	0.009901	0.108911	9.90099e-09	1	0.108581	0.294545	0.666667	0.666667	0.666667	1	1	11222.7	1e+20	5.51527e+10	20.848	83.5208	68.2489	74.4729	68.2446	57.0276	
138000	-123302	-1321.86	-76440.4	-14865.4	0.21351	1	0.12194	16.4015	3.21406	0.00915429	17.7039	0.406088	5831	99	616	-27455.2	37.5163f	52.6983	4	1	1	0.0891089	0.178218	0.049505	9.90099e-09	0	0	0	0	0.718182	0.958904	0.210616	0.459016	0.866551	0.009901	0.108911	9.90099e-09	1	0.125	0.339934	0.666667	0.666667	0.666667	1	1	11222.7	1e+20	5.51527e+10	20.848	83.5208	68.2489	74.4729	37.5163	52.6983	
139000	-122955	-1321.86	-76092.9	-14819.1	0.21351	1	0.117448	17.0289	3.0653	0.0177646	17.6604	0.442082	5801	99	614	-27455.2	67.313f	62.4296	4	1	1	0.0891089	0.178218	0.049505	9.90099e-09	0	0	0	0	0.7	0.962134	0.251291	0.587302	0.88296	0.009901	0.108911	9.90099e-09	1	0.110155	0.341308	0.666667	0.666667	0.666667	1	1	11222.7	1e+20	5.51527e+10	20.848	83.5208	68.2489	74.4729	67.313	62.4296	
140000	-122621	-1321.86	-75759.2	-14762.8	0.208787	1	0.122181	16.3692	3.11829	0.0397499	17.6604	0.417735	5765	99	622	-27455.2	84.2726f	69.5108	4	1	1	0.0891089	0.188119	0.049505	9.90099e-09	0	0	0	0	0.7	0.942708	0.213172	0.5	0.868056	0.009901	0.108911	9.90099e-09	1	0.0954861	0.354943	0.666667	0.666667	0.666667	1	1	11222.7	1e+20	5.51527e+10	20.848	83.5208	68.2489	74.4729	84.2726	69.5108	
141000	-124295	-1321.86	-77433	-15049.4	0.213031	1	0.118437	16.8867	3.08417	0.0485375	17.6604	0.435709	5950	99	591	-27455.2	17.3179f	86.1796	4	1	1	0.0891089	0.188119	0.049505	9.90099e-09	0	0	0	0	0.781818	0.949749	0.223529	0.47541	0.882747	0.009901	0.108911	9.90099e-09	1	0.112985	0.374576	0.666667	0.666667	0.666667	1	1	11222.7	1e+20	5.51527e+10	20.848	83.5208	68.2489	74.4729	17.3179	86.1796	
142000	-125967	-1321.86	-79104.7	-15213.2	0.217985	1	0.107648	18.5791	2.86842	0.0148511	17.6604	0.515433	6058	99	636	-27455.2	36.051f	66.2826	4	1	1	0.0693069	0.188119	0.039604	9.90099e-09	0	0	0	0	0.727273	0.962046	0.200988	0.571429	0.882838	0.009901	0.108911	9.90099e-09	1	0.113861	0.34434	0.666667	0.666667	0.666667	1	1	11222.7	1e+20	5.51527e+10	20.848	83.5208	39.6853	91.2285	36.051	66.2826	
143000	-125252	-1321.86	-78389.8	-15209.8	0.221773	1	0.109722	18.2278	2.86547	0.0340848	17.4963	0.506208	6056	99	574	-27455.2	37.2421f	86.2054	4	1	1	0.0693069	0.188119	0.039604	9.90099e-09	0	0	0	0	0.781818	0.958949	0.236842	0.559322	0.908497	0.009901	0.108911	9.90099e-09	1	0.115132	0.378049	0.666667	0.666667	0.666667	1	1	11222.7	1e+20	5.51527e+10	20.848	83.5208	39.6853	91.2285	37.2421	86.2054	
144000	-125448	-1321.86	-78586	-15182.7	0.221773	1	0.0977765	20.4548	3.0977	0.053482	18.3621	0.525468	6038	99	604	-27455.2	59.3898f	98.0339	4	1	1	0.0693069	0.188119	0.039604	9.90099e-09	0	0	0	0	0.754545	0.971808	0.240864	0.455285	0.87728	0.009901	0.108911	9.90099e-09	1	0.135762	0.308943	0.666667	0.666667	0.666667	1	1	11222.7	1e+20	5.51527e+10	20.848	83.5208	39.6853	91.2285	59.3898	98.0339	
145000	-122154	-1321.86	-75292.5	-14814.5	0.213444	1	0.10191	19.6253	2.88708	0.0411332	18.0276	0.540937	5798	99	541	-27455.2	45.2303f	92.2263	4	1	1	0.0693069	0.188119	0.039604	0.009901	0	0	0	0	0.709091	0.957045	0.227194	0.534483	0.89673	0.009901	0.108911	9.90099e-09	1	0.0946644	0.291209	0.666667	0.666667	0.666667	1	1	11222.7	1e+20	5.51527e+10	20.848	83.5208	39.6853	91.2285	45.2303	92.2263	
146000	-124362	-1321.86	-77499.7	-14992	0.213828	1	0.118788	16.8368	3.29994	0.0504923	17.9315	0.406015	5913	99	629	-27455.2	57.5746f	96.7566	4	1	1	0.0693069	0.148515	0.039604	0.009901	0	0	0	0	0.681818	0.963025	0.210438	0.52381	0.863866	0.009901	0.108911	9.90099e-09	1	0.111486	0.340157	0.666667	0.666667	0.666667	1	1	11222.7	1e+20	5.51527e+10	24.1186	58.465	39.6853	91.2285	57.5746	96.7566	
147000	-125177	-1321.86	-78314.8	-15155.2	0.219545	1	0.109332	18.293	2.7449	0.0459285	17.3685	0.530333	6020	99	599	-27455.2	62.4632f	92.6386	4	1	1	0.0693069	0.148515	0.039604	0.009901	0	0	0	0	0.718182	0.946667	0.226667	0.458333	0.882255	0.009901	0.138614	9.90099e-09	1	0.0895522	0.315091	0.666667	0.666667	0.666667	1	1	11222.7	1e+20	5.51527e+10	24.1186	58.465	39.6853	91.2285	62.4632	92.6386	
148000	-125576	-1321.86	-78714.4	-15215.9	0.222438	1	0.110965	18.0237	2.86934	0.0175819	17.4399	0.499864	6060	99	599	-27455.2	53.5071f	72.1498	4	1	1	0.108911	0.148515	0.118812	0.009901	0	0	0	0	0.7	0.948845	0.222405	0.55	0.883031	0.009901	0.138614	9.90099e-09	1	0.103789	0.337705	0.666667	0.666667	0.666667	1	1	11222.7	1e+20	5.51527e+10	24.1186	58.465	67.5399	72.7228	53.5071	72.1498	
149000	-122708	-1321.86	-75845.9	-14951.9	0.214855	1	0.106737	18.7377	2.21453	0.0347976	16.6496	0.673325	5887	99	518	-27455.2	61.3472f	85.3913	4	1	1	0.108911	0.148515	0.118812	0.009901	0	0	0	0	0.781818	0.966044	0.209459	0.513761	0.888325	0.009901	0.138614	9.90099e-09	1	0.101868	0.335835	0.666667	0.666667	0.666667	1	1	11222.7	1e+20	5.51527e+10	24.1186	58.465	67.5399	72.7228	61.3472	85.3913	
150000	-126029	-1321.86	-79167.5	-15234.4	0.224073	1	0.117804	16.9774	2.549	0.0274637	16.6496	0.530017	6072	99	637	-27455.2	77.4511f	34.9482	4	1	1	0.108911	0.148515	0.118812	0.009901	0	0	0	0	0.7	0.965404	0.179276	0.522523	0.855501	0.009901	0.138614	9.90099e-09	1	0.105263	0.362928	0.666667	0.666667	0.666667	1	1	11222.7	1e+20	5.51527e+10	24.1186	58.465	67.5399	72.7228	77.4511	34.9482	
151000	-125187	-1321.86	-78325.1	-15189.5	0.224073	1	0.112118	17.8383	2.70559	0.0162094	17.1099	0.524664	6042	99	586	-27455.2	65.1652f	62.2862	4	1	1	0.108911	0.148515	0.118812	0.009901	0	0	0	0	0.745455	0.945455	0.193709	0.453782	0.892384	0.009901	0.138614	9.90099e-09	1	0.092562	0.331104	0.666667	0.666667	0.666667	1	1	11222.7	1e+20	5.51527e+10	3.07146	77.091	67.5399	72.7228	65.1652	62.2862	
152000	-129071	-1321.86	-82208.7	-15639.3	0.224642	1	0.119101	16.7925	2.88139	0.00844755	17.1099	0.463769	6343	99	641	-27455.2	50.8515f	56.5686	4	1	1	0.108911	0.148515	0.118812	0.009901	0	0	0	0	0.727273	0.951104	0.230159	0.419847	0.87224	0.009901	0.138614	9.90099e-09	1	0.134069	0.339036	0.666667	0.666667	0.666667	1	1	11222.7	1e+20	5.51527e+10	3.07146	77.091	67.5399	72.7228	50.8515	56.5686	
153000	-126943	-1321.86	-80081.5	-15412.1	0.220736	1	0.119355	16.7567	2.83734	0.0521154	17.1099	0.469967	6190	99	600	-27455.2	75.2794f	8.11061	4	1	1	0.108911	0.217822	0.118812	9.90099e-09	0	0	0	0	0.718182	0.969305	0.203883	0.538462	0.908065	0.009901	0.138614	9.90099e-09	1	0.101613	0.345336	0.666667	0.666667	0.666667	1	1	11222.7	1e+20	5.51527e+10	8.11195	85.0576	51.7148	21.0723	75.2794	8.11061	
154000	-127480	-1321.86	-80618.2	-15518.8	0.23482	1	0.111124	17.9979	2.81021	0.022906	17.1099	0.509651	6261	99	579	-27455.2	18.8584f	41.5596	4	1	1	0.108911	0.217822	0.118812	9.90099e-09	0	0	0	0	0.745455	0.968254	0.199362	0.554622	0.867624	0.009901	0.118812	9.90099e-09	1	0.106349	0.369603	0.666667	0.666667	0.666667	1	1	11222.7	1e+20	5.51527e+10	8.11195	85.0576	51.7148	21.0723	18.8584	41.5596	
155000	-127782	-1321.86	-80919.9	-15525.1	0.22995	1	0.1143	17.4978	2.83059	0.0265327	17.1099	0.491923	6267	99	604	-27455.2	29.9952f	21.4593	4	1	1	0.0891089	0.217822	0.039604	9.90099e-09	0	0	0	0	0.690909	0.961661	0.170654	0.421488	0.8992	0.009901	0.118812	9.90099e-09	1	0.103668	0.350254	0.666667	0.666667	0.666667	1	1	11222.7	1e+20	5.51527e+10	8.11195	85.0576	51.7148	21.0723	29.9952	21.4593	
156000	-127331	-1321.86	-80469.4	-15526.6	0.229605	1	0.109136	18.3257	2.69865	0.0108574	17.1099	0.540387	6268	99	562	-27455.2	38.515f	37.9307	4	1	1	0.0891089	0.217822	0.039604	9.90099e-09	0	0	0	0	0.690909	0.971383	0.205742	0.535088	0.901274	0.009901	0.118812	9.90099e-09	1	0.103668	0.355872	0.666667	0.666667	0.666667	1	1	11222.7	1e+20	5.51527e+10	8.11195	85.0576	30.2203	39.5837	38.515	37.9307	
157000	-129807	-1321.86	-82944.9	-15707.7	0.229239	1	0.118319	16.9034	3.02948	0.0338128	17.2665	0.444014	6391	99	665	-27455.2	15.0498f	28.4869	4	1	1	0.0891089	0.217822	0.039604	9.90099e-09	0	0	0	0	0.718182	0.946541	0.200627	0.495798	0.874214	0.009901	0.118812	9.90099e-09	1	0.117925	0.342282	0.666667	0.666667	0.666667	1	1	11222.7	1e+20	5.51527e+10	21.5412	60.6335	21.8254	21.7731	15.0498	28.4869	
158000	-129584	-1321.86	-82722.4	-15701.1	0.237508	1	0.113598	17.6059	3.01353	0.0162274	17.2665	0.464914	6386	99	645	-27455.2	34.6011f	30.7721	4	1	1	0.0891089	0.148515	0.039604	9.90099e-09	0	0	0	0	0.718182	0.959248	0.214619	0.429688	0.882445	0.009901	0.118812	9.90099e-09	1	0.119122	0.377535	0.666667	0.666667	0.666667	1	1	11222.7	1e+20	5.51527e+10	21.5412	60.6335	21.8254	21.7731	34.6011	30.7721	
159000	-129721	-1321.86	-82859.1	-15739.9	0.237508	1	0.112555	17.7692	2.98584	0.0265922	17.2665	0.473577	6413	99	630	-27455.2	15.6982f	40.7413	4	1	1	0.0891089	0.148515	0.039604	9.90099e-09	0	0	0	0	0.754545	0.964006	0.225	0.488372	0.879688	0.009901	0.118812	9.90099e-09	1	0.0965732	0.375786	0.666667	0.666667	0.666667	1	1	11222.7	1e+20	5.51527e+10	39.8961	62.4535	21.8254	21.7731	15.6982	40.7413	
160000	-132071	-1321.86	-85208.7	-15987.1	0.237508	1	0.115808	17.2699	3.07216	0.0708529	17.2665	0.447339	6585	99	676	-27455.2	1.40728f	11.7623	4	1	1	0.0891089	0.148515	0.039604	9.90099e-09	0	0	0	0	0.727273	0.961948	0.229833	0.532787	0.893455	0.009901	0.0891089	9.90099e-09	1	0.109589	0.354331	0.666667	0.666667	0.666667	1	1	11222.7	1e+20	5.51527e+10	39.8961	62.4535	21.8254	21.7731	1.40728	11.7623	
161000	-131792	-1321.86	-84930.5	-16040.3	0.237508	1	0.117269	17.0548	3.1109	0.0302484	17.2665	0.436266	6622	99	613	-27455.2	41.3849f	14.0122	4	1	1	0.0891089	0.148515	0.039604	9.90099e-09	0	0	0	0	0.718182	0.945619	0.235294	0.465116	0.891437	0.009901	0.0891089	9.90099e-09	1	0.114286	0.340426	0.666667	0.666667	0.666667	1	1	11222.7	1e+20	5.51527e+10	39.8961	62.4535	21.8254	21.7731	41.3849	14.0122	
162000	-132033	-1321.86	-85171.4	-15975.6	0.237508	1	0.120051	16.6596	3.38088	0.0213371	17.5264	0.392124	6577	99	684	-27455.2	34.1886f	24.4865	4	1	1	0.049505	0.148515	0.029703	9.90099e-09	0	0	0	0	0.654545	0.959337	0.248862	0.555556	0.881818	0.009901	0.0891089	9.90099e-09	1	0.120482	0.331865	0.666667	0.666667	0.666667	1	1	11222.7	1e+20	5.51527e+10	39.8961	62.4535	21.8254	21.7731	34.1886	24.4865	
163000	-129699	-1321.86	-82837.5	-15823.4	0.233353	1	0.104182	19.1971	2.88265	0.0232561	17.5264	0.529949	6471	99	569	-27455.2	52.9764f	19.9673	4	1	1	0.049505	0.148515	0.029703	9.90099e-09	0	0	0	0	0.718182	0.954969	0.204969	0.525	0.903727	0.009901	0.0891089	9.90099e-09	1	0.095679	0.37913	0.666667	0.666667	0.666667	1	1	11222.7	1e+20	5.51527e+10	12.3566	52.1632	21.8254	21.7731	52.9764	19.9673	
164000	-132136	-1321.86	-85274.3	-16039.9	0.238782	1	0.114201	17.513	3.23338	0.0378004	17.5264	0.431017	6622	99	646	-27455.2	30.4486f	11.7093	4	1	1	0.049505	0.148515	0.029703	9.90099e-09	0	0	0	0	0.690909	0.96347	0.20997	0.412698	0.875957	0.009901	0.0891089	9.90099e-09	1	0.10574	0.316212	0.666667	0.666667	0.666667	1	1	11222.7	1e+20	5.51527e+10	12.3566	52.1632	53.0837	29.0093	30.4486	11.7093	
165000	-132432	-1321.86	-85570.1	-16032.6	0.239413	1	0.117173	17.0687	3.21474	0.0166511	17.3776	0.422518	6617	99	677	-27455.2	44.3298f	26.5064	4	1	1	0.049505	0.217822	0.029703	9.90099e-09	0	0	0	0	0.736364	0.950226	0.216012	0.522727	0.886364	0.009901	0.0891089	9.90099e-09	1	0.119335	0.336826	0.666667	0.666667	0.666667	1	1	11222.7	1e+20	5.51527e+10	12.3566	52.1632	53.0837	29.0093	44.3298	26.5064	
166000	-132504	-1321.86	-85641.7	-16062.6	0.239413	1	0.112324	17.8057	3.08169	0.0423878	17.3776	0.459791	6638	99	662	-27455.2	40.3485f	5.68999	4	1	1	0.049505	0.217822	0.029703	9.90099e-09	0	0	0	0	0.772727	0.97006	0.207207	0.496296	0.896396	0.009901	0.108911	9.90099e-09	1	0.103448	0.346812	0.666667	0.666667	0.666667	1	1	11222.7	1e+20	5.51527e+10	12.3566	52.1632	53.0837	29.0093	40.3485	5.68999	
167000	-130984	-1321.86	-84122.2	-15845.3	0.239413	1	0.126533	15.8061	3.50481	0.00768669	17.4191	0.358882	6486	99	674	-27455.2	52.4329f	48.9796	4	1	1	0.049505	0.217822	0.029703	9.90099e-09	0	0	0	0	0.590909	0.936728	0.193846	0.557143	0.87057	0.009901	0.108911	9.90099e-09	1	0.118644	0.338686	0.666667	0.666667	0.666667	1	1	11222.7	1e+20	5.51527e+10	12.3566	52.1632	53.0837	29.0093	52.4329	48.9796	
168000	-131369	-1321.86	-84507.4	-15947.5	0.235366	1	0.116532	17.1627	3.17323	0.0595139	17.4191	0.430403	6557	99	639	-27455.2	98.7013f	34.1083	4	1	1	0.0693069	0.217822	0.049505	9.90099e-09	0	0	0	0	0.627273	0.963359	0.18626	0.414815	0.887195	0.009901	0.108911	9.90099e-09	1	0.102446	0.332312	0.666667	0.666667	0.666667	1	1	11222.7	1e+20	5.51527e+10	12.3566	52.1632	53.0837	29.0093	98.7013	34.1083	
169000	-130813	-1321.86	-83951.5	-15937.3	0.235366	1	0.10466	19.1095	2.84996	0.015207	17.4191	0.533581	6550	99	591	-27455.2	47.6783f	28.136	4	1	1	0.0693069	0.217822	0.049505	9.90099e-09	0	0	0	0	0.745455	0.957121	0.192012	0.483333	0.915023	0.009901	0.108911	9.90099e-09	1	0.106707	0.329412	0.666667	0.666667	0.666667	1	1	11222.7	1e+20	5.51527e+10	23.9387	45.6944	53.0837	29.0093	47.6783	28.136	
170000	-130088	-1321.86	-83226.1	-15788.3	0.235366	1	0.114428	17.4783	3.11594	0.0173146	17.4191	0.446375	6447	99	630	-27455.2	43.5696f	25.8214	4	1	1	0.0693069	0.217822	0.049505	9.90099e-09	0	0	0	0	0.727273	0.955178	0.214838	0.572581	0.897991	0.009901	0.108911	9.90099e-09	1	0.106977	0.373609	0.666667	0.666667	0.666667	1	1	11222.7	1e+20	5.51527e+10	28.7674	65.101	53.0837	29.0093	43.5696	25.8214	
171000	-130879	-1321.86	-84017.2	-15888.2	0.235366	1	0.106561	18.7686	2.74393	0.0444753	17.1773	0.544314	6516	99	628	-27455.2	83.3234f	21.8053	4	1	1	0.0693069	0.138614	0.049505	9.90099e-09	0	0	0	0	0.609091	0.966206	0.240798	0.469231	0.881902	0.009901	0.108911	9.90099e-09	1	0.111963	0.344037	0.666667	0.666667	0.666667	1	1	11222.7	1e+20	5.51527e+10	28.7674	65.101	53.0837	29.0093	83.3234	21.8053	
172000	-128969	-1321.86	-82107.5	-15691.3	0.226831	1	0.115456	17.3225	2.42531	0.00740482	16.4763	0.568374	6379	99	604	-27455.2	49.8268f	46.9153	4	1	1	0.0693069	0.138614	0.049505	9.90099e-09	0	0	0	0	0.709091	0.962264	0.204082	0.491935	0.918367	0.009901	0.108911	9.90099e-09	1	0.106583	0.392256	0.666667	0.666667	0.666667	1	1	11222.7	1e+20	5.51527e+10	28.7674	65.101	53.0837	29.0093	49.8268	46.9153	
173000	-129566	-1321.86	-82704	-15789.9	0.233442	1	0.101911	19.6249	2.2774	0.0225202	16.6133	0.685739	6448	99	590	-27455.2	43.2125f	20.3784	4	1	1	0.0693069	0.138614	0.039604	9.90099e-09	0	0	0	0	0.718182	0.97678	0.185759	0.429825	0.88958	0.009901	0.138614	9.90099e-09	1	0.105426	0.319716	0.666667	0.666667	0.666667	1	1	11222.7	1e+20	5.51527e+10	20.6651	62.3383	53.0837	29.0093	43.2125	20.3784	
174000	-131393	-1321.86	-84531.1	-16022.5	0.240926	1	0.105853	18.8942	2.44131	0.00801464	16.6133	0.61588	6610	99	600	-27455.2	48.872f	42.601	4	1	1	0.0693069	0.138614	0.039604	9.90099e-09	0	0	0	0	0.790909	0.948407	0.201515	0.5	0.889226	0.009901	0.138614	9.90099e-09	1	0.107251	0.333333	0.666667	0.666667	0.666667	1	1	11222.7	1e+20	5.51527e+10	20.6651	62.3383	53.0837	29.0093	48.872	42.601	
175000	-130050	-1321.86	-83188.2	-15871.6	0.240926	1	0.111867	17.8784	2.58002	0.0103142	16.6133	0.551436	6504	99	577	-27455.2	50.301f	36.3819	4	1	1	0.049505	0.138614	0.039604	9.90099e-09	0	0	0	0	0.681818	0.943164	0.220521	0.516667	0.897081	0.009901	0.138614	9.90099e-09	1	0.0860215	0.338789	0.666667	0.666667	0.666667	1	1	11222.7	1e+20	5.51527e+10	20.6651	62.3383	53.0837	29.0093	50.301	36.3819	
176000	-130674	-1321.86	-83811.9	-15941.4	0.236308	1	0.116263	17.2024	2.71441	0.0164035	16.7451	0.504319	6553	99	589	-27455.2	67.9624f	40.3689	4	1	1	0.049505	0.138614	0.039604	9.90099e-09	0	0	0	0	0.672727	0.957576	0.193646	0.6	0.89939	0.009901	0.138614	9.90099e-09	1	0.111963	0.357751	0.666667	0.666667	0.666667	1	1	11222.7	1e+20	5.51527e+10	20.6651	62.3383	53.0837	29.0093	67.9624	40.3689	
177000	-130330	-1321.86	-83468.4	-15851.9	0.236308	1	0.116154	17.2185	2.7687	0.0124756	16.8321	0.49489	6491	99	614	-27455.2	53.3112f	33.1961	4	1	1	0.049505	0.158416	0.039604	9.90099e-09	0	0	0	0	0.745455	0.964724	0.189522	0.570313	0.880368	0.009901	0.138614	9.90099e-09	1	0.101538	0.36767	0.666667	0.666667	0.666667	1	1	11222.7	1e+20	5.51527e+10	20.6651	62.3383	53.0837	29.0093	53.3112	33.1961	
178000	-129252	-1321.86	-82390.1	-15804.3	0.236308	1	0.103173	19.385	2.5841	0.0293887	17.0417	0.596961	6458	99	551	-27455.2	14.3665f	37.37	4	1	1	0.049505	0.158416	0.039604	9.90099e-09	0	0	0	0	0.618182	0.962848	0.216174	0.518182	0.877709	0.009901	0.138614	9.90099e-09	1	0.0995334	0.37594	0.666667	0.666667	0.666667	1	1	11222.7	1e+20	5.51527e+10	20.6651	62.3383	51.7744	37.9419	14.3665	37.37	
179000	-131031	-1321.86	-84169.2	-16048.1	0.236308	1	0.0993004	20.1409	2.45869	0.0144001	16.9929	0.651876	6627	99	545	-27455.2	61.5958f	62.8742	4	1	1	0.049505	0.158416	0.039604	9.90099e-09	0	0	0	0	0.690909	0.969743	0.212349	0.508929	0.897126	0.009901	0.0693069	9.90099e-09	1	0.0844646	0.358929	0.666667	0.666667	0.666667	1	1	11222.7	1e+20	5.51527e+10	24.1185	65.3834	51.7744	37.9419	61.5958	62.8742	
180000	-129887	-1321.86	-83025.3	-15780	0.229067	1	0.110872	18.0388	2.71981	0.0107527	17.0858	0.527789	6440	99	624	-27455.2	50.4277f	35.4974	4	1	1	0.049505	0.158416	0.049505	9.90099e-09	0	0	0	0	0.663636	0.951863	0.204651	0.422764	0.911628	0.009901	0.0693069	9.90099e-09	1	0.103876	0.314103	0.666667	0.666667	0.666667	1	1	11222.7	1e+20	5.51527e+10	24.1185	65.3834	51.7744	37.9419	50.4277	35.4974	
181000	-128241	-1321.86	-81379	-15615.2	0.233156	1	0.115735	17.2809	2.65856	0.0125394	16.7333	0.517262	6328	99	589	-27455.2	41.9668f	32.8086	4	1	1	0.049505	0.158416	0.049505	9.90099e-09	0	0	0	0	0.654545	0.968354	0.204114	0.53719	0.892405	0.009901	0.0693069	9.90099e-09	1	0.0886076	0.39219	0.666667	0.666667	0.666667	1	1	11222.7	1e+20	5.51527e+10	24.1185	65.3834	51.7744	37.9419	41.9668	32.8086	
182000	-130860	-1321.86	-83998.2	-15931.2	0.233156	1	0.108846	18.3746	2.59515	0.00993978	16.8898	0.563439	6545	99	614	-27455.2	47.6105f	36.8359	4	1	1	0.049505	0.138614	0.049505	9.90099e-09	0	0	0	0	0.727273	0.964778	0.19419	0.460317	0.874618	9.90099e-09	0.0693069	9.90099e-09	1	0.0977099	0.364632	0.666667	0.666667	0.666667	1	1	11222.7	1e+20	5.51527e+10	24.1185	65.3834	51.7098	45.7104	47.6105	36.8359	
183000	-127748	-1321.86	-80885.9	-15565.1	0.231373	1	0.118564	16.8685	2.78547	0.0135557	16.8599	0.481913	6294	99	574	-27455.2	53.6265f	66.6683	4	1	1	0.049505	0.138614	0.049505	9.90099e-09	0	0	0	0	0.736364	0.946203	0.21485	0.57377	0.903481	9.90099e-09	0.0693069	9.90099e-09	1	0.104265	0.367596	0.666667	0.666667	0.666667	1	1	11222.7	1e+20	5.51527e+10	24.1185	65.3834	51.7098	45.7104	53.6265	66.6683	
184000	-131232	-1321.86	-84370.2	-15966.3	0.235397	1	0.110592	18.0845	2.64851	0.0133167	16.8681	0.543368	6570	99	617	-27455.2	39.9994f	65.9457	4	1	1	0.049505	0.138614	0.049505	9.90099e-09	0	0	0	0	0.727273	0.966206	0.213292	0.504	0.901216	9.90099e-09	0.0693069	9.90099e-09	1	0.100304	0.335494	0.666667	0.666667	0.666667	1	1	11222.7	1e+20	5.51527e+10	24.1185	65.3834	51.7098	45.7104	39.9994	65.9457	
185000	-131637	-1321.86	-84774.8	-16000	0.237595	1	0.112743	17.7394	2.72523	0.0357676	16.8681	0.517997	6594	99	636	-27455.2	62.6048f	12.5959	4	1	1	0.049505	0.138614	0.049505	9.90099e-09	0	0	0	0	0.690909	0.963526	0.160606	0.47619	0.900151	9.90099e-09	0.0792079	9.90099e-09	1	0.101515	0.351097	0.666667	0.666667	0.666667	1	1	11222.7	1e+20	5.51527e+10	24.1185	65.3834	64.8653	45.2969	62.6048	12.5959	