
# before rand glnL: -96617.899550 alnL: -1164.901363
# ninter: 99
# ncoal: 99
# nhits: 99
# true lbda: 0.001369
# true mu: 0.365640
# true rad: 18.277225
# true sigsq: 0.070211
# true neigh. size: 5.469863
# fst-based estimate of neighborhood size: -nan
# nucleotide diversity: 0.000000
# length of a generation: 21387.7 time units
# clock rate: 1 subst. per time unit
# after rand glnL: -96617.899550 alnL: -1164.901363
# ninter: 99
# ncoal: 99
# nhits: 99
# start lbda: 0.001369
# start mu: 0.365640
# start rad: 12.191307
sample	lnP	alnL	glnL	tlnL	lbda	clock	mu	neigh	sigsq	sigsqobs	rad	rhoe	nInt	nCoal	nHit	rootTime	rootLon	rootLat	tstv	alpha	MeanBr	accLbda	accMu	accRad	accInDelDisk	accInDelHit	accScaleTime	accSPR	accSPRlocal	accPath	accIndelDiskSerial	accIndelHitSerial	accLdskGivenDisk	accDiskGivenLdsk	accDiskAndLdsk	accLdskMulti	accDiskMulti	accMoveDiskUD	accAddRemoveJump	accLdskTipToRoot	tuneLbda	tuneRad	tuneMu	tuneIndelDisk	tuneIndelHit	tuneLdskGivenDisk	tuneIndelDiskSerial	tuneIndelHitSerial	c0	c1	rootc0	rootc1	rootldsk0	rootldsk1	
  1000	-52808.3	-1164.9	-6103.35	-1776.92	0.00346981	1	0.14926	13.3994	0.101619	0.00747774	19.8783	10.493	269	99	110	-73029.3	81.1281f	39.5741	4	1	1	0	0	0	0	0	0	0	0	0.990909	0.757282	0.302752	0.470588	0.590476	0	0	0	1	0.130841	0.122807	1	1	1	1	1	1.5	11.3906	1	68.0621	22.7218	95.0088	11.3343	81.1281	39.5741	
  2000	-55422.9	-1164.9	-8718.04	-2634.49	0.00537473	1	0.149551	13.3734	0.157715	0.018119	19.8783	6.74774	429	99	139	-73029.3	82.2704f	10.2815	4	1	1	0	0	0	0	0	0	0	0	0.990909	0.944	0.34188	0.495496	0.677419	0	0	0	1	0.126984	0.282609	1	1	1	1	1	3.375	437.894	2.25	68.0621	22.7218	95.0088	11.3343	82.2704	10.2815	
  3000	-57160.4	-1164.9	-10455.5	-3193.33	0.00658101	1	0.20935	9.55337	0.248347	0.0165505	19.4613	3.06117	540	99	156	-73029.3	86.4165f	17.3261	4	1	1	0	0	0	0	0	0	0	0	0.972727	0.90991	0.256881	0.464286	0.761468	0	0	0	1	0.145455	0.240506	1	1	1	1	1	11.3906	85222.7	17.0859	80.5057	48.4427	95.0088	11.3343	86.4165	17.3261	
  4000	-59381.9	-1164.9	-12677	-3939.34	0.00960948	1	0.186532	10.722	0.347732	0.00918545	19.8219	2.4537	697	99	157	-73029.3	49.9786f	13.8058	4	1	1	0	0	0	0	0	0	0	0	0.972727	0.916084	0.2	0.495238	0.792857	0	0	0	1	0.121429	0.178571	1	1	1	1	1	25.6289	5.59777e+07	656.841	76.1621	31.6126	95.0088	11.3343	49.9786	13.8058	
  5000	-60637.9	-1164.9	-13933	-4384.42	0.0105638	1	0.190301	10.5097	0.397523	0.0042842	19.917	2.10386	794	99	150	-73029.3	72.9717f	59.5425	4	1	1	0	0	0	0	0	0	0	0	0.972727	0.95625	0.28125	0.513043	0.795031	0	0	0	1	0.123457	0.16875	1	1	1	1	1	38.4434	1.63415e+10	191751	76.1621	31.6126	72.3728	34.3751	72.9717	59.5425	
  6000	-62405.6	-1164.9	-15700.7	-4840.94	0.0114812	1	0.208018	9.61454	0.428963	0.0222621	19.4438	1.78361	896	99	184	-73029.3	93.6888f	13.6834	4	1	1	0.207921	0	0	0	0	0	0	0	0.990909	0.927374	0.252809	0.558824	0.858824	0	0	0	1	0.117318	0.238889	0.666667	1	1	1	1	86.4976	3.18038e+12	1.45611e+06	76.1621	31.6126	72.3728	34.3751	93.6888	13.6834	
  7000	-64007.6	-1164.9	-17302.7	-5339.84	0.0130255	1	0.200618	9.96918	0.489887	0.00128853	19.6531	1.6194	1011	99	188	-73029.3	56.0491f	38.5027	4	1	1	0.207921	0.138614	0.0594059	0	0	0	0	0	0.990909	0.964467	0.308081	0.522124	0.798995	0	0.128713	0.108911	1	0.131313	0.234973	0.666667	0.666667	0.666667	1	1	194.62	9.28447e+14	1.2595e+08	76.1621	31.6126	72.3728	34.3751	56.0491	38.5027	
  8000	-65654.3	-1164.9	-18949.4	-5810.54	0.014207	1	0.241977	8.26525	0.644477	0.0101292	19.6531	1.02056	1122	99	206	-73029.3	88.126f	54.3852	4	1	1	0.207921	0.138614	0.0594059	0	0	0	0	0	0.963636	0.9375	0.232143	0.527273	0.8125	0	0.128713	0.108911	1	0.19469	0.165094	0.666667	0.666667	0.666667	1	1	656.841	1e+20	3.67685e+10	76.1621	31.6126	72.3728	34.3751	88.126	54.3852	
  9000	-67125.7	-1164.9	-20420.8	-6216.65	0.0170994	1	0.227736	8.78209	0.730034	0.000943712	19.6531	0.957293	1221	99	216	-73029.3	56.5885f	41.2626	4	1	1	0.207921	0.138614	0.0594059	0	0	0	0	0	0.918182	0.927419	0.300813	0.583333	0.788618	0	0.128713	0.108911	1	0.154472	0.154545	0.666667	0.666667	0.666667	1	1	2216.84	1e+20	4.18816e+11	91.3774	29.2523	72.3728	34.3751	56.5885	41.2626	
 10000	-69187.8	-1164.9	-22482.9	-6852.96	0.0189887	1	0.204744	9.7683	0.728846	0.00186358	19.6531	1.06653	1379	99	214	-73029.3	50.0489f	34.1957	4	1	1	0.207921	0.138614	0.0594059	0	0	0	0	0	0.918182	0.949275	0.257353	0.473214	0.84058	0	0.128713	0.108911	1	0.124088	0.144186	0.666667	0.666667	0.666667	1	1	7481.83	1e+20	1.61007e+13	91.3774	29.2523	72.3728	34.3751	50.0489	34.1957	
 11000	-70335.3	-1164.9	-23630.4	-7173.64	0.0209122	1	0.205037	9.75436	0.79944	0.00530792	19.6262	0.970964	1460	99	218	-73029.3	58.1905f	23.8742	4	1	1	0.168317	0.138614	0.0594059	0	0	0	0	0	0.890909	0.918367	0.238095	0.535088	0.802721	0	0.128713	0.108911	1	0.115646	0.21875	0.666667	0.666667	0.666667	1	1	7481.83	1e+20	1.61007e+13	91.3774	29.2523	72.3728	34.3751	58.1905	23.8742	
 12000	-71207.2	-1164.9	-24502.3	-7390.26	0.0205452	1	0.196828	10.1612	0.753965	0.00770274	19.6262	1.07246	1516	99	235	-73029.3	70.602f	23.9767	4	1	1	0.168317	0.138614	0.0594059	0	0	0	0	0	0.927273	0.921053	0.266234	0.532258	0.828947	0	0.128713	0.108911	1	0.157895	0.289575	0.666667	0.666667	0.666667	1	1	7481.83	1e+20	1.61007e+13	91.3774	29.2523	72.3728	34.3751	70.602	23.9767	
 13000	-73747.9	-1164.9	-27043	-8028.42	0.0228981	1	0.231947	8.62267	1.0137	0.000601447	19.7414	0.676899	1683	99	268	-73029.3	41.9624f	47.6627	4	1	1	0.168317	0.267327	0.029703	0.029703	0	0	0	0	0.927273	0.952381	0.27381	0.480392	0.815476	0.009901	0.118812	0.009901	1	0.177515	0.234043	0.666667	0.666667	0.666667	1	1	7481.83	1e+20	1.61007e+13	91.3774	29.2523	72.3728	34.3751	41.9624	47.6627	
 14000	-74420	-1164.9	-27715.1	-8242.91	0.0232175	1	0.22536	8.87469	1.0197	0.00668261	19.8446	0.692583	1740	99	258	-73029.3	72.9969f	29.3449	4	1	1	0.168317	0.267327	0.029703	0.029703	0	0	0	0	0.918182	0.96	0.255682	0.584071	0.8	0.009901	0.118812	0.009901	1	0.136364	0.283688	0.666667	0.666667	0.666667	1	1	7481.83	1e+20	1.61007e+13	85.7306	40.8299	72.3728	34.3751	72.9969	29.3449	
 15000	-75356.7	-1164.9	-28651.8	-8581.18	0.023286	1	0.211549	9.45406	0.96003	0.00284999	19.8446	0.783653	1830	99	236	-73029.3	69.819f	46.8057	4	1	1	0.168317	0.267327	0.029703	0.029703	0	0	0	0	0.945455	0.94086	0.247312	0.553398	0.836957	0.009901	0.118812	0.009901	1	0.130435	0.332046	0.666667	0.666667	0.666667	1	1	7481.83	1e+20	1.61007e+13	85.7306	40.8299	72.3728	34.3751	69.819	46.8057	
 16000	-76812.7	-1164.9	-30107.8	-8861.31	0.0247563	1	0.209654	9.53955	1.0115	0.0126986	19.8446	0.750503	1907	99	277	-73029.3	84.7869f	75.4333	4	1	1	0.168317	0.267327	0.029703	0.029703	0	0	0	0	0.927273	0.947917	0.234375	0.422414	0.806283	0.009901	0.118812	0.009901	1	0.136126	0.265306	0.666667	0.666667	0.666667	1	1	7481.83	1e+20	1.61007e+13	95.847	47.7725	72.3728	34.3751	84.7869	75.4333	
 17000	-77612.5	-1164.9	-30907.6	-9015.41	0.0261033	1	0.217632	9.18984	1.10712	0.0122649	19.8446	0.660544	1950	99	302	-73029.3	91.2412f	41.1391	4	1	1	0.168317	0.267327	0.029703	0.029703	0	0	0	0	0.954545	0.94359	0.26943	0.566038	0.827957	0.009901	0.118812	0.009901	1	0.148718	0.245614	0.666667	0.666667	0.666667	1	1	7481.83	1e+20	1.61007e+13	95.847	47.7725	72.3728	34.3751	91.2412	41.1391	
 18000	-78164.9	-1164.9	-31460	-9190.4	0.0261033	1	0.241245	8.29033	1.23206	0.00847283	19.864	0.535464	1998	99	297	-73029.3	78.0986f	29.3042	4	1	1	0.168317	0.267327	0.029703	0.029703	0	0	0	0	0.9	0.924242	0.26	0.565217	0.79	0.009901	0.118812	0.009901	1	0.165	0.289562	0.666667	0.666667	0.666667	1	1	7481.83	1e+20	1.61007e+13	29.3454	18.148	72.3728	34.3751	78.0986	29.3042	
 19000	-78344.4	-1164.9	-31639.5	-9270.61	0.0261033	1	0.209038	9.56765	1.06757	0.0070252	19.864	0.713178	2020	99	285	-73029.3	45.1562f	18.8161	4	1	1	0.148515	0.267327	0.0594059	0.029703	0	0	0	0	0.936364	0.965347	0.267327	0.576923	0.885572	0.009901	0.118812	0.009901	1	0.133005	0.271127	0.666667	0.666667	0.666667	1	1	7481.83	1e+20	1.61007e+13	29.3454	18.148	70.4529	12.2447	45.1562	18.8161	
 20000	-78503.9	-1164.9	-31799	-9364.15	0.0276589	1	0.224248	8.91869	1.2135	0.0100365	19.864	0.584857	2047	99	268	-73029.3	84.1844f	33.2517	4	1	1	0.148515	0.257426	0.0594059	0.029703	0	0	0	0	0.936364	0.975962	0.246377	0.495798	0.818627	0.009901	0.118812	9.90099e-09	1	0.11165	0.273333	0.666667	0.666667	0.666667	1	1	7481.83	1e+20	1.61007e+13	29.3454	18.148	71.6929	20.0021	84.1844	33.2517	
 21000	-79996.9	-1164.9	-33292	-9661.94	0.0276589	1	0.232343	8.60796	1.17756	0.00182805	19.5412	0.581711	2130	99	309	-73029.3	34.5008f	53.1892	4	1	1	0.148515	0.257426	0.0594059	0.029703	0	0	0	0	0.945455	0.938967	0.253521	0.504348	0.826291	0.009901	0.0990099	9.90099e-09	1	0.14554	0.273927	0.666667	0.666667	0.666667	1	1	7481.83	1e+20	1.61007e+13	29.3454	18.148	71.6929	20.0021	34.5008	53.1892	
 22000	-78570.3	-1164.9	-31865.4	-9238.58	0.0276589	1	0.224848	8.8949	1.13957	0.00163133	19.5412	0.621139	2012	99	318	-73029.3	48.4385f	35.3826	4	1	1	0.148515	0.257426	0.0594059	0.029703	0	0	0	0	0.954545	0.926471	0.307317	0.429688	0.81068	0.009901	0.0990099	9.90099e-09	1	0.167488	0.233129	0.666667	0.666667	0.666667	1	1	7481.83	1e+20	1.61007e+13	29.3454	18.148	57.6592	12.3803	48.4385	35.3826	
 23000	-79914	-1164.9	-33209.1	-9711.97	0.0292707	1	0.222272	8.99798	1.19217	0.00719927	19.5412	0.600618	2145	99	290	-73029.3	54.0742f	18.2817	4	1	1	0.148515	0.257426	0.0594059	9.90099e-09	0	0	0	0	0.963636	0.962617	0.204651	0.533333	0.837209	0.009901	0.0990099	9.90099e-09	1	0.135514	0.327586	0.666667	0.666667	0.666667	1	1	7481.83	1e+20	1.61007e+13	29.3454	18.148	57.6592	12.3803	54.0742	18.2817	
 24000	-81738.7	-1164.9	-35033.8	-10152.4	0.032723	1	0.203987	9.80453	1.04475	0.00747065	18.7861	0.746798	2270	99	307	-73029.3	67.5708f	22.4716	4	1	1	0.148515	0.257426	0.0594059	9.90099e-09	0	0	0	0	0.918182	0.955947	0.238938	0.436364	0.814159	0.009901	0.0990099	9.90099e-09	1	0.153509	0.313531	0.666667	0.666667	0.666667	1	1	7481.83	1e+20	1.61007e+13	29.3454	18.148	57.6592	12.3803	67.5708	22.4716	
 25000	-84907.5	-1164.9	-38202.6	-10894.5	0.032723	1	0.219596	9.10762	1.36161	0.0119	19.7057	0.532283	2487	99	344	-73029.3	29.9823f	13.9122	4	1	1	0.148515	0.257426	0.049505	9.90099e-09	0	0	0	0	0.927273	0.952191	0.301587	0.504762	0.792	0.009901	0.0990099	9.90099e-09	1	0.106719	0.337209	0.666667	0.666667	0.666667	1	1	7481.83	1e+20	1.61007e+13	29.3454	18.148	46.3978	22.5418	29.9823	13.9122	
 26000	-85515	-1164.9	-38810.1	-11055.4	0.0357494	1	0.221738	9.01964	1.41132	0.00626857	19.4011	0.508575	2535	99	344	-73029.3	53.2699f	20.3887	4	1	1	0.0693069	0.257426	0.049505	9.90099e-09	0	0	0	0	0.945455	0.929412	0.262745	0.528846	0.847059	9.90099e-09	0.148515	0.009901	1	0.153543	0.321739	0.666667	0.666667	0.666667	1	1	7481.83	1e+20	1.61007e+13	29.3454	18.148	45.457	35.1297	53.2699	20.3887	
 27000	-85252.7	-1164.9	-38547.8	-11054.4	0.0349912	1	0.219275	9.12095	1.36604	0.000298268	19.4011	0.531334	2535	99	325	-73029.3	54.359f	53.3973	4	1	1	0.0693069	0.257426	0.049505	9.90099e-09	0	0	0	0	0.963636	0.96063	0.240157	0.537879	0.846457	9.90099e-09	0.148515	0.009901	1	0.0905512	0.323263	0.666667	0.666667	0.666667	1	1	7481.83	1e+20	1.61007e+13	29.3454	18.148	45.457	35.1297	54.359	53.3973	
 28000	-86577.1	-1164.9	-39872.2	-11400	0.0374217	1	0.207098	9.65727	1.48365	0.0162005	19.7563	0.517979	2638	99	324	-73029.3	24.6994f	8.91637	4	1	1	0.0693069	0.29703	0.049505	9.90099e-09	0	0	0	0	0.890909	0.961686	0.187739	0.468254	0.858268	9.90099e-09	0.148515	0.009901	1	0.118774	0.282609	0.666667	0.666667	0.666667	1	1	7481.83	1e+20	1.61007e+13	29.3454	18.148	43.8532	15.2818	24.6994	8.91637	
 29000	-89333.3	-1164.9	-42628.4	-12027.6	0.0374217	1	0.23147	8.64044	1.65825	0.00427123	19.7563	0.414644	2829	99	354	-73029.3	62.7504f	29.0528	4	1	1	0.0693069	0.29703	0.049505	9.90099e-09	0	0	0	0	0.9	0.936396	0.200704	0.411215	0.841379	9.90099e-09	0.148515	0.009901	1	0.137809	0.290141	0.666667	0.666667	0.666667	1	1	7481.83	1e+20	1.61007e+13	29.3454	18.148	43.8532	15.2818	62.7504	29.0528	
 30000	-92601.2	-1164.9	-45896.3	-12858.7	0.0406765	1	0.207612	9.63338	1.67076	0.00458598	19.9195	0.458832	3088	99	357	-73029.3	59.2707f	26.3451	4	1	1	0.0693069	0.29703	0.049505	9.90099e-09	0	0	0	0	0.918182	0.958065	0.224026	0.588785	0.893204	9.90099e-09	0.148515	0.009901	1	0.0903226	0.276657	0.666667	0.666667	0.666667	1	1	7481.83	1e+20	1.61007e+13	96.8413	62.1426	67.7214	12.7993	59.2707	26.3451	
 31000	-91861.8	-1164.9	-45156.9	-12640.6	0.0416598	1	0.206112	9.70346	1.69879	0.00700574	19.9195	0.454545	3020	99	369	-73029.3	65.9213f	22.7058	4	1	1	0.0693069	0.29703	0.049505	9.90099e-09	0	0	0	0	0.945455	0.946488	0.316667	0.587156	0.876667	9.90099e-09	0.148515	0.009901	1	0.146667	0.27027	0.666667	0.666667	0.666667	1	1	7481.83	1e+20	1.61007e+13	96.8413	62.1426	67.7214	12.7993	65.9213	22.7058	
 32000	-93367.7	-1164.9	-46662.8	-12989.4	0.0435636	1	0.207524	9.63742	1.7886	0.00743959	19.9195	0.428784	3130	99	379	-73029.3	43.0246f	18.2644	4	1	1	0.148515	0.29703	0.039604	9.90099e-09	0	0	0	0	0.918182	0.942492	0.233227	0.598291	0.866667	9.90099e-09	0.128713	9.90099e-09	1	0.111821	0.246575	0.666667	0.666667	0.666667	1	1	7481.83	1e+20	1.61007e+13	96.8413	62.1426	77.7582	14.1617	43.0246	18.2644	
 33000	-94713.7	-1164.9	-48008.8	-13281	0.0433792	1	0.198276	10.0869	1.70166	0.00773046	19.9195	0.471712	3223	99	396	-73029.3	52.2601f	16.9213	4	1	1	0.148515	0.29703	0.039604	9.90099e-09	0	0	0	0	0.954545	0.972222	0.266254	0.46281	0.876161	9.90099e-09	0.128713	9.90099e-09	1	0.126935	0.307895	0.666667	0.666667	0.666667	1	1	7481.83	1e+20	1.61007e+13	96.4633	43.464	86.4617	29.2155	52.2601	16.9213	
 34000	-96040.2	-1164.9	-49335.3	-13572.5	0.045528	1	0.193234	10.3502	1.74053	0.00849622	19.9195	0.473212	3317	99	408	-73029.3	73.821f	24.4871	4	1	1	0.148515	0.29703	0.039604	0.009901	0	0	0	0	0.954545	0.963746	0.28012	0.439024	0.848943	9.90099e-09	0.128713	9.90099e-09	1	0.148036	0.268734	0.666667	0.666667	0.666667	1	1	7481.83	1e+20	1.61007e+13	96.4633	43.464	64.1365	8.03447	73.821	24.4871	
 35000	-96175.5	-1164.9	-49470.6	-13603.4	0.045528	1	0.197544	10.1243	1.77936	0.00244866	19.9195	0.452784	3327	99	410	-73029.3	55.4741f	32.5223	4	1	1	0.148515	0.217822	0.039604	0.009901	0	0	0	0	0.927273	0.957958	0.246246	0.58871	0.843844	9.90099e-09	0.128713	9.90099e-09	1	0.141141	0.292683	0.666667	0.666667	0.666667	1	1	7481.83	1e+20	1.61007e+13	96.4633	43.464	64.1365	8.03447	55.4741	32.5223	
 36000	-96322.5	-1164.9	-49617.6	-13687	0.0465784	1	0.184636	10.8321	1.70146	0.00361713	19.9195	0.506619	3354	99	397	-73029.3	64.2361f	32.5363	4	1	1	0.148515	0.217822	0.039604	0.009901	0	0	0	0	0.918182	0.938235	0.274336	0.495868	0.839763	9.90099e-09	0.128713	9.90099e-09	1	0.138643	0.279373	0.666667	0.666667	0.666667	1	1	7481.83	1e+20	1.61007e+13	96.4633	43.464	64.1365	8.03447	64.2361	32.5363	
 37000	-97167	-1164.9	-50462.1	-13849.6	0.0467653	1	0.210964	9.48029	1.95187	0.0107062	19.9195	0.38651	3407	99	414	-73029.3	28.8109f	17.1226	4	1	1	0.118812	0.217822	0.039604	0.009901	0	0	0	0	0.927273	0.964706	0.211765	0.566667	0.847059	9.90099e-09	0.128713	9.90099e-09	1	0.120235	0.280193	0.666667	0.666667	0.666667	1	1	7481.83	1e+20	1.61007e+13	70.3873	14.7179	64.1365	8.03447	28.8109	17.1226	
 38000	-99042	-1164.9	-52337.1	-14251.7	0.0482232	1	0.235502	8.49251	1.90666	0.0148319	19.1185	0.354449	3539	99	442	-73029.3	65.3752f	6.437	4	1	1	0.118812	0.217822	9.90099e-09	0.009901	0	0	0	0	0.927273	0.954802	0.244318	0.488722	0.847458	9.90099e-09	0.0693069	9.90099e-09	1	0.121469	0.303965	0.666667	0.666667	0.666667	1	1	7481.83	1e+20	1.61007e+13	70.3873	14.7179	64.1365	8.03447	65.3752	6.437	
 39000	-100320	-1164.9	-53615.5	-14566.1	0.0486417	1	0.233313	8.57219	1.93828	0.00546771	19.2006	0.351937	3643	99	440	-73029.3	60.0755f	24.0792	4	1	1	0.118812	0.217822	9.90099e-09	0.009901	0	0	0	0	0.954545	0.950549	0.29235	0.474453	0.832432	9.90099e-09	0.0693069	9.90099e-09	1	0.136612	0.295405	0.666667	0.666667	0.666667	1	1	7481.83	1e+20	1.61007e+13	48.8831	7.84239	64.1365	8.03447	60.0755	24.0792	
 40000	-100528	-1164.9	-53822.8	-14594.9	0.0503019	1	0.245554	8.14484	2.01339	0.0107783	18.9778	0.321918	3653	99	449	-73029.3	52.9012f	10.8409	4	1	1	0.118812	0.188119	9.90099e-09	0.009901	0	0	0	0	0.945455	0.950685	0.230769	0.511111	0.841096	9.90099e-09	0.0693069	9.90099e-09	1	0.0901639	0.278396	0.666667	0.666667	0.666667	1	1	7481.83	1e+20	1.61007e+13	48.8831	7.84239	64.1365	8.03447	52.9012	10.8409	
 41000	-102399	-1164.9	-55694.2	-14982.1	0.0521508	1	0.252195	7.93036	2.17533	0.016829	19.0471	0.290107	3783	99	476	-73029.3	70.4764f	5.20176	4	1	1	0.118812	0.188119	9.90099e-09	0.009901	0	0	0	0	0.927273	0.936508	0.23545	0.519231	0.851852	9.90099e-09	0.0693069	9.90099e-09	1	0.14248	0.317227	0.666667	0.666667	0.666667	1	1	7481.83	1e+20	1.61007e+13	48.8831	7.84239	64.1365	8.03447	70.4764	5.20176	
 42000	-104322	-1164.9	-57616.7	-15309.3	0.0539935	1	0.279908	7.14521	2.47434	0.00661963	18.9987	0.229798	3894	99	537	-73029.3	44.189f	19.9462	4	1	1	0.118812	0.188119	9.90099e-09	0.009901	0	0	0	0	0.909091	0.933842	0.262087	0.556604	0.816794	9.90099e-09	0.0693069	9.90099e-09	1	0.129771	0.314711	0.666667	0.666667	0.666667	1	1	7481.83	1e+20	1.61007e+13	48.8831	7.84239	64.1365	8.03447	44.189	19.9462	
 43000	-105015	-1164.9	-58309.8	-15554.7	0.0537258	1	0.266797	7.49633	2.34675	0.0195989	18.9987	0.254198	3978	99	498	-73029.3	70.2068f	0.80262	4	1	1	0.118812	0.188119	9.90099e-09	0.009901	0	0	0	0	0.909091	0.95202	0.236181	0.435374	0.846734	9.90099e-09	0.0693069	9.90099e-09	1	0.156171	0.305328	0.666667	0.666667	0.666667	1	1	7481.83	1e+20	1.61007e+13	48.8831	7.84239	64.1365	8.03447	70.2068	0.80262	
 44000	-105062	-1164.9	-58357	-15654.1	0.0537258	1	0.218591	9.14949	1.92273	0.0177453	18.9987	0.378676	4012	99	461	-73029.3	78.8679f	8.41208	4	1	1	0.108911	0.188119	0.039604	0.009901	0	0	0	0	0.890909	0.965347	0.264851	0.543478	0.874074	9.90099e-09	0.0693069	9.90099e-09	1	0.121287	0.277778	0.666667	0.666667	0.666667	1	1	7481.83	1e+20	1.61007e+13	48.8831	7.84239	59.4318	14.7349	78.8679	8.41208	
 45000	-104309	-1164.9	-57604.3	-15560.5	0.0537258	1	0.210706	9.49191	1.87368	0.0113908	19.0505	0.403133	3980	99	429	-73029.3	28.5539f	15.8046	4	1	1	0.108911	0.188119	0.039604	0.009901	0	0	0	0	0.927273	0.932331	0.226131	0.548611	0.850746	9.90099e-09	0.0792079	9.90099e-09	1	0.122807	0.30137	0.666667	0.666667	0.666667	1	1	7481.83	1e+20	1.61007e+13	48.8831	7.84239	59.4318	14.7349	28.5539	15.8046	
 46000	-104624	-1164.9	-57919.5	-15487.4	0.0546104	1	0.236061	8.47239	1.99772	0.00603018	18.7394	0.337491	3955	99	486	-73029.3	66.1174f	25.5559	4	1	1	0.108911	0.207921	0.039604	0.009901	0	0	0	0	0.945455	0.939086	0.231552	0.542254	0.847328	9.90099e-09	0.0792079	9.90099e-09	1	0.130102	0.281837	0.666667	0.666667	0.666667	1	1	7481.83	1e+20	1.61007e+13	48.8831	7.84239	59.4318	14.7349	66.1174	25.5559	
 47000	-107294	-1164.9	-60589.4	-16108.5	0.0574322	1	0.241391	8.2853	2.14839	0.0128156	18.7394	0.306892	4170	99	490	-73029.3	34.5134f	10.0502	4	1	1	0.108911	0.207921	0.039604	0.009901	0	0	0	0	0.863636	0.944712	0.22542	0.503356	0.852732	9.90099e-09	0.0792079	9.90099e-09	1	0.119617	0.251546	0.666667	0.666667	0.666667	1	1	7481.83	1e+20	1.61007e+13	48.8831	7.84239	59.4318	14.7349	34.5134	10.0502	
 48000	-109830	-1164.9	-63125.1	-16770.2	0.0616059	1	0.1968	10.1626	2.33617	0.0126087	19.7884	0.346171	4403	99	460	-73029.3	80.5832f	20.2851	4	1	1	0.108911	0.207921	0.039604	0.009901	0	0	0	0	0.936364	0.947368	0.265909	0.439716	0.902273	9.90099e-09	0.0792079	9.90099e-09	1	0.111111	0.28913	0.666667	0.666667	0.666667	1	1	7481.83	1e+20	1.61007e+13	66.9692	88.5526	59.4318	14.7349	80.5832	20.2851	
 49000	-111645	-1164.9	-64940.1	-17126.9	0.0616059	1	0.198304	10.0855	2.26629	0.012601	19.6015	0.354138	4531	99	482	-73029.3	65.0744f	10.217	4	1	1	0.0792079	0.207921	0.039604	0.009901	0	0	0	0	0.881818	0.956236	0.235165	0.495146	0.863436	9.90099e-09	0.0792079	9.90099e-09	1	0.11674	0.320866	0.666667	0.666667	0.666667	1	1	7481.83	1e+20	1.61007e+13	66.9692	88.5526	59.4318	14.7349	65.0744	10.217	
 50000	-113699	-1164.9	-66994.2	-17591.1	0.063564	1	0.212095	9.42973	2.3497	0.0224449	19.2981	0.319357	4699	99	489	-73029.3	85.3131f	5.256	4	1	1	0.0792079	0.207921	0.039604	0.009901	0	0	0	0	0.954545	0.965885	0.271762	0.5	0.867521	9.90099e-09	0.0990099	9.90099e-09	1	0.106383	0.311111	0.666667	0.666667	0.666667	1	1	7481.83	1e+20	1.61007e+13	66.9692	88.5526	59.4318	14.7349	85.3131	5.256	
 51000	-114305	-1164.9	-67600	-17777.8	0.0639668	1	0.176725	11.317	1.97025	0.0017791	19.2981	0.457089	4767	99	466	-73029.3	52.5142f	34.7747	4	1	1	0.0792079	0.207921	0.0594059	0.009901	0	0	0	0	0.854545	0.97286	0.245833	0.535714	0.866667	9.90099e-09	0.0990099	9.90099e-09	1	0.0958333	0.30531	0.666667	0.666667	0.666667	1	1	7481.83	1e+20	1.61007e+13	58.3248	22.0486	59.4318	14.7349	52.5142	34.7747	
 52000	-113563	-1164.9	-66858.3	-17574.3	0.0639668	1	0.191663	10.435	2.1368	0.00595615	19.2981	0.388615	4693	99	482	-73029.3	79.2521f	48.1906	4	1	1	0.0792079	0.168317	0.0594059	0.009901	0	0	0	0	0.918182	0.942553	0.278132	0.534722	0.863539	9.90099e-09	0.0990099	9.90099e-09	1	0.112766	0.274262	0.666667	0.666667	0.666667	1	1	7481.83	1e+20	1.61007e+13	58.3248	22.0486	96.2603	15.315	79.2521	48.1906	
 53000	-115079	-1164.9	-68374.1	-17948.4	0.0664496	1	0.192342	10.3982	2.22759	0.0232363	19.2981	0.371459	4830	99	471	-73029.3	97.6629f	16.8299	4	1	1	0.0792079	0.168317	0.0594059	0.009901	0	0	0	0	0.954545	0.964657	0.228216	0.52	0.852391	9.90099e-09	0.0990099	9.90099e-09	1	0.107884	0.282276	0.666667	0.666667	0.666667	1	1	7481.83	1e+20	1.61007e+13	83.0843	18.8171	96.2603	15.315	97.6629	16.8299	
 54000	-115184	-1164.9	-68479.2	-17918.6	0.0655195	1	0.190484	10.4996	2.19849	0.015407	19.3496	0.380047	4819	99	489	-73029.3	92.804f	29.9662	4	1	1	0.0792079	0.168317	0.0594059	0.009901	0	0	0	0	0.881818	0.9625	0.235417	0.548611	0.883333	9.90099e-09	0.0990099	9.90099e-09	1	0.135417	0.290389	0.666667	0.666667	0.666667	1	1	7481.83	1e+20	1.61007e+13	83.0843	18.8171	96.2603	15.315	92.804	29.9662	
 55000	-114921	-1164.9	-68216.2	-17828.6	0.0655195	1	0.208298	9.60164	2.39709	0.0181314	19.3355	0.318751	4786	99	507	-73029.3	96.7196f	28.813	4	1	1	0.0792079	0.168317	0.0594059	9.90099e-09	0	0	0	0	0.936364	0.944099	0.242739	0.5	0.900415	9.90099e-09	0.0792079	9.90099e-09	1	0.122407	0.288462	0.666667	0.666667	0.666667	1	1	7481.83	1e+20	1.61007e+13	83.0843	18.8171	96.2603	15.315	96.7196	28.813	
 56000	-113876	-1164.9	-67171.3	-17558.8	0.0655195	1	0.212626	9.40618	2.4469	0.00844115	19.3355	0.305905	4687	99	520	-73029.3	70.5361f	21.9491	4	1	1	0.0792079	0.168317	0.029703	9.90099e-09	0	0	0	0	0.927273	0.942308	0.287554	0.495238	0.867804	9.90099e-09	0.0792079	9.90099e-09	1	0.117271	0.295499	0.666667	0.666667	0.666667	1	1	7481.83	1e+20	1.61007e+13	83.0843	18.8171	96.2603	15.315	70.5361	21.9491	
 57000	-117271	-1164.9	-70566.3	-18313.4	0.0672851	1	0.216226	9.24958	2.46162	0.023246	19.1556	0.299014	4965	99	522	-73029.3	88.9579f	6.99124	4	1	1	0.0693069	0.168317	0.029703	9.90099e-09	0	0	0	0	0.927273	0.945565	0.229376	0.564815	0.88755	9.90099e-09	0.0792079	9.90099e-09	1	0.122736	0.309665	0.666667	0.666667	0.666667	1	1	7481.83	1e+20	1.61007e+13	83.0843	18.8171	96.2603	15.315	88.9579	6.99124	
 58000	-116951	-1164.9	-70245.9	-18171.4	0.0659154	1	0.228772	8.74234	2.55996	0.00906339	19.1716	0.271759	4912	99	554	-73029.3	61.1662f	15.7894	4	1	1	0.0693069	0.207921	0.029703	9.90099e-09	0	0	0	0	0.9	0.9389	0.252033	0.459459	0.857724	9.90099e-09	0.0792079	9.90099e-09	1	0.144309	0.264706	0.666667	0.666667	0.666667	1	1	7481.83	1e+20	1.61007e+13	83.0843	18.8171	96.2603	15.315	61.1662	15.7894	
 59000	-114660	-1164.9	-67955.1	-17728.1	0.0659154	1	0.203958	9.80594	2.26863	0.0177738	19.1428	0.343966	4749	99	523	-73029.3	77.0961f	7.198	4	1	1	0.0693069	0.207921	0.029703	9.90099e-09	0	0	0	0	0.881818	0.951883	0.26556	0.533333	0.880165	9.90099e-09	0.0792079	9.90099e-09	1	0.144351	0.312977	0.666667	0.666667	0.666667	1	1	7481.83	1e+20	1.61007e+13	83.0843	18.8171	85.3672	23.9059	77.0961	7.198	
 60000	-111854	-1164.9	-65148.8	-17113.1	0.0613492	1	0.203958	9.80594	2.11147	0.010817	19.1428	0.369567	4526	99	509	-73029.3	65.3399f	13.7279	4	1	1	0.0693069	0.207921	0.029703	9.90099e-09	0	0	0	0	0.881818	0.947253	0.241758	0.552381	0.89404	9.90099e-09	0.0792079	9.90099e-09	1	0.130243	0.269155	0.666667	0.666667	0.666667	1	1	7481.83	1e+20	1.61007e+13	83.0843	18.8171	89.6659	16.7915	65.3399	13.7279	
 61000	-111893	-1164.9	-65188.5	-17190.8	0.0627728	1	0.200276	9.98623	2.21309	0.0161245	19.3463	0.359082	4554	99	481	-73029.3	89.8829f	22.7254	4	1	1	0.0693069	0.207921	0.029703	9.90099e-09	0	0	0	0	0.890909	0.975983	0.254386	0.5	0.884279	9.90099e-09	0.128713	9.90099e-09	1	0.142544	0.299803	0.666667	0.666667	0.666667	1	1	7481.83	1e+20	1.61007e+13	83.0843	18.8171	89.6659	16.7915	89.8829	22.7254	
 62000	-113500	-1164.9	-66795.2	-17500.8	0.0627728	1	0.192132	10.4095	2.21344	0.0104454	19.5489	0.374243	4666	99	508	-73029.3	76.3903f	21.6143	4	1	1	0.0693069	0.207921	0.0594059	9.90099e-09	0	0	0	0	0.863636	0.946467	0.261803	0.542857	0.892934	9.90099e-09	0.128713	9.90099e-09	1	0.147752	0.310345	0.666667	0.666667	0.666667	1	1	7481.83	1e+20	1.61007e+13	83.0843	18.8171	61.3834	8.68653	76.3903	21.6143	
 63000	-110606	-1164.9	-63900.8	-16927.8	0.0627728	1	0.201662	9.91759	2.32323	0.00212731	19.5489	0.339706	4459	99	467	-73029.3	55.0984f	33.7825	4	1	1	0.0693069	0.207921	0.0594059	9.90099e-09	0	0	0	0	0.890909	0.964126	0.296214	0.524752	0.847875	9.90099e-09	0.128713	9.90099e-09	1	0.134529	0.305389	0.666667	0.666667	0.666667	1	1	7481.83	1e+20	1.61007e+13	83.0843	18.8171	61.3834	8.68653	55.0984	33.7825	
 64000	-112555	-1164.9	-65850.5	-17354.3	0.0624277	1	0.196927	10.1561	2.26432	0.0210083	19.5664	0.356925	4613	99	475	-73029.3	77.936f	2.49991	4	1	1	0.0693069	0.207921	0.0594059	9.90099e-09	0	0	0	0	0.9	0.948164	0.218615	0.596154	0.893939	9.90099e-09	0.128713	9.90099e-09	1	0.138229	0.294118	0.666667	0.666667	0.666667	1	1	7481.83	1e+20	1.61007e+13	83.0843	18.8171	61.3834	8.68653	77.936	2.49991	
 65000	-111758	-1164.9	-65052.8	-17149.4	0.0629289	1	0.21753	9.19415	2.5213	0.00316017	19.5664	0.290187	4539	99	493	-73029.3	55.3885f	29.7745	4	1	1	0.0693069	0.207921	0.0594059	9.90099e-09	0	0	0	0	0.854545	0.949891	0.23348	0.574257	0.864807	9.90099e-09	0.128713	9.90099e-09	1	0.114537	0.283976	0.666667	0.666667	0.666667	1	1	7481.83	1e+20	1.61007e+13	83.0843	18.8171	61.3834	8.68653	55.3885	29.7745	
 66000	-113279	-1164.9	-66574.1	-17493.3	0.0622585	1	0.195533	10.2285	2.2422	0.0204768	19.5664	0.363017	4663	99	487	-73029.3	19.934f	4.76831	4	1	1	0.0693069	0.207921	0.0594059	9.90099e-09	0	0	0	0	0.945455	0.967742	0.251073	0.471831	0.883621	9.90099e-09	0.128713	9.90099e-09	1	0.111349	0.293634	0.666667	0.666667	0.666667	1	1	7481.83	1e+20	1.61007e+13	83.0843	18.8171	36.3943	17.4291	19.934	4.76831	
 67000	-113821	-1164.9	-67115.8	-17418.2	0.0645961	1	0.202273	9.88762	2.40658	0.00514982	19.5664	0.32695	4636	99	566	-73029.3	39.1095f	25.3976	4	1	1	0.0693069	0.207921	0.0594059	9.90099e-09	0	0	0	0	0.881818	0.953092	0.290948	0.518182	0.848291	9.90099e-09	0.118812	9.90099e-09	1	0.176344	0.317291	0.666667	0.666667	0.666667	1	1	7481.83	1e+20	1.61007e+13	83.0843	18.8171	36.3943	17.4291	39.1095	25.3976	
 68000	-115047	-1164.9	-68341.9	-17703.1	0.0645961	1	0.215043	9.30049	2.62288	0.0064762	19.6884	0.282174	4740	99	566	-73029.3	50.6382f	19.7233	4	1	1	0.0693069	0.207921	0.029703	9.90099e-09	0	0	0	0	0.9	0.972458	0.257928	0.517241	0.84086	9.90099e-09	0.118812	9.90099e-09	1	0.124211	0.293286	0.666667	0.666667	0.666667	1	1	7481.83	1e+20	1.61007e+13	83.0843	18.8171	38.3954	34.5816	50.6382	19.7233	
 69000	-114988	-1164.9	-68282.8	-17814.1	0.0636638	1	0.221021	9.04891	2.65689	0.00438997	19.6884	0.271027	4780	99	515	-73029.3	62.4345f	28.4649	4	1	1	0.0693069	0.207921	0.029703	9.90099e-09	0	0	0	0	0.881818	0.943633	0.291405	0.490385	0.884696	9.90099e-09	0.118812	9.90099e-09	1	0.118503	0.281553	0.666667	0.666667	0.666667	1	1	7481.83	1e+20	1.61007e+13	83.0843	18.8171	53.0132	16.3035	62.4345	28.4649	
 70000	-113717	-1164.9	-67012.1	-17541.4	0.0636638	1	0.219949	9.09302	2.644	0.00448557	19.6884	0.273676	4681	99	510	-73029.3	73.049f	39.6096	4	1	1	0.0693069	0.19802	0.029703	9.90099e-09	0	0	0	0	0.918182	0.959402	0.24307	0.539216	0.880597	9.90099e-09	0.118812	9.90099e-09	1	0.121535	0.284936	0.666667	0.666667	0.666667	1	1	7481.83	1e+20	1.61007e+13	83.0843	18.8171	90.1562	56.4083	73.049	39.6096	
 71000	-112256	-1164.9	-65551.3	-17158.6	0.0636638	1	0.219949	9.09302	2.69284	0.0140002	19.7786	0.268713	4542	99	532	-73029.3	94.8594f	55.2352	4	1	1	0.0891089	0.19802	0.029703	9.90099e-09	0	0	0	0	0.936364	0.967177	0.247265	0.52381	0.846827	9.90099e-09	0.118812	9.90099e-09	1	0.146608	0.268156	0.666667	0.666667	0.666667	1	1	7481.83	1e+20	1.61007e+13	95.5662	58.5698	90.1562	56.4083	94.8594	55.2352	
 72000	-115659	-1164.9	-68953.9	-17905.2	0.0651042	1	0.222589	8.98516	2.78682	0.0120998	19.7786	0.25657	4814	99	538	-73029.3	90.8916f	59.5572	4	1	1	0.0891089	0.19802	0.029703	9.90099e-09	0	0	0	0	0.918182	0.954262	0.248447	0.580357	0.877083	9.90099e-09	0.168317	9.90099e-09	1	0.110417	0.256364	0.666667	0.666667	0.666667	1	1	7481.83	1e+20	1.61007e+13	95.5662	58.5698	90.1562	56.4083	90.8916	59.5572	
 73000	-117388	-1164.9	-70682.6	-18118.3	0.0651042	1	0.24758	8.07819	3.21807	0.0154404	19.9648	0.19976	4892	99	616	-73029.3	92.8446f	29.9316	4	1	1	0.0891089	0.19802	0.029703	9.90099e-09	0	0	0	0	0.881818	0.95679	0.255624	0.456693	0.82716	9.90099e-09	0.168317	9.90099e-09	1	0.158436	0.287338	0.666667	0.666667	0.666667	1	1	7481.83	1e+20	1.61007e+13	95.5662	58.5698	92.9671	24.2516	92.8446	29.9316	
 74000	-116210	-1164.9	-69505.6	-18043.3	0.0662706	1	0.206825	9.66999	2.7365	0.0216693	19.9648	0.281203	4865	99	527	-73029.3	97.5413f	20.2596	4	1	1	0.0891089	0.19802	0.029703	9.90099e-09	0	0	0	0	0.890909	0.9591	0.268041	0.589286	0.880412	9.90099e-09	0.168317	9.90099e-09	1	0.146392	0.282051	0.666667	0.666667	0.666667	1	1	7481.83	1e+20	1.61007e+13	95.5662	58.5698	92.9671	24.2516	97.5413	20.2596	
 75000	-117632	-1164.9	-70927.1	-18321.5	0.0672745	1	0.206825	9.66999	2.77795	0.011721	19.9648	0.277007	4968	99	551	-73029.3	89.3289f	37.7011	4	1	1	0.0891089	0.19802	0.029703	9.90099e-09	0	0	0	0	0.918182	0.971717	0.245935	0.481481	0.871227	9.90099e-09	0.168317	9.90099e-09	1	0.112676	0.300917	0.666667	0.666667	0.666667	1	1	7481.83	1e+20	1.61007e+13	95.5662	58.5698	92.9671	24.2516	89.3289	37.7011	
 76000	-116714	-1164.9	-70008.6	-18205.6	0.0679321	1	0.194492	10.2832	2.54363	0.0164074	19.7841	0.32171	4925	99	513	-73029.3	94.9199f	30.9563	4	1	1	0.0891089	0.118812	0.019802	9.90099e-09	0	0	0	0	0.918182	0.947686	0.273834	0.5	0.881288	9.90099e-09	0.168317	9.90099e-09	1	0.121704	0.285171	0.666667	0.666667	0.666667	1	1	7481.83	1e+20	1.61007e+13	95.5662	58.5698	92.9671	24.2516	94.9199	30.9563	
 77000	-118559	-1164.9	-71853.9	-18605.4	0.0703519	1	0.195781	10.2155	2.65169	0.0116099	19.7841	0.306567	5074	99	517	-73029.3	79.5214f	21.6919	4	1	1	0.0594059	0.118812	0.019802	9.90099e-09	0	0	0	0	0.945455	0.964637	0.254902	0.388889	0.875984	9.90099e-09	0.168317	9.90099e-09	1	0.122047	0.27704	0.666667	0.666667	0.666667	1	1	7481.83	1e+20	1.61007e+13	95.5662	58.5698	92.9671	24.2516	79.5214	21.6919	
 78000	-118597	-1164.9	-71891.9	-18698.3	0.0703519	1	0.194006	10.3089	2.47563	0.00914862	19.4915	0.331374	5109	99	484	-73029.3	65.5059f	17.3119	4	1	1	0.0594059	0.118812	0.019802	9.90099e-09	0	0	0	0	0.890909	0.966862	0.253411	0.522936	0.880626	9.90099e-09	0.168317	9.90099e-09	1	0.118908	0.293388	0.666667	0.666667	0.666667	1	1	7481.83	1e+20	1.61007e+13	95.5662	58.5698	92.9671	24.2516	65.5059	17.3119	
 79000	-118615	-1164.9	-71910.3	-18645.2	0.069004	1	0.193776	10.3212	2.42532	0.0114258	19.4915	0.338649	5089	99	513	-73029.3	80.4318f	23.1542	4	1	1	0.0594059	0.118812	0.019802	9.90099e-09	0	0	0	0	0.927273	0.954724	0.238189	0.475728	0.887795	9.90099e-09	0.148515	9.90099e-09	1	0.0984252	0.334677	0.666667	0.666667	0.666667	1	1	7481.83	1e+20	1.61007e+13	84.0005	83.0493	92.9671	24.2516	80.4318	23.1542	
 80000	-116833	-1164.9	-70128.1	-18254.9	0.069004	1	0.179782	11.1246	2.25017	0.00811894	19.4915	0.393422	4943	99	507	-73029.3	57.4684f	16.8166	4	1	1	0.0594059	0.118812	0.019802	9.90099e-09	0	0	0	0	0.9	0.965863	0.244	0.542056	0.894	9.90099e-09	0.148515	9.90099e-09	1	0.131313	0.323471	0.666667	0.666667	0.666667	1	1	7481.83	1e+20	1.61007e+13	84.0005	83.0493	92.9671	24.2516	57.4684	16.8166	
 81000	-117917	-1164.9	-71212.5	-18492.8	0.069004	1	0.184486	10.8409	2.28783	0.00752161	19.4466	0.377079	5032	99	503	-73029.3	80.1878f	36.9082	4	1	1	0.0594059	0.118812	0.019802	9.90099e-09	0	0	0	0	0.890909	0.97012	0.243028	0.524138	0.886454	9.90099e-09	0.148515	9.90099e-09	1	0.115538	0.317814	0.666667	0.666667	0.666667	1	1	7481.83	1e+20	1.61007e+13	84.0005	83.0493	92.9671	24.2516	80.1878	36.9082	
 82000	-117612	-1164.9	-70907.1	-18559.6	0.0690999	1	0.169519	11.7981	2.10514	0.00374082	19.4466	0.445984	5057	99	446	-73029.3	65.1192f	32.7553	4	1	1	0.0594059	0.148515	0.029703	9.90099e-09	0	0	0	0	0.918182	0.968504	0.250493	0.55	0.897233	9.90099e-09	0.148515	9.90099e-09	1	0.0988142	0.307175	0.666667	0.666667	0.666667	1	1	7481.83	1e+20	1.61007e+13	84.0005	83.0493	92.9671	24.2516	65.1192	32.7553	
 83000	-120649	-1164.9	-73944.5	-19095.5	0.0710496	1	0.186008	10.7522	2.37508	0.00797177	19.4466	0.360254	5259	99	511	-73029.3	83.8634f	47.3435	4	1	1	0.0693069	0.148515	0.029703	9.90099e-09	0	0	0	0	0.909091	0.969524	0.241905	0.442308	0.899621	9.90099e-09	0.148515	9.90099e-09	1	0.108571	0.27907	0.666667	0.666667	0.666667	1	1	7481.83	1e+20	1.61007e+13	84.0005	83.0493	67.2713	38.0031	83.8634	47.3435	
 84000	-120036	-1164.9	-73331.5	-18900.3	0.0720239	1	0.19	10.5263	2.45932	0.0126231	19.4466	0.340605	5185	99	531	-73029.3	91.0997f	38.1214	4	1	1	0.0693069	0.148515	0.029703	9.90099e-09	0	0	0	0	0.945455	0.957692	0.235521	0.5	0.888462	9.90099e-09	0.148515	9.90099e-09	1	0.11583	0.301741	0.666667	0.666667	0.666667	1	1	7481.83	1e+20	1.61007e+13	84.0005	83.0493	67.2713	38.0031	91.0997	38.1214	
 85000	-120149	-1164.9	-73444.5	-18907.7	0.0710552	1	0.19	10.5263	2.42624	0.0126231	19.4466	0.345248	5188	99	538	-73029.3	91.0997f	38.1214	4	1	1	0.0693069	0.148515	0.029703	9.90099e-09	0	0	0	0	0.863636	0.960152	0.297505	0.603604	0.870229	9.90099e-09	0.188119	9.90099e-09	1	0.113244	0.288104	0.666667	0.666667	0.666667	1	1	7481.83	1e+20	1.61007e+13	84.0005	83.0493	59.0841	28.6552	91.0997	38.1214	
 86000	-119396	-1164.9	-72691.6	-18714.7	0.0710552	1	0.184427	10.8444	2.61469	0.0166983	19.9617	0.330047	5115	99	545	-73029.3	43.8417f	1.39184	4	1	1	0.0693069	0.148515	0.029703	9.90099e-09	0	0	0	0	0.881818	0.933723	0.278978	0.580357	0.888454	9.90099e-09	0.188119	9.90099e-09	1	0.144531	0.255556	0.666667	0.666667	0.666667	1	1	7481.83	1e+20	1.61007e+13	84.0005	83.0493	59.0841	28.6552	43.8417	1.39184	
 87000	-121150	-1164.9	-74444.7	-19136.7	0.069132	1	0.184427	10.8444	2.54393	0.0166983	19.9617	0.339228	5273	99	534	-73029.3	43.8417f	1.39184	4	1	1	0.0693069	0.158416	0.029703	9.90099e-09	0	0	0	0	0.872727	0.952381	0.25947	0.585586	0.872381	9.90099e-09	0.188119	9.90099e-09	1	0.134725	0.282609	0.666667	0.666667	0.666667	1	1	7481.83	1e+20	1.61007e+13	20.2381	66.6434	59.0841	28.6552	43.8417	1.39184	
 88000	-121612	-1164.9	-74907.3	-19246.8	0.069738	1	0.184427	10.8444	2.4315	0.00824737	19.6944	0.354913	5315	99	536	-73029.3	38.5627f	17.7208	4	1	1	0.0693069	0.158416	0.039604	9.90099e-09	0	0	0	0	0.881818	0.967864	0.26087	0.581818	0.884688	9.90099e-09	0.188119	9.90099e-09	1	0.105263	0.287744	0.666667	0.666667	0.666667	1	1	7481.83	1e+20	1.61007e+13	20.2381	66.6434	53.6686	30.8995	38.5627	17.7208	
 89000	-124785	-1164.9	-78080.1	-19856.4	0.0745143	1	0.185441	10.7851	2.61231	0.00248365	19.6944	0.328541	5551	99	568	-73029.3	61.0515f	35.1484	4	1	1	0.108911	0.158416	0.039604	9.90099e-09	0	0	0	0	0.836364	0.967626	0.244604	0.442478	0.890485	9.90099e-09	0.188119	9.90099e-09	1	0.115108	0.263345	0.666667	0.666667	0.666667	1	1	7481.83	1e+20	1.61007e+13	20.2381	66.6434	53.6686	30.8995	61.0515	35.1484	
 90000	-123583	-1164.9	-76878.4	-19614.9	0.0745143	1	0.19773	10.1148	2.78543	0.00408368	19.6944	0.288972	5458	99	563	-73029.3	64.1243f	30.6243	4	1	1	0.108911	0.158416	0.039604	9.90099e-09	0	0	0	0	0.890909	0.958029	0.259598	0.631579	0.875686	9.90099e-09	0.188119	9.90099e-09	1	0.109489	0.330373	0.666667	0.666667	0.666667	1	1	7481.83	1e+20	1.61007e+13	20.2381	66.6434	53.6686	30.8995	64.1243	30.6243	
 91000	-127023	-1164.9	-80317.8	-20253.2	0.0769296	1	0.19773	10.1148	2.87572	0.00457532	19.6944	0.279899	5706	99	603	-73029.3	57.5499f	25.7846	4	1	1	0.108911	0.158416	0.039604	9.90099e-09	0	0	0	0	0.9	0.943463	0.247368	0.483051	0.877442	9.90099e-09	0.188119	9.90099e-09	1	0.117338	0.280822	0.666667	0.666667	0.666667	1	1	7481.83	1e+20	1.61007e+13	20.2381	66.6434	53.6686	30.8995	57.5499	25.7846	
 92000	-127666	-1164.9	-80961.2	-20423.1	0.079596	1	0.1894	10.5597	2.85004	0.00918615	19.6944	0.294842	5773	99	588	-73029.3	73.457f	78.1595	4	1	1	0.108911	0.158416	0.039604	9.90099e-09	0	0	0	0	0.881818	0.974093	0.297945	0.59322	0.891566	9.90099e-09	0.128713	9.90099e-09	1	0.124567	0.302721	0.666667	0.666667	0.666667	1	1	7481.83	1e+20	1.61007e+13	20.2381	66.6434	53.6686	30.8995	73.457	78.1595	
 93000	-127545	-1164.9	-80840	-20439.6	0.0808725	1	0.180728	11.0664	2.76316	0.00845	19.6944	0.318706	5779	99	577	-73029.3	23.2589f	72.5663	4	1	1	0.108911	0.158416	0.039604	9.90099e-09	0	0	0	0	0.909091	0.958621	0.270224	0.556522	0.88601	9.90099e-09	0.128713	9.90099e-09	1	0.129758	0.284983	0.666667	0.666667	0.666667	1	1	7481.83	1e+20	1.61007e+13	20.2381	66.6434	21.9653	70.9958	23.2589	72.5663	
 94000	-128829	-1164.9	-82124.3	-20653.2	0.0804661	1	0.187356	10.6749	2.85011	0.00047156	19.6944	0.298051	5864	99	602	-73029.3	51.8785f	43.1247	4	1	1	0.108911	0.158416	0.039604	9.90099e-09	0	0	0	0	0.854545	0.957555	0.264505	0.595041	0.864177	9.90099e-09	0.128713	9.90099e-09	1	0.113752	0.288889	0.666667	0.666667	0.666667	1	1	7481.83	1e+20	1.61007e+13	20.2381	66.6434	32.7549	68.6897	51.8785	43.1247	
 95000	-130394	-1164.9	-83689	-20983.3	0.0804661	1	0.189462	10.5562	2.88214	0.0150128	19.6944	0.291462	5995	99	600	-73029.3	6.30432f	66.3643	4	1	1	0.108911	0.158416	9.90099e-09	9.90099e-09	0	0	0	0	0.918182	0.971429	0.251248	0.57265	0.883139	9.90099e-09	0.128713	9.90099e-09	1	0.115	0.291367	0.666667	0.666667	0.666667	1	1	7481.83	1e+20	1.61007e+13	20.2381	66.6434	32.7549	68.6897	6.30432	66.3643	
 96000	-128054	-1164.9	-81348.7	-20620.4	0.0804661	1	0.174573	11.4565	2.65564	0.0134333	19.6944	0.343301	5851	99	543	-73029.3	14.5021f	76.31	4	1	1	0.108911	0.158416	9.90099e-09	9.90099e-09	0	0	0	0	0.863636	0.948718	0.238908	0.553571	0.880546	9.90099e-09	0.128713	9.90099e-09	1	0.100683	0.316759	0.666667	0.666667	0.666667	1	1	7481.83	1e+20	1.61007e+13	51.4581	87.8998	32.7549	68.6897	14.5021	76.31	
 97000	-127389	-1164.9	-80683.8	-20486.9	0.0804661	1	0.170011	11.764	2.58836	0.013405	19.6984	0.361675	5798	99	540	-73029.3	9.43884f	67.2634	4	1	1	0.108911	0.158416	9.90099e-09	9.90099e-09	0	0	0	0	0.909091	0.953608	0.254733	0.472222	0.907534	9.90099e-09	0.128713	9.90099e-09	1	0.126496	0.262264	0.666667	0.666667	0.666667	1	1	7481.83	1e+20	1.61007e+13	5.31471	48.0459	32.7549	68.6897	9.43884	67.2634	
 98000	-128404	-1164.9	-81698.7	-20633.4	0.0792263	1	0.179124	11.1654	2.68509	0.00212467	19.6984	0.330908	5856	99	566	-73029.3	53.2432f	33.3396	4	1	1	0.108911	0.158416	9.90099e-09	9.90099e-09	0	0	0	0	0.9	0.960684	0.260204	0.547009	0.887372	9.90099e-09	0.128713	9.90099e-09	1	0.132653	0.266784	0.666667	0.666667	0.666667	1	1	7481.83	1e+20	1.61007e+13	5.31471	48.0459	36.6617	22.1548	53.2432	33.3396	
 99000	-128856	-1164.9	-82151.2	-20575.1	0.0792263	1	0.200546	9.9728	3.0062	0.0148573	19.6984	0.263991	5833	99	637	-73029.3	42.3487f	4.45497	4	1	1	0.108911	0.158416	9.90099e-09	9.90099e-09	0	0	0	0	0.927273	0.948365	0.298456	0.478992	0.892123	9.90099e-09	0.0990099	9.90099e-09	1	0.150685	0.299843	0.666667	0.666667	0.666667	1	1	7481.83	1e+20	1.61007e+13	5.31471	48.0459	36.6617	22.1548	42.3487	4.45497	
100000	-129738	-1164.9	-83032.9	-20769	0.0807715	1	0.189236	10.5688	2.892	0.000523212	19.6984	0.290815	5910	99	629	-73029.3	42.5861f	48.0146	4	1	1	0.108911	0.158416	9.90099e-09	9.90099e-09	0	0	0	0	0.945455	0.947547	0.280612	0.488	0.883446	9.90099e-09	0.0990099	9.90099e-09	1	0.136824	0.263415	0.666667	0.666667	0.666667	1	1	7481.83	1e+20	1.61007e+13	5.31471	48.0459	36.6617	22.1548	42.5861	48.0146	
101000	-130724	-1164.9	-84019.5	-20920	0.0807715	1	0.20359	9.82365	3.20335	0.00581721	19.8424	0.244039	5970	99	664	-73029.3	22.9642f	40.2901	4	1	1	0.019802	0.188119	0.039604	9.90099e-09	0	0	0	0	0.909091	0.956376	0.292437	0.540741	0.869128	9.90099e-09	0.0990099	9.90099e-09	1	0.185619	0.266348	0.666667	0.666667	0.666667	1	1	7481.83	1e+20	1.61007e+13	5.31471	48.0459	25.7434	12.5674	22.9642	40.2901	
102000	-129423	-1164.9	-82718.3	-20678.4	0.0807715	1	0.21682	9.22423	3.41151	0.00582488	19.8424	0.215166	5874	99	645	-73029.3	67.6718f	27.2831	4	1	1	0.019802	0.188119	0.039604	9.90099e-09	0	0	0	0	0.863636	0.962712	0.278438	0.519084	0.876271	9.90099e-09	0.0990099	9.90099e-09	1	0.12628	0.285271	0.666667	0.666667	0.666667	1	1	7481.83	1e+20	1.61007e+13	5.31471	48.0459	25.7434	12.5674	67.6718	27.2831	
103000	-130921	-1164.9	-84215.9	-20869.7	0.0807715	1	0.233352	8.57075	3.67163	0.0251119	19.8424	0.185759	5950	99	702	-73029.3	5.38821f	9.54953	4	1	1	0.019802	0.188119	0.039604	9.90099e-09	0	0	0	0	0.845455	0.959799	0.238655	0.534722	0.847059	9.90099e-09	0.0990099	9.90099e-09	1	0.130872	0.276446	0.666667	0.666667	0.666667	1	1	7481.83	1e+20	1.61007e+13	5.31471	48.0459	25.7434	12.5674	5.38821	9.54953	
104000	-129640	-1164.9	-82935.2	-20728.8	0.0807715	1	0.212274	9.4218	3.33997	0.0131798	19.8424	0.224482	5894	99	642	-73029.3	37.2597f	8.44929	4	1	1	0.019802	0.188119	0.039604	9.90099e-09	0	0	0	0	0.881818	0.956229	0.267343	0.468085	0.86802	9.90099e-09	0.0990099	9.90099e-09	1	0.147208	0.292857	0.666667	0.666667	0.666667	1	1	7481.83	1e+20	1.61007e+13	5.31471	48.0459	25.7434	12.5674	37.2597	8.44929	
105000	-129011	-1164.9	-82306.2	-20759	0.0807715	1	0.18808	10.6338	2.9593	0.000560801	19.8424	0.285949	5906	99	568	-73029.3	45.5527f	43.4364	4	1	1	0.019802	0.188119	0.039604	9.90099e-09	0	0	0	0	0.927273	0.969748	0.254209	0.434783	0.892437	9.90099e-09	0.049505	9.90099e-09	1	0.126904	0.256098	0.666667	0.666667	0.666667	1	1	7481.83	1e+20	1.61007e+13	5.31471	48.0459	25.7434	12.5674	45.5527	43.4364	
106000	-127084	-1164.9	-80378.7	-20443.7	0.0782189	1	0.183076	10.9244	2.78954	0.0161573	19.8424	0.311642	5781	99	529	-73029.3	21.5191f	11.1291	4	1	1	0.019802	0.188119	0.039604	9.90099e-09	0	0	0	0	0.872727	0.955172	0.257785	0.509259	0.871972	0.009901	0.049505	9.90099e-09	1	0.11399	0.325497	0.666667	0.666667	0.666667	1	1	7481.83	1e+20	1.61007e+13	5.31471	48.0459	25.7434	12.5674	21.5191	11.1291	
107000	-126515	-1164.9	-79809.6	-20301	0.0782189	1	0.168534	11.8671	2.56796	0.0171463	19.8424	0.367744	5725	99	533	-73029.3	10.8905f	19.3596	4	1	1	0.019802	0.158416	0.039604	9.90099e-09	0	0	0	0	0.872727	0.955986	0.28223	0.481132	0.891986	0.009901	0.049505	9.90099e-09	1	0.132404	0.284091	0.666667	0.666667	0.666667	1	1	7481.83	1e+20	1.61007e+13	87.3001	50.0133	25.7434	12.5674	10.8905	19.3596	
108000	-125794	-1164.9	-79089.2	-20114.6	0.0773696	1	0.187711	10.6547	2.82911	0.0205819	19.8424	0.299696	5652	99	549	-73029.3	10.2385f	12.7691	4	1	1	0.019802	0.158416	0.039604	9.90099e-09	0	0	0	0	0.863636	0.964664	0.279152	0.535714	0.878521	0.009901	0.049505	9.90099e-09	1	0.114841	0.26789	0.666667	0.666667	0.666667	1	1	7481.83	1e+20	1.61007e+13	87.3001	50.0133	27.0883	16.9929	10.2385	12.7691	
109000	-127266	-1164.9	-80560.7	-20478.8	0.0797528	1	0.165598	12.0774	2.57271	0.0119098	19.8424	0.373571	5795	99	532	-73029.3	21.4583f	20.1482	4	1	1	0.019802	0.158416	9.90099e-09	9.90099e-09	0	0	0	0	0.881818	0.958549	0.250432	0.523364	0.8981	0.009901	0.049505	9.90099e-09	1	0.122625	0.31391	0.666667	0.666667	0.666667	1	1	7481.83	1e+20	1.61007e+13	13.6509	75.8735	27.0883	16.9929	21.4583	20.1482	
110000	-127995	-1164.9	-81290.2	-20562.3	0.0797528	1	0.181954	10.9918	2.86028	0.00389783	19.9009	0.305809	5828	99	560	-73029.3	54.7741f	27.1577	4	1	1	0.019802	0.158416	9.90099e-09	9.90099e-09	0	0	0	0	0.818182	0.974182	0.244863	0.517857	0.900515	0.009901	0.0990099	9.90099e-09	1	0.121784	0.305903	0.666667	0.666667	0.666667	1	1	7481.83	1e+20	1.61007e+13	26.9213	89.1267	27.0883	16.9929	54.7741	27.1577	
111000	-129950	-1164.9	-83245.5	-21018.5	0.0840734	1	0.17616	11.3533	2.91922	0.003474	19.9009	0.30949	6009	99	545	-73029.3	72.186f	52.181	4	1	1	0.019802	0.158416	9.90099e-09	9.90099e-09	0	0	0	0	0.890909	0.953411	0.270764	0.518182	0.883721	0.009901	0.0990099	9.90099e-09	1	0.124585	0.300353	0.666667	0.666667	0.666667	1	1	7481.83	1e+20	1.61007e+13	36.3694	92.0507	47.6995	77.7341	72.186	52.181	
112000	-134324	-1164.9	-87619	-21734.1	0.0840734	1	0.183184	10.918	3.03563	0.00482937	19.9009	0.28621	6298	99	636	-73029.3	25.2591f	58.8063	4	1	1	0.019802	0.158416	9.90099e-09	9.90099e-09	0	0	0	0	0.936364	0.960128	0.262739	0.545455	0.861244	0.009901	0.0990099	9.90099e-09	1	0.125397	0.322327	0.666667	0.666667	0.666667	1	1	7481.83	1e+20	1.61007e+13	36.3694	92.0507	47.6995	77.7341	25.2591	58.8063	
113000	-136497	-1164.9	-89792.1	-22277.8	0.0879296	1	0.174986	11.4295	3.06769	0.000842482	19.9579	0.296486	6522	99	592	-73029.3	45.8496f	59.7028	4	1	1	0.019802	0.158416	9.90099e-09	9.90099e-09	0	0	0	0	0.918182	0.956923	0.258065	0.534483	0.869832	0.009901	0.0990099	9.90099e-09	1	0.104455	0.295455	0.666667	0.666667	0.666667	1	1	7481.83	1e+20	1.61007e+13	36.3694	92.0507	47.6995	77.7341	45.8496	59.7028	
114000	-134492	-1164.9	-87787.5	-21769.7	0.0879296	1	0.182195	10.9772	3.19408	0.0101028	19.9579	0.273488	6313	99	635	-73029.3	32.5996f	84.2027	4	1	1	0.019802	0.188119	9.90099e-09	9.90099e-09	0	0	0	0	0.890909	0.954041	0.257098	0.552239	0.884013	0.009901	0.0990099	9.90099e-09	1	0.102848	0.32126	0.666667	0.666667	0.666667	1	1	7481.83	1e+20	1.61007e+13	5.68949	62.5772	47.6995	77.7341	32.5996	84.2027	
115000	-134869	-1164.9	-88163.6	-21852.1	0.0875232	1	0.181416	11.0244	3.16573	0.00760518	19.9579	0.277122	6347	99	627	-73029.3	82.8462f	54.9616	4	1	1	0.0792079	0.188119	9.90099e-09	9.90099e-09	0	0	0	0	0.890909	0.957547	0.274448	0.439024	0.899054	0.009901	0.0990099	9.90099e-09	1	0.0992126	0.258876	0.666667	0.666667	0.666667	1	1	7481.83	1e+20	1.61007e+13	5.68949	62.5772	73.403	42.9019	82.8462	54.9616	
116000	-135202	-1164.9	-88497.1	-21869.8	0.0857027	1	0.185528	10.78	3.17014	0.00563217	19.9579	0.270602	6354	99	652	-73029.3	69.9895f	29.9444	4	1	1	0.0792079	0.188119	0.029703	9.90099e-09	0	0	0	0	0.918182	0.968404	0.253918	0.529851	0.871473	0.009901	0.0990099	9.90099e-09	1	0.130503	0.301659	0.666667	0.666667	0.666667	1	1	7481.83	1e+20	1.61007e+13	5.68949	62.5772	73.403	42.9019	69.9895	29.9444	
117000	-133635	-1164.9	-86929.8	-21449.6	0.0857027	1	0.197188	10.1426	3.36937	0.000232055	19.9579	0.239547	6183	99	691	-73029.3	53.8224f	52.3904	4	1	1	0.0792079	0.188119	0.029703	9.90099e-09	0	0	0	0	0.918182	0.945073	0.267311	0.609929	0.861958	0.019802	0.0990099	9.90099e-09	1	0.147673	0.281073	0.666667	0.666667	0.666667	1	1	7481.83	1e+20	1.61007e+13	5.68949	62.5772	73.403	42.9019	53.8224	52.3904	
118000	-135028	-1164.9	-88323.1	-21781.8	0.0851952	1	0.197188	10.1426	3.34942	0.0190811	19.9579	0.240974	6318	99	676	-73029.3	3.59994f	74.9344	4	1	1	0.0792079	0.188119	0.029703	9.90099e-09	0	0	0	0	0.872727	0.950872	0.22488	0.530769	0.885167	0.019802	0.0990099	9.90099e-09	1	0.133122	0.277689	0.666667	0.666667	0.666667	1	1	7481.83	1e+20	1.61007e+13	17.036	91.4719	17.3349	66.4482	3.59994	74.9344	
119000	-135233	-1164.9	-88527.9	-21904	0.0858005	1	0.191928	10.4206	3.28322	0.00710557	19.9579	0.25257	6368	99	640	-73029.3	18.1561f	51.9372	4	1	1	0.0792079	0.188119	0.029703	9.90099e-09	0	0	0	0	0.881818	0.962205	0.263736	0.535433	0.88854	0.019802	0.0990099	9.90099e-09	1	0.122449	0.329032	0.666667	0.666667	0.666667	1	1	7481.83	1e+20	1.61007e+13	17.036	91.4719	17.3349	66.4482	18.1561	51.9372	
120000	-139288	-1164.9	-92583.4	-22654.9	0.0904417	1	0.19538	10.2365	3.52308	0.0106703	19.9579	0.231216	6679	99	681	-73029.3	11.2901f	56.3856	4	1	1	0.0693069	0.168317	0.029703	9.90099e-09	0	0	0	0	0.890909	0.951952	0.266467	0.529851	0.862275	0.019802	0.0990099	9.90099e-09	1	0.131737	0.263079	0.666667	0.666667	0.666667	1	1	7481.83	1e+20	1.61007e+13	17.036	91.4719	17.3349	66.4482	11.2901	56.3856	
121000	-137372	-1164.9	-90667.2	-22335.3	0.0904417	1	0.199663	10.0169	3.43144	0.0137588	19.7197	0.232299	6546	99	648	-73029.3	6.6538f	60.6079	4	1	1	0.0693069	0.168317	0.029703	9.90099e-09	0	0	0	0	0.927273	0.966463	0.250765	0.469697	0.886364	0.019802	0.0990099	9.90099e-09	1	0.143511	0.316716	0.666667	0.666667	0.666667	1	1	7481.83	1e+20	1.61007e+13	17.036	91.4719	0.557528	82.2836	6.6538	60.6079	
122000	-137697	-1164.9	-90992.4	-22371.3	0.0904417	1	0.193871	10.3161	3.33191	0.0279515	19.7197	0.246385	6561	99	664	-73029.3	6.06039f	96.3645	4	1	1	0.0693069	0.168317	0.029703	9.90099e-09	0	0	0	0	0.881818	0.947933	0.282675	0.518797	0.889058	0.019802	0.0792079	9.90099e-09	1	0.130898	0.31459	0.666667	0.666667	0.666667	1	1	7481.83	1e+20	1.61007e+13	48.5326	94.8607	0.557528	82.2836	6.06039	96.3645	
123000	-136529	-1164.9	-89823.8	-22193.5	0.0904417	1	0.193871	10.3161	3.33191	0.0092271	19.7197	0.246385	6487	99	636	-73029.3	13.5878f	50.6489	4	1	1	0.0693069	0.168317	0.009901	9.90099e-09	0	0	0	0	0.872727	0.96	0.229231	0.557252	0.884615	0.019802	0.0792079	9.90099e-09	1	0.130971	0.272586	0.666667	0.666667	0.666667	1	1	7481.83	1e+20	1.61007e+13	48.5326	94.8607	24.5666	88.6485	13.5878	50.6489	
124000	-137552	-1164.9	-90846.9	-22438.6	0.0904417	1	0.188392	10.6162	3.23774	0.0092271	19.7197	0.260926	6589	99	620	-73029.3	13.5878f	50.6489	4	1	1	0.0693069	0.168317	0.009901	9.90099e-09	0	0	0	0	0.890909	0.960486	0.286149	0.593985	0.860182	0.019802	0.0792079	9.90099e-09	1	0.129179	0.2912	0.666667	0.666667	0.666667	1	1	7481.83	1e+20	1.61007e+13	48.5326	94.8607	24.5666	88.6485	13.5878	50.6489	
125000	-137779	-1164.9	-91074.1	-22436.2	0.0904417	1	0.181052	11.0465	3.13794	0.0183877	19.7613	0.280137	6588	99	640	-73029.3	31.4471f	98.4218	4	1	1	0.0693069	0.168317	0.009901	9.90099e-09	0	0	0	0	0.836364	0.955927	0.267071	0.51938	0.896813	0.019802	0.0792079	9.90099e-09	1	0.100152	0.285714	0.666667	0.666667	0.666667	1	1	7481.83	1e+20	1.61007e+13	48.5326	94.8607	24.5666	88.6485	31.4471	98.4218	
126000	-140999	-1164.9	-94294.4	-23021.9	0.0920981	1	0.173178	11.5488	3.05644	0.0161555	19.7613	0.300684	6833	99	669	-73029.3	28.2923f	93.4608	4	1	1	0.009901	0.168317	0.009901	9.90099e-09	0	0	0	0	0.881818	0.966325	0.269795	0.541985	0.899123	0.019802	0.0792079	9.90099e-09	1	0.140762	0.281859	0.666667	0.666667	0.666667	1	1	7481.83	1e+20	1.61007e+13	48.5326	94.8607	24.5666	88.6485	28.2923	93.4608	
127000	-143269	-1164.9	-96564	-23456.8	0.0961868	1	0.179476	11.1435	3.19014	0.0151594	19.5826	0.277974	7018	99	683	-73029.3	36.0035f	94.9521	4	1	1	0.009901	0.168317	0.009901	9.90099e-09	0	0	0	0	0.790909	0.960057	0.256046	0.593985	0.882779	0.019802	0.0792079	9.90099e-09	1	0.105413	0.278832	0.666667	0.666667	0.666667	1	1	7481.83	1e+20	1.61007e+13	48.5326	94.8607	24.5666	88.6485	36.0035	94.9521	
128000	-142403	-1164.9	-95698.5	-23276.5	0.0961868	1	0.191455	10.4463	3.40306	0.01463	19.5826	0.244278	6941	99	689	-73029.3	14.198f	79.0951	4	1	1	0.009901	0.168317	0.009901	9.90099e-09	0	0	0	0	0.881818	0.962751	0.253582	0.558824	0.883453	0.019802	0.0792079	9.90099e-09	1	0.135252	0.277539	0.666667	0.666667	0.666667	1	1	7481.83	1e+20	1.61007e+13	48.5326	94.8607	24.5666	88.6485	14.198	79.0951	
129000	-144664	-1164.9	-97959.2	-23650.8	0.0970132	1	0.182684	10.9479	3.27505	0.00692942	19.5826	0.266012	7101	99	722	-73029.3	37.7882f	79.3034	4	1	1	0.009901	0.168317	0.009901	9.90099e-09	0	0	0	0	0.881818	0.967514	0.237693	0.507246	0.90436	0.019802	0.0693069	9.90099e-09	1	0.101266	0.257468	0.666667	0.666667	0.666667	1	1	7481.83	1e+20	1.61007e+13	48.5326	94.8607	24.5666	88.6485	37.7882	79.3034	
130000	-145968	-1164.9	-99262.9	-24047.4	0.0989981	1	0.182684	10.9479	3.34206	0.0208641	19.5826	0.260679	7272	99	662	-73029.3	7.84926f	85.5521	4	1	1	0.009901	0.168317	0.019802	9.90099e-09	0	0	0	0	0.872727	0.968579	0.252055	0.49635	0.881148	0.019802	0.0693069	9.90099e-09	1	0.126374	0.278861	0.666667	0.666667	0.666667	1	1	7481.83	1e+20	1.61007e+13	48.5326	94.8607	24.5666	88.6485	7.84926	85.5521	
131000	-144663	-1164.9	-97958	-23816.1	0.0989981	1	0.165024	12.1195	3.19017	0.00181352	19.8544	0.302316	7172	99	648	-73029.3	59.8777f	62.6257	4	1	1	0.009901	0.168317	0.019802	9.90099e-09	0	0	0	0	0.909091	0.960894	0.278164	0.515873	0.88424	9.90099e-09	0.0693069	9.90099e-09	1	0.133705	0.270313	0.666667	0.666667	0.666667	1	1	7481.83	1e+20	1.61007e+13	48.5326	94.8607	23.7146	61.6536	59.8777	62.6257	
132000	-145717	-1164.9	-99012.6	-23982.6	0.0989981	1	0.183891	10.876	3.50096	0.0111829	19.7787	0.247213	7244	99	671	-73029.3	9.87646f	51.2944	4	1	1	0.009901	0.168317	0.019802	9.90099e-09	0	0	0	0	0.909091	0.964039	0.246537	0.5	0.858921	9.90099e-09	0.0693069	9.90099e-09	1	0.0940526	0.30312	0.666667	0.666667	0.666667	1	1	7481.83	1e+20	1.61007e+13	48.5326	94.8607	11.3164	38.8892	9.87646	51.2944	
133000	-145439	-1164.9	-98733.9	-23894.9	0.0993507	1	0.185507	10.7813	3.42655	0.0158739	19.6123	0.250382	7206	99	688	-73029.3	13.0513f	19.7036	4	1	1	0.0594059	0.207921	0.019802	9.90099e-09	0	0	0	0	0.863636	0.968056	0.258333	0.492424	0.876389	9.90099e-09	0.0693069	9.90099e-09	1	0.0929265	0.324168	0.666667	0.666667	0.666667	1	1	7481.83	1e+20	1.61007e+13	48.5326	94.8607	11.3164	38.8892	13.0513	19.7036	
134000	-148251	-1164.9	-101546	-24428.3	0.10212	1	0.17489	11.4358	3.46823	0.0173958	19.8269	0.262391	7438	99	697	-73029.3	16.8355f	12.5443	4	1	1	0.0594059	0.207921	0.019802	9.90099e-09	0	0	0	0	0.918182	0.967828	0.228802	0.477941	0.898396	9.90099e-09	0.0693069	9.90099e-09	1	0.129032	0.296987	0.666667	0.666667	0.666667	1	1	7481.83	1e+20	1.61007e+13	48.5326	94.8607	11.3164	38.8892	16.8355	12.5443	
135000	-147822	-1164.9	-101117	-24407	0.0996386	1	0.168237	11.888	3.25522	0.0144406	19.8269	0.290615	7428	99	662	-73029.3	17.4163f	18.186	4	1	1	0.0594059	0.207921	0.019802	9.90099e-09	0	0	0	0	0.863636	0.966353	0.237584	0.492857	0.87214	9.90099e-09	0.049505	9.90099e-09	1	0.120805	0.290749	0.666667	0.666667	0.666667	1	1	7481.83	1e+20	1.61007e+13	48.5326	94.8607	17.9918	5.47972	17.4163	18.186	
136000	-149632	-1164.9	-102927	-24590.2	0.103279	1	0.175878	11.3715	3.5274	0.0187245	19.8269	0.256539	7509	99	744	-73029.3	13.4869f	13.0767	4	1	1	0.0594059	0.207921	0.0594059	9.90099e-09	0	0	0	0	0.854545	0.954847	0.277926	0.56	0.874834	9.90099e-09	0.049505	9.90099e-09	1	0.128818	0.303922	0.666667	0.666667	0.666667	1	1	7481.83	1e+20	1.61007e+13	66.6853	88.3062	17.9918	5.47972	13.4869	13.0767	
137000	-149387	-1164.9	-102682	-24633.4	0.103279	1	0.185824	10.7629	3.72686	0.00371307	19.8269	0.229813	7528	99	700	-73029.3	43.2466f	28.3099	4	1	1	0.0594059	0.207921	0.0594059	9.90099e-09	0	0	0	0	0.890909	0.964286	0.278515	0.548611	0.898936	9.90099e-09	0.049505	9.90099e-09	1	0.132275	0.3	0.666667	0.666667	0.666667	1	1	7481.83	1e+20	1.61007e+13	66.6853	88.3062	17.9918	5.47972	43.2466	28.3099	
138000	-149179	-1164.9	-102474	-24497.2	0.103279	1	0.174706	11.4478	3.5481	0.0158018	19.8892	0.256753	7468	99	744	-73029.3	16.0706f	16.527	4	1	1	0.0594059	0.207921	0.0594059	9.90099e-09	0	0	0	0	0.872727	0.967828	0.261394	0.545455	0.871011	9.90099e-09	0.049505	9.90099e-09	1	0.103217	0.299735	0.666667	0.666667	0.666667	1	1	7481.83	1e+20	1.61007e+13	66.6853	88.3062	17.9918	5.47972	16.0706	16.527	
139000	-152535	-1164.9	-105830	-25121.3	0.105232	1	0.184723	10.827	3.8225	0.019233	19.8892	0.225399	7744	99	760	-73029.3	7.2975f	19.1947	4	1	1	0.0891089	0.207921	0.0594059	9.90099e-09	0	0	0	0	0.863636	0.954663	0.259162	0.484076	0.884666	9.90099e-09	0.049505	9.90099e-09	1	0.12844	0.290365	0.666667	0.666667	0.666667	1	1	7481.83	1e+20	1.61007e+13	43.5049	72.6249	17.9918	5.47972	7.2975	19.1947	
140000	-153222	-1164.9	-106517	-25354.1	0.106494	1	0.184867	10.8186	3.87133	0.0124594	19.8892	0.222382	7848	99	712	-73029.3	35.3148f	10.3965	4	1	1	0.0891089	0.207921	0.0594059	9.90099e-09	0	0	0	0	0.845455	0.969349	0.251276	0.486111	0.892994	9.90099e-09	0.0891089	9.90099e-09	1	0.13121	0.277299	0.666667	0.666667	0.666667	1	1	7481.83	1e+20	1.61007e+13	43.5049	72.6249	22.2072	0.0613494	35.3148	10.3965	
141000	-153383	-1164.9	-106678	-25340.5	0.106746	1	0.163513	12.2314	3.43226	0.0123231	19.8892	0.283588	7842	99	727	-73029.3	34.2803f	11.0489	4	1	1	0.0891089	0.207921	0.0594059	9.90099e-09	0	0	0	0	0.863636	0.965605	0.278626	0.471831	0.894268	9.90099e-09	0.0891089	9.90099e-09	1	0.105732	0.292786	0.666667	0.666667	0.666667	1	1	7481.83	1e+20	1.61007e+13	90.2271	81.7086	22.2072	0.0613494	34.2803	11.0489	
142000	-153184	-1164.9	-106479	-25354.1	0.10647	1	0.165483	12.0858	3.46465	0.027707	19.8892	0.277592	7848	99	712	-73029.3	2.75087f	7.90711	4	1	1	0.0891089	0.207921	0.009901	9.90099e-09	0	0	0	0	0.936364	0.956577	0.295918	0.503597	0.895006	9.90099e-09	0.0891089	9.90099e-09	1	0.122449	0.291667	0.666667	0.666667	0.666667	1	1	7481.83	1e+20	1.61007e+13	88.0236	77.1519	22.2072	0.0613494	2.75087	7.90711	
143000	-154350	-1164.9	-107645	-25537.8	0.10647	1	0.173277	11.5422	3.62782	0.00799873	19.8892	0.253183	7930	99	723	-73029.3	31.0765f	22.0896	4	1	1	0.0891089	0.207921	0.009901	9.90099e-09	0	0	0	0	0.863636	0.963291	0.275253	0.520548	0.890446	9.90099e-09	0.0891089	9.90099e-09	1	0.133501	0.28125	0.666667	0.666667	0.666667	1	1	7481.83	1e+20	1.61007e+13	88.0236	77.1519	22.2072	0.0613494	31.0765	22.0896	
144000	-153201	-1164.9	-106496	-25414.6	0.10647	1	0.1669	11.9832	3.29771	0.0126835	19.6033	0.289168	7875	99	685	-73029.3	11.9698f	30.6217	4	1	1	0.0891089	0.207921	0.009901	9.90099e-09	0	0	0	0	0.872727	0.974651	0.230769	0.548872	0.894804	9.90099e-09	0.0891089	9.90099e-09	1	0.0997475	0.277126	0.666667	0.666667	0.666667	1	1	7481.83	1e+20	1.61007e+13	77.1709	68.983	2.38035	4.89085	11.9698	30.6217	
145000	-151717	-1164.9	-105012	-25139.8	0.104624	1	0.1669	11.9832	3.16976	0.0285129	19.4954	0.300841	7752	99	680	-73029.3	8.95512f	0.652795	4	1	1	0.0693069	0.207921	0.009901	9.90099e-09	0	0	0	0	0.872727	0.962629	0.248391	0.539568	0.905928	9.90099e-09	0.0891089	9.90099e-09	1	0.113842	0.305882	0.666667	0.666667	0.666667	1	1	7481.83	1e+20	1.61007e+13	45.3524	87.2645	2.38035	4.89085	8.95512	0.652795	
146000	-152755	-1164.9	-106050	-25296.1	0.106079	1	0.1769	11.3058	3.40636	0.0121159	19.4954	0.26412	7822	99	703	-73029.3	46.0737f	8.53247	4	1	1	0.0693069	0.148515	0.009901	9.90099e-09	0	0	0	0	0.881818	0.960256	0.274936	0.485915	0.901408	9.90099e-09	0.0891089	9.90099e-09	1	0.108974	0.310734	0.666667	0.666667	0.666667	1	1	7481.83	1e+20	1.61007e+13	84.8949	71.2964	31.7994	4.2797	46.0737	8.53247	
147000	-154779	-1164.9	-108074	-25564.1	0.106881	1	0.174509	11.4607	3.3257	0.00501205	19.4083	0.274232	7942	99	758	-73029.3	26.1825f	62.2799	4	1	1	0.0693069	0.148515	0.009901	9.90099e-09	0	0	0	0	0.954545	0.969925	0.266078	0.521127	0.910692	9.90099e-09	0.029703	9.90099e-09	1	0.113208	0.302111	0.666667	0.666667	0.666667	1	1	7481.83	1e+20	1.61007e+13	84.8949	71.2964	35.5726	29.2674	26.1825	62.2799	
148000	-154289	-1164.9	-107584	-25559	0.107418	1	0.17028	11.7454	3.26139	0.00218412	19.4083	0.286586	7940	99	715	-73029.3	32.7217f	48.7532	4	1	1	0.0693069	0.148515	0.049505	9.90099e-09	0	0	0	0	0.909091	0.95466	0.291508	0.511111	0.899619	9.90099e-09	0.029703	9.90099e-09	1	0.134591	0.282517	0.666667	0.666667	0.666667	1	1	7481.83	1e+20	1.61007e+13	84.8949	71.2964	35.5726	29.2674	32.7217	48.7532	
149000	-154305	-1164.9	-107601	-25556.8	0.107418	1	0.173512	11.5266	3.62519	0.000159646	19.8348	0.253024	7939	99	722	-73029.3	48.7043f	47.7458	4	1	1	0.0693069	0.148515	0.049505	9.90099e-09	0	0	0	0	0.872727	0.962169	0.282084	0.5	0.896203	9.90099e-09	0.029703	9.90099e-09	1	0.110127	0.296399	0.666667	0.666667	0.666667	1	1	7481.83	1e+20	1.61007e+13	84.8949	71.2964	30.0269	66.6894	48.7043	47.7458	
150000	-153244	-1164.9	-106540	-25350.8	0.109559	1	0.175521	11.3946	3.74027	0.00037602	19.8348	0.242431	7846	99	715	-73029.3	44.6002f	47.1348	4	1	1	0.0693069	0.148515	0.049505	9.90099e-09	0	0	0	0	0.909091	0.964467	0.277354	0.475177	0.877707	9.90099e-09	0.029703	9.90099e-09	1	0.124682	0.300287	0.666667	0.666667	0.666667	1	1	7481.83	1e+20	1.61007e+13	84.8949	71.2964	12.1164	37.7481	44.6002	47.1348	
151000	-156038	-1164.9	-109333	-25764.3	0.110009	1	0.182397	10.9651	3.90275	0.00583118	19.8348	0.223579	8033	99	778	-73029.3	23.658f	38.4818	4	1	1	0.108911	0.148515	0.049505	9.90099e-09	0	0	0	0	0.890909	0.941687	0.260274	0.509677	0.890274	9.90099e-09	0.029703	9.90099e-09	1	0.109181	0.284802	0.666667	0.666667	0.666667	1	1	7481.83	1e+20	1.61007e+13	84.8949	71.2964	12.1164	37.7481	23.658	38.4818	
152000	-158361	-1164.9	-111656	-26186.7	0.111002	1	0.173835	11.5052	3.75312	0.00278534	19.8348	0.243945	8225	99	787	-73029.3	30.3218f	51.1551	4	1	1	0.108911	0.168317	0.049505	9.90099e-09	0	0	0	0	0.909091	0.976801	0.266338	0.517483	0.869136	9.90099e-09	0.029703	9.90099e-09	1	0.111786	0.294036	0.666667	0.666667	0.666667	1	1	7481.83	1e+20	1.61007e+13	84.8949	71.2964	12.1164	37.7481	30.3218	51.1551	
153000	-156808	-1164.9	-110103	-25936.1	0.111002	1	0.173835	11.5052	3.75312	0.00419834	19.8348	0.243945	8111	99	766	-73029.3	25.8723f	53.623	4	1	1	0.108911	0.168317	0.049505	9.90099e-09	0	0	0	0	0.918182	0.958384	0.246914	0.530201	0.890259	9.90099e-09	0.118812	9.90099e-09	1	0.103448	0.299742	0.666667	0.666667	0.666667	1	1	7481.83	1e+20	1.61007e+13	84.8949	71.2964	12.1164	37.7481	25.8723	53.623	
154000	-156066	-1164.9	-109361	-25837.1	0.111002	1	0.173835	11.5052	3.71652	0.00945281	19.7863	0.246347	8066	99	742	-73029.3	24.9688f	23.1244	4	1	1	0.108911	0.168317	0.049505	9.90099e-09	0	0	0	0	0.936364	0.967901	0.266996	0.54902	0.88228	9.90099e-09	0.118812	9.90099e-09	1	0.115242	0.293173	0.666667	0.666667	0.666667	1	1	7481.83	1e+20	1.61007e+13	84.8949	71.2964	12.1164	37.7481	24.9688	23.1244	
155000	-156373	-1164.9	-109668	-25929.5	0.111002	1	0.173429	11.5321	3.57986	0.0134233	19.6133	0.256349	8108	99	724	-73029.3	6.06841f	52.9829	4	1	1	0.108911	0.168317	0.039604	9.90099e-09	0	0	0	0	0.809091	0.958231	0.257108	0.458904	0.871763	9.90099e-09	0.118812	9.90099e-09	1	0.109741	0.320442	0.666667	0.666667	0.666667	1	1	7481.83	1e+20	1.61007e+13	84.8949	71.2964	12.1164	37.7481	6.06841	52.9829	
156000	-158055	-1164.9	-111350	-26255.7	0.113522	1	0.173455	11.5303	3.6967	0.0110476	19.66	0.248209	8257	99	726	-73029.3	10.9283f	58.2782	4	1	1	0.108911	0.168317	0.039604	9.90099e-09	0	0	0	0	0.854545	0.956311	0.228989	0.429577	0.891041	9.90099e-09	0.118812	9.90099e-09	1	0.113801	0.310249	0.666667	0.666667	0.666667	1	1	7481.83	1e+20	1.61007e+13	84.8949	71.2964	12.1164	37.7481	10.9283	58.2782	
157000	-158413	-1164.9	-111708	-26264.4	0.113522	1	0.181519	11.0182	3.77539	0.0135112	19.5406	0.23224	8261	99	761	-73029.3	7.07811f	60.6324	4	1	1	0.0693069	0.168317	0.039604	9.90099e-09	0	0	0	0	0.9	0.953939	0.287605	0.44	0.89601	9.90099e-09	0.118812	9.90099e-09	1	0.12	0.285151	0.666667	0.666667	0.666667	1	1	7481.83	1e+20	1.61007e+13	84.8949	71.2964	12.1164	37.7481	7.07811	60.6324	
158000	-160045	-1164.9	-113340	-26536.3	0.113522	1	0.17187	11.6367	3.80312	0.0105557	19.8455	0.24349	8386	99	775	-73029.3	21.2145f	23.9033	4	1	1	0.0693069	0.168317	0.039604	9.90099e-09	0	0	0	0	0.927273	0.965394	0.270012	0.547297	0.894988	9.90099e-09	0.118812	9.90099e-09	1	0.108462	0.293214	0.666667	0.666667	0.666667	1	1	7481.83	1e+20	1.61007e+13	84.8949	71.2964	26.7722	50.562	21.2145	23.9033	
159000	-159833	-1164.9	-113128	-26397.1	0.113522	1	0.189727	10.5415	3.90059	0.000177433	19.484	0.215061	8322	99	821	-73029.3	47.8264f	47.8704	4	1	1	0.0693069	0.118812	0.039604	9.90099e-09	0	0	0	0	0.918182	0.961212	0.267148	0.478528	0.881643	9.90099e-09	0.0792079	9.90099e-09	1	0.122744	0.317734	0.666667	0.666667	0.666667	1	1	7481.83	1e+20	1.61007e+13	84.8949	71.2964	26.7722	50.562	47.8264	47.8704	
160000	-159478	-1164.9	-112773	-26462.4	0.113522	1	0.187012	10.6945	3.9032	0.00918075	19.5576	0.218037	8352	99	761	-73029.3	13.6799f	50.5801	4	1	1	0.0693069	0.118812	0.039604	9.90099e-09	0	0	0	0	0.881818	0.967665	0.249701	0.525316	0.882775	9.90099e-09	0.0792079	9.90099e-09	1	0.106332	0.253866	0.666667	0.666667	0.666667	1	1	7481.83	1e+20	1.61007e+13	84.8949	71.2964	26.7722	50.562	13.6799	50.5801	
161000	-157531	-1164.9	-110827	-26107.1	0.112334	1	0.192077	10.4125	3.53158	0.00273868	18.9974	0.234626	8189	99	751	-73029.3	32.9506f	59.7675	4	1	1	0.0693069	0.118812	0.0891089	9.90099e-09	0	0	0	0	0.818182	0.966061	0.249392	0.509434	0.86983	9.90099e-09	0.0792079	9.90099e-09	1	0.127737	0.30625	0.666667	0.666667	0.666667	1	1	7481.83	1e+20	1.61007e+13	98.3247	73.2225	26.7722	50.562	32.9506	59.7675	
162000	-156035	-1164.9	-109330	-25864.4	0.112334	1	0.180027	11.1094	3.23967	0.00423039	18.8956	0.272886	8078	99	728	-73029.3	33.5976f	32.0398	4	1	1	0.0693069	0.118812	0.0891089	9.90099e-09	0	0	0	0	0.9	0.951911	0.248455	0.5	0.892327	9.90099e-09	0.0792079	9.90099e-09	1	0.111386	0.289157	0.666667	0.666667	0.666667	1	1	7481.83	1e+20	1.61007e+13	90.6275	23.5626	26.7722	50.562	33.5976	32.0398	
163000	-156192	-1164.9	-109487	-25941	0.112334	1	0.180027	11.1094	3.5344	0.000117531	19.3114	0.25013	8113	99	712	-73029.3	50.3954f	48.8779	4	1	1	0.009901	0.118812	0.0891089	9.90099e-09	0	0	0	0	0.845455	0.95561	0.270502	0.534247	0.899633	9.90099e-09	0.0792079	9.90099e-09	1	0.123153	0.312236	0.666667	0.666667	0.666667	1	1	7481.83	1e+20	1.61007e+13	90.6275	23.5626	26.7722	50.562	50.3954	48.8779	
164000	-158370	-1164.9	-111665	-26107.1	0.112334	1	0.197116	10.1463	3.8699	0.0145606	19.3114	0.20864	8189	99	837	-73029.3	4.46555f	55.7061	4	1	1	0.009901	0.118812	0.0891089	9.90099e-09	0	0	0	0	0.809091	0.956044	0.231334	0.55625	0.895122	9.90099e-09	0.0792079	9.90099e-09	1	0.0964591	0.32834	0.666667	0.666667	0.666667	1	1	7481.83	1e+20	1.61007e+13	90.6275	23.5626	26.7722	50.562	4.46555	55.7061	
165000	-157349	-1164.9	-110644	-26155.5	0.111431	1	0.178419	11.2095	3.65376	0.00313171	19.5556	0.244139	8211	99	716	-73029.3	29.8375f	55.8883	4	1	1	0.009901	0.138614	0.0891089	9.90099e-09	0	0	0	0	0.872727	0.964763	0.237226	0.506944	0.890229	9.90099e-09	0.108911	9.90099e-09	1	0.0961071	0.29073	0.666667	0.666667	0.666667	1	1	7481.83	1e+20	1.61007e+13	90.6275	23.5626	26.7722	50.562	29.8375	55.8883	
166000	-159857	-1164.9	-113153	-26528.6	0.111431	1	0.178419	11.2095	3.63885	0.00146005	19.5356	0.24514	8381	99	763	-73029.3	36.0826f	51.5831	4	1	1	0.009901	0.138614	0.0891089	9.90099e-09	0	0	0	0	0.918182	0.971292	0.249106	0.529032	0.90119	9.90099e-09	0.108911	9.90099e-09	1	0.115614	0.266751	0.666667	0.666667	0.666667	1	1	7481.83	1e+20	1.61007e+13	90.6275	23.5626	26.7722	50.562	36.0826	51.5831	
167000	-162336	-1164.9	-115631	-26952.6	0.119553	1	0.16697	11.9782	3.72504	0.01264	19.6305	0.255888	8579	99	781	-73029.3	7.41331f	47.0946	4	1	1	0.009901	0.138614	0.0693069	9.90099e-09	0	0	0	0	0.863636	0.963658	0.284051	0.619048	0.895227	9.90099e-09	0.108911	9.90099e-09	1	0.11655	0.292453	0.666667	0.666667	0.666667	1	1	7481.83	1e+20	1.61007e+13	83.1211	61.6908	26.7722	50.562	7.41331	47.0946	
168000	-167026	-1164.9	-120321	-27676.4	0.119891	1	0.178052	11.2327	3.98349	0.00673118	19.6305	0.224394	8920	99	857	-73029.3	33.2785f	24.046	4	1	1	0.009901	0.138614	0.0693069	9.90099e-09	0	0	0	0	0.863636	0.969832	0.265993	0.465839	0.892857	9.90099e-09	0.108911	9.90099e-09	1	0.105499	0.294723	0.666667	0.666667	0.666667	1	1	7481.83	1e+20	1.61007e+13	83.1211	61.6908	26.7722	50.562	33.2785	24.046	
169000	-170139	-1164.9	-123434	-28157.6	0.125208	1	0.195404	10.2352	4.56558	0.0156352	19.6305	0.178399	9151	99	899	-73029.3	7.96206f	28.0029	4	1	1	0.0693069	0.138614	0.0693069	9.90099e-09	0	0	0	0	0.9	0.957377	0.275711	0.587571	0.879913	9.90099e-09	0.108911	9.90099e-09	1	0.143013	0.304494	0.666667	0.666667	0.666667	1	1	7481.83	1e+20	1.61007e+13	83.1211	61.6908	26.7722	50.562	7.96206	28.0029	
170000	-168134	-1164.9	-121429	-27941	0.12395	1	0.185865	10.7605	4.2991	0.010919	19.6305	0.19918	9047	99	826	-73029.3	10.7575f	44.5082	4	1	1	0.0693069	0.138614	0.0693069	9.90099e-09	0	0	0	0	0.863636	0.951595	0.248899	0.463855	0.878587	9.90099e-09	0.108911	9.90099e-09	1	0.117127	0.288115	0.666667	0.666667	0.666667	1	1	7481.83	1e+20	1.61007e+13	83.1211	61.6908	26.7722	50.562	10.7575	44.5082	
171000	-165769	-1164.9	-119064	-27571.5	0.12395	1	0.166922	11.9816	3.86095	0.000207525	19.6305	0.246952	8870	99	796	-73029.3	46.6459f	52.0153	4	1	1	0.0693069	0.158416	0.0693069	9.90099e-09	0	0	0	0	0.836364	0.959551	0.270089	0.574194	0.888764	9.90099e-09	0.108911	9.90099e-09	1	0.106982	0.335948	0.666667	0.666667	0.666667	1	1	7481.83	1e+20	1.61007e+13	90.3432	54.6239	26.7722	50.562	46.6459	52.0153	
172000	-168094	-1164.9	-121389	-27983.4	0.122631	1	0.181701	11.0071	4.15805	0.00363019	19.6305	0.210656	9067	99	802	-73029.3	35.009f	33.2664	4	1	1	0.0693069	0.158416	0.0693069	9.90099e-09	0	0	0	0	0.890909	0.969298	0.229418	0.49711	0.875	9.90099e-09	0.118812	9.90099e-09	1	0.130099	0.319853	0.666667	0.666667	0.666667	1	1	7481.83	1e+20	1.61007e+13	90.3432	54.6239	26.7722	50.562	35.009	33.2664	
173000	-166889	-1164.9	-120184	-27782.2	0.122009	1	0.175363	11.4049	3.79489	0.00332899	19.3827	0.239157	8971	99	789	-73029.3	45.793f	28.9523	4	1	1	0.0693069	0.158416	0.019802	9.90099e-09	0	0	0	0	0.890909	0.970917	0.249162	0.548387	0.88189	9.90099e-09	0.118812	9.90099e-09	1	0.120805	0.271229	0.666667	0.666667	0.666667	1	1	7481.83	1e+20	1.61007e+13	90.3432	54.6239	26.7722	50.562	45.793	28.9523	
174000	-167241	-1164.9	-120536	-27731.7	0.122009	1	0.194951	10.259	4.01476	0.000492027	19.144	0.203346	8947	99	853	-73029.3	52.6308f	57.3059	4	1	1	0.0594059	0.158416	0.019802	9.90099e-09	0	0	0	0	0.872727	0.962222	0.246393	0.531073	0.87694	9.90099e-09	0.118812	9.90099e-09	1	0.113208	0.307263	0.666667	0.666667	0.666667	1	1	7481.83	1e+20	1.61007e+13	90.3432	54.6239	26.7722	50.562	52.6308	57.3059	
175000	-166248	-1164.9	-119543	-27586.5	0.122009	1	0.183905	10.8752	3.95903	0.00898515	19.3575	0.218593	8878	99	825	-73029.3	15.3376f	40.7636	4	1	1	0.0594059	0.158416	0.019802	9.90099e-09	0	0	0	0	0.881818	0.973094	0.282682	0.535714	0.885906	9.90099e-09	0.118812	9.90099e-09	1	0.111486	0.330539	0.666667	0.666667	0.666667	1	1	7481.83	1e+20	1.61007e+13	90.3432	54.6239	26.7722	50.562	15.3376	40.7636	
176000	-164966	-1164.9	-118261	-27428.8	0.122009	1	0.170694	11.7169	3.84339	0.0120833	19.576	0.242599	8803	99	786	-73029.3	14.2589f	71.8095	4	1	1	0.0594059	0.158416	0.019802	9.90099e-09	0	0	0	0	0.9	0.960362	0.234694	0.512195	0.910532	9.90099e-09	0.118812	9.90099e-09	1	0.116648	0.315204	0.666667	0.666667	0.666667	1	1	7481.83	1e+20	1.61007e+13	90.3432	54.6239	26.7722	50.562	14.2589	71.8095	
177000	-163586	-1164.9	-116881	-27269.1	0.119283	1	0.163892	12.2032	3.80658	0.0020579	19.8402	0.25511	8728	99	741	-73029.3	42.3232f	35.224	4	1	1	0.0594059	0.158416	0.019802	9.90099e-09	0	0	0	0	0.872727	0.972445	0.256556	0.560811	0.887882	9.90099e-09	0.118812	9.90099e-09	1	0.111111	0.270777	0.666667	0.666667	0.666667	1	1	7481.83	1e+20	1.61007e+13	89.7796	73.3246	26.7722	50.562	42.3232	35.224	
178000	-166144	-1164.9	-119439	-27745.4	0.120623	1	0.158123	12.6484	3.71382	0.00197969	19.8402	0.271022	8953	99	737	-73029.3	34.0237f	46.2457	4	1	1	0.0594059	0.158416	0.019802	9.90099e-09	0	0	0	0	0.890909	0.970982	0.255866	0.490066	0.891525	9.90099e-09	0.0990099	9.90099e-09	1	0.100446	0.274667	0.666667	0.666667	0.666667	1	1	7481.83	1e+20	1.61007e+13	89.7796	73.3246	26.7722	50.562	34.0237	46.2457	
179000	-166022	-1164.9	-119317	-27599.2	0.121106	1	0.170037	11.7621	3.86797	0.0107586	19.6626	0.241987	8884	99	799	-73029.3	10.7749f	46.9662	4	1	1	0.0594059	0.158416	0.019802	9.90099e-09	0	0	0	0	0.863636	0.960586	0.263217	0.525	0.897523	9.90099e-09	0.0990099	9.90099e-09	1	0.101237	0.292804	0.666667	0.666667	0.666667	1	1	7481.83	1e+20	1.61007e+13	89.7796	73.3246	19.5625	27.8935	10.7749	46.9662	
180000	-166242	-1164.9	-119537	-27581.5	0.119383	1	0.179549	11.139	4.02621	0.00833199	19.6626	0.220161	8875	99	833	-73029.3	50.4298f	15.561	4	1	1	0.0594059	0.158416	0.0594059	9.90099e-09	0	0	0	0	0.890909	0.950506	0.290359	0.485714	0.874016	9.90099e-09	0.0990099	9.90099e-09	1	0.129359	0.291717	0.666667	0.666667	0.666667	1	1	7481.83	1e+20	1.61007e+13	89.7796	73.3246	19.5625	27.8935	50.4298	15.561	
181000	-165584	-1164.9	-118879	-27534.2	0.120028	1	0.182268	10.9729	4.10924	0.018086	19.6626	0.212495	8853	99	791	-73029.3	2.3155f	31.6735	4	1	1	0.0594059	0.158416	0.0594059	9.90099e-09	0	0	0	0	0.890909	0.967342	0.240406	0.5	0.899775	9.90099e-09	0.0990099	9.90099e-09	1	0.112867	0.285006	0.666667	0.666667	0.666667	1	1	7481.83	1e+20	1.61007e+13	89.7796	73.3246	19.5625	27.8935	2.3155	31.6735	
182000	-164860	-1164.9	-118155	-27341.8	0.118654	1	0.189468	10.5559	4.26412	0.00461174	19.7106	0.196995	8762	99	825	-73029.3	26.7289f	39.6097	4	1	1	0.0594059	0.158416	0.0594059	9.90099e-09	0	0	0	0	0.890909	0.961231	0.300341	0.547619	0.887743	9.90099e-09	0.0990099	9.90099e-09	1	0.122007	0.270335	0.666667	0.666667	0.666667	1	1	7481.83	1e+20	1.61007e+13	89.7796	73.3246	19.5625	27.8935	26.7289	39.6097	
183000	-166098	-1164.9	-119393	-27471.8	0.118654	1	0.184212	10.857	4.14584	0.0130228	19.7106	0.208396	8823	99	872	-73029.3	43.3598f	7.31135	4	1	1	0.0594059	0.168317	0.0594059	9.90099e-09	0	0	0	0	0.845455	0.957811	0.269536	0.570552	0.893303	9.90099e-09	0.118812	9.90099e-09	1	0.118182	0.291768	0.666667	0.666667	0.666667	1	1	7481.83	1e+20	1.61007e+13	89.7796	73.3246	19.5625	27.8935	43.3598	7.31135	
184000	-164826	-1164.9	-118121	-27317.9	0.119667	1	0.178283	11.2181	4.04667	0.000554847	19.7106	0.220604	8751	99	831	-73029.3	51.4655f	42.2321	4	1	1	0.0594059	0.168317	0.0594059	9.90099e-09	0	0	0	0	0.9	0.968037	0.243151	0.493827	0.875571	9.90099e-09	0.118812	9.90099e-09	1	0.113014	0.276775	0.666667	0.666667	0.666667	1	1	7481.83	1e+20	1.61007e+13	89.7796	73.3246	54.0349	19.416	51.4655	42.2321	
185000	-163501	-1164.9	-116796	-27250.2	0.120324	1	0.160432	12.4663	3.66147	0.00965722	19.7106	0.27094	8719	99	743	-73029.3	52.5518f	12.953	4	1	1	0.0594059	0.168317	0.0594059	9.90099e-09	0	0	0	0	0.872727	0.962199	0.248292	0.56129	0.892694	9.90099e-09	0.118812	9.90099e-09	1	0.127294	0.33377	0.666667	0.666667	0.666667	1	1	7481.83	1e+20	1.61007e+13	89.7796	73.3246	54.0349	19.416	52.5518	12.953	
186000	-163687	-1164.9	-116982	-27271.4	0.120324	1	0.17797	11.2378	3.6768	0.013314	19.2261	0.243222	8729	99	748	-73029.3	90.2591f	32.4583	4	1	1	0.0594059	0.168317	0.039604	9.90099e-09	0	0	0	0	0.9	0.955479	0.254276	0.496774	0.885975	9.90099e-09	0.118812	9.90099e-09	1	0.0927835	0.303457	0.666667	0.666667	0.666667	1	1	7481.83	1e+20	1.61007e+13	89.7796	73.3246	68.7297	27.3122	90.2591	32.4583	
187000	-164598	-1164.9	-117893	-27531.9	0.120324	1	0.168723	11.8537	3.48577	0.00858936	19.2261	0.270612	8852	99	709	-73029.3	64.9417f	18.3084	4	1	1	0.0693069	0.168317	0.039604	9.90099e-09	0	0	0	0	0.881818	0.96267	0.251693	0.51049	0.893905	9.90099e-09	0.118812	9.90099e-09	1	0.111738	0.318841	0.666667	0.666667	0.666667	1	1	7481.83	1e+20	1.61007e+13	89.7796	73.3246	68.7297	27.3122	64.9417	18.3084	
188000	-164400	-1164.9	-117695	-27354	0.120324	1	0.16579	12.0634	3.82402	0.00627525	19.7629	0.251039	8768	99	769	-73029.3	65.8526f	24.6754	4	1	1	0.0693069	0.168317	0.039604	9.90099e-09	0	0	0	0	0.863636	0.973864	0.245734	0.5	0.890536	9.90099e-09	0.118812	9.90099e-09	1	0.113766	0.270306	0.666667	0.666667	0.666667	1	1	7481.83	1e+20	1.61007e+13	62.8804	85.4272	68.7297	27.3122	65.8526	24.6754	
189000	-163467	-1164.9	-116762	-27396.4	0.120324	1	0.146765	13.6272	3.29976	0.011335	19.637	0.328635	8788	99	665	-73029.3	89.6214f	41.426	4	1	1	0.0693069	0.168317	0.039604	9.90099e-09	0	0	0	0	0.909091	0.965948	0.253409	0.589552	0.904437	9.90099e-09	0.118812	9.90099e-09	1	0.115778	0.28465	0.666667	0.666667	0.666667	1	1	7481.83	1e+20	1.61007e+13	80.6971	75.2554	68.7297	27.3122	89.6214	41.426	
190000	-164036	-1164.9	-117331	-27504.4	0.120324	1	0.143875	13.9009	3.26391	0.00259168	19.681	0.338919	8839	99	667	-73029.3	58.5726f	67.292	4	1	1	0.0693069	0.178218	0.039604	9.90099e-09	0	0	0	0	0.918182	0.966178	0.239773	0.477941	0.921502	9.90099e-09	0.0792079	9.90099e-09	1	0.0980834	0.320588	0.666667	0.666667	0.666667	1	1	7481.83	1e+20	1.61007e+13	80.6971	75.2554	68.7297	27.3122	58.5726	67.292	
191000	-165472	-1164.9	-118767	-27715.3	0.123688	1	0.145456	13.7499	3.39204	0.0124059	19.681	0.322573	8939	99	698	-73029.3	79.5872f	80.6638	4	1	1	0.0693069	0.178218	0.039604	9.90099e-09	0	0	0	0	0.818182	0.964166	0.252252	0.539568	0.919373	9.90099e-09	0.0792079	9.90099e-09	1	0.0995526	0.324523	0.666667	0.666667	0.666667	1	1	7481.83	1e+20	1.61007e+13	78.0683	81.156	59.194	65.7885	79.5872	80.6638	
192000	-169411	-1164.9	-122706	-28362.1	0.124385	1	0.155706	12.8447	3.65153	0.00966532	19.681	0.279924	9249	99	730	-73029.3	77.6076f	75.5055	4	1	1	0.0693069	0.178218	0.039604	9.90099e-09	0	0	0	0	0.845455	0.963243	0.227616	0.564626	0.900755	9.90099e-09	0.0792079	9.90099e-09	1	0.0972973	0.284327	0.666667	0.666667	0.666667	1	1	7481.83	1e+20	1.61007e+13	78.0683	81.156	59.194	65.7885	77.6076	75.5055	
193000	-172071	-1164.9	-125366	-28562.5	0.130618	1	0.183476	10.9006	4.51836	0.0126833	19.681	0.191982	9346	99	869	-73029.3	89.7311f	66.5243	4	1	1	0.039604	0.178218	0.039604	9.90099e-09	0	0	0	0	0.872727	0.958422	0.249465	0.474576	0.880214	9.90099e-09	0.0792079	9.90099e-09	1	0.116578	0.288117	0.666667	0.666667	0.666667	1	1	7481.83	1e+20	1.61007e+13	28.8865	98.8963	59.194	65.7885	89.7311	66.5243	
194000	-172000	-1164.9	-125295	-28561.1	0.12938	1	0.171142	11.6862	4.17467	0.00129988	19.681	0.222762	9346	99	865	-73029.3	45.4356f	62.5924	4	1	1	0.039604	0.178218	0.039604	9.90099e-09	0	0	0	0	0.909091	0.949947	0.245464	0.520231	0.877529	9.90099e-09	0.0792079	9.90099e-09	1	0.126203	0.282486	0.666667	0.666667	0.666667	1	1	7481.83	1e+20	1.61007e+13	31.1041	88.3244	59.194	65.7885	45.4356	62.5924	
195000	-177267	-1164.9	-130562	-29494.3	0.132232	1	0.171142	11.6862	4.2667	0.00393129	19.681	0.217958	9805	99	870	-73029.3	31.8236f	65.2368	4	1	1	0.039604	0.178218	0.039604	9.90099e-09	0	0	0	0	0.872727	0.961303	0.239308	0.545455	0.883385	0.009901	0.0792079	9.90099e-09	1	0.11213	0.288288	0.666667	0.666667	0.666667	1	1	7481.83	1e+20	1.61007e+13	31.1041	88.3244	59.194	65.7885	31.8236	65.2368	
196000	-174155	-1164.9	-127450	-29150.5	0.132825	1	0.156986	12.74	3.74021	0.0071606	19.4373	0.271059	9635	99	765	-73029.3	50.7606f	82.3209	4	1	1	0.039604	0.178218	0.039604	9.90099e-09	0	0	0	0	0.872727	0.961737	0.270855	0.537975	0.889004	0.009901	0.188119	9.90099e-09	1	0.105809	0.315927	0.666667	0.666667	0.666667	1	1	7481.83	1e+20	1.61007e+13	31.1041	88.3244	36.9666	68.3094	50.7606	82.3209	
197000	-176248	-1164.9	-129543	-29532	0.132825	1	0.152861	13.0837	3.72854	0.015769	19.5518	0.279244	9824	99	759	-73029.3	29.0212f	93.1683	4	1	1	0.039604	0.148515	0.039604	9.90099e-09	0	0	0	0	0.854545	0.974464	0.24565	0.516129	0.910402	0.009901	0.188119	9.90099e-09	1	0.107833	0.281209	0.666667	0.666667	0.666667	1	1	7481.83	1e+20	1.61007e+13	31.1041	88.3244	36.9666	68.3094	29.0212	93.1683	
198000	-175016	-1164.9	-128311	-29225.2	0.132825	1	0.172784	11.5752	4.21447	0.00226444	19.5518	0.218562	9672	99	802	-73029.3	46.6688f	67.6545	4	1	1	0.039604	0.148515	0.019802	9.90099e-09	0	0	0	0	0.9	0.965732	0.263485	0.509317	0.910402	0.009901	0.188119	9.90099e-09	1	0.11157	0.283767	0.666667	0.666667	0.666667	1	1	7481.83	1e+20	1.61007e+13	31.1041	88.3244	36.9666	68.3094	46.6688	67.6545	
199000	-175963	-1164.9	-129258	-29376.7	0.132604	1	0.177352	11.277	4.31869	0.00734115	19.5518	0.207793	9747	99	818	-73029.3	71.001f	75.117	4	1	1	0.039604	0.148515	0.019802	9.90099e-09	0	0	0	0	0.890909	0.969325	0.254082	0.556962	0.902863	0.009901	0.188119	9.90099e-09	1	0.101331	0.299511	0.666667	0.666667	0.666667	1	1	7481.83	1e+20	1.61007e+13	31.1041	88.3244	47.4422	54.1829	71.001	75.117	
200000	-174256	-1164.9	-127551	-29033.2	0.132604	1	0.170703	11.7162	4.19198	0.00532906	19.5931	0.222412	9577	99	835	-73029.3	37.0937f	25.8476	4	1	1	0.049505	0.148515	0.019802	9.90099e-09	0	0	0	0	0.872727	0.963542	0.251298	0.520958	0.897167	0.009901	0.188119	9.90099e-09	1	0.115505	0.299401	0.666667	0.666667	0.666667	1	1	7481.83	1e+20	1.61007e+13	31.1041	88.3244	47.4422	54.1829	37.0937	25.8476	
201000	-174644	-1164.9	-127939	-29067.6	0.132604	1	0.171803	11.6412	4.35984	0.0034694	19.7546	0.21248	9594	99	847	-73029.3	32.1789f	63.2918	4	1	1	0.049505	0.148515	0.019802	9.90099e-09	0	0	0	0	0.872727	0.957203	0.266945	0.479042	0.888542	0.009901	0.188119	9.90099e-09	1	0.102083	0.284863	0.666667	0.666667	0.666667	1	1	7481.83	1e+20	1.61007e+13	31.1041	88.3244	47.4422	54.1829	32.1789	63.2918	
202000	-175131	-1164.9	-128426	-29058.4	0.133579	1	0.175536	11.3937	4.48733	0.00966941	19.7546	0.202053	9589	99	903	-73029.3	86.6591f	42.5052	4	1	1	0.049505	0.207921	0.019802	9.90099e-09	0	0	0	0	0.9	0.961618	0.244054	0.523529	0.88309	0.009901	0.049505	9.90099e-09	1	0.114108	0.284562	0.666667	0.666667	0.666667	1	1	7481.83	1e+20	1.61007e+13	62.586	78.9867	47.4422	54.1829	86.6591	42.5052	
203000	-177070	-1164.9	-130365	-29533.5	0.133579	1	0.170538	11.7276	4.24224	0.0056715	19.6203	0.21999	9825	99	836	-73029.3	77.7217f	43.1901	4	1	1	0.049505	0.207921	0.019802	9.90099e-09	0	0	0	0	0.881818	0.968238	0.246436	0.529762	0.895219	0.009901	0.049505	9.90099e-09	1	0.105799	0.313397	0.666667	0.666667	0.666667	1	1	7481.83	1e+20	1.61007e+13	22.5573	73.4342	47.4422	54.1829	77.7217	43.1901	
204000	-177713	-1164.9	-131008	-29778.1	0.134446	1	0.144517	13.8392	3.85729	0.0056715	19.9366	0.285509	9947	99	762	-73029.3	77.7217f	43.1901	4	1	1	0.049505	0.207921	0.039604	9.90099e-09	0	0	0	0	0.872727	0.967839	0.236181	0.618421	0.906533	0.009901	0.049505	9.90099e-09	1	0.107538	0.299479	0.666667	0.666667	0.666667	1	1	7481.83	1e+20	1.61007e+13	22.5573	73.4342	46.9741	48.6117	77.7217	43.1901	
205000	-179626	-1164.9	-132921	-30020.5	0.136157	1	0.152979	13.0737	4.1351	0.00191362	19.9366	0.251596	10069	99	809	-73029.3	66.1821f	47.9402	4	1	1	0.049505	0.207921	0.039604	9.90099e-09	0	0	0	0	0.927273	0.975223	0.263682	0.477124	0.921079	0.009901	0.049505	9.90099e-09	1	0.104374	0.291667	0.666667	0.666667	0.666667	1	1	7481.83	1e+20	1.61007e+13	22.5573	73.4342	46.9741	48.6117	66.1821	47.9402	
206000	-177135	-1164.9	-130430	-29580	0.133296	1	0.150617	13.2787	3.98572	0.0036513	19.9366	0.265117	9848	99	814	-73029.3	35.6358f	67.8084	4	1	1	0.049505	0.207921	0.039604	9.90099e-09	0	0	0	0	0.918182	0.966429	0.262729	0.496855	0.902637	0.009901	0.049505	9.90099e-09	1	0.100815	0.305897	0.666667	0.666667	0.666667	1	1	7481.83	1e+20	1.61007e+13	22.5573	73.4342	46.9741	48.6117	35.6358	67.8084	
207000	-178367	-1164.9	-131662	-29857.8	0.138594	1	0.149239	13.4013	4.10621	0.00118828	19.9366	0.259715	9987	99	780	-73029.3	61.4004f	44.7176	4	1	1	0.049505	0.207921	0.039604	9.90099e-09	0	0	0	0	0.890909	0.961078	0.288423	0.539877	0.916084	0.009901	0.049505	9.90099e-09	1	0.118762	0.320513	0.666667	0.666667	0.666667	1	1	7481.83	1e+20	1.61007e+13	22.5573	73.4342	46.9741	48.6117	61.4004	44.7176	
208000	-181288	-1164.9	-134583	-30278.7	0.138594	1	0.154789	12.9208	4.25891	0.00404605	19.9366	0.241425	10200	99	824	-73029.3	66.0056f	32.2713	4	1	1	0.049505	0.207921	0.039604	9.90099e-09	0	0	0	0	0.836364	0.96184	0.253189	0.51462	0.895303	0.019802	0.049505	9.90099e-09	1	0.124388	0.264741	0.666667	0.666667	0.666667	1	1	7481.83	1e+20	1.61007e+13	22.5573	73.4342	85.077	12.3805	66.0056	32.2713	
209000	-180916	-1164.9	-134211	-30170	0.138594	1	0.167861	11.9146	4.61859	0.00896147	19.9366	0.205286	10145	99	859	-73029.3	40.7291f	15.4966	4	1	1	0.049505	0.168317	0.039604	9.90099e-09	0	0	0	0	0.863636	0.964602	0.248031	0.54491	0.89505	0.019802	0.138614	9.90099e-09	1	0.115044	0.298021	0.666667	0.666667	0.666667	1	1	7481.83	1e+20	1.61007e+13	22.5573	73.4342	85.077	12.3805	40.7291	15.4966	
210000	-178552	-1164.9	-131847	-29869.3	0.13822	1	0.146984	13.6069	4.03328	0.00896147	19.9366	0.268467	9993	99	795	-73029.3	40.7291f	15.4966	4	1	1	0.049505	0.168317	9.90099e-09	9.90099e-09	0	0	0	0	0.836364	0.973108	0.249499	0.512658	0.898798	0.019802	0.138614	9.90099e-09	1	0.105	0.279683	0.666667	0.666667	0.666667	1	1	7481.83	1e+20	1.61007e+13	16.3998	69.5743	84.3199	31.1092	40.7291	15.4966	
211000	-177689	-1164.9	-130984	-29865.4	0.138217	1	0.13817	14.475	3.82032	0.0156424	19.9746	0.301514	9991	99	711	-73029.3	97.3614f	44.337	4	1	1	0.049505	0.168317	9.90099e-09	9.90099e-09	0	0	0	0	0.854545	0.963294	0.268731	0.483221	0.918082	0.019802	0.138614	9.90099e-09	1	0.097	0.292546	0.666667	0.666667	0.666667	1	1	7481.83	1e+20	1.61007e+13	16.3998	69.5743	69.5488	45.2861	97.3614	44.337	
212000	-180081	-1164.9	-133376	-30138.5	0.139305	1	0.156386	12.7889	4.35804	0.0156424	19.9746	0.233525	10129	99	787	-73029.3	97.3614f	44.337	4	1	1	0.049505	0.168317	9.90099e-09	9.90099e-09	0	0	0	0	0.890909	0.978304	0.252465	0.50625	0.918065	0.019802	0.138614	9.90099e-09	1	0.109576	0.283355	0.666667	0.666667	0.666667	1	1	7481.83	1e+20	1.61007e+13	16.3998	69.5743	69.5488	45.2861	97.3614	44.337	
213000	-180406	-1164.9	-133701	-30108.9	0.139305	1	0.158983	12.58	4.43041	0.00325316	19.9746	0.225957	10114	99	835	-73029.3	70.8249f	44.7593	4	1	1	0.0792079	0.168317	9.90099e-09	9.90099e-09	0	0	0	0	0.927273	0.973346	0.261599	0.511905	0.913215	0.019802	0.138614	9.90099e-09	1	0.108481	0.30814	0.666667	0.666667	0.666667	1	1	7481.83	1e+20	1.61007e+13	5.12819	79.7611	69.5488	45.2861	70.8249	44.7593	
214000	-181231	-1164.9	-134526	-30280.5	0.140301	1	0.15179	13.1761	4.2602	0.00068458	19.9746	0.246121	10201	99	821	-73029.3	56.5532f	56.777	4	1	1	0.0792079	0.168317	9.90099e-09	9.90099e-09	0	0	0	0	0.863636	0.977539	0.27451	0.582353	0.911133	0.019802	0.138614	9.90099e-09	1	0.118511	0.299647	0.666667	0.666667	0.666667	1	1	7481.83	1e+20	1.61007e+13	15.8088	43.514	69.5488	45.2861	56.5532	56.777	
215000	-180377	-1164.9	-133672	-30187.8	0.138636	1	0.149827	13.3488	3.86576	0.0019564	19.6173	0.274787	10154	99	793	-73029.3	58.0429f	64.6196	4	1	1	0.0792079	0.178218	0.019802	9.90099e-09	0	0	0	0	0.863636	0.971429	0.269951	0.549383	0.903543	0.019802	0.138614	9.90099e-09	1	0.120079	0.272383	0.666667	0.666667	0.666667	1	1	7481.83	1e+20	1.61007e+13	15.8088	43.514	60.6723	82.617	58.0429	64.6196	
216000	-182724	-1164.9	-136019	-30567.3	0.140219	1	0.157675	12.6843	4.11469	0.00710411	19.6173	0.245313	10347	99	810	-73029.3	50.9518f	82.1875	4	1	1	0.0792079	0.178218	0.019802	9.90099e-09	0	0	0	0	0.854545	0.964113	0.255299	0.468354	0.900778	0.019802	0.138614	9.90099e-09	1	0.108213	0.271499	0.666667	0.666667	0.666667	1	1	7481.83	1e+20	1.61007e+13	17.707	43.8461	60.6723	82.617	50.9518	82.1875	
217000	-184817	-1164.9	-138112	-30909.2	0.144416	1	0.158185	12.6434	4.25159	0.00779925	19.6173	0.236648	10523	99	819	-73029.3	56.1967f	83.188	4	1	1	0.0792079	0.178218	0.019802	9.90099e-09	0	0	0	0	0.9	0.974504	0.259924	0.584337	0.89414	0.019802	0.138614	9.90099e-09	1	0.117313	0.323565	0.666667	0.666667	0.666667	1	1	7481.83	1e+20	1.61007e+13	17.707	43.8461	60.6723	82.617	56.1967	83.188	
218000	-187315	-1164.9	-140610	-31249.8	0.144416	1	0.154263	12.9649	4.39546	0.00253842	19.9058	0.234723	10699	99	867	-73029.3	68.567f	53.9698	4	1	1	0.049505	0.178218	0.019802	9.90099e-09	0	0	0	0	0.890909	0.966324	0.264239	0.454023	0.897653	0.019802	0.138614	9.90099e-09	1	0.0971055	0.277066	0.666667	0.666667	0.666667	1	1	7481.83	1e+20	1.61007e+13	91.8576	10.7919	60.6723	82.617	68.567	53.9698	
219000	-185680	-1164.9	-138976	-31120	0.144732	1	0.143747	13.9134	4.10479	0.014065	19.9058	0.269731	10632	99	786	-73029.3	75.4299f	87.5992	4	1	1	0.049505	0.178218	0.019802	9.90099e-09	0	0	0	0	0.890909	0.964319	0.272813	0.493671	0.909091	0.019802	0.138614	9.90099e-09	1	0.100469	0.267176	0.666667	0.666667	0.666667	1	1	7481.83	1e+20	1.61007e+13	91.8576	10.7919	60.6723	82.617	75.4299	87.5992	
220000	-186108	-1164.9	-139403	-31149	0.144732	1	0.141524	14.1319	3.73621	0.0128076	19.5189	0.300995	10647	99	815	-73029.3	74.3044f	85.8474	4	1	1	0.049505	0.178218	0.019802	9.90099e-09	0	0	0	0	0.836364	0.971028	0.282649	0.565217	0.914179	0.019802	0.138614	9.90099e-09	1	0.0991581	0.308842	0.666667	0.666667	0.666667	1	1	7481.83	1e+20	1.61007e+13	85.7502	17.5955	53.6073	89.887	74.3044	85.8474	
221000	-186061	-1164.9	-139356	-31152.6	0.146214	1	0.139572	14.3295	3.7224	0.0165842	19.5189	0.306337	10649	99	807	-73029.3	70.694f	94.7489	4	1	1	0.049505	0.108911	0.019802	9.90099e-09	0	0	0	0	0.863636	0.967105	0.239887	0.521739	0.904986	0.019802	0.138614	9.90099e-09	1	0.120301	0.318463	0.666667	0.666667	0.666667	1	1	7481.83	1e+20	1.61007e+13	85.7502	17.5955	53.6073	89.887	70.694	94.7489	
222000	-185721	-1164.9	-139016	-31091	0.146214	1	0.152909	13.0797	3.89076	0.00869076	19.2908	0.267518	10617	99	810	-73029.3	55.6811f	85.1937	4	1	1	0.049505	0.108911	0.019802	9.90099e-09	0	0	0	0	0.890909	0.956685	0.254699	0.520958	0.904986	0.019802	0.0891089	9.90099e-09	1	0.0988701	0.293317	0.666667	0.666667	0.666667	1	1	7481.83	1e+20	1.61007e+13	85.7502	17.5955	53.6073	89.887	55.6811	85.1937	
223000	-187144	-1164.9	-140440	-31329.5	0.146214	1	0.150912	13.2527	4.21643	0.0104616	19.7472	0.250121	10741	99	811	-73029.3	76.5243f	78.7531	4	1	1	0.049505	0.108911	0.019802	9.90099e-09	0	0	0	0	0.936364	0.968519	0.232126	0.490683	0.910864	0.019802	0.0891089	9.90099e-09	1	0.101395	0.270603	0.666667	0.666667	0.666667	1	1	7481.83	1e+20	1.61007e+13	85.7502	17.5955	53.6073	89.887	76.5243	78.7531	