
# before rand glnL: -88896.534367 alnL: -1141.997609
# ninter: 99
# ncoal: 99
# nhits: 99
# true lbda: 0.001274
# true mu: 0.109285
# true rad: 44.263653
# true sigsq: 0.671548
# true neigh. size: 18.300778
# fst-based estimate of neighborhood size: -nan
# nucleotide diversity: 0.000000
# length of a generation: 91568.8 time units
# clock rate: 1 subst. per time unit
# after rand glnL: -88896.534367 alnL: -1141.997609
# ninter: 99
# ncoal: 99
# nhits: 99
# start lbda: 0.001274
# start mu: 0.109285
# start rad: 11.173703
sample	lnP	alnL	glnL	tlnL	lbda	clock	mu	neigh	sigsq	sigsqobs	rad	rhoe	nInt	nCoal	nHit	rootTime	rootLon	rootLat	tstv	alpha	MeanBr	accLbda	accMu	accRad	accInDelDisk	accInDelHit	accScaleTime	accSPR	accSPRlocal	accPath	accIndelDiskSerial	accIndelHitSerial	accLdskGivenDisk	accDiskGivenLdsk	accDiskAndLdsk	accLdskMulti	accDiskMulti	accMoveDiskUD	accAddRemoveJump	accLdskTipToRoot	tuneLbda	tuneRad	tuneMu	tuneIndelDisk	tuneIndelHit	tuneLdskGivenDisk	tuneIndelDiskSerial	tuneIndelHitSerial	c0	c1	rootc0	rootc1	rootldsk0	rootldsk1	
  1000	-53521.9	-1142	-6839.94	-2009.88	0.00362534	1	0.159645	12.5278	0.111579	0.0176174	19.791	8.93477	307	99	121	-78502.2	80.2075f	7.05452	4	1	1	0	0	0	0	0	0	0	0	0.990909	0.818182	0.32	0.594595	0.612613	0	0	0	1	0.163793	0.264463	1	1	1	1	1	1.5	11.3906	0.666667	83.8428	30.964	78.1965	1.25861	80.2075	7.05452	
  2000	-55286.8	-1142	-8604.85	-2694.5	0.0039749	1	0.152776	13.091	0.11825	0.0206021	19.8405	8.80976	431	99	118	-78502.2	78.3122f	0.780078	4	1	1	0	0	0	0	0	0	0	0	0.990909	0.952	0.382114	0.411215	0.8	0	0	0	1	0.168	0.115702	1	1	1	1	1	3.375	656.841	1.5	13.6634	67.6598	78.1965	1.25861	78.3122	0.780078	
  3000	-55993.2	-1142	-9311.19	-2926.71	0.00624087	1	0.143525	13.9349	0.179365	0.0154513	19.9797	6.18239	480	99	125	-78502.2	95.5739f	31.3666	4	1	1	0	0	0	0	0	0	0	0	0.945455	0.910345	0.292517	0.461538	0.75	0	0	0	1	0.116438	0.296	1	1	1	1	1	7.59375	85222.7	1.5	13.6634	67.6598	78.1965	1.25861	95.5739	31.3666	
  4000	-57508.3	-1142	-10826.3	-3392.3	0.00713801	1	0.167399	11.9475	0.239274	0.0162588	19.9797	3.97348	573	99	143	-78502.2	87.9274f	16.7056	4	1	1	0	0	0	0	0	0	0	0	0.945455	0.932773	0.301724	0.543689	0.737288	0	0	0	1	0.172414	0.210884	1	1	1	1	1	25.6289	1.6586e+07	86.4976	25.0729	23.3006	78.1965	1.25861	87.9274	16.7056	
  5000	-59173.4	-1142	-12491.4	-3975.61	0.00898921	1	0.154487	12.9461	0.272971	0.00390859	19.8872	3.77408	694	99	138	-78502.2	39.5331f	28.009	4	1	1	0	0	0	0	0	0	0	0	0.981818	0.957143	0.240876	0.598131	0.8	0	0	0	1	0.123188	0.269504	1	1	1	1	1	57.665	7.26291e+09	2216.84	65.8533	82.7891	78.1965	1.25861	39.5331	28.009	
  6000	-61089.1	-1142	-14407.1	-4574.33	0.010282	1	0.205829	9.71679	0.415995	0.0126516	19.8872	1.85877	823	99	151	-78502.2	86.9622f	25.2013	4	1	1	0	0	0.0594059	0	0	0	0	0	0.963636	0.927273	0.299401	0.542857	0.802469	0	0	0	1	0.101266	0.141892	1	0.666667	1	1	1	129.746	7.15586e+12	287627	65.8533	82.7891	78.1965	1.25861	86.9622	25.2013	
  7000	-62970.6	-1142	-16288.6	-5118.43	0.0126504	1	0.181359	11.0278	0.450969	0.0127801	19.8872	1.94596	944	99	170	-78502.2	74.2396f	12.4719	4	1	1	0	0.227723	0.0594059	0	0	0	0	0	0.954545	0.950276	0.232044	0.552632	0.816216	0	0.0792079	0.118812	1	0.126316	0.311765	1	0.666667	0.666667	1	1	291.929	7.05039e+15	970740	87.0004	29.5966	78.1965	1.25861	74.2396	12.4719	
  8000	-65735	-1142	-19053	-5962.42	0.013654	1	0.228549	8.75087	0.520259	0.0138861	19.085	1.33851	1139	99	183	-78502.2	78.7625f	13.3415	4	1	1	0.257426	0.227723	0.0594059	0	0	0	0	0	0.936364	0.982609	0.26087	0.601695	0.843478	0	0.0792079	0.118812	1	0.0964912	0.102703	1.5	0.666667	0.666667	1	1	656.841	1e+20	1.08944e+10	80.6286	11.5952	67.4116	22.5148	78.7625	13.3415	
  9000	-66915	-1142	-20233	-6150.77	0.0156434	1	0.252305	7.9269	0.683089	0.0167599	19.2643	0.923456	1184	99	236	-78502.2	67.7927f	2.03116	4	1	1	0.257426	0.227723	0.0594059	0	0	0	0	0	0.963636	0.89916	0.260504	0.564356	0.756522	0	0.0792079	0.118812	1	0.168067	0.427861	1.5	0.666667	0.666667	1	1	2216.84	1e+20	2.12026e+12	80.6286	11.5952	67.4116	22.5148	67.7927	2.03116	
 10000	-67319.3	-1142	-20637.3	-6369.9	0.0146807	1	0.252305	7.9269	0.704918	0.0181707	19.7271	0.89486	1236	99	212	-78502.2	99.3332f	29.5441	4	1	1	0.257426	0.227723	0.0594059	0	0	0	0	0	0.945455	0.935484	0.275	0.540541	0.813008	0	0.0792079	0.118812	1	0.146341	0.113208	1.5	0.666667	0.666667	1	1	7481.83	1e+20	3.13351e+15	80.6286	11.5952	67.4116	22.5148	99.3332	29.5441	
 11000	-70070.1	-1142	-23388.1	-7081.57	0.0179154	1	0.249829	8.00549	0.826167	0.00354607	19.577	0.771098	1411	99	249	-78502.2	59.2356f	28.611	4	1	1	0.257426	0.227723	0.0594059	0	0	0	0	0	0.927273	0.943662	0.288732	0.496	0.788732	0	0.0792079	0.118812	1	0.133803	0.240964	1.5	0.666667	0.666667	1	1	7481.83	1e+20	3.13351e+15	80.6286	11.5952	67.4116	22.5148	59.2356	28.611	
 12000	-69701.6	-1142	-23019.6	-7025.55	0.0181742	1	0.22121	9.0412	0.74209	0.00278464	19.577	0.969526	1397	99	234	-78502.2	49.3971f	70.5864	4	1	1	0.257426	0.227723	0.0594059	0	0	0	0	0	0.972727	0.964789	0.307143	0.575	0.862069	0	0.0792079	0.019802	1	0.15493	0.313305	1.5	0.666667	0.666667	1	1	7481.83	1e+20	3.13351e+15	91.5182	35.1091	44.023	64.9731	49.3971	70.5864	
 13000	-71614.4	-1142	-24932.4	-7551.01	0.0195755	1	0.221334	9.03614	0.793837	0.0028586	19.5407	0.905819	1529	99	246	-78502.2	70.9277f	48.3614	4	1	1	0.257426	0.217822	0.039604	0	0	0	0	0	0.954545	0.921053	0.287582	0.491667	0.803922	0.009901	0.0990099	0.019802	1	0.150327	0.288	1.5	0.666667	0.666667	1	1	7481.83	1e+20	3.13351e+15	91.5182	35.1091	24.4902	43.0348	70.9277	48.3614	
 14000	-73521.2	-1142	-26839.2	-8074.2	0.0204021	1	0.236405	8.46007	0.837109	0.0152114	19.2779	0.804233	1663	99	260	-78502.2	19.9981f	11.7954	4	1	1	0.0792079	0.217822	0.039604	0.009901	0	0	0	0	0.918182	0.94012	0.173653	0.490385	0.871951	0.009901	0.0990099	0.019802	1	0.155689	0.321569	1.5	0.666667	0.666667	1	1	7481.83	1e+20	3.13351e+15	91.5182	35.1091	22.502	14.6891	19.9981	11.7954	
 15000	-73706.3	-1142	-27024.3	-8073.04	0.0211686	1	0.259924	7.69456	0.994153	0.0227799	19.4727	0.615914	1663	99	279	-78502.2	0.68965f	16.674	4	1	1	0.0792079	0.217822	0.039604	0.009901	0	0	0	0	0.963636	0.939759	0.299401	0.490909	0.843373	0.009901	0.0990099	0.019802	1	0.156627	0.304196	1.5	0.666667	0.666667	1	1	7481.83	1e+20	3.13351e+15	91.5182	35.1091	22.502	14.6891	0.68965	16.674	
 16000	-74036.9	-1142	-27354.9	-8188.55	0.0218497	1	0.253942	7.87582	1.00252	0.0152457	19.4727	0.625161	1693	99	275	-78502.2	16.6783f	14.5888	4	1	1	0.0792079	0.217822	0.039604	0.009901	0	0	0	0	0.927273	0.964912	0.276471	0.474576	0.888889	0.009901	0.0990099	0.019802	1	0.152941	0.275986	1.5	0.666667	0.666667	1	1	7481.83	1e+20	3.13351e+15	91.5182	35.1091	22.502	14.6891	16.6783	14.5888	
 17000	-75922.2	-1142	-29240.2	-8655.91	0.0216705	1	0.250976	7.96888	0.98269	0.0182126	19.4727	0.645313	1815	99	297	-78502.2	8.72006f	16.4794	4	1	1	0.0792079	0.217822	0.039604	0.009901	0	0	0	0	0.909091	0.944134	0.281768	0.477876	0.861878	0.009901	0.0990099	0.019802	1	0.149171	0.272414	1.5	0.666667	0.666667	1	1	7481.83	1e+20	3.13351e+15	91.5182	35.1091	22.502	14.6891	8.72006	16.4794	
 18000	-76880.5	-1142	-30198.5	-8905.66	0.0228049	1	0.246672	8.10793	1.0164	0.0156442	19.4727	0.634799	1882	99	308	-78502.2	2.84128f	35.8416	4	1	1	0.0792079	0.217822	0.039604	0.009901	0	0	0	0	0.918182	0.967568	0.305556	0.466667	0.833333	0.009901	0.0990099	0.019802	1	0.0810811	0.273616	1.5	0.666667	0.666667	1	1	7481.83	1e+20	3.13351e+15	91.5182	35.1091	22.502	14.6891	2.84128	35.8416	
 19000	-77560	-1142	-30878	-9147.53	0.0234985	1	0.235653	8.48706	1.10005	0.0044495	19.9399	0.613951	1947	99	291	-78502.2	34.9434f	28.7879	4	1	1	0.0792079	0.247525	0.029703	0.009901	0	0	0	0	0.936364	0.954315	0.270408	0.483333	0.825641	0.009901	0.0990099	0.019802	1	0.147959	0.275986	1.5	0.666667	0.666667	1	1	7481.83	1e+20	3.13351e+15	91.5182	35.1091	22.502	14.6891	34.9434	28.7879	
 20000	-77552.2	-1142	-30870.2	-9226.3	0.0234985	1	0.199587	10.0207	0.931695	0.0119927	19.9399	0.855882	1968	99	262	-78502.2	48.3281f	6.8677	4	1	1	0.0792079	0.247525	0.029703	0.009901	0	0	0	0	0.936364	0.954545	0.308081	0.411215	0.813131	0.009901	0.0693069	0.009901	1	0.111111	0.265918	1.5	0.666667	0.666667	1	1	7481.83	1e+20	3.13351e+15	91.5182	35.1091	22.502	14.6891	48.3281	6.8677	
 21000	-78181.9	-1142	-31499.9	-9290.06	0.0234985	1	0.237889	8.4073	1.09169	0.0112917	19.855	0.612842	1985	99	301	-78502.2	11.9048f	32.8977	4	1	1	0.0792079	0.247525	0.029703	0.009901	0	0	0	0	0.936364	0.929293	0.238579	0.512397	0.806122	0.009901	0.0693069	0.009901	1	0.107143	0.302326	1.5	0.666667	0.666667	1	1	7481.83	1e+20	3.13351e+15	91.5182	35.1091	22.502	14.6891	11.9048	32.8977	
 22000	-80284.4	-1142	-33602.4	-9767.79	0.0258718	1	0.239809	8.33997	1.21165	0.0128714	19.855	0.547743	2117	99	339	-78502.2	45.0201f	5.55748	4	1	1	0.0792079	0.247525	0.029703	0.009901	0	0	0	0	0.890909	0.933649	0.254717	0.519608	0.781553	0.009901	0.0693069	0.009901	1	0.179245	0.256966	1.5	0.666667	0.666667	1	1	7481.83	1e+20	3.13351e+15	91.5182	35.1091	19.3151	23.2063	45.0201	5.55748	
 23000	-80553.2	-1142	-33871.2	-9845.5	0.0269375	1	0.242285	8.25475	1.27458	0.00330509	19.855	0.515378	2139	99	335	-78502.2	29.9379f	40.3057	4	1	1	0.0792079	0.247525	0.029703	0.009901	0	0	0	0	0.909091	0.935484	0.246512	0.529851	0.763889	0.009901	0.0693069	0.009901	1	0.16129	0.278443	1.5	0.666667	0.666667	1	1	7481.83	1e+20	3.13351e+15	91.5182	35.1091	19.3151	23.2063	29.9379	40.3057	
 24000	-82407.9	-1142	-35725.9	-10384.7	0.0285335	1	0.222366	8.99418	1.23911	0.00204212	19.855	0.577621	2290	99	326	-78502.2	37.6305f	37.8566	4	1	1	0.0792079	0.247525	0.029703	0.009901	0	0	0	0	0.854545	0.960699	0.218341	0.537313	0.869955	0.009901	0.0693069	0.009901	1	0.134783	0.291291	1.5	0.666667	0.666667	1	1	7481.83	1e+20	3.13351e+15	91.5182	35.1091	19.3151	23.2063	37.6305	37.8566	
 25000	-82631.5	-1142	-35949.5	-10420.3	0.0285335	1	0.21706	9.21404	1.23045	0.00931018	19.9402	0.595906	2300	99	336	-78502.2	27.6334f	19.4026	4	1	1	0.0792079	0.217822	0.029703	0.009901	0	0	0	0	0.927273	0.947826	0.26087	0.425373	0.820961	9.90099e-09	0.0693069	0.009901	1	0.122271	0.253125	1.5	0.666667	0.666667	1	1	7481.83	1e+20	3.13351e+15	91.5182	35.1091	36.9282	46.7911	27.6334	19.4026	
 26000	-84469.3	-1142	-37787.3	-10894.6	0.0296623	1	0.250968	7.96914	1.49166	0.0191129	19.9829	0.425139	2435	99	350	-78502.2	2.80475f	77.3078	4	1	1	0.0693069	0.217822	0.029703	9.90099e-09	0	0	0	0	0.945455	0.946281	0.218107	0.490385	0.864198	9.90099e-09	0.138614	9.90099e-09	1	0.135802	0.245161	1.5	0.666667	0.666667	1	1	7481.83	1e+20	3.13351e+15	91.5182	35.1091	36.9282	46.7911	2.80475	77.3078	
 27000	-83608.4	-1142	-36926.4	-10641.3	0.0296623	1	0.25127	7.95956	1.49346	0.0202497	19.9829	0.424117	2363	99	360	-78502.2	20.5965f	2.19378	4	1	1	0.0693069	0.217822	0.029703	9.90099e-09	0	0	0	0	0.927273	0.949367	0.261603	0.475248	0.793249	9.90099e-09	0.138614	9.90099e-09	1	0.139241	0.295129	1.5	0.666667	0.666667	1	1	7481.83	1e+20	3.13351e+15	91.5182	35.1091	23.9043	50.4593	20.5965	2.19378	
 28000	-86207.8	-1142	-39525.8	-11391.6	0.0330762	1	0.256446	7.79891	1.51652	0.0145208	19.4215	0.409238	2580	99	342	-78502.2	13.0217f	20.294	4	1	1	0.0693069	0.217822	0.029703	9.90099e-09	0	0	0	0	0.945455	0.934363	0.258964	0.46087	0.864865	9.90099e-09	0.138614	9.90099e-09	1	0.135135	0.264957	1.5	0.666667	0.666667	1	1	7481.83	1e+20	3.13351e+15	88.3425	74.4102	36.8366	34.1771	13.0217	20.294	
 29000	-86724.8	-1142	-40042.8	-11609.8	0.0330762	1	0.211255	9.46725	1.24927	0.0173202	19.4215	0.603054	2644	99	315	-78502.2	33.3201f	0.848401	4	1	1	0.0693069	0.217822	0.029703	9.90099e-09	0	0	0	0	0.872727	0.93985	0.285714	0.485437	0.845283	9.90099e-09	0.138614	9.90099e-09	1	0.0754717	0.294833	1.5	0.666667	0.666667	1	1	7481.83	1e+20	3.13351e+15	96.0553	66.7652	36.8366	34.1771	33.3201	0.848401	
 30000	-85129	-1142	-38447	-11183.7	0.0330762	1	0.210823	9.48662	1.24338	0.0103681	19.4084	0.607153	2519	99	314	-78502.2	36.6573f	12.2271	4	1	1	0.0693069	0.217822	0.029703	9.90099e-09	0	0	0	0	0.890909	0.948819	0.286275	0.530303	0.884921	9.90099e-09	0.138614	9.90099e-09	1	0.145098	0.330275	1.5	0.666667	0.666667	1	1	7481.83	1e+20	3.13351e+15	96.0553	66.7652	36.8366	34.1771	36.6573	12.2271	
 31000	-87150.9	-1142	-40468.9	-11730	0.0327617	1	0.211627	9.45061	1.23625	0.00658412	19.4084	0.608335	2679	99	312	-78502.2	63.8908f	21.2316	4	1	1	0.0693069	0.217822	0.029703	9.90099e-09	0	0	0	0	0.927273	0.96679	0.234201	0.455446	0.869888	9.90099e-09	0.138614	9.90099e-09	1	0.0885609	0.299065	1.5	0.666667	0.666667	1	1	7481.83	1e+20	3.13351e+15	91.8687	45.1377	36.8366	34.1771	63.8908	21.2316	
 32000	-87223.2	-1142	-40541.2	-11706.1	0.0327617	1	0.203203	9.84236	1.27406	0.0175983	19.7547	0.614752	2672	99	327	-78502.2	8.811f	17.8308	4	1	1	0.0693069	0.316832	0.0594059	9.90099e-09	0	0	0	0	0.909091	0.966292	0.220974	0.524752	0.868914	9.90099e-09	0.118812	9.90099e-09	1	0.115672	0.3	1.5	0.666667	0.666667	1	1	7481.83	1e+20	3.13351e+15	96.5005	48.4329	36.8366	34.1771	8.811	17.8308	
 33000	-86906.6	-1142	-40224.6	-11565.9	0.0327617	1	0.206458	9.6872	1.29447	0.000741717	19.7547	0.595522	2631	99	347	-78502.2	46.8045f	40.5464	4	1	1	0.019802	0.316832	0.0594059	9.90099e-09	0	0	0	0	0.918182	0.943182	0.226415	0.592593	0.879245	9.90099e-09	0.118812	9.90099e-09	1	0.139623	0.288889	1.5	0.666667	0.666667	1	1	7481.83	1e+20	3.13351e+15	96.5005	48.4329	36.8366	34.1771	46.8045	40.5464	
 34000	-85533.3	-1142	-38851.3	-11145.5	0.0327617	1	0.218753	9.14272	1.37156	0.00364273	19.7547	0.530459	2508	99	361	-78502.2	73.1864f	55.252	4	1	1	0.019802	0.316832	0.0594059	9.90099e-09	0	0	0	0	0.927273	0.944444	0.248	0.441441	0.844	9.90099e-09	0.118812	9.90099e-09	1	0.14	0.32853	1.5	0.666667	0.666667	1	1	7481.83	1e+20	3.13351e+15	96.5005	48.4329	36.8366	34.1771	73.1864	55.252	
 35000	-86684.6	-1142	-40002.6	-11401.8	0.0327617	1	0.238521	8.38501	1.4955	0.000262068	19.7547	0.446178	2583	99	379	-78502.2	54.9874f	51.7912	4	1	1	0.019802	0.316832	0.0594059	9.90099e-09	0	0	0	0	0.963636	0.934109	0.247104	0.513761	0.810811	9.90099e-09	0.118812	9.90099e-09	1	0.196911	0.280749	1.5	0.666667	0.666667	1	1	7481.83	1e+20	3.13351e+15	96.5005	48.4329	36.8366	34.1771	54.9874	51.7912	
 36000	-85745	-1142	-39063	-11340.3	0.0327617	1	0.200234	9.98833	1.25544	0.0126086	19.7547	0.63312	2565	99	313	-78502.2	57.6915f	6.36774	4	1	1	0.019802	0.316832	0.0594059	0.009901	0	0	0	0	0.918182	0.960784	0.27451	0.442308	0.830709	9.90099e-09	0.118812	9.90099e-09	1	0.121569	0.248387	1.5	0.666667	0.666667	1	1	7481.83	1e+20	3.13351e+15	96.5005	48.4329	36.8366	34.1771	57.6915	6.36774	
 37000	-89122.2	-1142	-42440.2	-12117.4	0.0351528	1	0.200985	9.951	1.35212	0.00454546	19.7547	0.585655	2795	99	353	-78502.2	61.5596f	73.9024	4	1	1	0.019802	0.316832	0.009901	0.009901	0	0	0	0	0.872727	0.935018	0.313167	0.485149	0.880435	9.90099e-09	0.118812	9.90099e-09	1	0.164286	0.302326	1.5	0.666667	0.666667	1	1	7481.83	1e+20	3.13351e+15	96.7498	59.0876	36.8366	34.1771	61.5596	73.9024	
 38000	-89159.7	-1142	-42477.7	-12094.8	0.034571	1	0.208799	9.5786	1.38144	0.00463084	19.7547	0.551773	2788	99	366	-78502.2	24.8244f	58.4216	4	1	1	0.019802	0.316832	0.009901	0.009901	0	0	0	0	0.918182	0.975089	0.315412	0.548673	0.83274	9.90099e-09	0.118812	9.90099e-09	1	0.141343	0.254098	1.5	0.666667	0.666667	1	1	7481.83	1e+20	3.13351e+15	96.7498	59.0876	36.8366	34.1771	24.8244	58.4216	
 39000	-88197.5	-1142	-41515.5	-11909.7	0.0349012	1	0.20049	9.97555	1.40318	0.00565477	19.9868	0.565737	2733	99	340	-78502.2	31.5879f	27.0739	4	1	1	0.029703	0.277228	0.009901	0.009901	0	0	0	0	0.936364	0.956204	0.241758	0.480769	0.853047	9.90099e-09	0.118812	9.90099e-09	1	0.139194	0.268293	1.5	0.666667	0.666667	1	1	7481.83	1e+20	3.13351e+15	96.7498	59.0876	36.8366	34.1771	31.5879	27.0739	
 40000	-89825	-1142	-43143	-12305.6	0.0349012	1	0.21276	9.40028	1.48905	0.0113284	19.9868	0.502369	2851	99	357	-78502.2	19.9649f	20.8649	4	1	1	0.029703	0.277228	0.009901	0.009901	0	0	0	0	0.936364	0.943463	0.272727	0.482759	0.84507	9.90099e-09	0.0792079	9.90099e-09	1	0.0979021	0.295393	1.5	0.666667	0.666667	1	1	7481.83	1e+20	3.13351e+15	96.7498	59.0876	36.1474	19.132	19.9649	20.8649	
 41000	-89811.2	-1142	-43129.2	-12233.8	0.0363596	1	0.223989	8.92901	1.63315	0.00752183	19.9868	0.435079	2830	99	379	-78502.2	40.1221f	17.4113	4	1	1	0.029703	0.277228	0.009901	0.009901	0	0	0	0	0.954545	0.93007	0.286713	0.521368	0.825175	9.90099e-09	0.0792079	9.90099e-09	1	0.112676	0.276923	1.5	0.666667	0.666667	1	1	7481.83	1e+20	3.13351e+15	96.7498	59.0876	36.1474	19.132	40.1221	17.4113	
 42000	-90281.7	-1142	-43599.7	-12389.5	0.0363596	1	0.219547	9.10965	1.47545	0.00273427	19.5836	0.491325	2877	99	369	-78502.2	57.4442f	31.0379	4	1	1	0.029703	0.277228	0.009901	0.009901	0	0	0	0	0.909091	0.940972	0.253472	0.522124	0.807018	9.90099e-09	0.0792079	9.90099e-09	1	0.15625	0.263305	1.5	0.666667	0.666667	1	1	7481.83	1e+20	3.13351e+15	96.7498	59.0876	36.1474	19.132	57.4442	31.0379	
 43000	-91986.9	-1142	-45304.9	-12684.5	0.0363596	1	0.244024	8.1959	1.62362	0.000360984	19.5347	0.4017	2966	99	424	-78502.2	52.3085f	56.151	4	1	1	0.029703	0.277228	0.009901	0.009901	0	0	0	0	0.918182	0.95	0.228188	0.459677	0.819398	9.90099e-09	0.0792079	9.90099e-09	1	0.148148	0.241379	1.5	0.666667	0.666667	1	1	7481.83	1e+20	3.13351e+15	96.7498	59.0876	44.445	36.1527	52.3085	56.151	
 44000	-92550.5	-1142	-45868.5	-12836	0.0383786	1	0.257145	7.77772	1.87385	0.00347103	19.7158	0.330299	3013	99	424	-78502.2	59.0317f	28.8013	4	1	1	0.029703	0.277228	0.029703	0.009901	0	0	0	0	0.954545	0.940397	0.242525	0.440945	0.844828	9.90099e-09	0.0792079	9.90099e-09	1	0.13289	0.286052	1.5	0.666667	0.666667	1	1	7481.83	1e+20	3.13351e+15	96.7498	59.0876	44.445	36.1527	59.0317	28.8013	
 45000	-93822.8	-1142	-47140.8	-13067.4	0.0383786	1	0.279745	7.14936	2.03854	0.00188023	19.7158	0.279086	3084	99	457	-78502.2	45.776f	66.2079	4	1	1	0.029703	0.207921	0.029703	0.009901	0	0	0	0	0.918182	0.932039	0.248387	0.514286	0.811075	9.90099e-09	0.0792079	9.90099e-09	1	0.154839	0.284483	1.5	0.666667	0.666667	1	1	7481.83	1e+20	3.13351e+15	96.7498	59.0876	44.445	36.1527	45.776	66.2079	
 46000	-95410.3	-1142	-48728.3	-13424.6	0.0387201	1	0.272992	7.32622	2.0458	0.00358506	19.8103	0.284976	3194	99	476	-78502.2	26.7613f	50.6018	4	1	1	0.029703	0.207921	0.029703	0.009901	0	0	0	0	0.881818	0.953271	0.255452	0.524823	0.82243	9.90099e-09	0.128713	9.90099e-09	1	0.153125	0.284024	1.5	0.666667	0.666667	1	1	7481.83	1e+20	3.13351e+15	96.7498	59.0876	44.445	36.1527	26.7613	50.6018	
 47000	-93258	-1142	-46576	-12998.6	0.0388421	1	0.259966	7.69331	1.95077	0.00108174	19.8013	0.313831	3063	99	427	-78502.2	60.2766f	42.7879	4	1	1	0.029703	0.207921	0.029703	0.009901	0	0	0	0	0.918182	0.947883	0.313725	0.511811	0.862295	9.90099e-09	0.128713	9.90099e-09	1	0.130293	0.302108	1.5	0.666667	0.666667	1	1	7481.83	1e+20	3.13351e+15	96.7498	59.0876	44.445	36.1527	60.2766	42.7879	
 48000	-92187.4	-1142	-45505.4	-12791.2	0.0391826	1	0.228554	8.75068	1.73009	0.00521683	19.8013	0.402498	2999	99	401	-78502.2	66.8426f	27.1137	4	1	1	0.029703	0.207921	0.029703	0.009901	0	0	0	0	0.918182	0.913621	0.312292	0.504	0.863333	0.019802	0.128713	9.90099e-09	1	0.119601	0.260546	1.5	0.666667	0.666667	1	1	7481.83	1e+20	3.13351e+15	96.7498	59.0876	44.445	36.1527	66.8426	27.1137	
 49000	-92517.6	-1142	-45835.6	-12888.3	0.0380759	1	0.225865	8.85485	1.66144	0.00987092	19.8013	0.424117	3029	99	401	-78502.2	11.0659f	52.5437	4	1	1	0.029703	0.207921	0.029703	0.009901	0	0	0	0	0.936364	0.944079	0.293729	0.5	0.861386	0.019802	0.128713	9.90099e-09	1	0.155116	0.264339	1.5	0.666667	0.666667	1	1	7481.83	1e+20	3.13351e+15	97.2265	80.7045	44.445	36.1527	11.0659	52.5437	
 50000	-93441.3	-1142	-46759.3	-13136.2	0.0382411	1	0.226644	8.82442	1.67441	0.00346575	19.8013	0.419387	3105	99	398	-78502.2	27.6516f	54.788	4	1	1	0.029703	0.207921	0.029703	9.90099e-09	0	0	0	0	0.909091	0.957792	0.254839	0.475806	0.890323	0.019802	0.128713	9.90099e-09	1	0.190323	0.291457	1.5	0.666667	0.666667	1	1	7481.83	1e+20	3.13351e+15	85.6544	89.1696	14.5529	29.5951	27.6516	54.788	
 51000	-94751.6	-1142	-48069.6	-13352.3	0.0389628	1	0.231491	8.63966	1.74249	0.0245095	19.8013	0.394563	3172	99	443	-78502.2	1.86797f	11.3109	4	1	1	0.029703	0.207921	0.029703	9.90099e-09	0	0	0	0	0.954545	0.955975	0.244514	0.515385	0.836991	0.019802	0.128713	9.90099e-09	1	0.163522	0.28764	1.5	0.666667	0.666667	1	1	7481.83	1e+20	3.13351e+15	85.6544	89.1696	14.5529	29.5951	1.86797	11.3109	
 52000	-94202.7	-1142	-47520.7	-13229	0.0389628	1	0.231484	8.6399	1.79924	0.00471538	19.9608	0.382129	3134	99	431	-78502.2	27.3401f	35.7482	4	1	1	0.0792079	0.237624	0.029703	9.90099e-09	0	0	0	0	0.9	0.935691	0.267742	0.47619	0.820847	0.019802	0.128713	9.90099e-09	1	0.16242	0.294537	1.5	0.666667	0.666667	1	1	7481.83	1e+20	3.13351e+15	85.6544	89.1696	36.443	18.835	27.3401	35.7482	
 53000	-93567.7	-1142	-46885.7	-13112.1	0.0389628	1	0.231484	8.6399	1.79924	0.00377265	19.9608	0.382129	3098	99	415	-78502.2	61.2607f	28.7342	4	1	1	0.0792079	0.237624	0.029703	9.90099e-09	0	0	0	0	0.863636	0.983923	0.26129	0.487395	0.858065	0.019802	0.158416	9.90099e-09	1	0.154839	0.318072	1.5	0.666667	0.666667	1	1	7481.83	1e+20	3.13351e+15	85.6544	89.1696	36.443	18.835	61.2607	28.7342	
 54000	-98023.4	-1142	-51341.4	-14011	0.0429313	1	0.246835	8.10257	2.11397	0.007273	19.9608	0.30501	3380	99	502	-78502.2	48.1804f	16.5368	4	1	1	0.0792079	0.237624	0.029703	9.90099e-09	0	0	0	0	0.918182	0.923077	0.242604	0.518519	0.811209	0.019802	0.158416	9.90099e-09	1	0.150442	0.290837	1.5	0.666667	0.666667	1	1	7481.83	1e+20	3.13351e+15	82.7314	83.5318	61.4411	17.6974	48.1804	16.5368	
 55000	-99283.1	-1142	-52601.1	-14451.7	0.0429313	1	0.240858	8.30365	2.06278	0.00602223	19.9608	0.320336	3520	99	459	-78502.2	55.0911f	19.9432	4	1	1	0.0792079	0.237624	0.029703	9.90099e-09	0	0	0	0	0.872727	0.951705	0.278409	0.479167	0.855114	0.019802	0.158416	9.90099e-09	1	0.125	0.282851	1.5	0.666667	0.666667	1	1	7481.83	1e+20	3.13351e+15	82.7314	83.5318	61.4411	17.6974	55.0911	19.9432	
 56000	-98142.2	-1142	-51460.2	-14199.9	0.0429313	1	0.220866	9.05528	1.89156	0.00975272	19.9608	0.380953	3440	99	441	-78502.2	30.4188f	16.4866	4	1	1	0.0792079	0.237624	0.019802	9.90099e-09	0	0	0	0	0.909091	0.956395	0.255814	0.503546	0.860465	0.019802	0.158416	9.90099e-09	1	0.125	0.281465	1.5	0.666667	0.666667	1	1	7481.83	1e+20	3.13351e+15	82.7314	83.5318	61.4411	17.6974	30.4188	16.4866	
 57000	-97402.1	-1142	-50720.1	-14096	0.0429313	1	0.218551	9.15117	1.87174	0.00347238	19.9608	0.389064	3407	99	411	-78502.2	27.1391f	49.6547	4	1	1	0.0792079	0.237624	0.019802	9.90099e-09	0	0	0	0	0.890909	0.979532	0.255882	0.475	0.855908	0.019802	0.158416	9.90099e-09	1	0.126471	0.272494	1.5	0.666667	0.666667	1	1	7481.83	1e+20	3.13351e+15	82.7314	83.5318	14.4564	12.8342	27.1391	49.6547	
 58000	-96790.6	-1142	-50108.6	-13910.2	0.0429313	1	0.20378	9.81451	1.74523	0.0162222	19.9608	0.447513	3348	99	418	-78502.2	21.8364f	8.46091	4	1	1	0.019802	0.168317	0.019802	9.90099e-09	0	0	0	0	0.918182	0.967262	0.205357	0.547619	0.863095	0.019802	0.158416	9.90099e-09	1	0.134328	0.299528	1.5	0.666667	0.666667	1	1	7481.83	1e+20	3.13351e+15	82.7314	83.5318	14.4564	12.8342	21.8364	8.46091	
 59000	-98502.5	-1142	-51820.5	-14322.6	0.0429313	1	0.192752	10.376	1.66074	0.00746871	19.9908	0.497186	3479	99	430	-78502.2	16.2268f	47.6011	4	1	1	0.019802	0.168317	0.019802	9.90099e-09	0	0	0	0	0.918182	0.959885	0.30086	0.448	0.848138	0.019802	0.158416	9.90099e-09	1	0.154728	0.280742	1.5	0.666667	0.666667	1	1	7481.83	1e+20	3.13351e+15	82.7314	83.5318	14.4564	12.8342	16.2268	47.6011	
 60000	-99690.5	-1142	-53008.5	-14674.4	0.0460564	1	0.201006	9.94993	1.834	0.00829576	19.9261	0.43173	3593	99	411	-78502.2	44.8354f	14.5641	4	1	1	0.019802	0.168317	0.019802	9.90099e-09	0	0	0	0	0.9	0.941828	0.273481	0.537313	0.864641	0.019802	0.0792079	9.90099e-09	1	0.111111	0.283814	1.5	0.666667	0.666667	1	1	7481.83	1e+20	3.13351e+15	82.7314	83.5318	14.4564	12.8342	44.8354	14.5641	
 61000	-100763	-1142	-54081.3	-14871.4	0.0460564	1	0.199159	10.0422	1.81714	0.00140946	19.9261	0.439777	3657	99	433	-78502.2	35.9877f	47.7134	4	1	1	0.019802	0.168317	0.019802	9.90099e-09	0	0	0	0	0.927273	0.94837	0.280654	0.532374	0.872629	0.009901	0.0792079	9.90099e-09	1	0.15847	0.307159	1.5	0.666667	0.666667	1	1	7481.83	1e+20	3.13351e+15	82.7314	83.5318	14.4564	12.8342	35.9877	47.7134	
 62000	-101232	-1142	-54549.7	-14985.3	0.0460564	1	0.207754	9.62678	1.92042	0.00597761	19.9911	0.39891	3694	99	432	-78502.2	22.164f	38.2332	4	1	1	0.019802	0.168317	0.019802	9.90099e-09	0	0	0	0	0.909091	0.965054	0.226667	0.511111	0.862162	0.009901	0.0792079	9.90099e-09	1	0.125	0.280093	1.5	0.666667	0.666667	1	1	7481.83	1e+20	3.13351e+15	82.7314	83.5318	21.7047	14.5575	22.164	38.2332	
 63000	-99981.8	-1142	-53299.8	-14720.6	0.0460564	1	0.205908	9.7131	1.90335	0.0106448	19.9911	0.406096	3608	99	420	-78502.2	14.8554f	29.8087	4	1	1	0.019802	0.168317	0.019802	9.90099e-09	0	0	0	0	0.890909	0.953039	0.248619	0.572519	0.895317	0.009901	0.0792079	9.90099e-09	1	0.11326	0.279446	1.5	0.666667	0.666667	1	1	7481.83	1e+20	3.13351e+15	82.7314	83.5318	21.7047	14.5575	14.8554	29.8087	
 64000	-100771	-1142	-54088.8	-14859.1	0.0460564	1	0.216633	9.23221	2.00249	0.00485718	19.9911	0.366881	3653	99	441	-78502.2	23.3238f	44.8225	4	1	1	0.019802	0.158416	0.019802	9.90099e-09	0	0	0	0	0.890909	0.934066	0.239011	0.493151	0.882514	0.009901	0.0792079	9.90099e-09	1	0.0928962	0.317568	1.5	0.666667	0.666667	1	1	7481.83	1e+20	3.13351e+15	82.7314	83.5318	21.7047	14.5575	23.3238	44.8225	
 65000	-102952	-1142	-56269.8	-15461.5	0.0482569	1	0.186856	10.7034	1.80977	0.00542892	19.9911	0.47064	3851	99	418	-78502.2	27.7813f	31.7055	4	1	1	0.019802	0.158416	0.019802	9.90099e-09	0	0	0	0	0.927273	0.966146	0.240933	0.496	0.893782	0.009901	0.0792079	9.90099e-09	1	0.132124	0.28777	1.5	0.666667	0.666667	1	1	7481.83	1e+20	3.13351e+15	82.7314	83.5318	21.7047	14.5575	27.7813	31.7055	
 66000	-102013	-1142	-55331	-15279.8	0.0487341	1	0.17455	11.4581	1.7073	0.0139467	19.9911	0.534063	3791	99	398	-78502.2	26.8226f	9.67637	4	1	1	0.019802	0.158416	0.019802	9.90099e-09	0	0	0	0	0.954545	0.958333	0.295039	0.595041	0.898438	0.009901	0.0792079	9.90099e-09	1	0.130208	0.27882	1.5	0.666667	0.666667	1	1	7481.83	1e+20	3.13351e+15	82.7314	83.5318	21.7047	14.5575	26.8226	9.67637	
 67000	-102284	-1142	-55602.5	-15289.8	0.0494816	1	0.187003	10.695	1.85194	0.00513059	19.977	0.459561	3794	99	420	-78502.2	36.8218f	25.2979	4	1	1	0.019802	0.158416	0.019802	9.90099e-09	0	0	0	0	0.854545	0.958442	0.238845	0.541985	0.875325	0.009901	0.0792079	9.90099e-09	1	0.128947	0.292237	1.5	0.666667	0.666667	1	1	7481.83	1e+20	3.13351e+15	82.7314	83.5318	21.7047	14.5575	36.8218	25.2979	
 68000	-102055	-1142	-55372.8	-15283.8	0.0494816	1	0.197693	10.1167	1.9578	0.00983239	19.977	0.411207	3792	99	401	-78502.2	88.7774f	56.2076	4	1	1	0.019802	0.158416	0.019802	9.90099e-09	0	0	0	0	0.927273	0.928947	0.248677	0.581395	0.881579	0.009901	0.0792079	9.90099e-09	1	0.142105	0.340796	1.5	0.666667	0.666667	1	1	7481.83	1e+20	3.13351e+15	82.7314	83.5318	45.6282	28.351	88.7774	56.2076	
 69000	-103333	-1142	-56650.7	-15569.3	0.0494816	1	0.169665	11.7879	1.68024	0.0139631	19.977	0.558285	3887	99	409	-78502.2	89.6797f	25.2309	4	1	1	0.019802	0.158416	0.019802	9.90099e-09	0	0	0	0	0.872727	0.935733	0.262211	0.504065	0.897172	0.009901	0.0792079	9.90099e-09	1	0.123393	0.248826	1.5	0.666667	0.666667	1	1	7481.83	1e+20	3.13351e+15	73.3003	76.0129	45.6282	28.351	89.6797	25.2309	
 70000	-104228	-1142	-57545.6	-15782.2	0.050026	1	0.173679	11.5155	1.73892	0.010256	19.977	0.52698	3958	99	406	-78502.2	34.8841f	13.1457	4	1	1	0.019802	0.188119	0.019802	9.90099e-09	0	0	0	0	0.927273	0.952381	0.26817	0.607692	0.861461	0.009901	0.0792079	9.90099e-09	1	0.13602	0.27619	1.5	0.666667	0.666667	1	1	7481.83	1e+20	3.13351e+15	73.3003	76.0129	45.6282	28.351	34.8841	13.1457	
 71000	-105080	-1142	-58397.9	-15922.2	0.0510527	1	0.183417	10.9041	1.87411	0.00054307	19.977	0.463005	4005	99	434	-78502.2	41.7793f	49.7325	4	1	1	0.0594059	0.188119	0.019802	9.90099e-09	0	0	0	0	0.936364	0.955112	0.236318	0.496063	0.850746	0.009901	0.0792079	9.90099e-09	1	0.141791	0.21256	1.5	0.666667	0.666667	1	1	7481.83	1e+20	3.13351e+15	73.3003	76.0129	11.3091	39.1579	41.7793	49.7325	
 72000	-105323	-1142	-58641.2	-15996.5	0.0511586	1	0.174742	11.4455	1.78916	0.00353282	19.977	0.509065	4030	99	429	-78502.2	35.1614f	32.3092	4	1	1	0.0594059	0.188119	0.019802	9.90099e-09	0	0	0	0	0.918182	0.9625	0.280397	0.596639	0.840399	0.009901	0.0792079	9.90099e-09	1	0.126551	0.287469	1.5	0.666667	0.666667	1	1	7481.83	1e+20	3.13351e+15	73.3003	76.0129	11.3091	39.1579	35.1614	32.3092	
 73000	-105399	-1142	-58717.1	-15999.5	0.0511586	1	0.184434	10.844	1.88841	0.0183908	19.977	0.456964	4031	99	435	-78502.2	9.17703f	15.5155	4	1	1	0.0594059	0.188119	0.019802	9.90099e-09	0	0	0	0	0.927273	0.968059	0.246914	0.574468	0.884521	0.009901	0.0792079	9.90099e-09	1	0.14321	0.241685	1.5	0.666667	0.666667	1	1	7481.83	1e+20	3.13351e+15	73.3003	76.0129	11.3091	39.1579	9.17703	15.5155	
 74000	-104970	-1142	-58288.3	-15975.7	0.0511586	1	0.174117	11.4866	1.78276	0.0125411	19.977	0.512727	4023	99	403	-78502.2	6.99149f	59.5496	4	1	1	0.0594059	0.188119	0.019802	9.90099e-09	0	0	0	0	0.936364	0.957816	0.240099	0.537879	0.905707	9.90099e-09	0.178218	9.90099e-09	1	0.1067	0.306075	1.5	0.666667	0.666667	1	1	7481.83	1e+20	3.13351e+15	73.3003	76.0129	11.3091	39.1579	6.99149	59.5496	
 75000	-104520	-1142	-57837.8	-15862.7	0.0505034	1	0.151842	13.1715	1.53479	0.0078301	19.977	0.682933	3985	99	404	-78502.2	18.9673f	65.5814	4	1	1	0.0594059	0.168317	9.90099e-09	9.90099e-09	0	0	0	0	0.936364	0.972705	0.259259	0.487805	0.878109	9.90099e-09	0.178218	9.90099e-09	1	0.0945274	0.279518	1.5	0.666667	0.666667	1	1	7481.83	1e+20	3.13351e+15	75.091	53.6353	11.3091	39.1579	18.9673	65.5814	
 76000	-106643	-1142	-59961.2	-16265.8	0.0505034	1	0.176608	11.3245	1.78512	0.0089314	19.977	0.504827	4120	99	449	-78502.2	25.14f	22.4599	4	1	1	0.0594059	0.168317	9.90099e-09	9.90099e-09	0	0	0	0	0.890909	0.975787	0.302663	0.562044	0.856796	9.90099e-09	0.178218	9.90099e-09	1	0.135593	0.282851	1.5	0.666667	0.666667	1	1	7481.83	1e+20	3.13351e+15	75.091	53.6353	11.3091	39.1579	25.14	22.4599	
 77000	-106466	-1142	-59784.5	-16298.2	0.0522872	1	0.180499	11.0804	1.88889	0.00141122	19.977	0.466809	4132	99	421	-78502.2	48.0326f	35.8309	4	1	1	0.0594059	0.168317	9.90099e-09	9.90099e-09	0	0	0	0	0.909091	0.975845	0.271429	0.528	0.88361	9.90099e-09	0.178218	9.90099e-09	1	0.118357	0.288732	1.5	0.666667	0.666667	1	1	7481.83	1e+20	3.13351e+15	71.3356	88.4708	37.865	51.0626	48.0326	35.8309	
 78000	-106665	-1142	-59982.8	-16345.4	0.0522872	1	0.187047	10.6925	1.79018	0.000382958	19.536	0.475305	4148	99	429	-78502.2	50.214f	43.3212	4	1	1	0.029703	0.168317	9.90099e-09	9.90099e-09	0	0	0	0	0.863636	0.964029	0.248804	0.515152	0.884337	9.90099e-09	0.178218	9.90099e-09	1	0.13494	0.293722	1.5	0.666667	0.666667	1	1	7481.83	1e+20	3.13351e+15	71.3356	88.4708	37.865	51.0626	50.214	43.3212	
 79000	-106654	-1142	-59972.1	-16369	0.0522872	1	0.182498	10.959	1.74665	0.0196457	19.536	0.499294	4156	99	416	-78502.2	10.9403f	10.9207	4	1	1	0.029703	0.168317	9.90099e-09	9.90099e-09	0	0	0	0	0.890909	0.983173	0.243373	0.555556	0.891566	9.90099e-09	0.178218	9.90099e-09	1	0.110312	0.283654	1.5	0.666667	0.666667	1	1	7481.83	1e+20	3.13351e+15	71.3356	88.4708	37.865	51.0626	10.9403	10.9207	
 80000	-109567	-1142	-62884.8	-16946.1	0.0533814	1	0.182278	10.9723	1.80547	0.00443262	19.6026	0.483611	4353	99	462	-78502.2	25.8054f	59.4157	4	1	1	0.029703	0.168317	9.90099e-09	9.90099e-09	0	0	0	0	0.918182	0.96789	0.268966	0.459854	0.859447	9.90099e-09	0.178218	9.90099e-09	1	0.12156	0.283613	1.5	0.666667	0.666667	1	1	7481.83	1e+20	3.13351e+15	71.3356	88.4708	37.865	51.0626	25.8054	59.4157	
 81000	-109501	-1142	-62819.5	-16966.6	0.0533814	1	0.184607	10.8338	1.82854	0.00309613	19.6026	0.471483	4360	99	446	-78502.2	28.7918f	53.8524	4	1	1	0.029703	0.168317	0.029703	9.90099e-09	0	0	0	0	0.854545	0.979358	0.28046	0.536232	0.853211	9.90099e-09	0.0792079	9.90099e-09	1	0.146453	0.329596	1.5	0.666667	0.666667	1	1	7481.83	1e+20	3.13351e+15	71.3356	88.4708	37.865	51.0626	28.7918	53.8524	
 82000	-108510	-1142	-61827.6	-16867.1	0.0533397	1	0.180611	11.0735	1.67722	0.0010098	19.2928	0.525396	4326	99	395	-78502.2	39.5044f	55.5316	4	1	1	0.029703	0.287129	0.029703	9.90099e-09	0	0	0	0	0.918182	0.95843	0.243119	0.533333	0.887615	9.90099e-09	0.0792079	9.90099e-09	1	0.108545	0.313636	1.5	0.666667	0.666667	1	1	7481.83	1e+20	3.13351e+15	71.3356	88.4708	37.865	51.0626	39.5044	55.5316	
 83000	-107622	-1142	-60939.8	-16582.8	0.0533397	1	0.180076	11.1064	1.54857	0.0107249	18.9258	0.570732	4229	99	426	-78502.2	9.83302f	43.5402	4	1	1	0.029703	0.287129	0.029703	9.90099e-09	0	0	0	0	0.9	0.952381	0.241706	0.515873	0.867299	9.90099e-09	0.0792079	9.90099e-09	1	0.115839	0.305288	1.5	0.666667	0.666667	1	1	7481.83	1e+20	3.13351e+15	71.3356	88.4708	37.865	51.0626	9.83302	43.5402	
 84000	-107572	-1142	-60890	-16547.6	0.0533397	1	0.189597	10.5487	1.68212	0.00261744	19.074	0.499035	4217	99	433	-78502.2	65.9234f	62.205	4	1	1	0.019802	0.287129	0.029703	9.90099e-09	0	0	0	0	0.890909	0.966667	0.257143	0.457364	0.866983	9.90099e-09	0.0792079	9.90099e-09	1	0.137441	0.302273	1.5	0.666667	0.666667	1	1	7481.83	1e+20	3.13351e+15	71.3356	88.4708	37.865	51.0626	65.9234	62.205	
 85000	-107903	-1142	-61221.1	-16579.9	0.0533397	1	0.188218	10.626	1.8087	0.00602191	19.4586	0.467512	4228	99	453	-78502.2	80.6653f	50.6112	4	1	1	0.019802	0.287129	0.029703	9.90099e-09	0	0	0	0	0.881818	0.969194	0.260047	0.545455	0.872038	9.90099e-09	0.0792079	9.90099e-09	1	0.0943396	0.333333	1.5	0.666667	0.666667	1	1	7481.83	1e+20	3.13351e+15	71.3356	88.4708	37.865	51.0626	80.6653	50.6112	
 86000	-108479	-1142	-61796.9	-16726.3	0.0556191	1	0.187467	10.6686	1.87847	0.00317996	19.4586	0.451952	4278	99	444	-78502.2	35.4686f	66.4339	4	1	1	0.019802	0.287129	0.0693069	9.90099e-09	0	0	0	0	0.863636	0.96028	0.247086	0.6	0.864802	9.90099e-09	0.0792079	9.90099e-09	1	0.10514	0.24605	1.5	0.666667	0.666667	1	1	7481.83	1e+20	3.13351e+15	71.3356	88.4708	37.865	51.0626	35.4686	66.4339	
 87000	-111447	-1142	-64765.3	-17374.4	0.0570452	1	0.206255	9.69675	2.0612	0.000390052	19.3229	0.374366	4503	99	467	-78502.2	45.8795f	55.3435	4	1	1	0.019802	0.287129	0.0693069	9.90099e-09	0	0	0	0	0.936364	0.966443	0.228188	0.565517	0.881432	9.90099e-09	0.0792079	9.90099e-09	1	0.120805	0.263048	1.5	0.666667	0.666667	1	1	7481.83	1e+20	3.13351e+15	71.3356	88.4708	37.865	51.0626	45.8795	55.3435	
 88000	-111493	-1142	-64811.4	-17368.6	0.0570452	1	0.18081	11.0613	1.85197	0.0050182	19.4422	0.475296	4501	99	472	-78502.2	23.9846f	59.4111	4	1	1	0.019802	0.148515	0.0693069	9.90099e-09	0	0	0	0	0.909091	0.959911	0.246667	0.518797	0.868889	9.90099e-09	0.138614	9.90099e-09	1	0.111359	0.294492	1.5	0.666667	0.666667	1	1	7481.83	1e+20	3.13351e+15	71.3356	88.4708	37.865	51.0626	23.9846	59.4111	
 89000	-111517	-1142	-64834.6	-17437.4	0.0570452	1	0.177285	11.2813	2.02006	0.00862358	19.9671	0.444411	4525	99	445	-78502.2	16.6076f	35.4544	4	1	1	0.019802	0.148515	0.0693069	9.90099e-09	0	0	0	0	0.863636	0.958057	0.255507	0.540741	0.889135	9.90099e-09	0.138614	9.90099e-09	1	0.110865	0.271523	1.5	0.666667	0.666667	1	1	7481.83	1e+20	3.13351e+15	71.3356	88.4708	37.865	51.0626	16.6076	35.4544	
 90000	-111939	-1142	-65257.4	-17546.2	0.0570452	1	0.178307	11.2166	2.03171	0.00235003	19.9671	0.439329	4563	99	445	-78502.2	50.9206f	68.8523	4	1	1	0.019802	0.148515	0.0693069	9.90099e-09	0	0	0	0	0.927273	0.958606	0.266376	0.35461	0.916667	9.90099e-09	0.138614	9.90099e-09	1	0.10307	0.243119	1.5	0.666667	0.666667	1	1	7481.83	1e+20	3.13351e+15	52.8981	87.2524	37.865	51.0626	50.9206	68.8523	
 91000	-112229	-1142	-65547	-17606.3	0.0570452	1	0.162515	12.3065	1.80889	0.000270272	19.8505	0.541394	4584	99	447	-78502.2	53.2427f	45.7944	4	1	1	0.029703	0.148515	0.0792079	9.90099e-09	0	0	0	0	0.918182	0.975983	0.222707	0.602941	0.901099	9.90099e-09	0.138614	9.90099e-09	1	0.139738	0.324263	1.5	0.666667	0.666667	1	1	7481.83	1e+20	3.13351e+15	70.6511	86.2151	37.865	51.0626	53.2427	45.7944	
 92000	-111950	-1142	-65268.4	-17572	0.0570452	1	0.16684	11.9875	1.85703	0.000342591	19.8505	0.51369	4572	99	432	-78502.2	43.9298f	49.7974	4	1	1	0.029703	0.148515	0.0792079	9.90099e-09	0	0	0	0	0.918182	0.967177	0.283224	0.557252	0.88671	9.90099e-09	0.138614	9.90099e-09	1	0.128821	0.271111	1.5	0.666667	0.666667	1	1	7481.83	1e+20	3.13351e+15	70.6511	86.2151	37.865	51.0626	43.9298	49.7974	
 93000	-114392	-1142	-67710.3	-17938.9	0.0595316	1	0.193643	10.3283	2.16633	0.0053863	19.6649	0.379398	4702	99	517	-78502.2	51.6893f	78.8332	4	1	1	0.029703	0.237624	0.0792079	9.90099e-09	0	0	0	0	0.927273	0.959402	0.254274	0.541096	0.878981	9.90099e-09	0.138614	9.90099e-09	1	0.154989	0.255489	1.5	0.666667	0.666667	1	1	7481.83	1e+20	3.13351e+15	70.6511	86.2151	37.865	51.0626	51.6893	78.8332	
 94000	-116184	-1142	-69502.5	-18264.1	0.0619651	1	0.19614	10.1968	2.28396	0.00960708	19.6649	0.355275	4818	99	552	-78502.2	53.941f	11.5887	4	1	1	0.029703	0.237624	0.0792079	9.90099e-09	0	0	0	0	0.9	0.956159	0.26087	0.539216	0.903766	9.90099e-09	0.138614	9.90099e-09	1	0.122407	0.275142	1.5	0.666667	0.666667	1	1	7481.83	1e+20	3.13351e+15	70.6511	86.2151	37.865	51.0626	53.941	11.5887	
 95000	-117529	-1142	-70847	-18634	0.0619651	1	0.191715	10.4322	2.23243	0.00960708	19.6649	0.371866	4951	99	523	-78502.2	53.941f	11.5887	4	1	1	0.029703	0.237624	0.0792079	9.90099e-09	0	0	0	0	0.927273	0.965726	0.287755	0.458716	0.890467	9.90099e-09	0.118812	9.90099e-09	1	0.129032	0.230624	1.5	0.666667	0.666667	1	1	7481.83	1e+20	3.13351e+15	70.6511	86.2151	37.865	51.0626	53.941	11.5887	
 96000	-116818	-1142	-70135.6	-18461.6	0.0619651	1	0.204144	9.79698	2.07059	0.00813388	18.9976	0.376521	4889	99	534	-78502.2	44.8924f	14.9155	4	1	1	0.029703	0.237624	0.0792079	9.90099e-09	0	0	0	0	0.9	0.94856	0.273469	0.513043	0.865979	9.90099e-09	0.118812	9.90099e-09	1	0.120654	0.292135	1.5	0.666667	0.666667	1	1	7481.83	1e+20	3.13351e+15	70.6511	86.2151	43.86	46.3229	44.8924	14.9155	
 97000	-115504	-1142	-68822.1	-18305.9	0.0619651	1	0.199269	10.0367	2.03811	0.00284846	19.0374	0.391882	4833	99	481	-78502.2	32.2153f	60.5469	4	1	1	0.019802	0.237624	0.0792079	9.90099e-09	0	0	0	0	0.927273	0.944215	0.222453	0.551724	0.866126	9.90099e-09	0.118812	9.90099e-09	1	0.117769	0.299145	1.5	0.666667	0.666667	1	1	7481.83	1e+20	3.13351e+15	70.6511	86.2151	43.86	46.3229	32.2153	60.5469	
 98000	-117584	-1142	-70902.3	-18630.5	0.0631785	1	0.199353	10.0325	2.4103	0.00147445	19.7546	0.331228	4950	99	533	-78502.2	37.7096f	57.8929	4	1	1	0.019802	0.237624	0.049505	9.90099e-09	0	0	0	0	0.9	0.945233	0.248485	0.528302	0.879346	9.90099e-09	0.118812	9.90099e-09	1	0.145455	0.320151	1.5	0.666667	0.666667	1	1	7481.83	1e+20	3.13351e+15	83.2006	72.2776	35.3641	68.3647	37.7096	57.8929	
 99000	-117268	-1142	-70585.6	-18589.1	0.0631785	1	0.199353	10.0325	2.27502	0.000984676	19.4713	0.350923	4935	99	525	-78502.2	61.3119f	53.9844	4	1	1	0.019802	0.237624	0.049505	9.90099e-09	0	0	0	0	0.872727	0.940937	0.250509	0.579439	0.869388	9.90099e-09	0.118812	9.90099e-09	1	0.123482	0.310019	1.5	0.666667	0.666667	1	1	7481.83	1e+20	3.13351e+15	83.2006	72.2776	35.3641	68.3647	61.3119	53.9844	
100000	-118472	-1142	-71789.9	-18881.3	0.0638111	1	0.187304	10.6778	2.21649	0.000266561	19.5999	0.38336	5041	99	516	-78502.2	46.6317f	53.8599	4	1	1	0.019802	0.118812	0.049505	9.90099e-09	0	0	0	0	0.836364	0.962302	0.253465	0.518182	0.862	9.90099e-09	0.118812	9.90099e-09	1	0.118812	0.28626	1.5	0.666667	0.666667	1	1	7481.83	1e+20	3.13351e+15	83.2006	72.2776	35.3641	68.3647	46.6317	53.8599	
101000	-117635	-1142	-70953.1	-18763	0.0634314	1	0.185302	10.7932	2.17975	0.0106121	19.5999	0.394034	4998	99	487	-78502.2	23.5444f	80.7525	4	1	1	0.019802	0.118812	0.049505	9.90099e-09	0	0	0	0	0.918182	0.962	0.23506	0.49505	0.878	9.90099e-09	0.0891089	9.90099e-09	1	0.0958084	0.333333	1.5	0.666667	0.666667	1	1	7481.83	1e+20	3.13351e+15	83.2006	72.2776	35.3641	68.3647	23.5444	80.7525	
102000	-118242	-1142	-71560.3	-18900.9	0.0634314	1	0.16416	12.1832	2.07553	0.00432065	19.9566	0.467114	5048	99	487	-78502.2	30.7919f	67.0263	4	1	1	0.019802	0.118812	0.049505	9.90099e-09	0	0	0	0	0.909091	0.97053	0.220039	0.463087	0.870334	9.90099e-09	0.0891089	9.90099e-09	1	0.117878	0.274428	1.5	0.666667	0.666667	1	1	7481.83	1e+20	3.13351e+15	72.7872	95.569	35.3641	68.3647	30.7919	67.0263	
103000	-119218	-1142	-72535.7	-18953.3	0.0634314	1	0.190354	10.5067	2.40671	0.00413953	19.9566	0.347404	5067	99	555	-78502.2	31.3071f	66.767	4	1	1	0.019802	0.118812	0.049505	9.90099e-09	0	0	0	0	0.890909	0.94664	0.272189	0.548673	0.881423	9.90099e-09	0.0891089	9.90099e-09	1	0.136364	0.307692	1.5	0.666667	0.666667	1	1	7481.83	1e+20	3.13351e+15	72.7872	95.569	35.3641	68.3647	31.3071	66.767	
104000	-119756	-1142	-73073.9	-19225.7	0.0653634	1	0.184162	10.86	2.40333	0.0146708	19.9649	0.35959	5167	99	496	-78502.2	32.4749f	94.4975	4	1	1	0.019802	0.118812	0.029703	9.90099e-09	0	0	0	0	0.954545	0.976879	0.260618	0.557692	0.891051	9.90099e-09	0.0891089	9.90099e-09	1	0.104046	0.27907	1.5	0.666667	0.666667	1	1	7481.83	1e+20	3.13351e+15	72.7872	95.569	35.3641	68.3647	32.4749	94.4975	
105000	-120560	-1142	-73878	-19368.9	0.0646204	1	0.17681	11.3116	2.28116	0.00357749	19.9649	0.394599	5219	99	510	-78502.2	61.0035f	70.7702	4	1	1	0.019802	0.168317	0.029703	9.90099e-09	0	0	0	0	0.836364	0.944551	0.307839	0.538462	0.868726	9.90099e-09	0.0891089	9.90099e-09	1	0.128352	0.276471	1.5	0.666667	0.666667	1	1	7481.83	1e+20	3.13351e+15	63.9003	94.7597	51.5354	57.6463	61.0035	70.7702	
106000	-121257	-1142	-74575.5	-19421	0.0665334	1	0.181492	11.0198	2.41089	0.0012534	19.9649	0.363735	5239	99	556	-78502.2	50.2026f	63.538	4	1	1	0.019802	0.168317	0.029703	9.90099e-09	0	0	0	0	0.818182	0.958333	0.217803	0.563636	0.888462	9.90099e-09	0.0891089	9.90099e-09	1	0.125954	0.337662	1.5	0.666667	0.666667	1	1	7481.83	1e+20	3.13351e+15	63.9003	94.7597	51.5354	57.6463	50.2026	63.538	
107000	-121645	-1142	-74963	-19437.2	0.0665334	1	0.214985	9.30297	2.77901	0.000588049	19.8293	0.266392	5245	99	578	-78502.2	56.6925f	55.9538	4	1	1	0.019802	0.168317	0.029703	0.009901	0	0	0	0	0.863636	0.950476	0.269962	0.495798	0.88	9.90099e-09	0.0891089	9.90099e-09	1	0.146667	0.278459	1.5	0.666667	0.666667	1	1	7481.83	1e+20	3.13351e+15	63.9003	94.7597	59.2561	67.0081	56.6925	55.9538	
108000	-122237	-1142	-75554.9	-19618.8	0.0665334	1	0.206629	9.6792	2.671	0.00273347	19.8293	0.288374	5312	99	563	-78502.2	69.1745f	57.3253	4	1	1	0.019802	0.168317	0.029703	0.009901	0	0	0	0	0.854545	0.975564	0.255639	0.594828	0.862524	9.90099e-09	0.0693069	9.90099e-09	1	0.12406	0.289007	1.5	0.666667	0.666667	1	1	7481.83	1e+20	3.13351e+15	63.9003	94.7597	59.2561	67.0081	69.1745	57.3253	
109000	-121629	-1142	-74947.4	-19480.6	0.0665334	1	0.213315	9.37581	2.71764	0.00485152	19.7574	0.274541	5261	99	561	-78502.2	59.2511f	75.8235	4	1	1	0.019802	0.168317	0.039604	0.009901	0	0	0	0	0.927273	0.956439	0.241966	0.477876	0.850943	9.90099e-09	0.0693069	9.90099e-09	1	0.122411	0.315517	1.5	0.666667	0.666667	1	1	7481.83	1e+20	3.13351e+15	63.9003	94.7597	59.2561	67.0081	59.2511	75.8235	
110000	-123971	-1142	-77289.3	-19713.7	0.0665334	1	0.233373	8.56996	3.00039	0.00635683	19.8025	0.227296	5347	99	685	-78502.2	48.8229f	81.3769	4	1	1	0.029703	0.168317	0.039604	0.009901	0	0	0	0	0.918182	0.958801	0.290262	0.510949	0.857944	9.90099e-09	0.0693069	9.90099e-09	1	0.140187	0.301059	1.5	0.666667	0.666667	1	1	7481.83	1e+20	3.13351e+15	63.9003	94.7597	80.6594	74.4184	48.8229	81.3769	
111000	-121328	-1142	-74646.1	-19423.7	0.0665334	1	0.201283	9.93626	2.58782	0.00142367	19.8025	0.305548	5240	99	558	-78502.2	56.0425f	63.245	4	1	1	0.029703	0.168317	0.039604	0.009901	0	0	0	0	0.963636	0.935728	0.260456	0.474138	0.878327	9.90099e-09	0.0693069	9.90099e-09	1	0.134981	0.298276	1.5	0.666667	0.666667	1	1	7481.83	1e+20	3.13351e+15	63.9003	94.7597	80.6594	74.4184	56.0425	63.245	
112000	-122801	-1142	-76118.5	-19637.8	0.0665334	1	0.201685	9.91645	2.59298	0.0133647	19.8025	0.304331	5319	99	605	-78502.2	79.3261f	85.1646	4	1	1	0.029703	0.227723	0.039604	0.009901	0	0	0	0	0.927273	0.962547	0.255639	0.553719	0.859023	9.90099e-09	0.0693069	9.90099e-09	1	0.155431	0.26534	1.5	0.666667	0.666667	1	1	7481.83	1e+20	3.13351e+15	63.9003	94.7597	80.6594	74.4184	79.3261	85.1646	
113000	-122343	-1142	-75660.7	-19708.2	0.0665334	1	0.184156	10.8604	2.38547	0.00350944	19.8397	0.362293	5345	99	535	-78502.2	63.0439f	69.2919	4	1	1	0.029703	0.227723	0.039604	0.009901	0	0	0	0	0.854545	0.951311	0.256075	0.564815	0.863551	9.90099e-09	0.0693069	9.90099e-09	1	0.106742	0.291589	1.5	0.666667	0.666667	1	1	7481.83	1e+20	3.13351e+15	63.9003	94.7597	80.6594	74.4184	63.0439	69.2919	
114000	-124123	-1142	-77440.9	-20089.8	0.0709321	1	0.179213	11.1599	2.47491	0.00974016	19.8397	0.358833	5488	99	542	-78502.2	89.0771f	50.5077	4	1	1	0.029703	0.227723	0.039604	0.009901	0	0	0	0	0.9	0.963303	0.258716	0.495413	0.866913	9.90099e-09	0.0693069	9.90099e-09	1	0.134791	0.317254	1.5	0.666667	0.666667	1	1	7481.83	1e+20	3.13351e+15	63.9003	94.7597	80.6594	74.4184	89.0771	50.5077	
115000	-123139	-1142	-76457.2	-19888.7	0.0709321	1	0.188238	10.6249	2.59955	0.0175143	19.8397	0.325248	5412	99	536	-78502.2	99.7599f	66.6409	4	1	1	0.029703	0.227723	0.039604	0.009901	0	0	0	0	0.9	0.93321	0.268022	0.568807	0.877778	9.90099e-09	0.0693069	9.90099e-09	1	0.132841	0.275797	1.5	0.666667	0.666667	1	1	7481.83	1e+20	3.13351e+15	63.9003	94.7597	80.6594	74.4184	99.7599	66.6409	
116000	-125721	-1142	-79038.8	-20383.5	0.0709321	1	0.188238	10.6249	2.59955	0.00892519	19.8397	0.325248	5599	99	567	-78502.2	84.3207f	64.8751	4	1	1	0.029703	0.227723	0.019802	0.009901	0	0	0	0	0.945455	0.960993	0.2875	0.552632	0.879433	9.90099e-09	0.0693069	9.90099e-09	1	0.12766	0.300885	1.5	0.666667	0.666667	1	1	7481.83	1e+20	3.13351e+15	63.9003	94.7597	80.6594	74.4184	84.3207	64.8751	
117000	-124742	-1142	-78059.8	-20214.1	0.0709321	1	0.193896	10.3148	2.45423	0.00860026	19.4122	0.334455	5535	99	552	-78502.2	85.9206f	42.5043	4	1	1	0.019802	0.227723	0.019802	9.90099e-09	0	0	0	0	0.909091	0.976577	0.227191	0.508929	0.853791	9.90099e-09	0.0693069	9.90099e-09	1	0.141577	0.263914	1.5	0.666667	0.666667	1	1	7481.83	1e+20	3.13351e+15	63.9003	94.7597	80.6594	74.4184	85.9206	42.5043	
118000	-126899	-1142	-80217.4	-20674.8	0.0746694	1	0.187809	10.6491	2.50243	0.00828672	19.4122	0.338643	5709	99	551	-78502.2	85.7517f	45.6047	4	1	1	0.019802	0.217822	0.019802	9.90099e-09	0	0	0	0	0.9	0.961606	0.26178	0.543103	0.886562	9.90099e-09	0.0693069	9.90099e-09	1	0.116928	0.3049	1.5	0.666667	0.666667	1	1	7481.83	1e+20	3.13351e+15	63.9003	94.7597	80.6594	74.4184	85.7517	45.6047	
119000	-129660	-1142	-82977.6	-21206.7	0.0746694	1	0.188617	10.6035	2.5132	0.0176238	19.4122	0.335747	5914	99	584	-78502.2	89.8199f	84.3951	4	1	1	0.019802	0.217822	0.019802	9.90099e-09	0	0	0	0	0.927273	0.973064	0.253782	0.491935	0.85906	9.90099e-09	0.0693069	9.90099e-09	1	0.14527	0.255285	1.5	0.666667	0.666667	1	1	7481.83	1e+20	3.13351e+15	63.9003	94.7597	80.6594	74.4184	89.8199	84.3951	
120000	-128095	-1142	-81413.1	-20830.5	0.0746694	1	0.200183	9.99087	2.66731	0.0178826	19.4122	0.298071	5769	99	606	-78502.2	87.2851f	87.6642	4	1	1	0.019802	0.217822	0.019802	9.90099e-09	0	0	0	0	0.881818	0.95	0.252159	0.512821	0.861352	9.90099e-09	0.108911	9.90099e-09	1	0.110345	0.302721	1.5	0.666667	0.666667	1	1	7481.83	1e+20	3.13351e+15	82.6669	75.121	84.5152	61.5608	87.2851	87.6642	
121000	-129507	-1142	-82825.3	-21160	0.0746694	1	0.203974	9.80516	2.71783	0.0105551	19.4122	0.287093	5896	99	594	-78502.2	62.2402f	88.7345	4	1	1	0.019802	0.217822	0.019802	9.90099e-09	0	0	0	0	0.890909	0.955631	0.255102	0.488	0.867347	9.90099e-09	0.108911	9.90099e-09	1	0.125424	0.315436	1.5	0.666667	0.666667	1	1	7481.83	1e+20	3.13351e+15	88.2475	69.1538	80.2823	88.3162	62.2402	88.7345	
122000	-129051	-1142	-82368.9	-21012.1	0.0746694	1	0.220102	9.08668	2.93651	0.00812174	19.4184	0.246243	5839	99	617	-78502.2	64.0099f	82.7391	4	1	1	0.019802	0.217822	0.019802	9.90099e-09	0	0	0	0	0.872727	0.953925	0.270085	0.533835	0.875214	9.90099e-09	0.108911	9.90099e-09	1	0.150427	0.29582	1.5	0.666667	0.666667	1	1	7481.83	1e+20	3.13351e+15	88.2475	69.1538	80.2823	88.3162	64.0099	82.7391	
123000	-129597	-1142	-82914.5	-21108.1	0.0746694	1	0.226887	8.81497	3.02702	0.0188137	19.4184	0.231737	5876	99	625	-78502.2	83.0027f	93.1847	4	1	1	0.009901	0.188119	0.019802	9.90099e-09	0	0	0	0	0.890909	0.945392	0.245315	0.507692	0.863714	9.90099e-09	0.108911	9.90099e-09	1	0.127768	0.308219	1.5	0.666667	0.666667	1	1	7481.83	1e+20	3.13351e+15	88.2475	69.1538	80.2823	88.3162	83.0027	93.1847	
124000	-128682	-1142	-82000.2	-20895.3	0.0746694	1	0.210253	9.51233	2.80511	0.0136173	19.4184	0.269853	5794	99	634	-78502.2	73.8351f	89.5822	4	1	1	0.009901	0.188119	0.019802	9.90099e-09	0	0	0	0	0.890909	0.960616	0.238014	0.5	0.898973	9.90099e-09	0.108911	9.90099e-09	1	0.15411	0.290221	1.5	0.666667	0.666667	1	1	7481.83	1e+20	3.13351e+15	88.2475	69.1538	80.2823	88.3162	73.8351	89.5822	
125000	-130692	-1142	-84009.8	-21238	0.0744652	1	0.196788	10.1632	2.84511	0.0126637	19.826	0.284264	5926	99	667	-78502.2	88.2498f	72.9169	4	1	1	0.009901	0.188119	0.019802	9.90099e-09	0	0	0	0	0.845455	0.954622	0.265993	0.514925	0.883838	9.90099e-09	0.108911	9.90099e-09	1	0.121212	0.2571	1.5	0.666667	0.666667	1	1	7481.83	1e+20	3.13351e+15	88.2475	69.1538	80.2823	88.3162	88.2498	72.9169	
126000	-128438	-1142	-81756.4	-20999.1	0.0744652	1	0.193838	10.3179	2.80246	0.0128792	19.826	0.292982	5834	99	562	-78502.2	20.1109f	83.2763	4	1	1	0.009901	0.188119	0.019802	9.90099e-09	0	0	0	0	0.890909	0.965928	0.243151	0.5	0.890411	9.90099e-09	0.158416	9.90099e-09	1	0.106164	0.235816	1.5	0.666667	0.666667	1	1	7481.83	1e+20	3.13351e+15	88.2475	69.1538	51.0865	89.5664	20.1109	83.2763	
127000	-129875	-1142	-83192.5	-21188.7	0.0744652	1	0.188738	10.5967	2.72872	0.00112097	19.826	0.309031	5907	99	614	-78502.2	55.1519f	38.3761	4	1	1	0.009901	0.188119	0.019802	9.90099e-09	0	0	0	0	0.890909	0.955631	0.273038	0.536585	0.863481	9.90099e-09	0.158416	9.90099e-09	1	0.143824	0.236667	1.5	0.666667	0.666667	1	1	7481.83	1e+20	3.13351e+15	88.2475	69.1538	51.0865	89.5664	55.1519	38.3761	
128000	-129155	-1142	-82472.8	-21123.7	0.0744652	1	0.197449	10.1292	2.85466	0.0114509	19.826	0.282365	5882	99	572	-78502.2	46.8196f	92.1423	4	1	1	0.009901	0.188119	0.029703	9.90099e-09	0	0	0	0	0.872727	0.966044	0.285956	0.52459	0.882653	9.90099e-09	0.158416	9.90099e-09	1	0.110357	0.281046	1.5	0.666667	0.666667	1	1	7481.83	1e+20	3.13351e+15	90.4736	52.4372	51.0865	89.5664	46.8196	92.1423	
129000	-128574	-1142	-81891.5	-21022.4	0.0744652	1	0.185037	10.8086	2.69227	0.0061012	19.8575	0.319479	5843	99	563	-78502.2	78.229f	62.5174	4	1	1	0.029703	0.158416	0.029703	9.90099e-09	0	0	0	0	0.909091	0.950342	0.242321	0.540984	0.907376	9.90099e-09	0.158416	9.90099e-09	1	0.119454	0.275685	1.5	0.666667	0.666667	1	1	7481.83	1e+20	3.13351e+15	90.4736	52.4372	51.0865	89.5664	78.229	62.5174	
130000	-130805	-1142	-84123.3	-21388.7	0.0744652	1	0.19026	10.5119	2.76827	0.0151764	19.8575	0.302179	5984	99	615	-78502.2	49.8015f	98.7094	4	1	1	0.029703	0.158416	0.029703	9.90099e-09	0	0	0	0	0.845455	0.951178	0.314908	0.508197	0.877517	9.90099e-09	0.158416	9.90099e-09	1	0.127334	0.276206	1.5	0.666667	0.666667	1	1	7481.83	1e+20	3.13351e+15	90.8894	94.9303	51.0865	89.5664	49.8015	98.7094	
131000	-131231	-1142	-84548.8	-21419.8	0.0744652	1	0.188586	10.6052	2.74391	0.0139455	19.8575	0.307568	5996	99	637	-78502.2	45.754f	96.4738	4	1	1	0.029703	0.158416	0.029703	9.90099e-09	0	0	0	0	0.909091	0.93864	0.247508	0.533333	0.878939	9.90099e-09	0.158416	9.90099e-09	1	0.121464	0.274276	1.5	0.666667	0.666667	1	1	7481.83	1e+20	3.13351e+15	90.8894	94.9303	51.0865	89.5664	45.754	96.4738	
132000	-131052	-1142	-84369.5	-21423.1	0.0767265	1	0.193944	10.3123	2.98072	0.0132059	19.9812	0.275311	5998	99	622	-78502.2	31.8308f	91.5514	4	1	1	0.029703	0.158416	0.029703	9.90099e-09	0	0	0	0	0.890909	0.959866	0.281667	0.532258	0.892977	9.90099e-09	0.158416	9.90099e-09	1	0.156667	0.305466	1.5	0.666667	0.666667	1	1	7481.83	1e+20	3.13351e+15	90.8894	94.9303	51.0865	89.5664	31.8308	91.5514	
133000	-133559	-1142	-86877.5	-21780	0.0767265	1	0.209086	9.56542	3.21345	0.00154495	19.9812	0.236877	6137	99	696	-78502.2	35.5001f	46.4906	4	1	1	0.029703	0.158416	0.029703	9.90099e-09	0	0	0	0	0.918182	0.949511	0.237705	0.545455	0.859038	9.90099e-09	0.178218	9.90099e-09	1	0.137417	0.296919	1.5	0.666667	0.666667	1	1	7481.83	1e+20	3.13351e+15	90.8894	94.9303	14.6407	77.499	35.5001	46.4906	
134000	-134197	-1142	-87514.7	-22055.8	0.0773049	1	0.18292	10.9338	2.83248	0.0192679	19.9812	0.30718	6245	99	634	-78502.2	3.43976f	78.8088	4	1	1	0.029703	0.158416	0.019802	9.90099e-09	0	0	0	0	0.945455	0.953822	0.247604	0.583333	0.888	9.90099e-09	0.178218	9.90099e-09	1	0.119808	0.268139	1.5	0.666667	0.666667	1	1	7481.83	1e+20	3.13351e+15	63.7343	91.8487	17.8675	72.8236	3.43976	78.8088	
135000	-129865	-1142	-83182.6	-21193.1	0.0773049	1	0.182902	10.9348	2.83221	0.00191015	19.9812	0.307239	5908	99	603	-78502.2	35.5716f	41.5586	4	1	1	0.019802	0.188119	0.019802	9.90099e-09	0	0	0	0	0.863636	0.944444	0.245791	0.544	0.867003	9.90099e-09	0.178218	9.90099e-09	1	0.155668	0.295191	1.5	0.666667	0.666667	1	1	7481.83	1e+20	3.13351e+15	63.7343	91.8487	17.8675	72.8236	35.5716	41.5586	
136000	-133088	-1142	-86406.3	-21810	0.0773049	1	0.201212	9.93976	3.10212	0.0107444	19.9594	0.254981	6149	99	643	-78502.2	19.4621f	77.0576	4	1	1	0.019802	0.188119	0.019802	9.90099e-09	0	0	0	0	0.909091	0.947627	0.303279	0.496241	0.869919	9.90099e-09	0.178218	9.90099e-09	1	0.128455	0.281106	1.5	0.666667	0.666667	1	1	7481.83	1e+20	3.13351e+15	63.7343	91.8487	17.8675	72.8236	19.4621	77.0576	
137000	-133597	-1142	-86915.3	-21919	0.0784094	1	0.189913	10.5312	2.89861	0.00712346	19.8388	0.289119	6192	99	650	-78502.2	16.987f	48.3715	4	1	1	0.019802	0.188119	0.019802	9.90099e-09	0	0	0	0	0.863636	0.960976	0.235008	0.52381	0.880645	9.90099e-09	0.178218	9.90099e-09	1	0.0951613	0.283654	1.5	0.666667	0.666667	1	1	7481.83	1e+20	3.13351e+15	63.7343	91.8487	17.8675	72.8236	16.987	48.3715	
138000	-132760	-1142	-86078	-21763.6	0.0782694	1	0.202739	9.86488	3.08886	0.00869668	19.8388	0.254147	6131	99	636	-78502.2	20.6682f	71.9706	4	1	1	0.019802	0.188119	0.019802	9.90099e-09	0	0	0	0	0.918182	0.945161	0.264182	0.503817	0.879479	9.90099e-09	0.178218	9.90099e-09	1	0.13355	0.292188	1.5	0.666667	0.666667	1	1	7481.83	1e+20	3.13351e+15	63.7343	91.8487	17.8675	72.8236	20.6682	71.9706	
139000	-133705	-1142	-87023.4	-21934.3	0.0782694	1	0.202739	9.86488	2.97511	0.00984494	19.6535	0.263863	6198	99	651	-78502.2	14.16f	65.3638	4	1	1	0.019802	0.188119	0.019802	9.90099e-09	0	0	0	0	0.909091	0.954911	0.262561	0.536	0.858065	0.009901	0.178218	9.90099e-09	1	0.111111	0.309969	1.5	0.666667	0.666667	1	1	7481.83	1e+20	3.13351e+15	63.7343	91.8487	17.8675	72.8236	14.16	65.3638	
140000	-133005	-1142	-86323	-21901.2	0.0782694	1	0.17807	11.2315	2.6131	0.0157854	19.6535	0.342036	6185	99	596	-78502.2	0.862285f	44.3213	4	1	1	0.019802	0.188119	0.019802	9.90099e-09	0	0	0	0	0.918182	0.965909	0.255663	0.52459	0.85622	0.009901	0.128713	9.90099e-09	1	0.114701	0.28109	1.5	0.666667	0.666667	1	1	7481.83	1e+20	3.13351e+15	63.7343	91.8487	17.8675	72.8236	0.862285	44.3213	
141000	-131090	-1142	-84408.3	-21496.2	0.0782694	1	0.1894	10.5596	2.84291	0.00717117	19.7649	0.295581	6026	99	590	-78502.2	16.8421f	50.8682	4	1	1	0.019802	0.188119	0.049505	9.90099e-09	0	0	0	0	0.9	0.968595	0.263245	0.504065	0.88245	0.009901	0.128713	9.90099e-09	1	0.100993	0.311258	1.5	0.666667	0.666667	1	1	7481.83	1e+20	3.13351e+15	63.7343	91.8487	17.8675	72.8236	16.8421	50.8682	
142000	-130932	-1142	-84250.1	-21374.6	0.0752767	1	0.197354	10.1341	2.84903	0.00857517	19.7649	0.28306	5979	99	631	-78502.2	29.2644f	79.9607	4	1	1	0.019802	0.148515	0.049505	9.90099e-09	0	0	0	0	0.918182	0.956882	0.285953	0.538462	0.85	0.009901	0.128713	9.90099e-09	1	0.119403	0.297045	1.5	0.666667	0.666667	1	1	7481.83	1e+20	3.13351e+15	63.7343	91.8487	17.8675	72.8236	29.2644	79.9607	
143000	-131584	-1142	-84901.6	-21392.7	0.0752767	1	0.204514	9.77929	3.04462	0.0110526	19.9175	0.255602	5986	99	689	-78502.2	47.938f	91.4682	4	1	1	0.019802	0.148515	0.049505	9.90099e-09	0	0	0	0	0.918182	0.965289	0.296849	0.507463	0.864548	0.009901	0.128713	9.90099e-09	1	0.140496	0.266263	1.5	0.666667	0.666667	1	1	7481.83	1e+20	3.13351e+15	63.7343	91.8487	17.8675	72.8236	47.938	91.4682	
144000	-130428	-1142	-83745.5	-21294.5	0.0763622	1	0.207336	9.64616	2.96008	0.00988465	19.6397	0.259323	5948	99	618	-78502.2	16.0678f	30.6977	4	1	1	0.019802	0.148515	0.049505	9.90099e-09	0	0	0	0	0.8	0.951586	0.257143	0.485075	0.87188	0.009901	0.128713	9.90099e-09	1	0.135906	0.297735	1.5	0.666667	0.666667	1	1	7481.83	1e+20	3.13351e+15	63.7343	91.8487	17.8675	72.8236	16.0678	30.6977	
145000	-132167	-1142	-85485.4	-21556.8	0.0763622	1	0.19909	10.0457	2.84235	0.0193631	19.6397	0.28125	6050	99	670	-78502.2	11.48f	89.1488	4	1	1	0.019802	0.148515	0.049505	9.90099e-09	0	0	0	0	0.890909	0.956882	0.258706	0.496296	0.869637	0.009901	0.128713	9.90099e-09	1	0.138614	0.279823	1.5	0.666667	0.666667	1	1	7481.83	1e+20	3.13351e+15	63.7343	91.8487	13.7072	80.064	11.48	89.1488	
146000	-129693	-1142	-83011.1	-21222.4	0.0763622	1	0.202104	9.89591	2.88538	0.030476	19.6397	0.272925	5920	99	583	-78502.2	0.519561f	98.0641	4	1	1	0.019802	0.148515	0.049505	9.90099e-09	0	0	0	0	0.945455	0.953099	0.300501	0.52381	0.879736	0.009901	0.0792079	9.90099e-09	1	0.112985	0.263502	1.5	0.666667	0.666667	1	1	7481.83	1e+20	3.13351e+15	67.0032	90.6932	13.7072	80.064	0.519561	98.0641	
147000	-130640	-1142	-83958.3	-21272	0.0770078	1	0.197613	10.1208	2.84511	0.00391969	19.6397	0.283078	5939	99	648	-78502.2	27.2864f	41.2663	4	1	1	0.019802	0.148515	0.049505	9.90099e-09	0	0	0	0	0.9	0.950931	0.249158	0.480315	0.85956	0.009901	0.0792079	9.90099e-09	1	0.126263	0.279141	1.5	0.666667	0.666667	1	1	7481.83	1e+20	3.13351e+15	30.0396	11.7681	13.7072	80.064	27.2864	41.2663	
148000	-129548	-1142	-82865.8	-21126.3	0.0753284	1	0.210797	9.4878	2.70706	0.00612737	19.1918	0.278906	5883	99	610	-78502.2	39.8395f	79.0421	4	1	1	0.019802	0.188119	0.049505	9.90099e-09	0	0	0	0	0.927273	0.947635	0.237691	0.544776	0.872697	0.009901	0.0792079	9.90099e-09	1	0.101868	0.262925	1.5	0.666667	0.666667	1	1	7481.83	1e+20	3.13351e+15	30.0396	11.7681	13.7072	80.064	39.8395	79.0421	
149000	-130287	-1142	-83604.7	-21234.9	0.0753284	1	0.204737	9.76863	2.78322	0.0147751	19.4668	0.279304	5925	99	636	-78502.2	29.5523f	93.4091	4	1	1	0.019802	0.188119	0.039604	9.90099e-09	0	0	0	0	0.918182	0.956155	0.252951	0.48	0.883642	0.009901	0.0792079	9.90099e-09	1	0.131535	0.292605	1.5	0.666667	0.666667	1	1	7481.83	1e+20	3.13351e+15	32.6043	22.1035	17.3624	93.9378	29.5523	93.4091	
150000	-130320	-1142	-83638.2	-21233.1	0.0742166	1	0.187769	10.6514	2.62063	0.0243516	19.6684	0.323438	5924	99	637	-78502.2	2.00554f	88.6394	4	1	1	0.019802	0.188119	0.039604	9.90099e-09	0	0	0	0	0.9	0.954082	0.271331	0.452381	0.844178	9.90099e-09	0.0792079	9.90099e-09	1	0.141156	0.296703	1.5	0.666667	0.666667	1	1	7481.83	1e+20	3.13351e+15	32.6043	22.1035	17.3624	93.9378	2.00554	88.6394	
151000	-130976	-1142	-84294	-21433.4	0.0742166	1	0.180748	11.0651	2.66982	0.0189384	19.9491	0.32981	6001	99	604	-78502.2	17.2144f	93.326	4	1	1	0.019802	0.188119	0.039604	9.90099e-09	0	0	0	0	0.890909	0.958124	0.262542	0.524194	0.892797	9.90099e-09	0.0792079	9.90099e-09	1	0.132328	0.308065	1.5	0.666667	0.666667	1	1	7481.83	1e+20	3.13351e+15	32.6043	22.1035	17.3624	93.9378	17.2144	93.326	
152000	-130783	-1142	-84101.1	-21469.8	0.0742166	1	0.177417	11.2729	2.6206	0.0189893	19.9491	0.342314	6015	99	576	-78502.2	19.8693f	95.3128	4	1	1	0.019802	0.188119	0.039604	9.90099e-09	0	0	0	0	0.927273	0.961794	0.274247	0.525862	0.901193	9.90099e-09	0.158416	9.90099e-09	1	0.118531	0.28169	1.5	0.666667	0.666667	1	1	7481.83	1e+20	3.13351e+15	32.6043	22.1035	17.3624	93.9378	19.8693	95.3128	
153000	-129354	-1142	-82672.1	-21248.7	0.0742166	1	0.164904	12.1283	2.43578	0.0149289	19.9491	0.396233	5930	99	536	-78502.2	50.2997f	98.3097	4	1	1	0.029703	0.188119	0.039604	9.90099e-09	0	0	0	0	0.927273	0.964346	0.248731	0.663636	0.911565	9.90099e-09	0.158416	9.90099e-09	1	0.122896	0.313346	1.5	0.666667	0.666667	1	1	7481.83	1e+20	3.13351e+15	32.6043	22.1035	17.3624	93.9378	50.2997	98.3097	
154000	-129704	-1142	-83022.4	-21232.4	0.0751245	1	0.179322	11.1531	2.68115	0.0172936	19.9491	0.331029	5924	99	575	-78502.2	15.6135f	88.8638	4	1	1	0.029703	0.247525	0.039604	9.90099e-09	0	0	0	0	0.881818	0.96633	0.267797	0.578947	0.902192	9.90099e-09	0.158416	9.90099e-09	1	0.131535	0.270609	1.5	0.666667	0.666667	1	1	7481.83	1e+20	3.13351e+15	32.6043	22.1035	17.3624	93.9378	15.6135	88.8638	
155000	-128112	-1142	-81429.6	-20965.7	0.0751245	1	0.174171	11.483	2.59742	0.0227049	19.9363	0.351804	5821	99	541	-78502.2	11.9882f	95.7934	4	1	1	0.029703	0.247525	0.019802	9.90099e-09	0	0	0	0	0.918182	0.950512	0.265866	0.5625	0.878583	9.90099e-09	0.158416	9.90099e-09	1	0.114923	0.287796	1.5	0.666667	0.666667	1	1	7481.83	1e+20	3.13351e+15	32.6043	22.1035	17.3624	93.9378	11.9882	95.7934	
156000	-131584	-1142	-84901.9	-21641.1	0.0773403	1	0.161537	12.3811	2.49927	0.0131795	19.9748	0.394218	6083	99	572	-78502.2	15.0416f	78.6987	4	1	1	0.029703	0.247525	0.019802	9.90099e-09	0	0	0	0	0.909091	0.955446	0.267327	0.559322	0.898671	9.90099e-09	0.158416	9.90099e-09	1	0.108374	0.303082	1.5	0.666667	0.666667	1	1	7481.83	1e+20	3.13351e+15	32.6043	22.1035	17.3624	93.9378	15.0416	78.6987	
157000	-133410	-1142	-86727.8	-22165.8	0.0773403	1	0.164333	12.1704	2.54253	0.0118243	19.9748	0.380917	6288	99	525	-78502.2	37.0655f	90.9157	4	1	1	0.029703	0.247525	0.019802	9.90099e-09	0	0	0	0	0.909091	0.976038	0.266667	0.580357	0.91129	9.90099e-09	0.158416	9.90099e-09	1	0.111288	0.323308	1.5	0.666667	0.666667	1	1	7481.83	1e+20	3.13351e+15	32.6043	22.1035	17.3624	93.9378	37.0655	90.9157	
158000	-131185	-1142	-84503.1	-21642.7	0.0792931	1	0.159654	12.5271	2.53252	0.0123847	19.9748	0.393629	6083	99	537	-78502.2	11.5457f	70.9823	4	1	1	0.029703	0.247525	0.019802	9.90099e-09	0	0	0	0	0.836364	0.959083	0.297872	0.482143	0.873977	9.90099e-09	0.0990099	9.90099e-09	1	0.101974	0.285205	1.5	0.666667	0.666667	1	1	7481.83	1e+20	3.13351e+15	64.0692	13.6499	17.3624	93.9378	11.5457	70.9823	
159000	-133099	-1142	-86417	-21982.3	0.0792931	1	0.174237	11.4786	2.76384	0.0134638	19.9748	0.330496	6217	99	570	-78502.2	11.0169f	73.8504	4	1	1	0.039604	0.247525	0.019802	9.90099e-09	0	0	0	0	0.872727	0.9744	0.26045	0.468468	0.917329	9.90099e-09	0.0990099	9.90099e-09	1	0.111643	0.285211	1.5	0.666667	0.666667	1	1	7481.83	1e+20	3.13351e+15	64.0692	13.6499	17.3624	93.9378	11.0169	73.8504	
160000	-133591	-1142	-86909.2	-22134.4	0.0792931	1	0.167087	11.9698	2.65042	0.00569449	19.9748	0.359386	6277	99	555	-78502.2	40.0408f	77.9192	4	1	1	0.039604	0.188119	0.019802	9.90099e-09	0	0	0	0	0.890909	0.956522	0.258786	0.509091	0.900958	9.90099e-09	0.0990099	9.90099e-09	1	0.0821256	0.281192	1.5	0.666667	0.666667	1	1	7481.83	1e+20	3.13351e+15	64.0692	13.6499	17.3624	93.9378	40.0408	77.9192	
161000	-134631	-1142	-87949	-22344.8	0.0792931	1	0.163498	12.2326	2.59349	0.0169233	19.9748	0.37534	6360	99	558	-78502.2	21.5546f	92.7539	4	1	1	0.039604	0.188119	0.009901	9.90099e-09	0	0	0	0	0.9	0.963665	0.237049	0.550459	0.897314	9.90099e-09	0.0990099	9.90099e-09	1	0.110759	0.299824	1.5	0.666667	0.666667	1	1	7481.83	1e+20	3.13351e+15	64.0692	13.6499	17.3624	93.9378	21.5546	92.7539	
162000	-135858	-1142	-89175.7	-22456.3	0.0792931	1	0.185052	10.8078	2.75253	0.00549512	19.6561	0.312459	6404	99	622	-78502.2	28.1787f	69.1422	4	1	1	0.039604	0.188119	0.009901	9.90099e-09	0	0	0	0	0.909091	0.960692	0.271451	0.629921	0.884858	9.90099e-09	0.0990099	9.90099e-09	1	0.126365	0.322635	1.5	0.666667	0.666667	1	1	7481.83	1e+20	3.13351e+15	64.0692	13.6499	17.3624	93.9378	28.1787	69.1422	
163000	-134344	-1142	-87662.2	-22245.2	0.0805107	1	0.166794	11.9908	2.6346	0.00691452	19.8778	0.362181	6321	99	570	-78502.2	22.55f	67.6051	4	1	1	0.039604	0.188119	0.009901	9.90099e-09	0	0	0	0	0.927273	0.966772	0.220285	0.517544	0.887658	9.90099e-09	0.0990099	9.90099e-09	1	0.107425	0.313406	1.5	0.666667	0.666667	1	1	7481.83	1e+20	3.13351e+15	64.0692	13.6499	17.3624	93.9378	22.55	67.6051	
164000	-134636	-1142	-87953.9	-22325.7	0.0809627	1	0.156512	12.7786	2.48606	0.0125683	19.8778	0.409037	6353	99	558	-78502.2	36.1794f	92.0358	4	1	1	0.039604	0.188119	0.009901	9.90099e-09	0	0	0	0	0.9	0.965409	0.266983	0.517544	0.897799	9.90099e-09	0.128713	9.90099e-09	1	0.116904	0.28853	1.5	0.666667	0.666667	1	1	7481.83	1e+20	3.13351e+15	64.0692	13.6499	17.3624	93.9378	36.1794	92.0358	
165000	-134763	-1142	-88081.1	-22345.8	0.0809627	1	0.164632	12.1483	2.61503	0.00109563	19.8778	0.369683	6361	99	567	-78502.2	43.9064f	39.1867	4	1	1	0.039604	0.188119	0.009901	9.90099e-09	0	0	0	0	0.836364	0.9653	0.245669	0.550847	0.88748	9.90099e-09	0.128713	9.90099e-09	1	0.105678	0.297251	1.5	0.666667	0.666667	1	1	7481.83	1e+20	3.13351e+15	17.3646	88.5833	17.3624	93.9378	43.9064	39.1867	
166000	-137710	-1142	-91028.3	-22933.9	0.082088	1	0.16262	12.2986	2.61898	0.000799848	19.8778	0.373693	6596	99	583	-78502.2	60.3341f	52.7529	4	1	1	0.019802	0.188119	0.009901	0.009901	0	0	0	0	0.881818	0.975573	0.25303	0.581197	0.907012	9.90099e-09	0.128713	9.90099e-09	1	0.0961832	0.305461	1.5	0.666667	0.666667	1	1	7481.83	1e+20	3.13351e+15	2.27165	71.0811	69.9596	73.1369	60.3341	52.7529	
167000	-137186	-1142	-90504.2	-22768.9	0.082088	1	0.169147	11.824	2.7241	0.00092815	19.8778	0.345408	6530	99	602	-78502.2	55.6481f	60.0896	4	1	1	0.019802	0.188119	0.009901	0.009901	0	0	0	0	0.863636	0.95092	0.259601	0.537815	0.890263	9.90099e-09	0.128713	9.90099e-09	1	0.147239	0.290698	1.5	0.666667	0.666667	1	1	7481.83	1e+20	3.13351e+15	2.27165	71.0811	69.9596	73.1369	55.6481	60.0896	
168000	-138714	-1142	-92032	-23016.2	0.0847807	1	0.173506	11.527	2.88596	0.000626563	19.8778	0.317845	6630	99	639	-78502.2	58.355f	54.1038	4	1	1	0.019802	0.188119	0.019802	0.009901	0	0	0	0	0.9	0.958967	0.259484	0.526718	0.884498	9.90099e-09	0.128713	9.90099e-09	1	0.161145	0.332326	1.5	0.666667	0.666667	1	1	7481.83	1e+20	3.13351e+15	14.4892	51.1231	69.9596	73.1369	58.355	54.1038	
169000	-140202	-1142	-93520.4	-23475.2	0.0847807	1	0.153458	13.0329	2.5525	0.00260774	19.8778	0.406316	6816	99	569	-78502.2	69.4636f	45.3464	4	1	1	0.019802	0.188119	0.019802	0.009901	0	0	0	0	0.909091	0.963181	0.227811	0.487179	0.901325	9.90099e-09	0.128713	9.90099e-09	1	0.0942563	0.279438	1.5	0.666667	0.666667	1	1	7481.83	1e+20	3.13351e+15	40.7139	25.7378	69.9596	73.1369	69.4636	45.3464	
170000	-139133	-1142	-92450.8	-23349.4	0.0847807	1	0.153795	13.0043	2.16878	0.00512263	19.074	0.477156	6765	99	537	-78502.2	70.0918f	69.8568	4	1	1	0.019802	0.188119	0.019802	0.009901	0	0	0	0	0.9	0.979259	0.248538	0.571429	0.897661	9.90099e-09	0.108911	9.90099e-09	1	0.0877193	0.302064	1.5	0.666667	0.666667	1	1	7481.83	1e+20	3.13351e+15	83.063	29.0117	75.2658	83.7322	70.0918	69.8568	
171000	-139236	-1142	-92553.7	-23258.1	0.0847807	1	0.169785	11.7796	2.39468	0.0136376	19.0748	0.391447	6728	99	581	-78502.2	93.4962f	65.8192	4	1	1	0.019802	0.188119	0.019802	0.009901	0	0	0	0	0.872727	0.961538	0.226138	0.508621	0.905325	9.90099e-09	0.108911	9.90099e-09	1	0.130758	0.261905	1.5	0.666667	0.666667	1	1	7481.83	1e+20	3.13351e+15	83.063	29.0117	75.2658	83.7322	93.4962	65.8192	
172000	-138684	-1142	-92002.4	-23073	0.0847807	1	0.17609	11.3578	2.73595	0.0141241	19.5419	0.330352	6653	99	612	-78502.2	56.9693f	96.4866	4	1	1	0.019802	0.188119	0.019802	0.009901	0	0	0	0	0.890909	0.962575	0.22039	0.53125	0.899399	9.90099e-09	0.108911	9.90099e-09	1	0.118619	0.295638	1.5	0.666667	0.666667	1	1	7481.83	1e+20	3.13351e+15	33.1552	11.5117	75.2658	83.7322	56.9693	96.4866	
173000	-139245	-1142	-92563	-23171.7	0.0857176	1	0.168143	11.8946	2.76409	0.0172438	19.7651	0.342443	6693	99	616	-78502.2	91.597f	81.2882	4	1	1	0.019802	0.188119	0.019802	0.009901	0	0	0	0	0.9	0.972973	0.238806	0.479675	0.899701	9.90099e-09	0.108911	9.90099e-09	1	0.114925	0.308442	1.5	0.666667	0.666667	1	1	7481.83	1e+20	3.13351e+15	33.1552	11.5117	75.2658	83.7322	91.597	81.2882	
174000	-138480	-1142	-91797.8	-23129.9	0.0857176	1	0.163704	12.2172	2.69112	0.00113238	19.7651	0.361266	6676	99	563	-78502.2	56.4594f	38.945	4	1	1	0.019802	0.217822	0.019802	0.009901	0	0	0	0	0.872727	0.968326	0.235382	0.486726	0.872754	9.90099e-09	0.108911	9.90099e-09	1	0.0945946	0.325044	1.5	0.666667	0.666667	1	1	7481.83	1e+20	3.13351e+15	33.1552	11.5117	45.798	54.6548	56.4594	38.945	
175000	-139203	-1142	-92520.5	-23317.2	0.087204	1	0.145585	13.7376	2.30333	0.000594608	19.4928	0.47462	6752	99	549	-78502.2	45.884f	42.292	4	1	1	0.019802	0.217822	0.0792079	9.90099e-09	0	0	0	0	0.845455	0.968935	0.24	0.527778	0.903846	9.90099e-09	0.108911	9.90099e-09	1	0.0785185	0.298182	1.5	0.666667	0.666667	1	1	7481.83	1e+20	3.13351e+15	32.5514	0.191587	45.798	54.6548	45.884	42.292	
176000	-140769	-1142	-94087	-23663.5	0.0881925	1	0.139032	14.3852	2.33141	0.00188563	19.7227	0.491006	6894	99	542	-78502.2	39.1284f	62.6751	4	1	1	0.019802	0.217822	0.0792079	9.90099e-09	0	0	0	0	0.909091	0.979798	0.297688	0.481818	0.916185	9.90099e-09	0.108911	9.90099e-09	1	0.084058	0.280148	1.5	0.666667	0.666667	1	1	7481.83	1e+20	3.13351e+15	72.7411	27.7385	45.798	54.6548	39.1284	62.6751	
177000	-139707	-1142	-93024.7	-23527.6	0.0881925	1	0.140022	14.2835	2.41727	0.00685729	19.8665	0.470218	6838	99	504	-78502.2	31.7278f	76.917	4	1	1	0.019802	0.217822	0.0792079	9.90099e-09	0	0	0	0	0.881818	0.969298	0.276316	0.62037	0.903458	0.009901	0.0990099	9.90099e-09	1	0.105263	0.271825	1.5	0.666667	0.666667	1	1	7481.83	1e+20	3.13351e+15	72.7411	27.7385	45.798	54.6548	31.7278	76.917	
178000	-140536	-1142	-93853.7	-23646.6	0.0881925	1	0.144381	13.8522	2.53431	0.00327406	19.9493	0.434959	6887	99	531	-78502.2	52.0891f	27.7901	4	1	1	0.029703	0.217822	0.0792079	9.90099e-09	0	0	0	0	0.827273	0.968254	0.259684	0.462963	0.905579	0.009901	0.0990099	9.90099e-09	1	0.11588	0.299435	1.5	0.666667	0.666667	1	1	7481.83	1e+20	3.13351e+15	72.7411	27.7385	45.798	54.6548	52.0891	27.7901	
179000	-142570	-1142	-95888.1	-23857.8	0.088125	1	0.153082	13.0649	2.52957	0.0012707	19.6541	0.411009	6974	99	617	-78502.2	45.511f	37.2826	4	1	1	0.029703	0.217822	0.0792079	9.90099e-09	0	0	0	0	0.872727	0.958273	0.241033	0.526316	0.8967	0.009901	0.0990099	9.90099e-09	1	0.0916905	0.281356	1.5	0.666667	0.666667	1	1	7481.83	1e+20	3.13351e+15	72.7411	27.7385	45.798	54.6548	45.511	37.2826	
180000	-142449	-1142	-95767.1	-23838.4	0.088125	1	0.162723	12.2909	2.83127	0.0163294	19.9093	0.345455	6966	99	615	-78502.2	7.66253f	77.2988	4	1	1	0.029703	0.217822	0.0891089	9.90099e-09	0	0	0	0	0.927273	0.95422	0.212339	0.5	0.904149	0.009901	0.0990099	9.90099e-09	1	0.0972818	0.291598	1.5	0.666667	0.666667	1	1	7481.83	1e+20	3.13351e+15	72.7411	27.7385	34.4883	69.5756	7.66253	77.2988	
181000	-143426	-1142	-96744	-23906.4	0.088125	1	0.18385	10.8784	3.19887	0.00162502	19.9093	0.27062	6994	99	676	-78502.2	47.5211f	65.3236	4	1	1	0.029703	0.168317	0.0891089	9.90099e-09	0	0	0	0	0.854545	0.954416	0.25107	0.540741	0.872159	0.009901	0.0990099	9.90099e-09	1	0.132668	0.25228	1.5	0.666667	0.666667	1	1	7481.83	1e+20	3.13351e+15	72.7411	27.7385	34.4883	69.5756	47.5211	65.3236	
182000	-143619	-1142	-96937.2	-23904	0.088125	1	0.179955	11.1139	3.00687	0.00845567	19.7088	0.294131	6993	99	692	-78502.2	29.3495f	79.7053	4	1	1	0.029703	0.168317	0.0891089	9.90099e-09	0	0	0	0	0.872727	0.955714	0.248927	0.522388	0.89255	0.009901	0.0990099	9.90099e-09	1	0.148571	0.290469	1.5	0.666667	0.666667	1	1	7481.83	1e+20	3.13351e+15	62.97	13.7836	34.4883	69.5756	29.3495	79.7053	
183000	-144373	-1142	-97691.4	-23979.3	0.088125	1	0.19047	10.5003	3.26288	0.00423961	19.832	0.25609	7024	99	736	-78502.2	31.6991f	67.6512	4	1	1	0.029703	0.168317	0.0891089	9.90099e-09	0	0	0	0	0.881818	0.965909	0.246088	0.546763	0.857752	0.009901	0.0891089	9.90099e-09	1	0.12091	0.30226	1.5	0.666667	0.666667	1	1	7481.83	1e+20	3.13351e+15	62.97	13.7836	34.4883	69.5756	31.6991	67.6512	
184000	-140429	-1142	-93747.1	-23313.8	0.088125	1	0.184489	10.8408	3.1283	0.0158457	19.7814	0.275767	6750	99	662	-78502.2	9.4339f	78.5804	4	1	1	0.029703	0.168317	0.0891089	9.90099e-09	0	0	0	0	0.9	0.946667	0.244083	0.507143	0.87574	0.009901	0.0891089	9.90099e-09	1	0.12426	0.26284	1.5	0.666667	0.666667	1	1	7481.83	1e+20	3.13351e+15	62.97	13.7836	12.8021	58.4531	9.4339	78.5804	
185000	-143267	-1142	-96585.5	-23947.1	0.0893636	1	0.183539	10.8969	3.15594	0.00580102	19.7814	0.274765	7011	99	645	-78502.2	39.5217f	78.0257	4	1	1	0.009901	0.168317	0.0891089	9.90099e-09	0	0	0	0	0.890909	0.947218	0.242511	0.518797	0.891429	0.009901	0.0891089	9.90099e-09	1	0.09	0.282905	1.5	0.666667	0.666667	1	1	7481.83	1e+20	3.13351e+15	62.97	13.7836	12.8021	58.4531	39.5217	78.0257	
186000	-143209	-1142	-96526.9	-23962	0.0903328	1	0.165474	12.0865	2.77588	0.0118529	19.6067	0.34649	7017	99	637	-78502.2	8.41725f	60.2121	4	1	1	0.009901	0.168317	0.049505	9.90099e-09	0	0	0	0	0.909091	0.963121	0.232955	0.546875	0.89078	0.009901	0.0891089	9.90099e-09	1	0.123404	0.299843	1.5	0.666667	0.666667	1	1	7481.83	1e+20	3.13351e+15	62.97	13.7836	12.8021	58.4531	8.41725	60.2121	
187000	-140073	-1142	-93390.8	-23452.8	0.0849334	1	0.170018	11.7635	2.61503	0.00197895	19.4838	0.357971	6807	99	569	-78502.2	39.1705f	63.2777	4	1	1	0.009901	0.188119	0.049505	9.90099e-09	0	0	0	0	0.909091	0.968981	0.282544	0.478992	0.883136	0.009901	0.0891089	9.90099e-09	1	0.10279	0.277193	1.5	0.666667	0.666667	1	1	7481.83	1e+20	3.13351e+15	62.97	13.7836	4.21486	62.6602	39.1705	63.2777	
188000	-141169	-1142	-94487.3	-23511.9	0.0849334	1	0.173986	11.4952	2.9032	0.00245131	19.8847	0.315086	6831	99	640	-78502.2	32.0394f	43.6081	4	1	1	0.009901	0.188119	0.049505	9.90099e-09	0	0	0	0	0.936364	0.967695	0.283626	0.569106	0.872059	9.90099e-09	0.0891089	9.90099e-09	1	0.112573	0.270227	1.5	0.666667	0.666667	1	1	7481.83	1e+20	3.13351e+15	62.97	13.7836	4.21486	62.6602	32.0394	43.6081	
189000	-142484	-1142	-95802.2	-23748.5	0.0882808	1	0.162585	12.3012	2.81988	0.00296366	19.8847	0.347143	6929	99	665	-78502.2	33.676f	63.4131	4	1	1	0.009901	0.188119	0.049505	9.90099e-09	0	0	0	0	0.890909	0.963925	0.252161	0.559701	0.876274	9.90099e-09	0.0990099	9.90099e-09	1	0.116883	0.319277	1.5	0.666667	0.666667	1	1	7481.83	1e+20	3.13351e+15	62.97	13.7836	4.21486	62.6602	33.676	63.4131	
190000	-141390	-1142	-94707.5	-23537.4	0.0882808	1	0.176281	11.3456	3.05741	0.00310135	19.8847	0.295299	6842	99	650	-78502.2	28.7959f	46.1184	4	1	1	0.009901	0.188119	0.049505	9.90099e-09	0	0	0	0	0.881818	0.963557	0.269006	0.438462	0.888889	9.90099e-09	0.0990099	9.90099e-09	1	0.140351	0.316957	1.5	0.666667	0.666667	1	1	7481.83	1e+20	3.13351e+15	62.97	13.7836	4.21486	62.6602	28.7959	46.1184	
191000	-141072	-1142	-94390.1	-23438.1	0.0884134	1	0.172825	11.5724	3.00198	0.0121007	19.8847	0.306764	6801	99	664	-78502.2	9.55862f	65.4176	4	1	1	0.039604	0.188119	0.049505	9.90099e-09	0	0	0	0	0.863636	0.961821	0.269006	0.571429	0.867898	9.90099e-09	0.0990099	9.90099e-09	1	0.118421	0.299539	1.5	0.666667	0.666667	1	1	7481.83	1e+20	3.13351e+15	62.97	13.7836	4.21486	62.6602	9.55862	65.4176	
192000	-142440	-1142	-95758.3	-23678.2	0.0884134	1	0.197386	10.1324	3.4286	0.0240457	19.8847	0.235173	6900	99	695	-78502.2	5.35806f	91.9161	4	1	1	0.039604	0.188119	0.019802	9.90099e-09	0	0	0	0	0.918182	0.969565	0.251445	0.527397	0.868116	9.90099e-09	0.0990099	9.90099e-09	1	0.147612	0.29184	1.5	0.666667	0.666667	1	1	7481.83	1e+20	3.13351e+15	62.97	13.7836	4.21486	62.6602	5.35806	91.9161	
193000	-143270	-1142	-96588.5	-23884.3	0.089314	1	0.192531	10.388	3.37833	0.0040424	19.8847	0.244691	6985	99	676	-78502.2	25.3276f	48.3324	4	1	1	0.039604	0.188119	0.019802	9.90099e-09	0	0	0	0	0.909091	0.95977	0.227794	0.550725	0.886819	9.90099e-09	0.0990099	9.90099e-09	1	0.120172	0.272189	1.5	0.666667	0.666667	1	1	7481.83	1e+20	3.13351e+15	62.97	13.7836	4.21486	62.6602	25.3276	48.3324	
194000	-144613	-1142	-97931.3	-24174.1	0.0893345	1	0.17894	11.1769	3.11466	0.0151983	19.8435	0.285563	7105	99	672	-78502.2	27.822f	93.318	4	1	1	0.039604	0.188119	0.019802	9.90099e-09	0	0	0	0	0.872727	0.969231	0.26087	0.485507	0.886396	9.90099e-09	0.0990099	9.90099e-09	1	0.130252	0.306548	1.5	0.666667	0.666667	1	1	7481.83	1e+20	3.13351e+15	62.97	13.7836	4.21486	62.6602	27.822	93.318	
195000	-141381	-1142	-94699.5	-23577.5	0.0893345	1	0.174258	11.4772	3.07068	0.0288358	19.9046	0.297435	6858	99	636	-78502.2	1.83257f	96.7027	4	1	1	0.039604	0.138614	0.019802	9.90099e-09	0	0	0	0	0.918182	0.943642	0.250362	0.530303	0.895954	9.90099e-09	0.0990099	9.90099e-09	1	0.123907	0.276827	1.5	0.666667	0.666667	1	1	7481.83	1e+20	3.13351e+15	62.97	13.7836	4.20243	66.5652	1.83257	96.7027	
196000	-141184	-1142	-94501.7	-23514.7	0.0893345	1	0.174258	11.4772	3.07068	0.0073939	19.9046	0.297435	6832	99	644	-78502.2	16.3558f	48.319	4	1	1	0.039604	0.138614	0.019802	9.90099e-09	0	0	0	0	0.9	0.941691	0.254015	0.511278	0.883212	9.90099e-09	0.049505	9.90099e-09	1	0.113869	0.29313	1.5	0.666667	0.666667	1	1	7481.83	1e+20	3.13351e+15	62.97	13.7836	4.20243	66.5652	16.3558	48.319	
197000	-142371	-1142	-95689.1	-23714.8	0.0888179	1	0.167363	11.95	2.93214	0.0020647	19.9046	0.324321	6915	99	661	-78502.2	35.8711f	60.2971	4	1	1	0.039604	0.138614	0.019802	9.90099e-09	0	0	0	0	0.836364	0.969609	0.265896	0.612403	0.910015	9.90099e-09	0.049505	9.90099e-09	1	0.124277	0.285945	1.5	0.666667	0.666667	1	1	7481.83	1e+20	3.13351e+15	62.97	13.7836	4.20243	66.5652	35.8711	60.2971	
198000	-143616	-1142	-96934.3	-23979.1	0.088295	1	0.177129	11.2912	3.11578	0.0149959	19.9541	0.28838	7024	99	664	-78502.2	2.15688f	55.9518	4	1	1	0.039604	0.138614	0.039604	9.90099e-09	0	0	0	0	0.9	0.964337	0.252841	0.572519	0.894437	9.90099e-09	0.049505	9.90099e-09	1	0.115549	0.285714	1.5	0.666667	0.666667	1	1	7481.83	1e+20	3.13351e+15	62.97	13.7836	4.20243	66.5652	2.15688	55.9518	
199000	-143900	-1142	-97218.5	-24056.8	0.088295	1	0.163402	12.2398	2.87432	0.0125249	19.9541	0.338866	7056	99	651	-78502.2	12.6452f	73.3716	4	1	1	0.039604	0.138614	0.039604	9.90099e-09	0	0	0	0	0.863636	0.968661	0.256738	0.515152	0.887943	9.90099e-09	0.049505	9.90099e-09	1	0.123404	0.271642	1.5	0.666667	0.666667	1	1	7481.83	1e+20	3.13351e+15	62.97	13.7836	4.20243	66.5652	12.6452	73.3716	
200000	-142194	-1142	-95512.1	-23879.6	0.088295	1	0.168001	11.9047	2.95522	0.0135286	19.9541	0.320566	6983	99	578	-78502.2	11.502f	74.8368	4	1	1	0.039604	0.138614	0.039604	9.90099e-09	0	0	0	0	0.9	0.962804	0.250358	0.46281	0.917024	9.90099e-09	0.049505	9.90099e-09	1	0.105866	0.287395	1.5	0.666667	0.666667	1	1	7481.83	1e+20	3.13351e+15	62.97	13.7836	4.20243	66.5652	11.502	74.8368	
201000	-141819	-1142	-95136.9	-23687.9	0.088295	1	0.16017	12.4868	2.81746	0.00383148	19.9541	0.352681	6904	99	625	-78502.2	29.9079f	36.7689	4	1	1	0.039604	0.128713	0.039604	9.90099e-09	0	0	0	0	0.890909	0.965217	0.273775	0.576923	0.868307	9.90099e-09	0.049505	9.90099e-09	1	0.124457	0.25886	1.5	0.666667	0.666667	1	1	7481.83	1e+20	3.13351e+15	62.97	13.7836	4.20243	66.5652	29.9079	36.7689	
202000	-143645	-1142	-96962.5	-23952.4	0.088295	1	0.173203	11.5472	3.04672	0.00635634	19.9541	0.301601	7013	99	671	-78502.2	81.4198f	52.5456	4	1	1	0.039604	0.128713	0.039604	9.90099e-09	0	0	0	0	0.854545	0.972779	0.273504	0.481203	0.897436	9.90099e-09	0.049505	9.90099e-09	1	0.133903	0.261069	1.5	0.666667	0.666667	1	1	7481.83	1e+20	3.13351e+15	62.97	13.7836	59.2147	82.3506	81.4198	52.5456	
203000	-142296	-1142	-95614.3	-23605.3	0.088295	1	0.192666	10.3806	3.24668	0.00188327	19.7411	0.254433	6870	99	710	-78502.2	66.5796f	53.4224	4	1	1	0.009901	0.128713	0.039604	9.90099e-09	0	0	0	0	0.890909	0.96361	0.25	0.57554	0.880466	9.90099e-09	0.049505	9.90099e-09	1	0.142235	0.270386	1.5	0.666667	0.666667	1	1	7481.83	1e+20	3.13351e+15	62.97	13.7836	59.2147	82.3506	66.5796	53.4224	
204000	-141720	-1142	-95038.1	-23649	0.088295	1	0.178566	11.2004	3.13357	0.0010908	19.9422	0.284435	6888	99	639	-78502.2	50.1157f	62.5558	4	1	1	0.009901	0.128713	0.019802	9.90099e-09	0	0	0	0	0.909091	0.961151	0.279942	0.567164	0.891775	9.90099e-09	0.148515	9.90099e-09	1	0.0863309	0.31811	1.5	0.666667	0.666667	1	1	7481.83	1e+20	3.13351e+15	62.97	13.7836	59.2147	82.3506	50.1157	62.5558	
205000	-141446	-1142	-94763.9	-23619.7	0.0875276	1	0.16581	12.062	2.82838	0.00127105	19.8446	0.339367	6876	99	619	-78502.2	58.6499f	60.6659	4	1	1	0.009901	0.128713	0.019802	9.90099e-09	0	0	0	0	0.927273	0.953488	0.27802	0.421053	0.915698	9.90099e-09	0.148515	9.90099e-09	1	0.126453	0.298555	1.5	0.666667	0.666667	1	1	7481.83	1e+20	3.13351e+15	62.97	13.7836	59.2147	82.3506	58.6499	60.6659	
206000	-142228	-1142	-95545.7	-23826.7	0.0875276	1	0.164074	12.1896	2.79877	0.0204886	19.8446	0.346587	6961	99	598	-78502.2	96.4549f	82.5943	4	1	1	0.009901	0.128713	0.019802	9.90099e-09	0	0	0	0	0.918182	0.964183	0.277299	0.444444	0.898426	9.90099e-09	0.148515	9.90099e-09	1	0.123563	0.268166	1.5	0.666667	0.666667	1	1	7481.83	1e+20	3.13351e+15	40.1054	13.3568	76.6042	82.6125	96.4549	82.5943	
207000	-142816	-1142	-96134.4	-23936.2	0.0909168	1	0.166471	12.0141	2.71824	0.0158891	19.4435	0.351718	7006	99	616	-78502.2	89.4999f	80.5871	4	1	1	0.009901	0.128713	0.019802	9.90099e-09	0	0	0	0	0.872727	0.967236	0.261056	0.595238	0.882014	9.90099e-09	0.148515	9.90099e-09	1	0.10699	0.306056	1.5	0.666667	0.666667	1	1	7481.83	1e+20	3.13351e+15	40.1054	13.3568	76.6042	82.6125	89.4999	80.5871	
208000	-143904	-1142	-97221.9	-24099.3	0.0909168	1	0.170192	11.7514	2.779	0.00864832	19.4435	0.336506	7074	99	636	-78502.2	77.0583f	74.9433	4	1	1	0.009901	0.148515	0.019802	9.90099e-09	0	0	0	0	0.918182	0.963173	0.251058	0.488372	0.882768	9.90099e-09	0.148515	9.90099e-09	1	0.117066	0.316498	1.5	0.666667	0.666667	1	1	7481.83	1e+20	3.13351e+15	40.1054	13.3568	76.6042	82.6125	77.0583	74.9433	
209000	-145174	-1142	-98491.6	-24351.1	0.0909168	1	0.170192	11.7514	2.6633	0.0173111	19.2379	0.351125	7179	99	645	-78502.2	65.7817f	99.6396	4	1	1	0.009901	0.148515	0.019802	9.90099e-09	0	0	0	0	0.9	0.965229	0.266106	0.460938	0.896359	9.90099e-09	0.148515	9.90099e-09	1	0.106443	0.292282	1.5	0.666667	0.666667	1	1	7481.83	1e+20	3.13351e+15	40.1054	13.3568	76.6042	82.6125	65.7817	99.6396	
210000	-144750	-1142	-98067.6	-24389.4	0.0909168	1	0.169097	11.8275	2.53065	0.0092353	19.0244	0.371922	7195	99	587	-78502.2	83.5007f	68.0449	4	1	1	0.009901	0.148515	0.0594059	9.90099e-09	0	0	0	0	0.909091	0.9625	0.251389	0.512397	0.8875	9.90099e-09	0.118812	9.90099e-09	1	0.0888889	0.275387	1.5	0.666667	0.666667	1	1	7481.83	1e+20	3.13351e+15	40.1054	13.3568	76.6042	82.6125	83.5007	68.0449	
211000	-144620	-1142	-97937.6	-24155	0.0916431	1	0.192325	10.3991	3.18667	0.0292397	19.4759	0.259686	7097	99	677	-78502.2	99.0403f	96.8157	4	1	1	0.009901	0.148515	0.0594059	0.009901	0	0	0	0	0.927273	0.956399	0.239437	0.56391	0.873259	9.90099e-09	0.118812	9.90099e-09	1	0.121127	0.304539	1.5	0.666667	0.666667	1	1	7481.83	1e+20	3.13351e+15	40.1054	13.3568	76.6042	82.6125	99.0403	96.8157	
212000	-145790	-1142	-99108	-24439.4	0.0916431	1	0.185791	10.7648	3.07842	0.0104652	19.4759	0.27827	7216	99	658	-78502.2	78.0076f	79.2556	4	1	1	0.009901	0.148515	0.0594059	0.009901	0	0	0	0	0.881818	0.973901	0.229711	0.569444	0.871866	9.90099e-09	0.118812	9.90099e-09	1	0.114011	0.283604	1.5	0.666667	0.666667	1	1	7481.83	1e+20	3.13351e+15	40.1054	13.3568	68.0968	51.0489	78.0076	79.2556	
213000	-146775	-1142	-100093	-24747.7	0.0916431	1	0.168707	11.8549	2.79533	0.00289249	19.4759	0.337485	7345	99	612	-78502.2	59.1702f	31.124	4	1	1	0.009901	0.148515	0.0594059	0.009901	0	0	0	0	0.863636	0.963265	0.230769	0.495935	0.88664	9.90099e-09	0.118812	9.90099e-09	1	0.0897959	0.311881	1.5	0.666667	0.666667	1	1	7481.83	1e+20	3.13351e+15	40.1054	13.3568	68.0968	51.0489	59.1702	31.124	
214000	-146507	-1142	-99825.2	-24708.2	0.0931542	1	0.157927	12.6641	2.74123	0.0131659	19.6232	0.367637	7329	99	608	-78502.2	95.3727f	47.1389	4	1	1	0.009901	0.168317	0.0594059	0.009901	0	0	0	0	0.881818	0.974008	0.236915	0.504132	0.902204	9.90099e-09	0.118812	9.90099e-09	1	0.107438	0.293076	1.5	0.666667	0.666667	1	1	7481.83	1e+20	3.13351e+15	40.1054	13.3568	71.8477	24.6053	95.3727	47.1389	
215000	-148480	-1142	-101798	-24947	0.0947534	1	0.179213	11.1599	3.04385	0.0163805	19.434	0.291762	7430	99	682	-78502.2	79.1138f	8.59004	4	1	1	0.009901	0.168317	0.0594059	0.009901	0	0	0	0	0.872727	0.956931	0.231183	0.548148	0.900804	9.90099e-09	0.118812	9.90099e-09	1	0.104839	0.308623	1.5	0.666667	0.666667	1	1	7481.83	1e+20	3.13351e+15	40.1054	13.3568	71.8477	24.6053	79.1138	8.59004	
216000	-147822	-1142	-101140	-24936.6	0.0927203	1	0.183363	10.9073	2.59261	0.00387206	18.6642	0.334789	7425	99	634	-78502.2	73.3278f	42.5301	4	1	1	0.009901	0.168317	0.0594059	0.009901	0	0	0	0	0.881818	0.969086	0.234186	0.504	0.909459	9.90099e-09	0.0990099	9.90099e-09	1	0.0861373	0.2875	1.5	0.666667	0.666667	1	1	7481.83	1e+20	3.13351e+15	40.1054	13.3568	71.8477	24.6053	73.3278	42.5301	
217000	-151332	-1142	-104650	-25565.2	0.0990672	1	0.185951	10.7555	3.03635	0.00114357	19.0306	0.281884	7694	99	670	-78502.2	56.5369f	61.189	4	1	1	0.039604	0.168317	0.0891089	0.009901	0	0	0	0	0.881818	0.970091	0.242503	0.519084	0.875325	9.90099e-09	0.0990099	9.90099e-09	1	0.0819246	0.304075	1.5	0.666667	0.666667	1	1	7481.83	1e+20	3.13351e+15	40.1054	13.3568	71.8477	24.6053	56.5369	61.189	
218000	-153455	-1142	-106773	-25861.1	0.0990672	1	0.198965	10.052	3.19357	0.00684797	18.9492	0.250476	7822	99	721	-78502.2	50.4701f	17.4886	4	1	1	0.039604	0.168317	0.0891089	0.009901	0	0	0	0	0.936364	0.952625	0.233035	0.489655	0.88378	9.90099e-09	0.0990099	9.90099e-09	1	0.114943	0.276297	1.5	0.666667	0.666667	1	1	7481.83	1e+20	3.13351e+15	40.1054	13.3568	71.8477	24.6053	50.4701	17.4886	
219000	-157987	-1142	-111305	-26710.2	0.10435	1	0.19469	10.2728	3.29158	0.0057952	18.9492	0.248355	8194	99	749	-78502.2	57.8297f	21.1313	4	1	1	0.039604	0.168317	0.0891089	0.009901	0	0	0	0	0.936364	0.95936	0.253659	0.503356	0.894089	9.90099e-09	0.0990099	9.90099e-09	1	0.0926829	0.315789	1.5	0.666667	0.666667	1	1	7481.83	1e+20	3.13351e+15	40.1054	13.3568	71.8477	24.6053	57.8297	21.1313	
220000	-157723	-1142	-111041	-26717	0.10435	1	0.176735	11.3164	2.98802	0.00279678	18.9492	0.301379	8197	99	717	-78502.2	60.3842f	32.1663	4	1	1	0.039604	0.168317	0.0891089	0.009901	0	0	0	0	0.872727	0.959756	0.282927	0.586207	0.889429	9.90099e-09	0.0990099	9.90099e-09	1	0.0987805	0.325419	1.5	0.666667	0.666667	1	1	7481.83	1e+20	3.13351e+15	40.1054	13.3568	71.8477	24.6053	60.3842	32.1663	
221000	-156737	-1142	-110055	-26678.5	0.10435	1	0.172496	11.5945	2.93616	0.013375	18.9812	0.31424	8180	99	644	-78502.2	88.7158f	25.5776	4	1	1	0.039604	0.168317	0.0891089	9.90099e-09	0	0	0	0	0.872727	0.966871	0.220049	0.532374	0.897686	9.90099e-09	0.0990099	9.90099e-09	1	0.100122	0.250401	1.5	0.666667	0.666667	1	1	7481.83	1e+20	3.13351e+15	40.1054	13.3568	71.8477	24.6053	88.7158	25.5776	
222000	-156889	-1142	-110207	-26646.9	0.10435	1	0.180437	11.0842	3.0665	0.0114792	18.9738	0.287642	8166	99	677	-78502.2	70.1029f	12.7684	4	1	1	0.039604	0.168317	0.0891089	9.90099e-09	0	0	0	0	0.890909	0.964417	0.253383	0.488889	0.903186	9.90099e-09	0.049505	9.90099e-09	1	0.0957055	0.308527	1.5	0.666667	0.666667	1	1	7481.83	1e+20	3.13351e+15	40.1054	13.3568	71.8477	24.6053	70.1029	12.7684	
223000	-158237	-1142	-111555	-26818.7	0.10435	1	0.174251	11.4777	2.96138	0.0129088	18.9738	0.308427	8242	99	712	-78502.2	78.5279f	15.3018	4	1	1	0.039604	0.168317	0.029703	9.90099e-09	0	0	0	0	0.918182	0.958838	0.238788	0.506849	0.894417	9.90099e-09	0.049505	9.90099e-09	1	0.10303	0.291961	1.5	0.666667	0.666667	1	1	7481.83	1e+20	3.13351e+15	40.1054	13.3568	71.8477	24.6053	78.5279	15.3018	
224000	-156851	-1142	-110169	-26547.5	0.10435	1	0.167563	11.9358	3.05144	0.009751	19.3044	0.31127	8122	99	710	-78502.2	89.0754f	51.4793	4	1	1	0.039604	0.168317	0.029703	9.90099e-09	0	0	0	0	0.854545	0.96319	0.263804	0.485915	0.893252	9.90099e-09	0.049505	9.90099e-09	1	0.0947109	0.280627	1.5	0.666667	0.666667	1	1	7481.83	1e+20	3.13351e+15	40.1054	13.3568	86.135	45.7974	89.0754	51.4793	
225000	-159359	-1142	-112677	-26940.7	0.10435	1	0.169331	11.8112	3.25296	0.0169083	19.5641	0.288938	8296	99	753	-78502.2	96.4308f	72.3938	4	1	1	0.039604	0.168317	0.029703	9.90099e-09	0	0	0	0	0.872727	0.960145	0.247884	0.564626	0.885127	9.90099e-09	0.049505	9.90099e-09	1	0.114458	0.288435	1.5	0.666667	0.666667	1	1	7481.83	1e+20	3.13351e+15	40.1054	13.3568	86.135	45.7974	96.4308	72.3938	
226000	-157317	-1142	-110635	-26599.4	0.10435	1	0.169331	11.8112	3.25296	0.00365761	19.5641	0.288938	8145	99	726	-78502.2	71.8591f	59.4704	4	1	1	0.039604	0.128713	0.029703	9.90099e-09	0	0	0	0	0.918182	0.960591	0.251534	0.503356	0.862745	9.90099e-09	0.049505	9.90099e-09	1	0.119018	0.270862	1.5	0.666667	0.666667	1	1	7481.83	1e+20	3.13351e+15	40.1054	13.3568	86.135	45.7974	71.8591	59.4704	
227000	-157431	-1142	-110749	-26669.5	0.10435	1	0.156535	12.7767	3.2507	0.00565588	19.9488	0.312774	8176	99	699	-78502.2	68.7355f	73.0336	4	1	1	0.039604	0.128713	0.029703	9.90099e-09	0	0	0	0	0.9	0.965812	0.24235	0.450704	0.908313	9.90099e-09	0.049505	9.90099e-09	1	0.128362	0.276109	1.5	0.666667	0.666667	1	1	7481.83	1e+20	3.13351e+15	29.2831	14.4722	75.8932	48.2979	68.7355	73.0336	
228000	-160104	-1142	-113422	-27042.4	0.10435	1	0.165446	12.0885	3.43574	0.00742846	19.9488	0.27999	8341	99	774	-78502.2	33.3063f	20.6005	4	1	1	0.039604	0.128713	0.049505	9.90099e-09	0	0	0	0	0.909091	0.964286	0.249403	0.532895	0.905728	9.90099e-09	0.049505	9.90099e-09	1	0.126492	0.293353	1.5	0.666667	0.666667	1	1	7481.83	1e+20	3.13351e+15	13.9125	3.21167	70.1168	61.9612	33.3063	20.6005	
229000	-157313	-1142	-110631	-26585.9	0.10435	1	0.177599	11.2613	3.70282	0.0208198	19.9686	0.242017	8139	99	729	-78502.2	88.3712f	7.69148	4	1	1	9.90099e-09	0.128713	0.049505	9.90099e-09	0	0	0	0	0.854545	0.960688	0.255215	0.513158	0.895577	9.90099e-09	0.108911	9.90099e-09	1	0.109471	0.309042	1.5	0.666667	0.666667	1	1	7481.83	1e+20	3.13351e+15	13.9125	3.21167	60.4944	29.5746	88.3712	7.69148	
230000	-158029	-1142	-111347	-26671.8	0.10435	1	0.180363	11.0888	3.5927	0.00176687	19.7421	0.245614	8177	99	754	-78502.2	66.2818f	48.38	4	1	1	9.90099e-09	0.128713	0.049505	9.90099e-09	0	0	0	0	0.881818	0.967073	0.255501	0.54	0.898533	9.90099e-09	0.108911	9.90099e-09	1	0.130807	0.287206	1.5	0.666667	0.666667	1	1	7481.83	1e+20	3.13351e+15	45.2108	21.9385	60.4944	29.5746	66.2818	48.38	
231000	-157069	-1142	-110387	-26439	0.10435	1	0.182287	10.9717	3.79301	0.00555912	19.9587	0.230187	8074	99	781	-78502.2	66.8906f	74.0952	4	1	1	9.90099e-09	0.128713	0.049505	9.90099e-09	0	0	0	0	0.881818	0.961586	0.262438	0.558442	0.874845	9.90099e-09	0.108911	9.90099e-09	1	0.118959	0.281501	1.5	0.666667	0.666667	1	1	7481.83	1e+20	3.13351e+15	69.7392	18.6541	60.4944	29.5746	66.8906	74.0952	
232000	-158321	-1142	-111639	-26628.8	0.104184	1	0.189924	10.5305	3.73527	0.00527208	19.6871	0.224346	8158	99	808	-78502.2	42.0525f	22.7168	4	1	1	9.90099e-09	0.148515	0.049505	9.90099e-09	0	0	0	0	0.9	0.95599	0.237454	0.603659	0.883721	9.90099e-09	0.108911	9.90099e-09	1	0.132353	0.284302	1.5	0.666667	0.666667	1	1	7481.83	1e+20	3.13351e+15	70.6522	11.019	60.4944	29.5746	42.0525	22.7168	
233000	-160102	-1142	-113420	-26940.9	0.104184	1	0.192937	10.3661	3.79452	0.000172978	19.6871	0.217394	8296	99	825	-78502.2	52.9846f	47.9632	4	1	1	9.90099e-09	0.148515	0.039604	9.90099e-09	0	0	0	0	0.936364	0.97343	0.269976	0.533333	0.912515	9.90099e-09	0.108911	9.90099e-09	1	0.115942	0.300245	1.5	0.666667	0.666667	1	1	7481.83	1e+20	3.13351e+15	70.6522	11.019	58.0072	24.3397	52.9846	47.9632	
234000	-158759	-1142	-112077	-26771.8	0.106073	1	0.186266	10.7373	3.72973	0.00639678	19.6871	0.229092	8221	99	775	-78502.2	81.2972f	45.552	4	1	1	9.90099e-09	0.148515	0.039604	9.90099e-09	0	0	0	0	0.963636	0.953659	0.274939	0.55	0.877751	9.90099e-09	0.108911	9.90099e-09	1	0.116364	0.294632	1.5	0.666667	0.666667	1	1	7481.83	1e+20	3.13351e+15	70.6522	11.019	73.3261	54.9543	81.2972	45.552	
235000	-161041	-1142	-114359	-27238.5	0.106073	1	0.180989	11.0504	3.62405	0.00211908	19.6871	0.242647	8429	99	767	-78502.2	66.3364f	42.5447	4	1	1	0.019802	0.148515	0.039604	9.90099e-09	0	0	0	0	0.890909	0.971564	0.273159	0.503226	0.889154	9.90099e-09	0.0990099	9.90099e-09	1	0.117299	0.301862	1.5	0.666667	0.666667	1	1	7481.83	1e+20	3.13351e+15	70.6522	11.019	73.3261	54.9543	66.3364	42.5447	
236000	-162709	-1142	-116027	-27444.9	0.106073	1	0.184594	10.8346	3.69624	0.0145808	19.6871	0.233261	8521	99	816	-78502.2	94.558f	32.6249	4	1	1	0.019802	0.148515	0.039604	9.90099e-09	0	0	0	0	0.918182	0.965922	0.264327	0.5	0.884075	9.90099e-09	0.0990099	9.90099e-09	1	0.125587	0.322981	1.5	0.666667	0.666667	1	1	7481.83	1e+20	3.13351e+15	70.6522	11.019	73.3261	54.9543	94.558	32.6249	
237000	-163455	-1142	-116773	-27644.4	0.110353	1	0.176532	11.3294	3.77721	0.00528446	19.8193	0.238685	8612	99	799	-78502.2	64.4694f	25.3473	4	1	1	0.019802	0.148515	0.039604	9.90099e-09	0	0	0	0	0.881818	0.956171	0.25896	0.5	0.87949	9.90099e-09	0.0990099	9.90099e-09	1	0.12761	0.28275	1.5	0.666667	0.666667	1	1	7481.83	1e+20	3.13351e+15	41.9513	15.739	55.6436	43.4251	64.4694	25.3473	
238000	-163984	-1142	-117302	-27842.8	0.110353	1	0.165751	12.0663	3.54652	0.00384687	19.8193	0.270746	8702	99	749	-78502.2	26.5335f	44.5088	4	1	1	0.019802	0.148515	0.039604	9.90099e-09	0	0	0	0	0.9	0.96092	0.23651	0.581699	0.901263	9.90099e-09	0.0990099	9.90099e-09	1	0.128588	0.279543	1.5	0.666667	0.666667	1	1	7481.83	1e+20	3.13351e+15	63.7547	21.0311	55.6436	43.4251	26.5335	44.5088	
239000	-165610	-1142	-118928	-28142.5	0.110353	1	0.164285	12.174	3.52802	0.00115254	19.8374	0.274594	8838	99	756	-78502.2	50.4835f	37.1655	4	1	1	0.019802	0.217822	0.039604	9.90099e-09	0	0	0	0	0.872727	0.962585	0.267045	0.569536	0.902715	9.90099e-09	0.0990099	9.90099e-09	1	0.0927602	0.30014	1.5	0.666667	0.666667	1	1	7481.83	1e+20	3.13351e+15	63.7547	21.0311	55.6436	43.4251	50.4835	37.1655	
240000	-164611	-1142	-117929	-27871.4	0.110353	1	0.181802	11.001	3.90422	0.00337997	19.8374	0.224226	8715	99	791	-78502.2	67.1578f	34.9815	4	1	1	0.019802	0.217822	0.009901	9.90099e-09	0	0	0	0	0.890909	0.946224	0.283257	0.484663	0.883295	9.90099e-09	0.0990099	9.90099e-09	1	0.118119	0.290598	1.5	0.666667	0.666667	1	1	7481.83	1e+20	3.13351e+15	63.7547	21.0311	55.6436	43.4251	67.1578	34.9815	
241000	-164890	-1142	-118208	-28045.6	0.110353	1	0.181288	11.0322	3.25946	0.00119637	18.9756	0.269343	8794	99	741	-78502.2	54.3864f	37.5933	4	1	1	0.019802	0.217822	0.009901	9.90099e-09	0	0	0	0	0.818182	0.95553	0.253697	0.530612	0.892325	9.90099e-09	0.128713	9.90099e-09	1	0.127273	0.271533	1.5	0.666667	0.666667	1	1	7481.83	1e+20	3.13351e+15	63.7547	21.0311	52.7976	13.9319	54.3864	37.5933	
242000	-162950	-1142	-116268	-27673.1	0.110353	1	0.176748	11.3156	3.17782	0.0130624	18.9756	0.283359	8625	99	750	-78502.2	41.2372f	5.81946	4	1	1	9.90099e-09	0.217822	0.009901	9.90099e-09	0	0	0	0	0.909091	0.968677	0.228538	0.527397	0.891355	9.90099e-09	0.128713	9.90099e-09	1	0.114849	0.307172	1.5	0.666667	0.666667	1	1	7481.83	1e+20	3.13351e+15	63.7547	21.0311	52.7976	13.9319	41.2372	5.81946	
243000	-165501	-1142	-118819	-28135.9	0.110353	1	0.171161	11.6849	3.46284	0.00969283	19.5438	0.268523	8835	99	754	-78502.2	69.3636f	16.31	4	1	1	9.90099e-09	0.217822	0.009901	0.009901	0	0	0	0	0.963636	0.970421	0.210706	0.479452	0.89819	9.90099e-09	0.128713	9.90099e-09	1	0.100228	0.253406	1.5	0.666667	0.666667	1	1	7481.83	1e+20	3.13351e+15	63.7547	21.0311	52.7976	13.9319	69.3636	16.31	
244000	-164957	-1142	-118275	-27994.9	0.110353	1	0.171266	11.6777	3.55393	0.00761509	19.668	0.261481	8771	99	764	-78502.2	23.1325f	28.8359	4	1	1	9.90099e-09	0.217822	0.009901	0.009901	0	0	0	0	0.872727	0.971526	0.241808	0.515924	0.899772	9.90099e-09	0.128713	9.90099e-09	1	0.109091	0.261719	1.5	0.666667	0.666667	1	1	7481.83	1e+20	3.13351e+15	63.7547	21.0311	52.7976	13.9319	23.1325	28.8359	
245000	-164281	-1142	-117599	-27895.7	0.110353	1	0.179184	11.1617	3.71824	0.000266612	19.668	0.238882	8726	99	754	-78502.2	48.6972f	45.0642	4	1	1	9.90099e-09	0.217822	0.009901	0.009901	0	0	0	0	0.854545	0.953196	0.273864	0.490196	0.905251	9.90099e-09	0.128713	9.90099e-09	1	0.109339	0.299053	1.5	0.666667	0.666667	1	1	7481.83	1e+20	3.13351e+15	63.7547	21.0311	52.7976	13.9319	48.6972	45.0642	
246000	-164794	-1142	-118112	-28029.4	0.111219	1	0.165347	12.0958	3.45803	0.00963041	19.668	0.278352	8787	99	729	-78502.2	29.6224f	17.2596	4	1	1	9.90099e-09	0.158416	0.029703	0.009901	0	0	0	0	0.9	0.978531	0.259386	0.479452	0.898518	9.90099e-09	0.128713	9.90099e-09	1	0.131129	0.240055	1.5	0.666667	0.666667	1	1	7481.83	1e+20	3.13351e+15	63.7547	21.0311	52.7976	13.9319	29.6224	17.2596	
247000	-164019	-1142	-117337	-27811.6	0.108357	1	0.169768	11.7808	3.45911	0.00420759	19.668	0.271019	8687	99	769	-78502.2	40.3709f	26.6009	4	1	1	9.90099e-09	0.158416	0.029703	0.009901	0	0	0	0	0.909091	0.954965	0.250287	0.5	0.904598	9.90099e-09	0.138614	9.90099e-09	