
# before rand glnL: -60304.461726 alnL: -1256.795774
# ninter: 99
# ncoal: 99
# nhits: 99
# true lbda: 0.001797
# true mu: 0.148732
# true rad: 75.176334
# true sigsq: 10.728501
# true neigh. size: 13.447000
# fst-based estimate of neighborhood size: -nan
# nucleotide diversity: 0.000000
# length of a generation: 29311 time units
# clock rate: 1 subst. per time unit
# after rand glnL: -60304.461726 alnL: -1256.795774
# ninter: 99
# ncoal: 99
# nhits: 99
# start lbda: 0.001797
# start mu: 0.148732
# start rad: 14.252547
sample	lnP	alnL	glnL	tlnL	lbda	clock	mu	neigh	sigsq	sigsqobs	rad	rhoe	nInt	nCoal	nHit	rootTime	rootLon	rootLat	tstv	alpha	MeanBr	accLbda	accMu	accRad	accInDelDisk	accInDelHit	accScaleTime	accSPR	accSPRlocal	accPath	accIndelDiskSerial	accIndelHitSerial	accLdskGivenDisk	accDiskGivenLdsk	accDiskAndLdsk	accLdskMulti	accDiskMulti	accMoveDiskUD	accAddRemoveJump	accLdskTipToRoot	tuneLbda	tuneRad	tuneMu	tuneIndelDisk	tuneIndelHit	tuneLdskGivenDisk	tuneIndelDiskSerial	tuneIndelHitSerial	c0	c1	rootc0	rootc1	rootldsk0	rootldsk1	
  1000	-53078.8	-1256.8	-6282.01	-1751.67	0.00469315	1	0.22419	8.92102	0.171521	0.0139117	18.9783	4.13892	278	99	122	-55641.6	61.1785f	12.3904	4	1	1	0	0	0	0	0	0	0	0	0.972727	0.847619	0.230089	0.495327	0.568807	0	0	0	1	0.196262	0.347107	1	1	1	1	1	2.25	7.59375	0.666667	94.9666	57.5795	61.2647	2.99686	61.1785	12.3904	
  2000	-55583.7	-1256.8	-8786.94	-2581.93	0.00654992	1	0.216391	9.24253	0.231054	0.0260344	18.9783	3.18323	441	99	143	-55641.6	27.4711f	1.52285	4	1	1	0	0	0	0	0	0	0	0	0.972727	0.920863	0.191176	0.460784	0.711111	0	0	0	1	0.156028	0.132867	1	1	1	1	1	5.0625	656.841	0.444444	94.9666	57.5795	61.2647	2.99686	27.4711	1.52285	
  3000	-58333.5	-1256.8	-11536.7	-3435.61	0.011724	1	0.190685	10.4885	0.364444	0.0223898	18.9783	2.29019	626	99	159	-55641.6	77.3024f	8.14381	4	1	1	0	0	0	0	0	0	0	0	0.963636	0.896	0.230159	0.463636	0.752	0	0	0	1	0.120968	0.206452	1	1	1	1	1	11.3906	287627	0.197531	94.9666	57.5795	61.2647	2.99686	77.3024	8.14381	
  4000	-60661.9	-1256.8	-13865.1	-4108.63	0.0138352	1	0.178743	11.1893	0.489647	0.0234312	19.9235	1.81848	780	99	180	-55641.6	78.998f	7.88241	4	1	1	0	0	0	0	0	0	0	0	0.927273	0.910828	0.314103	0.533981	0.753165	0	0	0	1	0.146497	0.163043	1	1	1	1	1	25.6289	6.37622e+08	11.3906	94.9666	57.5795	61.2647	2.99686	78.998	7.88241	
  5000	-61744.8	-1256.8	-14948	-4362.02	0.0136799	1	0.219525	9.11059	0.594617	0.0304908	19.9235	1.21927	839	99	203	-55641.6	81.8712f	1.14335	4	1	1	0	0	0	0	0	0	0	0	0.936364	0.95858	0.270588	0.528926	0.811765	0	0	0	1	0.218935	0.319588	1	1	1	1	1	129.746	2.79211e+11	86.4976	94.9666	57.5795	61.2647	2.99686	81.8712	1.14335	
  6000	-63774.3	-1256.8	-16977.5	-4976.72	0.0153177	1	0.189783	10.5384	0.5756	0.00358277	19.9235	1.45694	987	99	207	-55641.6	64.6095f	36.5631	4	1	1	0	0	0	0	0	0	0	0	0.936364	0.932642	0.333333	0.508929	0.8	0	0	0.0594059	1	0.166667	0.0825243	1	1	1	1	1	291.929	8.15097e+13	1477.89	94.9666	57.5795	61.2647	2.99686	64.6095	36.5631	
  7000	-67232.6	-1256.8	-20435.8	-5941.64	0.0218942	1	0.182852	10.9378	0.792684	0.0114367	19.9235	1.09804	1236	99	225	-55641.6	50.7349f	14.5867	4	1	1	0.217822	0	0.009901	0	0	0	0	0	0.927273	0.927419	0.298387	0.525862	0.826446	0	0	0.0594059	1	0.185484	0.227074	0.666667	0.666667	1	1	1	1477.89	2.34444e+19	191751	94.9666	57.5795	61.2647	2.99686	50.7349	14.5867	
  8000	-68713.5	-1256.8	-21916.7	-6323.97	0.0227523	1	0.185366	10.7894	0.835078	0.0190134	19.9235	1.02816	1337	99	240	-55641.6	74.1726f	10.8263	4	1	1	0.217822	0.237624	0.009901	0	0	0	0	0	0.909091	0.947761	0.311111	0.598039	0.757353	0	0.118812	0.0594059	1	0.156716	0.142276	0.666667	0.666667	1.5	1	1	7481.83	1e+20	8.39666e+07	94.9666	57.5795	61.2647	2.99686	74.1726	10.8263	
  9000	-70609	-1256.8	-23812.2	-6798.03	0.0253526	1	0.195774	10.2159	0.98276	0.00438371	19.9235	0.827213	1466	99	259	-55641.6	66.1682f	35.0647	4	1	1	0.217822	0.237624	0.009901	0	0	0	0	0	0.927273	0.959184	0.231293	0.527778	0.761905	0	0.118812	0.0594059	1	0.129252	0.111554	0.666667	0.666667	1.5	1	1	16834.1	1e+20	7.26291e+09	94.9666	57.5795	61.2647	2.99686	66.1682	35.0647	
 10000	-71826.2	-1256.8	-25029.4	-7083.24	0.0267305	1	0.191371	10.4509	0.983533	0.021595	19.7776	0.845581	1545	99	281	-55641.6	77.037f	9.04019	4	1	1	0.217822	0.237624	0.009901	0	0	0	0	0	0.927273	0.936306	0.25	0.54717	0.831169	0	0.118812	0.0594059	1	0.122581	0.15	0.666667	0.666667	1.5	1	1	127834	1e+20	7.15586e+12	94.9666	57.5795	61.2647	2.99686	77.037	9.04019	
 11000	-73650.7	-1256.8	-26853.9	-7534.35	0.0285545	1	0.197174	10.1433	1.0825	0.0167469	19.7776	0.745659	1672	99	295	-55641.6	67.5694f	10.6047	4	1	1	0.217822	0.237624	0.009901	0	0	0	0	0	0.927273	0.888235	0.229412	0.578947	0.815476	0	0.118812	0.0594059	1	0.190476	0.255892	0.666667	0.666667	1.5	1	1	127834	1e+20	7.15586e+12	94.9666	57.5795	61.2647	2.99686	67.5694	10.6047	
 12000	-73557.5	-1256.8	-26760.8	-7536.06	0.0294597	1	0.188359	10.618	1.09857	0.0114451	19.9228	0.769141	1673	99	287	-55641.6	70.119f	20.5285	4	1	1	0.217822	0.237624	0.009901	0.039604	0	0	0	0	0.945455	0.935673	0.232143	0.586207	0.869048	0.009901	0.118812	9.90099e-09	1	0.178571	0.269625	0.666667	0.666667	1.5	1	1	127834	1e+20	7.15586e+12	94.9666	57.5795	61.2647	2.99686	70.119	20.5285	
 13000	-73622	-1256.8	-26825.3	-7539.22	0.0301114	1	0.172768	11.5762	1.02992	0.00904452	19.9228	0.894445	1674	99	288	-55641.6	68.3014f	24.1206	4	1	1	0.217822	0.0891089	0.009901	0.039604	0	0	0	0	0.909091	0.952663	0.289941	0.495727	0.88024	0.009901	0.118812	9.90099e-09	1	0.189349	0.305085	0.666667	0.666667	1.5	1	1	127834	1e+20	7.15586e+12	98.3796	84.0751	61.2647	2.99686	68.3014	24.1206	
 14000	-73482.4	-1256.8	-26685.6	-7584.76	0.0301114	1	0.172768	11.5762	1.02992	0.0250851	19.9228	0.894445	1687	99	265	-55641.6	89.2323f	14.3748	4	1	1	0.158416	0.0891089	0.019802	0.039604	0	0	0	0	0.927273	0.988024	0.281437	0.475728	0.856287	0.009901	0.0990099	9.90099e-09	1	0.153846	0.279528	0.666667	0.666667	1.5	1	1	127834	1e+20	7.15586e+12	98.3796	84.0751	61.2647	2.99686	89.2323	14.3748	
 15000	-75120.1	-1256.8	-28323.3	-7976.45	0.0316806	1	0.172768	11.5762	1.08359	0.0231092	19.9228	0.850142	1800	99	281	-55641.6	21.0617f	8.90124	4	1	1	0.158416	0.0891089	0.019802	0.039604	0	0	0	0	0.909091	0.926966	0.22905	0.443478	0.812155	0.009901	0.0990099	9.90099e-09	1	0.165746	0.256228	0.666667	0.666667	1.5	1	1	127834	1e+20	7.15586e+12	98.3796	84.0751	61.2647	2.99686	21.0617	8.90124	
 16000	-76367	-1256.8	-29570.2	-8218.96	0.0345313	1	0.205904	9.71325	1.42789	0.0231092	19.9941	0.541328	1871	99	314	-55641.6	21.0617f	8.90124	4	1	1	0.158416	0.0891089	0.019802	0.039604	0	0	0	0	0.918182	0.973118	0.297872	0.56	0.835106	0.009901	0.0990099	9.90099e-09	1	0.159574	0.296178	0.666667	0.666667	1.5	1	1	127834	1e+20	7.15586e+12	98.3796	84.0751	61.2647	2.99686	21.0617	8.90124	
 17000	-77413.5	-1256.8	-30616.7	-8551.65	0.0375137	1	0.182869	10.9368	1.37768	0.00728999	19.9941	0.63173	1969	99	295	-55641.6	60.1387f	23.5571	4	1	1	0.158416	0.0891089	0.019802	0.039604	0	0	0	0	0.881818	0.935	0.231156	0.464	0.825	0.009901	0.0990099	9.90099e-09	1	0.19403	0.293919	0.666667	0.666667	1.5	1	1	127834	1e+20	7.15586e+12	98.3796	84.0751	61.2647	2.99686	60.1387	23.5571	
 18000	-77925.9	-1256.8	-31129.1	-8608.76	0.0349389	1	0.180004	11.1109	1.26301	0.00484936	19.9941	0.700055	1987	99	320	-55641.6	39.4544f	29.9821	4	1	1	0.158416	0.0891089	0.019802	0.039604	0	0	0	0	0.927273	0.965	0.286432	0.450382	0.839196	0.009901	0.0990099	9.90099e-09	1	0.140704	0.264151	0.666667	0.666667	1.5	1	1	127834	1e+20	7.15586e+12	98.3796	84.0751	61.2647	2.99686	39.4544	29.9821	
 19000	-79138.1	-1256.8	-32341.3	-8932.63	0.0379287	1	0.180004	11.1109	1.37109	0.0208354	19.9941	0.644873	2085	99	319	-55641.6	75.1582f	8.89605	4	1	1	0.158416	0.0594059	0.019802	0.039604	0	0	0	0	0.954545	0.938679	0.133333	0.534351	0.813397	0.009901	0.0990099	9.90099e-09	1	0.162679	0.229358	0.666667	0.666667	1.5	1	1	127834	1e+20	7.15586e+12	98.3796	84.0751	83.2832	8.88585	75.1582	8.89605	
 20000	-80101.5	-1256.8	-33304.7	-9204.21	0.0379287	1	0.158435	12.6235	1.2068	0.0323688	19.9941	0.832401	2168	99	312	-55641.6	99.8427f	16.1731	4	1	1	0.108911	0.0594059	0.019802	0.039604	0	0	0	0	0.927273	0.963636	0.286996	0.52459	0.852535	0.009901	0.0990099	9.90099e-09	1	0.138249	0.245902	0.666667	0.666667	1.5	1	1	127834	1e+20	7.15586e+12	98.3796	84.0751	83.2832	8.88585	99.8427	16.1731	
 21000	-81067.4	-1256.8	-34270.6	-9429.48	0.0402293	1	0.1691	11.8273	1.36616	0.0247987	19.9941	0.688929	2238	99	318	-55641.6	69.0096f	1.04795	4	1	1	0.108911	0.0594059	0.019802	0.039604	0	0	0	0	0.936364	0.955157	0.198198	0.632	0.834081	0.009901	0.148515	9.90099e-09	1	0.174107	0.284431	0.666667	0.666667	1.5	1	1	127834	1e+20	7.15586e+12	75.0537	35.0453	83.2832	8.88585	69.0096	1.04795	
 22000	-81913.4	-1256.8	-35116.6	-9596.56	0.0402293	1	0.1691	11.8273	1.36616	0.00128835	19.9941	0.688929	2290	99	338	-55641.6	52.6793f	39.0106	4	1	1	0.108911	0.0594059	0.019802	0.039604	0	0	0	0	0.872727	0.956522	0.336245	0.524272	0.847162	0.009901	0.148515	9.90099e-09	1	0.0913044	0.29697	0.666667	0.666667	1.5	1	1	127834	1e+20	7.15586e+12	75.0537	35.0453	83.2832	8.88585	52.6793	39.0106	
 23000	-82103	-1256.8	-35306.2	-9676.89	0.0402293	1	0.172342	11.6048	1.36559	0.0249981	19.8973	0.676251	2315	99	323	-55641.6	92.5534f	18.5198	4	1	1	0.108911	0.0594059	0.019802	0.039604	0	0	0	0	0.872727	0.948052	0.32906	0.568627	0.876068	0.009901	0.148515	9.90099e-09	1	0.15812	0.263158	0.666667	0.666667	1.5	1	1	127834	1e+20	7.15586e+12	99.8482	26.7456	83.2832	8.88585	92.5534	18.5198	
 24000	-85013.6	-1256.8	-38216.8	-10353.3	0.0444172	1	0.179514	11.1412	1.57049	0.0214074	19.8973	0.564527	2531	99	346	-55641.6	98.7197f	44.0746	4	1	1	0.108911	0.0594059	0.019802	9.90099e-09	0	0	0	0	0.890909	0.96	0.229249	0.518868	0.824	0.009901	0.148515	9.90099e-09	1	0.125984	0.25072	0.666667	0.666667	1.5	1	1	127834	1e+20	7.15586e+12	76.4278	23.3075	83.2832	8.88585	98.7197	44.0746	
 25000	-86691.3	-1256.8	-39894.5	-10699	0.0444172	1	0.195888	10.2099	1.65652	0.0345485	19.7291	0.490475	2642	99	379	-55641.6	87.2036f	0.250629	4	1	1	0.108911	0.148515	0.019802	9.90099e-09	0	0	0	0	0.945455	0.93985	0.25283	0.552632	0.811321	9.90099e-09	0.148515	9.90099e-09	1	0.140152	0.328205	0.666667	0.666667	1.5	1	1	127834	1e+20	7.15586e+12	76.4278	23.3075	84.5894	4.71057	87.2036	0.250629	
 26000	-85562.4	-1256.8	-38765.6	-10365.8	0.0444172	1	0.214611	9.31917	1.90347	0.0277991	19.9656	0.389603	2535	99	395	-55641.6	74.5585f	0.0658161	4	1	1	0.0594059	0.148515	0.019802	9.90099e-09	0	0	0	0	0.918182	0.960938	0.228346	0.490909	0.850394	9.90099e-09	0.148515	9.90099e-09	1	0.137795	0.276762	0.666667	0.666667	1.5	1	1	127834	1e+20	7.15586e+12	78.0412	23.4459	84.5894	4.71057	74.5585	0.0658161	
 27000	-85517.6	-1256.8	-38720.8	-10306.6	0.0444172	1	0.215491	9.28112	1.91127	0.0227422	19.9656	0.386428	2516	99	417	-55641.6	87.97f	16.761	4	1	1	0.0594059	0.148515	0.029703	9.90099e-09	0	0	0	0	0.936364	0.96063	0.259843	0.487603	0.853755	9.90099e-09	0.148515	9.90099e-09	1	0.16996	0.291358	0.666667	0.666667	1.5	1	1	127834	1e+20	7.15586e+12	78.0412	23.4459	84.5894	4.71057	87.97	16.761	
 28000	-86282.4	-1256.8	-39485.6	-10638.5	0.0477653	1	0.195619	10.224	1.8658	0.00347412	19.9656	0.436059	2624	99	358	-55641.6	38.4162f	35.0352	4	1	1	0.0594059	0.148515	0.029703	9.90099e-09	0	0	0	0	0.890909	0.935606	0.301527	0.525862	0.857692	9.90099e-09	0.148515	9.90099e-09	1	0.174905	0.247813	0.666667	0.666667	1.5	1	1	127834	1e+20	7.15586e+12	87.1661	26.581	67.4019	20.198	38.4162	35.0352	
 29000	-87021.1	-1256.8	-40224.3	-10760.3	0.0483643	1	0.176424	11.3363	1.70382	0.013104	19.9656	0.529465	2664	99	377	-55641.6	73.7136f	20.0192	4	1	1	0.0594059	0.148515	0.029703	9.90099e-09	0	0	0	0	0.927273	0.969925	0.300752	0.477477	0.850187	9.90099e-09	0.0792079	9.90099e-09	1	0.169173	0.266304	0.666667	0.666667	1.5	1	1	127834	1e+20	7.15586e+12	87.1661	26.581	67.4019	20.198	73.7136	20.0192	
 30000	-89012.3	-1256.8	-42215.5	-11176.1	0.0505273	1	0.174883	11.4362	1.76447	0.0188236	19.9656	0.515771	2802	99	409	-55641.6	84.5406f	19.7607	4	1	1	0.0594059	0.148515	0.029703	9.90099e-09	0	0	0	0	0.9	0.967626	0.206406	0.491935	0.849817	9.90099e-09	0.0792079	9.90099e-09	1	0.192171	0.281796	0.666667	0.666667	1.5	1	1	127834	1e+20	7.15586e+12	98.4707	67.2269	75.8929	12.5457	84.5406	19.7607	
 31000	-90521.2	-1256.8	-43724.4	-11588.1	0.053198	1	0.162948	12.2738	1.73096	0.0330974	19.9656	0.564267	2941	99	390	-55641.6	90.562f	4.66192	4	1	1	0.0990099	0.0990099	0.029703	9.90099e-09	0	0	0	0	0.954545	0.948454	0.294521	0.557522	0.867797	9.90099e-09	0.0792079	9.90099e-09	1	0.152542	0.289003	0.666667	0.666667	1.5	1	1	127834	1e+20	7.15586e+12	98.4707	67.2269	75.8929	12.5457	90.562	4.66192	
 32000	-93274.5	-1256.8	-46477.7	-12142.8	0.0583347	1	0.180407	11.086	2.10147	0.0190496	19.9656	0.419801	3131	99	429	-55641.6	59.3109f	5.02709	4	1	1	0.0990099	0.0990099	0.029703	9.90099e-09	0	0	0	0	0.9	0.962145	0.248408	0.47541	0.83121	9.90099e-09	0.0792079	9.90099e-09	1	0.14511	0.331002	0.666667	0.666667	1.5	1	1	127834	1e+20	7.15586e+12	98.4707	67.2269	75.8929	12.5457	59.3109	5.02709	
 33000	-95011.3	-1256.8	-48214.5	-12370.1	0.0583347	1	0.220291	9.07891	2.56605	0.0163197	19.9656	0.281552	3211	99	500	-55641.6	66.3981f	10.7167	4	1	1	0.0990099	0.0990099	9.90099e-09	9.90099e-09	0	0	0	0	0.890909	0.9279	0.261006	0.543624	0.818182	9.90099e-09	0.0792079	9.90099e-09	1	0.13354	0.276	0.666667	0.666667	1.5	1	1	127834	1e+20	7.15586e+12	83.9654	35.6329	75.8929	12.5457	66.3981	10.7167	
 34000	-95638.8	-1256.8	-48842	-12503.6	0.0583347	1	0.218519	9.15252	2.54541	0.00900161	19.9656	0.286137	3258	99	502	-55641.6	25.0965f	31.5372	4	1	1	0.0990099	0.0990099	9.90099e-09	9.90099e-09	0	0	0	0	0.909091	0.957187	0.223926	0.554455	0.830769	9.90099e-09	0.0792079	9.90099e-09	1	0.214724	0.267857	0.666667	0.666667	1.5	1	1	127834	1e+20	7.15586e+12	90.9666	65.3729	47.3787	19.2893	25.0965	31.5372	
 35000	-97788.6	-1256.8	-50991.9	-13139.3	0.0605153	1	0.194634	10.2757	2.35194	0.0155525	19.9656	0.347676	3484	99	452	-55641.6	15.1809f	28.3528	4	1	1	0.0990099	0.0990099	9.90099e-09	9.90099e-09	0	0	0	0	0.909091	0.942363	0.244118	0.478261	0.870588	9.90099e-09	0.0891089	9.90099e-09	1	0.132353	0.303097	0.666667	0.666667	1.5	1	1	127834	1e+20	7.15586e+12	90.9666	65.3729	14.9051	47.1028	15.1809	28.3528	
 36000	-96726.6	-1256.8	-49929.8	-12881.3	0.0605153	1	0.183883	10.8765	2.22202	0.0134779	19.9656	0.389521	3392	99	454	-55641.6	36.493f	14.1329	4	1	1	0.0792079	0.0990099	9.90099e-09	9.90099e-09	0	0	0	0	0.9	0.946746	0.25	0.521739	0.869048	9.90099e-09	0.0891089	9.90099e-09	1	0.133136	0.304251	0.666667	0.666667	1.5	1	1	127834	1e+20	7.15586e+12	90.9666	65.3729	7.96146	44.507	36.493	14.1329	
 37000	-95863.5	-1256.8	-49066.7	-12670.9	0.0605153	1	0.197497	10.1267	2.38653	0.0115178	19.9656	0.33767	3317	99	462	-55641.6	14.9209f	48.6111	4	1	1	0.0792079	0.108911	9.90099e-09	9.90099e-09	0	0	0	0	0.890909	0.931343	0.27027	0.493056	0.807229	0.009901	0.0891089	9.90099e-09	1	0.153614	0.268398	0.666667	0.666667	1.5	1	1	127834	1e+20	7.15586e+12	90.9666	65.3729	7.96146	44.507	14.9209	48.6111	
 38000	-96975.7	-1256.8	-50178.9	-12811.1	0.0605153	1	0.191495	10.4441	2.31401	0.00452464	19.9656	0.359167	3367	99	505	-55641.6	39.7351f	69.2898	4	1	1	0.0792079	0.108911	9.90099e-09	9.90099e-09	0	0	0	0	0.836364	0.944118	0.267062	0.529412	0.827893	0.009901	0.0891089	9.90099e-09	1	0.109792	0.284294	0.666667	0.666667	1.5	1	1	127834	1e+20	7.15586e+12	90.9666	65.3729	7.96146	44.507	39.7351	69.2898	
 39000	-96974.5	-1256.8	-50177.7	-12875	0.0587159	1	0.189638	10.5464	2.22343	0.024629	19.9656	0.377461	3389	99	479	-55641.6	2.52557f	29.3653	4	1	1	0.0792079	0.108911	9.90099e-09	9.90099e-09	0	0	0	0	0.863636	0.967359	0.28869	0.52381	0.843658	0.009901	0.0891089	9.90099e-09	1	0.109792	0.242616	0.666667	0.666667	1.5	1	1	127834	1e+20	7.15586e+12	90.9666	65.3729	7.96146	44.507	2.52557	29.3653	
 40000	-95442.7	-1256.8	-48645.9	-12608.4	0.0593081	1	0.186996	10.6954	2.21456	0.0225148	19.9656	0.384328	3295	99	445	-55641.6	0.654808f	52.9241	4	1	1	0.0792079	0.108911	9.90099e-09	9.90099e-09	0	0	0	0	0.854545	0.96997	0.255255	0.518519	0.872024	0.009901	0.0891089	9.90099e-09	1	0.169643	0.308889	0.666667	0.666667	1.5	1	1	127834	1e+20	7.15586e+12	90.9666	65.3729	7.96146	44.507	0.654808	52.9241	
 41000	-97475.6	-1256.8	-50678.8	-13017.9	0.0615032	1	0.186996	10.6954	2.29652	0.0266363	19.9656	0.370611	3441	99	470	-55641.6	1.37846f	26.8094	4	1	1	0.0792079	0.108911	9.90099e-09	9.90099e-09	0	0	0	0	0.881818	0.935484	0.258721	0.545455	0.828488	0.009901	0.108911	9.90099e-09	1	0.163743	0.280778	0.666667	0.666667	1.5	1	1	127834	1e+20	7.15586e+12	90.9666	65.3729	7.96146	44.507	1.37846	26.8094	
 42000	-95835.3	-1256.8	-49038.5	-12707.2	0.0594494	1	0.17696	11.302	2.02659	0.0307649	19.7872	0.443791	3330	99	441	-55641.6	2.44161f	16.832	4	1	1	0.0792079	0.108911	9.90099e-09	9.90099e-09	0	0	0	0	0.881818	0.924699	0.274924	0.550388	0.864458	0.009901	0.108911	9.90099e-09	1	0.146707	0.289294	0.666667	0.666667	1.5	1	1	127834	1e+20	7.15586e+12	90.9666	65.3729	7.96146	44.507	2.44161	16.832	
 43000	-99663.8	-1256.8	-52867	-13417.9	0.0621992	1	0.17696	11.302	2.05126	0.00970004	19.624	0.438455	3585	99	512	-55641.6	37.1455f	20.2671	4	1	1	0.049505	0.049505	9.90099e-09	9.90099e-09	0	0	0	0	0.927273	0.947222	0.288515	0.469799	0.86351	0.009901	0.108911	9.90099e-09	1	0.155556	0.303571	0.666667	0.666667	1.5	1	1	127834	1e+20	7.15586e+12	90.9666	65.3729	7.96146	44.507	37.1455	20.2671	
 44000	-98574.9	-1256.8	-51778.1	-13348.5	0.0621866	1	0.163584	12.2261	1.89582	0.00970004	19.624	0.513194	3560	99	437	-55641.6	37.1455f	20.2671	4	1	1	0.049505	0.049505	9.90099e-09	9.90099e-09	0	0	0	0	0.927273	0.966197	0.258427	0.530303	0.853933	0.009901	0.108911	9.90099e-09	1	0.162465	0.309255	0.666667	0.666667	1.5	1	1	127834	1e+20	7.15586e+12	90.9666	65.3729	7.96146	44.507	37.1455	20.2671	
 45000	-98666.5	-1256.8	-51869.7	-13372.4	0.0629678	1	0.164357	12.1687	1.85547	0.00223078	19.435	0.521889	3569	99	436	-55641.6	35.6201f	46.7025	4	1	1	0.049505	0.049505	9.90099e-09	9.90099e-09	0	0	0	0	0.9	0.952113	0.243697	0.492188	0.867606	0.009901	0.108911	9.90099e-09	1	0.151261	0.28436	0.666667	0.666667	1.5	1	1	127834	1e+20	7.15586e+12	90.9666	65.3729	22.8636	35.2845	35.6201	46.7025	
 46000	-97517.7	-1256.8	-50720.9	-13054.4	0.0629678	1	0.158846	12.5908	1.938	0.00248308	19.8158	0.517	3454	99	456	-55641.6	35.1311f	54.95	4	1	1	0.049505	0.049505	0.0792079	9.90099e-09	0	0	0	0	0.9	0.916185	0.291785	0.446809	0.849711	0.009901	0.108911	9.90099e-09	1	0.150289	0.315904	0.666667	0.666667	1.5	1	1	127834	1e+20	7.15586e+12	90.9666	65.3729	22.8636	35.2845	35.1311	54.95	
 47000	-97836.8	-1256.8	-51040	-13206.5	0.0629678	1	0.167311	11.9538	2.04128	0.0204135	19.8158	0.466007	3509	99	424	-55641.6	58.576f	3.23733	4	1	1	0.049505	0.049505	0.0792079	9.90099e-09	0	0	0	0	0.918182	0.951289	0.262108	0.485294	0.871795	0.009901	0.108911	9.90099e-09	1	0.139601	0.316397	0.666667	0.666667	1.5	1	1	127834	1e+20	7.15586e+12	90.9666	65.3729	22.8636	35.2845	58.576	3.23733	
 48000	-97710	-1256.8	-50913.2	-13118.2	0.0632808	1	0.167311	11.9538	2.05143	0.00441089	19.8158	0.463702	3477	99	450	-55641.6	28.853f	52.676	4	1	1	0.049505	0.049505	0.0792079	9.90099e-09	0	0	0	0	0.845455	0.950867	0.263006	0.455882	0.824207	0.009901	0.0891089	9.90099e-09	1	0.172414	0.277778	0.666667	0.666667	1.5	1	1	127834	1e+20	7.15586e+12	90.9666	65.3729	22.8636	35.2845	28.853	52.676	
 49000	-98560.1	-1256.8	-51763.3	-13303.3	0.0628744	1	0.171717	11.6471	1.99743	0.0103692	19.5882	0.464018	3544	99	449	-55641.6	19.2636f	37.2154	4	1	1	0.0792079	0.0792079	0.0792079	9.90099e-09	0	0	0	0	0.9	0.965812	0.263456	0.464789	0.858357	0.009901	0.0891089	9.90099e-09	1	0.149296	0.278539	0.666667	0.666667	1.5	1	1	127834	1e+20	7.15586e+12	72.9806	87.831	8.60164	37.393	19.2636	37.2154	
 50000	-99640.3	-1256.8	-52843.5	-13483.2	0.0628744	1	0.183016	10.928	2.12886	0.012353	19.5882	0.408492	3609	99	478	-55641.6	21.5776f	72.9018	4	1	1	0.0792079	0.0792079	0.0792079	9.90099e-09	0	0	0	0	0.863636	0.963788	0.232687	0.544118	0.885794	0.009901	0.0891089	9.90099e-09	1	0.152355	0.257322	0.666667	0.666667	1.5	1	1	127834	1e+20	7.15586e+12	72.9806	87.831	8.60164	37.393	21.5776	72.9018	
 51000	-99539.5	-1256.8	-52742.7	-13418.9	0.063425	1	0.204697	9.77055	2.53605	0.00677418	19.8561	0.306585	3586	99	500	-55641.6	25.2723f	60.145	4	1	1	0.0792079	0.0792079	0.0792079	9.90099e-09	0	0	0	0	0.872727	0.924157	0.253482	0.543624	0.83844	0.009901	0.0891089	9.90099e-09	1	0.122563	0.303922	0.666667	0.666667	1.5	1	1	127834	1e+20	7.15586e+12	72.9806	87.831	20.1764	56.6434	25.2723	60.145	
 52000	-99220.6	-1256.8	-52423.8	-13358.1	0.0639384	1	0.205628	9.72628	2.53406	0.00115577	19.7898	0.305436	3564	99	490	-55641.6	45.2028f	40.8635	4	1	1	0.0792079	0.0792079	0.0792079	9.90099e-09	0	0	0	0	0.890909	0.930168	0.274011	0.475728	0.863128	0.009901	0.0891089	9.90099e-09	1	0.106145	0.283673	0.666667	0.666667	1.5	1	1	127834	1e+20	7.15586e+12	72.9806	87.831	20.1764	56.6434	45.2028	40.8635	
 53000	-100014	-1256.8	-53217.1	-13503.8	0.0639384	1	0.189801	10.5374	2.41053	0.0234324	19.9393	0.347865	3617	99	509	-55641.6	10.0723f	80.9989	4	1	1	0.0792079	0.0792079	0.0693069	9.90099e-09	0	0	0	0	0.890909	0.944598	0.234807	0.464052	0.840659	0.009901	0.0891089	9.90099e-09	1	0.126722	0.296296	0.666667	0.666667	1.5	1	1	127834	1e+20	7.15586e+12	72.9806	87.831	20.1764	56.6434	10.0723	80.9989	
 54000	-100326	-1256.8	-53529.3	-13541.6	0.0650437	1	0.19707	10.1487	2.54611	0.0109066	19.9393	0.317192	3631	99	525	-55641.6	30.9612f	78.5936	4	1	1	0.0792079	0.0792079	0.0693069	9.90099e-09	0	0	0	0	0.836364	0.955923	0.256267	0.576923	0.827778	0.009901	0.108911	9.90099e-09	1	0.17033	0.299048	0.666667	0.666667	1.5	1	1	127834	1e+20	7.15586e+12	72.9806	87.831	60.2921	65.0508	30.9612	78.5936	
 55000	-100306	-1256.8	-53509.7	-13537.2	0.06361	1	0.181255	11.0342	2.29018	0.00828802	19.9393	0.383407	3629	99	522	-55641.6	73.9338f	68.8252	4	1	1	0.0792079	0.0792079	0.0693069	9.90099e-09	0	0	0	0	0.927273	0.919668	0.259669	0.561905	0.815427	0.009901	0.108911	9.90099e-09	1	0.146006	0.276596	0.666667	0.666667	1.5	1	1	127834	1e+20	7.15586e+12	72.9806	87.831	60.2921	65.0508	73.9338	68.8252	
 56000	-100882	-1256.8	-54085.3	-13684.7	0.0642563	1	0.181255	11.0342	2.31345	0.0161139	19.9393	0.379551	3683	99	511	-55641.6	75.2377f	84.1012	4	1	1	0.0792079	0.118812	0.0693069	9.90099e-09	0	0	0	0	0.918182	0.950954	0.259563	0.605769	0.80654	0.009901	0.108911	9.90099e-09	1	0.13388	0.3125	0.666667	0.666667	1.5	1	1	127834	1e+20	7.15586e+12	72.9806	87.831	60.2921	65.0508	75.2377	84.1012	
 57000	-99175.8	-1256.8	-52379	-13393.7	0.0642563	1	0.17788	11.2435	2.18423	0.00610686	19.7475	0.409633	3577	99	475	-55641.6	74.1008f	60.1722	4	1	1	0.0792079	0.118812	0.0693069	9.90099e-09	0	0	0	0	0.854545	0.960452	0.24581	0.466667	0.864789	0.009901	0.108911	9.90099e-09	1	0.122905	0.260304	0.666667	0.666667	1.5	1	1	127834	1e+20	7.15586e+12	72.9806	87.831	60.2921	65.0508	74.1008	60.1722	
 58000	-99296.7	-1256.8	-52499.9	-13454.9	0.0660753	1	0.17788	11.2435	2.24606	0.00264719	19.7475	0.398356	3599	99	466	-55641.6	40.4629f	63.3426	4	1	1	0.0792079	0.118812	0.0693069	9.90099e-09	0	0	0	0	0.872727	0.942308	0.221607	0.517483	0.854396	0.009901	0.108911	9.90099e-09	1	0.153846	0.299578	0.666667	0.666667	1.5	1	1	127834	1e+20	7.15586e+12	72.9806	87.831	60.2921	65.0508	40.4629	63.3426	
 59000	-100002	-1256.8	-53205.6	-13629	0.0666861	1	0.166596	12.0051	2.12303	0.00428119	19.7475	0.449986	3663	99	457	-55641.6	53.1842f	28.7645	4	1	1	0.0792079	0.118812	0.019802	9.90099e-09	0	0	0	0	0.945455	0.964578	0.284153	0.518519	0.852459	0.009901	0.108911	9.90099e-09	1	0.144414	0.311659	0.666667	0.666667	1.5	1	1	127834	1e+20	7.15586e+12	72.9806	87.831	60.2921	65.0508	53.1842	28.7645	
 60000	-99990.6	-1256.8	-53193.8	-13645.2	0.0653568	1	0.166596	12.0051	2.17651	0.0142556	19.971	0.43893	3669	99	448	-55641.6	88.1982f	62.0363	4	1	1	0.0792079	0.118812	0.019802	9.90099e-09	0	0	0	0	0.854545	0.95082	0.26158	0.546763	0.835165	0.009901	0.108911	9.90099e-09	1	0.157182	0.303571	0.666667	0.666667	1.5	1	1	127834	1e+20	7.15586e+12	72.9806	87.831	60.2921	65.0508	88.1982	62.0363	
 61000	-100155	-1256.8	-53358.7	-13634.3	0.0653568	1	0.152109	13.1485	1.98724	0.001992	19.971	0.52652	3665	99	460	-55641.6	60.0547f	60.6119	4	1	1	0.0792079	0.0594059	0.019802	9.90099e-09	0	0	0	0	0.918182	0.972826	0.281421	0.547445	0.843836	0.009901	0.108911	9.90099e-09	1	0.138587	0.275168	0.666667	0.666667	1.5	1	1	127834	1e+20	7.15586e+12	72.9806	87.831	60.2921	65.0508	60.0547	60.6119	
 62000	-98739.7	-1256.8	-51942.9	-13408.9	0.06622	1	0.152109	13.1485	2.01349	0.0152055	19.971	0.519657	3582	99	426	-55641.6	79.9838f	21.6846	4	1	1	0.0792079	0.0594059	0.019802	9.90099e-09	0	0	0	0	0.909091	0.958217	0.272222	0.566929	0.857939	9.90099e-09	0.108911	9.90099e-09	1	0.164345	0.2723	0.666667	0.666667	1.5	1	1	127834	1e+20	7.15586e+12	72.9806	87.831	92.547	43.4783	79.9838	21.6846	
 63000	-99361.5	-1256.8	-52564.7	-13539.2	0.06622	1	0.152109	13.1485	2.01349	0.0274755	19.971	0.519657	3630	99	431	-55641.6	96.2618f	80.7075	4	1	1	0.0792079	0.0594059	0.019802	9.90099e-09	0	0	0	0	0.872727	0.936986	0.235616	0.511278	0.880435	9.90099e-09	0.108911	9.90099e-09	1	0.167123	0.277652	0.666667	0.666667	1.5	1	1	127834	1e+20	7.15586e+12	72.9806	87.831	92.547	43.4783	96.2618	80.7075	
 64000	-100891	-1256.8	-54094.2	-13894.9	0.06622	1	0.152109	13.1485	2.01349	0.0183336	19.971	0.519657	3761	99	427	-55641.6	92.2962f	33.5229	4	1	1	0.0792079	0.0594059	0.009901	9.90099e-09	0	0	0	0	0.890909	0.946809	0.275862	0.552239	0.859043	9.90099e-09	0.108911	9.90099e-09	1	0.122016	0.259174	0.666667	0.666667	1.5	1	1	127834	1e+20	7.15586e+12	72.9806	87.831	92.547	43.4783	92.2962	33.5229	
 65000	-101138	-1256.8	-54341.5	-13926.4	0.0681329	1	0.146779	13.626	1.99906	0.012051	19.971	0.542415	3773	99	441	-55641.6	80.2223f	29.0993	4	1	1	0.0792079	0.0594059	0.009901	9.90099e-09	0	0	0	0	0.863636	0.954787	0.254642	0.480916	0.865079	9.90099e-09	0.108911	9.90099e-09	1	0.140212	0.321995	0.666667	0.666667	1.5	1	1	127834	1e+20	7.15586e+12	72.9806	87.831	79.466	20.2362	80.2223	29.0993	
 66000	-100888	-1256.8	-54091.5	-13874.4	0.0653323	1	0.146779	13.626	1.91689	0.0114852	19.971	0.565667	3753	99	435	-55641.6	70.7879f	20.9089	4	1	1	0.0792079	0.0594059	0.009901	9.90099e-09	0	0	0	0	0.918182	0.968	0.241379	0.535433	0.863388	9.90099e-09	0.0594059	9.90099e-09	1	0.117021	0.277904	0.666667	0.666667	1.5	1	1	127834	1e+20	7.15586e+12	72.9806	87.831	79.466	20.2362	70.7879	20.9089	
 67000	-101834	-1256.8	-55036.9	-14044.8	0.0694539	1	0.146779	13.626	2.03782	0.0107656	19.971	0.532099	3817	99	450	-55641.6	64.1477f	18.5026	4	1	1	0.0792079	0.0594059	0.009901	9.90099e-09	0	0	0	0	0.9	0.963351	0.230366	0.472868	0.871728	9.90099e-09	0.0594059	9.90099e-09	1	0.136126	0.317778	0.666667	0.666667	1.5	1	1	127834	1e+20	7.15586e+12	72.9806	87.831	79.466	20.2362	64.1477	18.5026	
 68000	-103571	-1256.8	-56774.2	-14385.4	0.0712139	1	0.170734	11.7141	2.43047	0.0117569	19.971	0.383538	3945	99	472	-55641.6	83.9356f	36.98	4	1	1	0.0792079	0.0792079	0.009901	9.90099e-09	0	0	0	0	0.872727	0.964646	0.228643	0.456376	0.868354	9.90099e-09	0.0594059	9.90099e-09	1	0.101266	0.299587	0.666667	0.666667	1.5	1	1	127834	1e+20	7.15586e+12	72.9806	87.831	79.466	20.2362	83.9356	36.98	
 69000	-106337	-1256.8	-59539.7	-14922.9	0.0754107	1	0.170734	11.7141	2.57371	0.00984324	19.971	0.362193	4150	99	501	-55641.6	78.2582f	32.554	4	1	1	0.0891089	0.0792079	0.009901	9.90099e-09	0	0	0	0	0.863636	0.949275	0.26506	0.414966	0.859903	9.90099e-09	0.0594059	9.90099e-09	1	0.123188	0.291417	0.666667	0.666667	1.5	1	1	127834	1e+20	7.15586e+12	72.9806	87.831	79.466	20.2362	78.2582	32.554	
 70000	-107684	-1256.8	-60887.4	-15140	0.0754107	1	0.173486	11.5283	2.61518	0.0128532	19.971	0.350797	4234	99	529	-55641.6	85.0783f	35.3835	4	1	1	0.0891089	0.0792079	9.90099e-09	9.90099e-09	0	0	0	0	0.872727	0.957547	0.270784	0.433962	0.863208	9.90099e-09	0.0594059	9.90099e-09	1	0.158019	0.3	0.666667	0.666667	1.5	1	1	127834	1e+20	7.15586e+12	72.9806	87.831	79.466	20.2362	85.0783	35.3835	
 71000	-107705	-1256.8	-60908.6	-15072.8	0.0754107	1	0.173486	11.5283	2.61518	0.0165176	19.971	0.350797	4208	99	563	-55641.6	92.079f	40.63	4	1	1	0.0891089	0.0792079	9.90099e-09	9.90099e-09	0	0	0	0	0.881818	0.952153	0.277512	0.609091	0.870192	9.90099e-09	0.0594059	9.90099e-09	1	0.160287	0.269091	0.666667	0.666667	1.5	1	1	127834	1e+20	7.15586e+12	72.9806	87.831	79.466	20.2362	92.079	40.63	
 72000	-109297	-1256.8	-62500.5	-15432.4	0.0771225	1	0.173486	11.5283	2.67454	0.0151363	19.971	0.34301	4348	99	557	-55641.6	85.8668f	29.6955	4	1	1	0.0891089	0.0792079	9.90099e-09	9.90099e-09	0	0	0	0	0.909091	0.969977	0.207852	0.422018	0.86836	9.90099e-09	0.138614	9.90099e-09	1	0.122402	0.300373	0.666667	0.666667	1.5	1	1	127834	1e+20	7.15586e+12	72.9806	87.831	79.466	20.2362	85.8668	29.6955	
 73000	-109709	-1256.8	-62911.9	-15521.1	0.0784351	1	0.171101	11.689	2.68267	0.0116661	19.971	0.346738	4383	99	559	-55641.6	86.2266f	48.9141	4	1	1	0.0891089	0.0792079	9.90099e-09	9.90099e-09	0	0	0	0	0.909091	0.957207	0.261959	0.572727	0.85877	9.90099e-09	0.138614	9.90099e-09	1	0.134396	0.312614	0.666667	0.666667	1.5	1	1	127834	1e+20	7.15586e+12	72.9806	87.831	79.466	20.2362	86.2266	48.9141	
 74000	-112223	-1256.8	-65426	-16120.7	0.0811613	1	0.153786	13.0051	2.49501	0.00333894	19.971	0.414792	4621	99	524	-55641.6	68.7078f	45.4278	4	1	1	0.0891089	0.0792079	9.90099e-09	9.90099e-09	0	0	0	0	0.927273	0.961123	0.244589	0.570093	0.869281	9.90099e-09	0.138614	9.90099e-09	1	0.151188	0.260788	0.666667	0.666667	1.5	1	1	127834	1e+20	7.15586e+12	72.9806	87.831	79.466	20.2362	68.7078	45.4278	
 75000	-112062	-1256.8	-65265.3	-16134.5	0.0827618	1	0.153786	13.0051	2.54421	0.0160411	19.971	0.40677	4627	99	509	-55641.6	73.3064f	14.7256	4	1	1	0.0891089	0.0594059	9.90099e-09	9.90099e-09	0	0	0	0	0.927273	0.96129	0.241901	0.490196	0.851613	9.90099e-09	0.138614	9.90099e-09	1	0.12959	0.277228	0.666667	0.666667	1.5	1	1	127834	1e+20	7.15586e+12	72.9806	87.831	79.466	20.2362	73.3064	14.7256	
 76000	-113251	-1256.8	-66453.9	-16414.7	0.0865078	1	0.132874	15.0519	2.29774	0.032292	19.971	0.521291	4740	99	491	-55641.6	98.0111f	13.7619	4	1	1	0.0891089	0.0594059	9.90099e-09	9.90099e-09	0	0	0	0	0.927273	0.963753	0.218947	0.55102	0.890526	9.90099e-09	0.138614	9.90099e-09	1	0.128421	0.246436	0.666667	0.666667	1.5	1	1	127834	1e+20	7.15586e+12	72.9806	87.831	69.5061	16.9315	98.0111	13.7619	
 77000	-115582	-1256.8	-68785.6	-16781.8	0.0865078	1	0.14727	13.5805	2.50804	0.00591337	19.8948	0.430896	4890	99	544	-55641.6	55.2863f	25.1696	4	1	1	0.0891089	0.0594059	9.90099e-09	9.90099e-09	0	0	0	0	0.945455	0.971545	0.222449	0.471154	0.895918	9.90099e-09	0.138614	9.90099e-09	1	0.0734694	0.288168	0.666667	0.666667	1.5	1	1	127834	1e+20	7.15586e+12	72.9806	87.831	69.5061	16.9315	55.2863	25.1696	
 78000	-114177	-1256.8	-67380.4	-16539.5	0.0865078	1	0.161865	12.3559	2.48698	0.0101954	19.3893	0.395362	4791	99	524	-55641.6	74.3029f	26.598	4	1	1	0.0891089	0.0594059	9.90099e-09	9.90099e-09	0	0	0	0	0.872727	0.939331	0.224532	0.518868	0.884937	9.90099e-09	0.138614	9.90099e-09	1	0.139583	0.305019	0.666667	0.666667	1.5	1	1	127834	1e+20	7.15586e+12	72.9806	87.831	69.5061	16.9315	74.3029	26.598	
 79000	-115969	-1256.8	-69171.7	-16781.8	0.0865078	1	0.164553	12.1541	2.57594	0.0196643	19.4801	0.375473	4890	99	581	-55641.6	73.9507f	9.78249	4	1	1	0.0891089	0.0594059	9.90099e-09	9.90099e-09	0	0	0	0	0.9	0.960905	0.241803	0.504505	0.847737	9.90099e-09	0.0693069	9.90099e-09	1	0.150206	0.297345	0.666667	0.666667	1.5	1	1	127834	1e+20	7.15586e+12	90.2373	62.579	69.5061	16.9315	73.9507	9.78249	
 80000	-116614	-1256.8	-69817.5	-16970.5	0.0900747	1	0.164553	12.1541	2.68215	0.0147907	19.4801	0.360604	4968	99	554	-55641.6	73.5308f	16.9106	4	1	1	0.029703	0.0594059	9.90099e-09	9.90099e-09	0	0	0	0	0.9	0.95992	0.268537	0.62069	0.871743	9.90099e-09	0.0693069	9.90099e-09	1	0.122736	0.325175	0.666667	0.666667	1.5	1	1	127834	1e+20	7.15586e+12	90.2373	62.579	69.5061	16.9315	73.5308	16.9106	
 81000	-117918	-1256.8	-71121.7	-17216.3	0.089627	1	0.164553	12.1541	2.66882	0.00480029	19.4801	0.362405	5070	99	572	-55641.6	70.5732f	39.4301	4	1	1	0.029703	0.0594059	9.90099e-09	9.90099e-09	0	0	0	0	0.854545	0.958824	0.225049	0.541667	0.865234	9.90099e-09	0.0693069	9.90099e-09	1	0.153543	0.293706	0.666667	0.666667	1.5	1	1	127834	1e+20	7.15586e+12	90.2373	62.579	74.3707	23.3889	70.5732	39.4301	
 82000	-121043	-1256.8	-74246	-17863.2	0.0943759	1	0.149232	13.4019	2.53443	0.0254176	19.453	0.420801	5343	99	561	-55641.6	90.3558f	15.1032	4	1	1	0.029703	0.0792079	0.0594059	9.90099e-09	0	0	0	0	0.836364	0.964684	0.274766	0.552632	0.843396	9.90099e-09	0.0693069	9.90099e-09	1	0.130841	0.287234	0.666667	0.666667	1.5	1	1	127834	1e+20	7.15586e+12	90.2373	62.579	74.3707	23.3889	90.3558	15.1032	
 83000	-121730	-1256.8	-74932.8	-17941.1	0.0943759	1	0.154806	12.9194	2.68308	0.02386	19.5521	0.383175	5376	99	593	-55641.6	96.7918f	27.8674	4	1	1	0.029703	0.0792079	0.0594059	9.90099e-09	0	0	0	0	0.909091	0.97417	0.271375	0.46087	0.858736	9.90099e-09	0.0693069	9.90099e-09	1	0.120818	0.313793	0.666667	0.666667	1.5	1	1	127834	1e+20	7.15586e+12	17.4067	73.3942	74.3707	23.3889	96.7918	27.8674	
 84000	-120377	-1256.8	-73579.9	-17724	0.0943759	1	0.165017	12.12	2.86006	0.0405799	19.5521	0.337223	5284	99	569	-55641.6	98.6749f	3.4001	4	1	1	0.029703	0.0792079	0.0594059	9.90099e-09	0	0	0	0	0.881818	0.943289	0.220532	0.482456	0.86907	9.90099e-09	0.0693069	9.90099e-09	1	0.124764	0.258348	0.666667	0.666667	1.5	1	1	127834	1e+20	7.15586e+12	17.4067	73.3942	74.3707	23.3889	98.6749	3.4001	
 85000	-119045	-1256.8	-72247.8	-17402.9	0.0943759	1	0.165017	12.12	3.00804	0.0133585	19.8003	0.320632	5148	99	585	-55641.6	55.4933f	12.0191	4	1	1	0.029703	0.0792079	0.0594059	9.90099e-09	0	0	0	0	0.936364	0.958984	0.22093	0.479675	0.860194	9.90099e-09	0.0891089	9.90099e-09	1	0.108527	0.29402	0.666667	0.666667	1.5	1	1	127834	1e+20	7.15586e+12	17.4067	73.3942	74.3707	23.3889	55.4933	12.0191	
 86000	-118895	-1256.8	-72098.4	-17352.8	0.0939454	1	0.153488	13.0303	2.78512	0.0215817	19.8003	0.372308	5127	99	592	-55641.6	94.9428f	70.1442	4	1	1	0.029703	0.0792079	0.0594059	9.90099e-09	0	0	0	0	0.863636	0.955253	0.246602	0.466667	0.867446	9.90099e-09	0.0891089	9.90099e-09	1	0.111111	0.25	0.666667	0.666667	1.5	1	1	127834	1e+20	7.15586e+12	17.4067	73.3942	64.5148	48.2962	94.9428	70.1442	
 87000	-119482	-1256.8	-72684.8	-17378.2	0.0917947	1	0.170807	11.7091	2.97875	0.0137986	19.7186	0.312809	5138	99	633	-55641.6	86.1601f	34.4208	4	1	1	0.0594059	0.0693069	0.0594059	9.90099e-09	0	0	0	0	0.863636	0.959144	0.280156	0.469697	0.867704	9.90099e-09	0.0891089	9.90099e-09	1	0.123047	0.317263	0.666667	0.666667	1.5	1	1	127834	1e+20	7.15586e+12	17.4067	73.3942	64.5148	48.2962	86.1601	34.4208	
 88000	-116676	-1256.8	-69878.8	-17012.8	0.0917947	1	0.158928	12.5843	2.77159	0.00643788	19.7186	0.36132	4985	99	546	-55641.6	72.7937f	35.8739	4	1	1	0.0594059	0.0693069	0.039604	9.90099e-09	0	0	0	0	0.809091	0.94831	0.250501	0.513043	0.868263	9.90099e-09	0.0891089	9.90099e-09	1	0.138277	0.294118	0.666667	0.666667	1.5	1	1	127834	1e+20	7.15586e+12	17.4067	73.3942	60.0085	13.1289	72.7937	35.8739	
 89000	-118852	-1256.8	-72055.3	-17329	0.0901879	1	0.158928	12.5843	2.75624	0.0147078	19.7783	0.363332	5117	99	598	-55641.6	21.8303f	21.7295	4	1	1	0.0594059	0.0693069	0.039604	9.90099e-09	0	0	0	0	0.9	0.963035	0.3125	0.452991	0.85575	9.90099e-09	0.0891089	9.90099e-09	1	0.115234	0.27379	0.666667	0.666667	1.5	1	1	127834	1e+20	7.15586e+12	17.4067	73.3942	60.0085	13.1289	21.8303	21.7295	
 90000	-118399	-1256.8	-71602.7	-17177.3	0.0906489	1	0.166678	11.9992	2.90543	0.00829362	19.7783	0.328648	5054	99	625	-55641.6	67.5226f	25.2328	4	1	1	0.0594059	0.0693069	0.039604	9.90099e-09	0	0	0	0	0.854545	0.960317	0.220676	0.488	0.859127	9.90099e-09	0.0891089	9.90099e-09	1	0.164683	0.291734	0.666667	0.666667	1.5	1	1	127834	1e+20	7.15586e+12	17.4067	73.3942	60.0085	13.1289	67.5226	25.2328	
 91000	-121972	-1256.8	-75175.6	-17799.5	0.0944071	1	0.173157	11.5502	3.1435	0.0105148	19.7783	0.292392	5316	99	670	-55641.6	28.3012f	24.2851	4	1	1	0.0594059	0.0693069	0.039604	9.90099e-09	0	0	0	0	0.845455	0.958254	0.227872	0.589147	0.879699	9.90099e-09	0.158416	9.90099e-09	1	0.165414	0.277863	0.666667	0.666667	1.5	1	1	127834	1e+20	7.15586e+12	17.4067	73.3942	57.8394	9.86547	28.3012	24.2851	
 92000	-119729	-1256.8	-72932.2	-17599.2	0.0928199	1	0.145572	13.7389	2.63402	0.017861	19.846	0.415071	5231	99	558	-55641.6	92.4926f	35.7691	4	1	1	0.0594059	0.0693069	0.039604	9.90099e-09	0	0	0	0	0.863636	0.963602	0.281071	0.466102	0.879541	9.90099e-09	0.158416	9.90099e-09	1	0.120229	0.289803	0.666667	0.666667	1.5	1	1	127834	1e+20	7.15586e+12	17.4067	73.3942	64.6434	14.4983	92.4926	35.7691	
 93000	-121787	-1256.8	-74989.7	-17976.5	0.0943691	1	0.148251	13.4906	2.72766	0.0246662	19.8467	0.393579	5391	99	578	-55641.6	68.9942f	1.19287	4	1	1	0.0792079	0.0792079	0.039604	9.90099e-09	0	0	0	0	0.890909	0.955638	0.256983	0.516949	0.901119	9.90099e-09	0.158416	9.90099e-09	1	0.125926	0.271795	0.666667	0.666667	1.5	1	1	127834	1e+20	7.15586e+12	17.4067	73.3942	64.6434	14.4983	68.9942	1.19287	
 94000	-123666	-1256.8	-76869.4	-18356	0.0979306	1	0.148251	13.4906	2.7414	0.0150447	19.6885	0.391606	5555	99	573	-55641.6	90.7728f	44.4273	4	1	1	0.0792079	0.0792079	0.039604	9.90099e-09	0	0	0	0	0.854545	0.932971	0.232014	0.473684	0.865209	9.90099e-09	0.158416	9.90099e-09	1	0.147482	0.288967	0.666667	0.666667	1.5	1	1	127834	1e+20	7.15586e+12	17.4067	73.3942	64.6434	14.4983	90.7728	44.4273	
 95000	-124253	-1256.8	-77456	-18435.8	0.099588	1	0.148251	13.4906	2.7878	0.022301	19.6885	0.385089	5590	99	595	-55641.6	69.6451f	4.23456	4	1	1	0.0792079	0.0792079	0.039604	9.90099e-09	0	0	0	0	0.945455	0.946237	0.258528	0.596639	0.867384	9.90099e-09	0.158416	9.90099e-09	1	0.134409	0.323024	0.666667	0.666667	1.5	1	1	127834	1e+20	7.15586e+12	17.4067	73.3942	64.6434	14.4983	69.6451	4.23456	
 96000	-124729	-1256.8	-77932.4	-18509.1	0.100506	1	0.144446	13.846	2.74061	0.00195416	19.6872	0.402038	5622	99	602	-55641.6	60.3955f	39.9505	4	1	1	0.0792079	0.0792079	0.049505	9.90099e-09	0	0	0	0	0.845455	0.969965	0.247788	0.478632	0.872114	9.90099e-09	0.158416	9.90099e-09	1	0.0941385	0.277409	0.666667	0.666667	1.5	1	1	127834	1e+20	7.15586e+12	17.4067	73.3942	64.6434	14.4983	60.3955	39.9505	
 97000	-123870	-1256.8	-77072.8	-18325.4	0.100729	1	0.155433	12.8673	2.69821	0.012397	19.2439	0.379491	5542	99	613	-55641.6	41.8532f	14.1241	4	1	1	0.0792079	0.0792079	0.049505	9.90099e-09	0	0	0	0	0.845455	0.954955	0.216998	0.544715	0.904159	9.90099e-09	0.108911	9.90099e-09	1	0.117117	0.30832	0.666667	0.666667	1.5	1	1	127834	1e+20	7.15586e+12	17.4067	73.3942	64.6434	14.4983	41.8532	14.1241	
 98000	-122519	-1256.8	-75722	-18173.8	0.100661	1	0.155433	12.8673	2.69638	0.000647706	19.2439	0.379749	5476	99	558	-55641.6	57.8414f	49.5329	4	1	1	0.0792079	0.0792079	0.049505	9.90099e-09	0	0	0	0	0.890909	0.953237	0.239051	0.559322	0.875912	9.90099e-09	0.108911	9.90099e-09	1	0.114964	0.288851	0.666667	0.666667	1.5	1	1	127834	1e+20	7.15586e+12	17.4067	73.3942	64.6434	14.4983	57.8414	49.5329	
 99000	-121877	-1256.8	-75080.2	-18070.3	0.0947078	1	0.144778	13.8142	2.36302	0.0122912	19.2439	0.46521	5431	99	546	-55641.6	69.5681f	18.6308	4	1	1	0.0693069	0.0792079	0.049505	9.90099e-09	0	0	0	0	0.909091	0.959335	0.252788	0.517544	0.852612	9.90099e-09	0.108911	9.90099e-09	1	0.131238	0.303957	0.666667	0.666667	1.5	1	1	127834	1e+20	7.15586e+12	17.4067	73.3942	64.6434	14.4983	69.5681	18.6308	
100000	-120446	-1256.8	-73649.4	-17782.8	0.0947078	1	0.151563	13.1958	2.74277	0.0213812	19.747	0.382858	5309	99	546	-55641.6	96.9309f	35.8089	4	1	1	0.0693069	0.0594059	0.049505	9.90099e-09	0	0	0	0	0.909091	0.966418	0.258364	0.636364	0.865672	9.90099e-09	0.108911	9.90099e-09	1	0.119403	0.293694	0.666667	0.666667	1.5	1	1	127834	1e+20	7.15586e+12	17.4067	73.3942	64.6434	14.4983	96.9309	35.8089	
101000	-119306	-1256.8	-72509.3	-17528.2	0.0946921	1	0.154208	12.9695	2.79019	0.0234336	19.747	0.369896	5201	99	554	-55641.6	96.0064f	27.3163	4	1	1	0.0693069	0.0594059	0.049505	9.90099e-09	0	0	0	0	0.927273	0.944231	0.273077	0.516949	0.838462	9.90099e-09	0.108911	9.90099e-09	1	0.142035	0.278066	0.666667	0.666667	1.5	1	1	127834	1e+20	7.15586e+12	80.0764	64.9074	86.0926	18.1062	96.0064	27.3163	
102000	-121763	-1256.8	-74966.3	-17998.4	0.0958424	1	0.153054	13.0673	2.80295	0.00827433	19.747	0.370988	5401	99	572	-55641.6	68.6686f	26.1073	4	1	1	0.0693069	0.0594059	0.049505	9.90099e-09	0	0	0	0	0.863636	0.95709	0.219331	0.533898	0.875465	9.90099e-09	0.108911	9.90099e-09	1	0.127341	0.326889	0.666667	0.666667	1.5	1	1	127834	1e+20	7.15586e+12	80.9051	73.8491	86.0926	18.1062	68.6686	26.1073	
103000	-121647	-1256.8	-74850.3	-17883.5	0.0958424	1	0.155196	12.8869	2.84216	0.0275186	19.747	0.36082	5352	99	610	-55641.6	90.6964f	12.2615	4	1	1	0.0693069	0.0594059	0.049505	9.90099e-09	0	0	0	0	0.945455	0.949248	0.227017	0.529915	0.88743	9.90099e-09	0.108911	9.90099e-09	1	0.142857	0.28088	0.666667	0.666667	1.5	1	1	127834	1e+20	7.15586e+12	80.9051	73.8491	86.0926	18.1062	90.6964	12.2615	
104000	-121475	-1256.8	-74678.2	-17829.6	0.0958424	1	0.166934	11.9808	2.99017	0.0211674	19.6379	0.318846	5329	99	619	-55641.6	82.6036f	13.8982	4	1	1	0.049505	0.0594059	0.049505	9.90099e-09	0	0	0	0	0.881818	0.964618	0.282243	0.598425	0.888258	9.90099e-09	0.0792079	9.90099e-09	1	0.13271	0.342488	0.666667	0.666667	1.5	1	1	127834	1e+20	7.15586e+12	80.9051	73.8491	86.0926	18.1062	82.6036	13.8982	
105000	-120332	-1256.8	-73535.4	-17580	0.0945286	1	0.171122	11.6875	3.13159	0.00780166	19.8117	0.296994	5223	99	625	-55641.6	77.0999f	61.887	4	1	1	0.049505	0.0594059	0.049505	9.90099e-09	0	0	0	0	0.845455	0.959615	0.234165	0.544715	0.88381	9.90099e-09	0.0792079	9.90099e-09	1	0.12476	0.2672	0.666667	0.666667	1.5	1	1	127834	1e+20	7.15586e+12	80.9051	73.8491	86.0926	18.1062	77.0999	61.887	
106000	-119646	-1256.8	-72849.5	-17507	0.0946886	1	0.156938	12.7439	2.89696	0.0157962	19.8462	0.350064	5192	99	592	-55641.6	52.0191f	8.32703	4	1	1	0.049505	0.0990099	0.049505	9.90099e-09	0	0	0	0	0.890909	0.944231	0.26975	0.515873	0.848659	9.90099e-09	0.0792079	9.90099e-09	1	0.142308	0.267974	0.666667	0.666667	1.5	1	1	127834	1e+20	7.15586e+12	80.9051	73.8491	86.0926	18.1062	52.0191	8.32703	
107000	-119722	-1256.8	-72925.5	-17518.5	0.0925933	1	0.159018	12.5772	2.8704	0.0282257	19.8462	0.348683	5197	99	592	-55641.6	84.2787f	5.52539	4	1	1	0.049505	0.0990099	0.049505	9.90099e-09	0	0	0	0	0.863636	0.963391	0.278846	0.482759	0.868472	9.90099e-09	0.0792079	9.90099e-09	1	0.126923	0.284229	0.666667	0.666667	1.5	1	1	127834	1e+20	7.15586e+12	80.9051	73.8491	86.0926	18.1062	84.2787	5.52539	
108000	-120354	-1256.8	-73557.3	-17565.8	0.0943017	1	0.162566	12.3027	2.98859	0.00267013	19.8462	0.327585	5217	99	634	-55641.6	67.0622f	48.0144	4	1	1	0.049505	0.0990099	0.049505	9.90099e-09	0	0	0	0	0.9	0.967557	0.239544	0.519685	0.857414	9.90099e-09	0.0792079	9.90099e-09	1	0.145594	0.281759	0.666667	0.666667	1.5	1	1	127834	1e+20	7.15586e+12	80.9051	73.8491	86.0926	18.1062	67.0622	48.0144	
109000	-121771	-1256.8	-74974.5	-17857.7	0.0931648	1	0.168302	11.8834	3.06088	0.00663406	19.8529	0.308946	5340	99	631	-55641.6	57.827f	24.1989	4	1	1	0.049505	0.0990099	0.029703	9.90099e-09	0	0	0	0	0.9	0.953358	0.257944	0.544715	0.839252	9.90099e-09	0.0792079	9.90099e-09	1	0.127103	0.286667	0.666667	0.666667	1.5	1	1	127834	1e+20	7.15586e+12	80.9051	73.8491	86.0926	18.1062	57.827	24.1989	
110000	-126770	-1256.8	-79973.4	-18639.4	0.102608	1	0.174154	11.4841	3.48835	0.0276553	19.8529	0.261978	5679	99	720	-55641.6	95.2006f	17.492	4	1	1	0.049505	0.0990099	0.029703	9.90099e-09	0	0	0	0	0.890909	0.957895	0.273997	0.527778	0.827526	9.90099e-09	0.138614	9.90099e-09	1	0.13986	0.302128	0.666667	0.666667	1.5	1	1	127834	1e+20	7.15586e+12	57.984	98.228	86.0926	18.1062	95.2006	17.492	
111000	-125927	-1256.8	-79130.4	-18625.8	0.102608	1	0.173393	11.5345	3.47309	0.0175402	19.8529	0.264286	5673	99	659	-55641.6	81.0246f	18.3947	4	1	1	0.0693069	0.0891089	0.029703	9.90099e-09	0	0	0	0	0.909091	0.95979	0.23993	0.496296	0.845884	9.90099e-09	0.138614	9.90099e-09	1	0.139085	0.261905	0.666667	0.666667	1.5	1	1	127834	1e+20	7.15586e+12	57.984	98.228	86.0926	18.1062	81.0246	18.3947	
112000	-125820	-1256.8	-79022.7	-18607.6	0.102608	1	0.169239	11.8176	3.3899	0.00587973	19.8529	0.277416	5665	99	657	-55641.6	69.6708f	33.6557	4	1	1	0.0693069	0.0891089	0.029703	9.90099e-09	0	0	0	0	0.845455	0.957447	0.243816	0.485075	0.881416	9.90099e-09	0.138614	9.90099e-09	1	0.135802	0.323964	0.666667	0.666667	1.5	1	1	127834	1e+20	7.15586e+12	57.984	98.228	87.2874	51.4196	69.6708	33.6557	
113000	-126115	-1256.8	-79318	-18691.9	0.102063	1	0.173061	11.5566	3.48903	0.0181341	19.9117	0.263583	5702	99	646	-55641.6	94.8724f	55.2777	4	1	1	0.0693069	0.0891089	0.029703	9.90099e-09	0	0	0	0	0.8	0.949123	0.242105	0.51938	0.847368	9.90099e-09	0.138614	9.90099e-09	1	0.135088	0.306502	0.666667	0.666667	1.5	1	1	127834	1e+20	7.15586e+12	57.984	98.228	87.2874	51.4196	94.8724	55.2777	
114000	-127851	-1256.8	-81054.1	-18891.7	0.104513	1	0.173061	11.5566	3.57281	0.0134507	19.9117	0.257402	5790	99	713	-55641.6	88.5508f	55.3209	4	1	1	0.0693069	0.0891089	0.029703	9.90099e-09	0	0	0	0	0.909091	0.967241	0.241796	0.567376	0.853448	9.90099e-09	0.138614	9.90099e-09	1	0.141379	0.284519	0.666667	0.666667	1.5	1	1	127834	1e+20	7.15586e+12	57.984	98.228	87.2874	51.4196	88.5508	55.3209	
115000	-124723	-1256.8	-77926.6	-18438.5	0.102054	1	0.173029	11.5588	3.48809	0.0180023	19.9117	0.263702	5591	99	636	-55641.6	94.0218f	40.6458	4	1	1	0.0693069	0.0891089	0.029703	9.90099e-09	0	0	0	0	0.927273	0.956912	0.286225	0.521739	0.875	9.90099e-09	0.138614	9.90099e-09	1	0.141071	0.275591	0.666667	0.666667	1.5	1	1	127834	1e+20	7.15586e+12	40.1146	83.68	87.2874	51.4196	94.0218	40.6458	
116000	-125917	-1256.8	-79120.3	-18564.1	0.102054	1	0.156166	12.8069	3.14814	0.00125044	19.9117	0.323728	5646	99	681	-55641.6	60.5296f	54.5302	4	1	1	0.0693069	0.0891089	0.019802	9.90099e-09	0	0	0	0	0.936364	0.952297	0.274823	0.507353	0.882662	9.90099e-09	0.138614	9.90099e-09	1	0.153982	0.309696	0.666667	0.666667	1.5	1	1	127834	1e+20	7.15586e+12	40.1146	83.68	87.2874	51.4196	60.5296	54.5302	
117000	-127989	-1256.8	-81192.4	-19093	0.104093	1	0.156166	12.8069	3.23925	0.0135779	19.9552	0.314623	5879	99	628	-55641.6	82.5502f	71.5468	4	1	1	0.0693069	0.0891089	0.019802	9.90099e-09	0	0	0	0	0.872727	0.955857	0.268707	0.464	0.876061	9.90099e-09	0.0693069	9.90099e-09	1	0.14966	0.295238	0.666667	0.666667	1.5	1	1	127834	1e+20	7.15586e+12	40.1146	83.68	87.2874	51.4196	82.5502	71.5468	
118000	-125105	-1256.8	-78307.7	-18632.9	0.103247	1	0.156166	12.8069	3.21292	0.014754	19.9552	0.317201	5676	99	583	-55641.6	88.548f	36.851	4	1	1	0.0594059	0.0891089	0.019802	9.90099e-09	0	0	0	0	0.890909	0.968586	0.233743	0.531746	0.877836	9.90099e-09	0.0693069	9.90099e-09	1	0.116928	0.289348	0.666667	0.666667	1.5	1	1	127834	1e+20	7.15586e+12	40.1146	83.68	87.2874	51.4196	88.548	36.851	
119000	-126726	-1256.8	-79928.8	-18803.5	0.102304	1	0.15889	12.5873	3.2391	0.0269267	19.9552	0.309242	5751	99	650	-55641.6	93.1547f	16.0213	4	1	1	0.0594059	0.0891089	0.019802	9.90099e-09	0	0	0	0	0.881818	0.97561	0.227273	0.484848	0.891986	9.90099e-09	0.0693069	9.90099e-09	1	0.173611	0.288854	0.666667	0.666667	1.5	1	1	127834	1e+20	7.15586e+12	40.1146	83.68	87.2874	51.4196	93.1547	16.0213	
120000	-124650	-1256.8	-77853.4	-18511.7	0.102304	1	0.151305	13.2183	3.08448	0.0192089	19.9552	0.341024	5623	99	591	-55641.6	96.4889f	51.0379	4	1	1	0.0594059	0.0891089	0.019802	9.90099e-09	0	0	0	0	0.909091	0.960784	0.265957	0.491667	0.884752	9.90099e-09	0.0693069	9.90099e-09	1	0.130357	0.297162	0.666667	0.666667	1.5	1	1	127834	1e+20	7.15586e+12	40.1146	83.68	87.2874	51.4196	96.4889	51.0379	
121000	-125597	-1256.8	-78800.1	-18587.1	0.10271	1	0.147239	13.5833	3.0135	0.0100262	19.9552	0.358695	5656	99	641	-55641.6	82.282f	40.7771	4	1	1	0.0594059	0.0891089	0.019802	9.90099e-09	0	0	0	0	0.9	0.955908	0.269027	0.523438	0.848592	9.90099e-09	0.0693069	9.90099e-09	1	0.123675	0.290172	0.666667	0.666667	1.5	1	1	127834	1e+20	7.15586e+12	58.0782	97.8177	87.2874	51.4196	82.282	40.7771	
122000	-127601	-1256.8	-80804.1	-18958.1	0.10271	1	0.152382	13.1249	3.13438	0.0164837	19.9802	0.333223	5819	99	654	-55641.6	87.4769f	71.1443	4	1	1	0.0594059	0.0891089	0.039604	9.90099e-09	0	0	0	0	0.827273	0.95	0.22069	0.48062	0.87931	9.90099e-09	0.0693069	9.90099e-09	1	0.118557	0.269406	0.666667	0.666667	1.5	1	1	127834	1e+20	7.15586e+12	58.0782	97.8177	87.2874	51.4196	87.4769	71.1443	
123000	-128984	-1256.8	-82186.8	-19318.9	0.106219	1	0.152382	13.1249	3.10927	0.0276271	19.7733	0.335914	5980	99	605	-55641.6	87.1611f	91.3663	4	1	1	0.0594059	0.0693069	0.039604	9.90099e-09	0	0	0	0	0.881818	0.956594	0.253333	0.492308	0.876461	9.90099e-09	0.0792079	9.90099e-09	1	0.126878	0.292645	0.666667	0.666667	1.5	1	1	127834	1e+20	7.15586e+12	3.55447	11.1391	87.2874	51.4196	87.1611	91.3663	
124000	-128902	-1256.8	-82104.8	-19226.9	0.106219	1	0.152382	13.1249	3.10927	0.00848704	19.7733	0.335914	5939	99	646	-55641.6	29.0479f	28.3605	4	1	1	0.0594059	0.0693069	0.039604	9.90099e-09	0	0	0	0	0.890909	0.94247	0.237374	0.52459	0.878378	9.90099e-09	0.0792079	9.90099e-09	1	0.112795	0.273994	0.666667	0.666667	1.5	1	1	127834	1e+20	7.15586e+12	58.0782	97.8177	87.2874	51.4196	29.0479	28.3605	
125000	-127742	-1256.8	-80945.7	-19034.1	0.106219	1	0.144998	13.7932	2.60405	0.0205405	19.1522	0.421509	5853	99	634	-55641.6	95.4107f	65.745	4	1	1	0.0792079	0.0693069	0.039604	9.90099e-09	0	0	0	0	0.863636	0.97774	0.246575	0.556452	0.886248	9.90099e-09	0.0792079	9.90099e-09	1	0.0976027	0.288107	0.666667	0.666667	1.5	1	1	127834	1e+20	7.15586e+12	58.0782	97.8177	87.2874	51.4196	95.4107	65.745	
126000	-125157	-1256.8	-78360.4	-18662.9	0.100617	1	0.144998	13.7932	2.61498	0.0124342	19.4337	0.419747	5689	99	573	-55641.6	82.6172f	31.7997	4	1	1	0.0792079	0.0693069	0.039604	9.90099e-09	0	0	0	0	0.909091	0.950355	0.276596	0.546218	0.882143	9.90099e-09	0.0792079	9.90099e-09	1	0.107965	0.333333	0.666667	0.666667	1.5	1	1	127834	1e+20	7.15586e+12	58.0782	97.8177	87.2874	51.4196	82.6172	31.7997	
127000	-127895	-1256.8	-81098.5	-19230.8	0.104236	1	0.13748	14.5476	2.50568	0.015493	19.3137	0.462013	5940	99	556	-55641.6	82.5691f	24.0297	4	1	1	0.0792079	0.0693069	0.039604	9.90099e-09	0	0	0	0	0.936364	0.969646	0.251689	0.534483	0.876897	9.90099e-09	0.0792079	9.90099e-09	1	0.12605	0.28777	0.666667	0.666667	1.5	1	1	127834	1e+20	7.15586e+12	58.0782	97.8177	87.2874	51.4196	82.5691	24.0297	
128000	-127293	-1256.8	-80496.2	-19111.1	0.104056	1	0.122183	16.3689	2.48002	0.0210097	19.8491	0.525234	5887	99	551	-55641.6	53.369f	1.932	4	1	1	0.0792079	0.0693069	0.0594059	9.90099e-09	0	0	0	0	0.872727	0.972835	0.278632	0.509259	0.895369	9.90099e-09	0.0792079	9.90099e-09	1	0.111111	0.279492	0.666667	0.666667	1.5	1	1	127834	1e+20	7.15586e+12	58.0782	97.8177	85.6824	25.3404	53.369	1.932	
129000	-125852	-1256.8	-79055.2	-18832.7	0.103757	1	0.136842	14.6154	2.76958	0.0223281	19.8491	0.419939	5764	99	551	-55641.6	49.1053f	0.362518	4	1	1	0.0792079	0.0693069	0.0594059	9.90099e-09	0	0	0	0	0.9	0.954939	0.26943	0.486957	0.887737	9.90099e-09	0.0792079	9.90099e-09	1	0.109185	0.275261	0.666667	0.666667	1.5	1	1	127834	1e+20	7.15586e+12	58.0782	97.8177	85.6824	25.3404	49.1053	0.362518	
130000	-127373	-1256.8	-80576.5	-19062.7	0.102792	1	0.133668	14.9624	2.68019	0.00515085	19.8491	0.444248	5865	99	582	-55641.6	64.6816f	31.2167	4	1	1	0.0792079	0.0693069	0.0594059	9.90099e-09	0	0	0	0	0.9	0.979557	0.241026	0.542373	0.881356	9.90099e-09	0.0594059	9.90099e-09	1	0.163543	0.289982	0.666667	0.666667	1.5	1	1	127834	1e+20	7.15586e+12	58.0782	97.8177	53.5696	25.0982	64.6816	31.2167	
131000	-126435	-1256.8	-79638.1	-18897	0.102355	1	0.136091	14.696	2.71716	0.0138218	19.8491	0.430403	5792	99	578	-55641.6	40.849f	12.2205	4	1	1	0.0693069	0.0693069	0.0594059	9.90099e-09	0	0	0	0	0.872727	0.968912	0.244828	0.54386	0.901724	9.90099e-09	0.0594059	9.90099e-09	1	0.110345	0.244828	0.666667	0.666667	1.5	1	1	127834	1e+20	7.15586e+12	70.6014	79.8086	53.5696	25.0982	40.849	12.2205	
132000	-125554	-1256.8	-78756.7	-18744.3	0.102191	1	0.143031	13.983	2.85114	0.00820705	19.8491	0.390276	5725	99	569	-55641.6	58.291f	21.1283	4	1	1	0.0693069	0.0693069	0.0594059	9.90099e-09	0	0	0	0	0.872727	0.946087	0.221254	0.5	0.890244	9.90099e-09	0.0594059	9.90099e-09	1	0.132404	0.304124	0.666667	0.666667	1.5	1	1	127834	1e+20	7.15586e+12	70.6014	79.8086	53.5696	25.0982	58.291	21.1283	
133000	-125579	-1256.8	-78781.7	-18846.9	0.102191	1	0.130301	15.3491	2.42787	0.0107044	19.5171	0.503094	5770	99	520	-55641.6	50.0811f	15.7569	4	1	1	0.0693069	0.0693069	0.0594059	9.90099e-09	0	0	0	0	0.881818	0.960345	0.217993	0.481481	0.90566	9.90099e-09	0.0594059	9.90099e-09	1	0.132075	0.300781	0.666667	0.666667	1.5	1	1	127834	1e+20	7.15586e+12	70.6014	79.8086	70.3053	22.2959	50.0811	15.7569	
134000	-124049	-1256.8	-77251.8	-18380.4	0.100152	1	0.158623	12.6085	3.17593	0.0175981	19.9714	0.315924	5566	99	596	-55641.6	86.3868f	24.5257	4	1	1	0.0693069	0.118812	0.019802	9.90099e-09	0	0	0	0	0.909091	0.957447	0.266547	0.620155	0.879713	9.90099e-09	0.0594059	9.90099e-09	1	0.143113	0.294215	0.666667	0.666667	1.5	1	1	127834	1e+20	7.15586e+12	70.6014	79.8086	70.3053	22.2959	86.3868	24.5257	
135000	-122996	-1256.8	-76199.3	-18193.6	0.0996938	1	0.142657	14.0196	2.67192	0.0158251	19.6636	0.417546	5485	99	586	-55641.6	62.3086f	9.97746	4	1	1	0.0693069	0.118812	0.019802	9.90099e-09	0	0	0	0	0.890909	0.956284	0.291971	0.525862	0.861566	9.90099e-09	0.0594059	9.90099e-09	1	0.129326	0.306759	0.666667	0.666667	1.5	1	1	127834	1e+20	7.15586e+12	66.7429	84.7462	70.3053	22.2959	62.3086	9.97746	
136000	-124045	-1256.8	-77248.2	-18339.7	0.0980117	1	0.142657	14.0196	2.80775	0.0294379	19.9938	0.397346	5548	99	611	-55641.6	98.9689f	19.937	4	1	1	0.0693069	0.118812	0.019802	9.90099e-09	0	0	0	0	0.909091	0.954955	0.234657	0.536	0.888288	9.90099e-09	0.0594059	9.90099e-09	1	0.111712	0.299835	0.666667	0.666667	1.5	1	1	127834	1e+20	7.15586e+12	66.7429	84.7462	70.3053	22.2959	98.9689	19.937	
137000	-124156	-1256.8	-77359	-18499.8	0.101059	1	0.135405	14.7705	2.74787	0.00955307	19.9938	0.427748	5618	99	549	-55641.6	59.4698f	18.9611	4	1	1	0.0693069	0.118812	0.019802	9.90099e-09	0	0	0	0	0.827273	0.962366	0.251773	0.441441	0.886121	9.90099e-09	0.0594059	9.90099e-09	1	0.115248	0.276292	0.666667	0.666667	1.5	1	1	127834	1e+20	7.15586e+12	66.7429	84.7462	70.3053	22.2959	59.4698	18.9611	
138000	-125248	-1256.8	-78451	-18605.3	0.101059	1	0.135405	14.7705	2.74787	0.013258	19.9938	0.427748	5664	99	599	-55641.6	87.8452f	42.2757	4	1	1	0.0693069	0.118812	0.019802	9.90099e-09	0	0	0	0	0.890909	0.961131	0.257951	0.466102	0.899293	9.90099e-09	0.0792079	9.90099e-09	1	0.113074	0.296173	0.666667	0.666667	1.5	1	1	127834	1e+20	7.15586e+12	66.7429	84.7462	70.3053	22.2959	87.8452	42.2757	
139000	-121871	-1256.8	-75074.1	-18156.6	0.0995259	1	0.137258	14.5711	2.74323	0.00412759	19.9938	0.422687	5469	99	503	-55641.6	67.3635f	37.5239	4	1	1	0.0693069	0.118812	0.019802	9.90099e-09	0	0	0	0	0.909091	0.979853	0.234004	0.485714	0.879342	9.90099e-09	0.0792079	9.90099e-09	1	0.0968921	0.317121	0.666667	0.666667	1.5	1	1	127834	1e+20	7.15586e+12	66.7429	84.7462	82.3962	26.7444	67.3635	37.5239	
140000	-122377	-1256.8	-75579.9	-18230.8	0.100098	1	0.130486	15.3273	2.62289	0.0210356	19.9938	0.465024	5501	99	514	-55641.6	98.6031f	47.7378	4	1	1	0.0693069	0.049505	0.039604	9.90099e-09	0	0	0	0	0.909091	0.946886	0.272727	0.61165	0.904762	9.90099e-09	0.0792079	9.90099e-09	1	0.128205	0.269685	0.666667	0.666667	1.5	1	1	127834	1e+20	7.15586e+12	66.7429	84.7462	82.3962	26.7444	98.6031	47.7378	
141000	-123676	-1256.8	-76879.6	-18342.5	0.0975839	1	0.127048	15.7421	2.48962	0.00990994	19.9938	0.503177	5549	99	574	-55641.6	74.9112f	27.9422	4	1	1	0.0693069	0.049505	0.039604	9.90099e-09	0	0	0	0	0.872727	0.964158	0.289568	0.522124	0.883303	9.90099e-09	0.0792079	9.90099e-09	1	0.121864	0.288396	0.666667	0.666667	1.5	1	1	127834	1e+20	7.15586e+12	66.7429	84.7462	82.3962	26.7444	74.9112	27.9422	
142000	-125277	-1256.8	-78480.6	-18706.1	0.101097	1	0.125906	15.8849	2.55605	0.0283331	19.9938	0.494545	5708	99	558	-55641.6	93.5653f	14.2822	4	1	1	0.0693069	0.049505	0.039604	9.90099e-09	0	0	0	0	0.9	0.952715	0.252189	0.5	0.887916	9.90099e-09	0.0792079	9.90099e-09	1	0.110333	0.249042	0.666667	0.666667	1.5	1	1	127834	1e+20	7.15586e+12	66.7429	84.7462	82.3962	26.7444	93.5653	14.2822	
143000	-123829	-1256.8	-77032.4	-18506.7	0.101097	1	0.125906	15.8849	2.45683	0.0105151	19.7968	0.514517	5621	99	521	-55641.6	71.9247f	23.7149	4	1	1	0.0693069	0.049505	0.039604	9.90099e-09	0	0	0	0	0.863636	0.95	0.286988	0.561905	0.893048	9.90099e-09	0.0792079	9.90099e-09	1	0.108929	0.271654	0.666667	0.666667	1.5	1	1	127834	1e+20	7.15586e+12	66.7429	84.7462	82.3962	26.7444	71.9247	23.7149	
144000	-127054	-1256.8	-80257	-18910	0.101097	1	0.162523	12.3059	3.11552	0.0217807	19.7091	0.314321	5797	99	627	-55641.6	77.8657f	9.33518	4	1	1	0.0693069	0.049505	0.039604	9.90099e-09	0	0	0	0	0.909091	0.946274	0.247849	0.476923	0.892734	9.90099e-09	0.108911	9.90099e-09	1	0.118761	0.256369	0.666667	0.666667	1.5	1	1	127834	1e+20	7.15586e+12	66.7429	84.7462	82.3962	26.7444	77.8657	9.33518	
145000	-128763	-1256.8	-81966.6	-19253.7	0.107299	1	0.151239	13.2241	3.14968	0.0239856	19.8244	0.334111	5951	99	619	-55641.6	90.161f	17.2279	4	1	1	0.0891089	0.049505	0.039604	9.90099e-09	0	0	0	0	0.872727	0.964883	0.231405	0.534351	0.871499	9.90099e-09	0.108911	9.90099e-09	1	0.125839	0.301325	0.666667	0.666667	1.5	1	1	127834	1e+20	7.15586e+12	66.7429	84.7462	82.3962	26.7444	90.161	17.2279	
146000	-128001	-1256.8	-81204	-19174.2	0.108378	1	0.141135	14.1708	3.07536	0.0169836	19.9999	0.36668	5915	99	586	-55641.6	71.0304f	11.9484	4	1	1	0.0891089	0.0990099	0.049505	9.90099e-09	0	0	0	0	0.909091	0.957699	0.268581	0.504132	0.859532	9.90099e-09	0.108911	9.90099e-09	1	0.121827	0.251582	0.666667	0.666667	1.5	1	1	127834	1e+20	7.15586e+12	66.7429	84.7462	82.3962	26.7444	71.0304	11.9484	
147000	-130277	-1256.8	-83480.2	-19460.9	0.108378	1	0.141135	14.1708	3.07536	0.0141422	19.9999	0.36668	6044	99	657	-55641.6	89.1919f	42.5468	4	1	1	0.0891089	0.0990099	0.049505	9.90099e-09	0	0	0	0	0.818182	0.973597	0.28595	0.488372	0.86281	9.90099e-09	0.108911	9.90099e-09	1	0.123967	0.276758	0.666667	0.666667	1.5	1	1	127834	1e+20	7.15586e+12	66.7429	84.7462	82.3962	26.7444	89.1919	42.5468	
148000	-130340	-1256.8	-83543.5	-19550.3	0.107566	1	0.146793	13.6246	3.17469	0.013373	19.9999	0.341517	6084	99	624	-55641.6	86.4697f	36.8378	4	1	1	0.0891089	0.0990099	0.049505	9.90099e-09	0	0	0	0	0.881818	0.963696	0.240527	0.507937	0.899506	9.90099e-09	0.108911	9.90099e-09	1	0.143328	0.316393	0.666667	0.666667	1.5	1	1	127834	1e+20	7.15586e+12	66.7429	84.7462	82.3962	26.7444	86.4697	36.8378	
149000	-129928	-1256.8	-83131.7	-19459	0.107418	1	0.146418	13.6595	3.0607	0.014356	19.8374	0.355144	6043	99	628	-55641.6	83.5031f	27.9272	4	1	1	0.0891089	0.0990099	0.049505	9.90099e-09	0	0	0	0	0.909091	0.958746	0.277686	0.471545	0.899007	9.90099e-09	0.108911	9.90099e-09	1	0.115702	0.262739	0.666667	0.666667	1.5	1	1	127834	1e+20	7.15586e+12	66.7429	84.7462	82.3962	26.7444	83.5031	27.9272	
150000	-129723	-1256.8	-82926.6	-19414.4	0.107418	1	0.146418	13.6595	3.07396	0.00415867	19.8588	0.353612	6023	99	637	-55641.6	29.4599f	52.2189	4	1	1	0.0891089	0.0990099	0.049505	9.90099e-09	0	0	0	0	0.936364	0.964765	0.257903	0.492308	0.880597	9.90099e-09	0.108911	9.90099e-09	1	0.13267	0.283931	0.666667	0.666667	1.5	1	1	127834	1e+20	7.15586e+12	66.7429	84.7462	82.3962	26.7444	29.4599	52.2189	
151000	-129714	-1256.8	-82917.3	-19392	0.10858	1	0.146418	13.6595	3.17061	0.00767148	19.9594	0.342833	6013	99	640	-55641.6	72.1675f	30.9151	4	1	1	0.0891089	0.0990099	0.049505	9.90099e-09	0	0	0	0	0.872727	0.953488	0.247508	0.535433	0.893333	9.90099e-09	0.0891089	9.90099e-09	1	0.126246	0.285261	0.666667	0.666667	1.5	1	1	127834	1e+20	7.15586e+12	66.7429	84.7462	72.4564	38.8358	72.1675	30.9151	
152000	-128785	-1256.8	-81988.5	-19325.4	0.10858	1	0.146418	13.6595	3.17061	0.00759334	19.9594	0.342833	5983	99	583	-55641.6	47.9492f	21.3563	4	1	1	0.0693069	0.019802	0.039604	9.90099e-09	0	0	0	0	0.872727	0.952941	0.227425	0.672131	0.870588	0.009901	0.0891089	9.90099e-09	1	0.0907563	0.260177	0.666667	0.666667	1.5	1	1	127834	1e+20	7.15586e+12	66.7429	84.7462	72.4564	38.8358	47.9492	21.3563	
153000	-129817	-1256.8	-83020.6	-19385.6	0.107015	1	0.159635	12.5286	3.40699	0.00759334	19.9594	0.292632	6010	99	653	-55641.6	47.9492f	21.3563	4	1	1	0.0693069	0.019802	0.039604	9.90099e-09	0	0	0	0	0.827273	0.963333	0.265101	0.515385	0.872093	0.009901	0.0891089	9.90099e-09	1	0.0996678	0.276018	0.666667	0.666667	1.5	1	1	127834	1e+20	7.15586e+12	66.7429	84.7462	89.1733	39.2744	47.9492	21.3563	
154000	-130013	-1256.8	-83216.5	-19369.9	0.107015	1	0.155326	12.8762	3.31501	0.0158374	19.9594	0.309095	6003	99	677	-55641.6	76.6629f	17.488	4	1	1	0.0693069	0.019802	0.039604	9.90099e-09	0	0	0	0	0.863636	0.961921	0.253731	0.589552	0.871287	0.009901	0.0891089	9.90099e-09	1	0.129353	0.310345	0.666667	0.666667	1.5	1	1	127834	1e+20	7.15586e+12	66.7429	84.7462	89.1733	39.2744	76.6629	17.488	
155000	-128361	-1256.8	-81564.5	-19273.8	0.107015	1	0.135498	14.7604	2.89184	0.0160942	19.9594	0.406174	5960	99	574	-55641.6	90.2042f	36.1049	4	1	1	0.0693069	0.019802	0.039604	9.90099e-09	0	0	0	0	0.890909	0.964587	0.281145	0.482759	0.893761	0.009901	0.0891089	9.90099e-09	1	0.105528	0.282918	0.666667	0.666667	1.5	1	1	127834	1e+20	7.15586e+12	66.7429	84.7462	89.1733	39.2744	90.2042	36.1049	
156000	-129484	-1256.8	-82687	-19452.1	0.109337	1	0.13022	15.3586	2.81476	0.0158014	19.9157	0.434211	6040	99	592	-55641.6	87.1339f	69.9095	4	1	1	0.0693069	0.019802	0.039604	9.90099e-09	0	0	0	0	0.918182	0.965461	0.252874	0.516667	0.879339	0.009901	0.0891089	9.90099e-09	1	0.121711	0.282095	0.666667	0.666667	1.5	1	1	127834	1e+20	7.15586e+12	55.9831	95.7212	93.2525	55.1754	87.1339	69.9095	
157000	-132697	-1256.8	-85900.7	-19911.2	0.110394	1	0.143377	13.9493	3.12908	0.012711	19.9157	0.354752	6248	99	665	-55641.6	87.6711f	46.5448	4	1	1	0.0693069	0.019802	0.039604	9.90099e-09	0	0	0	0	0.890909	0.969502	0.2832	0.550388	0.8704	0.009901	0.0891089	9.90099e-09	1	0.1232	0.26227	0.666667	0.666667	1.5	1	1	127834	1e+20	7.15586e+12	55.9831	95.7212	93.2525	55.1754	87.6711	46.5448	
158000	-134185	-1256.8	-87387.8	-20257.2	0.110394	1	0.137644	14.5302	3.00398	0.012886	19.9157	0.384914	6405	99	638	-55641.6	87.3071f	57.6665	4	1	1	0.0693069	0.019802	0.009901	9.90099e-09	0	0	0	0	0.9	0.96875	0.257053	0.587302	0.904836	0.009901	0.0792079	9.90099e-09	1	0.121685	0.285714	0.666667	0.666667	1.5	1	1	127834	1e+20	7.15586e+12	55.9831	95.7212	93.2525	55.1754	87.3071	57.6665	
159000	-133137	-1256.8	-86340.6	-20204.2	0.114046	1	0.137644	14.5302	2.98456	0.0219947	19.7223	0.387419	6383	99	569	-55641.6	97.5248f	64.6679	4	1	1	0.0594059	0.019802	0.009901	9.90099e-09	0	0	0	0	0.890909	0.976341	0.250784	0.516393	0.890995	0.009901	0.0792079	9.90099e-09	1	0.122257	0.28524	0.666667	0.666667	1.5	1	1	127834	1e+20	7.15586e+12	52.9342	92.9812	93.2525	55.1754	97.5248	64.6679	
160000	-134089	-1256.8	-87292.4	-20235.2	0.116809	1	0.137644	14.5302	3.11763	0.0178305	19.8196	0.370883	6397	99	638	-55641.6	88.5725f	27.3495	4	1	1	0.0594059	0.118812	0.009901	9.90099e-09	0	0	0	0	0.845455	0.964063	0.302034	0.548387	0.883648	0.009901	0.0792079	9.90099e-09	1	0.121875	0.279935	0.666667	0.666667	1.5	1	1	127834	1e+20	7.15586e+12	52.9342	92.9812	93.2525	55.1754	88.5725	27.3495	
161000	-134820	-1256.8	-88023.2	-20371.5	0.11391	1	0.137644	14.5302	3.13088	0.0158322	19.9657	0.369313	6460	99	636	-55641.6	91.4128f	58.1961	4	1	1	0.0594059	0.118812	0.009901	9.90099e-09	0	0	0	0	0.854545	0.95814	0.275701	0.558824	0.906542	0.009901	0.0792079	9.90099e-09	1	0.14486	0.290881	0.666667	0.666667	1.5	1	1	127834	1e+20	7.15586e+12	52.9342	92.9812	93.2525	55.1754	91.4128	58.1961	
162000	-135556	-1256.8	-88759.1	-20601.1	0.114285	1	0.128476	15.5672	2.93194	0.0228394	19.9657	0.422517	6566	99	594	-55641.6	99.7993f	59.4684	4	1	1	0.0594059	0.118812	0.009901	9.90099e-09	0	0	0	0	0.836364	0.958779	0.268293	0.460317	0.882897	0.009901	0.0792079	9.90099e-09	1	0.0980092	0.291465	0.666667	0.666667	1.5	1	1	127834	1e+20	7.15586e+12	52.9342	92.9812	93.2525	55.1754	99.7993	59.4684	
163000	-134253	-1256.8	-87456.3	-20327.4	0.114961	1	0.140759	14.2087	3.11472	0.0215122	19.7831	0.363015	6440	99	609	-55641.6	96.4571f	66.1514	4	1	1	0.0594059	0.118812	0.009901	9.90099e-09	0	0	0	0	0.863636	0.95356	0.23493	0.492063	0.893683	0.009901	0.0792079	9.90099e-09	1	0.130971	0.28482	0.666667	0.666667	1.5	1	1	127834	1e+20	7.15586e+12	52.9342	92.9812	93.2525	55.1754	96.4571	66.1514	
164000	-134013	-1256.8	-87216.2	-20191.2	0.11386	1	0.140993	14.1851	3.15631	0.010676	19.8884	0.357638	6377	99	650	-55641.6	80.4556f	66.4691	4	1	1	0.0594059	0.118812	0.009901	9.90099e-09	0	0	0	0	0.927273	0.965245	0.252747	0.492424	0.880691	9.90099e-09	0.0792079	9.90099e-09	1	0.131661	0.286164	0.666667	0.666667	1.5	1	1	127834	1e+20	7.15586e+12	52.9342	92.9812	93.2525	55.1754	80.4556	66.4691	
165000	-136568	-1256.8	-89771	-20471.4	0.11699	1	0.168102	11.8976	3.8929	0.00577817	19.9221	0.243206	6507	99	753	-55641.6	62.7533f	71.8002	4	1	1	0.0594059	0.118812	0.0594059	9.90099e-09	0	0	0	0	0.918182	0.940458	0.25228	0.583942	0.871166	9.90099e-09	0.0792079	9.90099e-09	1	0.16311	0.283747	0.666667	0.666667	1.5	1	1	127834	1e+20	7.15586e+12	52.9342	92.9812	93.2525	55.1754	62.7533	71.8002	
166000	-136902	-1256.8	-90104.7	-20567.9	0.11699	1	0.168102	11.8976	3.86096	0.0186408	19.8811	0.245218	6552	99	737	-55641.6	93.8091f	63.3363	4	1	1	0.0891089	0.0594059	0.0594059	9.90099e-09	0	0	0	0	0.909091	0.970904	0.246177	0.462585	0.874233	9.90099e-09	0.0792079	9.90099e-09	1	0.13872	0.279433	0.666667	0.666667	1.5	1	1	127834	1e+20	7.15586e+12	52.9342	92.9812	93.2525	55.1754	93.8091	63.3363	
167000	-136320	-1256.8	-89523.1	-20464.9	0.11699	1	0.151287	13.2199	3.47476	0.0134786	19.8811	0.302756	6504	99	728	-55641.6	82.7498f	29.0518	4	1	1	0.0891089	0.0594059	0.0594059	9.90099e-09	0	0	0	0	0.9	0.961479	0.280431	0.56338	0.875767	9.90099e-09	0.0792079	9.90099e-09	1	0.137134	0.286723	0.666667	0.666667	1.5	1	1	127834	1e+20	7.15586e+12	52.9342	92.9812	93.2525	55.1754	82.7498	29.0518	
168000	-135028	-1256.8	-88231.3	-20275.1	0.119362	1	0.16109	12.4155	3.81466	0.0134786	19.9332	0.258999	6414	99	709	-55641.6	82.7498f	29.0518	4	1	1	0.0891089	0.0594059	0.0594059	9.90099e-09	0	0	0	0	0.909091	0.97205	0.246106	0.564286	0.881804	9.90099e-09	0.0792079	9.90099e-09	1	0.131988	0.307692	0.666667	0.666667	1.5	1	1	127834	1e+20	7.15586e+12	52.9342	92.9812	93.2525	55.1754	82.7498	29.0518	
169000	-135791	-1256.8	-88994.5	-20413.4	0.116836	1	0.153875	12.9975	3.56671	0.0123117	19.9332	0.28999	6480	99	707	-55641.6	80.586f	71.1088	4	1	1	0.0891089	0.0594059	0.0594059	9.90099e-09	0	0	0	0	0.890909	0.96142	0.28483	0.454545	0.882263	9.90099e-09	0.0792079	9.90099e-09	1	0.131173	0.317212	0.666667	0.666667	1.5	1	1	127834	1e+20	7.15586e+12	60.5194	82.4186	93.2525	55.1754	80.586	71.1088	
170000	-137866	-1256.8	-91068.9	-20709.7	0.116836	1	0.163508	12.2319	3.63641	0.00978087	19.7282	0.267676	6618	99	756	-55641.6	82.4586f	56.8605	4	1	1	0.0891089	0.0594059	0.049505	9.90099e-09	0	0	0	0	0.9	0.972892	0.223404	0.560811	0.867982	9.90099e-09	0.0594059	9.90099e-09	1	0.161631	0.284712	0.666667	0.666667	1.5	1	1	127834	1e+20	7.15586e+12	74.4497	87.69	93.2525	55.1754	82.4586	56.8605	
171000	-138260	-1256.8	-91463	-20732.7	0.120794	1	0.163508	12.2319	3.83253	0.0146657	19.8232	0.253979	6629	99	773	-55641.6	88.3085f	63.499	4	1	1	0.0891089	0.0594059	0.049505	9.90099e-09	0	0	0	0	0.863636	0.950226	0.267372	0.452703	0.879154	9.90099e-09	0.0594059	9.90099e-09	1	0.177979	0.300499	0.666667	0.666667	1.5	1	1	127834	1e+20	7.15586e+12	82.1165	79.4501	66.6111	59.4112	88.3085	63.499	
172000	-136466	-1256.8	-89669.4	-20514.9	0.118993	1	0.163508	12.2319	3.7754	0.0042562	19.8232	0.257822	6527	99	721	-55641.6	69.3111f	60.0558	4	1	1	0.0594059	0.0891089	0.049505	9.90099e-09	0	0	0	0	0.827273	0.966412	0.263804	0.51634	0.877489	9.90099e-09	0.0594059	9.90099e-09	1	0.14242	0.284354	0.666667	0.666667	1.5	1	1	127834	1e+20	7.15586e+12	82.1165	79.4501	66.6111	59.4112	69.3111	60.0558	
173000	-137630	-1256.8	-90833.5	-20682	0.120856	1	0.163508	12.2319	3.83452	0.0102094	19.8232	0.253847	6605	99	749	-55641.6	49.1628f	83.443	4	1	1	0.0594059	0.0891089	0.049505	9.90099e-09	0	0	0	0	0.890909	0.941176	0.244713	0.523179	0.896084	9.90099e-09	0.0594059	9.90099e-09	1	0.133132	0.294889	0.666667	0.666667	1.5	1	1	127834	1e+20	7.15586e+12	82.1165	79.4501	66.6111	59.4112	49.1628	83.443	
174000	-136446	-1256.8	-89649	-20517.5	0.115139	1	0.163508	12.2319	3.65311	0.0150633	19.8232	0.266453	6528	99	720	-55641.6	77.2469f	80.6956	4	1	1	0.0594059	0.0891089	0.049505	9.90099e-09	0	0	0	0	0.863636	0.943683	0.239757	0.55102	0.874426	9.90099e-09	0.0594059	9.90099e-09	1	0.147014	0.294906	0.666667	0.666667	1.5	1	1	127834	1e+20	7.15586e+12	82.1165	79.4501	66.6111	59.4112	77.2469	80.6956	
175000	-135682	-1256.8	-88885.3	-20422.4	0.115139	1	0.171953	11.6311	3.31278	0.0241654	19.1024	0.279395	6484	99	702	-55641.6	70.9513f	2.56538	4	1	1	0.0594059	0.0891089	0.049505	9.90099e-09	0	0	0	0	0.827273	0.969088	0.224961	0.516779	0.876733	9.90099e-09	0.0594059	9.90099e-09	1	0.143077	0.311966	0.666667	0.666667	1.5	1	1	127834	1e+20	7.15586e+12	29.9205	94.2818	85.8332	35.1552	70.9513	2.56538	
176000	-135596	-1256.8	-88799.7	-20362.8	0.118179	1	0.172995	11.561	3.42087	0.00271061	19.1024	0.268936	6456	99	720	-55641.6	66.9042f	46.3108	4	1	1	0.0594059	0.0891089	0.019802	9.90099e-09	0	0	0	0	0.9	0.958398	0.209553	0.517007	0.889571	9.90099e-09	0.0594059	9.90099e-09	1	0.123839	0.275281	0.666667	0.666667	1.5	1	1	127834	1e+20	7.15586e+12	29.9205	94.2818	85.8332	35.1552	66.9042	46.3108	
177000	-138179	-1256.8	-91382.3	-20848.9	0.120443	1	0.164926	12.1267	3.32378	0.0212645	19.1024	0.290335	6684	99	724	-55641.6	91.7745f	24.6875	4	1	1	0.0594059	0.0891089	0.019802	9.90099e-09	0	0	0	0	0.863636	0.950746	0.233533	0.492857	0.881737	9.90099e-09	0.108911	9.90099e-09	1	0.121257	0.291436	0.666667	0.666667	1.5	1	1	127834	1e+20	7.15586e+12	82.3134	38.1578	85.8332	35.1552	91.7745	24.6875	
178000	-138172	-1256.8	-91374.8	-20927.2	0.120443	1	0.166221	12.0322	3.34989	0.0234539	19.1024	0.285827	6721	99	679	-55641.6	92.9497f	21.9684	4	1	1	0.0594059	0.0891089	0.019802	9.90099e-09	0	0	0	0	0.909091	0.96	0.247774	0.5	0.867257	9.90099e-09	0.108911	9.90099e-09	1	0.129272	0.271162	0.666667	0.666667	1.5	1	1	127834	1e+20	7.15586e+12	82.3134	38.1578	85.8332	35.1552	92.9497	21.9684	
179000	-138612	-1256.8	-91815.1	-20823.5	0.120443	1	0.166221	12.0322	3.82467	0.0102453	19.746	0.250345	6672	99	765	-55641.6	68.9214f	22.0577	4	1	1	0.0792079	0.0891089	0.019802	9.90099e-09	0	0	0	0	0.927273	0.967311	0.278932	0.529412	0.875186	9.90099e-09	0.108911	9.90099e-09	1	0.139259	0.311111	0.666667	0.666667	1.5	1	1	127834	1e+20	7.15586e+12	82.3134	38.1578	85.8332	35.1552	68.9214	22.0577	
180000	-138076	-1256.8	-91279.3	-20846.9	0.119224	1	0.146688	13.6344	3.34106	0.00644567	19.746	0.324745	6683	99	707	-55641.6	49.278f	23.5858	4	1	1	0.0792079	0.039604	0.019802	9.90099e-09	0	0	0	0	0.890909	0.959641	0.239163	0.575342	0.886398	9.90099e-09	0.108911	9.90099e-09	1	0.140508	0.330014	0.666667	0.666667	1.5	1	1	127834	1e+20	7.15586e+12	82.3134	38.1578	68.5624	34.8726	49.278	23.5858	
181000	-138143	-1256.8	-91346.6	-20940	0.121854	1	0.146688	13.6344	3.25868	0.00272835	19.5164	0.332955	6727	99	663	-55641.6	39.2089f	37.3711	4	1	1	0.0792079	0.039604	0.019802	9.90099e-09	0	0	0	0	0.881818	0.962963	0.274074	0.531469	0.891691	9.90099e-09	0.108911	9.90099e-09	1	0.127786	0.298867	0.666667	0.666667	1.5	1	1	127834	1e+20	7.15586e+12	66.0338	73.7174	68.5624	34.8726	39.2089	37.3711	
182000	-136376	-1256.8	-89579.1	-20699	0.116787	1	0.146891	13.6155	3.12752	0.00172332	19.5164	0.346436	6613	99	630	-55641.6	63.2599f	46.7772	4	1	1	0.0792079	0.039604	0.019802	9.90099e-09	0	0	0	0	0.9	0.956061	0.235294	0.519084	0.863636	9.90099e-09	0.108911	9.90099e-09	1	0.115152	0.286364	0.666667	0.666667	1.5	1	1	127834	1e+20	7.15586e+12	66.0338	73.7174	68.5624	34.8726	63.2599	46.7772	
183000	-133962	-1256.8	-87164.7	-20200.3	0.116261	1	0.146891	13.6155	3.29871	0.00849962	19.8005	0.328458	6381	99	647	-55641.6	62.406f	21.9871	4	1	1	0.0792079	0.039604	0.019802	9.90099e-09	0	0	0	0	0.854545	0.951487	0.264476	0.564516	0.88558	9.90099e-09	0.0990099	9.90099e-09	1	0.131455	0.302439	0.666667	0.666667	1.5	1	1	127834	1e+20	7.15586e+12	82.4975	38.8854	68.5624	34.8726	62.406	21.9871	
184000	-135182	-1256.8	-88384.9	-20439.7	0.1182	1	0.146954	13.6097	3.28792	0.0047565	19.7005	0.329396	6492	99	643	-55641.6	39.4271f	69.7793	4	1	1	0.0792079	0.039604	0.019802	9.90099e-09	0	0	0	0	0.827273	0.969231	0.266154	0.574627	0.876923	9.90099e-09	0.0990099	9.90099e-09	1	0.127692	0.313665	0.666667	0.666667	1.5	1	1	127834	1e+20	7.15586e+12	92.1204	43.7404	68.5624	34.8726	39.4271	69.7793	
185000	-136230	-1256.8	-89433.4	-20518.7	0.1182	1	0.146954	13.6097	3.28792	0.00835498	19.7005	0.329396	6529	99	692	-55641.6	76.5451f	65.2399	4	1	1	0.0594059	0.039604	0.019802	9.90099e-09	0	0	0	0	0.872727	0.955521	0.254962	0.546099	0.877489	9.90099e-09	0.0990099	9.90099e-09	1	0.127106	0.291785	0.666667	0.666667	1.5	1	1	127834	1e+20	7.15586e+12	92.1204	43.7404	68.5624	34.8726	76.5451	65.2399	
186000	-137796	-1256.8	-90999.5	-20768.4	0.118562	1	0.156654	12.767	3.51566	0.00740105	19.7005	0.288982	6646	99	719	-55641.6	71.3533f	30.795	4	1	1	0.0594059	0.039604	0.019802	9.90099e-09	0	0	0	0	0.881818	0.947917	0.249258	0.47619	0.88172	9.90099e-09	0.0990099	9.90099e-09	1	0.130827	0.310773	0.666667	0.666667	1.5	1	1	127834	1e+20	7.15586e+12	92.1204	43.7404	68.5624	34.8726	71.3533	30.795	
187000	-136441	-1256.8	-89643.8	-20542.4	0.118562	1	0.157235	12.7198	3.53344	0.00468633	19.7072	0.286466	6540	99	705	-55641.6	71.866f	43.2559	4	1	1	0.0594059	0.039604	0.019802	9.90099e-09	0	0	0	0	0.872727	0.95586	0.236641	0.577465	0.857791	9.90099e-09	0.0990099	9.90099e-09	1	0.128244	0.298319	0.666667	0.666667	1.5	1	1	127834	1e+20	7.15586e+12	92.1204	43.7404	68.5624	34.8726	71.866	43.2559	
188000	-137771	-1256.8	-90974.1	-20732.1	0.118791	1	0.157235	12.7198	3.54027	0.00370411	19.7072	0.285913	6629	99	729	-55641.6	67.7255f	59.847	4	1	1	0.0594059	0.039604	0.019802	9.90099e-09	0	0	0	0	0.9	0.963636	0.24247	0.564935	0.876506	9.90099e-09	0.0990099	9.90099e-09	1	0.138554	0.270492	0.666667	0.666667	1.5	1	1	127834	1e+20	7.15586e+12	92.1204	43.7404	68.5624	34.8726	67.7255	59.847	
189000	-136026	-1256.8	-89229.5	-20372.5	0.116079	1	0.162507	12.3071	3.57548	0.0195448	19.7072	0.273913	6461	99	749	-55641.6	74.596f	10.3335	4	1	1	0.0594059	0.039604	0.029703	9.90099e-09	0	0	0	0	0.845455	0.941176	0.270898	0.543046	0.845201	9.90099e-09	0.0693069	9.90099e-09	1	0.145511	0.33244	0.666667	0.666667	1.5	1	1	127834	1e+20	7.15586e+12	92.1204	43.7404	93.3567	11.4843	74.596	10.3335	
190000	-136076	-1256.8	-89279.4	-20544.6	0.116394	1	0.14873	13.4472	3.25161	0.0293884	19.6626	0.329096	6541	99	669	-55641.6	98.9241f	19.9564	4	1	1	0.0594059	0.039604	0.029703	9.90099e-09	0	0	0	0	0.909091	0.960426	0.268702	0.470149	0.899543	9.90099e-09	0.0693069	9.90099e-09	1	0.129771	0.285075	0.666667	0.666667	1.5	1	1	127834	1e+20	7.15586e+12	39.8171	88.588	92.6245	7.90997	98.9241	19.9564	
191000	-135145	-1256.8	-88348.4	-20329.5	0.116394	1	0.157106	12.7303	3.30924	0.0237056	19.4804	0.306125	6441	99	688	-55641.6	97.0726f	28.8669	4	1	1	0.049505	0.039604	0.029703	9.90099e-09	0	0	0	0	0.945455	0.962733	0.247278	0.478571	0.868012	9.90099e-09	0.0693069	9.90099e-09	1	0.141085	0.30303	0.666667	0.666667	1.5	1	1	127834	1e+20	7.15586e+12	47.5956	73.2012	92.6245	7.90997	97.0726	28.8669	
192000	-137171	-1256.8	-90374.3	-20596.2	0.116394	1	0.157106	12.7303	3.53721	0.0425399	19.8076	0.286396	6565	99	741	-55641.6	98.7111f	1.15245	4	1	1	0.049505	0.039604	0.029703	9.90099e-09	0	0	0	0	0.872727	0.960245	0.287462	0.587413	0.881279	9.90099e-09	0.0693069	9.90099e-09	1	0.141553	0.274566	0.666667	0.666667	1.5	1	1	127834	1e+20	7.15586e+12	40.8336	80.383	92.6245	7.90997	98.7111	1.15245	
193000	-138077	-1256.8	-91280	-20857.9	0.121747	1	0.157106	12.7303	3.6999	0.015017	19.8076	0.273802	6688	99	703	-55641.6	74.965f	17.5676	4	1	1	0.049505	0.049505	0.029703	9.90099e-09	0	0	0	0	0.9	0.956391	0.26284	0.514085	0.869955	9.90099e-09	0.0693069	9.90099e-09	1	0.116592	0.30441	0.666667	0.666667	1.5	1	1	127834	1e+20	7.15586e+12	73.3004	61.1647	92.6245	7.90997	74.965	17.5676	
194000	-133996	-1256.8	-87199.7	-20133.7	0.111912	1	0.157106	12.7303	3.47204	0.031386	19.9102	0.291771	6350	99	683	-55641.6	86.1549f	3.10503	4	1	1	0.049505	0.049505	0.029703	9.90099e-09	0	0	0	0	0.881818	0.962264	0.250394	0.550725	0.874214	9.90099e-09	0.0693069	9.90099e-09	1	0.141509	0.329412	0.666667	0.666667	1.5	1	1	127834	1e+20	7.15586e+12	25.3417	71.6846	92.6245	7.90997	86.1549	3.10503	
195000	-134653	-1256.8	-87856.7	-20180.3	0.114143	1	0.157106	12.7303	3.54126	0.0253103	19.9102	0.286068	6372	99	713	-55641.6	97.5125f	25.8367	4	1	1	0.049505	0.049505	0.0594059	9.90099e-09	0	0	0	0	0.9	0.952681	0.285714	0.559441	0.862776	9.90099e-09	0.128713	9.90099e-09	1	0.141066	0.305132	0.666667	0.666667	1.5	1	1	127834	1e+20	7.15586e+12	25.3417	71.6846	92.6245	7.90997	97.5125	25.8367	
196000	-132164	-1256.8	-85367.5	-19745.3	0.106059	1	0.158564	12.6132	3.32097	0.0151816	19.9102	0.30224	6170	99	703	-55641.6	71.1596f	14.7558	4	1	1	0.049505	0.049505	0.0594059	9.90099e-09	0	0	0	0	0.809091	0.951378	0.26248	0.489655	0.848631	9.90099e-09	0.128713	9.90099e-09	1	0.147488	0.289875	0.666667	0.666667	1.5	1	1	127834	1e+20	7.15586e+12	65.3773	87.8072	92.6245	7.90997	71.1596	14.7558	
197000	-129128	-1256.8	-82331.7	-19269.6	0.106059	1	0.14986	13.3458	3.02737	0.0221424	19.7313	0.350808	5958	99	649	-55641.6	89.8312f	20.0822	4	1	1	0.049505	0.049505	0.0594059	9.90099e-09	0	0	0	0	0.872727	0.96796	0.271647	0.576923	0.895447	9.90099e-09	0.128713	9.90099e-09	1	0.120805	0.305426	0.666667	0.666667	1.5	1	1	127834	1e+20	7.15586e+12	65.3773	87.8072	92.6245	7.90997	89.8312	20.0822	
198000	-128624	-1256.8	-81827.6	-19253.7	0.106989	1	0.146445	13.657	2.98434	0.032231	19.7313	0.364164	5951	99	614	-55641.6	94.6783f	9.84824	4	1	1	0.0891089	0.049505	0.0594059	9.90099e-09	0	0	0	0	0.9	0.962901	0.292724	0.533333	0.881956	9.90099e-09	0.128713	9.90099e-09	1	0.134228	0.288245	0.666667	0.666667	1.5	1	1	127834	1e+20	7.15586e+12	65.3773	87.8072	92.6245	7.90997	94.6783	9.84824	
199000	-129803	-1256.8	-83006	-19463.1	0.108899	1	0.146445	13.657	2.86855	0.0147571	19.4508	0.378863	6045	99	622	-55641.6	84.9577f	29.1766	4	1	1	0.0891089	0.049505	0.0594059	9.90099e-09	0	0	0	0	0.854545	0.968491	0.259567	0.503937	0.891667	9.90099e-09	0.128713	9.90099e-09	1	0.119403	0.305057	0.666667	0.666667	1.5	1	1	127834	1e+20	7.15586e+12	26.7314	93.8355	92.6245	7.90997	84.9577	29.1766	
200000	-132118	-1256.8	-85321.4	-19730.8	0.109634	1	0.152479	13.1166	3.00688	0.0347654	19.4508	0.347131	6166	99	707	-55641.6	98.4049f	10.6208	4	1	1	0.0891089	0.0891089	0.0594059	9.90099e-09	0	0	0	0	0.854545	0.949675	0.248377	0.527778	0.857374	9.90099e-09	0.128713	9.90099e-09	1	0.144246	0.292072	0.666667	0.666667	1.5	1	1	127834	1e+20	7.15586e+12	26.7314	93.8355	92.6245	7.90997	98.4049	10.6208	
201000	-134066	-1256.8	-87268.8	-20070.4	0.111765	1	0.152479	13.1166	3.17037	0.031276	19.6154	0.329231	6321	99	718	-55641.6	98.5659f	16.1305	4	1	1	0.0891089	0.0891089	0.049505	9.90099e-09	0	0	0	0	0.881818	0.944089	0.27345	0.507042	0.874404	9.90099e-09	0.0990099	9.90099e-09	1	0.141494	0.276316	0.666667	0.666667	1.5	1	1	127834	1e+20	7.15586e+12	42.8773	98.8379	87.8136	6.00093	98.5659	16.1305	
202000	-132377	-1256.8	-85580.1	-19884.6	0.113482	1	0.152479	13.1166	3.25977	0.0143786	19.677	0.320202	6236	99	657	-55641.6	67.5614f	14.0995	4	1	1	0.0891089	0.0891089	0.049505	9.90099e-09	0	0	0	0	0.936364	0.953895	0.232	0.511278	0.875994	9.90099e-09	0.0990099	9.90099e-09	1	0.1344	0.297297	0.666667	0.666667	1.5	1	1	127834	1e+20	7.15586e+12	42.8773	98.8379	87.8136	6.00093	67.5614	14.0995	
203000	-132738	-1256.8	-85940.8	-19947.7	0.113482	1	0.159838	12.5127	3.48707	0.0219022	19.777	0.285548	6265	99	658	-55641.6	99.4835f	46.0091	4	1	1	0.0693069	0.0891089	0.049505	9.90099e-09	0	0	0	0	0.872727	0.953526	0.232855	0.560606	0.891547	9.90099e-09	0.0990099	9.90099e-09	1	0.129187	0.287462	0.666667	0.666667	1.5	1	1	127834	1e+20	7.15586e+12	27.8037	95.0999	87.8136	6.00093	99.4835	46.0091	
204000	-134781	-1256.8	-87983.8	-20213.1	0.113482	1	0.157782	12.6757	3.44223	0.0274955	19.777	0.293037	6387	99	709	-55641.6	86.0779f	7.90656	4	1	1	0.0693069	0.0891089	0.049505	9.90099e-09	0	0	0	0	0.9	0.954331	0.286164	0.51145	0.869291	9.90099e-09	0.0990099	9.90099e-09	1	0.150943	0.285281	0.666667	0.666667	1.5	1	1	127834	1e+20	7.15586e+12	41.9516	97.5666	87.8136	6.00093	86.0779	7.90656	
205000	-132289	-1256.8	-85492.3	-19765.8	0.111895	1	0.157782	12.6757	3.39409	0.0162186	19.777	0.297193	6182	99	702	-55641.6	90.7507f	37.2243	4	1	1	0.0693069	0.0891089	0.049505	9.90099e-09	0	0	0	0	0.790909	0.956452	0.246753	0.439716	0.87034	9.90099e-09	0.0990099	9.90099e-09	1	0.135922	0.30791	0.666667	0.666667	1.5	1	1	127834	1e+20	7.15586e+12	73.7216	95.1556	87.8136	6.00093	90.7507	37.2243	
206000	-131739	-1256.8	-84942.5	-19750.3	0.111276	1	0.146782	13.6257	3.13997	0.0295881	19.777	0.345321	6175	99	658	-55641.6	98.7151f	19.2585	4	1	1	0.0693069	0.0792079	0.049505	9.90099e-09	0	0	0	0	0.872727	0.967532	0.256911	0.544776	0.875203	9.90099e-09	0.0990099	9.90099e-09	1	0.122977	0.282675	0.666667	0.666667	1.5	1	1	127834	1e+20	7.15586e+12	41.9516	97.5666	87.8136	6.00093	98.7151	19.2585	
207000	-134044	-1256.8	-87247	-20071.8	0.113092	1	0.146782	13.6257	3.19122	0.0287697	19.777	0.339775	6322	99	712	-55641.6	92.5958f	12.4908	4	1	1	0.0693069	0.0792079	0.029703	9.90099e-09	0	0	0	0	0.881818	0.949287	0.25873	0.543478	0.865079	9.90099e-09	0.108911	9.90099e-09	1	0.135861	0.2992	0.666667	0.666667	1.5	1	1	127834	1e+20	7.15586e+12	41.9516	97.5666	86.4458	9.89021	92.5958	12.4908	
208000	-133047	-1256.8	-86249.8	-20163.3	0.113092	1	0.137922	14.5009	2.97375	0.0188847	19.7359	0.388043	6364	99	583	-55641.6	70.7004f	9.0995	4	1	1	0.0693069	0.0792079	0.029703	9.90099e-09	0	0	0	0	0.9	0.971875	0.239875	0.504	0.856698	9.90099e-09	0.108911	9.90099e-09	1	0.107477	0.265546	0.666667	0.666667	1.5	1	1	127834	1e+20	7.15586e+12	41.9516	97.5666	97.7909	31.3781	70.7004	9.0995	
209000	-135426	-1256.8	-88629.5	-20441.3	0.116297	1	0.150802	13.2625	3.38188	0.0388407	19.7922	0.312073	6493	99	663	-55641.6	93.779f	0.744303	4	1	1	0.0792079	0.0792079	0.029703	9.90099e-09	0	0	0	0	0.954545	0.969325	0.270769	0.547445	0.87404	9.90099e-09	0.108911	9.90099e-09	1	0.124615	0.326087	0.666667	0.666667	1.5	1	1	127834	1e+20	7.15586e+12	41.9516	97.5666	97.7909	31.3781	93.779	0.744303	
210000	-138902	-1256.8	-92104.9	-20994.9	0.12054	1	0.149761	13.3546	3.48109	0.0178943	19.7922	0.305285	6753	99	707	-55641.6	74.4438f	12.6213	4	1	1	0.0792079	0.0792079	0.029703	9.90099e-09	0	0	0	0	0.918182	0.94963	0.237952	0.540541	0.876692	9.90099e-09	0.108911	9.90099e-09	1	0.122781	0.287671	0.666667	0.666667	1.5	1	1	127834	1e+20	7.15586e+12	41.9516	97.5666	97.7909	31.3781	74.4438	12.6213	
211000	-138376	-1256.8	-91579.7	-20944.2	0.121663	1	0.150226	13.3133	3.40561	0.0248215	19.6232	0.311086	6729	99	679	-55641.6	83.542f	9.39707	4	1	1	0.0792079	0.0792079	0.029703	9.90099e-09	0	0	0	0	0.854545	0.958641	0.243323	0.5	0.906942	9.90099e-09	0.108911	9.90099e-09	1	0.121842	0.281938	0.666667	0.666667	1.5	1	1	127834	1e+20	7.15586e+12	41.9516	97.5666	97.7909	31.3781	83.542	9.39707	
212000	-136916	-1256.8	-90118.8	-20766.2	0.120101	1	0.134309	14.891	3.00569	0.0237525	19.6232	0.394249	6645	99	636	-55641.6	95.2171f	25.0751	4	1	1	0.0792079	0.0792079	0.029703	9.90099e-09	0	0	0	0	0.936364	0.963964	0.250375	0.565891	0.873887	9.90099e-09	0.108911	9.90099e-09	1	0.13985	0.291101	0.666667	0.666667	1.5	1	1	127834	1e+20	7.15586e+12	41.9516	97.5666	97.7909	31.3781	95.2171	25.0751	
213000	-138432	-1256.8	-91634.8	-20931.5	0.120101	1	0.138246	14.4669	3.09381	0.0159715	19.6232	0.372112	6723	99	692	-55641.6	92.2216f	53.9512	4	1	1	0.0792079	0.0792079	0.029703	9.90099e-09	0	0	0	0	0.863636	0.977712	0.254086	0.514493	0.904903	9.90099e-09	0.0594059	9.90099e-09	1	0.141159	0.293292	0.666667	0.666667	1.5	1	1	127834	1e+20	7.15586e+12	41.9516	97.5666	97.7909	31.3781	92.2216	53.9512	
214000	-140402	-1256.8	-93605.2	-21127.7	0.121219	1	0.159415	12.5459	3.47398	0.0201867	19.4482	0.287385	6816	99	780	-55641.6	84.7394f	17.5588	4	1	1	0.0792079	0.0792079	0.039604	9.90099e-09	0	0	0	0	0.918182	0.951327	0.259259	0.470199	0.86963	9.90099e-09	0.0594059	9.90099e-09	1	0.133431	0.283044	0.666667	0.666667	1.5	1	1	127834	1e+20	7.15586e+12	87.469	64.0082	87.0448	28.8243	84.7394	17.5588	
215000	-137678	-1256.8	-90880.9	-20728.8	0.121219	1	0.161721	12.367	3.68292	0.0169197	19.6636	0.267216	6627	99	726	-55641.6	91.8808f	37.7978	4	1	1	0.0792079	0.0792079	0.039604	9.90099e-09	0	0	0	0	0.909091	0.957831	0.25753	0.554795	0.887048	9.90099e-09	0.0594059	9.90099e-09	1	0.14759	0.273826	0.666667	0.666667	1.5	1	1	127834	1e+20	7.15586e+12	87.469	64.0082	94.5211	17.8992	91.8808	37.7978	
216000	-138044	-1256.8	-91247.3	-20755.5	0.118912	1	0.14993	13.3396	3.5627	0.00344163	19.9693	0.297956	6640	99	740	-55641.6	64.8521f	37.4322	4	1	1	0.0693069	0.0792079	0.039604	9.90099e-09	0	0	0	0	0.881818	0.948949	0.257143	0.57047	0.896241	9.90099e-09	0.0594059	9.90099e-09	1	0.118797	0.272363	0.666667	0.666667	1.5	1	1	127834	1e+20	7.15586e+12	17.4529	84.453	84.5633	39.1379	64.8521	37.4322	
217000	-138727	-1256.8	-91930.7	-20861.8	0.119255	1	0.155587	12.8545	3.7078	0.000678388	19.9693	0.275886	6690	99	751	-55641.6	44.7779f	55.1211	4	1	1	0.0693069	0.0792079	0.039604	9.90099e-09	0	0	0	0	0.890909	0.959398	0.236527	0.566667	0.882883	9.90099e-09	0.0594059	9.90099e-09	1	0.145865	0.29028	0.666667	0.666667	1.5	1	1	127834	1e+20	7.15586e+12	74.2876	79.7506	84.5633	39.1379	44.7779	55.1211	
218000	-138688	-1256.8	-91891.2	-20830	0.121075	1	0.155587	12.8545	3.72151	0.00721016	19.9122	0.27487	6675	99	762	-55641.6	65.1342f	26.1523	4	1	1	0.0693069	0.0792079	0.039604	9.90099e-09	0	0	0	0	0.809091	0.948872	0.246637	0.49375	0.883234	9.90099e-09	0.0594059	9.90099e-09	1	0.136228	0.284076	0.666667	0.666667	1.5	1	1	127834	1e+20	7.15586e+12	74.2876	79.7506	84.5633	39.1379	65.1342	26.1523	
219000	-138495	-1256.8	-91698.2	-20994.7	0.121075	1	0.152951	13.0761	3.65846	0.00573111	19.9122	0.284426	6753	99	666	-55641.6	67.7295f	32.0727	4	1	1	0.0693069	0.118812	0.0693069	9.90099e-09	0	0	0	0	0.836364	0.957164	0.245926	0.544218	0.886263	9.90099e-09	0.128713	9.90099e-09	1	0.122963	0.243243	0.666667	0.666667	1.5	1	1	127834	1e+20	7.15586e+12	74.2876	79.7506	84.5633	39.1379	67.7295	32.0727	
220000	-137258	-1256.8	-90461.3	-20728.7	0.121075	1	0.152951	13.0761	3.48566	0.00790861	19.6728	0.298526	6627	99	691	-55641.6	72.9975f	68.8483	4	1	1	0.0693069	0.118812	0.0693069	9.90099e-09	0	0	0	0	0.890909	0.948718	0.258308	0.514085	0.897436	9.90099e-09	0.128713	9.90099e-09	1	0.146305	0.267647	0.666667	0.666667	1.5	1	1	127834	1e+20	7.15586e+12	74.2876	79.7506	84.5633	39.1379	72.9975	68.8483	
221000	-135734	-1256.8	-88937	-20570	0.118366	1	0.146228	13.6773	2.99733	0.00812663	19.2671	0.363124	6553	99	632	-55641.6	80.0967f	52.9056	4	1	1	0.049505	0.118812	0.0693069	9.90099e-09	0	0	0	0	0.845455	0.96347	0.216134	0.555556	0.884323	9.90099e-09	0.128713	9.90099e-09	1	0.112633	0.27057	0.666667	0.666667	1.5	1	1	127834	1e+20	7.15586e+12	51.1821	88.0404	84.5633	39.1379	80.0967	52.9056	
222000	-138597	-1256.8	-91800.7	-21045.4	0.12105	1	0.139995	14.2862	3.23142	0.00764565	19.7368	0.351815	6777	99	655	-55641.6	78.7311f	44.1947	4	1	1	0.049505	0.118812	0.0693069	9.90099e-09	0	0	0	0	0.863636	0.975	0.237814	0.440299	0.891691	9.90099e-09	0.128713	9.90099e-09	1	0.128508	0.314642	0.666667	0.666667	1.5	1	1	127834	1e+20	7.15586e+12	51.1821	88.0404	84.5633	39.1379	78.7311	44.1947	
223000	-137629	-1256.8	-90832.1	-20927.8	0.119166	1	0.139995	14.2862	3.18115	0.0175562	19.7368	0.357375	6721	99	626	-55641.6	58.6094f	93.2607	4	1	1	0.049505	0.118812	0.0693069	9.90099e-09	0	0	0	0	0.872727	0.962742	0.261905	0.547619	0.892697	9.90099e-09	0.128713	9.90099e-09	1	0.120357	0.2944	0.666667	0.666667	1.5	1	1	127834	1e+20	7.15586e+12	12.8998	65.5236	84.5633	39.1379	58.6094	93.2607	
224000	-137389	-1256.8	-90592.6	-20739.2	0.117371	1	0.139995	14.2862	3.25961	0.0130679	19.9329	0.348772	6632	99	690	-55641.6	26.284f	79.2219	4	1	1	0.049505	0.118812	0.0693069	9.90099e-09	0	0	0	0	0.890909	0.952239	0.269345	0.496403	0.889387	9.90099e-09	0.128713	9.90099e-09	1	0.143284	0.281633	0.666667	0.666667	1.5	1	1	127834	1e+20	7.15586e+12	12.8998	65.5236	43.1139	74.7551	26.284	79.2219	
225000	-137163	-1256.8	-90365.7	-20744.9	0.119993	1	0.141252	14.1591	3.36232	0.0157444	19.9329	0.33511	6635	99	668	-55641.6	48.7265f	91.6337	4	1	1	0.049505	0.049505	0.0693069	9.90099e-09	0	0	0	0	0.890909	0.97281	0.254518	0.541985	0.889728	9.90099e-09	0.0792079	9.90099e-09	1	0.114458	0.281005	0.666667	0.666667	1.5	1	1	127834	1e+20	7.15586e+12	12.8998	65.5236	43.1139	74.7551	48.7265	91.6337	
226000	-136302	-1256.8	-89505.1	-20772.5	0.119198	1	0.125475	15.9394	2.967	0.0177528	19.9329	0.427508	6648	99	577	-55641.6	60.8595f	93.0302	4	1	1	0.049505	0.049505	0.0594059	9.90099e-09	0	0	0	0	0.909091	0.972973	0.228228	0.508065	0.921805	9.90099e-09	0.0792079	9.90099e-09	1	0.103759	0.308458	0.666667	0.666667	1.5	1	1	127834	1e+20	7.15586e+12	12.8998	65.5236	43.1139	74.7551	60.8595	93.0302	
227000	-138715	-1256.8	-91918.5	-21166	0.119198	1	0.126615	15.7959	2.99396	0.00544496	19.9329	0.419844	6833	99	605	-55641.6	47.5135f	74.1022	4	1	1	0.0594059	0.049505	0.0594059	9.90099e-09	0	0	0	0	0.927273	0.975073	0.22807	0.449153	0.913743	9.90099e-09	0.0792079	9.90099e-09	1	0.130117	0.275862	0.666667	0.666667	1.5	1	1	127834	1e+20	7.15586e+12	12.8998	65.5236	43.1139	74.7551	47.5135	74.1022	
228000	-136027	-1256.8	-89230.3	-20672.5	0.119198	1	0.127684	15.6636	3.01923	0.00343326	19.9329	0.412845	6601	99	602	-55641.6	67.6186f	58.3935	4	1	1	0.0594059	0.049505	0.0594059	9.90099e-09	0	0	0	0	0.890909	0.957576	0.235294	0.45	0.868381	9.90099e-09	0.0792079	9.90099e-09	1	0.125378	0.27377	0.666667	0.666667	1.5	1	1	127834	1e+20	7.15586e+12	12.8998	65.5236	43.1139	74.7551	67.6186	58.3935	
229000	-136656	-1256.8	-89859.6	-20672.5	0.119198	1	0.134399	14.881	3.17802	0.00533552	19.9329	0.372621	6601	99	657	-55641.6	67.7516f	66.6689	4	1	1	0.0594059	0.049505	0.0594059	9.90099e-09	0	0	0	0	0.872727	0.965465	0.256061	0.540741	0.906907	9.90099e-09	0.0792079	9.90099e-09	1	0.128593	0.285276	0.666667	0.666667	1.5	1	1	127834	1e+20	7.15586e+12	12.8998	65.5236	43.1139	74.7551	67.7516	66.6689	
230000	-136696	-1256.8	-89899.3	-20679.2	0.117375	1	0.134399	14.881	3.0622	0.0128832	19.825	0.386714	6604	99	662	-55641.6	80.2778f	72.9722	4	1	1	0.0594059	0.049505	0.0594059	9.90099e-09	0	0	0	0	0.909091	0.960606	0.28356	0.540984	0.90469	9.90099e-09	0.0792079	9.90099e-09	1	0.131619	0.30538	0.666667	0.666667	1.5	1	1	127834	1e+20	7.15586e+12	12.8998	65.5236	43.1139	74.7551	80.2778	72.9722	
231000	-137023	-1256.8	-90225.8	-20766.2	0.120187	1	0.131671	15.1894	3.06799	0.00756893	19.8187	0.393983	6645	99	645	-55641.6	57.7891f	77.789	4	1	1	0.0594059	0.0693069	0.0594059	9.90099e-09	0	0	0	0	0.836364	0.941791	0.256334	0.534351	0.891403	9.90099e-09	0.0792079	9.90099e-09	1	0.115789	0.28483	0.666667	0.666667	1.5	1	1	127834	1e+20	7.15586e+12	12.8998	65.5236	43.1139	74.7551	57.7891	77.789	
232000	-137358	-1256.8	-90561	-20884.9	0.120187	1	0.131671	15.1894	3.06799	0.00846317	19.8187	0.393983	6701	99	621	-55641.6	36.7448f	77.1595	4	1	1	0.0594059	0.0693069	0.0594059	9.90099e-09	0	0	0	0	0.881818	0.974627	0.266766	0.546875	0.895052	9.90099e-09	0.0792079	9.90099e-09	1	0.0894188	0.293076	0.666667	0.666667	1.5	1	1	127834	1e+20	7.15586e+12	40.889	90.3247	43.1139	74.7551	36.7448	77.1595	
233000	-137087	-1256.8	-90289.9	-20706.9	0.120187	1	0.131671	15.1894	3.06799	0.0139524	19.8187	0.393983	6617	99	681	-55641.6	36.6361f	86.6858	4	1	1	0.0594059	0.0693069	0.019802	9.90099e-09	0	0	0	0	0.872727	0.964992	0.263636	0.492424	0.884848	9.90099e-09	0.0792079	9.90099e-09	1	0.138973	0.324451	0.666667	0.666667	1.5	1	1	127834	1e+20	7.15586e+12	40.889	90.3247	43.1139	74.7551	36.6361	86.6858	
234000	-138514	-1256.8	-91717.6	-20942.9	0.122996	1	0.133806	14.947	3.19061	0.00309165	19.8187	0.372794	6728	99	695	-55641.6	46.7536f	67.7132	4	1	1	0.0594059	0.0693069	0.019802	9.90099e-09	0	0	0	0	0.881818	0.965875	0.261448	0.528571	0.880355	9.90099e-09	0.0792079	9.90099e-09	1	0.114243	0.293103	0.666667	0.666667	1.5	1	1	127834	1e+20	7.15586e+12	40.889	90.3247	43.1139	74.7551	46.7536	67.7132	
235000	-139745	-1256.8	-92947.9	-21186.5	0.124482	1	0.133884	14.9383	3.066	0.0104053	19.5606	0.387721	6844	99	691	-55641.6	33.3576f	79.1461	4	1	1	0.0594059	0.0693069	0.019802	9.90099e-09	0	0	0	0	0.890909	0.972464	0.25436	0.558824	0.885174	9.90099e-09	0.0792079	9.90099e-09	1	0.121701	0.309696	0.666667	0.666667	1.5	1	1	127834	1e+20	7.15586e+12	40.889	90.3247	43.1139	74.7551	33.3576	79.1461	
236000	-139202	-1256.8	-92405.4	-21153.2	0.124482	1	0.13985	14.301	3.20262	0.0130633	19.5606	0.355347	6828	99	659	-55641.6	42.5215f	87.0799	4	1	1	0.0594059	0.0594059	0.019802	9.90099e-09	0	0	0	0	0.872727	0.95301	0.265786	0.566176	0.887262	9.90099e-09	0.0792079	9.90099e-09	1	0.121523	0.293051	0.666667	0.666667	1.5	1	1	127834	1e+20	7.15586e+12	40.889	90.3247	43.1139	74.7551	42.5215	87.0799	
237000	-137838	-1256.8	-91040.8	-20896.4	0.118452	1	0.13985	14.301	3.04748	0.0098025	19.5606	0.373436	6706	99	662	-55641.6	54.0369f	82.5874	4	1	1	0.0594059	0.0594059	0.019802	9.90099e-09	0	0	0	0	0.881818	0.973294	0.297177	0.496063	0.879822	9.90099e-09	0.0792079	9.90099e-09	1	0.141159	0.253776	0.666667	0.666667	1.5	1	1	127834	1e+20	7.15586e+12	40.889	90.3247	71.7477	78.2916	54.0369	82.5874	
238000	-138600	-1256.8	-91802.9	-21124.3	0.118647	1	0.13781	14.5128	3.00796	0.0209369	