
# before rand glnL: -80562.315670 alnL: -1192.014015
# ninter: 99
# ncoal: 99
# nhits: 99
# true lbda: 0.001308
# true mu: 0.725588
# true rad: 58.755518
# true sigsq: 14.210060
# true neigh. size: 2.756384
# fst-based estimate of neighborhood size: -nan
# nucleotide diversity: 0.000000
# length of a generation: 4505.89 time units
# clock rate: 1 subst. per time unit
# after rand glnL: -80562.315670 alnL: -1192.014015
# ninter: 99
# ncoal: 99
# nhits: 99
# start lbda: 0.001308
# start mu: 0.725588
# start rad: 19.294075
sample	lnP	alnL	glnL	tlnL	lbda	clock	mu	neigh	sigsq	sigsqobs	rad	rhoe	nInt	nCoal	nHit	rootTime	rootLon	rootLat	tstv	alpha	MeanBr	accLbda	accMu	accRad	accInDelDisk	accInDelHit	accScaleTime	accSPR	accSPRlocal	accPath	accIndelDiskSerial	accIndelHitSerial	accLdskGivenDisk	accDiskGivenLdsk	accDiskAndLdsk	accLdskMulti	accDiskMulti	accMoveDiskUD	accAddRemoveJump	accLdskTipToRoot	tuneLbda	tuneRad	tuneMu	tuneIndelDisk	tuneIndelHit	tuneLdskGivenDisk	tuneIndelDiskSerial	tuneIndelHitSerial	c0	c1	rootc0	rootc1	rootldsk0	rootldsk1	
  1000	-52520.6	-1192.01	-5788.61	-1617.61	0.00314755	1	0.303359	6.59285	0.166278	0.00921526	19.2941	3.15521	239	99	121	-76471.4	84.3574f	35.0534	4	1	1	0	0	0	0	0	0	0	0	0.954545	0.784314	0.241071	0.38835	0.614035	0	0	0	1	0.141667	0.203252	1	1	1	1	1	1.5	5.0625	5.0625	88.3954	45.0675	87.7157	49.2094	84.3574	35.0534	
  2000	-55592.1	-1192.01	-8860.06	-2632.09	0.00537296	1	0.253181	7.8995	0.236892	0.000401056	19.2941	2.65362	425	99	156	-76471.4	43.4332f	51.1127	4	1	1	0	0	0	0	0	0	0	0	0.936364	0.910569	0.282258	0.583333	0.666667	0	0	0	1	0.224	0.358621	1	1	1	1	1	2.25	437.894	57.665	88.3954	45.0675	87.7157	49.2094	43.4332	51.1127	
  3000	-56948.1	-1192.01	-10216	-3105.59	0.00583583	1	0.299609	6.67538	0.304483	0.0179941	19.2941	1.74463	517	99	163	-76471.4	84.6328f	10.542	4	1	1	0	0	0	0	0	0	0	0	0.954545	0.913462	0.173077	0.46729	0.586538	0	0	0	1	0.163462	0.404908	1	1	1	1	1	5.0625	127834	2216.84	88.3954	45.0675	87.7157	49.2094	84.6328	10.542	
  4000	-58101.4	-1192.01	-11369.4	-3479.64	0.00761886	1	0.296519	6.74493	0.40581	0.006986	19.4443	1.32265	594	99	172	-76471.4	78.9007f	64.6663	4	1	1	0	0	0	0	0	0	0	0	0.972727	0.909091	0.264463	0.522936	0.700855	0	0	0	1	0.216667	0.364706	1	1	1	1	1	11.3906	2.83387e+08	37876.8	67.9309	88.9439	53.707	61.5361	78.9007	64.6663	
  5000	-58982	-1192.01	-12250	-3757.35	0.00765156	1	0.30179	6.62712	0.414797	0.00444606	19.4443	1.27139	651	99	178	-76471.4	66.3837f	69.746	4	1	1	0	0	0	0	0	0	0	0	0.954545	0.94697	0.280303	0.527778	0.717557	0	0	0	1	0.234848	0.157635	1	1	1	1	1	38.4434	1.8614e+11	1.45611e+06	67.9309	88.9439	71.1681	84.1246	66.3837	69.746	
  6000	-59591.3	-1192.01	-12859.3	-3959.84	0.0083242	1	0.269277	7.4273	0.431752	0.00465078	19.7866	1.36895	694	99	180	-76471.4	74.6017f	59.4614	4	1	1	0.19802	0	9.90099e-09	0	0	0	0	0	0.972727	0.9	0.297872	0.556522	0.666667	0	0	0	1	0.185714	0.139785	0.666667	0.666667	1	1	1	194.62	1.22265e+14	2.83387e+08	67.9309	88.9439	39.7325	64.7142	74.6017	59.4614	
  7000	-61515.7	-1192.01	-14783.6	-4566.44	0.0105367	1	0.263846	7.58018	0.535487	0.0136284	19.7866	1.12647	826	99	189	-76471.4	11.2142f	73.4559	4	1	1	0.19802	0.227723	9.90099e-09	0	0	0	0	0	0.945455	0.871951	0.23494	0.54386	0.740964	0	0.148515	0.0594059	1	0.224242	0.236842	0.666667	0.666667	0.666667	1	1	656.841	9.14763e+17	1.63415e+10	67.9309	88.9439	30.3079	60.364	11.2142	73.4559	
  8000	-62388.6	-1192.01	-15656.6	-4813.49	0.0114067	1	0.25013	7.99583	0.538179	0.00095402	19.6833	1.1823	881	99	197	-76471.4	41.1909f	42.6199	4	1	1	0.19802	0.227723	9.90099e-09	0	0	0	0	0	0.936364	0.937143	0.278409	0.49505	0.762712	0	0.148515	0.0594059	1	0.164773	0.172775	0.666667	0.666667	0.666667	1	1	1477.89	1e+20	1.24094e+11	67.9309	88.9439	30.3079	60.364	41.1909	42.6199	
  9000	-64909.5	-1192.01	-18177.5	-5503.8	0.0145933	1	0.249443	8.01787	0.686632	0.00366144	19.6833	0.929234	1038	99	234	-76471.4	59.0449f	71.3305	4	1	1	0.19802	0.227723	9.90099e-09	0	0	0	0	0	0.945455	0.884615	0.223301	0.509259	0.788462	0	0.148515	0.0594059	1	0.194175	0.282178	0.666667	0.666667	0.666667	1	1	4987.89	1e+20	8.27291e+10	67.9309	88.9439	68.8575	49.2273	59.0449	71.3305	
 10000	-67184.7	-1192.01	-20452.7	-6223.28	0.0154039	1	0.223803	8.93644	0.660194	0.00128017	19.7579	1.07717	1209	99	230	-76471.4	61.2632f	57.1891	4	1	1	0.19802	0.227723	9.90099e-09	0	0	0	0	0	0.927273	0.92562	0.303279	0.491935	0.785124	0	0.148515	0.0594059	1	0.188525	0.188841	0.666667	0.666667	0.666667	1	1	16834.1	1e+20	2.75095e+14	0.863608	61.2935	68.8575	49.2273	61.2632	57.1891	
 11000	-67709.6	-1192.01	-20977.6	-6305.86	0.0157756	1	0.280742	7.12398	0.848146	0.00944119	19.7579	0.668409	1229	99	256	-76471.4	84.546f	65.2602	4	1	1	0.19802	0.227723	9.90099e-09	0.009901	0	0	0	0	0.963636	0.935484	0.306452	0.575472	0.68	0	0.148515	0.0594059	1	0.154472	0.253846	0.666667	0.666667	0.666667	1	1	16834.1	1e+20	2.75095e+14	0.863608	61.2935	68.8575	49.2273	84.546	65.2602	
 12000	-67472.9	-1192.01	-20740.9	-6309.84	0.0159231	1	0.236521	8.45592	0.739908	0.0114163	19.8846	0.909438	1230	99	232	-76471.4	31.4433f	86.9983	4	1	1	0.188119	0.227723	9.90099e-09	0.009901	0	0	0	0	0.972727	0.943089	0.193548	0.525	0.758065	0	0.148515	0.0594059	1	0.104839	0.273913	0.666667	0.666667	0.666667	1	1	16834.1	1e+20	2.75095e+14	0.863608	61.2935	64.5672	76.5544	31.4433	86.9983	
 13000	-70344.2	-1192.01	-23612.2	-7084.48	0.0186336	1	0.255383	7.83137	0.934911	0.00594794	19.8846	0.666589	1421	99	262	-76471.4	41.8176f	78.5407	4	1	1	0.188119	0.227723	0.039604	0.009901	0	0	0	0	0.945455	0.922535	0.288732	0.54717	0.867133	0.009901	0.0693069	0.0594059	1	0.160839	0.265152	0.666667	0.666667	0.666667	1	1	16834.1	1e+20	2.75095e+14	0.863608	61.2935	64.5672	76.5544	41.8176	78.5407	
 14000	-72251.7	-1192.01	-25519.7	-7530.82	0.0196278	1	0.270017	7.40694	1.04122	0.0142868	19.8846	0.566089	1534	99	307	-76471.4	36.3046f	94.2984	4	1	1	0.188119	0.227723	0.039604	0.009901	0	0	0	0	0.963636	0.948387	0.188312	0.528455	0.780645	0.009901	0.0693069	9.90099e-09	1	0.168831	0.288079	0.666667	0.666667	0.666667	1	1	16834.1	1e+20	2.75095e+14	7.20812	57.8995	34.3801	79.8255	36.3046	94.2984	
 15000	-73399.1	-1192.01	-26667	-7897.05	0.0202616	1	0.257536	7.7659	1.02516	0.0076851	19.8846	0.602822	1628	99	292	-76471.4	54.3236f	83.5859	4	1	1	0.188119	0.227723	0.039604	0.009901	0	0	0	0	0.927273	0.95122	0.294479	0.403509	0.841463	0.009901	0.0693069	9.90099e-09	1	0.171779	0.30137	0.666667	0.666667	0.666667	1	1	16834.1	1e+20	2.75095e+14	7.20812	57.8995	34.3801	79.8255	54.3236	83.5859	
 16000	-74361.3	-1192.01	-27629.3	-8084.15	0.0211231	1	0.248224	8.05725	1.03011	0.00767306	19.8846	0.622437	1677	99	323	-76471.4	27.8729f	75.5978	4	1	1	0.188119	0.227723	0.039604	0.009901	0	0	0	0	0.945455	0.952381	0.218182	0.606557	0.849398	0.009901	0.0693069	9.90099e-09	1	0.13253	0.266881	0.666667	0.666667	0.666667	1	1	16834.1	1e+20	2.75095e+14	7.20812	57.8995	34.3801	79.8255	27.8729	75.5978	
 17000	-74467.2	-1192.01	-27735.2	-8132.83	0.0217332	1	0.251324	7.95785	1.09384	0.0212657	19.98	0.578939	1690	99	315	-76471.4	0.427093f	77.6069	4	1	1	0.188119	0.227723	0.039604	0.009901	0	0	0	0	0.927273	0.952941	0.270588	0.576	0.764706	0.009901	0.0693069	9.90099e-09	1	0.217647	0.295238	0.666667	0.666667	0.666667	1	1	16834.1	1e+20	2.75095e+14	7.20812	57.8995	34.3801	79.8255	0.427093	77.6069	
 18000	-74969.9	-1192.01	-28237.9	-8242.98	0.0222624	1	0.251424	7.9547	1.12092	0.0224322	19.98	0.56473	1719	99	329	-76471.4	16.5149f	97.6517	4	1	1	0.188119	0.227723	0.039604	0.009901	0	0	0	0	0.909091	0.894737	0.300578	0.523438	0.812865	0.009901	0.0693069	9.90099e-09	1	0.19883	0.276398	0.666667	0.666667	0.666667	1	1	16834.1	1e+20	2.75095e+14	7.20812	57.8995	34.3801	79.8255	16.5149	97.6517	
 19000	-75339.3	-1192.01	-28607.3	-8391.37	0.0222624	1	0.238816	8.37464	1.00886	0.00134287	19.7127	0.660579	1758	99	313	-76471.4	50.0686f	63.5724	4	1	1	0.108911	0.227723	0.019802	0.009901	0	0	0	0	0.954545	0.954545	0.215909	0.508475	0.823864	0.009901	0.0693069	9.90099e-09	1	0.0909091	0.309446	0.666667	0.666667	0.666667	1	1	16834.1	1e+20	2.75095e+14	7.20812	57.8995	34.3801	79.8255	50.0686	63.5724	
 20000	-75088.7	-1192.01	-28356.7	-8371.62	0.0228317	1	0.239896	8.33695	1.05018	0.0195978	19.7639	0.631732	1753	99	299	-76471.4	8.28934f	84.9679	4	1	1	0.108911	0.267327	0.019802	0.009901	0	0	0	0	0.945455	0.942857	0.215909	0.56	0.835227	0.009901	0.0693069	9.90099e-09	1	0.142857	0.298658	0.666667	0.666667	0.666667	1	1	16834.1	1e+20	2.75095e+14	7.20812	57.8995	34.3801	79.8255	8.28934	84.9679	
 21000	-76538.2	-1192.01	-29806.2	-8683.7	0.0233713	1	0.246286	8.12065	1.10363	0.00569605	19.7639	0.585539	1836	99	331	-76471.4	35.2143f	75	4	1	1	0.108911	0.267327	0.019802	0.009901	0	0	0	0	0.9	0.941176	0.243243	0.567164	0.847826	0.009901	0.108911	9.90099e-09	1	0.168478	0.291291	0.666667	0.666667	0.666667	1	1	16834.1	1e+20	2.75095e+14	7.20812	57.8995	34.3801	79.8255	35.2143	75	
 22000	-77934.3	-1192.01	-31202.3	-9057.03	0.0251531	1	0.271127	7.37661	1.30769	0.0115834	19.7643	0.448893	1937	99	335	-76471.4	68.5308f	87.4128	4	1	1	0.108911	0.267327	0.019802	0.009901	0	0	0	0	0.954545	0.938144	0.265306	0.543689	0.835052	0.009901	0.108911	9.90099e-09	1	0.170103	0.242515	0.666667	0.666667	0.666667	1	1	16834.1	1e+20	2.75095e+14	7.20812	57.8995	34.3801	79.8255	68.5308	87.4128	
 23000	-81272.1	-1192.01	-34540	-9852.68	0.026821	1	0.24567	8.14101	1.16997	0.00562063	19.3881	0.553725	2156	99	390	-76471.4	30.9994f	71.7224	4	1	1	0.108911	0.267327	0.019802	9.90099e-09	0	0	0	0	0.963636	0.938967	0.265116	0.530973	0.786047	0.009901	0.108911	9.90099e-09	1	0.167442	0.302872	0.666667	0.666667	0.666667	1	1	16834.1	1e+20	2.75095e+14	7.20812	57.8995	34.3801	79.8255	30.9994	71.7224	
 24000	-84473	-1192.01	-37740.9	-10704.7	0.0295572	1	0.257744	7.75964	1.49357	0.0104215	19.8742	0.413435	2398	99	393	-76471.4	11.4208f	59.0274	4	1	1	0.108911	0.267327	0.049505	9.90099e-09	0	0	0	0	0.945455	0.921488	0.22314	0.528	0.8159	0.009901	0.108911	9.90099e-09	1	0.140496	0.274699	0.666667	0.666667	0.666667	1	1	16834.1	1e+20	2.75095e+14	7.20812	57.8995	34.3801	79.8255	11.4208	59.0274	
 25000	-85723.9	-1192.01	-38991.9	-10998.2	0.0313965	1	0.231858	8.62596	1.42717	0.00407061	19.8742	0.480975	2484	99	407	-76471.4	60.5885f	72.0716	4	1	1	0.108911	0.267327	0.049505	9.90099e-09	0	0	0	0	0.909091	0.943775	0.264463	0.512397	0.817814	0.009901	0.108911	9.90099e-09	1	0.164609	0.239075	0.666667	0.666667	0.666667	1	1	16834.1	1e+20	2.75095e+14	7.20812	57.8995	34.3801	79.8255	60.5885	72.0716	
 26000	-85954.5	-1192.01	-39222.5	-11001.9	0.0313196	1	0.25731	7.77273	1.57996	0.00601638	19.8742	0.391488	2485	99	428	-76471.4	78.3154f	60.1022	4	1	1	0.19802	0.227723	0.049505	9.90099e-09	0	0	0	0	0.918182	0.915323	0.222672	0.523077	0.855422	0.009901	0.108911	9.90099e-09	1	0.148594	0.254005	0.666667	0.666667	0.666667	1	1	16834.1	1e+20	2.75095e+14	7.20812	57.8995	80.5085	66.4862	78.3154	60.1022	
 27000	-85883.3	-1192.01	-39151.3	-11032.6	0.0314676	1	0.265486	7.53336	1.65614	0.0105543	19.9294	0.361979	2494	99	409	-76471.4	61.9368f	87.9763	4	1	1	0.19802	0.227723	0.049505	9.90099e-09	0	0	0	0	0.909091	0.947154	0.210526	0.653543	0.788618	9.90099e-09	0.108911	9.90099e-09	1	0.207317	0.243736	0.666667	0.666667	0.666667	1	1	16834.1	1e+20	2.75095e+14	7.20812	57.8995	99.0011	76.3497	61.9368	87.9763	
 28000	-86608.3	-1192.01	-39876.3	-11144	0.0334721	1	0.242496	8.24756	1.60908	0.0246717	19.9294	0.407885	2527	99	442	-76471.4	99.1174f	86.557	4	1	1	0.19802	0.227723	0.049505	9.90099e-09	0	0	0	0	0.945455	0.937255	0.222222	0.450382	0.853175	9.90099e-09	0.118812	9.90099e-09	1	0.170635	0.288056	0.666667	0.666667	0.666667	1	1	16834.1	1e+20	2.75095e+14	7.20812	57.8995	94.304	81.4934	99.1174	86.557	
 29000	-87173.9	-1192.01	-40441.9	-11334.1	0.0339468	1	0.270593	7.39118	1.82098	0.00854842	19.9294	0.322997	2583	99	428	-76471.4	84.8495f	40.7735	4	1	1	0.19802	0.227723	0.049505	9.90099e-09	0	0	0	0	0.9	0.945736	0.255814	0.591667	0.85098	9.90099e-09	0.118812	9.90099e-09	1	0.127413	0.282878	0.666667	0.666667	0.666667	1	1	16834.1	1e+20	2.75095e+14	7.20812	57.8995	94.304	81.4934	84.8495	40.7735	
 30000	-89995.9	-1192.01	-43263.9	-12004.8	0.0371593	1	0.252428	7.92305	1.8595	0.00859403	19.9294	0.339068	2783	99	455	-76471.4	84.4972f	60.4218	4	1	1	0.19802	0.227723	0.049505	9.90099e-09	0	0	0	0	0.9	0.942446	0.268817	0.570423	0.817204	9.90099e-09	0.118812	9.90099e-09	1	0.139785	0.300439	0.666667	0.666667	0.666667	1	1	16834.1	1e+20	2.75095e+14	18.3049	80.2263	92.1385	60.6057	84.4972	60.4218	
 31000	-92414	-1192.01	-45682	-12618.1	0.0381414	1	0.245576	8.14411	1.85684	0.00410421	19.9294	0.349028	2970	99	461	-76471.4	61.1493f	71.9142	4	1	1	0.19802	0.227723	0.049505	9.90099e-09	0	0	0	0	0.918182	0.948805	0.296296	0.517986	0.845638	9.90099e-09	0.118812	9.90099e-09	1	0.177852	0.284165	0.666667	0.666667	0.666667	1	1	16834.1	1e+20	2.75095e+14	14.5143	78.0867	89.572	76.5033	61.1493	71.9142	
 32000	-92859.6	-1192.01	-46127.6	-12724.6	0.0394154	1	0.236289	8.46421	1.84629	0.013473	19.9294	0.364818	3003	99	462	-76471.4	84.5534f	79.0426	4	1	1	0.19802	0.227723	0.019802	9.90099e-09	0	0	0	0	0.936364	0.953488	0.264706	0.503497	0.800664	9.90099e-09	0.118812	9.90099e-09	1	0.178218	0.274892	0.666667	0.666667	0.666667	1	1	16834.1	1e+20	2.75095e+14	14.5143	78.0867	89.572	76.5033	84.5534	79.0426	
 33000	-91144.8	-1192.01	-44412.7	-12407.3	0.0392573	1	0.247198	8.09069	1.92378	0.0154744	19.9294	0.334673	2905	99	416	-76471.4	50.559f	98.2842	4	1	1	0.108911	0.29703	0.019802	9.90099e-09	0	0	0	0	0.881818	0.938356	0.257732	0.539007	0.825939	9.90099e-09	0.118812	9.90099e-09	1	0.123711	0.283482	0.666667	0.666667	0.666667	1	1	16834.1	1e+20	2.75095e+14	14.5143	78.0867	64.4774	99.2728	50.559	98.2842	
 34000	-92244.2	-1192.01	-45512.2	-12682.8	0.0396531	1	0.21871	9.14451	1.71924	0.0107542	19.9294	0.423266	2990	99	423	-76471.4	84.3775f	71.0466	4	1	1	0.108911	0.29703	0.019802	9.90099e-09	0	0	0	0	0.918182	0.94	0.236842	0.466165	0.823333	9.90099e-09	0.118812	9.90099e-09	1	0.17	0.279817	0.666667	0.666667	0.666667	1	1	16834.1	1e+20	2.75095e+14	14.5143	78.0867	93.8535	87.489	84.3775	71.0466	
 35000	-90736.4	-1192.01	-44004.4	-12379.6	0.0379578	1	0.222665	8.98212	1.6755	0.0219372	19.9294	0.426605	2897	99	393	-76471.4	90.8905f	90.6942	4	1	1	0.108911	0.29703	0.019802	9.90099e-09	0	0	0	0	0.954545	0.961672	0.186851	0.53913	0.855172	9.90099e-09	0.0594059	9.90099e-09	1	0.124138	0.301887	0.666667	0.666667	0.666667	1	1	16834.1	1e+20	2.75095e+14	14.5143	78.0867	93.8535	87.489	90.8905	90.6942	
 36000	-90432.8	-1192.01	-43700.8	-12232.6	0.0380778	1	0.239453	8.35235	1.80752	0.0234637	19.9294	0.367719	2852	99	409	-76471.4	90.7021f	93.6308	4	1	1	0.108911	0.29703	0.019802	9.90099e-09	0	0	0	0	0.918182	0.957746	0.228873	0.536585	0.833333	9.90099e-09	0.0594059	9.90099e-09	1	0.140845	0.284264	0.666667	0.666667	0.666667	1	1	16834.1	1e+20	2.75095e+14	14.5143	78.0867	93.8535	87.489	90.7021	93.6308	
 37000	-92075.8	-1192.01	-45343.8	-12595.3	0.0380778	1	0.2164	9.24217	1.6335	0.00430698	19.9294	0.450241	2963	99	436	-76471.4	69.3002f	66.3184	4	1	1	0.108911	0.29703	9.90099e-09	9.90099e-09	0	0	0	0	0.9	0.952862	0.262626	0.555556	0.88255	9.90099e-09	0.0594059	9.90099e-09	1	0.175084	0.258228	0.666667	0.666667	0.666667	1	1	16834.1	1e+20	2.75095e+14	14.5143	78.0867	75.1359	90.6301	69.3002	66.3184	
 38000	-91932.4	-1192.01	-45200.4	-12770.1	0.0389885	1	0.181741	11.0047	1.36766	0.00195795	19.7968	0.640311	3017	99	356	-76471.4	64.0237f	40.3763	4	1	1	0.108911	0.237624	9.90099e-09	9.90099e-09	0	0	0	0	0.936364	0.963696	0.282392	0.544715	0.841584	9.90099e-09	0.0594059	9.90099e-09	1	0.132013	0.308901	0.666667	0.666667	0.666667	1	1	16834.1	1e+20	2.75095e+14	14.5143	78.0867	75.1359	90.6301	64.0237	40.3763	
 39000	-93413.4	-1192.01	-46681.4	-12998.6	0.0403258	1	0.207826	9.62344	1.56354	0.0090961	19.6293	0.489793	3088	99	413	-76471.4	81.8377f	68.9231	4	1	1	0.138614	0.237624	9.90099e-09	9.90099e-09	0	0	0	0	0.936364	0.925566	0.277419	0.554688	0.831715	9.90099e-09	0.0594059	9.90099e-09	1	0.148387	0.272289	0.666667	0.666667	0.666667	1	1	16834.1	1e+20	2.75095e+14	14.5143	78.0867	88.9687	69.3133	81.8377	68.9231	
 40000	-94393.8	-1192.01	-47661.7	-13008.3	0.0401829	1	0.233154	8.57802	1.60567	0.0190358	19.2172	0.425129	3091	99	504	-76471.4	84.3917f	91.2372	4	1	1	0.138614	0.237624	9.90099e-09	9.90099e-09	0	0	0	0	0.936364	0.931818	0.251613	0.495146	0.827922	9.90099e-09	0.0594059	9.90099e-09	1	0.116883	0.298419	0.666667	0.666667	0.666667	1	1	16834.1	1e+20	2.75095e+14	14.5143	78.0867	88.9687	69.3133	84.3917	91.2372	
 41000	-95339.9	-1192.01	-48607.9	-13404	0.0413935	1	0.217507	9.1951	1.77381	0.0129704	19.8986	0.412515	3215	99	443	-76471.4	91.2139f	33.2331	4	1	1	0.138614	0.237624	9.90099e-09	9.90099e-09	0	0	0	0	0.954545	0.943925	0.291925	0.411765	0.844237	9.90099e-09	0.0594059	9.90099e-09	1	0.124224	0.333333	0.666667	0.666667	0.666667	1	1	16834.1	1e+20	2.75095e+14	14.5143	78.0867	81.0919	55.7592	91.2139	33.2331	
 42000	-93656.9	-1192.01	-46924.9	-13127.3	0.0401304	1	0.202717	9.86597	1.45886	0.000902245	19.4361	0.538167	3128	99	391	-76471.4	40.1411f	54.6886	4	1	1	0.138614	0.237624	9.90099e-09	9.90099e-09	0	0	0	0	0.909091	0.945513	0.197452	0.55	0.869841	9.90099e-09	0.0594059	9.90099e-09	1	0.166134	0.269802	0.666667	0.666667	0.666667	1	1	16834.1	1e+20	2.75095e+14	14.5143	78.0867	81.0919	55.7592	40.1411	54.6886	
 43000	-94532	-1192.01	-47800	-13330.7	0.0414184	1	0.21448	9.32487	1.59305	0.00920531	19.4361	0.465805	3192	99	396	-76471.4	86.9685f	55.2775	4	1	1	0.138614	0.237624	9.90099e-09	9.90099e-09	0	0	0	0	0.890909	0.940439	0.23053	0.555556	0.853583	9.90099e-09	0.0594059	9.90099e-09	1	0.121495	0.252475	0.666667	0.666667	0.666667	1	1	16834.1	1e+20	2.75095e+14	14.5143	78.0867	81.0919	55.7592	86.9685	55.2775	
 44000	-95866.4	-1192.01	-49134.4	-13549.2	0.0429741	1	0.2128	9.39848	1.63994	0.0134273	19.4361	0.456058	3261	99	444	-76471.4	95.0213f	45.7428	4	1	1	0.0693069	0.178218	0.0693069	9.90099e-09	0	0	0	0	0.936364	0.920732	0.261398	0.565217	0.848024	9.90099e-09	0.0594059	9.90099e-09	1	0.161585	0.322222	0.666667	0.666667	0.666667	1	1	16834.1	1e+20	2.75095e+14	58.3859	88.1869	81.0919	55.7592	95.0213	45.7428	
 45000	-97786.8	-1192.01	-51054.7	-14063.7	0.0435744	1	0.212925	9.39298	1.74812	0.00629638	19.6778	0.427586	3425	99	431	-76471.4	24.4048f	66.8016	4	1	1	0.0693069	0.178218	0.0693069	9.90099e-09	0	0	0	0	0.918182	0.958944	0.216374	0.609375	0.87172	9.90099e-09	0.0594059	9.90099e-09	1	0.148688	0.299304	0.666667	0.666667	0.666667	1	1	16834.1	1e+20	2.75095e+14	58.3859	88.1869	36.1981	50.063	24.4048	66.8016	
 46000	-97256.2	-1192.01	-50524.2	-13872.6	0.0435744	1	0.216659	9.23109	1.82769	0.0156602	19.8117	0.401921	3364	99	455	-76471.4	16.8406f	14.0806	4	1	1	0.0693069	0.178218	0.0693069	9.90099e-09	0	0	0	0	0.927273	0.946429	0.213018	0.52518	0.833333	9.90099e-09	0.0594059	9.90099e-09	1	0.175227	0.268132	0.666667	0.666667	0.666667	1	1	16834.1	1e+20	2.75095e+14	58.3859	88.1869	56.4779	34.0648	16.8406	14.0806	
 47000	-97352.1	-1192.01	-50620.1	-13907.1	0.0447675	1	0.195501	10.2301	1.69436	0.00129754	19.8117	0.480468	3375	99	442	-76471.4	61.0851f	41.9751	4	1	1	0.0693069	0.178218	0.0693069	9.90099e-09	0	0	0	0	0.945455	0.946903	0.247024	0.545455	0.875	9.90099e-09	0.0693069	9.90099e-09	1	0.185841	0.288636	0.666667	0.666667	0.666667	1	1	16834.1	1e+20	2.75095e+14	58.3859	88.1869	56.4779	34.0648	61.0851	41.9751	
 48000	-99937.7	-1192.01	-53205.7	-14439.4	0.0469013	1	0.215711	9.27166	1.75273	0.00016983	19.2691	0.420953	3547	99	488	-76471.4	47.2512f	48.2533	4	1	1	0.0693069	0.178218	0.0693069	9.90099e-09	0	0	0	0	0.881818	0.96338	0.269663	0.539007	0.864789	9.90099e-09	0.0693069	9.90099e-09	1	0.132394	0.276151	0.666667	0.666667	0.666667	1	1	16834.1	1e+20	2.75095e+14	58.3859	88.1869	56.4779	34.0648	47.2512	48.2533	
 49000	-101542	-1192.01	-54810.2	-14781.7	0.0484703	1	0.21285	9.39629	2.01684	0.00730243	19.8599	0.370745	3659	99	513	-76471.4	82.0727f	41.0592	4	1	1	0.0693069	0.178218	0.0792079	9.90099e-09	0	0	0	0	0.918182	0.945504	0.205962	0.52381	0.842975	9.90099e-09	0.0693069	9.90099e-09	1	0.122283	0.308468	0.666667	0.666667	0.666667	1	1	16834.1	1e+20	2.75095e+14	4.93119	84.9569	51.9501	31.6789	82.0727	41.0592	
 50000	-100817	-1192.01	-54084.6	-14739	0.0481718	1	0.216133	9.25357	1.99137	0.0155781	19.7518	0.369783	3645	99	455	-76471.4	47.5354f	1.21469	4	1	1	0.0990099	0.227723	0.0792079	9.90099e-09	0	0	0	0	0.936364	0.941828	0.297521	0.5	0.882192	9.90099e-09	0.0693069	9.90099e-09	1	0.136986	0.26327	0.666667	0.666667	0.666667	1	1	16834.1	1e+20	2.75095e+14	4.93119	84.9569	51.9501	31.6789	47.5354	1.21469	
 51000	-100495	-1192.01	-53762.7	-14590.4	0.0481757	1	0.201335	9.93371	1.85518	0.00167436	19.7518	0.426104	3596	99	481	-76471.4	36.0369f	43.1871	4	1	1	0.0990099	0.227723	0.0792079	9.90099e-09	0	0	0	0	0.881818	0.933518	0.243767	0.47482	0.852778	0.009901	0.0693069	9.90099e-09	1	0.136111	0.278926	0.666667	0.666667	0.666667	1	1	16834.1	1e+20	2.75095e+14	33.0138	83.0458	51.9501	31.6789	36.0369	43.1871	
 52000	-100201	-1192.01	-53468.7	-14552.6	0.0469287	1	0.217406	9.1994	1.95141	0.00495339	19.7518	0.375148	3584	99	473	-76471.4	33.641f	28.0674	4	1	1	0.0990099	0.227723	0.0792079	9.90099e-09	0	0	0	0	0.909091	0.961111	0.26257	0.539568	0.844444	0.009901	0.0693069	9.90099e-09	1	0.15	0.291759	0.666667	0.666667	0.666667	1	1	16834.1	1e+20	2.75095e+14	33.0138	83.0458	51.9501	31.6789	33.641	28.0674	
 53000	-99583.8	-1192.01	-52851.8	-14437.2	0.0452132	1	0.201753	9.91313	1.74471	0.00810242	19.7518	0.452145	3546	99	455	-76471.4	60.4153f	16.3885	4	1	1	0.0990099	0.227723	0.0792079	9.90099e-09	0	0	0	0	0.918182	0.938028	0.220963	0.409722	0.88102	0.009901	0.118812	9.90099e-09	1	0.149296	0.301099	0.666667	0.666667	0.666667	1	1	16834.1	1e+20	2.75095e+14	33.0138	83.0458	51.9501	31.6789	60.4153	16.3885	
 54000	-101551	-1192.01	-54818.9	-14760.2	0.0481925	1	0.223403	8.95244	2.03639	0.0156109	19.6968	0.349841	3652	99	522	-76471.4	95.609f	32.5591	4	1	1	0.0990099	0.227723	0.0792079	9.90099e-09	0	0	0	0	0.918182	0.923913	0.233696	0.583893	0.828804	0.009901	0.118812	9.90099e-09	1	0.168478	0.280738	0.666667	0.666667	0.666667	1	1	16834.1	1e+20	2.75095e+14	33.0138	83.0458	51.9501	31.6789	95.609	32.5591	
 55000	-103616	-1192.01	-56884.1	-15211.8	0.0482922	1	0.221524	9.02836	2.02344	0.00898546	19.6968	0.355065	3801	99	543	-76471.4	65.197f	16.1921	4	1	1	0.0990099	0.227723	0.029703	9.90099e-09	0	0	0	0	0.936364	0.931759	0.252632	0.449541	0.831579	0.009901	0.118812	9.90099e-09	1	0.144737	0.282288	0.666667	0.666667	0.666667	1	1	16834.1	1e+20	2.75095e+14	33.0138	83.0458	51.9501	31.6789	65.197	16.1921	
 56000	-102200	-1192.01	-55467.7	-14960.3	0.0482922	1	0.217374	9.20074	1.98553	0.00123122	19.6968	0.368754	3718	99	500	-76471.4	62.4148f	45.3284	4	1	1	0.108911	0.227723	0.029703	9.90099e-09	0	0	0	0	0.927273	0.96	0.246649	0.481481	0.803763	0.009901	0.118812	9.90099e-09	1	0.176	0.322134	0.666667	0.666667	0.666667	1	1	16834.1	1e+20	2.75095e+14	33.0138	83.0458	51.9501	31.6789	62.4148	45.3284	
 57000	-102632	-1192.01	-55900	-15127.1	0.0482216	1	0.207656	9.6313	1.894	0.00743864	19.6968	0.404665	3773	99	474	-76471.4	38.1025f	81.0885	4	1	1	0.108911	0.207921	0.029703	9.90099e-09	0	0	0	0	0.918182	0.952	0.261905	0.5	0.84	0.009901	0.118812	9.90099e-09	1	0.109333	0.28903	0.666667	0.666667	0.666667	1	1	16834.1	1e+20	2.75095e+14	49.2712	93.7507	46.8092	52.6628	38.1025	81.0885	
 58000	-102642	-1192.01	-55909.7	-15090.7	0.0482216	1	0.217022	9.21563	1.97943	0.00846173	19.6968	0.37049	3761	99	500	-76471.4	23.0866f	73.2702	4	1	1	0.108911	0.207921	0.029703	9.90099e-09	0	0	0	0	0.872727	0.965517	0.25	0.433333	0.840849	0.009901	0.118812	9.90099e-09	1	0.153846	0.27	0.666667	0.666667	0.666667	1	1	16834.1	1e+20	2.75095e+14	49.2712	93.7507	46.8092	52.6628	23.0866	73.2702	
 59000	-105451	-1192.01	-58718.9	-15688	0.050794	1	0.211152	9.47185	2.02862	0.0164848	19.6968	0.371556	3961	99	527	-76471.4	26.041f	93.7154	4	1	1	0.108911	0.207921	0.029703	9.90099e-09	0	0	0	0	0.918182	0.974811	0.202564	0.549669	0.84375	0.009901	0.188119	9.90099e-09	1	0.173804	0.29981	0.666667	0.666667	0.666667	1	1	16834.1	1e+20	2.75095e+14	49.2712	93.7507	29.3795	98.7252	26.041	93.7154	
 60000	-105257	-1192.01	-58525.2	-15604.7	0.0506177	1	0.208198	9.60625	2.10977	0.017713	19.9784	0.362334	3933	99	538	-76471.4	22.6648f	93.8772	4	1	1	0.108911	0.207921	0.029703	9.90099e-09	0	0	0	0	0.9	0.941624	0.263959	0.445455	0.850633	0.009901	0.188119	9.90099e-09	1	0.185279	0.315217	0.666667	0.666667	0.666667	1	1	16834.1	1e+20	2.75095e+14	49.2712	93.7507	29.3795	98.7252	22.6648	93.8772	
 61000	-106274	-1192.01	-59541.9	-15844.1	0.0518232	1	0.217829	9.1815	2.25994	0.00946742	19.9784	0.323301	4014	99	540	-76471.4	40.5078f	86.4195	4	1	1	0.108911	0.207921	0.029703	9.90099e-09	0	0	0	0	0.927273	0.942643	0.27182	0.556604	0.833333	0.009901	0.188119	9.90099e-09	1	0.182045	0.297491	0.666667	0.666667	0.666667	1	1	16834.1	1e+20	2.75095e+14	49.2712	93.7507	29.3795	98.7252	40.5078	86.4195	
 62000	-106230	-1192.01	-59498.3	-15847.1	0.0518232	1	0.214959	9.30412	2.16806	0.00882193	19.8379	0.341502	4015	99	540	-76471.4	37.2043f	83.9796	4	1	1	0.108911	0.188119	0.029703	9.90099e-09	0	0	0	0	0.927273	0.928218	0.246269	0.542056	0.825871	0.009901	0.188119	9.90099e-09	1	0.136139	0.297952	0.666667	0.666667	0.666667	1	1	16834.1	1e+20	2.75095e+14	49.2712	93.7507	29.3795	98.7252	37.2043	83.9796	
 63000	-106628	-1192.01	-59895.6	-15924	0.0518232	1	0.218764	9.14228	2.20644	0.0119209	19.8379	0.329725	4041	99	541	-76471.4	31.7912f	88.189	4	1	1	0.0891089	0.188119	0.029703	9.90099e-09	0	0	0	0	0.927273	0.950739	0.256281	0.504505	0.816377	0.009901	0.188119	9.90099e-09	1	0.118812	0.29128	0.666667	0.666667	0.666667	1	1	16834.1	1e+20	2.75095e+14	49.2712	93.7507	29.3795	98.7252	31.7912	88.189	
 64000	-106702	-1192.01	-59970.3	-15985	0.0527534	1	0.225013	8.88839	2.3102	0.010967	19.8379	0.30617	4062	99	526	-76471.4	36.8199f	88.3522	4	1	1	0.0891089	0.188119	0.029703	9.90099e-09	0	0	0	0	0.890909	0.95098	0.268949	0.435185	0.872236	0.009901	0.188119	9.90099e-09	1	0.14742	0.317376	0.666667	0.666667	0.666667	1	1	16834.1	1e+20	2.75095e+14	49.2712	93.7507	29.3795	98.7252	36.8199	88.3522	
 65000	-109288	-1192.01	-62555.9	-16435.2	0.0527534	1	0.215017	9.30158	2.20758	0.00524725	19.8379	0.335298	4215	99	594	-76471.4	42.5199f	76.8176	4	1	1	0.0891089	0.188119	0.029703	9.90099e-09	0	0	0	0	0.854545	0.943262	0.273159	0.571429	0.837647	0.009901	0.138614	9.90099e-09	1	0.140143	0.256324	0.666667	0.666667	0.666667	1	1	16834.1	1e+20	2.75095e+14	46.8069	97.0845	29.3795	98.7252	42.5199	76.8176	
 66000	-109560	-1192.01	-62827.8	-16550.9	0.0569394	1	0.214307	9.3324	2.36316	0.0277734	19.8134	0.314261	4256	99	569	-76471.4	6.47434f	98.0932	4	1	1	0.0891089	0.188119	0.029703	9.90099e-09	0	0	0	0	0.936364	0.957845	0.23185	0.553571	0.847775	0.009901	0.138614	9.90099e-09	1	0.161972	0.282953	0.666667	0.666667	0.666667	1	1	16834.1	1e+20	2.75095e+14	46.8069	97.0845	29.3795	98.7252	6.47434	98.0932	
 67000	-110650	-1192.01	-63918	-16863.3	0.0569394	1	0.194495	10.283	2.14469	0.00670572	19.8134	0.381546	4365	99	551	-76471.4	45.4954f	81.2489	4	1	1	0.0891089	0.188119	0.029703	9.90099e-09	0	0	0	0	0.945455	0.970252	0.252874	0.482143	0.848624	0.009901	0.138614	9.90099e-09	1	0.112128	0.272232	0.666667	0.666667	0.666667	1	1	16834.1	1e+20	2.75095e+14	46.8069	97.0845	29.3795	98.7252	45.4954	81.2489	
 68000	-112449	-1192.01	-65717.2	-17259.3	0.0584227	1	0.201299	9.93547	2.35559	0.01927	19.981	0.335644	4504	99	562	-76471.4	24.0792f	97.3019	4	1	1	0.0891089	0.267327	0.029703	9.90099e-09	0	0	0	0	0.9	0.951327	0.254425	0.535714	0.855876	0.009901	0.138614	9.90099e-09	1	0.133038	0.28853	0.666667	0.666667	0.666667	1	1	16834.1	1e+20	2.75095e+14	55.2277	80.4291	29.3795	98.7252	24.0792	97.3019	
 69000	-114121	-1192.01	-67389.3	-17567.7	0.0616982	1	0.201299	9.93547	2.4009	0.00727854	19.8044	0.32931	4613	99	593	-76471.4	56.9134f	82.2117	4	1	1	0.0792079	0.267327	0.029703	9.90099e-09	0	0	0	0	0.918182	0.94577	0.263043	0.561404	0.876623	0.009901	0.138614	9.90099e-09	1	0.132035	0.293103	0.666667	0.666667	0.666667	1	1	16834.1	1e+20	2.75095e+14	55.2277	80.4291	29.3795	98.7252	56.9134	82.2117	
 70000	-116417	-1192.01	-69685.4	-18044	0.0616982	1	0.204289	9.79004	2.43656	0.0191494	19.8044	0.31974	4784	99	612	-76471.4	14.2073f	90.1431	4	1	1	0.0792079	0.267327	0.029703	9.90099e-09	0	0	0	0	0.918182	0.939203	0.236402	0.434426	0.841772	0.009901	0.168317	9.90099e-09	1	0.144351	0.270181	0.666667	0.666667	0.666667	1	1	16834.1	1e+20	2.75095e+14	87.228	67.552	29.3795	98.7252	14.2073	90.1431	
 71000	-115197	-1192.01	-68465	-17801.8	0.0620093	1	0.204289	9.79004	2.45001	0.0134709	19.8068	0.317985	4697	99	595	-76471.4	30.0139f	90.3299	4	1	1	0.0792079	0.267327	0.029703	9.90099e-09	0	0	0	0	0.954545	0.957265	0.25641	0.533333	0.868085	0.009901	0.168317	9.90099e-09	1	0.148936	0.319328	0.666667	0.666667	0.666667	1	1	16834.1	1e+20	2.75095e+14	87.228	67.552	31.6175	95.156	30.0139	90.3299	
 72000	-117558	-1192.01	-70826.4	-18252.2	0.0620093	1	0.201913	9.90526	2.42151	0.026265	19.8068	0.325514	4859	99	635	-76471.4	10.6594f	99.2858	4	1	1	0.0792079	0.267327	0.029703	9.90099e-09	0	0	0	0	0.918182	0.950719	0.268595	0.469231	0.840491	0.009901	0.168317	9.90099e-09	1	0.170431	0.296584	0.666667	0.666667	0.666667	1	1	16834.1	1e+20	2.75095e+14	57.0522	87.0936	31.6175	95.156	10.6594	99.2858	
 73000	-117471	-1192.01	-70739.3	-18231.5	0.0635329	1	0.204939	9.75902	2.51819	0.0160597	19.8068	0.308396	4852	99	634	-76471.4	9.15293f	77.4957	4	1	1	0.0792079	0.267327	0.029703	9.90099e-09	0	0	0	0	0.881818	0.952772	0.273101	0.507813	0.845996	0.009901	0.168317	9.90099e-09	1	0.141975	0.300462	0.666667	0.666667	0.666667	1	1	16834.1	1e+20	2.75095e+14	29.695	26.8562	31.6175	95.156	9.15293	77.4957	
 74000	-119183	-1192.01	-72451.1	-18746.7	0.0667515	1	0.200481	9.97603	2.5882	0.00536544	19.8068	0.306726	5040	99	584	-76471.4	30.3394f	70.1953	4	1	1	0.0693069	0.128713	0.029703	9.90099e-09	0	0	0	0	0.854545	0.954724	0.263366	0.533898	0.856299	0.009901	0.168317	9.90099e-09	1	0.154455	0.263069	0.666667	0.666667	0.666667	1	1	16834.1	1e+20	2.75095e+14	36.9563	83.0628	31.6175	95.156	30.3394	70.1953	
 75000	-119995	-1192.01	-73263.1	-18952.5	0.0666699	1	0.182639	10.9505	2.25487	0.00670796	19.5928	0.38646	5116	99	573	-76471.4	30.263f	74.6651	4	1	1	0.0693069	0.128713	0.029703	9.90099e-09	0	0	0	0	0.918182	0.963107	0.241245	0.477876	0.877193	0.009901	0.168317	9.90099e-09	1	0.145631	0.308797	0.666667	0.666667	0.666667	1	1	16834.1	1e+20	2.75095e+14	36.9563	83.0628	31.6175	95.156	30.263	74.6651	
 76000	-120805	-1192.01	-74072.9	-19169.1	0.0666699	1	0.19238	10.3961	2.12994	0.00606872	19.0663	0.388412	5196	99	565	-76471.4	22.3992f	61.9371	4	1	1	0.0693069	0.128713	0.029703	9.90099e-09	0	0	0	0	0.9	0.973282	0.290631	0.508333	0.873077	0.009901	0.168317	9.90099e-09	1	0.130769	0.274336	0.666667	0.666667	0.666667	1	1	16834.1	1e+20	2.75095e+14	36.9563	83.0628	31.6175	95.156	22.3992	61.9371	
 77000	-120398	-1192.01	-73666.3	-19117.7	0.0666699	1	0.179132	11.165	1.96115	0.00748421	19.013	0.45304	5177	99	552	-76471.4	44.3574f	82.912	4	1	1	0.0693069	0.128713	0.029703	9.90099e-09	0	0	0	0	0.9	0.957447	0.271318	0.469027	0.866538	0.009901	0.168317	9.90099e-09	1	0.1139	0.304659	0.666667	0.666667	0.666667	1	1	16834.1	1e+20	2.75095e+14	36.9563	83.0628	35.8802	88.9967	44.3574	82.912	
 78000	-119745	-1192.01	-73013.3	-19022.8	0.0677114	1	0.180724	11.0666	1.9911	0.0223532	18.9693	0.442294	5142	99	538	-76471.4	6.98693f	89.1407	4	1	1	0.0693069	0.128713	0.029703	9.90099e-09	0	0	0	0	0.918182	0.953488	0.264591	0.513761	0.903661	0.009901	0.029703	9.90099e-09	1	0.11068	0.337017	0.666667	0.666667	0.666667	1	1	16834.1	1e+20	2.75095e+14	36.9563	83.0628	35.8802	88.9967	6.98693	89.1407	
 79000	-121218	-1192.01	-74485.8	-19214.4	0.067163	1	0.219466	9.11301	1.99875	0.0170388	18.1243	0.362823	5213	99	588	-76471.4	34.2119f	98.1636	4	1	1	0.0693069	0.128713	0.029703	9.90099e-09	0	0	0	0	0.9	0.944972	0.236641	0.453782	0.847328	9.90099e-09	0.029703	9.90099e-09	1	0.105364	0.325733	0.666667	0.666667	0.666667	1	1	16834.1	1e+20	2.75095e+14	36.9563	83.0628	35.8802	88.9967	34.2119	98.1636	
 80000	-121462	-1192.01	-74730.4	-19103.7	0.0671135	1	0.220203	9.08251	2.16205	0.00933704	18.4716	0.334295	5172	99	659	-76471.4	63.3983f	84.9343	4	1	1	0.0594059	0.217822	0.029703	0.009901	0	0	0	0	0.9	0.955426	0.234951	0.516393	0.856589	9.90099e-09	0.029703	9.90099e-09	1	0.122093	0.280992	0.666667	0.666667	0.666667	1	1	16834.1	1e+20	2.75095e+14	36.9563	83.0628	57.9895	88.9573	63.3983	84.9343	
 81000	-120656	-1192.01	-73923.9	-19014.6	0.0670112	1	0.218992	9.13274	2.14688	0.00940636	18.4716	0.338519	5139	99	620	-76471.4	83.7618f	66.746	4	1	1	0.0594059	0.217822	0.0990099	0.009901	0	0	0	0	0.918182	0.947674	0.238835	0.512605	0.873786	9.90099e-09	0.029703	9.90099e-09	1	0.114341	0.306452	0.666667	0.666667	0.666667	1	1	16834.1	1e+20	2.75095e+14	17.4351	71.6256	55.988	87.4997	83.7618	66.746	
 82000	-120969	-1192.01	-74236.8	-19060.6	0.0670112	1	0.228857	8.7391	2.33151	0.016148	18.65	0.298277	5156	99	634	-76471.4	47.836f	99.2877	4	1	1	0.0594059	0.217822	0.0990099	0.009901	0	0	0	0	0.936364	0.949612	0.25	0.550847	0.844961	9.90099e-09	0.029703	9.90099e-09	1	0.139535	0.307818	0.666667	0.666667	0.666667	1	1	16834.1	1e+20	2.75095e+14	17.4351	71.6256	55.988	87.4997	47.836	99.2877	
 83000	-121222	-1192.01	-74489.7	-19147.5	0.0665996	1	0.219835	9.09775	2.07744	0.00547039	18.3311	0.348494	5188	99	619	-76471.4	49.7699f	78.4506	4	1	1	0.0594059	0.217822	0.0990099	0.009901	0	0	0	0	0.972727	0.944015	0.245614	0.52	0.861868	9.90099e-09	0.029703	9.90099e-09	1	0.152047	0.306261	0.666667	0.666667	0.666667	1	1	16834.1	1e+20	2.75095e+14	17.4351	71.6256	55.988	87.4997	49.7699	78.4506	
 84000	-120884	-1192.01	-74152	-19136.2	0.0671123	1	0.197851	10.1086	2.03653	0.0104599	18.6911	0.394993	5184	99	593	-76471.4	32.141f	85.3377	4	1	1	0.0594059	0.217822	0.0990099	0.009901	0	0	0	0	0.890909	0.953578	0.210832	0.495727	0.83559	9.90099e-09	0.0792079	9.90099e-09	1	0.137331	0.29	0.666667	0.666667	0.666667	1	1	16834.1	1e+20	2.75095e+14	17.4351	71.6256	55.988	87.4997	32.141	85.3377	
 85000	-119620	-1192.01	-72888.3	-18979.5	0.0671123	1	0.2098	9.5329	2.15952	0.000199906	18.6911	0.351283	5126	99	543	-76471.4	53.723f	48.5864	4	1	1	0.0594059	0.217822	0.0990099	0.009901	0	0	0	0	0.918182	0.964981	0.196498	0.441441	0.865759	9.90099e-09	0.0792079	9.90099e-09	1	0.0974659	0.332724	0.666667	0.666667	0.666667	1	1	16834.1	1e+20	2.75095e+14	17.4351	71.6256	55.988	87.4997	53.723	48.5864	
 86000	-121453	-1192.01	-74721.2	-19265	0.0679688	1	0.194496	10.283	2.2433	0.00541764	19.1696	0.364772	5232	99	588	-76471.4	44.0339f	77.6667	4	1	1	0.0594059	0.168317	0.0594059	0.009901	0	0	0	0	0.918182	0.969407	0.27619	0.517857	0.870406	9.90099e-09	0.0792079	9.90099e-09	1	0.122137	0.326633	0.666667	0.666667	0.666667	1	1	16834.1	1e+20	2.75095e+14	17.4351	71.6256	49.9868	83.1509	44.0339	77.6667	
 87000	-122555	-1192.01	-75822.8	-19492.2	0.0691265	1	0.195408	10.235	2.2922	0.000479723	19.1696	0.355325	5317	99	597	-76471.4	54.8896f	55.6614	4	1	1	0.0594059	0.168317	0.0594059	0.009901	0	0	0	0	0.9	0.958569	0.228893	0.610169	0.847744	9.90099e-09	0.0792079	9.90099e-09	1	0.12406	0.284483	0.666667	0.666667	0.666667	1	1	16834.1	1e+20	2.75095e+14	17.4351	71.6256	49.9868	83.1509	54.8896	55.6614	
 88000	-121142	-1192.01	-74409.7	-19201	0.0691265	1	0.199836	10.0082	2.3078	0.00750243	19.0949	0.345103	5208	99	583	-76471.4	21.7257f	67.9347	4	1	1	0.0594059	0.168317	0.0594059	0.009901	0	0	0	0	0.918182	0.963878	0.24952	0.52459	0.872865	9.90099e-09	0.0792079	9.90099e-09	1	0.166987	0.297535	0.666667	0.666667	0.666667	1	1	16834.1	1e+20	2.75095e+14	17.4351	71.6256	49.9868	83.1509	21.7257	67.9347	
 89000	-121545	-1192.01	-74812.7	-19246.4	0.0691265	1	0.214932	9.30525	2.35369	0.0203114	18.8429	0.314608	5225	99	605	-76471.4	22.9016f	98.309	4	1	1	0.0594059	0.168317	0.0594059	9.90099e-09	0	0	0	0	0.854545	0.952562	0.208812	0.535088	0.862857	9.90099e-09	0.0792079	9.90099e-09	1	0.126437	0.292254	0.666667	0.666667	0.666667	1	1	16834.1	1e+20	2.75095e+14	17.4351	71.6256	49.9868	83.1509	22.9016	98.309	
 90000	-121833	-1192.01	-75100.7	-19342.6	0.0691265	1	0.204181	9.79522	2.19051	0.00544198	18.7464	0.355844	5261	99	593	-76471.4	27.7419f	67.6458	4	1	1	0.0594059	0.168317	0.0594059	9.90099e-09	0	0	0	0	0.9	0.964083	0.232824	0.508197	0.872137	9.90099e-09	0.0792079	9.90099e-09	1	0.108159	0.28866	0.666667	0.666667	0.666667	1	1	16834.1	1e+20	2.75095e+14	44.9648	86.2108	49.9868	83.1509	27.7419	67.6458	
 91000	-123860	-1192.01	-77127.9	-19748.7	0.0691265	1	0.202465	9.87824	2.1721	0.0147652	18.7464	0.361901	5413	99	615	-76471.4	11.9537f	77.9136	4	1	1	0.0594059	0.168317	0.0594059	9.90099e-09	0	0	0	0	0.909091	0.954044	0.237132	0.528926	0.885609	9.90099e-09	0.0792079	9.90099e-09	1	0.126838	0.283761	0.666667	0.666667	0.666667	1	1	16834.1	1e+20	2.75095e+14	44.9648	86.2108	49.9868	83.1509	11.9537	77.9136	
 92000	-122571	-1192.01	-75839.3	-19591.1	0.0691265	1	0.181955	10.9917	1.82228	0.012333	18.4268	0.48	5354	99	560	-76471.4	59.3343f	92.0435	4	1	1	0.0594059	0.168317	0.0594059	9.90099e-09	0	0	0	0	0.909091	0.957009	0.229907	0.521739	0.875926	9.90099e-09	0.128713	9.90099e-09	1	0.156716	0.329204	0.666667	0.666667	0.666667	1	1	16834.1	1e+20	2.75095e+14	32.4871	89.4412	49.9868	83.1509	59.3343	92.0435	
 93000	-123352	-1192.01	-76619.7	-19727.4	0.0691265	1	0.2088	9.57855	2.09114	0.00435385	18.4268	0.364508	5405	99	572	-76471.4	57.8986f	74.0641	4	1	1	0.039604	0.207921	0.0891089	9.90099e-09	0	0	0	0	0.918182	0.96488	0.192593	0.466667	0.887246	9.90099e-09	0.128713	9.90099e-09	1	0.136531	0.319468	0.666667	0.666667	0.666667	1	1	16834.1	1e+20	2.75095e+14	32.4871	89.4412	49.9868	83.1509	57.8986	74.0641	
 94000	-124176	-1192.01	-77444.3	-19742	0.070468	1	0.222826	8.97561	2.10889	0.0186641	18.081	0.338688	5411	99	649	-76471.4	5.53898f	79.0683	4	1	1	0.039604	0.207921	0.0891089	9.90099e-09	0	0	0	0	0.936364	0.944547	0.19295	0.539063	0.87013	9.90099e-09	0.128713	9.90099e-09	1	0.134686	0.311606	0.666667	0.666667	0.666667	1	1	16834.1	1e+20	2.75095e+14	32.4871	89.4412	49.9868	83.1509	5.53898	79.0683	
 95000	-126982	-1192.01	-80249.8	-20313.8	0.0719346	1	0.207887	9.62059	2.21568	0.0173294	18.5303	0.345529	5628	99	667	-76471.4	66.7778f	98.3305	4	1	1	0.039604	0.207921	0.0891089	9.90099e-09	0	0	0	0	0.890909	0.952128	0.247331	0.525547	0.856637	9.90099e-09	0.128713	9.90099e-09	1	0.14032	0.321646	0.666667	0.666667	0.666667	1	1	16834.1	1e+20	2.75095e+14	32.4871	89.4412	49.9868	83.1509	66.7778	98.3305	
 96000	-125669	-1192.01	-78937	-20222.3	0.0715143	1	0.174108	11.4871	1.84482	0.0158585	18.5303	0.495506	5593	99	576	-76471.4	78.4749f	89.8293	4	1	1	0.039604	0.207921	0.0891089	9.90099e-09	0	0	0	0	0.890909	0.966011	0.247331	0.434783	0.890877	9.90099e-09	0.128713	9.90099e-09	1	0.129663	0.340171	0.666667	0.666667	0.666667	1	1	16834.1	1e+20	2.75095e+14	84.5231	26.8426	49.9868	83.1509	78.4749	89.8293	
 97000	-125036	-1192.01	-78303.8	-20087.3	0.072332	1	0.18892	10.5865	2.14151	0.0095566	18.7921	0.393389	5542	99	577	-76471.4	38.0463f	85.8769	4	1	1	0.039604	0.207921	0.0891089	9.90099e-09	0	0	0	0	0.909091	0.96745	0.250903	0.473684	0.870909	9.90099e-09	0.0693069	9.90099e-09	1	0.106498	0.323322	0.666667	0.666667	0.666667	1	1	16834.1	1e+20	2.75095e+14	69.0279	19.8322	49.9868	83.1509	38.0463	85.8769	
 98000	-125366	-1192.01	-78634.4	-20195	0.072332	1	0.163577	12.2266	1.97648	0.00636807	19.0945	0.492271	5583	99	563	-76471.4	61.2223f	78.673	4	1	1	0.039604	0.267327	0.0891089	9.90099e-09	0	0	0	0	0.863636	0.964029	0.241935	0.527273	0.863799	9.90099e-09	0.0693069	9.90099e-09	1	0.12724	0.324771	0.666667	0.666667	0.666667	1	1	16834.1	1e+20	2.75095e+14	60.8025	18.81	49.9868	83.1509	61.2223	78.673	
 99000	-126927	-1192.01	-80195.4	-20452.4	0.072332	1	0.18352	10.898	2.39559	0.00630784	19.4669	0.362014	5681	99	597	-76471.4	31.8956f	74.6808	4	1	1	0.039604	0.267327	0.0891089	9.90099e-09	0	0	0	0	0.963636	0.95972	0.27065	0.516667	0.888889	9.90099e-09	0.0693069	9.90099e-09	1	0.157618	0.333333	0.666667	0.666667	0.666667	1	1	16834.1	1e+20	2.75095e+14	60.8025	18.81	49.9868	83.1509	31.8956	74.6808	
100000	-123535	-1192.01	-76802.6	-19715.6	0.0712321	1	0.181614	11.0124	2.38488	0.0214127	19.5708	0.367455	5401	99	586	-76471.4	20.9804f	98.9276	4	1	1	0.0693069	0.267327	0.0792079	9.90099e-09	0	0	0	0	0.945455	0.944751	0.272894	0.566929	0.861878	9.90099e-09	0.0693069	9.90099e-09	1	0.143898	0.255973	0.666667	0.666667	0.666667	1	1	16834.1	1e+20	2.75095e+14	60.8025	18.81	35.7505	86.7575	20.9804	98.9276	
101000	-124319	-1192.01	-77587.4	-19919.3	0.0723577	1	0.181449	11.0224	2.0788	0.000386056	18.8404	0.421942	5478	99	578	-76471.4	54.1431f	44.6335	4	1	1	0.0693069	0.267327	0.0792079	9.90099e-09	0	0	0	0	0.972727	0.952468	0.247273	0.508621	0.88117	9.90099e-09	0.0693069	9.90099e-09	1	0.106033	0.290657	0.666667	0.666667	0.666667	1	1	16834.1	1e+20	2.75095e+14	60.8025	18.81	35.7505	86.7575	54.1431	44.6335	
102000	-124390	-1192.01	-77657.6	-19805.5	0.0711178	1	0.179809	11.1229	2.14088	0.00373824	19.105	0.413442	5435	99	626	-76471.4	46.2341f	73.0676	4	1	1	0.0693069	0.267327	0.0792079	9.90099e-09	0	0	0	0	0.909091	0.953959	0.224265	0.507937	0.847426	9.90099e-09	0.0693069	9.90099e-09	1	0.132353	0.314696	0.666667	0.666667	0.666667	1	1	16834.1	1e+20	2.75095e+14	60.8025	18.81	52.085	65.7648	46.2341	73.0676	
103000	-124532	-1192.01	-77799.5	-19961.1	0.0716908	1	0.183192	10.9175	2.19873	0.00509462	19.105	0.395132	5494	99	577	-76471.4	23.107f	55.8819	4	1	1	0.0693069	0.267327	0.0792079	9.90099e-09	0	0	0	0	0.872727	0.967213	0.251366	0.547619	0.894545	9.90099e-09	0.0891089	9.90099e-09	1	0.14	0.284768	0.666667	0.666667	0.666667	1	1	16834.1	1e+20	2.75095e+14	60.8025	18.81	52.085	65.7648	23.107	55.8819	
104000	-126193	-1192.01	-79460.6	-20289.5	0.0745624	1	0.189599	10.5486	2.36678	0.0124844	19.105	0.354672	5619	99	599	-76471.4	66.7498f	89.9889	4	1	1	0.0693069	0.267327	0.0792079	9.90099e-09	0	0	0	0	0.909091	0.958929	0.24552	0.566667	0.870337	9.90099e-09	0.0891089	9.90099e-09	1	0.131673	0.299832	0.666667	0.666667	0.666667	1	1	16834.1	1e+20	2.75095e+14	60.8025	18.81	52.085	65.7648	66.7498	89.9889	
105000	-127602	-1192.01	-80870	-20484.4	0.0738111	1	0.204293	9.78986	2.46774	0.0124844	18.9967	0.315694	5694	99	646	-76471.4	66.7498f	89.9889	4	1	1	0.0693069	0.247525	0.0792079	9.90099e-09	0	0	0	0	0.818182	0.957746	0.230496	0.55303	0.846561	9.90099e-09	0.0891089	9.90099e-09	1	0.118166	0.307692	0.666667	0.666667	0.666667	1	1	16834.1	1e+20	2.75095e+14	88.9957	53.5203	52.085	65.7648	66.7498	89.9889	
106000	-126862	-1192.01	-80130	-20281	0.0734386	1	0.196712	10.1671	2.6411	0.00491623	19.5301	0.306341	5616	99	660	-76471.4	40.5978f	75.2291	4	1	1	0.0693069	0.247525	0.0792079	9.90099e-09	0	0	0	0	0.936364	0.951957	0.237077	0.507692	0.838078	9.90099e-09	0.0891089	9.90099e-09	1	0.1125	0.289063	0.666667	0.666667	0.666667	1	1	16834.1	1e+20	2.75095e+14	88.9957	53.5203	52.085	65.7648	40.5978	75.2291	
107000	-126851	-1192.01	-80119.4	-20377.7	0.0734386	1	0.17767	11.2568	2.38544	0.00894817	19.5301	0.375523	5653	99	615	-76471.4	15.2713f	61.7397	4	1	1	0.108911	0.247525	0.0792079	9.90099e-09	0	0	0	0	0.909091	0.961268	0.261484	0.483333	0.87478	9.90099e-09	0.0891089	9.90099e-09	1	0.136042	0.261307	0.666667	0.666667	0.666667	1	1	16834.1	1e+20	2.75095e+14	88.9957	53.5203	52.085	65.7648	15.2713	61.7397	
108000	-126124	-1192.01	-79391.9	-20297.6	0.0747994	1	0.165009	12.1206	2.29294	0.00894817	19.6085	0.42065	5622	99	581	-76471.4	15.2713f	61.7397	4	1	1	0.108911	0.247525	0.0792079	9.90099e-09	0	0	0	0	0.890909	0.962963	0.269982	0.462185	0.856392	9.90099e-09	0.0891089	9.90099e-09	1	0.130053	0.320534	0.666667	0.666667	0.666667	1	1	16834.1	1e+20	2.75095e+14	88.9957	53.5203	52.085	65.7648	15.2713	61.7397	
109000	-129774	-1192.01	-83041.7	-20977.2	0.0765061	1	0.165742	12.067	2.50303	0.00117276	19.9082	0.383638	5885	99	632	-76471.4	47.3691f	37.2923	4	1	1	0.108911	0.247525	0.0792079	9.90099e-09	0	0	0	0	0.9	0.955932	0.266553	0.445378	0.864177	9.90099e-09	0.0891089	9.90099e-09	1	0.152801	0.276899	0.666667	0.666667	0.666667	1	1	16834.1	1e+20	2.75095e+14	88.9957	53.5203	52.085	65.7648	47.3691	37.2923	
110000	-130030	-1192.01	-83298.3	-21057.8	0.0789889	1	0.164903	12.1284	2.42959	0.00246716	19.6283	0.397246	5916	99	620	-76471.4	50.7651f	30.7956	4	1	1	0.108911	0.247525	0.0792079	9.90099e-09	0	0	0	0	0.890909	0.952462	0.250423	0.557377	0.876481	9.90099e-09	0.0990099	9.90099e-09	1	0.125212	0.306557	0.666667	0.666667	0.666667	1	1	16834.1	1e+20	2.75095e+14	88.9957	53.5203	52.085	65.7648	50.7651	30.7956	
111000	-130311	-1192.01	-83579.1	-21051.5	0.0769532	1	0.178241	11.2208	2.55842	0.014361	19.6283	0.349012	5914	99	643	-76471.4	48.3565f	96.4667	4	1	1	0.108911	0.168317	0.0792079	9.90099e-09	0	0	0	0	0.927273	0.969646	0.286195	0.472868	0.899666	9.90099e-09	0.0990099	9.90099e-09	1	0.129848	0.272162	0.666667	0.666667	0.666667	1	1	16834.1	1e+20	2.75095e+14	88.9957	53.5203	52.085	65.7648	48.3565	96.4667	
112000	-131645	-1192.01	-84913.2	-21395.5	0.0791886	1	0.163573	12.227	2.4443	0.00642716	19.6853	0.398065	6049	99	616	-76471.4	39.4654f	79.0405	4	1	1	0.108911	0.168317	0.0594059	9.90099e-09	0	0	0	0	0.872727	0.965289	0.256198	0.590551	0.872727	9.90099e-09	0.0990099	9.90099e-09	1	0.119008	0.304065	0.666667	0.666667	0.666667	1	1	16834.1	1e+20	2.75095e+14	78.3527	68.8183	53.5946	54.3969	39.4654	79.0405	
113000	-132559	-1192.01	-85827	-21663.6	0.0799204	1	0.163257	12.2506	2.46213	0.007403	19.6853	0.395948	6155	99	585	-76471.4	72.4761f	25.0186	4	1	1	0.108911	0.168317	0.0594059	9.90099e-09	0	0	0	0	0.936364	0.957724	0.256579	0.529412	0.885434	9.90099e-09	0.0990099	9.90099e-09	1	0.116883	0.307301	0.666667	0.666667	0.666667	1	1	16834.1	1e+20	2.75095e+14	78.3527	68.8183	53.5946	54.3969	72.4761	25.0186	
114000	-133496	-1192.01	-86763.7	-21711.4	0.080206	1	0.182085	10.9839	2.75588	0.000158775	19.6853	0.317166	6174	99	653	-76471.4	47.134f	49.6319	4	1	1	0.0990099	0.168317	0.0594059	9.90099e-09	0	0	0	0	0.909091	0.964169	0.243506	0.480315	0.887805	9.90099e-09	0.0990099	9.90099e-09	1	0.138662	0.292528	0.666667	0.666667	0.666667	1	1	16834.1	1e+20	2.75095e+14	78.3527	68.8183	53.5946	54.3969	47.134	49.6319	
115000	-133028	-1192.01	-86296.1	-21703.9	0.080206	1	0.177441	11.2714	2.4969	0.00532271	19.33	0.359223	6171	99	621	-76471.4	66.3513f	26.7128	4	1	1	0.0990099	0.168317	0.0594059	9.90099e-09	0	0	0	0	0.872727	0.960912	0.275974	0.626016	0.868506	9.90099e-09	0.0990099	9.90099e-09	1	0.0938511	0.301109	0.666667	0.666667	0.666667	1	1	16834.1	1e+20	2.75095e+14	78.3527	68.8183	53.5946	54.3969	66.3513	26.7128	
116000	-132324	-1192.01	-85592	-21519.6	0.0801356	1	0.175511	11.3953	2.46758	0.000822807	19.33	0.36749	6098	99	629	-76471.4	57.2189f	42.1242	4	1	1	0.0990099	0.168317	0.0594059	9.90099e-09	0	0	0	0	0.890909	0.955592	0.232787	0.577236	0.901639	9.90099e-09	0.148515	9.90099e-09	1	0.147541	0.299838	0.666667	0.666667	0.666667	1	1	16834.1	1e+20	2.75095e+14	92.9989	51.7354	53.5946	54.3969	57.2189	42.1242	
117000	-132703	-1192.01	-85971.2	-21532.3	0.0795289	1	0.167955	11.9079	2.66419	0.00335067	19.9599	0.355682	6103	99	655	-76471.4	70.9105f	57.6771	4	1	1	0.0990099	0.158416	0.0594059	9.90099e-09	0	0	0	0	0.881818	0.952381	0.243863	0.559701	0.866995	0.009901	0.148515	9.90099e-09	1	0.134206	0.333841	0.666667	0.666667	0.666667	1	1	16834.1	1e+20	2.75095e+14	92.9989	51.7354	53.5946	54.3969	70.9105	57.6771	
118000	-132531	-1192.01	-85799.5	-21474	0.0795289	1	0.175967	11.3657	2.79128	0.00144938	19.9599	0.32403	6080	99	669	-76471.4	35.8543f	47.7598	4	1	1	0.0990099	0.158416	0.029703	9.90099e-09	0	0	0	0	0.890909	0.952303	0.246711	0.542636	0.866776	0.009901	0.148515	9.90099e-09	1	0.141215	0.285714	0.666667	0.666667	0.666667	1	1	16834.1	1e+20	2.75095e+14	92.9989	51.7354	48.3901	76.7347	35.8543	47.7598	
119000	-131973	-1192.01	-85241.2	-21236	0.0795289	1	0.184893	10.8171	2.93286	0.00131949	19.9599	0.293499	5986	99	714	-76471.4	52.9769f	63.1266	4	1	1	0.039604	0.158416	0.029703	9.90099e-09	0	0	0	0	0.890909	0.958333	0.281198	0.472222	0.856187	0.009901	0.148515	9.90099e-09	1	0.123333	0.263305	0.666667	0.666667	0.666667	1	1	16834.1	1e+20	2.75095e+14	79.9586	27.6284	48.3901	76.7347	52.9769	63.1266	
120000	-133332	-1192.01	-86599.7	-21678.2	0.0827023	1	0.19051	10.4981	2.79055	0.005098	19.3759	0.299373	6160	99	666	-76471.4	73.163f	64.975	4	1	1	0.039604	0.158416	0.029703	0.009901	0	0	0	0	0.881818	0.955056	0.233387	0.477273	0.88746	0.009901	0.148515	9.90099e-09	1	0.102729	0.308562	0.666667	0.666667	0.666667	1	1	16834.1	1e+20	2.75095e+14	79.9586	27.6284	48.3901	76.7347	73.163	64.975	
121000	-132641	-1192.01	-85909.1	-21549.9	0.0800408	1	0.176255	11.3472	2.59581	0.00930799	19.5615	0.347862	6110	99	650	-76471.4	47.1675f	87.2098	4	1	1	0.039604	0.158416	0.029703	0.009901	0	0	0	0	0.872727	0.936066	0.254902	0.552846	0.876442	0.009901	0.148515	9.90099e-09	1	0.109477	0.325949	0.666667	0.666667	0.666667	1	1	16834.1	1e+20	2.75095e+14	79.9586	27.6284	48.3901	76.7347	47.1675	87.2098	
122000	-134303	-1192.01	-87570.9	-21829.5	0.0817158	1	0.178126	11.228	2.67827	0.00693332	19.5615	0.333609	6221	99	680	-76471.4	20.4318f	62.7162	4	1	1	0.039604	0.158416	0.029703	0.009901	0	0	0	0	0.9	0.969256	0.254019	0.597122	0.874388	0.009901	0.118812	9.90099e-09	1	0.139647	0.300587	0.666667	0.666667	0.666667	1	1	16834.1	1e+20	2.75095e+14	96.5206	32.843	48.3901	76.7347	20.4318	62.7162	
123000	-137211	-1192.01	-90479	-22390.5	0.0817158	1	0.191174	10.4617	2.87446	0.00385008	19.5615	0.289624	6445	99	704	-76471.4	51.6813f	73.6852	4	1	1	0.039604	0.158416	0.029703	0.009901	0	0	0	0	0.9	0.959565	0.267081	0.45	0.86646	0.009901	0.118812	9.90099e-09	1	0.147745	0.305476	0.666667	0.666667	0.666667	1	1	16834.1	1e+20	2.75095e+14	96.5206	32.843	48.3901	76.7347	51.6813	73.6852	
124000	-136624	-1192.01	-89892	-22237.7	0.0817158	1	0.191174	10.4617	3.03389	0.0250758	19.8273	0.274404	6384	99	719	-76471.4	0.150464f	86.2473	4	1	1	0.039604	0.19802	0.039604	0.009901	0	0	0	0	0.9	0.952904	0.249216	0.565517	0.843505	0.009901	0.118812	9.90099e-09	1	0.142633	0.317107	0.666667	0.666667	0.666667	1	1	16834.1	1e+20	2.75095e+14	96.5206	32.843	22.7006	61.1889	0.150464	86.2473	
125000	-137648	-1192.01	-90915.5	-22518.9	0.0837996	1	0.180737	11.0658	2.94139	0.000528967	19.8273	0.299378	6498	99	684	-76471.4	42.0322f	50.6681	4	1	1	0.0693069	0.19802	0.039604	0.009901	0	0	0	0	0.9	0.953988	0.238897	0.489209	0.884969	0.009901	0.118812	9.90099e-09	1	0.0993884	0.285505	0.666667	0.666667	0.666667	1	1	16834.1	1e+20	2.75095e+14	96.5206	32.843	22.7006	61.1889	42.0322	50.6681	
126000	-136425	-1192.01	-89692.7	-22285.9	0.0837996	1	0.169439	11.8036	2.75752	0.0114143	19.8273	0.340633	6404	99	676	-76471.4	10.5352f	62.7528	4	1	1	0.0693069	0.19802	0.039604	0.009901	0	0	0	0	0.872727	0.957813	0.248438	0.547619	0.848674	0.009901	0.118812	9.90099e-09	1	0.146646	0.277778	0.666667	0.666667	0.666667	1	1	16834.1	1e+20	2.75095e+14	96.5206	32.843	22.7006	61.1889	10.5352	62.7528	
127000	-133931	-1192.01	-87198.9	-21866.9	0.0837996	1	0.180841	11.0594	2.68165	0.00209498	19.3715	0.328186	6235	99	635	-76471.4	33.1937f	54.2971	4	1	1	0.0693069	0.19802	0.039604	0.009901	0	0	0	0	0.909091	0.964912	0.260317	0.492537	0.877583	0.009901	0.0990099	9.90099e-09	1	0.108108	0.317337	0.666667	0.666667	0.666667	1	1	16834.1	1e+20	2.75095e+14	81.7972	60.5865	22.7006	61.1889	33.1937	54.2971	
128000	-136725	-1192.01	-89993.3	-22345.8	0.0866259	1	0.164937	12.1259	2.82781	0.00195252	19.9214	0.341234	6427	99	677	-76471.4	52.8128f	66.3935	4	1	1	0.0693069	0.19802	0.039604	0.009901	0	0	0	0	0.890909	0.951938	0.300775	0.572464	0.878882	0.009901	0.0990099	9.90099e-09	1	0.151938	0.304284	0.666667	0.666667	0.666667	1	1	16834.1	1e+20	2.75095e+14	81.7972	60.5865	40.5563	76.7711	52.8128	66.3935	
129000	-137777	-1192.01	-91045	-22484.3	0.0837266	1	0.160831	12.4354	2.66513	0.00165624	19.9214	0.371306	6484	99	707	-76471.4	35.3406f	54.3756	4	1	1	0.0693069	0.19802	0.039604	0.009901	0	0	0	0	0.854545	0.969278	0.277778	0.545455	0.883721	9.90099e-09	0.0990099	9.90099e-09	1	0.132716	0.269795	0.666667	0.666667	0.666667	1	1	16834.1	1e+20	2.75095e+14	81.7972	60.5865	40.5563	76.7711	35.3406	54.3756	
130000	-139948	-1192.01	-93216.3	-22946.4	0.0854554	1	0.175925	11.3685	2.97545	0.00512188	19.9214	0.304046	6672	99	708	-76471.4	64.7953f	73.2635	4	1	1	0.0693069	0.168317	0.029703	0.009901	0	0	0	0	0.927273	0.940387	0.238806	0.601399	0.889222	9.90099e-09	0.0990099	9.90099e-09	1	0.136228	0.271709	0.666667	0.666667	0.666667	1	1	16834.1	1e+20	2.75095e+14	81.7972	60.5865	40.5563	76.7711	64.7953	73.2635	
131000	-140587	-1192.01	-93855	-23054.9	0.0870627	1	0.185046	10.8081	3.13964	0.0116729	19.8445	0.273944	6717	99	726	-76471.4	85.6908f	72.1622	4	1	1	0.0693069	0.168317	0.029703	0.009901	0	0	0	0	0.945455	0.958395	0.243323	0.506757	0.868538	9.90099e-09	0.0990099	9.90099e-09	1	0.14881	0.276099	0.666667	0.666667	0.666667	1	1	16834.1	1e+20	2.75095e+14	81.5505	30.276	45.4423	86.2957	85.6908	72.1622	
132000	-141439	-1192.01	-94707.4	-23289.9	0.0887328	1	0.173725	11.5124	3.00411	0.00748942	19.8445	0.304959	6814	99	691	-76471.4	60.495f	81.7509	4	1	1	0.049505	0.168317	0.029703	9.90099e-09	0	0	0	0	0.863636	0.951754	0.245614	0.554745	0.86217	9.90099e-09	0.0990099	9.90099e-09	1	0.118768	0.259045	0.666667	0.666667	0.666667	1	1	16834.1	1e+20	2.75095e+14	81.5505	30.276	45.4423	86.2957	60.495	81.7509	
133000	-140328	-1192.01	-93595.9	-23093.6	0.0876602	1	0.161649	12.3725	2.76149	0.0130945	19.8445	0.356537	6733	99	674	-76471.4	21.2098f	83.7795	4	1	1	0.049505	0.168317	0.029703	9.90099e-09	0	0	0	0	0.890909	0.965825	0.252226	0.514706	0.883652	9.90099e-09	0.0990099	9.90099e-09	1	0.115727	0.270987	0.666667	0.666667	0.666667	1	1	16834.1	1e+20	2.75095e+14	81.5505	30.276	45.4423	86.2957	21.2098	83.7795	
134000	-140550	-1192.01	-93818.2	-23096	0.0876602	1	0.160119	12.4907	2.74687	0.0117939	19.8653	0.361858	6734	99	694	-76471.4	65.2313f	89.2705	4	1	1	0.049505	0.168317	0.029703	9.90099e-09	0	0	0	0	0.872727	0.968563	0.249258	0.543478	0.870677	9.90099e-09	0.0792079	9.90099e-09	1	0.124629	0.27551	0.666667	0.666667	0.666667	1	1	16834.1	1e+20	2.75095e+14	81.5505	30.276	45.4423	86.2957	65.2313	89.2705	
135000	-139684	-1192.01	-92951.5	-22876.9	0.0876602	1	0.161851	12.357	2.77657	0.0125691	19.8653	0.354157	6644	99	709	-76471.4	72.0025f	87.5516	4	1	1	0.049505	0.168317	0.029703	9.90099e-09	0	0	0	0	0.872727	0.949025	0.289552	0.5	0.862069	9.90099e-09	0.0792079	9.90099e-09	1	0.109774	0.28098	0.666667	0.666667	0.666667	1	1	16834.1	1e+20	2.75095e+14	81.5505	30.276	45.4423	86.2957	72.0025	87.5516	
136000	-142101	-1192.01	-95368.6	-23305.3	0.0876602	1	0.167682	11.9273	2.8766	0.00782143	19.8653	0.329954	6820	99	741	-76471.4	49.6955f	84.1566	4	1	1	0.049505	0.158416	0.029703	9.90099e-09	0	0	0	0	0.954545	0.958944	0.277533	0.52	0.875549	9.90099e-09	0.0792079	9.90099e-09	1	0.124451	0.25776	0.666667	0.666667	0.666667	1	1	16834.1	1e+20	2.75095e+14	81.5505	30.276	45.4423	86.2957	49.6955	84.1566	
137000	-139964	-1192.01	-93231.6	-22954.8	0.0868034	1	0.165286	12.1002	2.80779	0.0190997	19.8653	0.342939	6676	99	705	-76471.4	72.8411f	98.6515	4	1	1	0.049505	0.158416	0.029703	9.90099e-09	0	0	0	0	0.909091	0.950376	0.282707	0.592857	0.870871	9.90099e-09	0.0792079	9.90099e-09	1	0.129129	0.267153	0.666667	0.666667	0.666667	1	1	16834.1	1e+20	2.75095e+14	81.5505	30.276	45.4423	86.2957	72.8411	98.6515	
138000	-141641	-1192.01	-94909.4	-23365.3	0.0883661	1	0.171496	11.6621	2.96572	0.0150906	19.8653	0.312922	6845	99	682	-76471.4	56.0251f	97.3046	4	1	1	0.039604	0.158416	0.029703	9.90099e-09	0	0	0	0	0.881818	0.953079	0.22076	0.454545	0.859649	9.90099e-09	0.108911	9.90099e-09	1	0.133041	0.269071	0.666667	0.666667	0.666667	1	1	16834.1	1e+20	2.75095e+14	81.5505	30.276	72.5975	95.423	56.0251	97.3046	
139000	-140919	-1192.01	-94187.3	-23141.6	0.0904594	1	0.171496	11.6621	2.93535	0.0198768	19.6986	0.31616	6752	99	710	-76471.4	84.001f	93.0706	4	1	1	0.039604	0.158416	0.029703	9.90099e-09	0	0	0	0	0.918182	0.955621	0.237037	0.517483	0.882526	9.90099e-09	0.108911	9.90099e-09	1	0.125926	0.307163	0.666667	0.666667	0.666667	1	1	16834.1	1e+20	2.75095e+14	81.5505	30.276	72.5975	95.423	84.001	93.0706	
140000	-144607	-1192.01	-97874.7	-23783.2	0.0904594	1	0.171496	11.6621	2.93535	0.00469791	19.6986	0.31616	7019	99	759	-76471.4	57.0892f	75.3616	4	1	1	0.039604	0.158416	0.029703	9.90099e-09	0	0	0	0	0.9	0.970255	0.280228	0.577922	0.88478	9.90099e-09	0.108911	9.90099e-09	1	0.14245	0.30504	0.666667	0.666667	0.666667	1	1	16834.1	1e+20	2.75095e+14	81.5505	30.276	72.5975	95.423	57.0892	75.3616	
141000	-143615	-1192.01	-96883.4	-23713.5	0.0904594	1	0.174419	11.4666	2.92423	0.019604	19.5969	0.312043	6990	99	708	-76471.4	76.6697f	97.4919	4	1	1	0.039604	0.158416	0.029703	9.90099e-09	0	0	0	0	0.872727	0.956958	0.289398	0.528169	0.881259	9.90099e-09	0.108911	9.90099e-09	1	0.124286	0.258693	0.666667	0.666667	0.666667	1	1	16834.1	1e+20	2.75095e+14	81.5505	30.276	72.5975	95.423	76.6697	97.4919	
142000	-145499	-1192.01	-98766.6	-23905.1	0.0909127	1	0.18054	11.0779	3.04202	0.012753	19.5969	0.289791	7070	99	798	-76471.4	63.0807f	91.8147	4	1	1	0.039604	0.158416	0.029703	9.90099e-09	0	0	0	0	0.927273	0.93918	0.253182	0.596273	0.878014	0.029703	0.108911	9.90099e-09	1	0.151344	0.284826	0.666667	0.666667	0.666667	1	1	16834.1	1e+20	2.75095e+14	81.5505	30.276	72.5975	95.423	63.0807	91.8147	
143000	-145110	-1192.01	-98378.1	-23993.8	0.0909127	1	0.167833	11.9166	2.8279	0.0132583	19.5969	0.335335	7107	99	719	-76471.4	56.0582f	94.2529	4	1	1	0.039604	0.148515	0.019802	9.90099e-09	0	0	0	0	0.936364	0.957924	0.276685	0.496504	0.866573	0.029703	0.108911	9.90099e-09	1	0.120787	0.270687	0.666667	0.666667	0.666667	1	1	16834.1	1e+20	2.75095e+14	81.5505	30.276	72.5975	95.423	56.0582	94.2529	
144000	-144850	-1192.01	-98118.2	-23857.2	0.093581	1	0.16492	12.1271	3.08589	0.0021657	19.9723	0.312729	7050	99	744	-76471.4	66.941f	55.3305	4	1	1	0.039604	0.148515	0.019802	9.90099e-09	0	0	0	0	0.927273	0.970128	0.255319	0.492958	0.87642	0.029703	0.108911	9.90099e-09	1	0.121986	0.299731	0.666667	0.666667	0.666667	1	1	16834.1	1e+20	2.75095e+14	81.5505	30.276	72.5975	95.423	66.941	55.3305	
145000	-146818	-1192.01	-100086	-24312	0.093581	1	0.167931	11.9097	3.08134	0.0163727	19.8748	0.307574	7242	99	727	-76471.4	71.7039f	94.7435	4	1	1	0.039604	0.148515	0.019802	9.90099e-09	0	0	0	0	0.881818	0.973464	0.248619	0.48951	0.874483	0.029703	0.108911	9.90099e-09	1	0.12	0.278499	0.666667	0.666667	0.666667	1	1	16834.1	1e+20	2.75095e+14	81.5505	30.276	72.5975	95.423	71.7039	94.7435	
146000	-150725	-1192.01	-103993	-25005.8	0.0993328	1	0.167931	11.9097	3.27074	0.00713526	19.8748	0.289764	7539	99	765	-76471.4	66.5234f	78.1646	4	1	1	0.039604	0.148515	0.019802	9.90099e-09	0	0	0	0	0.909091	0.945406	0.263926	0.544872	0.862115	0.029703	0.108911	9.90099e-09	1	0.122016	0.26625	0.666667	0.666667	0.666667	1	1	16834.1	1e+20	2.75095e+14	89.6227	73.8859	67.4932	69.229	66.5234	78.1646	
147000	-151729	-1192.01	-104997	-25176.7	0.0993328	1	0.166098	12.0411	3.04185	0.00673646	19.5712	0.315005	7613	99	781	-76471.4	79.8616f	61.0472	4	1	1	0.039604	0.148515	0.019802	9.90099e-09	0	0	0	0	0.909091	0.952756	0.220472	0.457516	0.887139	0.029703	0.108911	9.90099e-09	1	0.12336	0.331606	0.666667	0.666667	0.666667	1	1	16834.1	1e+20	2.75095e+14	96.2219	77.3699	67.4932	69.229	79.8616	61.0472	
148000	-151718	-1192.01	-104986	-25344.9	0.099892	1	0.156042	12.8171	2.80687	0.00385056	19.4563	0.363377	7686	99	708	-76471.4	72.0885f	59.1805	4	1	1	0.039604	0.148515	0.019802	9.90099e-09	0	0	0	0	0.918182	0.972727	0.232468	0.594406	0.890767	0.029703	0.108911	9.90099e-09	1	0.10143	0.306094	0.666667	0.666667	0.666667	1	1	16834.1	1e+20	2.75095e+14	89.0665	43.1455	67.4932	69.229	72.0885	59.1805	
149000	-150248	-1192.01	-103516	-25033.9	0.099892	1	0.156042	12.8171	2.80687	0.010541	19.4563	0.363377	7551	99	709	-76471.4	84.6759f	69.7563	4	1	1	0.039604	0.148515	0.019802	9.90099e-09	0	0	0	0	0.936364	0.960526	0.272487	0.506667	0.858824	0.029703	0.108911	9.90099e-09	1	0.109788	0.308886	0.666667	0.666667	0.666667	1	1	16834.1	1e+20	2.75095e+14	89.0665	43.1455	67.4932	69.229	84.6759	69.7563	
150000	-151190	-1192.01	-104458	-25206.6	0.099892	1	0.166414	12.0182	2.90709	0.00473896	19.3144	0.328981	7626	99	722	-76471.4	59.8673f	74.5569	4	1	1	0.039604	0.148515	0.049505	9.90099e-09	0	0	0	0	0.863636	0.972296	0.27356	0.506494	0.894598	0.029703	0.158416	9.90099e-09	1	0.139657	0.304762	0.666667	0.666667	0.666667	1	1	16834.1	1e+20	2.75095e+14	89.0665	43.1455	67.4932	69.229	59.8673	74.5569	
151000	-153041	-1192.01	-106309	-25328.7	0.099892	1	0.175239	11.413	3.1384	0.0107641	19.435	0.289389	7679	99	832	-76471.4	89.6574f	41.8809	4	1	1	0.049505	0.148515	0.049505	9.90099e-09	0	0	0	0	0.872727	0.963303	0.276402	0.448718	0.861075	0.029703	0.158416	9.90099e-09	1	0.109804	0.290241	0.666667	0.666667	0.666667	1	1	16834.1	1e+20	2.75095e+14	84.8828	39.5779	95.7686	64.5582	89.6574	41.8809	
152000	-152045	-1192.01	-105313	-25289.6	0.099892	1	0.168416	11.8753	3.01621	0.0163189	19.435	0.31331	7662	99	757	-76471.4	86.6877f	83.5431	4	1	1	0.049505	0.148515	0.049505	9.90099e-09	0	0	0	0	0.936364	0.947917	0.269281	0.546053	0.884416	0.029703	0.158416	9.90099e-09	1	0.134289	0.298942	0.666667	0.666667	0.666667	1	1	16834.1	1e+20	2.75095e+14	84.8828	39.5779	95.7686	64.5582	86.6877	83.5431	
153000	-152497	-1192.01	-105765	-25361	0.099892	1	0.170253	11.7473	2.97689	0.0187029	19.3189	0.314025	7693	99	769	-76471.4	69.0887f	99.6264	4	1	1	0.049505	0.148515	0.049505	9.90099e-09	0	0	0	0	0.909091	0.967575	0.251948	0.461538	0.881971	0.029703	0.158416	9.90099e-09	1	0.106494	0.292588	0.666667	0.666667	0.666667	1	1	16834.1	1e+20	2.75095e+14	84.8828	39.5779	95.7686	64.5582	69.0887	99.6264	
154000	-150397	-1192.01	-103665	-25130.6	0.099892	1	0.156021	12.8188	2.72805	0.0108123	19.3189	0.373924	7593	99	686	-76471.4	76.5589f	80.3908	4	1	1	0.049505	0.0891089	0.049505	9.90099e-09	0	0	0	0	0.890909	0.960578	0.272608	0.557143	0.877632	9.90099e-09	0.158416	9.90099e-09	1	0.110092	0.261364	0.666667	0.666667	0.666667	1	1	16834.1	1e+20	2.75095e+14	84.8828	39.5779	95.7686	64.5582	76.5589	80.3908	
155000	-152003	-1192.01	-105271	-25326.7	0.101354	1	0.17754	11.2651	3.14976	0.0170316	19.3189	0.284608	7678	99	746	-76471.4	98.8196f	64.3508	4	1	1	0.049505	0.0891089	0.049505	9.90099e-09	0	0	0	0	0.890909	0.963542	0.231979	0.453947	0.880734	9.90099e-09	0.118812	9.90099e-09	1	0.114583	0.298898	0.666667	0.666667	0.666667	1	1	16834.1	1e+20	2.75095e+14	84.8828	39.5779	95.7686	64.5582	98.8196	64.3508	
156000	-154474	-1192.01	-107742	-25576.1	0.101464	1	0.185725	10.7686	3.29855	0.021089	19.3189	0.259792	7787	99	854	-76471.4	98.2796f	79.5427	4	1	1	0.049505	0.0891089	0.049505	9.90099e-09	0	0	0	0	0.909091	0.957584	0.226221	0.546512	0.884319	9.90099e-09	0.118812	9.90099e-09	1	0.110398	0.291215	0.666667	0.666667	0.666667	1	1	16834.1	1e+20	2.75095e+14	77.1979	26.1869	95.7686	64.5582	98.2796	79.5427	
157000	-153746	-1192.01	-107014	-25441.1	0.100726	1	0.197562	10.1234	3.30029	0.00754988	19.0601	0.244098	7728	99	851	-76471.4	82.9497f	42.2284	4	1	1	0.049505	0.0891089	0.029703	9.90099e-09	0	0	0	0	0.890909	0.966321	0.228978	0.567251	0.861399	9.90099e-09	0.118812	9.90099e-09	1	0.124191	0.324879	0.666667	0.666667	0.666667	1	1	16834.1	1e+20	2.75095e+14	77.1979	26.1869	95.7686	64.5582	82.9497	42.2284	
158000	-152834	-1192.01	-106102	-25223.1	0.100726	1	0.203009	9.85179	3.45908	0.0206165	19.1546	0.226645	7633	99	871	-76471.4	94.2862f	84.1734	4	1	1	0.029703	0.0891089	0.029703	9.90099e-09	0	0	0	0	0.918182	0.942857	0.252934	0.491429	0.872727	9.90099e-09	0.118812	9.90099e-09	1	0.153141	0.316877	0.666667	0.666667	0.666667	1	1	16834.1	1e+20	2.75095e+14	77.1979	26.1869	95.7686	64.5582	94.2862	84.1734	
159000	-153396	-1192.01	-106664	-25443.4	0.100726	1	0.187963	10.6404	3.20957	0.00102417	19.1648	0.263815	7729	99	813	-76471.4	58.284f	58.3626	4	1	1	0.029703	0.0891089	0.029703	9.90099e-09	0	0	0	0	0.863636	0.957474	0.235751	0.562874	0.857143	9.90099e-09	0.118812	9.90099e-09	1	0.121604	0.310134	0.666667	0.666667	0.666667	1	1	16834.1	1e+20	2.75095e+14	93.7794	54.4887	95.7686	64.5582	58.284	58.3626	
160000	-153165	-1192.01	-106433	-25475.7	0.102138	1	0.176075	11.3588	3.04871	0.00632029	19.1648	0.296486	7743	99	780	-76471.4	78.5055f	61.7093	4	1	1	0.029703	0.148515	0.029703	9.90099e-09	0	0	0	0	0.963636	0.966365	0.244473	0.532468	0.889032	9.90099e-09	0.118812	9.90099e-09	1	0.135484	0.328225	0.666667	0.666667	0.666667	1	1	16834.1	1e+20	2.75095e+14	93.7794	54.4887	95.7686	64.5582	78.5055	61.7093	
161000	-153570	-1192.01	-106838	-25539.5	0.101416	1	0.160914	12.429	3.09268	0.00429473	19.7064	0.319811	7771	99	781	-76471.4	60.3412f	72.9397	4	1	1	0.029703	0.148515	0.029703	9.90099e-09	0	0	0	0	0.854545	0.960154	0.247423	0.522581	0.904762	9.90099e-09	0.138614	9.90099e-09	1	0.126126	0.264126	0.666667	0.666667	0.666667	1	1	16834.1	1e+20	2.75095e+14	98.2505	38.1973	95.7686	64.5582	60.3412	72.9397	
162000	-154543	-1192.01	-107811	-25719.8	0.102968	1	0.161822	12.3592	3.15776	0.016561	19.7064	0.31146	7850	99	786	-76471.4	92.7865f	76.0999	4	1	1	0.029703	0.148515	0.029703	9.90099e-09	0	0	0	0	0.936364	0.963338	0.276081	0.481013	0.882278	9.90099e-09	0.138614	9.90099e-09	1	0.134008	0.290653	0.666667	0.666667	0.666667	1	1	16834.1	1e+20	2.75095e+14	98.2505	38.1973	95.7686	64.5582	92.7865	76.0999	
163000	-155471	-1192.01	-108739	-26167.6	0.102968	1	0.140464	14.2385	2.74098	0.0106704	19.7064	0.413378	8047	99	669	-76471.4	90.2578f	50.4782	4	1	1	0.029703	0.148515	0.039604	9.90099e-09	0	0	0	0	0.890909	0.961776	0.295652	0.533784	0.910559	9.90099e-09	0.138614	9.90099e-09	1	0.0981366	0.312407	0.666667	0.666667	0.666667	1	1	16834.1	1e+20	2.75095e+14	98.2505	38.1973	95.7686	64.5582	90.2578	50.4782	
164000	-155969	-1192.01	-109237	-26177.2	0.104664	1	0.147046	13.6012	2.91156	0.00888082	19.6978	0.371743	8052	99	712	-76471.4	64.3864f	83.524	4	1	1	0.029703	0.148515	0.039604	9.90099e-09	0	0	0	0	0.863636	0.971214	0.288917	0.561151	0.865169	9.90099e-09	0.138614	9.90099e-09	1	0.0955335	0.290698	0.666667	0.666667	0.666667	1	1	16834.1	1e+20	2.75095e+14	98.2505	38.1973	95.7686	64.5582	64.3864	83.524	
165000	-157013	-1192.01	-110281	-26464.3	0.106326	1	0.144682	13.8235	2.91025	0.0131107	19.6978	0.377986	8180	99	666	-76471.4	92.6382f	36.5086	4	1	1	0.049505	0.148515	0.039604	9.90099e-09	0	0	0	0	0.918182	0.968137	0.234719	0.513699	0.911656	9.90099e-09	0.138614	9.90099e-09	1	0.109202	0.261725	0.666667	0.666667	0.666667	1	1	16834.1	1e+20	2.75095e+14	98.2505	38.1973	61.6024	67.8582	92.6382	36.5086	
166000	-156306	-1192.01	-109574	-26260.2	0.103282	1	0.13962	14.3246	2.72804	0.00122324	19.6978	0.41785	8088	99	693	-76471.4	61.3388f	43.1513	4	1	1	0.049505	0.19802	0.039604	9.90099e-09	0	0	0	0	0.936364	0.971605	0.232099	0.528571	0.907407	9.90099e-09	0.138614	9.90099e-09	1	0.1	0.278902	0.666667	0.666667	0.666667	1	1	16834.1	1e+20	2.75095e+14	82.6016	20.884	64.75	35.1002	61.3388	43.1513	
167000	-156359	-1192.01	-109627	-26186	0.105594	1	0.153355	13.0416	3.06348	0.00459168	19.6978	0.338772	8056	99	743	-76471.4	41.8078f	74.6685	4	1	1	0.049505	0.19802	0.039604	9.90099e-09	0	0	0	0	0.9	0.954151	0.234201	0.5	0.884615	9.90099e-09	0.148515	9.90099e-09	1	0.126551	0.275908	0.666667	0.666667	0.666667	1	1	16834.1	1e+20	2.75095e+14	82.6016	20.884	17.0344	60.143	41.8078	74.6685	
168000	-156079	-1192.01	-109347	-26055.3	0.104281	1	0.160161	12.4874	3.15968	0.0101183	19.6978	0.314499	7998	99	772	-76471.4	27.274f	17.9781	4	1	1	0.049505	0.19802	0.039604	9.90099e-09	0	0	0	0	0.890909	0.971464	0.264669	0.552147	0.877805	9.90099e-09	0.148515	9.90099e-09	1	0.11875	0.305521	0.666667	0.666667	0.666667	1	1	16834.1	1e+20	2.75095e+14	82.6016	20.884	30.596	11.151	27.274	17.9781	
169000	-155546	-1192.01	-108814	-25937.7	0.103644	1	0.162904	12.2772	3.19415	0.00378409	19.6978	0.305868	7946	99	780	-76471.4	58.9906f	71.784	4	1	1	0.049505	0.19802	0.039604	9.90099e-09	0	0	0	0	0.872727	0.961202	0.225282	0.512048	0.90125	9.90099e-09	0.148515	9.90099e-09	1	0.146096	0.259494	0.666667	0.666667	0.666667	1	1	16834.1	1e+20	2.75095e+14	82.6016	20.884	52.9588	39.8322	58.9906	71.784	
170000	-158134	-1192.01	-111402	-26402.2	0.108013	1	0.162904	12.2772	3.32879	0.00394687	19.6978	0.293496	8152	99	796	-76471.4	26.2516f	54.3912	4	1	1	0.049505	0.19802	0.009901	9.90099e-09	0	0	0	0	0.890909	0.955882	0.252463	0.53012	0.896552	9.90099e-09	0.148515	9.90099e-09	1	0.132841	0.28392	0.666667	0.666667	0.666667	1	1	16834.1	1e+20	2.75095e+14	82.6016	20.884	56.6196	42.2776	26.2516	54.3912	
171000	-159596	-1192.01	-112864	-26704.9	0.108013	1	0.162904	12.2772	3.32879	0.00340464	19.6978	0.293496	8288	99	790	-76471.4	71.908f	44.5345	4	1	1	0.0792079	0.19802	0.009901	9.90099e-09	0	0	0	0	0.890909	0.956627	0.25393	0.55	0.898917	9.90099e-09	0.148515	9.90099e-09	1	0.131325	0.282828	0.666667	0.666667	0.666667	1	1	16834.1	1e+20	2.75095e+14	82.6016	20.884	56.6196	42.2776	71.908	44.5345	
172000	-162822	-1192.01	-116090	-27252.9	0.112998	1	0.157754	12.6779	3.41272	0.000386752	19.7565	0.295623	8536	99	816	-76471.4	56.3742f	51.697	4	1	1	0.0792079	0.19802	0.009901	9.90099e-09	0	0	0	0	0.945455	0.969697	0.264019	0.502959	0.859813	9.90099e-09	0.148515	9.90099e-09	1	0.143692	0.297847	0.666667	0.666667	0.666667	1	1	16834.1	1e+20	2.75095e+14	82.6016	20.884	56.6196	42.2776	56.3742	51.697	
173000	-163033	-1192.01	-116301	-27231.1	0.112998	1	0.156661	12.7665	3.4812	0.000626385	19.8894	0.291831	8526	99	854	-76471.4	57.0082f	44.1566	4	1	1	0.0792079	0.19802	0.009901	9.90099e-09	0	0	0	0	0.909091	0.943728	0.260563	0.485549	0.881594	9.90099e-09	0.0891089	9.90099e-09	1	0.123095	0.314924	0.666667	0.666667	0.666667	1	1	16834.1	1e+20	2.75095e+14	82.6016	20.884	56.6196	42.2776	57.0082	44.1566	
174000	-164435	-1192.01	-117703	-27610.3	0.114273	1	0.152293	13.1326	3.42232	0.00938366	19.8894	0.305366	8700	99	794	-76471.4	79.9022f	72.7986	4	1	1	0.0792079	0.19802	0.009901	9.90099e-09	0	0	0	0	0.881818	0.962069	0.259302	0.592357	0.876601	9.90099e-09	0.0891089	9.90099e-09	1	0.130884	0.291139	0.666667	0.666667	0.666667	1	1	16834.1	1e+20	2.75095e+14	82.6016	20.884	68.243	61.2275	79.9022	72.7986	
175000	-163354	-1192.01	-116622	-27443.3	0.114273	1	0.147812	13.5307	3.32163	0.00480491	19.8894	0.324161	8623	99	778	-76471.4	63.7708f	72.8477	4	1	1	0.0792079	0.0891089	0.009901	9.90099e-09	0	0	0	0	0.918182	0.968822	0.28125	0.440994	0.88876	9.90099e-09	0.0891089	9.90099e-09	1	0.115875	0.344072	0.666667	0.666667	0.666667	1	1	16834.1	1e+20	2.75095e+14	82.6016	20.884	68.243	61.2275	63.7708	72.8477	
176000	-165408	-1192.01	-118676	-27964.9	0.112419	1	0.138028	14.4898	3.05145	0.00438485	19.8894	0.377873	8862	99	717	-76471.4	73.8649f	59.1964	4	1	1	0.0792079	0.0891089	0.029703	9.90099e-09	0	0	0	0	0.854545	0.966216	0.233971	0.503448	0.920725	9.90099e-09	0.0891089	9.90099e-09	1	0.127109	0.26993	0.666667	0.666667	0.666667	1	1	16834.1	1e+20	2.75095e+14	82.6016	20.884	68.243	61.2275	73.8649	59.1964	
177000	-162980	-1192.01	-116248	-27471.6	0.114372	1	0.135658	14.743	3.05115	0.000468416	19.8894	0.384513	8636	99	733	-76471.4	50.1802f	57.2786	4	1	1	0.0792079	0.0891089	0.029703	9.90099e-09	0	0	0	0	0.936364	0.96292	0.265589	0.591837	0.887601	0.009901	0.0891089	9.90099e-09	1	0.115875	0.286694	0.666667	0.666667	0.666667	1	1	16834.1	1e+20	2.75095e+14	82.6016	20.884	68.243	61.2275	50.1802	57.2786	
178000	-165970	-1192.01	-119238	-27957.3	0.114372	1	0.134028	14.9223	3.01449	0.00401329	19.8894	0.393923	8860	99	772	-76471.4	73.2406f	42.0019	4	1	1	0.049505	0.0891089	0.029703	9.90099e-09	0	0	0	0	0.927273	0.963719	0.29124	0.513158	0.903628	0.009901	0.0891089	9.90099e-09	1	0.117249	0.306878	0.666667	0.666667	0.666667	1	1	16834.1	1e+20	2.75095e+14	85.031	28.2149	68.243	61.2275	73.2406	42.0019	
179000	-166634	-1192.01	-119902	-28211.4	0.115446	1	0.132123	15.1374	2.99954	0.00856614	19.8894	0.401593	8978	99	707	-76471.4	76.0249f	74.7054	4	1	1	0.049505	0.0891089	0.029703	9.90099e-09	0	0	0	0	0.927273	0.974244	0.241881	0.549296	0.895973	0.009901	0.0891089	9.90099e-09	1	0.118834	0.325811	0.666667	0.666667	0.666667	1	1	16834.1	1e+20	2.75095e+14	54.9262	16.3786	91.46	61.6257	76.0249	74.7054	
180000	-167166	-1192.01	-120434	-28239	0.11583	1	0.129856	15.4017	2.91477	0.00387746	19.8165	0.420489	8991	99	742	-76471.4	58.0772f	72.4507	4	1	1	0.049505	0.0891089	0.029703	9.90099e-09	0	0	0	0	0.872727	0.967885	0.275442	0.567568	0.898889	0.009901	0.148515	9.90099e-09	1	0.121111	0.289757	0.666667	0.666667	0.666667	1	1	16834.1	1e+20	2.75095e+14	63.4434	23.3301	87.6301	64.3686	58.0772	72.4507	
181000	-165520	-1192.01	-118788	-27741.6	0.116382	1	0.155709	12.8445	3.51173	0.00613302	19.8165	0.291062	8760	99	832	-76471.4	77.4417f	62.937	4	1	1	0.049505	0.118812	0.029703	9.90099e-09	0	0	0	0	0.863636	0.955429	0.232	0.533742	0.893714	0.009901	0.148515	9.90099e-09	1	0.124287	0.296341	0.666667	0.666667	0.666667	1	1	16834.1	1e+20	2.75095e+14	48.6399	5.06379	87.6301	64.3686	77.4417	62.937	
182000	-166725	-1192.01	-119993	-28139.4	0.11732	1	0.145533	13.7426	3.30868	0.0113406	19.8165	0.330526	8945	99	753	-76471.4	67.0497f	87.6168	4	1	1	0.049505	0.118812	0.019802	9.90099e-09	0	0	0	0	0.9	0.961755	0.259508	0.51634	0.899441	0.009901	0.148515	9.90099e-09	1	0.0972067	0.293151	0.666667	0.666667	0.666667	1	1	16834.1	1e+20	2.75095e+14	48.6399	5.06379	87.6301	64.3686	67.0497	87.6168	
183000	-169712	-1192.01	-122980	-28677	0.121427	1	0.13946	14.3411	3.28161	0.00531422	19.8165	0.347764	9197	99	762	-76471.4	61.8636f	75.4466	4	1	1	0.049505	0.118812	0.019802	9.90099e-09	0	0	0	0	0.918182	0.963124	0.267819	0.611465	0.918478	0.009901	0.148515	9.90099e-09	1	0.105206	0.273657	0.666667	0.666667	0.666667	1	1	16834.1	1e+20	2.75095e+14	48.6399	5.06379	63.6886	81.9429	61.8636	75.4466	
184000	-170954	-1192.01	-124222	-28748.7	0.120136	1	0.154656	12.932	3.71121	0.0181497	19.9672	0.277293	9231	99	846	-76471.4	93.9203f	78.7221	4	1	1	0.0891089	0.118812	0.019802	9.90099e-09	0	0	0	0	0.918182	0.963164	0.235991	0.535294	0.888407	0.009901	0.148515	9.90099e-09	1	0.127844	0.283721	0.666667	0.666667	0.666667	1	1	16834.1	1e+20	2.75095e+14	53.5826	8.06717	98.2945	73.9983	93.9203	78.7221	
185000	-171306	-1192.01	-124574	-28875.3	0.120931	1	0.153328	13.0439	3.56153	0.0181524	19.7727	0.291448	9291	99	806	-76471.4	90.4618f	83.3903	4	1	1	0.0891089	0.118812	0.019802	9.90099e-09	0	0	0	0	0.918182	0.96788	0.264454	0.554878	0.886022	0.009901	0.148515	9.90099e-09	1	0.115054	0.284119	0.666667	0.666667	0.666667	1	1	16834.1	1e+20	2.75095e+14	53.5826	8.06717	98.2945	73.9983	90.4618	83.3903	
186000	-169467	-1192.01	-122735	-28528.8	0.12082	1	0.149559	13.3727	3.47079	0.010112	19.7727	0.306606	9127	99	813	-76471.4	88.9766f	53.8518	4	1	1	0.0891089	0.118812	0.019802	9.90099e-09	0	0	0	0	0.845455	0.963776	0.220153	0.521212	0.893757	0.009901	0.148515	9.90099e-09	1	0.10011	0.307503	0.666667	0.666667	0.666667	1	1	16834.1	1e+20	2.75095e+14	82.3029	47.1095	98.2945	73.9983	88.9766	53.8518	
187000	-172252	-1192.01	-125520	-28987.9	0.120315	1	0.142867	13.999	3.44598	0.00769698	19.9854	0.323277	9344	99	832	-76471.4	83.5504f	56.1199	4	1	1	0.0891089	0.138614	0.019802	9.90099e-09	0	0	0	0	0.881818	0.974441	0.236617	0.54386	0.881156	0.009901	0.128713	9.90099e-09	1	0.116702	0.238095	0.666667	0.666667	0.666667	1	1	16834.1	1e+20	2.75095e+14	82.3029	47.1095	98.2945	73.9983	83.5504	56.1199	
188000	-176144	-1192.01	-129412	-29699.9	0.125648	1	0.142867	13.999	3.59872	0.00838625	19.9854	0.309556	9686	99	835	-76471.4	82.4272f	64.6094	4	1	1	0.0891089	0.138614	0.029703	9.90099e-09	0	0	0	0	0.927273	0.962887	0.285567	0.566265	0.883817	0.009901	0.128713	9.90099e-09	1	0.129897	0.289673	0.666667	0.666667	0.666667	1	1	16834.1	1e+20	2.75095e+14	68.0068	9.93697	80.734	30.1574	82.4272	64.6094	
189000	-175375	-1192.01	-128643	-29567.3	0.126603	1	0.139566	14.3301	3.54228	0.00601456	19.9854	0.321927	9622	99	830	-76471.4	69.5256f	26.8799	4	1	1	0.0891089	0.138614	0.029703	9.90099e-09	0	0	0	0	0.881818	0.968944	0.26943	0.532544	0.901941	0.009901	0.128713	9.90099e-09	1	0.123188	0.277108	0.666667	0.666667	0.666667	1	1	16834.1	1e+20	2.75095e+14	68.0068	9.93697	80.734	30.1574	69.5256	26.8799	
190000	-176857	-1192.01	-130125	-29802.9	0.126603	1	0.141031	14.1813	3.57945	0.0125814	19.9854	0.315276	9736	99	845	-76471.4	91.8868f	37.1855	4	1	1	0.049505	0.138614	0.029703	9.90099e-09	0	0	0	0	0.954545	0.960946	0.286742	0.577143	0.911614	0.009901	0.128713	9.90099e-09	1	0.128469	0.306054	0.666667	0.666667	0.666667	1	1	16834.1	1e+20	2.75095e+14	74.4808	18.1333	69.5149	67.5126	91.8868	37.1855	
191000	-177170	-1192.01	-130438	-29904.2	0.126603	1	0.138559	14.4343	3.5167	0.0125814	19.9854	0.326626	9785	99	821	-76471.4	91.8868f	37.1855	4	1	1	0.049505	0.138614	0.029703	9.90099e-09	0	0	0	0	0.845455	0.958206	0.252546	0.530726	0.889683	0.009901	0.128713	9.90099e-09	1	0.106231	0.292121	0.666667	0.666667	0.666667	1	1	16834.1	1e+20	2.75095e+14	74.4808	18.1333	95.1126	72.8191	91.8868	37.1855	
192000	-174882	-1192.01	-128150	-29592.1	0.12673	1	0.135109	14.8029	3.20795	0.0163168	19.6501	0.367204	9634	99	772	-76471.4	96.8184f	66.9333	4	1	1	0.049505	0.138614	0.029703	9.90099e-09	0	0	0	0	0.881818	0.967942	0.234683	0.474684	0.901235	0.009901	0.128713	9.90099e-09	1	0.11722	0.296578	0.666667	0.666667	0.666667	1	1	16834.1	1e+20	2.75095e+14	74.4808	18.1333	95.1126	72.8191	96.8184	66.9333	
193000	-173961	-1192.01	-127229	-29482.1	0.124728	1	0.138192	14.4726	3.27555	0.00580342	19.72	0.351603	9581	99	747	-76471.4	77.0082f	37.7277	4	1	1	0.049505	0.148515	0.029703	9.90099e-09	0	0	0	0	0.890909	0.981308	0.238542	0.568627	0.930208	0.009901	0.118812	9.90099e-09	1	0.114464	0.294511	0.666667	0.666667	0.666667	1	1	16834.1	1e+20	2.75095e+14	74.4808	18.1333	95.1126	72.8191	77.0082	37.7277	
194000	-174577	-1192.01	-127845	-29500.9	0.124728	1	0.130443	15.3323	3.10016	0.00321999	19.7332	0.393563	9590	99	792	-76471.4	37.886f	67.9258	4	1	1	0.049505	0.148515	0.029703	9.90099e-09	0	0	0	0	0.890909	0.972945	0.271399	0.475309	0.912591	0.009901	0.118812	9.90099e-09	1	0.121748	0.295455	0.666667	0.666667	0.666667	1	1	16834.1	1e+20	2.75095e+14	74.4808	18.1333	95.1126	72.8191	37.886	67.9258	
195000	-169804	-1192.01	-123072	-28740.9	0.123713	1	0.137046	14.5936	3.23057	0.00168827	19.7332	0.35948	9226	99	741	-76471.4	59.1525f	62.443	4	1	1	0.049505	0.148515	0.029703	9.90099e-09	0	0	0	0	0.854545	0.965368	0.227519	0.425676	0.91441	0.009901	0.118812	9.90099e-09	1	0.108342	0.261559	0.666667	0.666667	0.666667	1	1	16834.1	1e+20	2.75095e+14	83.7501	32.0592	95.1126	72.8191	59.1525	62.443	
196000	-171127	-1192.01	-124395	-28893.5	0.123713	1	0.132613	15.0815	3.12607	0.0269857	19.7332	0.383915	9299	99	781	-76471.4	98.209f	92.1471	4	1	1	0.049505	0.148515	0.029703	9.90099e-09	0	0	0	0	0.927273	0.958155	0.261522	0.564103	0.883547	0.009901	0.118812	9.90099e-09	1	0.123656	0.28626	0.666667	0.666667	0.666667	1	1	16834.1	1e+20	2.75095e+14	83.7501	32.0592	95.1126	72.8191	98.209	92.1471	
197000	-170346	-1192.01	-123614	-28825.2	0.122568	1	0.13064	15.3092	3.05108	0.0137147	19.7332	0.399291	9267	99	740	-76471.4	95.6348f	52.0061	4	1	1	0.029703	0.148515	0.029703	9.90099e-09	0	0	0	0	0.890909	0.965517	0.223416	0.535032	0.906149	0.009901	0.118812	9.90099e-09	1	0.109914	0.328378	0.666667	0.666667	0.666667	1	1	16834.1	1e+20	2.75095e+14	83.7501	32.0592	95.1126	72.8191	95.6348	52.0061	
198000	-170383	-1192.01	-123651	-28852.7	0.119915	1	0.1312	15.2439	2.99783	0.0137147	19.7332	0.404649	9280	99	728	-76471.4	95.6348f	52.0061	4	1	1	0.029703	0.148515	0.029703	9.90099e-09	0	0	0	0	0.890909	0.97619	0.246204	0.506579	0.90368	0.009901	0.118812	9.90099e-09	1	0.114101	0.298197	0.666667	0.666667	0.666667	1	1	16834.1	1e+20	2.75095e+14	71.7334	63.6787	95.1126	72.8191	95.6348	52.0061	
199000	-171753	-1192.01	-125021	-28996.9	0.119915	1	0.135805	14.727	3.17486	0.011106	19.8464	0.369131	9348	99	786	-76471.4	79.9634f	77.8836	4	1	1	0.029703	0.148515	0.029703	9.90099e-09	0	0	0	0	0.836364	0.977444	0.240899	0.506667	0.901728	0.009901	0.0990099	9.90099e-09	1	0.119914	0.284197	0.666667	0.666667	0.666667	1	1	16834.1	1e+20	2.75095e+14	71.7334	63.6787	95.1126	72.8191	79.9634	77.8836	
200000	-170915	-1192.01	-124183	-28871.8	0.119915	1	0.135303	14.7816	3.16315	0.014139	19.8464	0.37187	9289	99	776	-76471.4	96.3706f	51.2692	4	1	1	0.029703	0.168317	0.029703	9.90099e-09	0	