
# before rand glnL: -50749.480527 alnL: -1327.314895
# ninter: 99
# ncoal: 99
# nhits: 99
# true lbda: 0.002110
# true mu: 0.902638
# true rad: 80.522975
# true sigsq: 100.617391
# true neigh. size: 2.215727
# fst-based estimate of neighborhood size: -nan
# nucleotide diversity: 0.000000
# length of a generation: 2141.82 time units
# clock rate: 1 subst. per time unit
# after rand glnL: -50749.480527 alnL: -1327.314895
# ninter: 99
# ncoal: 99
# nhits: 99
# start lbda: 0.002110
# start mu: 0.902638
# start rad: 19.752685
sample	lnP	alnL	glnL	tlnL	lbda	clock	mu	neigh	sigsq	sigsqobs	rad	rhoe	nInt	nCoal	nHit	rootTime	rootLon	rootLat	tstv	alpha	MeanBr	accLbda	accMu	accRad	accInDelDisk	accInDelHit	accScaleTime	accSPR	accSPRlocal	accPath	accIndelDiskSerial	accIndelHitSerial	accLdskGivenDisk	accDiskGivenLdsk	accDiskAndLdsk	accLdskMulti	accDiskMulti	accMoveDiskUD	accAddRemoveJump	accLdskTipToRoot	tuneLbda	tuneRad	tuneMu	tuneIndelDisk	tuneIndelHit	tuneLdskGivenDisk	tuneIndelDiskSerial	tuneIndelHitSerial	c0	c1	rootc0	rootc1	rootldsk0	rootldsk1	
  1000	-53213.1	-1327.31	-6345.75	-1701.42	0.00590988	1	0.221102	9.04559	0.260782	0.0244964	19.9629	2.76026	277	99	129	-47394.7	6.50485f	51.236	4	1	1	0	0	0	0	0	0	0	0	0.981818	0.809091	0.3125	0.54717	0.711712	0	0	0	1	0.18018	0.266129	1	1	1	1	1	2.25	11.3906	5.0625	31.7123	86.7279	3.155	74.0401	6.50485	51.236	
  2000	-55832	-1327.31	-8964.71	-2573.77	0.00991334	1	0.192471	10.3912	0.381151	0.00656813	19.9676	2.16949	456	99	143	-47394.7	35.5374f	52.3842	4	1	1	0	0	0	0	0	0	0	0	0.963636	0.851852	0.308271	0.524272	0.676471	0	0	0	1	0.0955882	0.0909091	1	1	1	1	1	7.59375	437.894	57.665	31.7123	86.7279	3.155	74.0401	35.5374	52.3842	
  3000	-57243.7	-1327.31	-10376.4	-2998.24	0.00991334	1	0.162487	12.3087	0.321774	0.0232339	19.9676	3.04405	548	99	157	-47394.7	10.2851f	33.6566	4	1	1	0	0	0	0	0	0	0	0	0.909091	0.916667	0.211009	0.533981	0.781818	0	0	0	1	0.144144	0.267442	1	1	1	1	1	25.6289	647160	985.261	31.7123	86.7279	3.155	74.0401	10.2851	33.6566	
  4000	-57727.4	-1327.31	-10860.1	-3148.27	0.0115322	1	0.201603	9.92048	0.440489	0.0076663	19.7051	1.7922	583	99	162	-47394.7	38.6705f	62.4404	4	1	1	0	0	0	0	0	0	0	0	0.936364	0.931034	0.175439	0.443478	0.73913	0	0	0	1	0.101695	0.314815	1	1	1	1	1	57.665	1.2595e+08	656.841	31.7123	86.7279	3.155	74.0401	38.6705	62.4404	
  5000	-58629.8	-1327.31	-11762.5	-3377.98	0.0137064	1	0.198872	10.0567	0.516447	0.0299707	19.7051	1.5496	636	99	175	-47394.7	1.52807f	39.9094	4	1	1	0	0	0	0	0	0	0	0	0.909091	0.899225	0.330709	0.480392	0.755906	0	0	0	1	0.148438	0.284091	1	1	1	1	1	129.746	8.27291e+10	56815.1	31.7123	86.7279	9.46845	65.2312	1.52807	39.9094	
  6000	-59752.4	-1327.31	-12885.1	-3763.15	0.0138825	1	0.195588	10.2256	0.514444	0.0211894	19.7051	1.58176	726	99	170	-47394.7	12.4958f	61.7562	4	1	1	0	0.188119	0.019802	0	0	0	0	0	0.881818	0.881944	0.288732	0.533333	0.762238	0	0.158416	0	1	0.205479	0.18125	1	0.666667	0.666667	1	1	437.894	1.61007e+13	3.27625e+06	31.7123	86.7279	9.46845	65.2312	12.4958	61.7562	
  7000	-60562.2	-1327.31	-13694.9	-3984.09	0.0157942	1	0.199461	10.027	0.610894	0.0250638	19.8199	1.30616	780	99	178	-47394.7	8.16993f	62.4794	4	1	1	0	0.188119	0.019802	0	0	0	0	0	0.963636	0.866242	0.185897	0.574074	0.75817	0	0.158416	0.0594059	1	0.11465	0.138889	1	0.666667	0.666667	1	1	1477.89	1.05756e+16	7.37155e+06	31.7123	86.7279	9.46845	65.2312	8.16993	62.4794	
  8000	-63038.5	-1327.31	-16171.2	-4597.78	0.0194203	1	0.193798	10.32	0.737053	0.0189287	19.8688	1.11422	933	99	218	-47394.7	18.8251f	68.4025	4	1	1	0.227723	0.188119	0.019802	0	0	0	0	0	0.909091	0.9	0.247312	0.416667	0.770492	0	0.158416	0.0594059	1	0.132979	0.115385	0.666667	0.666667	0.666667	1	1	7481.83	2.34444e+19	8.39666e+07	31.7123	86.7279	9.46845	65.2312	18.8251	68.4025	
  9000	-63533.1	-1327.31	-16665.8	-4816.01	0.0208167	1	0.160205	12.484	0.664486	0.0091889	19.9548	1.49506	989	99	196	-47394.7	53.8506f	69.9285	4	1	1	0.227723	0.188119	0.019802	0	0	0	0	0	0.881818	0.919598	0.276382	0.571429	0.832487	0	0.158416	0.0594059	1	0.151515	0.323672	0.666667	0.666667	0.666667	1	1	25251.2	1e+20	9.56432e+08	25.0964	81.1037	9.46845	65.2312	53.8506	69.9285	
 10000	-64336.8	-1327.31	-17469.4	-4982.51	0.0208167	1	0.180683	11.0691	0.749424	0.00930907	19.9548	1.17537	1032	99	219	-47394.7	38.7391f	67.1477	4	1	1	0.227723	0.188119	0.019802	0	0	0	0	0	0.9	0.951923	0.240385	0.571429	0.788462	0	0.158416	0.0594059	1	0.125	0.163636	0.666667	0.666667	0.666667	1	1	127834	1e+20	4.18816e+11	25.0964	81.1037	9.46845	65.2312	38.7391	67.1477	
 11000	-63890.9	-1327.31	-17023.6	-4908.7	0.0216928	1	0.199317	10.0342	0.861506	0.0222056	19.9548	0.926865	1013	99	203	-47394.7	9.15444f	52.3925	4	1	1	0.227723	0.188119	0.019802	0	0	0	0	0	0.9	0.961905	0.184466	0.457944	0.794393	0	0.158416	0.0594059	1	0.186275	0.288991	0.666667	0.666667	0.666667	1	1	127834	1e+20	4.18816e+11	0.654211	35.741	17.8061	56.454	9.15444	52.3925	
 12000	-65140	-1327.31	-18272.7	-5277.29	0.0238523	1	0.168023	11.9031	0.798539	0.0107567	19.9548	1.18619	1110	99	199	-47394.7	25.6667f	43.1858	4	1	1	0.227723	0.326733	0.039604	0	0	0	0	0	0.936364	0.864865	0.247788	0.524272	0.825688	0	0.0990099	0.0594059	1	0.117117	0.23445	0.666667	0.666667	0.666667	1	1	127834	1e+20	4.18816e+11	0.654211	35.741	17.8061	56.454	25.6667	43.1858	
 13000	-67470.9	-1327.31	-20603.6	-5780.49	0.0253418	1	0.177587	11.2621	0.8967	0.0197978	19.9548	0.99945	1246	99	250	-47394.7	12.1583f	53.4983	4	1	1	0.227723	0.326733	0.039604	0	0	0	0	0	0.918182	0.936508	0.190476	0.5	0.825397	0.009901	0.0990099	0.009901	1	0.142857	0.341085	0.666667	0.666667	0.666667	1	1	127834	1e+20	4.18816e+11	0.654211	35.741	22.5195	37.4363	12.1583	53.4983	
 14000	-67304	-1327.31	-20436.7	-5765.87	0.0252955	1	0.221779	9.01799	1.11779	0.0255132	19.9548	0.642006	1242	99	240	-47394.7	12.4218f	23.7688	4	1	1	0.0990099	0.326733	0.039604	0.009901	0	0	0	0	0.818182	0.967742	0.232	0.50495	0.824	0.009901	0.0990099	0.009901	1	0.112	0.267206	0.666667	0.666667	0.666667	1	1	127834	1e+20	4.18816e+11	0.654211	35.741	22.5195	37.4363	12.4218	23.7688	
 15000	-67853.5	-1327.31	-20986.2	-5985.79	0.0276235	1	0.186034	10.7507	1.02392	0.0156828	19.9548	0.835527	1303	99	218	-47394.7	22.2199f	30.5247	4	1	1	0.0990099	0.326733	0.039604	0.009901	0	0	0	0	0.9	0.946565	0.212121	0.525862	0.832061	0.009901	0.0990099	0.009901	1	0.129771	0.295652	0.666667	0.666667	0.666667	1	1	127834	1e+20	4.18816e+11	0.654211	35.741	22.5195	37.4363	22.2199	30.5247	
 16000	-69766.5	-1327.31	-22899.2	-6453.98	0.0296711	1	0.158064	12.6531	0.940632	0.0147931	19.9876	1.07045	1435	99	237	-47394.7	18.6829f	44.6394	4	1	1	0.0990099	0.326733	0.039604	0.009901	0	0	0	0	0.9	0.937063	0.272727	0.5	0.809859	0.009901	0.0990099	0.009901	1	0.118056	0.291139	0.666667	0.666667	0.666667	1	1	127834	1e+20	4.18816e+11	0.654211	35.741	22.5195	37.4363	18.6829	44.6394	
 17000	-70715.5	-1327.31	-23848.2	-6686.81	0.0323649	1	0.148861	13.4353	0.956012	0.0315491	19.9342	1.11834	1502	99	245	-47394.7	0.144764f	39.1833	4	1	1	0.0990099	0.326733	0.039604	0.009901	0	0	0	0	0.872727	0.940397	0.32	0.504202	0.88	0.009901	0.0594059	0.009901	1	0.145695	0.243243	0.666667	0.666667	0.666667	1	1	127834	1e+20	4.18816e+11	0.654211	35.741	17.036	65.5561	0.144764	39.1833	
 18000	-72001.3	-1327.31	-25134	-7042.21	0.0332531	1	0.165489	12.0854	1.09196	0.0307822	19.9342	0.880729	1606	99	242	-47394.7	0.384705f	42.5524	4	1	1	0.0990099	0.326733	0.039604	0.009901	0	0	0	0	0.881818	0.94375	0.228395	0.504854	0.824242	0.009901	0.0594059	0.009901	1	0.124224	0.253968	0.666667	0.666667	0.666667	1	1	127834	1e+20	4.18816e+11	0.654211	35.741	3.13941	44.7758	0.384705	42.5524	
 19000	-73236.5	-1327.31	-26369.2	-7380.57	0.0338304	1	0.163244	12.2516	1.09585	0.0190144	19.9342	0.889672	1706	99	239	-47394.7	12.9837f	43.8909	4	1	1	0.0990099	0.277228	0.029703	0.009901	0	0	0	0	0.863636	0.947674	0.25731	0.541284	0.900585	0.009901	0.0594059	9.90099e-09	1	0.163743	0.325175	0.666667	0.666667	0.666667	1	1	127834	1e+20	4.18816e+11	0.654211	35.741	3.13941	44.7758	12.9837	43.8909	
 20000	-72539.4	-1327.31	-25672.1	-7160.51	0.0354747	1	0.168416	11.8753	1.18552	0.0236743	19.9342	0.797125	1641	99	252	-47394.7	7.74953f	41.7722	4	1	1	0.158416	0.277228	0.029703	0.009901	0	0	0	0	0.790909	0.945783	0.277108	0.586538	0.798817	0.009901	0.0594059	9.90099e-09	1	0.120482	0.294821	0.666667	0.666667	0.666667	1	1	127834	1e+20	4.18816e+11	0.654211	35.741	3.13941	44.7758	7.74953	41.7722	
 21000	-73074.1	-1327.31	-26206.8	-7317.44	0.0354747	1	0.176535	11.3292	1.23365	0.0304238	19.8979	0.730797	1688	99	244	-47394.7	1.58519f	58.8229	4	1	1	0.158416	0.277228	0.029703	0.009901	0	0	0	0	0.918182	0.942197	0.248521	0.471154	0.87574	0.009901	0.0594059	9.90099e-09	1	0.142012	0.237705	0.666667	0.666667	0.666667	1	1	127834	1e+20	4.18816e+11	0.654211	35.741	3.13941	44.7758	1.58519	58.8229	
 22000	-74117.6	-1327.31	-27250.3	-7625.22	0.0380908	1	0.149313	13.3947	1.12036	0.00908988	19.8979	0.951398	1781	99	237	-47394.7	28.6946f	45.4724	4	1	1	0.158416	0.277228	0.029703	0.009901	0	0	0	0	0.9	0.910615	0.251429	0.50495	0.882682	0.009901	0.0594059	9.90099e-09	1	0.150838	0.306452	0.666667	0.666667	0.666667	1	1	127834	1e+20	4.18816e+11	0.654211	35.741	3.13941	44.7758	28.6946	45.4724	
 23000	-75021.7	-1327.31	-28154.3	-7703.65	0.0380908	1	0.16622	12.0323	1.25727	0.0279138	19.9379	0.761569	1805	99	288	-47394.7	11.5932f	20.6048	4	1	1	0.158416	0.277228	0.029703	0.009901	0	0	0	0	0.872727	0.933702	0.226519	0.535088	0.855556	0.009901	0.0594059	9.90099e-09	1	0.105556	0.310714	0.666667	0.666667	0.666667	1	1	127834	1e+20	4.18816e+11	0.654211	35.741	3.13941	44.7758	11.5932	20.6048	
 24000	-75399.7	-1327.31	-28532.4	-7886.65	0.0380908	1	0.161187	12.408	1.2192	0.0283171	19.9379	0.809872	1861	99	260	-47394.7	7.82746f	70.1413	4	1	1	0.158416	0.277228	0.029703	0.009901	0	0	0	0	0.881818	0.918919	0.224599	0.537736	0.823529	9.90099e-09	0.0990099	9.90099e-09	1	0.144385	0.296443	0.666667	0.666667	0.666667	1	1	127834	1e+20	4.18816e+11	0.654211	35.741	3.13941	44.7758	7.82746	70.1413	
 25000	-76062.1	-1327.31	-29194.7	-8004.29	0.0380908	1	0.153451	13.0334	1.13375	0.0140162	19.8212	0.914815	1897	99	276	-47394.7	22.8979f	61.799	4	1	1	0.158416	0.29703	0.029703	0.009901	0	0	0	0	0.8	0.905759	0.25	0.544643	0.885417	9.90099e-09	0.0990099	9.90099e-09	1	0.120419	0.264493	0.666667	0.666667	0.666667	1	1	127834	1e+20	4.18816e+11	0.654211	35.741	3.13941	44.7758	22.8979	61.799	
 26000	-75337.6	-1327.31	-28470.3	-7815.01	0.0397764	1	0.164581	12.1521	1.25506	0.0246603	19.7635	0.770504	1839	99	276	-47394.7	6.2657f	50.1818	4	1	1	0.0594059	0.29703	0.029703	0.009901	0	0	0	0	0.872727	0.918919	0.266304	0.435897	0.794595	9.90099e-09	0.0990099	9.90099e-09	1	0.189189	0.328413	0.666667	0.666667	0.666667	1	1	127834	1e+20	4.18816e+11	15.143	33.6079	3.13941	44.7758	6.2657	50.1818	
 27000	-76758.9	-1327.31	-29891.6	-8123.91	0.040827	1	0.155944	12.8251	1.22061	0.0285856	19.7635	0.836129	1935	99	298	-47394.7	5.14164f	31.4721	4	1	1	0.0594059	0.29703	0.029703	9.90099e-09	0	0	0	0	0.845455	0.94359	0.242268	0.512397	0.860825	9.90099e-09	0.0990099	9.90099e-09	1	0.148718	0.295681	0.666667	0.666667	0.666667	1	1	127834	1e+20	4.18816e+11	15.143	33.6079	3.13941	44.7758	5.14164	31.4721	
 28000	-77112.7	-1327.31	-30245.4	-8194.28	0.040827	1	0.145514	13.7444	1.17925	0.0217502	19.9359	0.927489	1957	99	301	-47394.7	9.45346f	48.0299	4	1	1	0.0594059	0.29703	0.029703	9.90099e-09	0	0	0	0	0.827273	0.949239	0.22335	0.504065	0.844221	9.90099e-09	0.0990099	9.90099e-09	1	0.0964467	0.30897	0.666667	0.666667	0.666667	1	1	127834	1e+20	4.18816e+11	15.143	33.6079	3.13941	44.7758	9.45346	48.0299	
 29000	-79466.1	-1327.31	-32598.8	-8814.65	0.0434058	1	0.142758	14.0097	1.22999	0.0195817	19.9359	0.906397	2154	99	296	-47394.7	12.575f	41.7136	4	1	1	0.0594059	0.29703	0.029703	9.90099e-09	0	0	0	0	0.818182	0.968037	0.273585	0.51938	0.876712	9.90099e-09	0.0990099	9.90099e-09	1	0.127358	0.287162	0.666667	0.666667	0.666667	1	1	127834	1e+20	4.18816e+11	15.143	33.6079	3.13941	44.7758	12.575	41.7136	
 30000	-79912.8	-1327.31	-33045.5	-8944.27	0.0485494	1	0.15451	12.9441	1.489	0.0197108	19.9359	0.691782	2196	99	290	-47394.7	16.5533f	66.474	4	1	1	0.0594059	0.29703	0.029703	9.90099e-09	0	0	0	0	0.845455	0.932432	0.245536	0.620968	0.818182	9.90099e-09	0.128713	9.90099e-09	1	0.1	0.211921	0.666667	0.666667	0.666667	1	1	127834	1e+20	4.18816e+11	15.143	33.6079	3.13941	44.7758	16.5533	66.474	
 31000	-81053.4	-1327.31	-34186	-9192.67	0.0471133	1	0.15451	12.9441	1.44496	0.015309	19.9359	0.712868	2278	99	302	-47394.7	26.5066f	70.363	4	1	1	0.0594059	0.188119	0.029703	9.90099e-09	0	0	0	0	0.881818	0.947137	0.183406	0.537879	0.864035	9.90099e-09	0.128713	9.90099e-09	1	0.131579	0.292994	0.666667	0.666667	0.666667	1	1	127834	1e+20	4.18816e+11	11.8257	3.87317	28.6008	64.5114	26.5066	70.363	
 32000	-78683.8	-1327.31	-31816.5	-8632.89	0.0452517	1	0.14945	13.3824	1.34241	0.0130879	19.9359	0.793306	2096	99	289	-47394.7	36.9514f	74.0953	4	1	1	0.128713	0.188119	0.029703	9.90099e-09	0	0	0	0	0.8	0.943396	0.21327	0.393443	0.867299	9.90099e-09	0.128713	9.90099e-09	1	0.12381	0.231788	0.666667	0.666667	0.666667	1	1	127834	1e+20	4.18816e+11	11.8257	3.87317	28.6008	64.5114	36.9514	74.0953	
 33000	-81720.8	-1327.31	-34853.5	-9274.41	0.0477304	1	0.147036	13.6021	1.39307	0.0213689	19.9359	0.777004	2305	99	331	-47394.7	40.8886f	87.4819	4	1	1	0.128713	0.188119	0.029703	9.90099e-09	0	0	0	0	0.781818	0.926407	0.246696	0.534653	0.864629	9.90099e-09	0.128713	9.90099e-09	1	0.179825	0.323353	0.666667	0.666667	0.666667	1	1	127834	1e+20	4.18816e+11	11.8257	3.87317	28.6008	64.5114	40.8886	87.4819	
 34000	-82405	-1327.31	-35537.7	-9482.36	0.0488372	1	0.162112	12.3371	1.57153	0.0274242	19.9359	0.624716	2374	99	315	-47394.7	14.7775f	78.8383	4	1	1	0.128713	0.188119	0.029703	9.90099e-09	0	0	0	0	0.827273	0.966102	0.224138	0.634615	0.831897	9.90099e-09	0.128713	9.90099e-09	1	0.109244	0.29393	0.666667	0.666667	0.666667	1	1	127834	1e+20	4.18816e+11	14.5777	6.91087	1.8934	63.5453	14.7775	78.8383	
 35000	-85507.8	-1327.31	-38640.5	-10075.9	0.0530254	1	0.146392	13.6619	1.54083	0.0110701	19.9359	0.70558	2575	99	369	-47394.7	24.9757f	43.7264	4	1	1	0.128713	0.188119	0.029703	9.90099e-09	0	0	0	0	0.754545	0.945946	0.276265	0.5	0.84585	9.90099e-09	0.128713	9.90099e-09	1	0.159533	0.21194	0.666667	0.666667	0.666667	1	1	127834	1e+20	4.18816e+11	14.5777	6.91087	1.8934	63.5453	24.9757	43.7264	
 36000	-89459.4	-1327.31	-42592.1	-10946.1	0.0606297	1	0.141971	14.0874	1.70859	0.0199356	19.9359	0.656118	2880	99	393	-47394.7	11.6192f	47.1755	4	1	1	0.128713	0.188119	0.029703	9.90099e-09	0	0	0	0	0.809091	0.954861	0.243056	0.504274	0.880282	9.90099e-09	0.128713	9.90099e-09	1	0.134948	0.279898	0.666667	0.666667	0.666667	1	1	127834	1e+20	4.18816e+11	14.5777	6.91087	1.8934	63.5453	11.6192	47.1755	
 37000	-90349.6	-1327.31	-43482.3	-11278	0.0616081	1	0.136306	14.6729	1.66689	0.0373043	19.9359	0.700486	2999	99	342	-47394.7	5.46446f	81.7209	4	1	1	0.128713	0.188119	0.029703	9.90099e-09	0	0	0	0	0.809091	0.959866	0.253333	0.481481	0.853333	9.90099e-09	0.128713	9.90099e-09	1	0.133333	0.290141	0.666667	0.666667	0.666667	1	1	127834	1e+20	4.18816e+11	14.5777	6.91087	1.8934	63.5453	5.46446	81.7209	
 38000	-90057.1	-1327.31	-43189.8	-11201.3	0.0605654	1	0.126374	15.826	1.51916	0.01324	19.9355	0.829006	2971	99	349	-47394.7	21.4846f	53.9746	4	1	1	0.128713	0.207921	0.029703	9.90099e-09	0	0	0	0	0.763636	0.945763	0.221843	0.527778	0.863481	9.90099e-09	0.128713	9.90099e-09	1	0.142373	0.318052	0.666667	0.666667	0.666667	1	1	127834	1e+20	4.18816e+11	14.5777	6.91087	1.8934	63.5453	21.4846	53.9746	
 39000	-91316.9	-1327.31	-44449.6	-11529.7	0.0659444	1	0.122963	16.265	1.60943	0.0147048	19.9355	0.804215	3091	99	337	-47394.7	32.2771f	74.198	4	1	1	0.128713	0.207921	0.029703	9.90099e-09	0	0	0	0	0.854545	0.945338	0.248387	0.537313	0.890675	9.90099e-09	0.128713	9.90099e-09	1	0.131833	0.225806	0.666667	0.666667	0.666667	1	1	127834	1e+20	4.18816e+11	14.5777	6.91087	36.6878	57.9049	32.2771	74.198	
 40000	-92404	-1327.31	-45536.7	-11706.4	0.065894	1	0.128022	15.6223	1.67437	0.0100394	19.9355	0.742483	3156	99	360	-47394.7	41.2079f	26.0751	4	1	1	0.128713	0.207921	9.90099e-09	9.90099e-09	0	0	0	0	0.781818	0.94586	0.224684	0.495413	0.901899	9.90099e-09	0.128713	9.90099e-09	1	0.0981013	0.290141	0.666667	0.666667	0.666667	1	1	127834	1e+20	4.18816e+11	14.5777	6.91087	14.2845	50.2609	41.2079	26.0751	
 41000	-91206.2	-1327.31	-44338.9	-11462.7	0.0667705	1	0.12387	16.1459	1.59912	0.0158645	19.8052	0.803473	3066	99	349	-47394.7	28.7637f	73.6169	4	1	1	0.128713	0.207921	9.90099e-09	9.90099e-09	0	0	0	0	0.818182	0.944444	0.289902	0.518519	0.852459	9.90099e-09	0.128713	9.90099e-09	1	0.130293	0.31728	0.666667	0.666667	0.666667	1	1	127834	1e+20	4.18816e+11	14.5777	6.91087	14.2845	50.2609	28.7637	73.6169	
 42000	-94327.7	-1327.31	-47460.4	-11971	0.067234	1	0.147124	13.5939	1.91251	0.00598513	19.8052	0.565629	3254	99	428	-47394.7	44.9035f	35.6495	4	1	1	0.128713	0.207921	9.90099e-09	9.90099e-09	0	0	0	0	0.790909	0.960123	0.230061	0.595041	0.866044	9.90099e-09	0.148515	9.90099e-09	1	0.131902	0.274648	0.666667	0.666667	0.666667	1	1	127834	1e+20	4.18816e+11	14.5777	6.91087	14.2845	50.2609	44.9035	35.6495	
 43000	-92238.4	-1327.31	-45371.1	-11692.9	0.067234	1	0.126165	15.8522	1.64005	0.0178296	19.8052	0.76917	3151	99	353	-47394.7	14.752f	53.9653	4	1	1	0.128713	0.207921	9.90099e-09	9.90099e-09	0	0	0	0	0.845455	0.955556	0.265823	0.495327	0.889241	9.90099e-09	0.148515	9.90099e-09	1	0.0759494	0.28655	0.666667	0.666667	0.666667	1	1	127834	1e+20	4.18816e+11	14.5777	6.91087	14.2845	50.2609	14.752	53.9653	
 44000	-94144.5	-1327.31	-47277.2	-11989.1	0.0681345	1	0.143275	13.9592	1.93691	0.0213569	19.9338	0.573507	3261	99	404	-47394.7	10.2752f	42.6598	4	1	1	0.128713	0.207921	9.90099e-09	9.90099e-09	0	0	0	0	0.8	0.93865	0.279141	0.527273	0.889908	9.90099e-09	0.148515	9.90099e-09	1	0.107034	0.287206	0.666667	0.666667	0.666667	1	1	127834	1e+20	4.18816e+11	13.2057	26.4401	14.2845	50.2609	10.2752	42.6598	
 45000	-94578.2	-1327.31	-47710.9	-12098.9	0.0708493	1	0.141497	14.1346	1.98705	0.0194064	19.9287	0.566064	3302	99	401	-47394.7	12.3567f	45.3666	4	1	1	0.118812	0.267327	0.019802	9.90099e-09	0	0	0	0	0.818182	0.93994	0.263636	0.504202	0.857576	9.90099e-09	0.148515	9.90099e-09	1	0.115152	0.301746	0.666667	0.666667	0.666667	1	1	127834	1e+20	4.18816e+11	13.2057	26.4401	14.2845	50.2609	12.3567	45.3666	
 46000	-95174.3	-1327.31	-48307	-12226	0.0708493	1	0.141497	14.1346	1.87642	0.00758827	19.6453	0.599436	3350	99	402	-47394.7	45.6097f	30.3667	4	1	1	0.118812	0.267327	0.019802	9.90099e-09	0	0	0	0	0.790909	0.951807	0.273273	0.578512	0.839286	9.90099e-09	0.148515	9.90099e-09	1	0.0900901	0.270531	0.666667	0.666667	0.666667	1	1	127834	1e+20	4.18816e+11	13.2057	26.4401	29.2027	21.8096	45.6097	30.3667	
 47000	-96028.9	-1327.31	-49161.6	-12352.9	0.0712976	1	0.14161	14.1233	1.72605	0.0138301	19.2052	0.651137	3398	99	430	-47394.7	73.294f	68.2406	4	1	1	0.118812	0.267327	0.019802	9.90099e-09	0	0	0	0	0.772727	0.947059	0.317647	0.520661	0.855882	9.90099e-09	0.148515	9.90099e-09	1	0.129794	0.309002	0.666667	0.666667	0.666667	1	1	127834	1e+20	4.18816e+11	13.2057	26.4401	56.7185	56.7861	73.294	68.2406	
 48000	-95199.5	-1327.31	-48332.1	-12303.5	0.0698048	1	0.138398	14.451	1.79169	0.00416143	19.6001	0.641839	3379	99	370	-47394.7	49.4317f	51.4481	4	1	1	0.118812	0.267327	0.019802	0.009901	0	0	0	0	0.763636	0.964286	0.261128	0.6	0.893175	9.90099e-09	0.148515	9.90099e-09	1	0.107143	0.286458	0.666667	0.666667	0.666667	1	1	127834	1e+20	4.18816e+11	13.2057	26.4401	56.7185	56.7861	49.4317	51.4481	
 49000	-97167.3	-1327.31	-50300	-12714.6	0.0762292	1	0.129125	15.4889	1.90602	0.0060541	19.8128	0.646668	3536	99	380	-47394.7	40.1335f	57.335	4	1	1	0.118812	0.267327	0.019802	0.009901	0	0	0	0	0.781818	0.932773	0.212291	0.569106	0.877437	9.90099e-09	0.188119	9.90099e-09	1	0.151685	0.310526	0.666667	0.666667	0.666667	1	1	127834	1e+20	4.18816e+11	13.2057	26.4401	56.7185	56.7861	40.1335	57.335	
 50000	-98837.4	-1327.31	-51970.1	-13046.3	0.0768126	1	0.126512	15.8088	1.79663	0.00640495	19.5849	0.700215	3665	99	396	-47394.7	35.4423f	47.6483	4	1	1	0.118812	0.267327	0.019802	0.009901	0	0	0	0	0.881818	0.942779	0.253406	0.547009	0.907859	0.009901	0.188119	9.90099e-09	1	0.122616	0.29765	0.666667	0.666667	0.666667	1	1	127834	1e+20	4.18816e+11	13.2057	26.4401	56.7185	56.7861	35.4423	47.6483	
 51000	-99627.9	-1327.31	-52760.6	-13077.3	0.0786887	1	0.16062	12.4518	1.85843	0.00973195	18.4951	0.533182	3677	99	452	-47394.7	30.8299f	35.5945	4	1	1	0.0891089	0.267327	0.019802	0.009901	0	0	0	0	0.8	0.940217	0.245232	0.588235	0.861789	0.009901	0.188119	9.90099e-09	1	0.108696	0.347162	0.666667	0.666667	0.666667	1	1	127834	1e+20	4.18816e+11	13.2057	26.4401	56.7185	56.7861	30.8299	35.5945	
 52000	-100241	-1327.31	-53373.6	-13227.3	0.0788515	1	0.161454	12.3874	2.10725	0.00439666	19.0507	0.467796	3736	99	445	-47394.7	47.3918f	43.0469	4	1	1	0.0891089	0.267327	0.019802	0.009901	0	0	0	0	0.790909	0.94086	0.262032	0.588652	0.879679	0.009901	0.188119	9.90099e-09	1	0.125668	0.274775	0.666667	0.666667	0.666667	1	1	127834	1e+20	4.18816e+11	24.5034	26.1157	56.7185	56.7861	47.3918	43.0469	
 53000	-100063	-1327.31	-53195.5	-13204.5	0.0790623	1	0.142675	14.0179	2.12213	0.0133399	19.6703	0.525656	3727	99	437	-47394.7	63.3777f	74.8199	4	1	1	0.0891089	0.168317	0.0891089	0.009901	0	0	0	0	0.763636	0.94385	0.283422	0.443609	0.875339	0.009901	0.188119	9.90099e-09	1	0.104278	0.305556	0.666667	0.666667	0.666667	1	1	127834	1e+20	4.18816e+11	24.5034	26.1157	56.7185	56.7861	63.3777	74.8199	
 54000	-99784.1	-1327.31	-52916.8	-13185.2	0.0803863	1	0.134499	14.87	2.03402	0.00951286	19.6703	0.581763	3719	99	418	-47394.7	55.0587f	70.4039	4	1	1	0.0891089	0.168317	0.0891089	0.009901	0	0	0	0	0.827273	0.943089	0.299191	0.416	0.889189	0.009901	0.158416	9.90099e-09	1	0.1	0.271605	0.666667	0.666667	0.666667	1	1	127834	1e+20	4.18816e+11	24.5034	26.1157	42.6285	76.2495	55.0587	70.4039	
 55000	-100596	-1327.31	-53728.5	-13409.5	0.0803863	1	0.127773	15.6528	2.03992	0.00846549	19.9386	0.610619	3808	99	397	-47394.7	31.4067f	55.7121	4	1	1	0.0891089	0.168317	0.0891089	0.009901	0	0	0	0	0.781818	0.966146	0.244737	0.507813	0.874016	0.009901	0.158416	9.90099e-09	1	0.107612	0.277228	0.666667	0.666667	0.666667	1	1	127834	1e+20	4.18816e+11	24.5034	26.1157	42.6285	76.2495	31.4067	55.7121	
 56000	-101428	-1327.31	-54560.9	-13557.9	0.0846148	1	0.125217	15.9722	2.02229	0.0061664	19.7415	0.62851	3866	99	410	-47394.7	41.0702f	58.7914	4	1	1	0.0891089	0.168317	0.0891089	0.009901	0	0	0	0	0.745455	0.94832	0.241645	0.483871	0.863049	0.009901	0.158416	9.90099e-09	1	0.113695	0.274314	0.666667	0.666667	0.666667	1	1	127834	1e+20	4.18816e+11	24.5034	26.1157	46.814	54.3073	41.0702	58.7914	
 57000	-104077	-1327.31	-57209.6	-13982.7	0.0846527	1	0.135464	14.7641	2.18874	0.00638715	19.7415	0.536788	4038	99	465	-47394.7	63.9059f	54.5533	4	1	1	0.0891089	0.168317	0.0891089	0.009901	0	0	0	0	0.790909	0.960298	0.224439	0.5	0.871287	0.009901	0.158416	9.90099e-09	1	0.106436	0.295154	0.666667	0.666667	0.666667	1	1	127834	1e+20	4.18816e+11	24.5034	26.1157	46.814	54.3073	63.9059	54.5533	
 58000	-104588	-1327.31	-57720.6	-14222.2	0.0846527	1	0.135464	14.7641	1.95994	0.0167174	19.204	0.599452	4135	99	413	-47394.7	85.1129f	48.0177	4	1	1	0.0891089	0.168317	0.0693069	0.009901	0	0	0	0	0.736364	0.965937	0.233577	0.534884	0.881643	0.009901	0.158416	9.90099e-09	1	0.106538	0.298578	0.666667	0.666667	0.666667	1	1	127834	1e+20	4.18816e+11	24.5034	26.1157	46.814	54.3073	85.1129	48.0177	
 59000	-104709	-1327.31	-57842.1	-14245	0.0885281	1	0.122113	16.3782	1.84767	0.00784378	19.204	0.705396	4145	99	416	-47394.7	63.4378f	61.9512	4	1	1	0.0891089	0.148515	0.0693069	0.009901	0	0	0	0	0.754545	0.954327	0.21875	0.534351	0.863309	0.009901	0.158416	9.90099e-09	1	0.115385	0.331002	0.666667	0.666667	0.666667	1	1	127834	1e+20	4.18816e+11	17.8845	11.1882	46.814	54.3073	63.4378	61.9512	
 60000	-107288	-1327.31	-60421	-14708.9	0.0898821	1	0.123115	16.245	1.89164	0.0057998	19.2049	0.683396	4337	99	445	-47394.7	38.138f	44.034	4	1	1	0.0891089	0.148515	0.0693069	0.009901	0	0	0	0	0.7	0.95843	0.263761	0.521429	0.903002	0.009901	0.118812	9.90099e-09	1	0.117512	0.343249	0.666667	0.666667	0.666667	1	1	127834	1e+20	4.18816e+11	37.9904	18.9773	46.814	54.3073	38.138	44.034	
 61000	-110551	-1327.31	-63683.7	-15233.8	0.0950812	1	0.127538	15.6815	2.1234	0.031107	19.3206	0.58769	4559	99	499	-47394.7	49.0148f	98.7236	4	1	1	0.0891089	0.148515	0.0693069	0.009901	0	0	0	0	0.827273	0.962719	0.23348	0.590278	0.850877	0.009901	0.118812	9.90099e-09	1	0.10307	0.295503	0.666667	0.666667	0.666667	1	1	127834	1e+20	4.18816e+11	37.9904	18.9773	44.5612	89.0034	49.0148	98.7236	
 62000	-110469	-1327.31	-63602	-15230.8	0.093309	1	0.118834	16.8302	1.87591	0.0298075	19.1551	0.713949	4557	99	494	-47394.7	43.1238f	96.9691	4	1	1	0.0891089	0.148515	0.0693069	0.009901	0	0	0	0	0.745455	0.949451	0.268132	0.561151	0.872807	0.009901	0.118812	9.90099e-09	1	0.0942982	0.321739	0.666667	0.666667	0.666667	1	1	127834	1e+20	4.18816e+11	37.9904	18.9773	44.5612	89.0034	43.1238	96.9691	
 63000	-108181	-1327.31	-61313.6	-14995.9	0.0942304	1	0.11156	17.9276	1.87525	0.00877297	19.4106	0.76077	4458	99	392	-47394.7	54.2151f	68.9439	4	1	1	0.0891089	0.148515	0.0693069	0.009901	0	0	0	0	0.818182	0.966518	0.248879	0.569106	0.904018	0.009901	0.118812	9.90099e-09	1	0.112108	0.33	0.666667	0.666667	0.666667	1	1	127834	1e+20	4.18816e+11	37.9904	18.9773	27.5231	91.7011	54.2151	68.9439	
 64000	-111326	-1327.31	-64458.9	-15475.9	0.0977762	1	0.117506	17.0204	1.99899	0.00877297	19.2898	0.677562	4663	99	467	-47394.7	54.2151f	68.9439	4	1	1	0.0792079	0.168317	0.0693069	0.009901	0	0	0	0	0.8	0.96162	0.235294	0.617886	0.834409	0.009901	0.118812	9.90099e-09	1	0.102345	0.270089	0.666667	0.666667	0.666667	1	1	127834	1e+20	4.18816e+11	37.9904	18.9773	27.5231	91.7011	54.2151	68.9439	
 65000	-113208	-1327.31	-66340.9	-15840.1	0.103286	1	0.12028	16.6279	2.2197	0.0317784	19.4184	0.596119	4821	99	472	-47394.7	47.2936f	99.2715	4	1	1	0.0792079	0.168317	0.108911	0.009901	0	0	0	0	0.854545	0.941667	0.228512	0.507463	0.886994	0.009901	0.118812	9.90099e-09	1	0.104167	0.286036	0.666667	0.666667	0.666667	1	1	127834	1e+20	4.18816e+11	37.9904	18.9773	27.5231	91.7011	47.2936	99.2715	
 66000	-113142	-1327.31	-66274.6	-15849.2	0.103286	1	0.12727	15.7146	2.42751	0.0141144	19.5793	0.515147	4825	99	458	-47394.7	34.467f	74.555	4	1	1	0.0792079	0.168317	0.108911	0.009901	0	0	0	0	0.709091	0.9375	0.259875	0.514286	0.89959	0.019802	0.108911	9.90099e-09	1	0.10766	0.286624	0.666667	0.666667	0.666667	1	1	127834	1e+20	4.18816e+11	37.9904	18.9773	12.5119	74.4922	34.467	74.555	
 67000	-113299	-1327.31	-66431.9	-15961	0.101168	1	0.116202	17.2114	2.17096	0.00703197	19.5793	0.630889	4874	99	425	-47394.7	66.4785f	53.2852	4	1	1	0.0792079	0.168317	0.108911	0.009901	0	0	0	0	0.872727	0.961224	0.190965	0.530303	0.867347	0.019802	0.108911	9.90099e-09	1	0.079918	0.285714	0.666667	0.666667	0.666667	1	1	127834	1e+20	4.18816e+11	37.9904	18.9773	52.8962	67.3383	66.4785	53.2852	
 68000	-112117	-1327.31	-65249.5	-15729.7	0.10004	1	0.107821	18.5493	1.94396	0.0145105	19.4603	0.759328	4773	99	418	-47394.7	75.424f	28.8763	4	1	1	0.0792079	0.168317	0.108911	9.90099e-09	0	0	0	0	0.8	0.979079	0.2375	0.556391	0.890526	0.019802	0.108911	9.90099e-09	1	0.116667	0.287081	0.666667	0.666667	0.666667	1	1	127834	1e+20	4.18816e+11	37.9904	18.9773	74.0136	89.1218	75.424	28.8763	
 69000	-113098	-1327.31	-66230.3	-15817.2	0.10004	1	0.120669	16.5742	2.09017	0.0348251	19.2664	0.631017	4811	99	467	-47394.7	85.7462f	88.9744	4	1	1	0.0792079	0.168317	0.108911	9.90099e-09	0	0	0	0	0.8	0.954262	0.251559	0.507143	0.885177	0.019802	0.108911	9.90099e-09	1	0.114108	0.339662	0.666667	0.666667	0.666667	1	1	127834	1e+20	4.18816e+11	37.9904	18.9773	87.1077	77.7282	85.7462	88.9744	
 70000	-112750	-1327.31	-65883.1	-15741.5	0.102238	1	0.130452	15.3313	2.30926	0.0236798	19.2664	0.52832	4778	99	470	-47394.7	91.1243f	62.4677	4	1	1	0.0693069	0.188119	0.108911	9.90099e-09	0	0	0	0	0.763636	0.947699	0.23382	0.528571	0.895397	0.019802	0.108911	9.90099e-09	1	0.150628	0.301282	0.666667	0.666667	0.666667	1	1	127834	1e+20	4.18816e+11	37.9904	18.9773	87.1077	77.7282	91.1243	62.4677	
 71000	-112953	-1327.31	-66085.8	-15765.5	0.103604	1	0.120171	16.643	2.42236	0.0253261	19.8365	0.546742	4788	99	479	-47394.7	74.7522f	85.8618	4	1	1	0.0693069	0.188119	0.108911	9.90099e-09	0	0	0	0	0.854545	0.954167	0.298539	0.455782	0.885177	0.019802	0.108911	9.90099e-09	1	0.104167	0.304979	0.666667	0.666667	0.666667	1	1	127834	1e+20	4.18816e+11	37.9904	18.9773	87.1077	77.7282	74.7522	85.8618	
 72000	-111367	-1327.31	-64499.6	-15496.7	0.0983823	1	0.13859	14.4311	2.65286	0.0274192	19.8365	0.432888	4672	99	458	-47394.7	46.8551f	95.0309	4	1	1	0.0693069	0.188119	0.049505	9.90099e-09	0	0	0	0	0.790909	0.950749	0.235043	0.467626	0.880342	0.019802	0.108911	9.90099e-09	1	0.0922747	0.322222	0.666667	0.666667	0.666667	1	1	127834	1e+20	4.18816e+11	37.9904	18.9773	87.1077	77.7282	46.8551	95.0309	
 73000	-112011	-1327.31	-65143.7	-15661.3	0.0983823	1	0.112829	17.726	2.15974	0.0266842	19.8365	0.653129	4743	99	440	-47394.7	94.233f	63.2175	4	1	1	0.0693069	0.188119	0.049505	9.90099e-09	0	0	0	0	0.790909	0.951681	0.236402	0.591837	0.902335	0.019802	0.0891089	9.90099e-09	1	0.0947368	0.291845	0.666667	0.666667	0.666667	1	1	127834	1e+20	4.18816e+11	37.9904	18.9773	65.4705	42.4667	94.233	63.2175	
 74000	-113396	-1327.31	-66528.2	-15813.1	0.0993591	1	0.133303	15.0034	2.16135	0.00984609	18.9831	0.552403	4809	99	500	-47394.7	56.1519f	25.3124	4	1	1	0.0693069	0.188119	0.049505	9.90099e-09	0	0	0	0	0.8	0.968815	0.245322	0.52	0.885177	0.019802	0.0891089	9.90099e-09	1	0.118503	0.334004	0.666667	0.666667	0.666667	1	1	127834	1e+20	4.18816e+11	37.9904	18.9773	65.4705	42.4667	56.1519	25.3124	
 75000	-112297	-1327.31	-65429.8	-15688.5	0.0993591	1	0.126917	15.7583	2.05782	0.0146471	18.9831	0.609386	4755	99	460	-47394.7	31.2731f	22.8035	4	1	1	0.0693069	0.188119	0.049505	9.90099e-09	0	0	0	0	0.827273	0.968354	0.234801	0.486301	0.890756	0.019802	0.0891089	9.90099e-09	1	0.0861345	0.30131	0.666667	0.666667	0.666667	1	1	127834	1e+20	4.18816e+11	37.9904	18.9773	64.7369	20.7109	31.2731	22.8035	
 76000	-113066	-1327.31	-66198.8	-15700	0.0993591	1	0.138186	14.4733	2.04987	0.00805862	18.5657	0.561863	4760	99	525	-47394.7	41.7538f	30.5797	4	1	1	0.049505	0.188119	0.049505	9.90099e-09	0	0	0	0	0.772727	0.964361	0.287212	0.509934	0.863732	0.019802	0.0891089	9.90099e-09	1	0.113684	0.313492	0.666667	0.666667	0.666667	1	1	127834	1e+20	4.18816e+11	23.6942	13.9025	64.7369	20.7109	41.7538	30.5797	
 77000	-111639	-1327.31	-64771.6	-15584.6	0.0993591	1	0.124315	16.0882	1.8441	0.00915964	18.5657	0.694244	4710	99	455	-47394.7	50.1515f	26.037	4	1	1	0.049505	0.247525	0.029703	9.90099e-09	0	0	0	0	0.754545	0.957717	0.232906	0.435115	0.881104	0.009901	0.0891089	9.90099e-09	1	0.109937	0.332584	0.666667	0.666667	0.666667	1	1	127834	1e+20	4.18816e+11	23.6942	13.9025	64.7369	20.7109	50.1515	26.037	
 78000	-110737	-1327.31	-63870	-15402.3	0.0958889	1	0.131838	15.1702	1.8874	0.0079033	18.5657	0.639613	4631	99	451	-47394.7	51.9876f	28.9882	4	1	1	0.049505	0.247525	0.029703	9.90099e-09	0	0	0	0	0.790909	0.971922	0.233766	0.576642	0.872845	0.009901	0.0891089	9.90099e-09	1	0.125	0.326577	0.666667	0.666667	0.666667	1	1	127834	1e+20	4.18816e+11	20.1661	24.56	64.7369	20.7109	51.9876	28.9882	
 79000	-110507	-1327.31	-63639.8	-15444.5	0.0958889	1	0.120402	16.6111	1.72367	0.015355	18.5657	0.76689	4649	99	413	-47394.7	71.3493f	22.8642	4	1	1	0.049505	0.247525	0.029703	9.90099e-09	0	0	0	0	0.809091	0.963283	0.196121	0.547619	0.911447	0.009901	0.178218	9.90099e-09	1	0.0948276	0.334975	0.666667	0.666667	0.666667	1	1	127834	1e+20	4.18816e+11	20.1661	24.56	64.7369	20.7109	71.3493	22.8642	
 80000	-111207	-1327.31	-64340.1	-15465.6	0.10072	1	0.127648	15.668	1.82302	0.0189111	18.3279	0.683934	4658	99	463	-47394.7	53.6343f	10.6636	4	1	1	0.049505	0.247525	0.029703	9.90099e-09	0	0	0	0	0.836364	0.939394	0.228448	0.544	0.888412	0.009901	0.178218	9.90099e-09	1	0.133047	0.317673	0.666667	0.666667	0.666667	1	1	127834	1e+20	4.18816e+11	20.1661	24.56	64.7369	20.7109	53.6343	10.6636	
 81000	-111203	-1327.31	-64335.6	-15524.8	0.09758	1	0.119004	16.8061	1.64657	0.0206631	18.3279	0.812225	4684	99	436	-47394.7	72.235f	14.8971	4	1	1	0.049505	0.247525	0.029703	9.90099e-09	0	0	0	0	0.790909	0.969957	0.258475	0.462121	0.870763	0.009901	0.178218	9.90099e-09	1	0.114407	0.344037	0.666667	0.666667	0.666667	1	1	127834	1e+20	4.18816e+11	20.1661	24.56	64.7369	20.7109	72.235	14.8971	
 82000	-112220	-1327.31	-65352.4	-15593.9	0.100248	1	0.14228	14.0568	2.02245	0.0058749	18.3279	0.553093	4714	99	497	-47394.7	59.5211f	38.4805	4	1	1	0.049505	0.247525	0.029703	9.90099e-09	0	0	0	0	0.809091	0.938166	0.223404	0.550336	0.88651	0.009901	0.178218	9.90099e-09	1	0.0963597	0.309859	0.666667	0.666667	0.666667	1	1	127834	1e+20	4.18816e+11	53.2879	9.97663	64.7369	20.7109	59.5211	38.4805	
 83000	-113498	-1327.31	-66630.6	-15897.5	0.100248	1	0.13241	15.1046	1.76513	0.0256995	18.0361	0.680963	4846	99	472	-47394.7	58.6206f	3.50817	4	1	1	0.0792079	0.247525	0.029703	9.90099e-09	0	0	0	0	0.809091	0.960905	0.220619	0.578571	0.892784	0.009901	0.178218	9.90099e-09	1	0.125773	0.310493	0.666667	0.666667	0.666667	1	1	127834	1e+20	4.18816e+11	53.2879	9.97663	64.7369	20.7109	58.6206	3.50817	
 84000	-112821	-1327.31	-65954.2	-15708.9	0.100219	1	0.127376	15.7016	2.11691	0.00714468	19.0596	0.590244	4764	99	497	-47394.7	34.3882f	41.9522	4	1	1	0.0792079	0.247525	0.0594059	9.90099e-09	0	0	0	0	0.7	0.955603	0.233684	0.479452	0.890985	0.009901	0.178218	9.90099e-09	1	0.115063	0.353755	0.666667	0.666667	0.666667	1	1	127834	1e+20	4.18816e+11	28.0579	10.6057	64.7369	20.7109	34.3882	41.9522	
 85000	-111761	-1327.31	-64893.2	-15550.2	0.100219	1	0.122767	16.2911	2.31656	0.0117073	19.6744	0.559623	4695	99	472	-47394.7	74.5202f	35.9364	4	1	1	0.0792079	0.247525	0.0594059	9.90099e-09	0	0	0	0	0.690909	0.957537	0.199575	0.528986	0.893843	0.009901	0.178218	9.90099e-09	1	0.0912951	0.289079	0.666667	0.666667	0.666667	1	1	127834	1e+20	4.18816e+11	28.0579	10.6057	64.7369	20.7109	74.5202	35.9364	
 86000	-115452	-1327.31	-68584.4	-16060.3	0.104057	1	0.139093	14.3789	2.82724	0.00969325	19.8561	0.404719	4918	99	560	-47394.7	73.2521f	52.0966	4	1	1	0.0792079	0.247525	0.0594059	9.90099e-09	0	0	0	0	0.745455	0.94929	0.251521	0.489933	0.882353	0.009901	0.0594059	9.90099e-09	1	0.127789	0.289242	0.666667	0.666667	0.666667	1	1	127834	1e+20	4.18816e+11	28.0579	10.6057	64.9274	24.0749	73.2521	52.0966	
 87000	-114945	-1327.31	-68077.2	-16123.6	0.104057	1	0.139444	14.3427	2.55912	0.00867976	19.3554	0.445995	4946	99	495	-47394.7	70.8746f	52.8661	4	1	1	0.0792079	0.247525	0.0594059	9.90099e-09	0	0	0	0	0.763636	0.961847	0.262	0.588235	0.853414	0.009901	0.0594059	9.90099e-09	1	0.107071	0.290909	0.666667	0.666667	0.666667	1	1	127834	1e+20	4.18816e+11	28.0579	10.6057	64.9274	24.0749	70.8746	52.8661	
 88000	-117313	-1327.31	-70446.1	-16385.1	0.105049	1	0.13896	14.3927	2.85847	0.0225054	19.8683	0.400681	5062	99	583	-47394.7	91.3554f	39.3232	4	1	1	0.0792079	0.247525	0.0594059	9.90099e-09	0	0	0	0	0.772727	0.962451	0.275049	0.47541	0.889546	0.009901	0.0594059	9.90099e-09	1	0.114398	0.274908	0.666667	0.666667	0.666667	1	1	127834	1e+20	4.18816e+11	28.0579	10.6057	64.9274	24.0749	91.3554	39.3232	
 89000	-116791	-1327.31	-69924.2	-16427.8	0.109265	1	0.111292	17.9707	2.38121	0.033954	19.8683	0.60056	5081	99	518	-47394.7	86.5602f	8.95016	4	1	1	0.0990099	0.247525	0.0594059	9.90099e-09	0	0	0	0	0.718182	0.957198	0.266537	0.613861	0.892996	0.009901	0.0594059	9.90099e-09	1	0.0982318	0.32	0.666667	0.666667	0.666667	1	1	127834	1e+20	4.18816e+11	28.0579	10.6057	64.9274	24.0749	86.5602	8.95016	
 90000	-117731	-1327.31	-70864	-16564.1	0.111005	1	0.131779	15.1769	2.86445	0.0257598	19.8683	0.421631	5142	99	541	-47394.7	65.3024f	5.20398	4	1	1	0.0990099	0.247525	0.039604	0.009901	0	0	0	0	0.781818	0.94358	0.282101	0.558559	0.894231	0.009901	0.0594059	9.90099e-09	1	0.130097	0.307116	0.666667	0.666667	0.666667	1	1	127834	1e+20	4.18816e+11	28.0579	10.6057	61.1652	14.7287	65.3024	5.20398	
 91000	-117526	-1327.31	-70659.1	-16594.1	0.107607	1	0.118024	16.9458	2.34613	0.0334673	19.5809	0.574777	5156	99	507	-47394.7	74.3516f	0.984724	4	1	1	0.0990099	0.168317	0.039604	0.009901	0	0	0	0	0.754545	0.942085	0.243243	0.438095	0.878613	9.90099e-09	0.0594059	9.90099e-09	1	0.0949612	0.293651	0.666667	0.666667	0.666667	1	1	127834	1e+20	4.18816e+11	28.0579	10.6057	61.1652	14.7287	74.3516	0.984724	
 92000	-117887	-1327.31	-71019.2	-16732.3	0.107607	1	0.115952	17.2486	2.30494	0.0051065	19.5809	0.595502	5218	99	477	-47394.7	42.6771f	41.6242	4	1	1	0.0990099	0.168317	0.039604	0.009901	0	0	0	0	0.754545	0.967557	0.241905	0.503448	0.877907	9.90099e-09	0.128713	9.90099e-09	1	0.0782443	0.346535	0.666667	0.666667	0.666667	1	1	127834	1e+20	4.18816e+11	13.5407	11.3366	61.1652	14.7287	42.6771	41.6242	
 93000	-117596	-1327.31	-70728.5	-16660.9	0.111122	1	0.13046	15.3304	2.12434	0.0273104	18.4792	0.574273	5186	99	489	-47394.7	97.224f	43.9035	4	1	1	0.0990099	0.168317	0.039604	0.009901	0	0	0	0	0.772727	0.936293	0.236994	0.568627	0.894942	9.90099e-09	0.128713	9.90099e-09	1	0.104247	0.331276	0.666667	0.666667	0.666667	1	1	127834	1e+20	4.18816e+11	11.5666	21.3295	78.3179	31.7359	97.224	43.9035	
 94000	-119619	-1327.31	-72751.3	-16972.9	0.113663	1	0.130526	15.3226	2.17401	0.0367005	18.4792	0.560871	5328	99	524	-47394.7	92.4943f	11.6444	4	1	1	0.0990099	0.168317	0.039604	0.009901	0	0	0	0	0.736364	0.956767	0.243902	0.558559	0.891182	9.90099e-09	0.128713	9.90099e-09	1	0.123827	0.322878	0.666667	0.666667	0.666667	1	1	127834	1e+20	4.18816e+11	11.5666	21.3295	78.3179	31.7359	92.4943	11.6444	
 95000	-119108	-1327.31	-72240.6	-16900.8	0.113267	1	0.119856	16.6867	2.11528	0.0262564	18.765	0.627759	5295	99	508	-47394.7	93.8587f	33.2116	4	1	1	0.0891089	0.168317	0.039604	0.009901	0	0	0	0	0.7	0.954972	0.227872	0.598039	0.896811	9.90099e-09	0.128713	9.90099e-09	1	0.0772128	0.318702	0.666667	0.666667	0.666667	1	1	127834	1e+20	4.18816e+11	11.5666	21.3295	78.3179	31.7359	93.8587	33.2116	
 96000	-121701	-1327.31	-74833.4	-17247	0.113366	1	0.130108	15.3718	2.27496	0.0212174	18.7173	0.537703	5454	99	576	-47394.7	90.4309f	42.6565	4	1	1	0.0891089	0.168317	0.049505	0.009901	0	0	0	0	0.718182	0.948435	0.267399	0.5	0.862637	9.90099e-09	0.128713	9.90099e-09	1	0.123845	0.331588	0.666667	0.666667	0.666667	1	1	127834	1e+20	4.18816e+11	11.5666	21.3295	78.3179	31.7359	90.4309	42.6565	
 97000	-122718	-1327.31	-75850.3	-17464.8	0.115097	1	0.13567	14.7417	2.4084	0.0297971	18.7173	0.48709	5555	99	566	-47394.7	85.9447f	13.711	4	1	1	0.0891089	0.118812	0.049505	0.009901	0	0	0	0	0.763636	0.973166	0.258993	0.559322	0.892086	9.90099e-09	0.128713	9.90099e-09	1	0.124101	0.333945	0.666667	0.666667	0.666667	1	1	127834	1e+20	4.18816e+11	61.6528	0.858485	78.3179	31.7359	85.9447	13.711	
 98000	-120973	-1327.31	-74105.8	-17234.9	0.112308	1	0.131628	15.1944	2.28003	0.0103966	18.7173	0.530312	5448	99	522	-47394.7	62.7078f	26.8049	4	1	1	0.0891089	0.118812	0.049505	0.009901	0	0	0	0	0.781818	0.950276	0.275926	0.466019	0.905904	9.90099e-09	0.128713	9.90099e-09	1	0.102752	0.288934	0.666667	0.666667	0.666667	1	1	127834	1e+20	4.18816e+11	61.6528	0.858485	78.3179	31.7359	62.7078	26.8049	
 99000	-120041	-1327.31	-73174	-17107.8	0.112951	1	0.122706	16.2991	1.88938	0.0112163	18.1484	0.686489	5390	99	500	-47394.7	65.5323f	26.7957	4	1	1	0.0891089	0.118812	0.049505	0.009901	0	0	0	0	0.718182	0.972119	0.2282	0.485149	0.912801	9.90099e-09	0.128713	9.90099e-09	1	0.100186	0.304781	0.666667	0.666667	0.666667	1	1	127834	1e+20	4.18816e+11	62.5215	20.9142	78.3179	31.7359	65.5323	26.7957	
100000	-119514	-1327.31	-72646.5	-17066.4	0.112951	1	0.117805	16.9772	1.88865	0.017884	18.3325	0.715328	5371	99	474	-47394.7	85.1032f	58.6312	4	1	1	0.0891089	0.118812	0.049505	0.009901	0	0	0	0	0.854545	0.927239	0.201117	0.493056	0.881262	9.90099e-09	0.128713	9.90099e-09	1	0.098513	0.364979	0.666667	0.666667	0.666667	1	1	127834	1e+20	4.18816e+11	50.3703	5.2322	78.3179	31.7359	85.1032	58.6312	
101000	-120962	-1327.31	-74094.7	-17307.3	0.117062	1	0.115188	17.3629	1.91392	0.00708822	18.3325	0.721919	5482	99	486	-47394.7	67.4007f	46.6858	4	1	1	0.0891089	0.118812	0.049505	0.009901	0	0	0	0	0.754545	0.965138	0.205128	0.5	0.901639	9.90099e-09	0.128713	9.90099e-09	1	0.0844037	0.347561	0.666667	0.666667	0.666667	1	1	127834	1e+20	4.18816e+11	41.4019	4.41264	78.3179	31.7359	67.4007	46.6858	
102000	-121559	-1327.31	-74691.8	-17491.8	0.116916	1	0.112107	17.8402	1.84367	0.00535644	18.2912	0.770027	5568	99	446	-47394.7	57.9825f	39.7974	4	1	1	0.0891089	0.158416	0.049505	0.009901	0	0	0	0	0.8	0.960432	0.258065	0.48951	0.917415	9.90099e-09	0.128713	9.90099e-09	1	0.103943	0.325893	0.666667	0.666667	0.666667	1	1	127834	1e+20	4.18816e+11	41.4019	4.41264	78.3179	31.7359	57.9825	39.7974	
103000	-121852	-1327.31	-74984.2	-17511	0.117493	1	0.109722	18.2278	2.01204	0.0107861	18.7728	0.720924	5577	99	466	-47394.7	68.0842f	29.9497	4	1	1	0.0792079	0.158416	0.049505	0.009901	0	0	0	0	0.709091	0.97491	0.223614	0.489933	0.907308	9.90099e-09	0.128713	9.90099e-09	1	0.0913979	0.31875	0.666667	0.666667	0.666667	1	1	127834	1e+20	4.18816e+11	41.4019	4.41264	78.3179	31.7359	68.0842	29.9497	
104000	-122938	-1327.31	-76070.5	-17666.8	0.118675	1	0.107664	18.5764	1.92303	0.0250144	18.6032	0.768716	5650	99	486	-47394.7	68.2007f	7.17607	4	1	1	0.0792079	0.158416	0.049505	0.009901	0	0	0	0	0.736364	0.963287	0.225524	0.561644	0.91958	9.90099e-09	0.128713	9.90099e-09	1	0.1	0.302469	0.666667	0.666667	0.666667	1	1	127834	1e+20	4.18816e+11	41.4019	4.41264	67.0875	18.2326	68.2007	7.17607	
105000	-123146	-1327.31	-76278.3	-17739.1	0.119182	1	0.105501	18.9572	2.104	0.00592462	19.1026	0.717	5684	99	471	-47394.7	54.3672f	35.2765	4	1	1	0.0792079	0.158416	0.049505	0.009901	0	0	0	0	0.772727	0.963093	0.22807	0.513333	0.903339	9.90099e-09	0.108911	9.90099e-09	1	0.107018	0.302469	0.666667	0.666667	0.666667	1	1	127834	1e+20	4.18816e+11	41.4019	4.41264	67.0875	18.2326	54.3672	35.2765	
106000	-123224	-1327.31	-76356.7	-17739	0.119301	1	0.10111	19.7805	2.14205	0.00634314	19.3886	0.734848	5684	99	476	-47394.7	58.9951f	60.1608	4	1	1	0.0792079	0.158416	0.049505	0.009901	0	0	0	0	0.781818	0.959578	0.268893	0.539216	0.906854	9.90099e-09	0.108911	9.90099e-09	1	0.0897887	0.281513	0.666667	0.666667	0.666667	1	1	127834	1e+20	4.18816e+11	45.3254	18.7212	67.0875	18.2326	58.9951	60.1608	
107000	-123978	-1327.31	-77110.4	-17878.6	0.121652	1	0.105036	19.041	2.2691	0.0229293	19.3886	0.66777	5750	99	475	-47394.7	73.8291f	12.8115	4	1	1	0.0792079	0.158416	0.0891089	0.009901	0	0	0	0	0.681818	0.956897	0.26087	0.507143	0.904514	9.90099e-09	0.108911	9.90099e-09	1	0.0954861	0.301282	0.666667	0.666667	0.666667	1	1	127834	1e+20	4.18816e+11	45.3254	18.7212	67.0875	18.2326	73.8291	12.8115	
108000	-124762	-1327.31	-77894.5	-17983.8	0.122055	1	0.0970854	20.6004	2.10429	0.0160925	19.3886	0.779043	5800	99	496	-47394.7	84.1838f	50.1678	4	1	1	0.0792079	0.158416	0.0891089	0.009901	0	0	0	0	0.809091	0.952137	0.205479	0.485149	0.900685	9.90099e-09	0.108911	9.90099e-09	1	0.110155	0.298387	0.666667	0.666667	0.666667	1	1	127834	1e+20	4.18816e+11	45.3254	18.7212	67.0875	18.2326	84.1838	50.1678	
109000	-127296	-1327.31	-80428.4	-18371.6	0.126192	1	0.115043	17.3848	2.57803	0.0161786	19.3886	0.536628	5986	99	534	-47394.7	57.9053f	14.9826	4	1	1	0.0792079	0.19802	0.0891089	0.009901	0	0	0	0	0.763636	0.976783	0.231667	0.508929	0.923461	9.90099e-09	0.108911	9.90099e-09	1	0.131886	0.279245	0.666667	0.666667	0.666667	1	1	127834	1e+20	4.18816e+11	45.3254	18.7212	67.0875	18.2326	57.9053	14.9826	
110000	-128429	-1327.31	-81561.9	-18539.2	0.126192	1	0.104033	19.2246	2.32356	0.0215728	19.3724	0.658407	6067	99	545	-47394.7	76.1306f	16.4203	4	1	1	0.0792079	0.19802	0.0891089	0.009901	0	0	0	0	0.709091	0.966833	0.224422	0.495496	0.909241	9.90099e-09	0.108911	9.90099e-09	1	0.113861	0.341865	0.666667	0.666667	0.666667	1	1	127834	1e+20	4.18816e+11	45.3254	18.7212	67.0875	18.2326	76.1306	16.4203	
111000	-128528	-1327.31	-81660.7	-18566.1	0.126192	1	0.109286	18.3006	2.53869	0.0103886	19.5637	0.57365	6080	99	544	-47394.7	52.5616f	23.6273	4	1	1	0.0792079	0.19802	0.0891089	0.009901	0	0	0	0	0.745455	0.961921	0.261589	0.527778	0.872517	9.90099e-09	0.108911	9.90099e-09	1	0.108514	0.303704	0.666667	0.666667	0.666667	1	1	127834	1e+20	4.18816e+11	45.3254	18.7212	67.0875	18.2326	52.5616	23.6273	
112000	-127162	-1327.31	-80294.6	-18366.8	0.123499	1	0.110382	18.1189	2.50943	0.0198294	19.5637	0.574573	5983	99	524	-47394.7	62.3942f	11.2797	4	1	1	0.0792079	0.19802	0.0891089	9.90099e-09	0	0	0	0	0.818182	0.963211	0.233723	0.546296	0.901503	9.90099e-09	0.188119	9.90099e-09	1	0.0834725	0.324578	0.666667	0.666667	0.666667	1	1	127834	1e+20	4.18816e+11	45.3254	18.7212	77.5111	35.9949	62.3942	11.2797	
113000	-126543	-1327.31	-79675.9	-18115.8	0.12383	1	0.120313	16.6233	2.74252	0.013821	19.5637	0.482345	5863	99	588	-47394.7	70.6318f	25.2777	4	1	1	0.0792079	0.19802	0.0891089	9.90099e-09	0	0	0	0	0.772727	0.964346	0.236797	0.495652	0.880546	9.90099e-09	0.188119	9.90099e-09	1	0.102215	0.315609	0.666667	0.666667	0.666667	1	1	127834	1e+20	4.18816e+11	45.3254	18.7212	77.5111	35.9949	70.6318	25.2777	
114000	-126825	-1327.31	-79958	-18247.2	0.124398	1	0.119776	16.6979	2.80756	0.0112792	19.6782	0.473285	5926	99	549	-47394.7	74.9683f	38.8542	4	1	1	0.0792079	0.148515	0.049505	9.90099e-09	0	0	0	0	0.763636	0.964646	0.260504	0.539823	0.867227	9.90099e-09	0.188119	9.90099e-09	1	0.0993266	0.298725	0.666667	0.666667	0.666667	1	1	127834	1e+20	4.18816e+11	45.3254	18.7212	77.5111	35.9949	74.9683	38.8542	
115000	-124732	-1327.31	-77864.6	-17993.2	0.120173	1	0.101466	19.711	2.42619	0.0268801	19.9479	0.646509	5804	99	485	-47394.7	85.8488f	78.2781	4	1	1	0.049505	0.148515	0.049505	9.90099e-09	0	0	0	0	0.827273	0.957045	0.250859	0.519231	0.900172	9.90099e-09	0.188119	9.90099e-09	1	0.101549	0.360308	0.666667	0.666667	0.666667	1	1	127834	1e+20	4.18816e+11	45.3254	18.7212	77.5111	35.9949	85.8488	78.2781	
116000	-125315	-1327.31	-78447.9	-18103.5	0.124707	1	0.10203	19.6022	2.5317	0.0250538	19.9479	0.616144	5857	99	479	-47394.7	78.5793f	13.4326	4	1	1	0.049505	0.148515	0.049505	9.90099e-09	0	0	0	0	0.763636	0.967577	0.276923	0.574324	0.909556	9.90099e-09	0.188119	9.90099e-09	1	0.0955631	0.314465	0.666667	0.666667	0.666667	1	1	127834	1e+20	4.18816e+11	45.3254	18.7212	77.5111	35.9949	78.5793	13.4326	
117000	-126456	-1327.31	-79588.4	-18303.3	0.124707	1	0.0994261	20.1154	2.24024	0.0111751	19.4726	0.714537	5953	99	487	-47394.7	30.7786f	31.0318	4	1	1	0.049505	0.148515	0.049505	9.90099e-09	0	0	0	0	0.781818	0.958124	0.241206	0.527027	0.896435	9.90099e-09	0.188119	9.90099e-09	1	0.0838926	0.287726	0.666667	0.666667	0.666667	1	1	127834	1e+20	4.18816e+11	45.3254	18.7212	77.5111	35.9949	30.7786	31.0318	
118000	-127505	-1327.31	-80637.8	-18355.4	0.124707	1	0.110586	18.0855	2.49169	0.00797146	19.4726	0.577598	5978	99	556	-47394.7	38.5261f	32.8633	4	1	1	0.049505	0.148515	0.049505	9.90099e-09	0	0	0	0	0.754545	0.956376	0.236181	0.527273	0.909699	9.90099e-09	0.0594059	9.90099e-09	1	0.105351	0.288168	0.666667	0.666667	0.666667	1	1	127834	1e+20	4.18816e+11	42.8207	14.6264	50.7062	36.5558	38.5261	32.8633	
119000	-126332	-1327.31	-79464.2	-18186.8	0.124707	1	0.103349	19.3519	2.42165	0.0129569	19.6642	0.635921	5897	99	534	-47394.7	62.097f	21.4359	4	1	1	0.049505	0.148515	0.049505	9.90099e-09	0	0	0	0	0.763636	0.959459	0.238014	0.538462	0.88075	9.90099e-09	0.0594059	9.90099e-09	1	0.0831919	0.310734	0.666667	0.666667	0.666667	1	1	127834	1e+20	4.18816e+11	42.8207	14.6264	50.7062	36.5558	62.097	21.4359	
120000	-125940	-1327.31	-79073	-18124.3	0.124707	1	0.113371	17.6412	2.33534	0.00523796	19.0409	0.601129	5867	99	529	-47394.7	60.0096f	43.3166	4	1	1	0.049505	0.277228	0.029703	9.90099e-09	0	0	0	0	0.763636	0.964407	0.245347	0.398148	0.885135	9.90099e-09	0.0594059	9.90099e-09	1	0.088586	0.268431	0.666667	0.666667	0.666667	1	1	127834	1e+20	4.18816e+11	23.7567	21.1688	50.7062	36.5558	60.0096	43.3166	
121000	-123119	-1327.31	-76251.6	-17686.7	0.117424	1	0.102327	19.5453	1.93245	0.0102267	18.9142	0.804865	5659	99	492	-47394.7	66.4486f	29.894	4	1	1	0.009901	0.277228	0.029703	9.90099e-09	0	0	0	0	0.863636	0.96649	0.236749	0.483221	0.915344	9.90099e-09	0.0594059	9.90099e-09	1	0.10582	0.339431	0.666667	0.666667	0.666667	1	1	127834	1e+20	4.18816e+11	23.7567	21.1688	50.7062	36.5558	66.4486	29.894	
122000	-122191	-1327.31	-75323.4	-17513.2	0.117065	1	0.102327	19.5453	1.92653	0.00504031	18.9142	0.807337	5578	99	496	-47394.7	41.0978f	50.9884	4	1	1	0.009901	0.277228	0.029703	9.90099e-09	0	0	0	0	0.754545	0.957371	0.225403	0.586667	0.908766	9.90099e-09	0.0594059	9.90099e-09	1	0.0876565	0.336777	0.666667	0.666667	0.666667	1	1	127834	1e+20	4.18816e+11	23.7567	21.1688	50.7062	36.5558	41.0978	50.9884	
123000	-123317	-1327.31	-76449.7	-17635.5	0.117065	1	0.113645	17.5986	2.13964	0.00592864	18.9142	0.654528	5635	99	535	-47394.7	42.9646f	36.9464	4	1	1	0.009901	0.277228	0.029703	9.90099e-09	0	0	0	0	0.836364	0.9627	0.196113	0.586538	0.881206	9.90099e-09	0.0594059	9.90099e-09	1	0.106383	0.333977	0.666667	0.666667	0.666667	1	1	127834	1e+20	4.18816e+11	23.7567	21.1688	50.7062	36.5558	42.9646	36.9464	
124000	-121603	-1327.31	-74736	-17411	0.118582	1	0.113247	17.6605	2.15977	0.0255717	18.9142	0.650707	5530	99	488	-47394.7	5.84023f	40.8007	4	1	1	0.009901	0.277228	0.029703	9.90099e-09	0	0	0	0	0.754545	0.949367	0.203971	0.456376	0.895307	9.90099e-09	0.0594059	9.90099e-09	1	0.111913	0.321212	0.666667	0.666667	0.666667	1	1	127834	1e+20	4.18816e+11	23.7567	21.1688	50.7062	36.5558	5.84023	40.8007	
125000	-122821	-1327.31	-75953.9	-17587.9	0.118582	1	0.112192	17.8265	2.13966	0.0255717	18.9142	0.662996	5613	99	511	-47394.7	5.84023f	40.8007	4	1	1	0.009901	0.277228	0.029703	9.90099e-09	0	0	0	0	0.763636	0.968028	0.243339	0.421569	0.893238	9.90099e-09	0.148515	9.90099e-09	1	0.0978648	0.324752	0.666667	0.666667	0.666667	1	1	127834	1e+20	4.18816e+11	23.7567	21.1688	50.7062	36.5558	5.84023	40.8007	
126000	-121166	-1327.31	-74298.9	-17376.5	0.114494	1	0.116056	17.233	1.89029	0.024792	18.3429	0.725477	5514	99	474	-47394.7	77.0497f	12.5922	4	1	1	0.0594059	0.148515	0.039604	9.90099e-09	0	0	0	0	0.709091	0.965392	0.245455	0.532847	0.909091	9.90099e-09	0.148515	9.90099e-09	1	0.125455	0.290618	0.666667	0.666667	0.666667	1	1	127834	1e+20	4.18816e+11	23.7567	21.1688	50.7062	36.5558	77.0497	12.5922	
127000	-120975	-1327.31	-74107.5	-17275	0.116903	1	0.117254	17.057	1.81409	0.0144445	18.0146	0.748227	5467	99	499	-47394.7	43.0569f	17.5443	4	1	1	0.0594059	0.148515	0.039604	9.90099e-09	0	0	0	0	0.727273	0.943534	0.234004	0.493243	0.899818	9.90099e-09	0.148515	9.90099e-09	1	0.0837887	0.309426	0.666667	0.666667	0.666667	1	1	127834	1e+20	4.18816e+11	23.7567	21.1688	46.2038	21.9966	43.0569	17.5443	
128000	-121373	-1327.31	-74505.9	-17384.5	0.115842	1	0.118368	16.8965	1.81471	0.0129799	18.0146	0.740933	5518	99	486	-47394.7	42.364f	20.0996	4	1	1	0.0594059	0.148515	0.039604	9.90099e-09	0	0	0	0	0.745455	0.965766	0.20434	0.466667	0.914855	0.009901	0.148515	9.90099e-09	1	0.0960145	0.347826	0.666667	0.666667	0.666667	1	1	127834	1e+20	4.18816e+11	23.7567	21.1688	46.2038	21.9966	42.364	20.0996	
129000	-120900	-1327.31	-74032.8	-17253	0.115842	1	0.114517	17.4646	2.19902	0.0391672	19.0577	0.632004	5457	99	499	-47394.7	92.7903f	8.88343	4	1	1	0.0594059	0.148515	0.039604	9.90099e-09	0	0	0	0	0.718182	0.957875	0.24635	0.555556	0.903461	0.009901	0.148515	9.90099e-09	1	0.100733	0.301556	0.666667	0.666667	0.666667	1	1	127834	1e+20	4.18816e+11	23.7567	21.1688	46.2038	21.9966	92.7903	8.88343	
130000	-121812	-1327.31	-74944.5	-17418.5	0.119732	1	0.105548	18.9488	2.09484	0.00524287	19.0577	0.719813	5533	99	506	-47394.7	53.6122f	37.8483	4	1	1	0.0594059	0.148515	0.039604	9.90099e-09	0	0	0	0	0.836364	0.949275	0.219203	0.586667	0.92714	0.009901	0.148515	9.90099e-09	1	0.0956679	0.300613	0.666667	0.666667	0.666667	1	1	127834	1e+20	4.18816e+11	23.7567	21.1688	46.2038	21.9966	53.6122	37.8483	
131000	-122509	-1327.31	-75641.7	-17468.9	0.119126	1	0.108152	18.4925	2.39249	0.0117716	19.6065	0.615087	5557	99	540	-47394.7	47.9574f	21.1099	4	1	1	0.0594059	0.148515	0.039604	9.90099e-09	0	0	0	0	0.745455	0.963834	0.269928	0.445161	0.906475	0.009901	0.049505	9.90099e-09	1	0.122302	0.305556	0.666667	0.666667	0.666667	1	1	127834	1e+20	4.18816e+11	23.7567	21.1688	46.2038	21.9966	47.9574	21.1099	
132000	-123609	-1327.31	-76742.1	-17660.3	0.119126	1	0.113204	17.6672	2.50426	0.00782169	19.6065	0.561407	5647	99	538	-47394.7	46.2891f	29.5873	4	1	1	0.0594059	0.148515	0.049505	9.90099e-09	0	0	0	0	0.818182	0.960993	0.263717	0.527273	0.902655	0.009901	0.049505	9.90099e-09	1	0.115044	0.282528	0.666667	0.666667	0.666667	1	1	127834	1e+20	4.18816e+11	23.7567	21.1688	46.2038	21.9966	46.2891	29.5873	
133000	-123437	-1327.31	-76570	-17634.8	0.119126	1	0.116478	17.1706	2.57668	0.0194549	19.6065	0.530294	5635	99	540	-47394.7	73.0346f	17.2401	4	1	1	0.0594059	0.257426	0.049505	9.90099e-09	0	0	0	0	0.763636	0.964727	0.262411	0.463636	0.898424	0.009901	0.049505	9.90099e-09	1	0.108156	0.289617	0.666667	0.666667	0.666667	1	1	127834	1e+20	4.18816e+11	23.7567	21.1688	53.7906	19.1914	73.0346	17.2401	
134000	-124116	-1327.31	-77248.7	-17836.5	0.119981	1	0.105044	19.0396	2.34041	0.0216881	19.6065	0.647376	5730	99	508	-47394.7	58.8645f	8.05013	4	1	1	0.0594059	0.257426	0.049505	9.90099e-09	0	0	0	0	0.754545	0.952962	0.21777	0.5	0.909408	0.009901	0.049505	9.90099e-09	1	0.0940767	0.303393	0.666667	0.666667	0.666667	1	1	127834	1e+20	4.18816e+11	23.7567	21.1688	53.7906	19.1914	58.8645	8.05013	
135000	-123619	-1327.31	-76751.6	-17698.7	0.119047	1	0.112712	17.7444	2.49172	0.0296339	19.6065	0.566698	5665	99	533	-47394.7	69.082f	2.48509	4	1	1	0.0594059	0.257426	0.049505	9.90099e-09	0	0	0	0	0.618182	0.980496	0.282187	0.53271	0.921847	0.009901	0.049505	9.90099e-09	1	0.104056	0.330827	0.666667	0.666667	0.666667	1	1	127834	1e+20	4.18816e+11	23.7567	21.1688	53.7906	19.1914	69.082	2.48509	
136000	-122824	-1327.31	-75957.2	-17528.3	0.116844	1	0.112982	17.702	2.54237	0.0209139	19.7858	0.554081	5585	99	538	-47394.7	39.3871f	9.63552	4	1	1	0.0594059	0.257426	0.049505	9.90099e-09	0	0	0	0	0.745455	0.957295	0.247331	0.490909	0.872987	0.009901	0.049505	9.90099e-09	1	0.119217	0.319073	0.666667	0.666667	0.666667	1	1	127834	1e+20	4.18816e+11	23.7567	21.1688	53.7906	19.1914	39.3871	9.63552	
137000	-121735	-1327.31	-74867.2	-17373.9	0.115403	1	0.110882	18.0373	2.46434	0.00423599	19.7858	0.582452	5513	99	514	-47394.7	51.42f	43.79	4	1	1	0.0594059	0.257426	0.049505	9.90099e-09	0	0	0	0	0.727273	0.971119	0.241441	0.559633	0.918773	0.009901	0.049505	9.90099e-09	1	0.113718	0.308411	0.666667	0.666667	0.666667	1	1	127834	1e+20	4.18816e+11	34.1029	32.1076	53.7906	19.1914	51.42	43.79	
138000	-123605	-1327.31	-76737.6	-17651.8	0.118935	1	0.116812	17.1215	2.67559	0.0102025	19.7858	0.509229	5643	99	548	-47394.7	57.9503f	25.0941	4	1	1	0.0594059	0.257426	0.049505	9.90099e-09	0	0	0	0	0.736364	0.959292	0.211091	0.59292	0.899115	0.009901	0.108911	9.90099e-09	1	0.102655	0.303797	0.666667	0.666667	0.666667	1	1	127834	1e+20	4.18816e+11	34.1029	32.1076	53.7906	19.1914	57.9503	25.0941	
139000	-124385	-1327.31	-77518.1	-17726.5	0.12329	1	0.123406	16.2067	2.93012	0.0101111	19.7858	0.440149	5677	99	586	-47394.7	42.5194f	25.4197	4	1	1	0.0594059	0.138614	0.019802	9.90099e-09	0	0	0	0	0.718182	0.95583	0.26025	0.483051	0.889483	0.009901	0.108911	9.90099e-09	1	0.132509	0.325383	0.666667	0.666667	0.666667	1	1	127834	1e+20	4.18816e+11	34.1029	32.1076	53.7906	19.1914	42.5194	25.4197	
140000	-123990	-1327.31	-77122.9	-17620.2	0.119991	1	0.128752	15.5338	3.07084	0.0126157	19.9428	0.402542	5628	99	596	-47394.7	75.6343f	34.7137	4	1	1	0.0594059	0.138614	0.019802	9.90099e-09	0	0	0	0	0.663636	0.950089	0.245552	0.577586	0.886323	0.019802	0.108911	9.90099e-09	1	0.121212	0.284965	0.666667	0.666667	0.666667	1	1	127834	1e+20	4.18816e+11	34.1029	32.1076	53.7906	19.1914	75.6343	34.7137	
141000	-124063	-1327.31	-77195.3	-17739	0.120605	1	0.109367	18.2871	2.62186	0.0131376	19.9428	0.555041	5684	99	543	-47394.7	72.1411f	28.2825	4	1	1	0.0594059	0.138614	0.019802	9.90099e-09	0	0	0	0	0.772727	0.964851	0.246046	0.504505	0.887522	0.019802	0.108911	9.90099e-09	1	0.11775	0.351648	0.666667	0.666667	0.666667	1	1	127834	1e+20	4.18816e+11	34.1029	32.1076	53.7906	19.1914	72.1411	28.2825	
142000	-122063	-1327.31	-75196.2	-17483.2	0.117514	1	0.104443	19.1492	2.41997	0.00533261	19.9025	0.629695	5564	99	489	-47394.7	50.7023f	36.9801	4	1	1	0.0594059	0.138614	0.019802	9.90099e-09	0	0	0	0	0.772727	0.97482	0.254937	0.613208	0.902878	0.019802	0.108911	9.90099e-09	1	0.073741	0.283976	0.666667	0.666667	0.666667	1	1	127834	1e+20	4.18816e+11	34.1029	32.1076	51.1383	4.48629	50.7023	36.9801	
143000	-124135	-1327.31	-77267.2	-17775	0.120064	1	0.10786	18.5426	2.55337	0.033746	19.9025	0.577892	5701	99	534	-47394.7	87.6579f	10.2524	4	1	1	0.0594059	0.138614	0.019802	9.90099e-09	0	0	0	0	0.772727	0.959578	0.298587	0.509259	0.893805	0.019802	0.108911	9.90099e-09	1	0.115587	0.274809	0.666667	0.666667	0.666667	1	1	127834	1e+20	4.18816e+11	25.7716	36.4075	51.1383	4.48629	87.6579	10.2524	
144000	-123912	-1327.31	-77044.7	-17853.4	0.122167	1	0.109317	18.2953	2.63322	0.00919402	19.9025	0.552896	5738	99	478	-47394.7	53.7786f	26.2154	4	1	1	0.0594059	0.138614	0.019802	9.90099e-09	0	0	0	0	0.745455	0.958115	0.222997	0.510638	0.916376	0.019802	0.0990099	9.90099e-09	1	0.0888502	0.322034	0.666667	0.666667	0.666667	1	1	127834	1e+20	4.18816e+11	25.7716	36.4075	51.1383	4.48629	53.7786	26.2154	
145000	-124859	-1327.31	-77991.5	-17956.5	0.122167	1	0.11959	16.7238	2.38336	0.00967436	18.9816	0.558387	5787	99	515	-47394.7	69.2653f	34.6536	4	1	1	0.0594059	0.138614	0.019802	0.009901	0	0	0	0	0.690909	0.972414	0.239655	0.448598	0.88488	0.019802	0.0990099	9.90099e-09	1	0.087931	0.262963	0.666667	0.666667	0.666667	1	1	127834	1e+20	4.18816e+11	25.7716	36.4075	51.1383	4.48629	69.2653	34.6536	
146000	-125505	-1327.31	-78637.9	-18003	0.121337	1	0.113743	17.5834	2.61719	0.00803032	19.7095	0.534637	5809	99	550	-47394.7	64.3112f	34.4253	4	1	1	0.108911	0.19802	0.039604	0.009901	0	0	0	0	0.690909	0.974048	0.254325	0.537037	0.894464	0.019802	0.0990099	9.90099e-09	1	0.122837	0.310909	0.666667	0.666667	0.666667	1	1	127834	1e+20	4.18816e+11	25.7716	36.4075	51.1383	4.48629	64.3112	34.4253	
147000	-128826	-1327.31	-81958.2	-18528.4	0.127424	1	0.11399	17.5454	2.78203	0.031189	19.7587	0.501871	6062	99	588	-47394.7	69.3709f	1.01153	4	1	1	0.108911	0.19802	0.039604	0.009901	0	0	0	0	0.745455	0.956667	0.272727	0.535088	0.896667	0.019802	0.0990099	9.90099e-09	1	0.0859504	0.282953	0.666667	0.666667	0.666667	1	1	127834	1e+20	4.18816e+11	13.8236	16.1935	51.1383	4.48629	69.3709	1.01153	
148000	-127741	-1327.31	-80873.7	-18339.9	0.128763	1	0.120235	16.634	2.96494	0.0210821	19.7581	0.446449	5970	99	584	-47394.7	75.2958f	16.4885	4	1	1	0.108911	0.19802	0.039604	0.009901	0	0	0	0	0.754545	0.960067	0.267112	0.55	0.896321	0.019802	0.0990099	9.90099e-09	1	0.09699	0.297535	0.666667	0.666667	0.666667	1	1	127834	1e+20	4.18816e+11	13.8236	16.1935	51.1383	4.48629	75.2958	16.4885	
149000	-126975	-1327.31	-80107.3	-18158.2	0.125925	1	0.120053	16.6592	2.89521	0.0305878	19.7581	0.457895	5883	99	601	-47394.7	69.1462f	1.52993	4	1	1	0.108911	0.19802	0.039604	0.009901	0	0	0	0	0.736364	0.944068	0.279661	0.491935	0.881356	0.019802	0.0990099	9.90099e-09	1	0.101695	0.287582	0.666667	0.666667	0.666667	1	1	127834	1e+20	4.18816e+11	13.8236	16.1935	51.1383	4.48629	69.1462	1.52993	
150000	-127294	-1327.31	-80426.8	-18315.6	0.125925	1	0.110647	18.0755	2.70773	0.0284094	19.8306	0.53122	5959	99	552	-47394.7	28.7725f	5.17058	4	1	1	0.108911	0.19802	0.039604	0.009901	0	0	0	0	0.754545	0.953333	0.255034	0.552632	0.901667	9.90099e-09	0.0792079	9.90099e-09	1	0.112416	0.318584	0.666667	0.666667	0.666667	1	1	127834	1e+20	4.18816e+11	22.9494	5.1409	51.1383	4.48629	28.7725	5.17058	
151000	-126487	-1327.31	-79619.6	-18156.1	0.125925	1	0.110647	18.0755	2.70773	0.0433406	19.8306	0.53122	5882	99	558	-47394.7	8.18923f	4.02257	4	1	1	0.108911	0.19802	0.039604	0.009901	0	0	0	0	0.763636	0.94247	0.262712	0.54386	0.912014	9.90099e-09	0.0792079	9.90099e-09	1	0.113752	0.296625	0.666667	0.666667	0.666667	1	1	127834	1e+20	4.18816e+11	10.6364	16.9625	51.1383	4.48629	8.18923	4.02257	
152000	-127223	-1327.31	-80355.4	-18328.1	0.126336	1	0.106665	18.7503	2.6188	0.0276257	19.8306	0.569765	5965	99	542	-47394.7	59.6727f	1.70226	4	1	1	0.108911	0.108911	0.0594059	0.009901	0	0	0	0	0.763636	0.964883	0.269682	0.518182	0.891122	9.90099e-09	0.0792079	9.90099e-09	1	0.120603	0.304104	0.666667	0.666667	0.666667	1	1	127834	1e+20	4.18816e+11	10.6364	16.9625	51.1383	4.48629	59.6727	1.70226	
153000	-125826	-1327.31	-78958.6	-18051	0.123625	1	0.117199	17.065	2.87099	0.0061256	19.9273	0.473004	5832	99	548	-47394.7	41.1763f	37.4635	4	1	1	0.108911	0.108911	0.0594059	0.009901	0	0	0	0	0.736364	0.957265	0.274276	0.517857	0.908938	9.90099e-09	0.0792079	9.90099e-09	1	0.123288	0.272251	0.666667	0.666667	0.666667	1	1	127834	1e+20	4.18816e+11	10.6364	16.9625	58.1324	9.58763	41.1763	37.4635	
154000	-126324	-1327.31	-79456.4	-18130.4	0.123625	1	0.114755	17.4285	2.81112	0.0187463	19.9273	0.493367	5870	99	558	-47394.7	38.7044f	12.6261	4	1	1	0.0693069	0.108911	0.0594059	0.009901	0	0	0	0	0.727273	0.943973	0.255973	0.509091	0.904844	9.90099e-09	0.0792079	9.90099e-09	1	0.0933786	0.328814	0.666667	0.666667	0.666667	1	1	127834	1e+20	4.18816e+11	10.6364	16.9625	58.1324	9.58763	38.7044	12.6261	
155000	-126036	-1327.31	-79168.2	-18089.1	0.125	1	0.117213	17.0629	2.83356	0.0258047	19.8066	0.479193	5850	99	552	-47394.7	29.6177f	7.70369	4	1	1	0.0693069	0.108911	0.0594059	0.009901	0	0	0	0	0.745455	0.947009	0.279387	0.666667	0.901024	9.90099e-09	0.0792079	9.90099e-09	1	0.109029	0.304965	0.666667	0.666667	0.666667	1	1	127834	1e+20	4.18816e+11	10.6364	16.9625	58.1324	9.58763	29.6177	7.70369	
156000	-126258	-1327.31	-79390.9	-18148	0.126202	1	0.111096	18.0025	2.71148	0.0233405	19.8066	0.528344	5878	99	544	-47394.7	16.4232f	22.1323	4	1	1	0.0693069	0.108911	0.0594059	0.009901	0	0	0	0	0.790909	0.960818	0.285714	0.533898	0.893401	9.90099e-09	0.118812	9.90099e-09	1	0.0901361	0.29517	0.666667	0.666667	0.666667	1	1	127834	1e+20	4.18816e+11	10.6364	16.9625	41.132	23.2937	16.4232	22.1323	
157000	-125664	-1327.31	-78796.7	-18115.8	0.123603	1	0.10858	18.4197	2.59552	0.00806478	19.8066	0.564739	5863	99	507	-47394.7	36.0884f	34.7985	4	1	1	0.0693069	0.108911	0.0594059	9.90099e-09	0	0	0	0	0.790909	0.965986	0.224872	0.485437	0.894378	9.90099e-09	0.118812	9.90099e-09	1	0.111298	0.306043	0.666667	0.666667	0.666667	1	1	127834	1e+20	4.18816e+11	10.6364	16.9625	41.132	23.2937	36.0884	34.7985	
158000	-124427	-1327.31	-77559.3	-17943.9	0.121437	1	0.101552	19.6944	2.46689	0.0107484	19.9745	0.635305	5781	99	476	-47394.7	37.9293f	26.1674	4	1	1	0.0693069	0.108911	0.0594059	9.90099e-09	0	0	0	0	0.754545	0.975945	0.239655	0.47973	0.906736	9.90099e-09	0.118812	9.90099e-09	1	0.120898	0.309381	0.666667	0.666667	0.666667	1	1	127834	1e+20	4.18816e+11	10.6364	16.9625	41.132	23.2937	37.9293	26.1674	
159000	-123909	-1327.31	-77041.3	-17771	0.119136	1	0.101552	19.6944	2.29802	0.0217369	19.7176	0.681993	5699	99	515	-47394.7	55.1716f	7.39067	4	1	1	0.0693069	0.108911	0.039604	9.90099e-09	0	0	0	0	0.809091	0.950877	0.27065	0.578431	0.884211	9.90099e-09	0.118812	9.90099e-09	1	0.119298	0.309568	0.666667	0.666667	0.666667	1	1	127834	1e+20	4.18816e+11	10.6364	16.9625	41.132	23.2937	55.1716	7.39067	
160000	-127565	-1327.31	-80697.8	-18319.9	0.12666	1	0.112717	17.7435	2.71178	0.00978376	19.7176	0.520685	5961	99	577	-47394.7	42.6789f	26.0581	4	1	1	0.0990099	0.118812	0.039604	9.90099e-09	0	0	0	0	0.754545	0.97651	0.247492	0.577586	0.892617	9.90099e-09	0.118812	9.90099e-09	1	0.103853	0.266898	0.666667	0.666667	0.666667	1	1	127834	1e+20	4.18816e+11	10.6364	16.9625	41.132	23.2937	42.6789	26.0581	
161000	-128192	-1327.31	-81324.3	-18573.5	0.12864	1	0.107566	18.5932	2.75542	0.00947107	19.9518	0.53698	6084	99	512	-47394.7	28.9759f	40.6599	4	1	1	0.0990099	0.118812	0.039604	9.90099e-09	0	0	0	0	0.736364	0.970346	0.234811	0.566038	0.915563	9.90099e-09	0.118812	9.90099e-09	1	0.090312	0.28373	0.666667	0.666667	0.666667	1	1	127834	1e+20	4.18816e+11	10.6364	16.9625	41.132	23.2937	28.9759	40.6599	
162000	-127839	-1327.31	-80972.1	-18468.6	0.126958	1	0.111114	17.9995	2.80908	0.0210228	19.9518	0.509902	6033	99	532	-47394.7	49.0372f	7.97495	4	1	1	0.0990099	0.118812	0.039604	9.90099e-09	0	0	0	0	0.818182	0.965404	0.245033	0.509259	0.90312	9.90099e-09	0.118812	9.90099e-09	1	0.100993	0.322957	0.666667	0.666667	0.666667	1	1	127834	1e+20	4.18816e+11	33.3076	21.832	41.132	23.2937	49.0372	7.97495	
163000	-123733	-1327.31	-76865.2	-17767.3	0.124084	1	0.111728	17.9005	2.76068	0.0233242	19.9518	0.515989	5696	99	502	-47394.7	80.7059f	17.8758	4	1	1	0.0990099	0.118812	0.039604	9.90099e-09	0	0	0	0	0.827273	0.95122	0.257443	0.528302	0.908772	9.90099e-09	0.108911	9.90099e-09	1	0.0982456	0.28	0.666667	0.666667	0.666667	1	1	127834	1e+20	4.18816e+11	33.3076	21.832	41.132	23.2937	80.7059	17.8758	
164000	-126010	-1327.31	-79143	-18068.4	0.121348	1	0.123533	16.19	2.98505	0.0220854	19.9518	0.431604	5840	99	566	-47394.7	80.4311f	19.5941	4	1	1	0.0990099	0.118812	0.039604	9.90099e-09	0	0	0	0	0.745455	0.965517	0.260274	0.46087	0.885017	9.90099e-09	0.108911	9.90099e-09	1	0.123077	0.24055	0.666667	0.666667	0.666667	1	1	127834	1e+20	4.18816e+11	33.3076	21.832	57.0204	6.77554	80.4311	19.5941	
165000	-125424	-1327.31	-78557.1	-18051.5	0.121348	1	0.101576	19.6898	2.45448	0.0224059	19.9518	0.63837	5832	99	516	-47394.7	59.0669f	7.25143	4	1	1	0.0990099	0.178218	0.039604	9.90099e-09	0	0	0	0	0.754545	0.962521	0.246154	0.518868	0.909247	9.90099e-09	0.108911	9.90099e-09	1	0.0976027	0.323308	0.666667	0.666667	0.666667	1	1	127834	1e+20	4.18816e+11	33.3076	21.832	57.0204	6.77554	59.0669	7.25143	
166000	-124389	-1327.31	-77521.4	-17906.1	0.122549	1	0.0982478	20.3567	2.39756	0.0190716	19.9518	0.675659	5763	99	493	-47394.7	84.6422f	32.0961	4	1	1	0.0891089	0.178218	0.009901	9.90099e-09	0	0	0	0	0.781818	0.960345	0.261698	0.504854	0.896014	9.90099e-09	0.108911	9.90099e-09	1	0.0970537	0.306163	0.666667	0.666667	0.666667	1	1	127834	1e+20	4.18816e+11	33.3076	21.832	69.0817	40.705	84.6422	32.0961	
167000	-123344	-1327.31	-76477.1	-17749.6	0.120326	1	0.102641	19.4855	2.45933	0.00519501	19.9518	0.630499	5689	99	477	-47394.7	42.7765f	55.269	4	1	1	0.0891089	0.178218	0.009901	9.90099e-09	0	0	0	0	0.745455	0.959578	0.225919	0.566667	0.901554	9.90099e-09	0.108911	9.90099e-09	1	0.0966608	0.29065	0.666667	0.666667	0.666667	1	1	127834	1e+20	4.18816e+11	33.3076	21.832	69.0817	40.705	42.7765	55.269	
168000	-125362	-1327.31	-78494.3	-17957.3	0.12415	1	0.110995	18.0189	2.74402	0.0213425	19.9518	0.522554	5787	99	557	-47394.7	87.9278f	32.7446	4	1	1	0.0891089	0.178218	0.009901	9.90099e-09	0	0	0	0	0.8	0.955631	0.250432	0.553571	0.900685	9.90099e-09	0.108911	9.90099e-09	1	0.103627	0.314335	0.666667	0.666667	0.666667	1	1	127834	1e+20	4.18816e+11	33.3076	21.832	69.0817	40.705	87.9278	32.7446	
169000	-125530	-1327.31	-78663.1	-18072.1	0.122256	1	0.105992	18.8694	2.2823	0.0164923	19.3489	0.657924	5842	99	519	-47394.7	23.0279f	27.3472	4	1	1	0.0891089	0.178218	0.009901	9.90099e-09	0	0	0	0	0.681818	0.953688	0.245283	0.552381	0.895369	9.90099e-09	0.148515	9.90099e-09	1	0.120069	0.328244	0.666667	0.666667	0.666667	1	1	127834	1e+20	4.18816e+11	33.3076	21.832	51.1601	25.4906	23.0279	27.3472	
170000	-125482	-1327.31	-78614.5	-18053.1	0.123837	1	0.122015	16.3914	2.31832	0.00825755	18.6928	0.562641	5833	99	531	-47394.7	38.6194f	31.9284	4	1	1	0.0891089	0.178218	0.009901	9.90099e-09	0	0	0	0	0.772727	0.952055	0.226962	0.564815	0.892123	9.90099e-09	0.148515	9.90099e-09	1	0.119863	0.341463	0.666667	0.666667	0.666667	1	1	127834	1e+20	4.18816e+11	24.243	24.0892	51.1601	25.4906	38.6194	31.9284	
171000	-126729	-1327.31	-79862	-18251.6	0.123837	1	0.124958	16.0054	2.37424	0.0338641	18.6928	0.536454	5928	99	545	-47394.7	96.8947f	22.2102	4	1	1	0.0891089	0.247525	0.009901	9.90099e-09	0	0	0	0	0.818182	0.969646	0.258883	0.535714	0.888702	9.90099e-09	0.148515	9.90099e-09	1	0.108291	0.306159	0.666667	0.666667	0.666667	1	1	127834	1e+20	4.18816e+11	21.0605	16.1883	41.9991	19.6853	96.8947	22.2102	
172000	-126819	-1327.31	-79951.2	-18378.1	0.124987	1	0.102566	19.4996	2.07326	0.0375071	18.9406	0.748451	5989	99	490	-47394.7	13.2581f	5.76328	4	1	1	0.0891089	0.247525	0.0594059	9.90099e-09	0	0	0	0	0.8	0.968067	0.201005	0.521739	0.92517	9.90099e-09	0.148515	9.90099e-09	1	0.0854271	0.329293	0.666667	0.666667	0.666667	1	1	127834	1e+20	4.18816e+11	21.0605	16.1883	30.7916	28.1027	13.2581	5.76328	
173000	-129512	-1327.31	-82645.1	-18774.5	0.128629	1	0.105812	18.9014	2.42455	0.0111096	19.4038	0.620375	6182	99	526	-47394.7	32.7864f	29.124	4	1	1	0.0891089	0.247525	0.0594059	9.90099e-09	0	0	0	0	0.790909	0.954693	0.262561	0.538462	0.899676	9.90099e-09	0.148515	9.90099e-09	1	0.100486	0.307992	0.666667	0.666667	0.666667	1	1	127834	1e+20	4.18816e+11	21.0605	16.1883	30.7916	28.1027	32.7864	29.124	
174000	-128113	-1327.31	-81245.9	-18530.5	0.128629	1	0.0994693	20.1067	2.3605	0.0425907	19.5746	0.677839	6063	99	523	-47394.7	0.301195f	14.2964	4	1	1	0.0990099	0.247525	0.0594059	9.90099e-09	0	0	0	0	0.809091	0.970395	0.264803	0.538462	0.898026	9.90099e-09	0.148515	9.90099e-09	1	0.0939044	0.290566	0.666667	0.666667	0.666667	1	1	127834	1e+20	4.18816e+11	21.0605	16.1883	30.7916	28.1027	0.301195	14.2964	
175000	-127623	-1327.31	-80755.5	-18540.7	0.128629	1	0.096792	20.6629	2.12568	0.00760454	19.199	0.773541	6068	99	478	-47394.7	64.6562f	36.4005	4	1	1	0.0990099	0.247525	0.0594059	9.90099e-09	0	0	0	0	0.836364	0.968595	0.220395	0.506849	0.90312	9.90099e-09	0.118812	9.90099e-09	1	0.0789474	0.284232	0.666667	0.666667	0.666667	1	1	127834	1e+20	4.18816e+11	21.0605	16.1883	30.7916	28.1027	64.6562	36.4005	
176000	-126152	-1327.31	-79284.9	-18251.6	0.128629	1	0.118201	16.9203	2.13078	0.0265979	18.2744	0.631916	5927	99	493	-47394.7	17.4596f	15.6541	4	1	1	0.0990099	0.217822	0.0594059	9.90099e-09	0	0	0	0	0.8	0.961279	0.205734	0.458904	0.883838	9.90099e-09	0.118812	9.90099e-09	1	0.0775717	0.299587	0.666667	0.666667	0.666667	1	1	127834	1e+20	4.18816e+11	21.0605	16.1883	30.7916	28.1027	17.4596	15.6541	
177000	-129385	-1327.31	-82518	-18776.1	0.131333	1	0.114277	17.5013	2.03249	0.0187311	18.1184	0.685224	6183	99	527	-47394.7	36.6311f	13.4014	4	1	1	0.0990099	0.217822	0.0594059	9.90099e-09	0	0	0	0	0.781818	0.953301	0.204509	0.435185	0.899676	0.009901	0.118812	9.90099e-09	1	0.0853462	0.318681	0.666667	0.666667	0.666667	1	1	127834	1e+20	4.18816e+11	21.0605	16.1883	30.7916	28.1027	36.6311	13.4014	
178000	-129816	-1327.31	-82948.8	-18883.7	0.131333	1	0.121632	16.443	1.98043	0.0175435	17.7228	0.660712	6236	99	519	-47394.7	16.3594f	59.0199	4	1	1	0.0990099	0.217822	0.108911	9.90099e-09	0	0	0	0	0.709091	0.956731	0.246795	0.461538	0.911859	0.009901	0.118812	9.90099e-09	1	0.0977564	0.305389	0.666667	0.666667	0.666667	1	1	127834	1e+20	4.18816e+11	21.0605	16.1883	10.5094	27.1864	16.3594	59.0199	
179000	-129372	-1327.31	-82505.1	-18810.8	0.129642	1	0.126922	15.7578	2.2302	0.0337869	18.1223	0.562265	6200	99	506	-47394.7	1.48631f	68.6855	4	1	1	0.0990099	0.217822	0.108911	9.90099e-09	0	0	0	0	0.718182	0.970968	0.195513	0.480392	0.895833	0.009901	0.118812	9.90099e-09	1	0.083871	0.306324	0.666667	0.666667	0.666667	1	1	127834	1e+20	4.18816e+11	21.0605	16.1883	1.63878	40.6988	1.48631	68.6855	
180000	-129468	-1327.31	-82600.6	-18700.5	0.129642	1	0.114623	17.4485	2.35543	0.0234811	18.8457	0.589493	6146	99	565	-47394.7	7.61162f	44.9648	4	1	1	0.029703	0.217822	0.108911	9.90099e-09	0	0	0	0	0.754545	0.933442	0.262561	0.571429	0.894652	0.009901	0.118812	9.90099e-09	1	0.0894309	0.348057	0.666667	0.666667	0.666667	1	1	127834	1e+20	4.18816e+11	21.0605	16.1883	1.63878	40.6988	7.61162	44.9648	
181000	-127563	-1327.31	-80696	-18538.7	0.127226	1	0.118704	16.8486	2.39385	0.0235399	18.8457	0.560089	6067	99	479	-47394.7	17.5733f	20.3475	4	1	1	0.029703	0.217822	0.108911	9.90099e-09	0	0	0	0	0.809091	0.96072	0.224053	0.472727	0.910891	0.009901	0.118812	9.90099e-09	1	0.0807249	0.300373	0.666667	0.666667	0.666667	1	1	127834	1e+20	4.18816e+11	21.0605	16.1883	1.63878	40.6988	17.5733	20.3475	
182000	-128369	-1327.31	-81502	-18682.1	0.129693	1	0.106444	18.7892	2.18822	0.0175498	18.8457	0.683294	6137	99	482	-47394.7	42.7104f	13.1298	4	1	1	0.029703	0.19802	0.108911	9.90099e-09	0	0	0	0	0.7	0.942997	0.228896	0.480392	0.925806	0.009901	0.0990099	9.90099e-09	1	0.104839	0.318091	0.666667	0.666667	0.666667	1	1	127834	1e+20	4.18816e+11	21.0605	16.1883	1.63878	40.6988	42.7104	13.1298	
183000	-127419	-1327.31	-80551.7	-18504	0.126272	1	0.109278	18.302	2.30701	0.0187103	19.0985	0.631306	6050	99	487	-47394.7	13.3436f	44.1357	4	1	1	0.029703	0.19802	0.108911	9.90099e-09	0	0	0	0	0.754545	0.967159	0.213816	0.509615	0.907743	0.009901	0.0990099	9.90099e-09	1	0.0990099	0.335922	0.666667	0.666667	0.666667	1	1	127834	1e+20	4.18816e+11	21.0605	16.1883	1.63878	40.6988	13.3436	44.1357	
184000	-126337	-1327.31	-79469.5	-18301.2	0.126272	1	0.109278	18.302	2.30701	0.0126983	19.0985	0.631306	5952	99	483	-47394.7	24.5874f	35.6976	4	1	1	0.029703	0.19802	0.108911	9.90099e-09	0	0	0	0	0.790909	0.961603	0.253356	0.598039	0.917508	0.009901	0.0990099	9.90099e-09	1	0.0838926	0.321138	0.666667	0.666667	0.666667	1	1	127834	1e+20	4.18816e+11	21.0605	16.1883	1.63878	40.6988	24.5874	35.6976	
185000	-127551	-1327.31	-80684.2	-18470.9	0.126272	1	0.107089	18.6761	2.26079	0.0290224	19.0985	0.657379	6034	99	509	-47394.7	9.41097f	74.2718	4	1	1	0.029703	0.19802	0.108911	9.90099e-09	0	0	0	0	0.790909	0.951987	0.242175	0.537736	0.915563	0.009901	0.0990099	9.90099e-09	1	0.118616	0.301158	0.666667	0.666667	0.666667	1	1	127834	1e+20	4.18816e+11	21.0605	16.1883	1.63878	40.6988	9.41097	74.2718	
186000	-127907	-1327.31	-81039.9	-18400.5	0.126272	1	0.111446	17.9458	2.35279	0.00716868	19.0985	0.606974	6000	99	570	-47394.7	43.6927f	63.955	4	1	1	0.029703	0.19802	0.039604	9.90099e-09	0	0	0	0	0.7	0.960067	0.269103	0.535714	0.908486	0.009901	0.0990099	9.90099e-09	1	0.0732113	0.303704	0.666667	0.666667	0.666667	1	1	127834	1e+20	4.18816e+11	21.0605	16.1883	45.7314	48.405	43.6927	63.955	
187000	-127431	-1327.31	-80563.7	-18433.7	0.126191	1	0.125087	15.9888	2.02275	0.00495346	17.8699	0.62902	6016	99	522	-47394.7	44.2538f	55.0967	4	1	1	0.029703	0.19802	0.039604	9.90099e-09	0	0	0	0	0.736364	0.950249	0.19802	0.644231	0.893688	0.009901	0.0990099	9.90099e-09	1	0.0847176	0.342967	0.666667	0.666667	0.666667	1	1	127834	1e+20	4.18816e+11	21.0605	16.1883	45.7314	48.405	44.2538	55.0967	
188000	-126458	-1327.31	-79591	-18226.7	0.123433	1	0.129032	15.5	1.91552	0.0255941	17.5888	0.643926	5916	99	535	-47394.7	86.1762f	20.3964	4	1	1	0.029703	0.19802	0.039604	9.90099e-09	0	0	0	0	0.8	0.954622	0.217172	0.481132	0.892256	0.009901	0.0990099	9.90099e-09	1	0.0962838	0.327652	0.666667	0.666667	0.666667	1	1	127834	1e+20	4.18816e+11	21.0605	16.1883	73.331	33.3239	86.1762	20.3964	
189000	-127010	-1327.31	-80142.5	-18299.9	0.123433	1	0.129731	15.4165	2.23814	0.00765121	18.2621	0.548137	5951	99	547	-47394.7	58.2744f	31.2996	4	1	1	0.029703	0.138614	0.039604	9.90099e-09	0	0	0	0	0.8	0.966611	0.221667	0.469027	0.890365	0.009901	0.0792079	9.90099e-09	1	0.10906	0.336364	0.666667	0.666667	0.666667	1	1	127834	1e+20	4.18816e+11	21.0605	16.1883	73.331	33.3239	58.2744	31.2996	
190000	-128703	-1327.31	-81836.2	-18654.7	0.126634	1	0.114546	17.4603	2.01073	0.0196895	18.2244	0.691013	6123	99	525	-47394.7	88.5959f	53.3787	4	1	1	0.029703	0.138614	0.039604	9.90099e-09	0	0	0	0	0.7	0.963875	0.212766	0.563636	0.889984	0.009901	0.0792079	9.90099e-09	1	0.0978793	0.331429	0.666667	0.666667	0.666667	1	1	127834	1e+20	4.18816e+11	21.0605	16.1883	50.8724	38.6196	88.5959	53.3787	
191000	-129532	-1327.31	-82664.2	-18698.1	0.126634	1	0.139343	14.353	2.44603	0.0104025	18.2244	0.466952	6144	99	581	-47394.7	30.0955f	61.8739	4	1	1	0.029703	0.138614	0.039604	9.90099e-09	0	0	0	0	0.763636	0.942997	0.185668	0.432432	0.920923	0.009901	0.0792079	9.90099e-09	1	0.112195	0.313356	0.666667	0.666667	0.666667	1	1	127834	1e+20	4.18816e+11	21.0605	16.1883	50.8724	38.6196	30.0955	61.8739	
192000	-130544	-1327.31	-83676.7	-18867.6	0.130381	1	0.139862	14.2998	2.4556	0.00812811	18.0929	0.463407	6228	99	588	-47394.7	67.0145f	37.4304	4	1	1	0.029703	0.138614	0.0792079	9.90099e-09	0	0	0	0	0.781818	0.953301	0.240323	0.465517	0.901771	0.009901	0.0792079	9.90099e-09	1	0.103728	0.289855	0.666667	0.666667	0.666667	1	1	127834	1e+20	4.18816e+11	21.0605	16.1883	50.8724	38.6196	67.0145	37.4304	
193000	-129826	-1327.31	-82958.4	-18741.3	0.129983	1	0.139862	14.2998	2.4481	0.0128891	18.0929	0.464827	6166	99	585	-47394.7	24.1515f	35.8866	4	1	1	0.029703	0.138614	0.0792079	9.90099e-09	0	0	0	0	0.827273	0.941368	0.237398	0.529412	0.881494	0.009901	0.0792079	9.90099e-09	1	0.117264	0.303293	0.666667	0.666667	0.666667	1	1	127834	1e+20	4.18816e+11	21.0605	16.1883	50.8724	38.6196	24.1515	35.8866	
194000	-129747	-1327.31	-82879.9	-18751.7	0.131276	1	0.129872	15.3997	2.17482	0.00841509	17.8496	0.563483	6171	99	578	-47394.7	32.9079f	58.49	4	1	1	0.0792079	0.168317	0.0792079	9.90099e-09	0	0	0	0	0.754545	0.952692	0.194489	0.448276	0.883117	0.009901	0.0693069	9.90099e-09	1	0.112561	0.347443	0.666667	0.666667	0.666667	1	1	127834	1e+20	4.18816e+11	21.0605	16.1883	50.8724	38.6196	32.9079	58.49	
195000	-129982	-1327.31	-83114.7	-18770	0.131276	1	0.141081	14.1763	2.08938	0.0171101	17.3097	0.539927	6180	99	588	-47394.7	77.0886f	25.0753	4	1	1	0.0792079	0.168317	0.0792079	9.90099e-09	0	0	0	0	0.754545	0.944984	0.213592	0.487603	0.894992	0.009901	0.0693069	9.90099e-09	1	0.113086	0.342905	0.666667	0.666667	0.666667	1	1	127834	1e+20	4.18816e+11	21.0605	16.1883	70.8864	39.9927	77.0886	25.0753	
196000	-130250	-1327.31	-83382.6	-18867.7	0.127898	1	0.136929	14.6061	2.06122	0.0147897	17.494	0.563899	6227	99	570	-47394.7	77.4164f	65.1661	4	1	1	0.0792079	0.168317	0.0792079	9.90099e-09	0	0	0	0	0.763636	0.956592	0.207395	0.481818	0.881029	0.009901	0.0693069	9.90099e-09	1	0.101124	0.342105	0.666667	0.666667	0.666667	1	1	127834	1e+20	4.18816e+11	21.0605	16.1883	70.8864	39.9927	77.4164	65.1661	
197000	-129080	-1327.31	-82212.4	-18741.6	0.128892	1	0.121926	16.4034	1.88769	0.0153129	17.5833	0.691501	6166	99	522	-47394.7	50.9312f	15.3855	4	1	1	0.0792079	0.168317	0.0792079	9.90099e-09	0	0	0	0	0.745455	0.947967	0.21732	0.464286	0.881301	0.009901	0.0693069	9.90099e-09	1	0.0988655	0.341284	0.666667	0.666667	0.666667	1	1	127834	1e+20	4.18816e+11	21.0605	16.1883	60.2292	5.10452	50.9312	15.3855	
198000	-131156	-1327.31	-84288.8	-19076.1	0.13517	1	0.116531	17.1628	1.89205	0.0249784	17.5833	0.721845	6331	99	543	-47394.7	50.7515f	3.52459	4	1	1	0.0792079	0.168317	0.0792079	9.90099e-09	0	0	0	0	0.745455	0.957413	0.225552	0.5	0.903785	0.009901	0.0693069	9.90099e-09	1	0.0914827	0.32965	0.666667	0.666667	0.666667	1	1	127834	1e+20	4.18816e+11	21.0605	16.1883	60.2292	5.10452	50.7515	3.52459	
199000	-132747	-1327.31	-85880.1	-19402	0.135603	1	0.12468	16.041	2.21704	0.0121316	17.9732	0.575769	6494	99	518	-47394.7	53.976f	20.6006	4	1	1	0.0792079	0.168317	0.0594059	9.90099e-09	0	0	0	0	0.836364	0.96142	0.199387	0.427273	0.906154	0.009901	0.0693069	9.90099e-09	1	0.08	0.33209	0.666667	0.666667	0.666667	1	1	127834	1e+20	4.18816e+11	21.0605	16.1883	60.2292	5.10452	53.976	20.6006	
200000	-134626	-1327.31	-87758.9	-19534	0.135537	1	0.125347	15.9557	2.29398	0.0293738	18.1051	0.553499	6560	99	617	-47394.7	76.2271f	6.40562	4	1	1	0.0891089	0.168317	0.0594059	9.90099e-09	0	0	0	0	0.781818	0.952744	0.226788	0.538462	0.892802	0.009901	0.0693069	9.90099e-09	1	0.0837139	0.320325	0.666667	0.666667	0.666667	1	1	127834	1e+20	4.18816e+11	21.0605	16.1883	60.2292	5.10452	76.2271	6.40562	
201000	-133751	-1327.31	-86883.7	-19452.3	0.13524	1	0.124356	16.0829	2.27084	0.0164227	18.1051	0.563595	6519	99	579	-47394.7	42.9709f	14.6339	4	1	1	0.0891089	0.188119	0.0594059	9.90099e-09	0	0	0	0	0.727273	0.974085	0.230887	0.57265	0.92378	9.90099e-09	0.039604	9.90099e-09	1	0.102134	0.316062	0.666667	0.666667	0.666667	1	1	127834	1e+20	4.18816e+11	21.0605	16.1883	60.2292	5.10452	42.9709	14.6339	
202000	-132366	-1327.31	-85498.8	-19270.2	0.13524	1	0.118389	16.8935	2.02006	0.00755673	17.8006	0.665495	6428	99	548	-47394.7	42.7409f	31.5012	4	1	1	0.0891089	0.188119	0.0594059	9.90099e-09	0	0	0	0	0.754545	0.971963	0.207752	0.551402	0.90528	9.90099e-09	0.039604	9.90099e-09	1	0.0869565	0.346715	0.666667	0.666667	0.666667	1	1	127834	1e+20	4.18816e+11	19.6395	23.4837	61.3033	19.5344	42.7409	31.5012	
203000	-134335	-1327.31	-87467.4	-19524.4	0.135114	1	0.122748	16.2935	2.27343	0.00588467	18.1735	0.570328	6555	99	597	-47394.7	42.057f	37.8131	4	1	1	0.0891089	0.188119	0.0594059	9.90099e-09	0	0	0	0	0.790909	0.961948	0.222901	0.541667	0.890411	9.90099e-09	0.039604	9.90099e-09	1	0.114329	0.304196	0.666667	0.666667	0.666667	1	1	127834	1e+20	4.18816e+11	19.6395	23.4837	61.3033	19.5344	42.057	37.8131	
204000	-135374	-1327.31	-88506.6	-19739.9	0.142434	1	0.133571	14.9733	2.6079	0.00737464	18.1735	0.456896	6665	99	581	-47394.7	41.4662f	63.4602	4	1	1	0.0891089	0.188119	0.0594059	9.90099e-09	0	0	0	0	0.781818	0.959398	0.229385	0.573913	0.913043	9.90099e-09	0.039604	9.90099e-09	1	0.0989505	0.333929	0.666667	0.666667	0.666667	1	1	127834	1e+20	4.18816e+11	19.6395	23.4837	65.3321	41.644	41.4662	63.4602	
205000	-135401	-1327.31	-88533.6	-19726.2	0.142434	1	0.130666	15.3062	2.25088	0.00737464	17.6133	0.541134	6658	99	592	-47394.7	41.4662f	63.4602	4	1	1	0.0891089	0.188119	0.0693069	9.90099e-09	0	0	0	0	0.772727	0.96861	0.236173	0.537815	0.899399	9.90099e-09	0.039604	9.90099e-09	1	0.0975976	0.325383	0.666667	0.666667	0.666667	1	1	127834	1e+20	4.18816e+11	19.6395	23.4837	65.3321	41.644	41.4662	63.4602	
206000	-134284	-1327.31	-87417.1	-19481.2	0.138632	1	0.147436	13.5652	2.1607	0.0236446	17.0306	0.499599	6534	99	622	-47394.7	87.7109f	26.4106	4	1	1	0.0891089	0.188119	0.0693069	9.90099e-09	0	0	0	0	0.790909	0.946728	0.219178	0.574803	0.872146	9.90099e-09	0.039604	9.90099e-09	1	0.0948012	0.372488	0.666667	0.666667	0.666667	1	1	127834	1e+20	4.18816e+11	19.6395	23.4837	65.3321	41.644	87.7109	26.4106	
207000	-133316	-1327.31	-86448.6	-19364.6	0.138632	1	0.13802	14.4907	1.94439	0.0336511	16.8633	0.593057	6475	99	597	-47394.7	83.2024f	6.44188	4	1	1	0.0693069	0.158416	0.0693069	9.90099e-09	0	0	0	0	0.7	0.942989	0.209553	0.516667	0.896764	9.90099e-09	0.049505	9.90099e-09	1	0.109399	0.368509	0.666667	0.666667	0.666667	1	1	127834	1e+20	4.18816e+11	24.5911	18.04	65.3321	41.644	83.2024	6.44188	
208000	-133603	-1327.31	-86735.7	-19505.3	0.139829	1	0.127785	15.6513	1.81575	0.0120507	16.8633	0.685938	6546	99	545	-47394.7	73.6188f	63.0061	4	1	1	0.0693069	0.158416	0.0693069	9.90099e-09	0	0	0	0	0.781818	0.951145	0.218989	0.523364	0.91145	9.90099e-09	0.049505	9.90099e-09	1	0.0946565	0.345725	0.666667	0.666667	0.666667	1	1	127834	1e+20	4.18816e+11	24.5911	18.04	65.3321	41.644	73.6188	63.0061	
209000	-131322	-1327.31	-84455.1	-19328.2	0.1371	1	0.12105	16.5222	1.49197	0.0044179	16.3545	0.881248	6457	99	436	-47394.7	50.6494f	54.1325	4	1	1	0.0693069	0.158416	0.0693069	9.90099e-09	0	0	0	0	0.681818	0.959565	0.186047	0.558621	0.928571	9.90099e-09	0.049505	9.90099e-09	1	0.0851393	0.371134	0.666667	0.666667	0.666667	1	1	127834	1e+20	4.18816e+11	24.5911	18.04	58.7742	53.6596	50.6494	54.1325	
210000	-131001	-1327.31	-84133.8	-19128.3	0.135555	1	0.124017	16.1268	1.71622	0.00657224	16.8827	0.747766	6357	99	505	-47394.7	56.353f	33.736	4	1	1	0.0693069	0.158416	0.0693069	9.90099e-09	0	0	0	0	0.745455	0.955766	0.188679	0.448598	0.906051	9.90099e-09	0.049505	9.90099e-09	1	0.0760697	0.358349	0.666667	0.666667	0.666667	1	1	127834	1e+20	4.18816e+11	24.5911	18.04	58.7742	53.6596	56.353	33.736	
211000	-130076	-1327.31	-83209.2	-19009.2	0.13229	1	0.12261	16.3119	1.60473	0.0217148	16.7508	0.808896	6298	99	483	-47394.7	71.5979f	83.1311	4	1	1	0.0693069	0.158416	0.0792079	9.90099e-09	0	0	0	0	0.727273	0.961905	0.192063	0.398058	0.911111	9.90099e-09	0.049505	9.90099e-09	1	0.0698413	0.364948	0.666667	0.666667	0.666667	1	1	127834	1e+20	4.18816e+11	24.5911	18.04	58.7742	53.6596	71.5979	83.1311	
212000	-128861	-1327.31	-81993.9	-18742.2	0.13229	1	0.1247	16.0385	1.64299	0.00874854	16.7787	0.776818	6166	99	513	-47394.7	69.3239f	38.5761	4	1	1	0.0693069	0.158416	0.0792079	9.90099e-09	0	0	0	0	0.736364	0.961228	0.23301	0.480769	0.900974	9.90099e-09	0.049505	9.90099e-09	1	0.0876623	0.363636	0.666667	0.666667	0.666667	1	1	127834	1e+20	4.18816e+11	24.5911	18.04	58.7742	53.6596	69.3239	38.5761	
213000	-128873	-1327.31	-82005.5	-18752.3	0.13229	1	0.13325	15.0094	1.65789	0.00819179	16.5401	0.72044	6171	99	512	-47394.7	47.6373f	67.7435	4	1	1	0.0693069	0.158416	0.0792079	9.90099e-09	0	0	0	0	0.709091	0.955056	0.209677	0.5	0.885113	9.90099e-09	0.049505	9.90099e-09	1	0.0776699	0.402985	0.666667	0.666667	0.666667	1	1	127834	1e+20	4.18816e+11	24.5911	18.04	58.7742	53.6596	47.6373	67.7435	
214000	-129743	-1327.31	-82875.5	-18976.8	0.132105	1	0.137011	14.5973	1.5399	0.00700314	16.1307	0.754346	6282	99	480	-47394.7	48.1313f	64.7079	4	1	1	0.0693069	0.158416	0.0792079	9.90099e-09	0	0	0	0	0.727273	0.955414	0.165342	0.45098	0.8896	9.90099e-09	0.029703	9.90099e-09	1	0.0576	0.394628	0.666667	0.666667	0.666667	1	1	127834	1e+20	4.18816e+11	40.3222	92.607	58.7742	53.6596	48.1313	64.7079	
215000	-131802	-1327.31	-84934.6	-19213.7	0.132105	1	0.150138	13.3211	1.5598	0.0094766	15.8166	0.67961	6399	99	546	-47394.7	69.8894f	59.8181	4	1	1	0.0594059	0.188119	0.0792079	9.90099e-09	0	0	0	0	0.8	0.967188	0.223438	0.476821	0.90625	9.90099e-09	0.029703	9.90099e-09	1	0.0890625	0.372007	0.666667	0.666667	0.666667	1	1	127834	1e+20	4.18816e+11	40.3222	92.607	58.7742	53.6596	69.8894	59.8181	
216000	-132328	-1327.31	-85460.6	-19254.2	0.132105	1	0.150076	13.3266	1.60946	0.00533067	15.9426	0.658916	6419	99	575	-47394.7	61.5045f	47.2778	4	1	1	0.0594059	0.188119	0.0792079	9.90099e-09	0	0	0	0	0.763636	0.957878	0.194662	0.54386	0.884244	9.90099e-09	0.029703	9.90099e-09	1	0.0965732	0.356021	0.666667	0.666667	0.666667	1	1	127834	1e+20	4.18816e+11	24.5911	18.04	58.7742	53.6596	61.5045	47.2778	
217000	-129537	-1327.31	-82669.3	-18782.5	0.132105	1	0.142177	14.067	1.60375	0.00718714	16.1453	0.697999	6186	99	559	-47394.7	35.0596f	56.002	4	1	1	0.0594059	0.188119	0.0792079	9.90099e-09	0	0	0	0	0.718182	0.964516	0.227053	0.535714	0.861066	9.90099e-09	0.029703	9.90099e-09	1	0.0933977	0.380783	0.666667	0.666667	0.666667	1	1	127834	1e+20	4.18816e+11	24.5911	18.04	58.7742	53.6596	35.0596	56.002	
218000	-130124	-1327.31	-83257	-18920.2	0.132105	1	0.128234	15.5965	1.5977	0.00795725	16.5516	0.776823	6254	99	535	-47394.7	31.1654f	48.9693	4	1	1	0.0594059	0.188119	0.0792079	9.90099e-09	0	0	0	0	0.754545	0.960254	0.170654	0.4	0.888179	9.90099e-09	0.029703	9.90099e-09	1	0.105263	0.352727	0.666667	0.666667	0.666667	1	1	127834	1e+20	4.18816e+11	24.5911	18.04	58.7742	53.6596	31.1654	48.9693	
219000	-130977	-1327.31	-84110	-19025.4	0.132143	1	0.131981	15.1538	1.72415	0.0121335	16.7476	0.699415	6306	99	559	-47394.7	23.0304f	52.1997	4	1	1	0.0594059	0.188119	0.0792079	9.90099e-09	0	0	0	0	0.736364	0.946203	0.194313	0.525424	0.883096	9.90099e-09	0.029703	9.90099e-09	1	0.0916272	0.40949	0.666667	0.666667	0.666667	1	1	127834	1e+20	4.18816e+11	24.5911	18.04	47.2037	43.0852	23.0304	52.1997	
220000	-129640	-1327.31	-82772.4	-18768.4	0.132143	1	0.153487	13.0305	1.99589	0.0121335	16.7284	0.519532	6179	99	568	-47394.7	23.0304f	52.1997	4	1	1	0.0594059	0.188119	0.0792079	9.90099e-09	0	0	0	0	0.745455	0.959742	0.198387	0.491228	0.917476	9.90099e-09	0.0594059	9.90099e-09	1	0.101286	0.375	0.666667	0.666667	0.666667	1	1	127834	1e+20	4.18816e+11	24.5911	18.04	47.2037	43.0852	23.0304	52.1997	
221000	-130799	-1327.31	-83931.2	-18885.8	0.132143	1	0.162011	12.3449	2.10674	0.012635	16.7284	0.466301	6237	99	613	-47394.7	53.9689f	76.4213	4	1	1	0.0594059	0.158416	0.0792079	9.90099e-09	0	0	0	0	0.736364	0.953674	0.191083	0.479339	0.873802	9.90099e-09	0.0594059	9.90099e-09	1	0.0992	0.350734	0.666667	0.666667	0.666667	1	1	127834	1e+20	4.18816e+11	24.6966	3.95991	59.7314	58.8531	53.9689	76.4213	
222000	-132010	-1327.31	-85142.7	-19031.4	0.132633	1	0.16495	12.1249	2.15292	0.0370743	16.7284	0.448166	6309	99	657	-47394.7	98.8224f	76.2052	4	1	1	0.009901	0.158416	0.0792079	9.90099e-09	0	0	0	0	0.690909	0.938679	0.196203	0.568182	0.871632	9.90099e-09	0.0594059	9.90099e-09	1	0.10443	0.348837	0.666667	0.666667	0.666667	1	1	127834	1e+20	4.18816e+11	24.6966	3.95991	79.3643	74.7659	98.8224	76.2052	
223000	-131392	-1327.31	-84524.7	-18946.5	0.132633	1	0.161954	12.3492	2.11382	0.0184362	16.7284	0.464901	6267	99	639	-47394.7	70.1487f	79.3373	4	1	1	0.009901	0.158416	0.0792079	9.90099e-09	0	0	0	0	0.745455	0.950949	0.179936	0.566176	0.884984	9.90099e-09	0.0594059	9.90099e-09	1	0.127592	0.307918	0.666667	0.666667	0.666667	1	1	127834	1e+20	4.18816e+11	24.6966	3.95991	79.3643	74.7659	70.1487	79.3373	
224000	-130322	-1327.31	-83454.3	-18867.9	0.13302	1	0.157036	12.7359	2.12022	0.00929862	16.8583	0.478011	6228	99	581	-47394.7	47.5781f	70.2442	4	1	1	0.009901	0.158416	0.0792079	9.90099e-09	0	0	0	0	0.736364	0.959872	0.215088	0.453782	0.886035	9.90099e-09	0.0594059	9.90099e-09	1	0.0786517	0.35284	0.666667	0.666667	0.666667	1	1	127834	1e+20	4.18816e+11	28.5277	38.4396	79.3643	74.7659	47.5781	70.2442	
225000	-129735	-1327.31	-82867.7	-18760.2	0.131958	1	0.140963	14.1882	1.88802	0.0134801	16.8583	0.598013	6175	99	580	-47394.7	66.629f	73.251	4	1	1	0.009901	0.158416	0.0792079	9.90099e-09	0	0	0	0	0.809091	0.932149	0.191248	0.464286	0.88961	9.90099e-09	0.0594059	9.90099e-09	1	0.101942	0.367241	0.666667	0.666667	0.666667	1	1	127834	1e+20	4.18816e+11	28.5277	38.4396	79.3643	74.7659	66.629	73.251	
226000	-131983	-1327.31	-85116.2	-19046.6	0.130673	1	0.158401	12.6262	2.10091	0.0177705	16.8583	0.478249	6316	99	641	-47394.7	60.5274f	82.731	4	1	1	0.009901	0.158416	0.0792079	9.90099e-09	0	0	0	0	0.745455	0.952607	0.229068	0.525	0.846761	9.90099e-09	0.128713	9.90099e-09	1	0.0849057	0.329173	0.666667	0.666667	0.666667	1	1	127834	1e+20	4.18816e+11	28.5277	38.4396	96.2547	95.1308	60.5274	82.731	
227000	-130384	-1327.31	-83516.4	-18802.4	0.130673	1	0.143942	13.8945	2.41274	0.0270516	17.8744	0.458269	6196	99	609	-47394.7	83.9838f	80.5886	4	1	1	0.009901	0.158416	0.0792079	9.90099e-09	0	0	0	0	0.790909	0.969305	0.227787	0.420635	0.872375	9.90099e-09	0.128713	9.90099e-09	1	0.121163	0.315	0.666667	0.666667	0.666667	1	1	127834	1e+20	4.18816e+11	28.5277	38.4396	96.2547	95.1308	83.9838	80.5886	
228000	-130403	-1327.31	-83535.7	-18837	0.131232	1	0.131357	15.2257	2.21122	0.021209	17.8744	0.547941	6213	99	594	-47394.7	79.2629f	76.3188	4	1	1	0.039604	0.237624	0.0792079	9.90099e-09	0	0	0	0	0.736364	0.961165	0.217391	0.598291	0.906149	9.90099e-09	0.128713	9.90099e-09	1	0.0970874	0.346801	0.666667	0.666667	0.666667	1	1	127834	1e+20	4.18816e+11	28.5277	38.4396	96.2547	95.1308	79.2629	76.3188	
229000	-131414	-1327.31	-84546.5	-19131.5	0.131232	1	0.119628	16.7185	2.01377	0.0436647	17.8744	0.66066	6358	99	532	-47394.7	95.9461f	89.1396	4	1	1	0.039604	0.237624	0.039604	9.90099e-09	0	0	0	0	0.745455	0.971654	0.245253	0.462963	0.912975	9.90099e-09	0.128713	9.90099e-09	1	0.111635	0.363118	0.666667	0.666667	0.666667	1	1	127834	1e+20	4.18816e+11	28.5277	38.4396	96.2547	95.1308	95.9461	89.1396	
230000	-130646	-1327.31	-83778.2	-19025.9	0.131232	1	0.119628	16.7185	1.80004	0.0398141	17.38	0.739105	6306	99	518	-47394.7	82.42f	96.7538	4	1	1	0.039604	0.237624	0.039604	9.90099e-09	0	0	0	0	0.781818	0.963259	0.166667	0.519737	0.908654	9.90099e-09	0.128713	9.90099e-09	1	0.0990415	0.314629	0.666667	0.666667	0.666667	1	1	127834	1e+20	4.18816e+11	6.27667	29.5005	96.2547	95.1308	82.42	96.7538	
231000	-134160	-1327.31	-87292.5	-19514.9	0.137326	1	0.140475	14.2374	2.06945	0.0331539	17.0932	0.547477	6551	99	593	-47394.7	64.185f	98.7927	4	1	1	0.039604	0.237624	0.039604	9.90099e-09	0	0	0	0	0.790909	0.964992	0.206373	0.470588	0.887367	9.90099e-09	0.128713	9.90099e-09	1	0.11128	0.331667	0.666667	0.666667	0.666667	1	1	127834	1e+20	4.18816e+11	6.27667	29.5005	96.2547	95.1308	64.185	98.7927	
232000	-133931	-1327.31	-87064.1	-19473.2	0.137145	1	0.138113	14.4809	2.08563	0.0253397	17.2049	0.55252	6530	99	594	-47394.7	87.1425f	74.0144	4	1	1	0.039604	0.237624	0.039604	9.90099e-09	0	0	0	0	0.818182	0.961538	0.230415	0.508772	0.883077	9.90099e-09	0.128713	9.90099e-09	1	0.0814132	0.363958	0.666667	0.666667	0.666667	1	1	127834	1e+20	4.18816e+11	6.27667	29.5005	96.2547	95.1308	87.1425	74.0144	
233000	-134674	-1327.31	-87806.7	-19620.2	0.137145	1	0.138113	14.4809	2.17212	0.0127422	17.3806	0.53052	6604	99	584	-47394.7	62.4672f	74.178	4	1	1	0.039604	0.237624	0.039604	9.90099e-09	0	0	0	0	0.718182	0.942337	0.20121	0.525862	0.878049	9.90099e-09	0.168317	9.90099e-09	1	0.106222	0.361301	0.666667	0.666667	0.666667	1	1	127834	1e+20	4.18816e+11	6.27667	29.5005	96.2547	95.1308	62.4672	74.178	
234000	-134686	-1327.31	-87818.6	-19548.7	0.137145	1	0.153571	13.0233	2.02591	0.0166021	16.6334	0.511554	6568	99	625	-47394.7	78.1083f	68.7181	4	1	1	0.029703	0.128713	0.039604	9.90099e-09	0	0	0	0	0.736364	0.940549	0.206687	0.47541	0.87386	9.90099e-09	0.168317	9.90099e-09	1	0.101824	0.333871	0.666667	0.666667	0.666667	1	1	127834	1e+20	4.18816e+11	6.27667	29.5005	96.2547	95.1308	78.1083	68.7181	
235000	-134793	-1327.31	-87925.8	-19584.4	0.137175	1	0.155184	12.8879	2.32844	0.0340014	17.1765	0.440462	6586	99	617	-47394.7	82.8936f	90.3599	4	1	1	0.029703	0.128713	0.039604	9.90099e-09	0	0	0	0	0.727273	0.94713	0.2118	0.429688	0.909228	9.90099e-09	0.168317	9.90099e-09	1	0.0937973	0.359746	0.666667	0.666667	0.666667	1	1	127834	1e+20	4.18816e+11	6.27667	29.5005	96.2547	95.1308	82.8936	90.3599	
236000	-134066	-1327.31	-87199.1	-19510.9	0.137175	1	0.152377	13.1254	2.28632	0.0390991	17.1765	0.456841	6549	99	583	-47394.7	91.3185f	88.7359	4	1	1	0.029703	0.128713	0.0990099	9.90099e-09	0	0	0	0	0.772727	0.947853	0.24575	0.474138	0.902628	9.90099e-09	0.168317	9.90099e-09	1	0.0977099	0.348259	0.666667	0.666667	0.666667	1	1	127834	1e+20	4.18816e+11	6.27667	29.5005	96.2547	95.1308	91.3185	88.7359	
237000	-136375	-1327.31	-89507.3	-19957.1	0.138824	1	0.119442	16.7445	1.81371	0.0367195	17.1765	0.734674	6775	99	563	-47394.7	94.6418f	81.9108	4	1	1	0.029703	0.128713	0.0990099	9.90099e-09	0	0	0	0	0.763636	0.962963	0.202065	0.471074	0.90413	9.90099e-09	0.168317	9.90099e-09	1	0.0929204	0.321053	0.666667	0.666667	0.666667	1	1	127834	1e+20	4.18816e+11	6.27667	29.5005	96.2547	95.1308	94.6418	81.9108	
238000	-138438	-1327.31	-91570.4	-20298.2	0.146805	1	0.129068	15.4957	2.07255	0.0372281	17.1765	0.594971	6953	99	572	-47394.7	82.8812f	93.8433	4	1	1	0.029703	0.128713	0.0990099	9.90099e-09	0	0	0	0	0.827273	0.958393	0.184971	0.440678	0.898135	9.90099e-09	0.168317	9.90099e-09	1	0.0823699	0.317774	0.666667	0.666667	0.666667	1	1	127834	1e+20	4.18816e+11	6.27667	29.5005	96.2547	95.1308	82.8812	93.8433	
239000	-137518	-1327.31	-90650.5	-20175.4	0.143872	1	0.133842	14.9429	2.10627	0.0465686	17.1765	0.564563	6889	99	552	-47394.7	98.1403f	89.9921	4	1	1	0.029703	0.128713	0.0990099	9.90099e-09	0	0	0	0	0.745455	0.957143	0.205202	0.414634	0.90566	9.90099e-09	0.0792079	9.90099e-09	1	0.0914369	0.324138	0.666667	0.666667	0.666667	1	1	127834	1e+20	4.18816e+11	6.27667	29.5005	91.6265	79.231	98.1403	89.9921	