
# before rand glnL: -64396.961484 alnL: -1225.878105
# ninter: 99
# ncoal: 99
# nhits: 99
# true lbda: 0.002535
# true mu: 0.365640
# true rad: 15.668386
# true sigsq: 0.070211
# true neigh. size: 5.469863
# fst-based estimate of neighborhood size: -nan
# nucleotide diversity: 0.000000
# length of a generation: 11551 time units
# clock rate: 1 subst. per time unit
# after rand glnL: -64396.961484 alnL: -1225.878105
# ninter: 99
# ncoal: 99
# nhits: 99
# start lbda: 0.002535
# start mu: 0.365640
# start rad: 12.191307
sample	lnP	alnL	glnL	tlnL	lbda	clock	mu	neigh	sigsq	sigsqobs	rad	rhoe	nInt	nCoal	nHit	rootTime	rootLon	rootLat	tstv	alpha	MeanBr	accLbda	accMu	accRad	accInDelDisk	accInDelHit	accScaleTime	accSPR	accSPRlocal	accPath	accIndelDiskSerial	accIndelHitSerial	accLdskGivenDisk	accDiskGivenLdsk	accDiskAndLdsk	accLdskMulti	accDiskMulti	accMoveDiskUD	accAddRemoveJump	accLdskTipToRoot	tuneLbda	tuneRad	tuneMu	tuneIndelDisk	tuneIndelHit	tuneLdskGivenDisk	tuneIndelDiskSerial	tuneIndelHitSerial	c0	c1	rootc0	rootc1	rootldsk0	rootldsk1	
  1000	-52596.6	-1225.88	-5830.75	-1563.08	0.00509358	1	0.168918	11.8401	0.153788	0.0429578	19.4202	6.12665	258	99	116	-39441.5	93.2685f	11.6497	4	1	1	0	0	0	0	0	0	0	0	0.990909	0.866667	0.241667	0.409091	0.594059	0	0	0	1	0.137097	0.258621	1	1	1	1	1	1.5	7.59375	1	16.533	6.41277	80.3801	5.75195	93.2685	11.6497	
  2000	-54074.6	-1225.88	-7308.76	-2040.15	0.00722206	1	0.200529	9.97363	0.258858	0.0179606	19.4202	3.06607	356	99	127	-39441.5	40.9257f	14.0968	4	1	1	0	0	0	0	0	0	0	0	0.927273	0.923077	0.364486	0.563636	0.650485	0	0	0	1	0.216981	0.25	1	1	1	1	1	5.0625	291.929	2.25	89.5642	13.1074	34.0253	2.28249	40.9257	14.0968	
  3000	-55319.9	-1225.88	-8554.03	-2387.74	0.0102083	1	0.231649	8.63375	0.433255	0.0195562	19.5406	1.58579	433	99	147	-39441.5	39.354f	12.8131	4	1	1	0	0	0	0	0	0	0	0	0.918182	0.870968	0.370079	0.544554	0.682927	0	0	0	1	0.146341	0.161972	1	1	1	1	1	11.3906	11222.7	17.0859	89.5642	13.1074	24.7532	21.0392	39.354	12.8131	
  4000	-57983	-1225.88	-11217.2	-3165.97	0.0160401	1	0.213453	9.36975	0.62729	0.0376572	19.5406	1.18864	613	99	168	-39441.5	8.59168f	15.2098	4	1	1	0	0	0	0	0	0	0	0	0.945455	0.909836	0.217742	0.482456	0.756098	0	0	0	1	0.225806	0.108434	1	1	1	1	1	25.6289	2.18416e+06	57.665	89.5642	13.1074	24.7532	21.0392	8.59168	15.2098	
  5000	-60245.1	-1225.88	-13479.2	-3827.5	0.0171297	1	0.211656	9.44931	0.664264	0.0161072	19.5406	1.13201	775	99	178	-39441.5	63.0968f	17.4891	4	1	1	0	0.247525	0	0	0	0	0	0	0.918182	0.927632	0.261438	0.557692	0.711268	0	0	0	1	0.123377	0.122905	1	1	1.5	1	1	57.665	2.83387e+08	4987.89	97.8506	27.6493	24.7532	21.0392	63.0968	17.4891	
  6000	-61154.1	-1225.88	-14388.2	-4050.96	0.0202456	1	0.211656	9.44931	0.785091	0.0113857	19.5406	0.95779	834	99	190	-39441.5	20.3557f	49.2081	4	1	1	0	0.247525	0	0	0	0	0	0	0.909091	0.928571	0.261905	0.525	0.781065	0	0	0	1	0.119048	0.321053	1	1	1.5	1	1	194.62	6.28224e+11	656.841	97.8506	27.6493	24.7532	21.0392	20.3557	49.2081	
  7000	-62871.9	-1225.88	-16106	-4505.19	0.0249686	1	0.213364	9.37367	0.976058	0.0317897	19.5406	0.76423	954	99	205	-39441.5	25.3669f	6.99438	4	1	1	0.227723	0.247525	0	0	0	0	0	0	0.918182	0.921053	0.21164	0.574257	0.819149	0	0.188119	0.128713	1	0.171875	0.165854	0.666667	1	1.5	1	1	437.894	1.83397e+14	985.261	97.8506	27.6493	24.7532	21.0392	25.3669	6.99438	
  8000	-64886.9	-1225.88	-18121.1	-5049.41	0.0254138	1	0.182464	10.9611	0.911316	0.0142854	19.8863	0.957138	1102	99	210	-39441.5	30.2119f	23.5998	4	1	1	0.227723	0.247525	0.039604	0	0	0	0	0	0.854545	0.954128	0.247706	0.483333	0.817308	0	0.188119	0.128713	1	0.12844	0.154639	0.666667	0.666667	1.5	1	1	2216.84	1.04197e+19	4987.89	97.8506	27.6493	24.7532	21.0392	30.2119	23.5998	
  9000	-66640.9	-1225.88	-19875	-5517.04	0.0301872	1	0.187821	10.6484	1.13651	0.0174767	19.9847	0.745595	1236	99	214	-39441.5	52.7499f	13.5911	4	1	1	0.227723	0.247525	0.039604	0	0	0	0	0	0.881818	0.959677	0.239669	0.587156	0.822581	0	0.188119	0.128713	1	0.104839	0.251163	0.666667	0.666667	1.5	1	1	7481.83	1e+20	2.18416e+06	97.8506	27.6493	35.1224	30.822	52.7499	13.5911	
 10000	-67624.5	-1225.88	-20858.6	-5716.47	0.0316901	1	0.197411	10.1311	1.13817	0.00750371	19.5063	0.708342	1294	99	236	-39441.5	29.5264f	37.9362	4	1	1	0.227723	0.247525	0.039604	0	0	0	0	0	0.918182	0.930233	0.217054	0.482456	0.835938	0	0.188119	0.128713	1	0.169231	0.359447	0.666667	0.666667	1.5	1	1	25251.2	1e+20	37876.8	97.8506	27.6493	35.1224	30.822	29.5264	37.9362	
 11000	-68057.8	-1225.88	-21292	-5857.96	0.0317021	1	0.187961	10.6405	1.0046	0.00379771	19.1385	0.842865	1335	99	228	-39441.5	35.6116f	41.7256	4	1	1	0.227723	0.0693069	0.039604	0.019802	0	0	0	0	0.9	0.962963	0.283582	0.452991	0.866667	0	0.188119	0.128713	1	0.149254	0.15566	0.666667	0.666667	1.5	1	1	25251.2	1e+20	37876.8	97.8506	27.6493	35.1224	30.822	35.6116	41.7256	
 12000	-69441.9	-1225.88	-22676.1	-6124.52	0.037129	1	0.191038	10.4691	1.28124	0.00118635	19.4714	0.650238	1415	99	265	-39441.5	47.0206f	58.6075	4	1	1	0.227723	0.0693069	0.039604	0.019802	0	0	0	0	0.918182	0.894366	0.297872	0.584158	0.809859	0	0.188119	0.009901	1	0.175182	0.130952	0.666667	0.666667	1.5	1	1	25251.2	1e+20	37876.8	97.8506	27.6493	35.1224	30.822	47.0206	58.6075	
 13000	-71749.4	-1225.88	-24983.5	-6661.44	0.0385101	1	0.210456	9.50317	1.48483	0.00118635	19.5404	0.509309	1579	99	285	-39441.5	47.0206f	58.6075	4	1	1	0.227723	0.0693069	0.039604	0.019802	0	0	0	0	0.918182	0.91195	0.254777	0.504505	0.783439	0	0.108911	0.009901	1	0.146497	0.183099	0.666667	0.666667	1.5	1	1	25251.2	1e+20	37876.8	97.8506	27.6493	35.1224	30.822	47.0206	58.6075	
 14000	-71171.2	-1225.88	-24405.3	-6563.73	0.0385101	1	0.204756	9.76773	1.44462	0.0306303	19.5404	0.538061	1549	99	267	-39441.5	3.28289f	35.7173	4	1	1	0.168317	0.0693069	0.0990099	0.019802	0	0	0	0	0.836364	0.955128	0.217949	0.5	0.83871	0	0.108911	0.009901	1	0.154839	0.183453	0.666667	0.666667	1.5	1	1	25251.2	1e+20	37876.8	97.8506	27.6493	35.1224	30.822	3.28289	35.7173	
 15000	-72662.3	-1225.88	-25896.5	-6876.4	0.0437893	1	0.221	9.04978	1.87233	0.00308585	19.8086	0.384633	1646	99	292	-39441.5	35.3153f	47.1838	4	1	1	0.168317	0.0693069	0.0990099	0.019802	0	0	0	0	0.9	0.878788	0.272727	0.572727	0.806061	0.009901	0.108911	0.009901	1	0.163636	0.147766	0.666667	0.666667	1.5	1	1	25251.2	1e+20	37876.8	97.8506	27.6493	35.1224	30.822	35.3153	47.1838	
 16000	-74450.6	-1225.88	-27684.7	-7320.01	0.0443386	1	0.209383	9.55187	1.80234	0.00336194	19.8256	0.421738	1788	99	298	-39441.5	37.0212f	59.2933	4	1	1	0.168317	0.0693069	0.0990099	0.019802	0	0	0	0	0.909091	0.933333	0.294444	0.520661	0.816667	0.009901	0.108911	0.009901	1	0.127778	0.204082	0.666667	0.666667	1.5	1	1	25251.2	1e+20	37876.8	97.8506	27.6493	56.1259	53.306	37.0212	59.2933	
 17000	-75752.5	-1225.88	-28986.7	-7629.74	0.0467946	1	0.202127	9.89478	1.87846	0.0107935	19.9385	0.419173	1889	99	301	-39441.5	29.9496f	71.1669	4	1	1	0.168317	0.108911	0.0990099	0.019802	0	0	0	0	0.881818	0.941489	0.285714	0.55	0.828877	0.009901	0.108911	0.009901	1	0.15873	0.164983	0.666667	0.666667	1.5	1	1	25251.2	1e+20	37876.8	97.8506	27.6493	56.1259	53.306	29.9496	71.1669	
 18000	-75813	-1225.88	-29047.1	-7635.31	0.0479841	1	0.213482	9.36848	2.02071	0.00620702	19.9049	0.368939	1891	99	305	-39441.5	71.0421f	44.8733	4	1	1	0.168317	0.108911	0.0990099	0.019802	0	0	0	0	0.863636	0.931937	0.285714	0.484127	0.809524	0.009901	0.108911	0.009901	1	0.115183	0.177852	0.666667	0.666667	1.5	1	1	25251.2	1e+20	37876.8	50.4612	2.79261	56.1259	53.306	71.0421	44.8733	
 19000	-77306.1	-1225.88	-30540.2	-7945.51	0.0509726	1	0.194707	10.2718	1.95779	0.00530072	19.9049	0.417516	1994	99	324	-39441.5	62.1023f	66.3563	4	1	1	0.0891089	0.108911	0.0990099	0.019802	0	0	0	0	0.936364	0.915	0.295567	0.475248	0.80198	0.009901	0.108911	9.90099e-09	1	0.128713	0.165644	0.666667	0.666667	1.5	1	1	25251.2	1e+20	37876.8	50.4612	2.79261	56.1259	53.306	62.1023	66.3563	
 20000	-77127.2	-1225.88	-30361.3	-7921.83	0.0512058	1	0.194707	10.2718	1.96675	0.00170024	19.9049	0.415614	1986	99	316	-39441.5	57.6937f	42.767	4	1	1	0.0891089	0.108911	0.049505	0.019802	0	0	0	0	0.9	0.925373	0.28	0.523077	0.844221	0.009901	0.0990099	9.90099e-09	1	0.155779	0.154341	0.666667	0.666667	1.5	1	1	25251.2	1e+20	37876.8	50.4612	2.79261	56.1259	53.306	57.6937	42.767	
 21000	-78680.8	-1225.88	-31914.9	-8238.51	0.0531754	1	0.192545	10.3872	2.00757	0.0018628	19.8749	0.411735	2093	99	336	-39441.5	57.7504f	58.7576	4	1	1	0.0891089	0.108911	0.049505	0.019802	0	0	0	0	0.863636	0.919431	0.195238	0.528846	0.864734	0.009901	0.0990099	9.90099e-09	1	0.166667	0.202985	0.666667	0.666667	1.5	1	1	25251.2	1e+20	37876.8	50.4612	2.79261	56.1259	53.306	57.7504	58.7576	
 22000	-81516	-1225.88	-34750.1	-8850.76	0.0577519	1	0.204395	9.78499	2.31454	0.0237321	19.8749	0.336423	2305	99	362	-39441.5	36.0381f	91.1273	4	1	1	0.0891089	0.108911	0.049505	0.019802	0	0	0	0	0.845455	0.935065	0.238095	0.495496	0.843478	0.009901	0.0990099	9.90099e-09	1	0.0952381	0.126761	0.666667	0.666667	1.5	1	1	25251.2	1e+20	37876.8	50.4612	2.79261	24.3534	47.0634	36.0381	91.1273	
 23000	-82087.1	-1225.88	-35321.3	-9023.1	0.060489	1	0.195371	10.2369	2.3172	0.00164253	19.8749	0.351557	2366	99	344	-39441.5	41.632f	43.8906	4	1	1	0.0891089	0.108911	0.049505	0.019802	0	0	0	0	0.836364	0.949791	0.308017	0.514286	0.831224	0.009901	0.0990099	9.90099e-09	1	0.118143	0.171014	0.666667	0.666667	1.5	1	1	25251.2	1e+20	37876.8	50.4612	2.79261	24.3534	47.0634	41.632	43.8906	
 24000	-83784.1	-1225.88	-37018.2	-9338.3	0.0627496	1	0.186741	10.71	2.29762	0.0146729	19.8749	0.370939	2479	99	372	-39441.5	16.7842f	44.3816	4	1	1	0.0891089	0.0891089	0.049505	0.019802	0	0	0	0	0.854545	0.919679	0.229839	0.495575	0.850806	0.009901	0.0990099	9.90099e-09	1	0.141129	0.142105	0.666667	0.666667	1.5	1	1	25251.2	1e+20	37876.8	50.4612	2.79261	24.3534	47.0634	16.7842	44.3816	
 25000	-84850.8	-1225.88	-38084.9	-9541.84	0.0618202	1	0.176937	11.3034	2.14476	0.00478701	19.8749	0.419395	2552	99	388	-39441.5	33.7167f	60.1308	4	1	1	0.108911	0.0891089	0.049505	0.019802	0	0	0	0	0.909091	0.976471	0.311024	0.546218	0.865613	0.009901	0.0990099	9.90099e-09	1	0.136719	0.123656	0.666667	0.666667	1.5	1	1	25251.2	1e+20	37876.8	50.4612	2.79261	24.3534	47.0634	33.7167	60.1308	
 26000	-86609.4	-1225.88	-39843.5	-9916.52	0.0669973	1	0.180368	11.0885	2.36943	0.00936227	19.8749	0.372407	2691	99	398	-39441.5	27.7135f	65.3586	4	1	1	0.108911	0.0891089	0.049505	0.019802	0	0	0	0	0.909091	0.947368	0.307407	0.566667	0.833333	0.009901	0.0891089	9.90099e-09	1	0.12963	0.135417	0.666667	0.666667	1.5	1	1	25251.2	1e+20	37876.8	50.4612	2.79261	24.3534	47.0634	27.7135	65.3586	
 27000	-84504.5	-1225.88	-37738.6	-9517.39	0.0639974	1	0.195346	10.2383	2.38412	0.0153803	19.7373	0.341733	2544	99	369	-39441.5	28.6561f	23.1863	4	1	1	0.108911	0.0891089	0.049505	0.019802	0	0	0	0	0.881818	0.934109	0.261719	0.428571	0.851563	0.009901	0.0891089	9.90099e-09	1	0.117188	0.169312	0.666667	0.666667	1.5	1	1	25251.2	1e+20	37876.8	64.839	15.1602	24.3534	47.0634	28.6561	23.1863	
 28000	-84727.9	-1225.88	-37962.1	-9512.05	0.0653111	1	0.195346	10.2383	2.43306	0.0169307	19.7373	0.33486	2542	99	389	-39441.5	19.1347f	31.2869	4	1	1	0.108911	0.0891089	0.019802	0.019802	0	0	0	0	0.881818	0.913386	0.26087	0.53271	0.816733	0.009901	0.0891089	9.90099e-09	1	0.168627	0.165266	0.666667	0.666667	1.5	1	1	25251.2	1e+20	37876.8	69.7353	13.9888	24.3534	47.0634	19.1347	31.2869	
 29000	-85549.6	-1225.88	-38783.7	-9803.85	0.0654609	1	0.17635	11.3411	2.20151	0.0403863	19.7373	0.409943	2649	99	349	-39441.5	0.491322f	23.6281	4	1	1	0.108911	0.0891089	0.019802	0.019802	0	0	0	0	0.854545	0.962406	0.29588	0.630631	0.85283	0.009901	0.0891089	9.90099e-09	1	0.150943	0.139276	0.666667	0.666667	1.5	1	1	25251.2	1e+20	37876.8	69.7353	13.9888	24.3534	47.0634	0.491322	23.6281	
 30000	-86973	-1225.88	-40207.1	-10071.2	0.0693163	1	0.161896	12.3536	2.1401	0.0403863	19.7373	0.459358	2749	99	364	-39441.5	0.491322f	23.6281	4	1	1	0.108911	0.118812	0.019802	0.019802	0	0	0	0	0.872727	0.945255	0.229091	0.590909	0.850909	9.90099e-09	0.0891089	9.90099e-09	1	0.105455	0.149051	0.666667	0.666667	1.5	1	1	25251.2	1e+20	37876.8	69.7353	13.9888	24.3534	47.0634	0.491322	23.6281	
 31000	-88054.7	-1225.88	-41288.8	-10279.4	0.0693163	1	0.178601	11.1981	2.36092	0.0314718	19.7373	0.377445	2827	99	382	-39441.5	0.812868f	57.072	4	1	1	0.108911	0.118812	0.019802	0.019802	0	0	0	0	0.909091	0.950355	0.28169	0.557522	0.844523	9.90099e-09	0.0891089	9.90099e-09	1	0.155477	0.171123	0.666667	0.666667	1.5	1	1	25251.2	1e+20	37876.8	69.7353	13.9888	24.3534	47.0634	0.812868	57.072	
 32000	-87060.2	-1225.88	-40294.3	-10119.2	0.0694518	1	0.168554	11.8657	2.27985	0.0100074	19.8412	0.414167	2767	99	356	-39441.5	25.0509f	38.1764	4	1	1	0.0990099	0.118812	0.019802	0.019802	0	0	0	0	0.927273	0.963899	0.248201	0.513274	0.834532	9.90099e-09	0.108911	9.90099e-09	1	0.173285	0.142466	0.666667	0.666667	1.5	1	1	25251.2	1e+20	37876.8	89.1646	31.8121	24.3534	47.0634	25.0509	38.1764	
 33000	-89499.9	-1225.88	-42734	-10524.1	0.0743787	1	0.180814	11.0611	2.59386	0.0270254	19.7931	0.339344	2921	99	410	-39441.5	8.30984f	31.0121	4	1	1	0.0990099	0.118812	0.019802	0.019802	0	0	0	0	0.872727	0.945017	0.257732	0.512	0.847222	9.90099e-09	0.108911	9.90099e-09	1	0.128472	0.158654	0.666667	0.666667	1.5	1	1	25251.2	1e+20	37876.8	89.1646	31.8121	24.3534	47.0634	8.30984	31.0121	
 34000	-90531.3	-1225.88	-43765.4	-10766	0.0787434	1	0.162756	12.2883	2.47182	0.0361547	19.7931	0.395609	3014	99	398	-39441.5	32.4255f	0.13404	4	1	1	0.0990099	0.118812	0.019802	9.90099e-09	0	0	0	0	0.9	0.940397	0.305921	0.487805	0.86	9.90099e-09	0.108911	9.90099e-09	1	0.10596	0.155131	0.666667	0.666667	1.5	1	1	25251.2	1e+20	37876.8	89.1646	31.8121	24.3534	47.0634	32.4255	0.13404	
 35000	-90676.3	-1225.88	-43910.5	-10839.7	0.0787434	1	0.162756	12.2883	2.4592	0.0368408	19.7678	0.397639	3043	99	385	-39441.5	16.3739f	8.46831	4	1	1	0.0990099	0.118812	0.029703	9.90099e-09	0	0	0	0	0.863636	0.95098	0.250814	0.491525	0.869707	9.90099e-09	0.108911	9.90099e-09	1	0.153094	0.178295	0.666667	0.666667	1.5	1	1	25251.2	1e+20	37876.8	89.1646	31.8121	24.3534	47.0634	16.3739	8.46831	
 36000	-92029.2	-1225.88	-45263.3	-11174.9	0.0791096	1	0.162756	12.2883	2.47064	0.0119611	19.7678	0.395798	3175	99	368	-39441.5	39.9769f	21.6537	4	1	1	0.0990099	0.118812	0.029703	9.90099e-09	0	0	0	0	0.863636	0.955975	0.238994	0.5625	0.870662	9.90099e-09	0.108911	9.90099e-09	1	0.122642	0.123989	0.666667	0.666667	1.5	1	1	25251.2	1e+20	37876.8	89.1646	31.8121	24.3534	47.0634	39.9769	21.6537	
 37000	-96169.1	-1225.88	-49403.2	-11933.7	0.0874007	1	0.162756	12.2883	2.65121	0.0265274	19.6244	0.36884	3482	99	415	-39441.5	29.5059f	9.70863	4	1	1	0.0891089	0.0990099	0.029703	9.90099e-09	0	0	0	0	0.863636	0.962857	0.297994	0.440945	0.879656	9.90099e-09	0.108911	9.90099e-09	1	0.0890805	0.178313	0.666667	0.666667	1.5	1	1	25251.2	1e+20	37876.8	89.1646	31.8121	19.262	21.5807	29.5059	9.70863	
 38000	-97622.2	-1225.88	-50856.3	-12151	0.0897679	1	0.162756	12.2883	2.86028	0.0243935	19.8671	0.341881	3572	99	454	-39441.5	29.0205f	12.0952	4	1	1	0.0891089	0.0990099	0.029703	9.90099e-09	0	0	0	0	0.890909	0.929972	0.26257	0.528571	0.865014	9.90099e-09	0.118812	9.90099e-09	1	0.142458	0.182819	0.666667	0.666667	1.5	1	1	25251.2	1e+20	37876.8	90.6795	48.0745	19.262	21.5807	29.0205	12.0952	
 39000	-98353.3	-1225.88	-51587.4	-12261.9	0.0897679	1	0.162756	12.2883	2.91382	0.021874	19.9595	0.335598	3618	99	468	-39441.5	43.4271f	9.58407	4	1	1	0.0891089	0.0990099	0.029703	9.90099e-09	0	0	0	0	0.854545	0.961111	0.265193	0.461538	0.874652	9.90099e-09	0.118812	9.90099e-09	1	0.129834	0.173077	0.666667	0.666667	1.5	1	1	25251.2	1e+20	37876.8	78.3782	29.2642	15.6648	6.25805	43.4271	9.58407	
 40000	-97928.5	-1225.88	-51162.6	-12213.7	0.0897679	1	0.147156	13.591	2.63453	0.0115165	19.9595	0.410524	3598	99	448	-39441.5	23.1923f	37.2765	4	1	1	0.0891089	0.0990099	0.029703	9.90099e-09	0	0	0	0	0.863636	0.963788	0.238095	0.532374	0.871866	9.90099e-09	0.118812	9.90099e-09	1	0.158774	0.139186	0.666667	0.666667	1.5	1	1	25251.2	1e+20	37876.8	78.3782	29.2642	21.5056	4.74873	23.1923	37.2765	
 41000	-99992	-1225.88	-53226.1	-12649.2	0.0953089	1	0.146302	13.6703	2.78093	0.0599552	19.9595	0.391183	3782	99	441	-39441.5	0.278881f	3.07385	4	1	1	0.0891089	0.0990099	0.0594059	9.90099e-09	0	0	0	0	0.845455	0.970899	0.245946	0.548148	0.865435	9.90099e-09	0.118812	9.90099e-09	1	0.139842	0.134529	0.666667	0.666667	1.5	1	1	25251.2	1e+20	37876.8	78.3782	29.2642	21.5056	4.74873	0.278881	3.07385	
 42000	-100956	-1225.88	-54189.9	-12754.7	0.0958769	1	0.157035	12.736	3.00272	0.0394467	19.9595	0.337527	3827	99	483	-39441.5	10.8929f	10.8404	4	1	1	0.0891089	0.0990099	0.0594059	9.90099e-09	0	0	0	0	0.9	0.932115	0.276762	0.56	0.840731	0.009901	0.118812	9.90099e-09	1	0.146214	0.161491	0.666667	0.666667	1.5	1	1	25251.2	1e+20	37876.8	78.3782	29.2642	21.5056	4.74873	10.8929	10.8404	
 43000	-102031	-1225.88	-55265.3	-13010.5	0.0957302	1	0.157035	12.736	2.99813	0.0394467	19.9595	0.338044	3936	99	467	-39441.5	10.8929f	10.8404	4	1	1	0.0891089	0.039604	0.0594059	9.90099e-09	0	0	0	0	0.809091	0.956853	0.268354	0.544218	0.890863	0.009901	0.0792079	9.90099e-09	1	0.147208	0.137214	0.666667	0.666667	1.5	1	1	25251.2	1e+20	37876.8	78.3782	29.2642	39.5021	17.9712	10.8929	10.8404	
 44000	-101040	-1225.88	-54274.3	-12773.5	0.0957302	1	0.157035	12.736	2.89249	0.0300001	19.7813	0.35039	3835	99	481	-39441.5	34.7921f	4.37026	4	1	1	0.0693069	0.039604	0.0594059	9.90099e-09	0	0	0	0	0.854545	0.940104	0.292428	0.534653	0.861619	0.009901	0.0792079	9.90099e-09	1	0.146214	0.153846	0.666667	0.666667	1.5	1	1	25251.2	1e+20	37876.8	78.3782	29.2642	39.5021	17.9712	34.7921	4.37026	
 45000	-101024	-1225.88	-54258.3	-12839.2	0.0957302	1	0.154795	12.9203	2.71734	0.024076	19.5448	0.378371	3863	99	449	-39441.5	15.3505f	24.3024	4	1	1	0.0693069	0.039604	0.0594059	9.90099e-09	0	0	0	0	0.854545	0.966146	0.253264	0.482517	0.877922	0.009901	0.0792079	9.90099e-09	1	0.143979	0.164147	0.666667	0.666667	1.5	1	1	25251.2	1e+20	37876.8	78.3782	29.2642	39.5021	17.9712	15.3505	24.3024	
 46000	-100810	-1225.88	-54044.3	-12790.7	0.100014	1	0.154795	12.9203	2.83893	0.0331399	19.5448	0.362166	3842	99	451	-39441.5	27.1434f	4.84754	4	1	1	0.0693069	0.039604	0.0594059	9.90099e-09	0	0	0	0	0.872727	0.943005	0.275325	0.546099	0.849351	0.009901	0.0792079	9.90099e-09	1	0.124675	0.146868	0.666667	0.666667	1.5	1	1	25251.2	1e+20	37876.8	78.3782	29.2642	39.5021	17.9712	27.1434	4.84754	
 47000	-102206	-1225.88	-55439.8	-13034.8	0.100014	1	0.154795	12.9203	2.87382	0.0240105	19.6046	0.357769	3948	99	469	-39441.5	7.40068f	42.5805	4	1	1	0.0693069	0.039604	0.0594059	9.90099e-09	0	0	0	0	0.827273	0.961832	0.274559	0.493056	0.879177	0.009901	0.0792079	9.90099e-09	1	0.0890585	0.169492	0.666667	0.666667	1.5	1	1	25251.2	1e+20	37876.8	78.3782	29.2642	39.5021	17.9712	7.40068	42.5805	
 48000	-102170	-1225.88	-55404.2	-13014.2	0.100753	1	0.160234	12.4818	2.99678	0.0240105	19.6046	0.331445	3939	99	478	-39441.5	7.40068f	42.5805	4	1	1	0.0693069	0.039604	0.039604	9.90099e-09	0	0	0	0	0.890909	0.95202	0.257576	0.486111	0.858586	0.009901	0.0792079	9.90099e-09	1	0.116162	0.179104	0.666667	0.666667	1.5	1	1	25251.2	1e+20	37876.8	78.3782	29.2642	39.5021	17.9712	7.40068	42.5805	
 49000	-102862	-1225.88	-56095.7	-13156.6	0.100277	1	0.160234	12.4818	2.98262	0.00783246	19.6046	0.333019	4001	99	471	-39441.5	38.7853f	28.6017	4	1	1	0.0693069	0.019802	0.039604	9.90099e-09	0	0	0	0	0.872727	0.935	0.25	0.510949	0.870324	0.009901	0.0792079	9.90099e-09	1	0.114713	0.175589	0.666667	0.666667	1.5	1	1	25251.2	1e+20	37876.8	78.3782	29.2642	39.5021	17.9712	38.7853	28.6017	
 50000	-103094	-1225.88	-56328.5	-13165.6	0.100806	1	0.160234	12.4818	2.99835	0.0448583	19.6046	0.331271	4005	99	487	-39441.5	15.7784f	1.91864	4	1	1	0.039604	0.019802	0.039604	9.90099e-09	0	0	0	0	0.881818	0.960199	0.253102	0.534247	0.841584	0.009901	0.0891089	9.90099e-09	1	0.182045	0.160164	0.666667	0.666667	1.5	1	1	25251.2	1e+20	37876.8	77.9528	3.45403	39.5021	17.9712	15.7784	1.91864	
 51000	-103634	-1225.88	-56867.7	-13280.4	0.100806	1	0.155187	12.8877	2.9261	0.0448583	19.6419	0.35049	4055	99	492	-39441.5	15.7784f	1.91864	4	1	1	0.039604	0.019802	0.039604	9.90099e-09	0	0	0	0	0.8	0.977723	0.256219	0.431507	0.87931	0.009901	0.0891089	9.90099e-09	1	0.13217	0.191667	0.666667	0.666667	1.5	1	1	25251.2	1e+20	37876.8	77.9528	3.45403	39.5021	17.9712	15.7784	1.91864	
 52000	-103751	-1225.88	-56985.1	-13353.8	0.100806	1	0.149068	13.4167	2.83303	0.0062451	19.6808	0.376863	4087	99	462	-39441.5	28.256f	51.8417	4	1	1	0.039604	0.019802	0.039604	9.90099e-09	0	0	0	0	0.9	0.951338	0.246944	0.447552	0.895377	0.009901	0.0891089	9.90099e-09	1	0.139024	0.171908	0.666667	0.666667	1.5	1	1	25251.2	1e+20	37876.8	77.9528	3.45403	39.5021	17.9712	28.256	51.8417	
 53000	-103158	-1225.88	-56391.9	-13126.6	0.100907	1	0.18402	10.8684	3.03936	0.0531368	18.9975	0.28456	3988	99	518	-39441.5	5.16531f	3.88036	4	1	1	0.039604	0.019802	0.039604	9.90099e-09	0	0	0	0	0.845455	0.9375	0.235589	0.580952	0.85213	0.009901	0.0891089	9.90099e-09	1	0.157895	0.142315	0.666667	0.666667	1.5	1	1	25251.2	1e+20	37876.8	77.9528	3.45403	39.5021	17.9712	5.16531	3.88036	
 54000	-103412	-1225.88	-56646.6	-13236.3	0.102526	1	0.172469	11.5963	2.89428	0.0349025	18.9975	0.318838	4036	99	495	-39441.5	20.5252f	7.18568	4	1	1	0.039604	0.019802	0.039604	9.90099e-09	0	0	0	0	0.863636	0.957921	0.2134	0.539216	0.863861	0.009901	0.0891089	9.90099e-09	1	0.136139	0.188912	0.666667	0.666667	1.5	1	1	25251.2	1e+20	37876.8	75.5917	26.2151	39.5021	17.9712	20.5252	7.18568	
 55000	-104203	-1225.88	-57437.5	-13382.1	0.102526	1	0.170132	11.7556	3.14952	0.0242446	19.4695	0.297023	4100	99	495	-39441.5	27.5571f	13.0917	4	1	1	0.039604	0.0990099	0.039604	9.90099e-09	0	0	0	0	0.781818	0.956204	0.209756	0.526667	0.851942	0.009901	0.0891089	9.90099e-09	1	0.150852	0.187251	0.666667	0.666667	1.5	1	1	25251.2	1e+20	37876.8	73.6354	20.9257	39.5021	17.9712	27.5571	13.0917	
 56000	-104918	-1225.88	-58151.9	-13516.5	0.102526	1	0.154622	12.9347	2.86241	0.015535	19.4695	0.359597	4159	99	497	-39441.5	52.7388f	15.7338	4	1	1	0.029703	0.0990099	0.039604	9.90099e-09	0	0	0	0	0.936364	0.961259	0.230769	0.49505	0.880779	0.009901	0.0891089	9.90099e-09	1	0.117788	0.16499	0.666667	0.666667	1.5	1	1	25251.2	1e+20	37876.8	73.6354	20.9257	39.5021	17.9712	52.7388	15.7338	
 57000	-103837	-1225.88	-57070.8	-13322.9	0.102526	1	0.150324	13.3046	2.78283	0.00211693	19.4695	0.380458	4074	99	484	-39441.5	42.1709f	40.987	4	1	1	0.029703	0.0990099	0.039604	9.90099e-09	0	0	0	0	0.809091	0.946078	0.206388	0.564626	0.848039	0.009901	0.0891089	9.90099e-09	1	0.135135	0.13843	0.666667	0.666667	1.5	1	1	25251.2	1e+20	37876.8	73.6354	20.9257	39.5021	17.9712	42.1709	40.987	
 58000	-104145	-1225.88	-57379.6	-13347.9	0.102526	1	0.160281	12.4781	2.96367	0.000556403	19.4637	0.335048	4085	99	504	-39441.5	48.2686f	45.5129	4	1	1	0.029703	0.0990099	0.039604	9.90099e-09	0	0	0	0	0.881818	0.926108	0.227384	0.557047	0.852217	0.009901	0.0891089	9.90099e-09	1	0.120098	0.173824	0.666667	0.666667	1.5	1	1	25251.2	1e+20	37876.8	73.6354	20.9257	39.5021	17.9712	48.2686	45.5129	
 59000	-104273	-1225.88	-57507.5	-13469.9	0.10555	1	0.151229	13.225	2.87876	0.00482106	19.4637	0.365577	4139	99	458	-39441.5	45.8713f	31.786	4	1	1	0.029703	0.0990099	0.039604	9.90099e-09	0	0	0	0	0.836364	0.97343	0.246377	0.510791	0.859903	0.009901	0.0891089	9.90099e-09	1	0.140097	0.163793	0.666667	0.666667	1.5	1	1	25251.2	1e+20	37876.8	73.6354	20.9257	39.5021	17.9712	45.8713	31.786	
 60000	-104661	-1225.88	-57894.7	-13566.6	0.10555	1	0.151229	13.225	2.87876	0.00561334	19.4637	0.365577	4182	99	445	-39441.5	52.1932f	29.8708	4	1	1	0.029703	0.0792079	0.019802	9.90099e-09	0	0	0	0	0.827273	0.951923	0.250597	0.496296	0.889952	0.009901	0.0891089	9.90099e-09	1	0.107399	0.15262	0.666667	0.666667	1.5	1	1	25251.2	1e+20	37876.8	73.6354	20.9257	39.5021	17.9712	52.1932	29.8708	
 61000	-104888	-1225.88	-58122.2	-13523.8	0.10555	1	0.152706	13.097	3.19726	0.00561334	19.9326	0.325976	4163	99	488	-39441.5	52.1932f	29.8708	4	1	1	0.029703	0.0792079	0.019802	9.90099e-09	0	0	0	0	0.863636	0.930288	0.231504	0.52027	0.885442	0.009901	0.0891089	9.90099e-09	1	0.11271	0.146694	0.666667	0.666667	1.5	1	1	25251.2	1e+20	37876.8	73.6354	20.9257	22.1778	18.1145	52.1932	29.8708	
 62000	-104675	-1225.88	-57909.5	-13521.6	0.105278	1	0.145556	13.7404	3.0397	0.0197639	19.9326	0.359717	4162	99	468	-39441.5	20.4312f	24.567	4	1	1	0.029703	0.0792079	0.019802	9.90099e-09	0	0	0	0	0.881818	0.953771	0.213942	0.601399	0.8523	0.009901	0.118812	9.90099e-09	1	0.122596	0.168803	0.666667	0.666667	1.5	1	1	25251.2	1e+20	37876.8	73.6354	20.9257	22.1778	18.1145	20.4312	24.567	
 63000	-105084	-1225.88	-58318	-13622.9	0.105278	1	0.144736	13.8183	3.02257	0.0258498	19.9326	0.363805	4207	99	458	-39441.5	42.6693f	6.02558	4	1	1	0.029703	0.0792079	0.019802	9.90099e-09	0	0	0	0	0.8	0.952494	0.253555	0.531034	0.890995	0.009901	0.118812	9.90099e-09	1	0.132701	0.122845	0.666667	0.666667	1.5	1	1	25251.2	1e+20	37876.8	73.6354	20.9257	22.1778	18.1145	42.6693	6.02558	
 64000	-106172	-1225.88	-59406.2	-13796.4	0.108403	1	0.144736	13.8183	3.11228	0.0258498	19.9326	0.353318	4285	99	474	-39441.5	42.6693f	6.02558	4	1	1	0.029703	0.0792079	0.019802	9.90099e-09	0	0	0	0	0.836364	0.96028	0.267606	0.569444	0.885781	0.009901	0.118812	9.90099e-09	1	0.149184	0.2	0.666667	0.666667	1.5	1	1	25251.2	1e+20	37876.8	73.6354	20.9257	22.1778	18.1145	42.6693	6.02558	
 65000	-107198	-1225.88	-60432.4	-13965.3	0.108403	1	0.148378	13.4791	3.19061	0.0283183	19.9326	0.336184	4361	99	492	-39441.5	45.5748f	3.51601	4	1	1	0.029703	0.0792079	0.019802	9.90099e-09	0	0	0	0	0.790909	0.963048	0.227586	0.517241	0.883991	0.009901	0.118812	9.90099e-09	1	0.114416	0.150826	0.666667	0.666667	1.5	1	1	25251.2	1e+20	37876.8	73.6354	20.9257	22.1778	18.1145	45.5748	3.51601	
 66000	-106566	-1225.88	-59799.9	-13869.6	0.109952	1	0.15156	13.1961	3.04346	0.0197383	19.525	0.345038	4318	99	480	-39441.5	40.3658f	12.3513	4	1	1	0.029703	0.0792079	0.019802	9.90099e-09	0	0	0	0	0.845455	0.944444	0.236111	0.570423	0.886574	0.009901	0.118812	9.90099e-09	1	0.115741	0.167742	0.666667	0.666667	1.5	1	1	25251.2	1e+20	37876.8	73.6354	20.9257	22.1778	18.1145	40.3658	12.3513	
 67000	-108157	-1225.88	-61391.4	-14085.2	0.111872	1	0.165368	12.0942	3.37872	0.00317048	19.525	0.28485	4416	99	518	-39441.5	35.5914f	45.3898	4	1	1	0.029703	0.0594059	0.019802	9.90099e-09	0	0	0	0	0.845455	0.929705	0.226244	0.519231	0.868481	0.009901	0.118812	9.90099e-09	1	0.0995475	0.183594	0.666667	0.666667	1.5	1	1	25251.2	1e+20	37876.8	73.6354	20.9257	22.1778	18.1145	35.5914	45.3898	
 68000	-108991	-1225.88	-62225.5	-14339.9	0.114314	1	0.143122	13.9741	2.98802	0.0156691	19.525	0.372162	4533	99	468	-39441.5	18.9087f	34.5346	4	1	1	0.029703	0.0594059	0.019802	9.90099e-09	0	0	0	0	0.827273	0.959911	0.231788	0.535714	0.855234	0.009901	0.118812	9.90099e-09	1	0.114537	0.174468	0.666667	0.666667	1.5	1	1	25251.2	1e+20	37876.8	73.6354	20.9257	18.5652	20.8585	18.9087	34.5346	
 69000	-109776	-1225.88	-63009.7	-14459.2	0.114314	1	0.143122	13.9741	2.98802	0.00738541	19.525	0.372162	4588	99	489	-39441.5	42.4049f	27.8587	4	1	1	0.0792079	0.0594059	0.019802	9.90099e-09	0	0	0	0	0.827273	0.956236	0.252174	0.597315	0.880174	9.90099e-09	0.118812	9.90099e-09	1	0.111111	0.177189	0.666667	0.666667	1.5	1	1	25251.2	1e+20	37876.8	73.6354	20.9257	29.2462	10.4955	42.4049	27.8587	
 70000	-110989	-1225.88	-64223.4	-14644.9	0.119151	1	0.155761	12.8402	3.38949	0.0156771	19.525	0.301458	4675	99	508	-39441.5	25.6085f	25.4104	4	1	1	0.0792079	0.0594059	0.019802	9.90099e-09	0	0	0	0	0.881818	0.952484	0.279318	0.509804	0.876333	9.90099e-09	0.118812	9.90099e-09	1	0.132196	0.188377	0.666667	0.666667	1.5	1	1	25251.2	1e+20	37876.8	73.6354	20.9257	29.2462	10.4955	25.6085	25.4104	
 71000	-111983	-1225.88	-65216.6	-14723.6	0.119151	1	0.15519	12.8874	3.50834	0.0336062	19.7121	0.292317	4712	99	555	-39441.5	24.8501f	5.66042	4	1	1	0.0792079	0.0594059	0.019802	9.90099e-09	0	0	0	0	0.836364	0.961945	0.247899	0.491071	0.864693	9.90099e-09	0.118812	9.90099e-09	1	0.128964	0.152134	0.666667	0.666667	1.5	1	1	25251.2	1e+20	37876.8	73.6354	20.9257	29.2462	10.4955	24.8501	5.66042	
 72000	-112798	-1225.88	-66031.6	-14995.9	0.1227	1	0.134468	14.8735	3.1304	0.00631304	19.7121	0.378097	4841	99	497	-39441.5	36.8808f	32.8269	4	1	1	0.0792079	0.0594059	0.019802	9.90099e-09	0	0	0	0	0.836364	0.94824	0.23444	0.441176	0.910973	9.90099e-09	0.118812	9.90099e-09	1	0.107216	0.179074	0.666667	0.666667	1.5	1	1	25251.2	1e+20	37876.8	73.6354	20.9257	29.2462	10.4955	36.8808	32.8269	
 73000	-111963	-1225.88	-65197.1	-14970.8	0.1227	1	0.127375	15.7017	2.80914	0.0164871	19.4473	0.444799	4829	99	435	-39441.5	51.3258f	14.5869	4	1	1	0.0792079	0.118812	0.019802	9.90099e-09	0	0	0	0	0.818182	0.960581	0.273486	0.549296	0.887967	9.90099e-09	0.118812	9.90099e-09	1	0.0892116	0.179724	0.666667	0.666667	1.5	1	1	25251.2	1e+20	37876.8	73.6354	20.9257	29.2462	10.4955	51.3258	14.5869	
 74000	-112849	-1225.88	-66083.3	-15174.1	0.122995	1	0.127375	15.7017	2.93605	0.0150489	19.6515	0.425572	4926	99	417	-39441.5	36.0556f	19.161	4	1	1	0.0792079	0.118812	0.019802	9.90099e-09	0	0	0	0	0.836364	0.969512	0.196356	0.545455	0.886869	9.90099e-09	0.118812	9.90099e-09	1	0.0951417	0.187215	0.666667	0.666667	1.5	1	1	25251.2	1e+20	37876.8	60.0704	17.1058	25.0662	21.8684	36.0556	19.161	
 75000	-111882	-1225.88	-65115.9	-14920.5	0.122926	1	0.1303	15.3492	2.94765	0.0310033	19.5623	0.414382	4805	99	453	-39441.5	46.807f	1.21274	4	1	1	0.0693069	0.118812	0.019802	9.90099e-09	0	0	0	0	0.9	0.956432	0.223602	0.598592	0.91358	9.90099e-09	0.039604	9.90099e-09	1	0.110187	0.16129	0.666667	0.666667	1.5	1	1	25251.2	1e+20	37876.8	60.0704	17.1058	25.0662	21.8684	46.807	1.21274	
 76000	-113594	-1225.88	-66827.9	-15151.1	0.122926	1	0.1303	15.3492	2.94765	0.000235187	19.5623	0.414382	4915	99	491	-39441.5	49.425f	51.4546	4	1	1	0.0693069	0.118812	0.019802	9.90099e-09	0	0	0	0	0.872727	0.963265	0.263265	0.54902	0.890244	9.90099e-09	0.039604	9.90099e-09	1	0.113821	0.165254	0.666667	0.666667	1.5	1	1	25251.2	1e+20	37876.8	60.0704	17.1058	25.0662	21.8684	49.425	51.4546	
 77000	-114685	-1225.88	-67919.6	-15332.6	0.123692	1	0.130808	15.2896	2.91106	0.000235187	19.4521	0.41796	5002	99	502	-39441.5	49.425f	51.4546	4	1	1	0.0693069	0.118812	0.019802	9.90099e-09	0	0	0	0	0.845455	0.976238	0.227545	0.514563	0.868526	9.90099e-09	0.039604	9.90099e-09	1	0.106931	0.1917	0.666667	0.666667	1.5	1	1	25251.2	1e+20	37876.8	60.0704	17.1058	47.7129	41.2986	49.425	51.4546	
 78000	-113953	-1225.88	-67187	-15192.5	0.126449	1	0.139293	14.3582	3.16899	0.00553862	19.4521	0.360554	4935	99	505	-39441.5	55.5464f	70.1178	4	1	1	0.0693069	0.118812	0.049505	9.90099e-09	0	0	0	0	0.827273	0.961694	0.294949	0.576389	0.846774	9.90099e-09	0.039604	9.90099e-09	1	0.117172	0.186047	0.666667	0.666667	1.5	1	1	25251.2	1e+20	37876.8	60.0704	17.1058	47.7129	41.2986	55.5464	70.1178	
 79000	-114637	-1225.88	-67870.8	-15291.8	0.126449	1	0.132009	15.1505	3.00327	0.0137973	19.4521	0.401442	4983	99	520	-39441.5	24.0343f	30.4812	4	1	1	0.0693069	0.0693069	0.049505	9.90099e-09	0	0	0	0	0.854545	0.955912	0.258517	0.559211	0.87976	9.90099e-09	0.039604	9.90099e-09	1	0.140281	0.192157	0.666667	0.666667	1.5	1	1	25251.2	1e+20	37876.8	74.7922	13.2067	31.8451	44.4073	24.0343	30.4812	
 80000	-113246	-1225.88	-66480.2	-15121.5	0.123744	1	0.132009	15.1505	2.80798	0.00140648	19.2316	0.429362	4901	99	479	-39441.5	55.6026f	42.473	4	1	1	0.0693069	0.0693069	0.049505	9.90099e-09	0	0	0	0	0.836364	0.961382	0.238776	0.534247	0.9	9.90099e-09	0.039604	9.90099e-09	1	0.0959184	0.164211	0.666667	0.666667	1.5	1	1	25251.2	1e+20	37876.8	74.7922	13.2067	31.8451	44.4073	55.6026	42.473	
 81000	-114751	-1225.88	-67984.8	-15337.3	0.127767	1	0.132009	15.1505	2.89928	0.00458803	19.2316	0.415841	5005	99	511	-39441.5	68.5094f	52.0642	4	1	1	0.0693069	0.0693069	0.049505	9.90099e-09	0	0	0	0	0.836364	0.958	0.254	0.553333	0.892929	9.90099e-09	0.0693069	9.90099e-09	1	0.106	0.17119	0.666667	0.666667	1.5	1	1	25251.2	1e+20	37876.8	43.719	2.75322	61.3149	52.9451	68.5094	52.0642	
 82000	-116018	-1225.88	-69251.7	-15594.5	0.127767	1	0.132009	15.1505	2.92625	0.00376288	19.2761	0.412008	5130	99	494	-39441.5	62.4055f	61.6241	4	1	1	0.0792079	0.0693069	0.049505	9.90099e-09	0	0	0	0	0.845455	0.978431	0.195313	0.613861	0.886719	9.90099e-09	0.0693069	9.90099e-09	1	0.0875486	0.155136	0.666667	0.666667	1.5	1	1	25251.2	1e+20	37876.8	43.719	2.75322	86.4992	33.8556	62.4055	61.6241	
 83000	-114779	-1225.88	-68013.3	-15366.3	0.12618	1	0.132009	15.1505	2.88989	0.00151878	19.2761	0.417192	5019	99	496	-39441.5	56.036f	58.5425	4	1	1	0.0792079	0.0693069	0.049505	9.90099e-09	0	0	0	0	0.872727	0.974206	0.255489	0.54902	0.884232	9.90099e-09	0.0693069	9.90099e-09	1	0.125498	0.180657	0.666667	0.666667	1.5	1	1	25251.2	1e+20	37876.8	43.719	2.75322	86.4992	33.8556	56.036	58.5425	
 84000	-115278	-1225.88	-68512.2	-15427.9	0.127281	1	0.135607	14.7485	2.99456	0.0317666	19.2761	0.391927	5049	99	510	-39441.5	84.2651f	14.116	4	1	1	0.0792079	0.0693069	0.049505	9.90099e-09	0	0	0	0	0.809091	0.966732	0.247036	0.518868	0.858824	9.90099e-09	0.0693069	9.90099e-09	1	0.114851	0.160079	0.666667	0.666667	1.5	1	1	25251.2	1e+20	37876.8	46.392	10.4538	86.4992	33.8556	84.2651	14.116	
 85000	-116048	-1225.88	-69281.7	-15546	0.126563	1	0.136273	14.6764	3.12547	0.0322802	19.4871	0.373676	5106	99	524	-39441.5	74.7338f	6.59059	4	1	1	0.0792079	0.0693069	0.049505	9.90099e-09	0	0	0	0	0.827273	0.964427	0.216797	0.537037	0.882813	9.90099e-09	0.0693069	9.90099e-09	1	0.105159	0.152985	0.666667	0.666667	1.5	1	1	25251.2	1e+20	37876.8	46.392	10.4538	86.4992	33.8556	74.7338	6.59059	
 86000	-118482	-1225.88	-71716.1	-15865.3	0.133805	1	0.161434	12.389	3.62756	0.024938	19.1198	0.271776	5264	99	583	-39441.5	87.8015f	27.5349	4	1	1	0.0792079	0.0693069	0.049505	9.90099e-09	0	0	0	0	0.863636	0.94896	0.261364	0.418803	0.875236	9.90099e-09	0.0693069	9.90099e-09	1	0.127135	0.198971	0.666667	0.666667	1.5	1	1	25251.2	1e+20	37876.8	47.0227	13.9937	92.4468	10.8985	87.8015	27.5349	
 87000	-122138	-1225.88	-75371.7	-16378.8	0.139261	1	0.174055	11.4906	4.07066	0.0278906	19.1198	0.224631	5522	99	657	-39441.5	55.122f	3.94574	4	1	1	0.0792079	0.039604	0.049505	9.90099e-09	0	0	0	0	0.881818	0.94575	0.227848	0.468254	0.849638	9.90099e-09	0.0693069	9.90099e-09	1	0.117541	0.175038	0.666667	0.666667	1.5	1	1	25251.2	1e+20	37876.8	47.0227	13.9937	92.4468	10.8985	55.122	3.94574	
 88000	-123187	-1225.88	-76421.5	-16584.8	0.140395	1	0.177454	11.2705	3.70622	0.00919932	18.549	0.241993	5627	99	638	-39441.5	61.0686f	26.1726	4	1	1	0.0792079	0.039604	0.049505	9.90099e-09	0	0	0	0	0.836364	0.950266	0.239787	0.492188	0.882143	9.90099e-09	0.0693069	9.90099e-09	1	0.134409	0.145768	0.666667	0.666667	1.5	1	1	25251.2	1e+20	37876.8	47.0227	13.9937	57.3807	41.2828	61.0686	26.1726	
 89000	-121242	-1225.88	-74475.8	-16242.2	0.141571	1	0.17035	11.7405	4.51883	0.0249701	19.6505	0.206753	5452	99	637	-39441.5	79.2755f	83.5017	4	1	1	0.0792079	0.039604	0.049505	9.90099e-09	0	0	0	0	0.945455	0.959781	0.229927	0.507692	0.873857	9.90099e-09	0.0693069	9.90099e-09	1	0.1337	0.193093	0.666667	0.666667	1.5	1	1	25251.2	1e+20	37876.8	47.0227	13.9937	57.3807	41.2828	79.2755	83.5017	
 90000	-119146	-1225.88	-72380.1	-15917.6	0.134545	1	0.17035	11.7405	4.29456	0.0152645	19.6505	0.21755	5290	99	612	-39441.5	76.0314f	72.9759	4	1	1	0.0792079	0.039604	0.049505	0.009901	0	0	0	0	0.872727	0.938318	0.240076	0.480315	0.847458	9.90099e-09	0.0693069	9.90099e-09	1	0.137996	0.207668	0.666667	0.666667	1.5	1	1	25251.2	1e+20	37876.8	47.0227	13.9937	67.1289	80.6213	76.0314	72.9759	
 91000	-119503	-1225.88	-72736.9	-15919.6	0.134545	1	0.166342	12.0234	4.19353	0.00199688	19.6505	0.228159	5291	99	644	-39441.5	48.539f	62.1476	4	1	1	0.0792079	0.039604	0.0693069	0.009901	0	0	0	0	0.845455	0.943609	0.257089	0.424	0.867784	9.90099e-09	0.0693069	9.90099e-09	1	0.150659	0.164596	0.666667	0.666667	1.5	1	1	25251.2	1e+20	37876.8	93.763	24.2574	67.1289	80.6213	48.539	62.1476	
 92000	-117959	-1225.88	-71193	-15719.1	0.134545	1	0.166342	12.0234	4.00267	0.0117296	19.423	0.239039	5191	99	607	-39441.5	36.4116f	77.2799	4	1	1	0.0792079	0.039604	0.0693069	0.009901	0	0	0	0	0.881818	0.944551	0.255769	0.512	0.869231	9.90099e-09	0.0693069	9.90099e-09	1	0.136538	0.172303	0.666667	0.666667	1.5	1	1	25251.2	1e+20	37876.8	93.763	24.2574	67.1289	80.6213	36.4116	77.2799	
 93000	-119101	-1225.88	-72335.1	-15955.7	0.134499	1	0.166342	12.0234	4.00128	0.0160957	19.423	0.239122	5309	99	589	-39441.5	77.6694f	72.4757	4	1	1	0.0792079	0.0693069	0.0693069	0.009901	0	0	0	0	0.827273	0.958412	0.232514	0.5	0.857955	9.90099e-09	0.0792079	9.90099e-09	1	0.142857	0.148515	0.666667	0.666667	1.5	1	1	25251.2	1e+20	37876.8	90.8661	25.5828	67.1289	80.6213	77.6694	72.4757	
 94000	-118536	-1225.88	-71770.2	-15782.7	0.133139	1	0.159387	12.5481	3.7952	0.0186494	19.423	0.263108	5223	99	628	-39441.5	85.9971f	63.0117	4	1	1	0.0792079	0.0693069	0.0693069	0.009901	0	0	0	0	0.872727	0.96	0.216061	0.467742	0.859615	9.90099e-09	0.0792079	9.90099e-09	1	0.126195	0.128326	0.666667	0.666667	1.5	1	1	25251.2	1e+20	37876.8	90.8661	25.5828	67.1289	80.6213	85.9971	63.0117	
 95000	-119081	-1225.88	-72314.9	-15928.2	0.136273	1	0.159387	12.5481	4.33441	0.0166139	19.9625	0.230376	5295	99	597	-39441.5	47.9441f	86.2941	4	1	1	0.0693069	0.0693069	0.0693069	0.009901	0	0	0	0	0.781818	0.939279	0.281664	0.389831	0.873585	9.90099e-09	0.0792079	9.90099e-09	1	0.132827	0.137353	0.666667	0.666667	1.5	1	1	25251.2	1e+20	37876.8	90.8661	25.5828	67.1289	80.6213	47.9441	86.2941	
 96000	-118940	-1225.88	-72174.2	-15864.5	0.136273	1	0.171014	11.695	4.41961	0.028322	19.7099	0.210574	5263	99	615	-39441.5	60.2306f	96.3527	4	1	1	0.0693069	0.0693069	0.0693069	0.009901	0	0	0	0	0.827273	0.956604	0.244318	0.546154	0.868668	9.90099e-09	0.0792079	9.90099e-09	1	0.143939	0.154472	0.666667	0.666667	1.5	1	1	25251.2	1e+20	37876.8	90.8661	25.5828	67.1289	80.6213	60.2306	96.3527	
 97000	-120398	-1225.88	-73632.6	-16143.4	0.137055	1	0.171014	11.695	4.44499	0.0245298	19.7099	0.209372	5403	99	613	-39441.5	80.2927f	82.0299	4	1	1	0.0693069	0.0693069	0.039604	0.009901	0	0	0	0	0.845455	0.929499	0.214815	0.507576	0.868762	9.90099e-09	0.0792079	9.90099e-09	1	0.101852	0.18949	0.666667	0.666667	1.5	1	1	25251.2	1e+20	37876.8	90.8661	25.5828	67.1289	80.6213	80.2927	82.0299	
 98000	-122358	-1225.88	-75592.2	-16363.2	0.138548	1	0.171014	11.695	4.49339	0.00467457	19.7099	0.207117	5514	99	676	-39441.5	52.3704f	68.9932	4	1	1	0.0693069	0.0693069	0.039604	0.009901	0	0	0	0	0.881818	0.939781	0.227273	0.492424	0.861566	9.90099e-09	0.0792079	9.90099e-09	1	0.144928	0.153014	0.666667	0.666667	1.5	1	1	25251.2	1e+20	37876.8	90.8661	25.5828	67.1289	80.6213	52.3704	68.9932	
 99000	-121497	-1225.88	-74731.3	-16262.4	0.13835	1	0.171014	11.695	4.07934	0.0146665	19.2461	0.228139	5463	99	649	-39441.5	50.1358f	84.1504	4	1	1	0.0693069	0.0693069	0.039604	0.009901	0	0	0	0	0.836364	0.944853	0.210238	0.518797	0.85192	9.90099e-09	0.0792079	9.90099e-09	1	0.139194	0.157576	0.666667	0.666667	1.5	1	1	25251.2	1e+20	37876.8	90.8661	25.5828	67.1289	80.6213	50.1358	84.1504	
100000	-119847	-1225.88	-73081	-16166.6	0.134312	1	0.15458	12.9383	3.5797	0.0209474	19.2461	0.287621	5414	99	551	-39441.5	78.8683f	78.7226	4	1	1	0.0693069	0.049505	0.039604	0.009901	0	0	0	0	0.827273	0.97048	0.281536	0.432432	0.838889	9.90099e-09	0.158416	9.90099e-09	1	0.110701	0.176044	0.666667	0.666667	1.5	1	1	25251.2	1e+20	37876.8	78.4064	18.1217	67.1289	80.6213	78.8683	78.7226	
101000	-122006	-1225.88	-75240.1	-16451.4	0.140141	1	0.15458	12.9383	4.28539	0.0222315	19.9189	0.240257	5559	99	599	-39441.5	87.5778f	68.4345	4	1	1	0.0693069	0.049505	0.039604	0.009901	0	0	0	0	0.863636	0.953237	0.255515	0.470588	0.863309	9.90099e-09	0.158416	9.90099e-09	1	0.151079	0.165584	0.666667	0.666667	1.5	1	1	25251.2	1e+20	37876.8	78.4064	18.1217	67.1289	80.6213	87.5778	68.4345	
102000	-123189	-1225.88	-76422.9	-16685.4	0.142564	1	0.143322	13.9546	4.04198	0.0222021	19.9189	0.274735	5679	99	579	-39441.5	81.2258f	77.9602	4	1	1	0.0792079	0.049505	0.039604	9.90099e-09	0	0	0	0	0.845455	0.940035	0.250441	0.578947	0.852113	9.90099e-09	0.158416	9.90099e-09	1	0.117958	0.152397	0.666667	0.666667	1.5	1	1	25251.2	1e+20	37876.8	72.2491	20.6654	67.1289	80.6213	81.2258	77.9602	
103000	-123869	-1225.88	-77102.9	-16786.7	0.142564	1	0.143322	13.9546	4.04198	0.0109057	19.9189	0.274735	5731	99	585	-39441.5	62.2865f	76.7062	4	1	1	0.0792079	0.049505	0.039604	9.90099e-09	0	0	0	0	0.845455	0.943958	0.252613	0.543103	0.89547	9.90099e-09	0.158416	9.90099e-09	1	0.137631	0.17801	0.666667	0.666667	1.5	1	1	25251.2	1e+20	37876.8	72.2491	20.6654	67.1289	80.6213	62.2865	76.7062	
104000	-122919	-1225.88	-76153	-16621.1	0.142652	1	0.143322	13.9546	3.82944	0.0101067	19.6487	0.289983	5646	99	592	-39441.5	58.5131f	76.9962	4	1	1	0.0792079	0.049505	0.029703	9.90099e-09	0	0	0	0	0.9	0.938596	0.267257	0.547619	0.8669	9.90099e-09	0.158416	9.90099e-09	1	0.127208	0.166124	0.666667	0.666667	1.5	1	1	25251.2	1e+20	37876.8	72.2491	20.6654	67.1289	80.6213	58.5131	76.9962	
105000	-122670	-1225.88	-75904	-16568.5	0.142652	1	0.136606	14.6406	3.65001	0.00867971	19.6487	0.319194	5619	99	589	-39441.5	56.405f	75.4243	4	1	1	0.0792079	0.049505	0.029703	9.90099e-09	0	0	0	0	0.863636	0.957143	0.252669	0.541667	0.900356	9.90099e-09	0.158416	9.90099e-09	1	0.120996	0.144578	0.666667	0.666667	1.5	1	1	25251.2	1e+20	37876.8	72.2491	20.6654	39.2571	85.4944	56.405	75.4243	
106000	-123109	-1225.88	-76343.2	-16656.2	0.142652	1	0.136606	14.6406	3.85165	0.0184673	19.9146	0.302484	5664	99	585	-39441.5	70.096f	82.5825	4	1	1	0.0792079	0.0594059	0.029703	9.90099e-09	0	0	0	0	0.818182	0.962898	0.255732	0.508621	0.902998	9.90099e-09	0.0693069	9.90099e-09	1	0.125442	0.188034	0.666667	0.666667	1.5	1	1	25251.2	1e+20	37876.8	72.2491	20.6654	39.2571	85.4944	70.096	82.5825	
107000	-123410	-1225.88	-76644.4	-16714.3	0.143624	1	0.136606	14.6406	3.87789	0.000531451	19.9146	0.300437	5694	99	580	-39441.5	48.0874f	54.9864	4	1	1	0.0792079	0.0594059	0.029703	9.90099e-09	0	0	0	0	0.809091	0.947183	0.230228	0.529915	0.887719	9.90099e-09	0.0693069	9.90099e-09	1	0.131579	0.166375	0.666667	0.666667	1.5	1	1	25251.2	1e+20	37876.8	72.2491	20.6654	39.2571	85.4944	48.0874	54.9864	
108000	-123550	-1225.88	-76784.2	-16811.3	0.143624	1	0.127769	15.6533	3.46601	0.0260105	19.6898	0.35939	5744	99	545	-39441.5	47.9329f	95.4484	4	1	1	0.039604	0.0594059	0.029703	9.90099e-09	0	0	0	0	0.863636	0.972125	0.22087	0.581197	0.881533	9.90099e-09	0.0693069	9.90099e-09	1	0.121739	0.171986	0.666667	0.666667	1.5	1	1	25251.2	1e+20	37876.8	72.2491	20.6654	39.2571	85.4944	47.9329	95.4484	
109000	-123950	-1225.88	-77184.2	-16868.6	0.147541	1	0.132098	15.1403	3.66835	0.0279409	19.6727	0.328438	5774	99	545	-39441.5	31.9259f	93.5137	4	1	1	0.039604	0.0594059	0.029703	9.90099e-09	0	0	0	0	0.836364	0.956822	0.247834	0.471698	0.87175	9.90099e-09	0.0693069	9.90099e-09	1	0.0916955	0.173042	0.666667	0.666667	1.5	1	1	25251.2	1e+20	37876.8	72.2491	20.6654	39.2571	85.4944	31.9259	93.5137	
110000	-125148	-1225.88	-78382.5	-17100	0.151019	1	0.127881	15.6395	3.63498	0.0398179	19.6727	0.342381	5895	99	538	-39441.5	20.4996f	97.8516	4	1	1	0.039604	0.0594059	0.049505	9.90099e-09	0	0	0	0	0.872727	0.959253	0.274576	0.548673	0.869932	9.90099e-09	0.0693069	9.90099e-09	1	0.0915254	0.15	0.666667	0.666667	1.5	1	1	25251.2	1e+20	37876.8	72.2491	20.6654	5.49692	97.3624	20.4996	97.8516	
111000	-125091	-1225.88	-78324.7	-17086.4	0.149294	1	0.120903	16.5422	3.39738	0.0296279	19.6727	0.387471	5888	99	541	-39441.5	19.2431f	87.4448	4	1	1	0.039604	0.0594059	0.049505	9.90099e-09	0	0	0	0	0.854545	0.973244	0.227045	0.607477	0.896321	9.90099e-09	0.0693069	9.90099e-09	1	0.132107	0.138783	0.666667	0.666667	1.5	1	1	25251.2	1e+20	37876.8	72.2491	20.6654	5.49692	97.3624	19.2431	87.4448	
112000	-127358	-1225.88	-80592.1	-17429	0.150999	1	0.123898	16.1424	3.52129	0.0251178	19.6727	0.364801	6069	99	559	-39441.5	6.57235f	59.1653	4	1	1	0.039604	0.039604	0.049505	9.90099e-09	0	0	0	0	0.827273	0.97541	0.258649	0.607143	0.899836	9.90099e-09	0.0693069	9.90099e-09	1	0.105437	0.160813	0.666667	0.666667	1.5	1	1	25251.2	1e+20	37876.8	72.2491	20.6654	5.49692	97.3624	6.57235	59.1653	
113000	-125575	-1225.88	-78809	-17139.7	0.149224	1	0.125254	15.9675	3.58922	0.0362709	19.7715	0.35402	5916	99	553	-39441.5	12.5403f	88.3325	4	1	1	0.039604	0.039604	0.049505	9.90099e-09	0	0	0	0	0.9	0.969543	0.266553	0.565217	0.911414	9.90099e-09	0.0693069	9.90099e-09	1	0.119932	0.151986	0.666667	0.666667	1.5	1	1	25251.2	1e+20	37876.8	72.2491	20.6654	5.49692	97.3624	12.5403	88.3325	
114000	-124658	-1225.88	-77892	-16964.4	0.147067	1	0.125254	15.9675	3.53735	0.0174119	19.7715	0.359211	5824	99	555	-39441.5	16.8485f	66.4016	4	1	1	0.0693069	0.039604	0.049505	9.90099e-09	0	0	0	0	0.890909	0.955326	0.248288	0.535714	0.893287	9.90099e-09	0.128713	9.90099e-09	1	0.106346	0.150735	0.666667	0.666667	1.5	1	1	25251.2	1e+20	37876.8	72.2491	20.6654	5.49692	97.3624	16.8485	66.4016	
115000	-124736	-1225.88	-77970.5	-16937.8	0.148623	1	0.129819	15.4061	3.70504	0.00540564	19.7715	0.330895	5810	99	579	-39441.5	32.0033f	59.6039	4	1	1	0.0693069	0.039604	0.049505	9.90099e-09	0	0	0	0	0.818182	0.976027	0.266323	0.470588	0.899145	9.90099e-09	0.128713	9.90099e-09	1	0.11512	0.144054	0.666667	0.666667	1.5	1	1	25251.2	1e+20	37876.8	72.2491	20.6654	5.49692	97.3624	32.0033	59.6039	
116000	-124565	-1225.88	-77798.7	-17073.2	0.148201	1	0.12332	16.218	2.8472	0.0359953	18.7643	0.453284	5881	99	498	-39441.5	12.7762f	88.2782	4	1	1	0.0693069	0.039604	0.029703	9.90099e-09	0	0	0	0	0.827273	0.955631	0.230241	0.5	0.906621	9.90099e-09	0.128713	9.90099e-09	1	0.134021	0.184739	0.666667	0.666667	1.5	1	1	25251.2	1e+20	37876.8	78.7017	14.4315	5.49692	97.3624	12.7762	88.2782	
117000	-125344	-1225.88	-78578.3	-17100.8	0.146591	1	0.130122	15.3702	3.31296	0.0488943	19.2813	0.369193	5895	99	556	-39441.5	2.3731f	90.0133	4	1	1	0.0693069	0.039604	0.029703	9.90099e-09	0	0	0	0	0.881818	0.96633	0.258446	0.451327	0.905405	9.90099e-09	0.128713	9.90099e-09	1	0.10473	0.142602	0.666667	0.666667	1.5	1	1	25251.2	1e+20	37876.8	60.8492	20.6272	5.49692	97.3624	2.3731	90.0133	
118000	-126297	-1225.88	-79531	-17247.6	0.15259	1	0.12971	15.419	3.4376	0.0521272	19.2813	0.356937	5973	99	564	-39441.5	4.25481f	95.1199	4	1	1	0.0693069	0.039604	0.029703	9.90099e-09	0	0	0	0	0.8	0.961409	0.235294	0.5	0.904682	0.009901	0.128713	9.90099e-09	1	0.10906	0.16451	0.666667	0.666667	1.5	1	1	25251.2	1e+20	37876.8	85.9199	17.8832	5.49692	97.3624	4.25481	95.1199	
119000	-126957	-1225.88	-80191.3	-17371.7	0.15259	1	0.130891	15.2798	3.68357	0.0176432	19.5729	0.330096	6039	99	556	-39441.5	29.3193f	81.1517	4	1	1	0.0693069	0.0990099	0.029703	9.90099e-09	0	0	0	0	0.863636	0.956739	0.207987	0.564103	0.889447	0.009901	0.128713	9.90099e-09	1	0.112583	0.159052	0.666667	0.666667	1.5	1	1	25251.2	1e+20	37876.8	85.9199	17.8832	5.49692	97.3624	29.3193	81.1517	
120000	-125968	-1225.88	-79201.7	-17140.5	0.15259	1	0.130891	15.2798	3.77072	0.0203631	19.6877	0.322467	5916	99	585	-39441.5	19.3423f	75.8527	4	1	1	0.0693069	0.0990099	0.029703	9.90099e-09	0	0	0	0	0.872727	0.952941	0.219064	0.446281	0.87813	0.009901	0.0990099	9.90099e-09	1	0.119932	0.121528	0.666667	0.666667	1.5	1	1	25251.2	1e+20	37876.8	85.9199	17.8832	5.49692	97.3624	19.3423	75.8527	
121000	-128069	-1225.88	-81302.9	-17501.5	0.152485	1	0.129957	15.3897	3.74123	0.0415187	19.6877	0.327346	6108	99	586	-39441.5	11.37f	92.3959	4	1	1	0.0792079	0.0990099	0.029703	9.90099e-09	0	0	0	0	0.827273	0.972131	0.246305	0.533333	0.863711	0.009901	0.0990099	9.90099e-09	1	0.10311	0.14433	0.666667	0.666667	1.5	1	1	25251.2	1e+20	37876.8	70.1766	38.7744	5.49692	97.3624	11.37	92.3959	
122000	-127222	-1225.88	-80456.2	-17398	0.15416	1	0.129957	15.3897	3.78233	0.0482076	19.6877	0.323789	6053	99	561	-39441.5	0.131496f	86.407	4	1	1	0.0792079	0.0990099	0.049505	9.90099e-09	0	0	0	0	0.854545	0.953795	0.242574	0.613445	0.899007	0.009901	0.0990099	9.90099e-09	1	0.118812	0.144385	0.666667	0.666667	1.5	1	1	25251.2	1e+20	37876.8	70.1766	38.7744	5.49692	97.3624	0.131496	86.407	
123000	-129149	-1225.88	-82383.4	-17635.4	0.15416	1	0.129957	15.3897	3.76238	0.0214557	19.6617	0.325505	6180	99	604	-39441.5	10.0026f	59.0157	4	1	1	0.0792079	0.0990099	0.049505	9.90099e-09	0	0	0	0	0.845455	0.967742	0.277868	0.56	0.901454	0.009901	0.0990099	9.90099e-09	1	0.129032	0.154905	0.666667	0.666667	1.5	1	1	25251.2	1e+20	37876.8	70.1766	38.7744	5.49692	97.3624	10.0026	59.0157	
124000	-127502	-1225.88	-80735.9	-17442.9	0.15416	1	0.129957	15.3897	3.33457	0.0461696	19.0772	0.367266	6077	99	571	-39441.5	3.76212f	88.9321	4	1	1	0.0792079	0.0990099	0.049505	9.90099e-09	0	0	0	0	0.845455	0.963696	0.267327	0.517241	0.902961	0.009901	0.0990099	9.90099e-09	1	0.122112	0.154412	0.666667	0.666667	1.5	1	1	25251.2	1e+20	37876.8	70.1766	38.7744	5.49692	97.3624	3.76212	88.9321	
125000	-128821	-1225.88	-82054.9	-17701.3	0.157942	1	0.12601	15.8718	3.57304	0.0517919	19.4416	0.353491	6216	99	548	-39441.5	9.15201f	99.3646	4	1	1	0.0792079	0.0990099	0.049505	9.90099e-09	0	0	0	0	0.845455	0.955056	0.246377	0.495496	0.906752	0.009901	0.0990099	9.90099e-09	1	0.0930979	0.158759	0.666667	0.666667	1.5	1	1	25251.2	1e+20	37876.8	70.1766	38.7744	5.49692	97.3624	9.15201	99.3646	
126000	-130550	-1225.88	-83784.2	-17917.2	0.157942	1	0.12601	15.8718	3.57947	0.0191351	19.4503	0.352856	6333	99	582	-39441.5	12.9036f	61.1176	4	1	1	0.0792079	0.019802	0.049505	9.90099e-09	0	0	0	0	0.863636	0.947619	0.245669	0.541667	0.877778	0.009901	0.0693069	9.90099e-09	1	0.0976378	0.145763	0.666667	0.666667	1.5	1	1	25251.2	1e+20	37876.8	70.1766	38.7744	31.3073	77.7657	12.9036	61.1176	
127000	-130308	-1225.88	-83541.8	-17843.5	0.157544	1	0.142348	14.0501	4.03337	0.0131934	19.4503	0.277204	6293	99	600	-39441.5	18.9001f	57.8406	4	1	1	0.039604	0.019802	0.049505	9.90099e-09	0	0	0	0	0.836364	0.963317	0.22381	0.504132	0.871429	0.009901	0.0693069	9.90099e-09	1	0.104762	0.145763	0.666667	0.666667	1.5	1	1	25251.2	1e+20	37876.8	70.1766	38.7744	31.3073	77.7657	18.9001	57.8406	
128000	-131527	-1225.88	-84761.3	-18094.8	0.163133	1	0.115453	17.3231	3.49191	0.0273374	19.5987	0.394778	6431	99	572	-39441.5	15.7355f	81.4419	4	1	1	0.039604	0.019802	0.049505	9.90099e-09	0	0	0	0	0.8	0.972093	0.234472	0.486957	0.891473	0.009901	0.0693069	9.90099e-09	1	0.106977	0.153982	0.666667	0.666667	1.5	1	1	25251.2	1e+20	37876.8	68.0872	8.69585	31.3073	77.7657	15.7355	81.4419	
129000	-131493	-1225.88	-84727.2	-18040.5	0.161311	1	0.127758	15.6546	3.88563	0.00806314	19.6811	0.320604	6401	99	595	-39441.5	41.9737f	73.9325	4	1	1	0.039604	0.019802	0.049505	9.90099e-09	0	0	0	0	0.909091	0.973438	0.241002	0.52459	0.898596	0.009901	0.0693069	9.90099e-09	1	0.0951638	0.175468	0.666667	0.666667	1.5	1	1	25251.2	1e+20	37876.8	81.4233	12.1012	31.3073	77.7657	41.9737	73.9325	
130000	-131745	-1225.88	-84979.4	-17993	0.161311	1	0.122883	16.2757	3.87922	0.0300378	19.8653	0.333876	6375	99	644	-39441.5	11.5145f	79.8863	4	1	1	0.039604	0.019802	0.049505	9.90099e-09	0	0	0	0	0.809091	0.965463	0.233177	0.515152	0.88558	0.009901	0.0693069	9.90099e-09	1	0.111285	0.123631	0.666667	0.666667	1.5	1	1	25251.2	1e+20	37876.8	61.3886	14.2471	31.4956	75.8361	11.5145	79.8863	
131000	-131104	-1225.88	-84338.5	-17989.4	0.161311	1	0.129849	15.4025	4.09915	0.0300378	19.8653	0.299011	6373	99	592	-39441.5	11.5145f	79.8863	4	1	1	0.039604	0.019802	0.049505	9.90099e-09	0	0	0	0	0.845455	0.946792	0.229688	0.504065	0.894984	9.90099e-09	0.0693069	9.90099e-09	1	0.109718	0.14	0.666667	0.666667	1.5	1	1	25251.2	1e+20	37876.8	61.3886	14.2471	31.4956	75.8361	11.5145	79.8863	
132000	-131996	-1225.88	-85229.8	-18060.5	0.161311	1	0.134084	14.916	3.96058	0.00763391	19.5378	0.299698	6412	99	631	-39441.5	26.0213f	53.4581	4	1	1	0.039604	0.0891089	0.049505	9.90099e-09	0	0	0	0	0.890909	0.959248	0.214173	0.5	0.885714	9.90099e-09	0.0693069	9.90099e-09	1	0.11617	0.151565	0.666667	0.666667	1.5	1	1	25251.2	1e+20	37876.8	61.3886	14.2471	31.4956	75.8361	26.0213	53.4581	
133000	-132652	-1225.88	-85886.1	-18151.8	0.161311	1	0.134084	14.916	4.13497	0.0091232	19.7495	0.287058	6462	99	637	-39441.5	24.3039f	56.8335	4	1	1	0.039604	0.0891089	0.049505	9.90099e-09	0	0	0	0	0.827273	0.961479	0.241486	0.596774	0.897674	9.90099e-09	0.0693069	9.90099e-09	1	0.100619	0.143791	0.666667	0.666667	1.5	1	1	25251.2	1e+20	37876.8	55.4129	14.3586	31.4956	75.8361	24.3039	56.8335	
134000	-132866	-1225.88	-86100	-18145.8	0.162388	1	0.144203	13.8693	4.4972	0.0091232	19.772	0.245416	6459	99	669	-39441.5	24.3039f	56.8335	4	1	1	0.049505	0.0891089	0.049505	9.90099e-09	0	0	0	0	0.836364	0.95814	0.251163	0.576642	0.889922	9.90099e-09	0.128713	9.90099e-09	1	0.125387	0.180153	0.666667	0.666667	1.5	1	1	25251.2	1e+20	37876.8	15.8037	29.1473	31.4956	75.8361	24.3039	56.8335	
135000	-130756	-1225.88	-83989.8	-17848.6	0.163561	1	0.133261	15.0081	4.18598	0.00125051	19.772	0.285311	6295	99	646	-39441.5	52.7242f	41.7726	4	1	1	0.049505	0.0891089	0.049505	9.90099e-09	0	0	0	0	0.827273	0.955626	0.230525	0.597015	0.900158	9.90099e-09	0.128713	9.90099e-09	1	0.107765	0.178411	0.666667	0.666667	1.5	1	1	25251.2	1e+20	37876.8	15.8037	29.1473	31.4956	75.8361	52.7242	41.7726	
136000	-132882	-1225.88	-86116.2	-18162.1	0.162379	1	0.133261	15.0081	4.15572	0.0090228	19.772	0.287388	6468	99	657	-39441.5	69.8085f	67.7925	4	1	1	0.049505	0.0891089	0.049505	9.90099e-09	0	0	0	0	0.863636	0.958398	0.234568	0.515152	0.888889	9.90099e-09	0.128713	9.90099e-09	1	0.123648	0.146119	0.666667	0.666667	1.5	1	1	25251.2	1e+20	37876.8	15.8037	29.1473	35.0557	51.1218	69.8085	67.7925	
137000	-129730	-1225.88	-82963.8	-17744	0.162379	1	0.133909	14.9355	4.17593	0.00210589	19.772	0.284613	6238	99	611	-39441.5	45.2601f	61.6333	4	1	1	0.049505	0.0891089	0.049505	9.90099e-09	0	0	0	0	0.863636	0.965024	0.21746	0.5	0.893651	9.90099e-09	0.128713	9.90099e-09	1	0.110577	0.155629	0.666667	0.666667	1.5	1	1	25251.2	1e+20	37876.8	15.8037	29.1473	35.0557	51.1218	45.2601	61.6333	
138000	-128344	-1225.88	-81577.8	-17512	0.155298	1	0.133909	14.9355	3.99384	0.00861326	19.772	0.29759	6114	99	601	-39441.5	75.6564f	52.6005	4	1	1	0.049505	0.0594059	0.049505	9.90099e-09	0	0	0	0	0.8	0.960848	0.224756	0.470588	0.903752	9.90099e-09	0.128713	9.90099e-09	1	0.0944625	0.148087	0.666667	0.666667	1.5	1	1	25251.2	1e+20	37876.8	15.8037	29.1473	83.3878	73.2674	75.6564	52.6005	
139000	-128437	-1225.88	-81670.6	-17504.5	0.155298	1	0.129909	15.3954	3.87453	0.0412311	19.772	0.316199	6110	99	616	-39441.5	95.02f	85.1725	4	1	1	0.049505	0.0594059	0.049505	9.90099e-09	0	0	0	0	0.8	0.94599	0.243863	0.5	0.905074	9.90099e-09	0.128713	9.90099e-09	1	0.121113	0.170732	0.666667	0.666667	1.5	1	1	25251.2	1e+20	37876.8	40.9686	84.1902	83.3878	73.2674	95.02	85.1725	
140000	-128682	-1225.88	-81915.7	-17538	0.155298	1	0.138153	14.4767	4.1204	0.00549004	19.772	0.27959	6128	99	622	-39441.5	59.7052f	68.3359	4	1	1	0.049505	0.0594059	0.049505	9.90099e-09	0	0	0	0	0.763636	0.957655	0.226384	0.544715	0.87602	9.90099e-09	0.128713	9.90099e-09	1	0.11093	0.178125	0.666667	0.666667	1.5	1	1	25251.2	1e+20	37876.8	40.9686	84.1902	83.3878	73.2674	59.7052	68.3359	
141000	-129129	-1225.88	-82362.7	-17731.9	0.155056	1	0.131692	15.1869	4.02687	0.021132	19.9034	0.300118	6232	99	555	-39441.5	81.5902f	75.9404	4	1	1	0.049505	0.0594059	0.009901	9.90099e-09	0	0	0	0	0.818182	0.951923	0.241987	0.584746	0.899038	9.90099e-09	0.0792079	9.90099e-09	1	0.1008	0.13879	0.666667	0.666667	1.5	1	1	25251.2	1e+20	37876.8	40.6698	76.473	83.3878	73.2674	81.5902	75.9404	
142000	-130618	-1225.88	-83852.5	-17903.5	0.160381	1	0.134371	14.8842	3.8637	0.0334241	19.435	0.306558	6326	99	600	-39441.5	94.1029f	76.3845	4	1	1	0.049505	0.0594059	0.009901	9.90099e-09	0	0	0	0	0.845455	0.970126	0.245283	0.447368	0.899371	9.90099e-09	0.0792079	9.90099e-09	1	0.146919	0.168174	0.666667	0.666667	1.5	1	1	25251.2	1e+20	37876.8	35.7478	75.98	83.3878	73.2674	94.1029	76.3845	
143000	-129540	-1225.88	-82773.9	-17764.7	0.160825	1	0.134371	14.8842	3.88924	0.0287836	19.4536	0.304545	6250	99	577	-39441.5	92.7128f	71.1341	4	1	1	0.049505	0.0990099	0.009901	9.90099e-09	0	0	0	0	0.818182	0.948636	0.208333	0.516667	0.88122	0.009901	0.0792079	9.90099e-09	1	0.102729	0.173469	0.666667	0.666667	1.5	1	1	25251.2	1e+20	37876.8	35.7478	75.98	83.3878	73.2674	92.7128	71.1341	
144000	-131007	-1225.88	-84241	-17834	0.155414	1	0.143548	13.9326	4.01509	0.00713088	19.4536	0.276139	6287	99	671	-39441.5	39.7684f	71.3754	4	1	1	0.049505	0.0990099	0.009901	9.90099e-09	0	0	0	0	0.790909	0.963317	0.291401	0.570313	0.886943	0.009901	0.0792079	9.90099e-09	1	0.117647	0.168731	0.666667	0.666667	1.5	1	1	25251.2	1e+20	37876.8	31.3684	1.75153	83.3878	73.2674	39.7684	71.3754	
145000	-129650	-1225.88	-82883.6	-17645.8	0.157367	1	0.139154	14.3726	3.95108	0.0107238	19.4659	0.289473	6186	99	644	-39441.5	41.0735f	77.7548	4	1	1	0.049505	0.0990099	0.009901	9.90099e-09	0	0	0	0	0.890909	0.961353	0.250401	0.507692	0.876603	0.009901	0.0792079	9.90099e-09	1	0.121163	0.149766	0.666667	0.666667	1.5	1	1	25251.2	1e+20	37876.8	18.9642	40.2763	28.4784	78.1405	41.0735	77.7548	
146000	-129032	-1225.88	-82266.3	-17666.1	0.157367	1	0.1368	14.6199	4.13721	0.03277	19.7754	0.281208	6197	99	577	-39441.5	63.9266f	99.1164	4	1	1	0.049505	0.0990099	0.009901	9.90099e-09	0	0	0	0	0.845455	0.961661	0.252412	0.512397	0.901743	0.009901	0.0792079	9.90099e-09	1	0.159164	0.162562	0.666667	0.666667	1.5	1	1	25251.2	1e+20	37876.8	18.9642	40.2763	28.4784	78.1405	63.9266	99.1164	
147000	-128487	-1225.88	-81721.1	-17579.2	0.157367	1	0.130661	15.3068	3.89693	0.03277	19.7067	0.312573	6150	99	579	-39441.5	63.9266f	99.1164	4	1	1	0.0594059	0.0990099	0.009901	9.90099e-09	0	0	0	0	0.854545	0.959283	0.211039	0.474138	0.886364	0.009901	0.0792079	9.90099e-09	1	0.114007	0.169257	0.666667	0.666667	1.5	1	1	25251.2	1e+20	37876.8	83.3074	65.1048	55.5029	86.7911	63.9266	99.1164	
148000	-129085	-1225.88	-82319	-17610.6	0.157367	1	0.131076	15.2584	3.9093	0.03277	19.7067	0.310598	6167	99	619	-39441.5	63.9266f	99.1164	4	1	1	0.0594059	0.0990099	0.0693069	9.90099e-09	0	0	0	0	0.845455	0.948136	0.28201	0.454545	0.904839	0.009901	0.128713	9.90099e-09	1	0.113452	0.171053	0.666667	0.666667	1.5	1	1	25251.2	1e+20	37876.8	83.3074	65.1048	55.5029	86.7911	63.9266	99.1164	
149000	-128353	-1225.88	-81586.7	-17577.1	0.155625	1	0.123683	16.1703	3.64798	0.021122	19.7067	0.352741	6149	99	571	-39441.5	36.5948f	88.7162	4	1	1	0.0594059	0.0990099	0.0693069	9.90099e-09	0	0	0	0	0.8	0.954098	0.210098	0.536364	0.900164	0.009901	0.128713	9.90099e-09	1	0.109121	0.161172	0.666667	0.666667	1.5	1	1	25251.2	1e+20	37876.8	62.3291	21.6514	55.5029	86.7911	36.5948	88.7162	
150000	-130008	-1225.88	-83242.6	-17852.8	0.164161	1	0.117267	17.0552	3.64843	0.021122	19.7067	0.371997	6297	99	566	-39441.5	36.5948f	88.7162	4	1	1	0.0594059	0.0990099	0.0693069	9.90099e-09	0	0	0	0	0.818182	0.960506	0.269841	0.5	0.902516	0.009901	0.128713	9.90099e-09	1	0.128571	0.146805	0.666667	0.666667	1.5	1	1	25251.2	1e+20	37876.8	62.3291	21.6514	55.5029	86.7911	36.5948	88.7162	
151000	-132982	-1225.88	-86216	-18232.3	0.163977	1	0.13062	15.3115	4.05935	0.0107113	19.7067	0.30016	6507	99	626	-39441.5	37.4141f	76.2554	4	1	1	0.0594059	0.0990099	0.0693069	9.90099e-09	0	0	0	0	0.781818	0.966154	0.277182	0.590164	0.889231	0.009901	0.128713	9.90099e-09	1	0.107527	0.154341	0.666667	0.666667	1.5	1	1	25251.2	1e+20	37876.8	85.1235	19.942	55.5029	86.7911	37.4141	76.2554	
152000	-133115	-1225.88	-86349.3	-18258.9	0.16185	1	0.125194	15.9753	3.80649	0.00456068	19.6632	0.333975	6521	99	619	-39441.5	34.1819f	59.9806	4	1	1	0.0594059	0.0990099	0.0693069	9.90099e-09	0	0	0	0	0.8	0.960366	0.267584	0.488189	0.88685	0.009901	0.128713	9.90099e-09	1	0.11026	0.136364	0.666667	0.666667	1.5	1	1	25251.2	1e+20	37876.8	85.1235	19.942	55.5029	86.7911	34.1819	59.9806	
153000	-132228	-1225.88	-85461.9	-18160.5	0.166028	1	0.126902	15.7602	3.95804	0.0171878	19.6632	0.316863	6467	99	595	-39441.5	24.7002f	76.8068	4	1	1	0.0792079	0.0990099	0.009901	9.90099e-09	0	0	0	0	0.863636	0.95216	0.253086	0.529412	0.877676	0.009901	0.128713	9.90099e-09	1	0.135802	0.153448	0.666667	0.666667	1.5	1	1	25251.2	1e+20	37876.8	85.1235	19.942	53.7699	41.1573	24.7002	76.8068	
154000	-133663	-1225.88	-86897.3	-18302.4	0.166028	1	0.131601	15.1975	4.23071	0.0171878	19.8126	0.285856	6546	99	646	-39441.5	24.7002f	76.8068	4	1	1	0.0792079	0.0990099	0.009901	9.90099e-09	0	0	0	0	0.845455	0.958779	0.227829	0.467742	0.89313	0.009901	0.128713	9.90099e-09	1	0.110092	0.154799	0.666667	0.666667	1.5	1	1	25251.2	1e+20	37876.8	85.1235	19.942	53.7699	41.1573	24.7002	76.8068	
155000	-134675	-1225.88	-87909.4	-18497.7	0.166838	1	0.130034	15.3806	4.20073	0.00206098	19.8126	0.291366	6655	99	629	-39441.5	61.6578f	47.2335	4	1	1	0.0792079	0.0792079	0.009901	9.90099e-09	0	0	0	0	0.881818	0.942771	0.244378	0.46875	0.891566	0.009901	0.108911	9.90099e-09	1	0.125937	0.146264	0.666667	0.666667	1.5	1	1	25251.2	1e+20	37876.8	86.1926	53.1972	53.7699	41.1573	61.6578	47.2335	
156000	-136284	-1225.88	-89517.7	-18702.7	0.172333	1	0.130034	15.3806	4.50175	0.0030694	19.9957	0.271883	6771	99	665	-39441.5	64.3029f	54.9617	4	1	1	0.0792079	0.0792079	0.009901	9.90099e-09	0	0	0	0	0.872727	0.961708	0.251101	0.496241	0.887906	0.009901	0.108911	9.90099e-09	1	0.103093	0.1571	0.666667	0.666667	1.5	1	1	25251.2	1e+20	37876.8	86.1926	53.1972	53.7699	41.1573	64.3029	54.9617	
157000	-135710	-1225.88	-88944	-18704.5	0.170668	1	0.119574	16.726	4.09963	0.00709346	19.9957	0.324666	6772	99	605	-39441.5	39.1153f	29.8051	4	1	1	0.0792079	0.0792079	0.009901	9.90099e-09	0	0	0	0	0.881818	0.967599	0.259587	0.572581	0.912979	0.009901	0.108911	9.90099e-09	1	0.103245	0.134647	0.666667	0.666667	1.5	1	1	25251.2	1e+20	37876.8	83.562	53.1423	53.7699	41.1573	39.1153	29.8051	
158000	-135336	-1225.88	-88570.5	-18621.4	0.170668	1	0.123362	16.2124	4.2295	0.00709346	19.9957	0.305034	6725	99	621	-39441.5	39.1153f	29.8051	4	1	1	0.0792079	0.0792079	0.009901	9.90099e-09	0	0	0	0	0.918182	0.977778	0.254086	0.530769	0.888889	0.009901	0.108911	9.90099e-09	1	0.126677	0.144054	0.666667	0.666667	1.5	1	1	25251.2	1e+20	37876.8	83.562	53.1423	53.7699	41.1573	39.1153	29.8051	
159000	-134441	-1225.88	-87675	-18492.4	0.170668	1	0.123362	16.2124	4.2295	0.0236355	19.9957	0.305034	6652	99	613	-39441.5	44.0394f	7.82509	4	1	1	0.0792079	0.0792079	0.009901	9.90099e-09	0	0	0	0	0.827273	0.941088	0.268477	0.508333	0.907994	0.009901	0.108911	9.90099e-09	1	0.105105	0.19263	0.666667	0.666667	1.5	1	1	25251.2	1e+20	37876.8	83.562	53.1423	53.7699	41.1573	44.0394	7.82509	
160000	-137081	-1225.88	-90314.9	-18834.5	0.172798	1	0.123362	16.2124	4.28228	0.0119882	19.9957	0.301274	6846	99	653	-39441.5	52.1796f	19.9927	4	1	1	0.039604	0.0792079	0.029703	9.90099e-09	0	0	0	0	0.854545	0.961933	0.266082	0.477941	0.872434	0.009901	0.108911	9.90099e-09	1	0.123348	0.163959	0.666667	0.666667	1.5	1	1	25251.2	1e+20	37876.8	83.562	53.1423	53.7699	41.1573	52.1796	19.9927	
161000	-138663	-1225.88	-91897.6	-19130.6	0.175535	1	0.115037	17.3857	4.05655	0.0170952	19.9957	0.341057	7016	99	626	-39441.5	15.2001f	61.3144	4	1	1	0.039604	0.0693069	0.029703	9.90099e-09	0	0	0	0	0.909091	0.97711	0.271552	0.576923	0.904558	0.009901	0.158416	9.90099e-09	1	0.110315	0.148562	0.666667	0.666667	1.5	1	1	25251.2	1e+20	37876.8	12.0525	64.8928	53.7699	41.1573	15.2001	61.3144	
162000	-137731	-1225.88	-90965	-18987.9	0.175535	1	0.115037	17.3857	4.05655	0.0141462	19.9957	0.341057	6934	99	629	-39441.5	16.927f	48.3852	4	1	1	0.039604	0.0693069	0.029703	9.90099e-09	0	0	0	0	0.863636	0.948052	0.261183	0.504065	0.906609	0.009901	0.158416	9.90099e-09	1	0.0850144	0.142395	0.666667	0.666667	1.5	1	1	25251.2	1e+20	37876.8	12.0525	64.8928	33.0778	70.0022	16.927	48.3852	
163000	-139829	-1225.88	-93062.9	-19237.6	0.184305	1	0.128399	15.5765	4.65692	0.0131023	19.8929	0.266171	7077	99	676	-39441.5	30.3088f	75.4514	4	1	1	0.039604	0.0693069	0.029703	9.90099e-09	0	0	0	0	0.836364	0.96181	0.267983	0.546099	0.887006	0.009901	0.158416	9.90099e-09	1	0.110325	0.160237	0.666667	0.666667	1.5	1	1	25251.2	1e+20	37876.8	12.0525	64.8928	33.0778	70.0022	30.3088	75.4514	
164000	-141412	-1225.88	-94646.2	-19507.4	0.180507	1	0.11291	17.7132	4.01075	0.0209291	19.8929	0.351449	7236	99	660	-39441.5	17.2556f	74.0679	4	1	1	0.039604	0.0693069	0.029703	9.90099e-09	0	0	0	0	0.818182	0.983516	0.259259	0.522388	0.90884	0.009901	0.158416	9.90099e-09	1	0.107735	0.17594	0.666667	0.666667	1.5	1	1	25251.2	1e+20	37876.8	12.0525	64.8928	8.93637	66.4252	17.2556	74.0679	
165000	-138197	-1225.88	-91430.8	-19079.4	0.180507	1	0.121893	16.4078	4.32984	0.0146314	19.8929	0.301557	6986	99	622	-39441.5	21.2794f	68.0341	4	1	1	0.039604	0.0693069	0.019802	9.90099e-09	0	0	0	0	0.745455	0.955587	0.289398	0.535433	0.891892	0.009901	0.158416	9.90099e-09	1	0.121777	0.172524	0.666667	0.666667	1.5	1	1	25251.2	1e+20	37876.8	12.0525	64.8928	8.93637	66.4252	21.2794	68.0341	
166000	-140359	-1225.88	-93593.3	-19266	0.18013	1	0.136478	14.6544	4.83779	0.011273	19.8929	0.241052	7095	99	704	-39441.5	21.2512f	57.0837	4	1	1	0.049505	0.0693069	0.019802	9.90099e-09	0	0	0	0	0.809091	0.967606	0.25779	0.611111	0.892958	9.90099e-09	0.0891089	9.90099e-09	1	0.114085	0.173352	0.666667	0.666667	1.5	1	1	25251.2	1e+20	37876.8	29.6828	95.3629	8.93637	66.4252	21.2512	57.0837	
167000	-139995	-1225.88	-93229.5	-19176.6	0.178136	1	0.136416	14.661	4.7821	0.0101325	19.8929	0.243969	7043	99	726	-39441.5	30.0809f	70.0063	4	1	1	0.049505	0.0990099	0.019802	9.90099e-09	0	0	0	0	0.818182	0.970128	0.259943	0.482517	0.894886	9.90099e-09	0.0891089	9.90099e-09	1	0.116477	0.186536	0.666667	0.666667	1.5	1	1	25251.2	1e+20	37876.8	29.6828	95.3629	8.93637	66.4252	30.0809	70.0063	
168000	-140332	-1225.88	-93565.6	-19273.2	0.178136	1	0.126546	15.8045	4.43611	0.0207473	19.8929	0.28351	7099	99	697	-39441.5	12.0854f	63.8382	4	1	1	0.049505	0.0990099	0.019802	9.90099e-09	0	0	0	0	0.854545	0.966339	0.291139	0.489362	0.883916	9.90099e-09	0.0891089	9.90099e-09	1	0.119718	0.146341	0.666667	0.666667	1.5	1	1	25251.2	1e+20	37876.8	30.2105	69.3638	8.93637	66.4252	12.0854	63.8382	
169000	-143468	-1225.88	-96701.7	-19805.6	0.184635	1	0.119543	16.7304	4.23121	0.0284845	19.7631	0.314654	7413	99	669	-39441.5	3.24203f	43.8956	4	1	1	0.049505	0.0990099	0.019802	9.90099e-09	0	0	0	0	0.8	0.977089	0.25641	0.552239	0.889339	9.90099e-09	0.0891089	9.90099e-09	1	0.116059	0.167428	0.666667	0.666667	1.5	1	1	25251.2	1e+20	37876.8	30.2105	69.3638	8.93637	66.4252	3.24203	43.8956	
170000	-141135	-1225.88	-94368.9	-19513.3	0.184635	1	0.119913	16.6788	4.24431	0.0117132	19.7631	0.312714	7240	99	634	-39441.5	22.4023f	38.3703	4	1	1	0.049505	0.0990099	0.019802	9.90099e-09	0	0	0	0	0.927273	0.964384	0.234652	0.5	0.892414	9.90099e-09	0.0891089	9.90099e-09	1	0.129655	0.15861	0.666667	0.666667	1.5	1	1	25251.2	1e+20	37876.8	30.2105	69.3638	15.2664	47.7307	22.4023	38.3703	
171000	-140690	-1225.88	-93923.9	-19450.8	0.184635	1	0.124269	16.0941	4.44796	0.0240079	19.8184	0.287937	7203	99	632	-39441.5	6.74021f	52.3981	4	1	1	0.039604	0.0990099	0.019802	9.90099e-09	0	0	0	0	0.818182	0.957182	0.239281	0.515625	0.893204	9.90099e-09	0.0891089	9.90099e-09	1	0.116022	0.141066	0.666667	0.666667	1.5	1	1	25251.2	1e+20	37876.8	21.0887	28.871	15.2664	47.7307	6.74021	52.3981	
172000	-143467	-1225.88	-96701.1	-19827.6	0.184635	1	0.124269	16.0941	4.35946	0.0107555	19.7191	0.293782	7426	99	656	-39441.5	22.4791f	58.9404	4	1	1	0.039604	0.0990099	0.019802	9.90099e-09	0	0	0	0	0.772727	0.965054	0.245283	0.529851	0.912752	9.90099e-09	0.0891089	9.90099e-09	1	0.097035	0.174923	0.666667	0.666667	1.5	1	1	25251.2	1e+20	37876.8	21.0887	28.871	15.2664	47.7307	22.4791	58.9404	
173000	-142647	-1225.88	-95880.8	-19640	0.184635	1	0.131359	15.2254	4.70248	0.00124561	19.8192	0.257652	7315	99	694	-39441.5	43.5081f	56.6216	4	1	1	0.039604	0.0594059	0.019802	9.90099e-09	0	0	0	0	0.936364	0.97541	0.244536	0.585185	0.884196	9.90099e-09	0.0891089	9.90099e-09	1	0.131148	0.164464	0.666667	0.666667	1.5	1	1	25251.2	1e+20	37876.8	21.0887	28.871	15.2664	47.7307	43.5081	56.6216	
174000	-141218	-1225.88	-94451.7	-19491.2	0.182461	1	0.126299	15.8355	4.32441	0.0061033	19.6579	0.291404	7227	99	654	-39441.5	42.1037f	30.344	4	1	1	0.039604	0.0594059	0.019802	9.90099e-09	0	0	0	0	0.809091	0.962656	0.232365	0.492857	0.901798	9.90099e-09	0.118812	9.90099e-09	1	0.105118	0.143906	0.666667	0.666667	1.5	1	1	25251.2	1e+20	37876.8	21.0887	28.871	15.2664	47.7307	42.1037	30.344	
175000	-141709	-1225.88	-94942.9	-19526.9	0.184716	1	0.134444	14.8761	4.6602	0.0181878	19.6579	0.254024	7248	99	683	-39441.5	12.5198f	46.9613	4	1	1	0.039604	0.0594059	0.019802	9.90099e-09	0	0	0	0	0.872727	0.962707	0.255525	0.522059	0.896694	9.90099e-09	0.118812	9.90099e-09	1	0.100829	0.198822	0.666667	0.666667	1.5	1	1	25251.2	1e+20	37876.8	21.0887	28.871	15.2664	47.7307	12.5198	46.9613	
176000	-142233	-1225.88	-95467.1	-19645.2	0.186833	1	0.121985	16.3955	4.43464	0.0187725	19.8368	0.294209	7318	99	654	-39441.5	14.9175f	35.1594	4	1	1	0.039604	0.0594059	0.019802	9.90099e-09	0	0	0	0	0.890909	0.972789	0.219346	0.627737	0.885089	9.90099e-09	0.118812	9.90099e-09	1	0.111565	0.157658	0.666667	0.666667	1.5	1	1	25251.2	1e+20	37876.8	21.0887	28.871	15.2664	47.7307	14.9175	35.1594	
177000	-141244	-1225.88	-94477.9	-19596.9	0.187455	1	0.114552	17.4593	4.17829	0.0115238	19.8368	0.332521	7289	99	597	-39441.5	29.2705f	28.9031	4	1	1	0.0693069	0.0594059	0.019802	9.90099e-09	0	0	0	0	0.881818	0.95498	0.239782	0.544715	0.908595	9.90099e-09	0.118812	9.90099e-09	1	0.110505	0.150327	0.666667	0.666667	1.5	1	1	25251.2	1e+20	37876.8	19.7775	22.9081	15.2664	47.7307	29.2705	28.9031	
178000	-141024	-1225.88	-94258	-19532	0.18498	1	0.108949	18.3571	3.92148	0.0230094	19.8368	0.372516	7251	99	612	-39441.5	12.58f	70.3035	4	1	1	0.0693069	0.0594059	0.019802	9.90099e-09	0	0	0	0	0.845455	0.962912	0.261518	0.474576	0.916209	9.90099e-09	0.118812	9.90099e-09	1	0.106061	0.156197	0.666667	0.666667	1.5	1	1	25251.2	1e+20	37876.8	19.7775	22.9081	13.7669	39.527	12.58	70.3035	
179000	-143322	-1225.88	-96555.8	-19886.4	0.18498	1	0.106428	18.792	3.83073	0.0218284	19.8368	0.390376	7461	99	609	-39441.5	27.15f	16.0083	4	1	1	0.0693069	0.0594059	0.019802	9.90099e-09	0	0	0	0	0.8	0.975936	0.250335	0.52459	0.915663	9.90099e-09	0.0990099	9.90099e-09	1	0.116466	0.165123	0.666667	0.666667	1.5	1	1	25251.2	1e+20	37876.8	19.7775	22.9081	3.09347	45.9256	27.15	16.0083	
180000	-144359	-1225.88	-97592.9	-20034.6	0.185163	1	0.101239	19.7551	3.69173	0.0483779	19.8966	0.425834	7549	99	617	-39441.5	6.37603f	6.85982	4	1	1	0.0693069	0.0693069	0.039604	9.90099e-09	0	0	0	0	0.863636	0.973226	0.249337	0.453782	0.906542	9.90099e-09	0.0990099	9.90099e-09	1	0.0940397	0.162975	0.666667	0.666667	1.5	1	1	25251.2	1e+20	37876.8	19.7775	22.9081	22.8468	14.4327	6.37603	6.85982	
181000	-145491	-1225.88	-98725.5	-20265.6	0.195107	1	0.100903	19.8211	3.68372	0.0336844	19.6438	0.428184	7692	99	582	-39441.5	22.6867f	6.87747	4	1	1	0.0693069	0.0693069	0.039604	9.90099e-09	0	0	0	0	0.790909	0.958333	0.26893	0.561404	0.915584	9.90099e-09	0.0990099	9.90099e-09	1	0.102597	0.197935	0.666667	0.666667	1.5	1	1	25251.2	1e+20	37876.8	19.7775	22.9081	22.8468	14.4327	22.6867	6.87747	
182000	-144382	-1225.88	-97615.7	-20141.5	0.195336	1	0.0990078	20.2004	3.70874	0.00305816	19.7647	0.433436	7616	99	558	-39441.5	42.1997f	37.618	4	1	1	0.0693069	0.0693069	0.039604	9.90099e-09	0	0	0	0	0.863636	0.961942	0.24147	0.530435	0.925295	9.90099e-09	0.0990099	9.90099e-09	1	0.0733945	0.164049	0.666667	0.666667	1.5	1	1	25251.2	1e+20	37876.8	19.7775	22.9081	22.8468	14.4327	42.1997	37.618	
183000	-146922	-1225.88	-100156	-20366.8	0.197097	1	0.11531	17.3446	4.38303	0.0238399	19.7927	0.314906	7754	99	645	-39441.5	35.0698f	9.89007	4	1	1	0.0693069	0.0693069	0.039604	0.009901	0	0	0	0	0.8	0.962289	0.240669	0.5625	0.921189	9.90099e-09	0.0990099	9.90099e-09	1	0.101804	0.157729	0.666667	0.666667	1.5	1	1	25251.2	1e+20	37876.8	19.7775	22.9081	22.8468	14.4327	35.0698	9.89007	
184000	-149287	-1225.88	-102521	-20715.9	0.197097	1	0.11531	17.3446	4.38303	0.0209405	19.7927	0.314906	7969	99	645	-39441.5	23.6409f	19.7425	4	1	1	0.049505	0.0693069	0.039604	0.009901	0	0	0	0	0.854545	0.971178	0.256604	0.541353	0.899624	9.90099e-09	0.0990099	9.90099e-09	1	0.119197	0.152308	0.666667	0.666667	1.5	1	1	25251.2	1e+20	37876.8	19.7775	22.9081	22.8468	14.4327	23.6409	19.7425	
185000	-147071	-1225.88	-100305	-20361.9	0.195888	1	0.126597	15.7981	4.69832	0.0229929	19.705	0.26758	7751	99	660	-39441.5	13.2142f	29.3557	4	1	1	0.049505	0.0693069	0.039604	0.009901	0	0	0	0	0.827273	0.969152	0.263158	0.474453	0.898348	9.90099e-09	0.0990099	9.90099e-09	1	0.119384	0.14521	0.666667	0.666667	1.5	1	1	25251.2	1e+20	37876.8	19.7775	22.9081	22.8468	14.4327	13.2142	29.3557	
186000	-145505	-1225.88	-98739.1	-20108.3	0.194081	1	0.126537	15.8056	4.65278	0.00689134	19.705	0.270327	7596	99	682	-39441.5	32.3062f	35.7963	4	1	1	0.049505	0.0891089	0.0693069	0.009901	0	0	0	0	0.881818	0.95	0.261842	0.557143	0.907895	9.90099e-09	0.0990099	9.90099e-09	1	0.110526	0.181149	0.666667	0.666667	1.5	1	1	25251.2	1e+20	37876.8	19.7775	22.9081	22.8468	14.4327	32.3062	35.7963	
187000	-146315	-1225.88	-99549.4	-20165.7	0.194295	1	0.128858	15.521	4.74333	0.00311874	19.705	0.260392	7631	99	722	-39441.5	35.0803f	52.8181	4	1	1	0.049505	0.0891089	0.0693069	0.009901	0	0	0	0	0.8	0.956863	0.254237	0.586207	0.897001	9.90099e-09	0.0990099	9.90099e-09	1	0.108639	0.171745	0.666667	0.666667	1.5	1	1	25251.2	1e+20	37876.8	31.0123	30.656	33.9309	45.8255	35.0803	52.8181	
188000	-144267	-1225.88	-97501.3	-19923.3	0.194295	1	0.138865	14.4024	4.54484	0.0144713	19.1343	0.252178	7483	99	681	-39441.5	48.4124f	83.8834	4	1	1	0.049505	0.0891089	0.0693069	0.009901	0	0	0	0	0.854545	0.945479	0.244356	0.554795	0.887417	9.90099e-09	0.0990099	9.90099e-09	1	0.116866	0.171271	0.666667	0.666667	1.5	1	1	25251.2	1e+20	37876.8	43.754	4.37632	33.9309	45.8255	48.4124	83.8834	
189000	-145392	-1225.88	-98626.1	-20070.7	0.194295	1	0.124411	16.0758	4.07177	0.00459284	19.1343	0.31418	7573	99	693	-39441.5	48.7316f	68.9246	4	1	1	0.049505	0.0891089	0.0693069	0.009901	0	0	0	0	0.854545	0.958115	0.256917	0.514286	0.899736	9.90099e-09	0.0990099	9.90099e-09	1	0.13089	0.141834	0.666667	0.666667	1.5	1	1	25251.2	1e+20	37876.8	10.2517	45.1644	50.1765	73.8058	48.7316	68.9246	
190000	-146653	-1225.88	-99886.7	-20323	0.194295	1	0.125392	15.9499	3.84279	0.00520333	18.8224	0.330295	7727	99	651	-39441.5	30.457f	53.6858	4	1	1	0.039604	0.0891089	0.0693069	0.009901	0	0	0	0	0.872727	0.960103	0.237971	0.519685	0.903896	9.90099e-09	0.0990099	9.90099e-09	1	0.112987	0.15361	0.666667	0.666667	1.5	1	1	25251.2	1e+20	37876.8	10.2517	45.1644	50.1765	73.8058	30.457	53.6858	
191000	-148515	-1225.88	-101749	-20527.8	0.194295	1	0.13009	15.3739	3.98677	0.000358173	18.8224	0.30687	7852	99	701	-39441.5	51.0143f	53.5804	4	1	1	0.039604	0.0891089	0.0693069	0.009901	0	0	0	0	0.863636	0.951715	0.241117	0.47973	0.895807	9.90099e-09	0.0990099	9.90099e-09	1	0.0814249	0.188547	0.666667	0.666667	1.5	1	1	25251.2	1e+20	37876.8	10.2517	45.1644	50.1765	73.8058	51.0143	53.5804	
192000	-150550	-1225.88	-103785	-20831.6	0.204762	1	0.119677	16.7116	3.86522	0.00640959	18.8224	0.34406	8043	99	697	-39441.5	40.7071f	70.4362	4	1	1	0.039604	0.0891089	0.019802	0.009901	0	0	0	0	0.854545	0.963975	0.237562	0.528986	0.902107	0.009901	0.0594059	9.90099e-09	1	0.0968944	0.158661	0.666667	0.666667	1.5	1	1	25251.2	1e+20	37876.8	10.2517	45.1644	50.1765	73.8058	40.7071	70.4362	
193000	-149177	-1225.88	-102411	-20684.1	0.204762	1	0.115197	17.3615	4.16972	0.0115163	19.3665	0.331339	7950	99	655	-39441.5	45.2809f	79.8667	4	1	1	0.039604	0.108911	0.019802	0.009901	0	0	0	0	0.818182	0.969962	0.236546	0.537879	0.898623	0.009901	0.0594059	9.90099e-09	1	0.0967337	0.159463	0.666667	0.666667	1.5	1	1	25251.2	1e+20	37876.8	10.2517	45.1644	50.1765	73.8058	45.2809	79.8667	
194000	-149963	-1225.88	-103197	-20845.8	0.204762	1	0.106528	18.7744	4.001	0.00642733	19.5462	0.373413	8052	99	630	-39441.5	69.5038f	60.8828	4	1	1	0.039604	0.108911	0.019802	0.009901	0	0	0	0	0.9	0.970297	0.271941	0.526718	0.909653	0.009901	0.0594059	9.90099e-09	1	0.106436	0.187107	0.666667	0.666667	1.5	1	1	25251.2	1e+20	37876.8	10.2517	45.1644	50.1765	73.8058	69.5038	60.8828	
195000	-149170	-1225.88	-102404	-20783.8	0.203577	1	0.104182	19.1972	3.98503	0.00183835	19.6642	0.383351	8013	99	594	-39441.5	40.0629f	55.7647	4	1	1	0.039604	0.108911	0.019802	9.90099e-09	0	0	0	0	0.836364	0.973783	0.234257	0.516393	0.918851	0.009901	0.0594059	9.90099e-09	1	0.0923845	0.179276	0.666667	0.666667	1.5	1	1	25251.2	1e+20	37876.8	10.2517	45.1644	50.1765	73.8058	40.0629	55.7647	
196000	-149667	-1225.88	-102902	-20877.6	0.205023	1	0.0973413	20.5463	3.74983	0.0069608	19.6642	0.436025	8072	99	581	-39441.5	46.4692f	73.1801	4	1	1	0.039604	0.108911	0.019802	9.90099e-09	0	0	0	0	0.809091	0.972906	0.275309	0.529915	0.903941	0.009901	0.0594059	9.90099e-09	1	0.0997537	0.196748	0.666667	0.666667	1.5	1	1	25251.2	1e+20	37876.8	14.1626	14.2507	50.1765	73.8058	46.4692	73.1801	
197000	-148361	-1225.88	-101595	-20639.9	0.205023	1	0.0973413	20.5463	3.74983	0.0306126	19.6642	0.436025	7922	99	608	-39441.5	98.9688f	49.2612	4	1	1	0.039604	0.108911	0.019802	9.90099e-09	0	0	0	0	0.890909	0.954603	0.26518	0.483333	0.910467	0.009901	0.0594059	9.90099e-09	1	0.0996217	0.139966	0.666667	0.666667	1.5	1	1	25251.2	1e+20	37876.8	14.1626	14.2507	92.8227	58.5674	98.9688	49.2612	
198000	-150992	-1225.88	-104226	-20920.4	0.205023	1	0.110971	18.0227	4.50182	0.0174311	19.9201	0.318582	8099	99	673	-39441.5	80.874f	70.53	4	1	1	0.029703	0.108911	0.029703	9.90099e-09	0	0	0	0	0.818182	0.969098	0.265105	0.581395	0.900123	0.009901	0.108911	9.90099e-09	1	0.115906	0.16411	0.666667	0.666667	1.5	1	1	25251.2	1e+20	37876.8	14.1626	14.2507	92.8227	58.5674	80.874	70.53	
199000	-150764	-1225.88	-103999	-20828.4	0.205023	1	0.110971	18.0227	4.50182	0.0178303	19.9201	0.318582	8041	99	705	-39441.5	86.9993f	55.0358	4	1	1	0.029703	0.0891089	0.029703	9.90099e-09	0	0	0	0	0.845455	0.950495	0.263354	0.524823	0.900744	0.009901	0.108911	9.90099e-09	1	0.100621	0.15767	0.666667	0.666667	1.5	1	1	25251.2	1e+20	37876.8	14.1626	14.2507	92.8227	58.5674	86.9993	55.0358	
200000	-153375	-1225.88	-106609	-21244.1	0.209032	1	0.110971	18.0227	4.58983	0.0112461	19.9201	0.312473	8305	99	686	-39441.5	79.4267f	52.6275	4	1	1	0.029703	0.0891089	0.029703	9.90099e-09	0	0	0	0	0.845455	0.972422	0.251807	0.518797	0.910951	0.009901	0.108911	9.90099e-09	1	0.108303	0.154083	0.666667	0.666667	1.5	1	1	25251.2	1e+20	37876.8	22.3635	46.9072	80.5553	64.494	79.4267	52.6275	
201000	-151310	-1225.88	-104544	-20942	0.209032	1	0.112523	17.7742	4.65398	0.00284464	19.9201	0.303918	8112	99	685	-39441.5	57.8705f	62.4559	4	1	1	0.029703	0.0891089	0.029703	9.90099e-09	0	0	0	0	0.881818	0.9631	0.265105	0.455224	0.919951	0.009901	0.108911	9.90099e-09	1	0.103448	0.169343	0.666667	0.666667	1.5	1	1	25251.2	1e+20	37876.8	22.3635	46.9072	80.5553	64.494	57.8705	62.4559	
202000	-152709	-1225.88	-105943	-21137.6	0.209032	1	0.112523	17.7742	4.65398	0.0487202	19.9201	0.303918	8237	99	687	-39441.5	92.2941f	95.5396	4	1	1	0.029703	0.0891089	0.029703	9.90099e-09	0	0	0	0	0.872727	0.967193	0.279465	0.492857	0.916566	9.90099e-09	0.108911	9.90099e-09	1	0.100851	0.148571	0.666667	0.666667	1.5	1	1	25251.2	1e+20	37876.8	30.3315	11.1772	80.5553	64.494	92.2941	95.5396	
203000	-152893	-1225.88	-106127	-21154.9	0.209032	1	0.114527	17.4631	4.71309	0.0109894	19.895	0.294853	8248	99	695	-39441.5	63.8411f	24.7246	4	1	1	0.029703	0.0891089	0.029703	9.90099e-09	0	0	0	0	0.790909	0.961399	0.261185	0.453901	0.913939	9.90099e-09	0.108911	9.90099e-09	1	0.110571	0.144907	0.666667	0.666667	1.5	1	1	25251.2	1e+20	37876.8	91.1003	18.7372	64.2903	54.4048	63.8411	24.7246	
204000	-152400	-1225.88	-105634	-21095.4	0.207355	1	0.114527	17.4631	4.63399	0.0277818	19.8509	0.299886	8210	99	691	-39441.5	96.5787f	47.8853	4	1	1	0.019802	0.0891089	0.029703	9.90099e-09	0	0	0	0	0.809091	0.960976	0.258142	0.555556	0.8929	9.90099e-09	0.128713	9.90099e-09	1	0.111377	0.162693	0.666667	0.666667	1.5	1	1	25251.2	1e+20	37876.8	30.3315	11.1772	62.5335	46.9992	96.5787	47.8853	
205000	-151707	-1225.88	-104941	-20995.6	0.209825	1	0.113895	17.56	4.1922	0.00225848	19.3293	0.333329	8146	99	695	-39441.5	54.9419f	38.6919	4	1	1	0.019802	0.0891089	0.039604	9.90099e-09	0	0	0	0	0.909091	0.96088	0.243243	0.482014	0.902948	9.90099e-09	0.128713	9.90099e-09	1	0.0921376	0.181688	0.666667	0.666667	1.5	1	1	25251.2	1e+20	37876.8	30.3315	11.1772	62.5335	46.9992	54.9419	38.6919	
206000	-154136	-1225.88	-107370	-21354.8	0.209825	1	0.115379	17.3342	4.24682	0.0231696	19.3293	0.32481	8376	99	685	-39441.5	78.096f	18.4187	4	1	1	0.019802	0.039604	0.039604	9.90099e-09	0	0	0	0	0.836364	0.970167	0.239183	0.440299	0.902148	9.90099e-09	0.128713	9.90099e-09	1	0.112172	0.148905	0.666667	0.666667	1.5	1	1	25251.2	1e+20	37876.8	30.3315	11.1772	62.5335	46.9992	78.096	18.4187	
207000	-154967	-1225.88	-108201	-21533.1	0.215695	1	0.103749	19.2774	4.32578	0.0231773	19.8042	0.354628	8492	99	654	-39441.5	67.9971f	88.9617	4	1	1	0.019802	0.039604	0.039604	9.90099e-09	0	0	0	0	0.872727	0.968235	0.263775	0.515152	0.915592	9.90099e-09	0.128713	9.90099e-09	1	0.0988235	0.206422	0.666667	0.666667	1.5	1	1	25251.2	1e+20	37876.8	30.3315	11.1772	62.5335	46.9992	67.9971	88.9617	
208000	-155603	-1225.88	-108837	-21507	0.215695	1	0.111361	17.9596	4.64318	0.000945947	19.8042	0.307802	8475	99	721	-39441.5	46.9445f	43.4516	4	1	1	0.019802	0.039604	0.039604	9.90099e-09	0	0	0	0	0.845455	0.96327	0.260095	0.475177	0.89218	9.90099e-09	0.128713	9.90099e-09	1	0.136256	0.182561	0.666667	0.666667	1.5	1	1	25251.2	1e+20	37876.8	30.3315	11.1772	62.5335	46.9992	46.9445	43.4516	
209000	-155826	-1225.88	-109060	-21579.1	0.215695	1	0.114034	17.5387	4.75462	0.0146624	19.8042	0.293543	8522	99	697	-39441.5	22.1578f	69.4549	4	1	1	0.019802	0.039604	0.039604	9.90099e-09	0	0	0	0	0.827273	0.948478	0.247362	0.425373	0.907494	9.90099e-09	0.128713	9.90099e-09	1	0.10551	0.159254	0.666667	0.666667	1.5	1	1	25251.2	1e+20	37876.8	18.7559	16.6543	62.5335	46.9992	22.1578	69.4549	
210000	-155451	-1225.88	-108686	-21485.6	0.215695	1	0.114034	17.5387	4.70129	0.0100146	19.7485	0.296872	8461	99	725	-39441.5	56.1037f	23.2623	4	1	1	0.019802	0.039604	0.0594059	9.90099e-09	0	0	0	0	0.809091	0.962264	0.242317	0.503401	0.916175	9.90099e-09	0.128713	9.90099e-09	1	0.120283	0.169655	0.666667	0.666667	1.5	1	1	25251.2	1e+20	37876.8	18.7559	16.6543	33.7471	42.514	56.1037	23.2623	
211000	-153826	-1225.88	-107060	-21286.2	0.215695	1	0.114034	17.5387	4.70129	0.0303939	19.7485	0.296872	8331	99	700	-39441.5	49.8217f	1.59874	4	1	1	0.0693069	0.039604	0.0594059	9.90099e-09	0	0	0	0	0.772727	0.967626	0.249701	0.578231	0.897006	9.90099e-09	0.118812	9.90099e-09	1	0.104317	0.140825	0.666667	0.666667	1.5	1	1	25251.2	1e+20	37876.8	18.7559	16.6543	64.1673	3.72733	49.8217	1.59874	
212000	-155970	-1225.88	-109204	-21554.6	0.215695	1	0.111387	17.9554	4.59219	0.0210452	19.7485	0.311146	8506	99	723	-39441.5	87.6044f	35.2202	4	1	1	0.0693069	0.0693069	0.0594059	9.90099e-09	0	0	0	0	0.818182	0.961268	0.261176	0.513889	0.894242	9.90099e-09	0.118812	9.90099e-09	1	0.10446	0.164095	0.666667	0.666667	1.5	1	1	25251.2	1e+20	37876.8	18.7559	16.6543	64.1673	3.72733	87.6044	35.2202	
213000	-156527	-1225.88	-109761	-21631.2	0.216125	1	0.11923	16.7743	4.92532	0.0196444	19.7485	0.271019	8556	99	721	-39441.5	23.113f	21.9489	4	1	1	0.0693069	0.0693069	0.0594059	9.90099e-09	0	0	0	0	0.918182	0.965238	0.27972	0.513158	0.903263	9.90099e-09	0.118812	9.90099e-09	1	0.114486	0.141509	0.666667	0.666667	1.5	1	1	25251.2	1e+20	37876.8	18.7559	16.6543	64.1673	3.72733	23.113	21.9489	
214000	-157363	-1225.88	-110597	-21654.2	0.216125	1	0.1264	15.8228	5.22151	0.0540636	19.7485	0.241144	8571	99	783	-39441.5	95.3009f	3.51845	4	1	1	0.0693069	0.0693069	0.0594059	9.90099e-09	0	0	0	0	0.818182	0.967517	0.266512	0.490323	0.902552	9.90099e-09	0.118812	9.90099e-09	1	0.124709	0.164063	0.666667	0.666667	1.5	1	1	25251.2	1e+20	37876.8	51.6106	22.8005	64.1673	3.72733	95.3009	3.51845	
215000	-158561	-1225.88	-111795	-21785.9	0.216125	1	0.1264	15.8228	5.22151	0.00463216	19.7485	0.241144	8657	99	805	-39441.5	55.9109f	68.0965	4	1	1	0.0693069	0.0693069	0.0594059	9.90099e-09	0	0	0	0	0.809091	0.961938	0.252023	0.487342	0.910653	9.90099e-09	0.118812	9.90099e-09	1	0.130334	0.160248	0.666667	0.666667	1.5	1	1	25251.2	1e+20	37876.8	79.7526	64.3255	52.1959	37.5819	55.9109	68.0965	
216000	-158203	-1225.88	-111437	-21775.8	0.21952	1	0.120228	16.6351	5.07958	0.000423617	19.7826	0.260608	8651	99	779	-39441.5	53.8926f	49.2429	4	1	1	0.0693069	0.0693069	9.90099e-09	9.90099e-09	0	0	0	0	0.809091	0.958333	0.240185	0.46988	0.897229	9.90099e-09	0.118812	9.90099e-09	1	0.112009	0.152461	0.666667	0.666667	1.5	1	1	25251.2	1e+20	37876.8	22.7754	87.9971	52.1959	37.5819	53.8926	49.2429	
217000	-159038	-1225.88	-112272	-21869.8	0.21952	1	0.127176	15.7262	5.37315	0.0271723	19.7826	0.232908	8713	99	799	-39441.5	36.4718f	6.30979	4	1	1	0.0693069	0.0693069	9.90099e-09	9.90099e-09	0	0	0	0	0.8	0.95881	0.274914	0.471338	0.899083	9.90099e-09	0.138614	9.90099e-09	1	0.115693	0.173001	0.666667	0.666667	1.5	1	1	25251.2	1e+20	37876.8	9.2412	43.6758	52.1959	37.5819	36.4718	6.30979	
218000	-155651	-1225.88	-108885	-21524.1	0.21379	1	0.117153	17.0717	4.82047	0.024378	19.7826	0.281824	8486	99	717	-39441.5	91.6026f	63.6707	4	1	1	0.029703	0.108911	9.90099e-09	9.90099e-09	0	0	0	0	0.763636	0.966121	0.255269	0.524823	0.892398	9.90099e-09	0.138614	9.90099e-09	1	0.122807	0.168759	0.666667	0.666667	1.5	1	1	25251.2	1e+20	37876.8	9.2412	43.6758	52.1959	37.5819	91.6026	63.6707	
219000	-154294	-1225.88	-107529	-21385.7	0.217636	1	0.118762	16.8404	4.69854	0.0120231	19.5023	0.28522	8395	99	681	-39441.5	54.0972f	20.1449	4	1	1	0.029703	0.108911	9.90099e-09	9.90099e-09	0	0	0	0	0.863636	0.958383	0.250892	0.453901	0.913302	9.90099e-09	0.138614	9.90099e-09	1	0.114286	0.187959	0.666667	0.666667	1.5	1	1	25251.2	1e+20	37876.8	9.2412	43.6758	52.1959	37.5819	54.0972	20.1449	
220000	-155127	-1225.88	-108361	-21457.7	0.214594	1	0.118762	16.8404	4.63287	0.00727076	19.5023	0.289263	8443	99	713	-39441.5	44.4694f	73.3172	4	1	1	0.029703	0.108911	9.90099e-09	9.90099e-09	0	0	0	0	0.827273	0.968198	0.248521	0.555556	0.888367	9.90099e-09	0.138614	9.90099e-09	1	0.104583	0.164095	0.666667	0.666667	1.5	1	1	25251.2	1e+20	37876.8	9.2412	43.6758	52.1959	37.5819	44.4694	73.3172	
221000	-156504	-1225.88	-109738	-21543.9	0.214594	1	0.118762	16.8404	4.63287	0.00168779	19.5023	0.289263	8499	99	774	-39441.5	42.0521f	43.1319	4	1	1	0.029703	0.108911	9.90099e-09	9.90099e-09	0	0	0	0	0.845455	0.975323	0.246172	0.572368	0.896305	9.90099e-09	0.138614	9.90099e-09	1	0.115614	0.177596	0.666667	0.666667	1.5	1	1	25251.2	1e+20	37876.8	9.2412	43.6758	52.1959	37.5819	42.0521	43.1319	
222000	-156512	-1225.88	-109747	-21612.8	0.220691	1	0.124821	16.023	5.00756	0.00476321	19.5023	0.254628	8543	99	742	-39441.5	44.8056f	32.1807	4	1	1	0.029703	0.108911	9.90099e-09	9.90099e-09	0	0	0	0	0.809091	0.960234	0.235363	0.456376	0.893567	9.90099e-09	0.138614	9.90099e-09	1	0.111111	0.169209	0.666667	0.666667	1.5	1	1	25251.2	1e+20	37876.8	9.2412	43.6758	52.1959	37.5819	44.8056	32.1807	
223000	-158924	-1225.88	-112159	-21922.5	0.220691	1	0.124821	16.023	4.62001	0.00738487	19.1135	0.275988	8748	99	759	-39441.5	45.495f	27.0425	4	1	1	0.029703	0.108911	0.019802	9.90099e-09	0	0	0	0	0.872727	0.956621	0.28032	0.430464	0.907429	9.90099e-09	0.138614	9.90099e-09	1	0.0993151	0.172823	0.666667	0.666667	1.5	1	1	25251.2	1e+20	37876.8	17.9581	28.7875	50.1577	16.2555	45.495	27.0425	
224000	-161369	-1225.88	-114603	-22205.1	0.227532	1	0.130521	15.3232	4.84232	0.00762683	18.9793	0.251817	8937	99	799	-39441.5	32.8661f	33.3453	4	1	1	0.0693069	0.049505	0.019802	9.90099e-09	0	0	0	0	0.918182	0.958333	0.251678	0.44586	0.88964	9.90099e-09	0.128713	9.90099e-09	1	0.0995526	0.180225	0.666667	0.666667	1.5	1	1	25251.2	1e+20	37876.8	38.2525	21.8099	50.1577	16.2555	32.8661	33.3453	
225000	-159411	-1225.88	-112646	-22000.8	0.227532	1	0.120655	16.5762	4.91213	0.0144893	19.4253	0.268538	8799	99	753	-39441.5	21.8496f	32.1513	4	1	1	0.0693069	0.049505	0.019802	9.90099e-09	0	0	0	0	0.845455	0.963678	0.228766	0.48366	0.900565	9.90099e-09	0.128713	9.90099e-09	1	0.111991	0.15508	0.666667	0.666667	1.5	1	1	25251.2	1e+20	37876.8	89.4316	35.1491	50.1577	16.2555	21.8496	32.1513	
226000	-159776	-1225.88	-113010	-22134	0.227532	1	0.114122	17.5251	4.64617	0.00975449	19.4253	0.300163	8889	99	697	-39441.5	50.0437f	22.9589	4	1	1	0.0693069	0.049505	0.019802	9.90099e-09	0	0	0	0	0.827273	0.969697	0.246914	0.531469	0.909605	9.90099e-09	0.128713	9.90099e-09	1	0.0875421	0.147353	0.666667	0.666667	1.5	1	1	25251.2	1e+20	37876.8	89.4316	35.1491	50.1577	16.2555	50.0437	22.9589	
227000	-159946	-1225.88	-113180	-22103	0.227645	1	0.113252	17.6597	4.61303	0.0189589	19.4253	0.304641	8868	99	729	-39441.5	70.8866f	18.0955	4	1	1	0.0693069	0.049505	0.019802	9.90099e-09	0	0	0	0	0.827273	0.967342	0.258465	0.564626	0.894263	9.90099e-09	0.128713	9.90099e-09	1	0.0924464	0.186686	0.666667	0.666667	1.5	1	1	25251.2	1e+20	37876.8	89.4316	35.1491	50.1577	16.2555	70.8866	18.0955	
228000	-162757	-1225.88	-115991	-22501.4	0.230248	1	0.106945	18.7013	4.40594	0.00395074	19.4253	0.337771	9138	99	724	-39441.5	54.1344f	33.7271	4	1	1	0.0693069	0.049505	0.0594059	9.90099e-09	0	0	0	0	0.854545	0.973713	0.230263	0.503311	0.905805	9.90099e-09	0.128713	9.90099e-09	1	0.0963855	0.191781	0.666667	0.666667	1.5	1	1	25251.2	1e+20	37876.8	89.4316	35.1491	50.1577	16.2555	54.1344	33.7271	
229000	-160099	-1225.88	-113333	-22176.9	0.22729	1	0.107785	18.5555	4.3835	0.0116846	19.4253	0.336855	8918	99	695	-39441.5	21.9092f	39.6782	4	1	1	0.0693069	0.049505	0.0594059	9.90099e-09	0	0	0	0	0.818182	0.972004	0.233446	0.477941	0.902247	9.90099e-09	0.128713	9.90099e-09	1	0.109865	0.168129	0.666667	0.666667	1.5	1	1	25251.2	1e+20	37876.8	76.9027	52.5342	12.6243	4.36319	21.9092	39.6782	
230000	-158574	-1225.88	-111808	-22039.7	0.222318	1	0.106047	18.8596	4.41079	0.0294363	19.6431	0.340257	8826	99	647	-39441.5	39.9719f	3.44092	4	1	1	0.0792079	0.148515	0.0594059	9.90099e-09	0	0	0	0	0.845455	0.968326	0.24095	0.568182	0.919226	9.90099e-09	0.128713	9.90099e-09	1	0.0984163	0.167173	0.666667	0.666667	1.5	1	1	25251.2	1e+20	37876.8	76.9027	52.5342	12.6243	4.36319	39.9719	3.44092	
231000	-161739	-1225.88	-114973	-22382.5	0.230752	1	0.108043	18.5111	4.66432	0.0454388	19.6431	0.315816	9057	99	704	-39441.5	12.9389f	3.56298	4	1	1	0.0792079	0.148515	0.0594059	9.90099e-09	0	0	0	0	0.872727	0.963496	0.277348	0.570423	0.918142	9.90099e-09	0.0594059	9.90099e-09	1	0.093819	0.151773	0.666667	0.666667	1.5	1	1	25251.2	1e+20	37876.8	21.1423	28.6209	12.6243	4.36319	12.9389	3.56298	
232000	-163162	-1225.88	-116396	-22549.5	0.231525	1	0.108043	18.5111	4.17357	0.0482703	19.0887	0.352951	9171	99	727	-39441.5	3.60654f	9.93018	4	1	1	0.0792079	0.148515	0.0594059	9.90099e-09	0	0	0	0	0.863636	0.971678	0.237473	0.531469	0.899344	9.90099e-09	0.0594059	9.90099e-09	1	0.0827887	0.15568	0.666667	0.666667	1.5	1	1	25251.2	1e+20	37876.8	21.1423	28.6209	12.6243	4.36319	3.60654	9.93018	
233000	-166351	-1225.88	-119585	-22938.2	0.237439	1	0.11787	16.9678	4.66948	0.0359533	19.0887	0.289166	9440	99	758	-39441.5	14.1257f	11.2607	4	1	1	0.0792079	0.148515	0.0594059	9.90099e-09	0	0	0	0	0.836364	0.964021	0.258985	0.577922	0.914286	9.90099e-09	0.0594059	9.90099e-09	1	0.102646	0.16645	0.666667	0.666667	1.5	1	1	25251.2	1e+20	37876.8	21.1423	28.6209	12.6243	4.36319	14.1257	11.2607	
234000	-164989	-1225.88	-118223	-22724.3	0.238416	1	0.11631	17.1954	5.06424	0.0311387	19.5248	0.270202	9291	99	776	-39441.5	25.4663f	7.53305	4	1	1	0.0792079	0.148515	0.039604	9.90099e-09	0	0	0	0	0.836364	0.964363	0.231432	0.509554	0.919528	9.90099e-09	0.0594059	9.90099e-09	1	0.100642	0.166028	0.666667	0.666667	1.5	1	1	25251.2	1e+20	37876.8	21.1423	28.6209	12.6243	4.36319	25.4663	7.53305	
235000	-165886	-1225.88	-119121	-22816.1	0.23832	1	0.11631	17.1954	5.50189	0.0453476	19.9357	0.248708	9355	99	794	-39441.5	5.05414f	11.1636	4	1	1	0.0792079	0.148515	0.039604	9.90099e-09	0	0	0	0	0.845455	0.958378	0.266026	0.50625	0.897545	9.90099e-09	0.0594059	9.90099e-09	1	0.121795	0.15974	0.666667	0.666667	1.5	1	1	25251.2	1e+20	37876.8	21.1423	28.6209	12.6243	4.36319	5.05414	11.1636	
236000	-164338	-1225.88	-117572	-22582.3	0.236328	1	0.11631	17.1954	5.52582	0.0354331	19.9992	0.247631	9193	99	808	-39441.5	17.5925f	8.83413	4	1	1	0.0792079	0.148515	0.039604	9.90099e-09	0	0	0	0	0.836364	0.959783	0.25	0.597561	0.895652	9.90099e-09	0.0594059	9.90099e-09	1	0.102174	0.164604	0.666667	0.666667	1.5	1	1	25251.2	1e+20	37876.8	21.1423	28.6209	12.6243	4.36319	17.5925	8.83413	
237000	-165072	-1225.88	-118306	-22720.8	0.236328	1	0.11631	17.1954	5.45005	0.0186808	19.9303	0.251074	9289	99	776	-39441.5	40.6252f	13.3973	4	1	1	0.0792079	0.039604	0.039604	9.90099e-09	0	0	0	0	0.781818	0.95685	0.258099	0.521212	0.898598	9.90099e-09	0.0990099	9.90099e-09	1	0.108719	0.153548	0.666667	0.666667	1.5	1	1	25251.2	1e+20	37876.8	21.1423	28.6209	12.6243	4.36319	40.6252	13.3973	
238000	-165828	-1225.88	-119062	-22800.2	0.236328	1	0.11631	17.1954	5.45005	0.0255407	19.9303	0.251074	9344	99	798	-39441.5	31.5355f	9.69269	4	1	1	0.0792079	0.039604	0.039604	9.90099e-09	0	0	0	0	0.836364	0.965702	0.22591	0.481481	0.913369	9.90099e-09	0.0990099	9.90099e-09	1	0.105996	0.176471	0.666667	0.666667	1.5	1	1	25251.2	1e+20	37876.8	21.1423	28.6209	12.6243	4.36319	31.5355	9.69269	
239000	-165107	-1225.88	-118341	-22727.5	0.243554	1	0.11631	17.1954	5.61669	0.0220605	19.9303	0.243625	9290	99	781	-39441.5	16.8691f	25.3991	4	1	1	0.0792079	0.039604	0.039604	9.90099e-09	0	0	0	0	0.854545	0.953763	0.215054	0.496894	0.907626	0.019802	0.0990099	9.90099e-09	1	0.0949299	0.157895	0.666667	0.666667	1.5	1	1	25251.2	1e+20	37876.8	50.5269	1.02966	12.6243	4.36319	16.8691	25.3991	
240000	-168018	-1225.88	-121252	-23130	0.242616	1	0.108417	18.4473	5.21535	0.0286025	19.9303	0.281475	9575	99	776	-39441.5	24.3587f	10.6277	4	1	1	0.0792079	0.039604	0.0693069	9.90099e-09	0	0	0	0	0.872727	0.959248	0.262227	0.481928	0.918665	0.019802	0.0990099	9.90099e-09	1	0.0981211	0.135705	0.666667	0.666667	1.5	1	1	25251.2	1e+20	37876.8	21.1423	28.6209	12.6243	4.36319	24.3587	10.6277	
241000	-166300	-1225.88	-119534	-22966.6	0.238822	1	0.108417	18.4473	5.1338	0.0390794	19.9303	0.285946	9460	99	734	-39441.5	11.9951f	10.138	4	1	1	0.039604	0.039604	0.0693069	9.90099e-09	0	0	0	0	0.763636	0.962025	0.239704	0.541096	0.914894	0.019802	0.0990099	9.90099e-09	1	0.0897571	0.178326	0.666667	0.666667	1.5	1	1	25251.2	1e+20	37876.8	21.1423	28.6209	12.6243	4.36319	11.9951	10.138	
242000	-165939	-1225.88	-119173	-22837.7	0.236098	1	0.108417	18.4473	5.07524	0.0475644	19.9303	0.289246	9370	99	783	-39441.5	8.97165f	5.10738	4	1	1	0.039604	0.039604	0.0693069	9.90099e-09	0	0	0	0	0.790909	0.968153	0.233298	0.5	0.900212	0.019802	0.0990099	9.90099e-09	1	0.107676	0.180519	0.666667	0.666667	1.5	1	1	25251.2	1e+20	37876.8	84.09	4.92648	12.6243	4.36319	8.97165	5.10738	
243000	-164873	-1225.88	-118107	-22766.2	0.233561	1	0.108417	18.4473	4.35961	0.0379212	19.2391	0.336726	9320	99	742	-39441.5	21.5153f	3.891	4	1	1	0.039604	0.009901	0.0693069	9.90099e-09	0	0	0	0	0.763636	0.970053	0.242812	0.626761	0.904762	0.019802	0.0990099	9.90099e-09	1	0.104478	0.169761	0.666667	0.666667	1.5	1	1	25251.2	1e+20	37876.8	84.09	4.92648	12.6243	4.36319	21.5153	3.891	
244000	-163640	-1225.88	-116874	-22591.7	0.233561	1	0.110611	18.0814	4.68047	0.0129786	19.4859	0.307421	9200	99	739	-39441.5	36.6491f	21.6123	4	1	1	0.039604	0.009901	0.0693069	9.90099e-09	0	0	0	0	0.772727	0.977199	0.262473	0.510204	0.91342	0.019802	0.0990099	9.90099e-09	1	0.107375	0.179384	0.666667	0.666667	1.5	1	1	25251.2	1e+20	37876.8	84.09	4.92648	12.6243	4.36319	36.6491	21.6123	
245000	-163624	-1225.88	-116858	-22630.9	0.233561	1	0.110611	18.0814	4.06383	0.0162741	18.8097	0.354068	9227	99	719	-39441.5	14.6045f	46.8139	4	1	1	0.039604	0.009901	0.0693069	9.90099e-09	0	0	0	0	0.781818	0.97177	0.238871	0.545455	0.89468	0.019802	0.0990099	9.90099e-09	1	0.0771739	0.172857	0.666667	0.666667	1.5	1	1	25251.2	1e+20	37876.8	84.09	4.92648	3.57774	28.0375	14.6045	46.8139	
246000	-162984	-1225.88	-116218	-22533.5	0.233561	1	0.114937	17.4009	4.59893	0.0304343	19.2153	0.301096	9160	99	727	-39441.5	1.23892f	52.5271	4	1	1	0.039604	0.009901	0.0693069	9.90099e-09	0	0	0	0	0.845455	0.970588	0.257361	0.541096	0.900763	0.019802	0.0990099	9.90099e-09	1	0.103599	0.196629	0.666667	0.666667	1.5	1	1	25251.2	1e+20	37876.8	84.09	4.92648	3.57774	28.0375	1.23892	52.5271	
247000	-161322	-1225.88	-114557	-22305.6	0.224338	1	0.121058	16.521	4.21614	0.0119521	18.7479	0.311825	9004	99	727	-39441.5	19.8249f	54.1708	4	1	1	0.039604	0.009901	0.0693069	9.90099e-09	0	0	0	0	0.781818	0.965594	0.231964	0.509934	0.9101	0.019802	0.0990099	9.90099e-09	1	0.110988	0.175583	0.666667	0.666667	1.5	1	1	25251.2	1e+20	37876.8	84.09	4.92648	3.57774	28.0375	19.8249	54.1708	
248000	-161399	-1225.88	-114633	-22258.4	0.227358	1	0.119933	16.676	4.45926	0.0186966	18.9933	0.29759	8973	99	759	-39441.5	14.6378f	36.028	4	1	1	0.039604	0.009901	0.0693069	9.90099e-09	0	0	0	0	0.818182	0.952062	0.247492	0.552632	0.90455	0.019802	0.0990099	9.90099e-09	1	0.103255	0.165113	0.666667	0.666667	1.5	1	1	25251.2	1e+20	37876.8	69.7717	14.3818	11.9957	33.5167	14.6378	36.028	
249000	-161798	-1225.88	-115032	-22314.6	0.228494	1	0.119933	16.676	5.02692	0.00162694	19.5465	0.263985	9011	99	763	-39441.5	52.5111f	40.1398	4	1	1	0.039604	0.009901	0.0693069	9.90099e-09	0	0	0	0	0.845455	0.965859	0.232816	0.571429	0.902439	0.019802	0.0990099	9.90099e-09	1	0.12306	0.161589	0.666667	0.666667	1.5	1	1	25251.2	1e+20	37876.8	69.7717	14.3818	43.6665	41.9879	52.5111	40.1398	
250000	-163176	-1225.88	-116410	-22441.5	0.228494	1	0.119933	16.676	5.02692	0.000979623	19.5465	0.263985	9097	99	796	-39441.5	51.898f	42.8613	4	1	1	0.039604	0.049505	0.0693069	9.90099e-09	0	0	0	0	0.909091	0.970264	0.240088	0.5875	0.892662	0.019802	0.0891089	9.90099e-09	1	0.0947137	0.166667	0.666667	0.666667	1.5	1	1	25251.2	1e+20	37876.8	69.7717	14.3818	43.6665	41.9879	51.898	42.8613	
251000	-164319	-1225.88	-117553	-22632.6	0.232161	1	0.12066	16.5755	5.13853	0.0149963	19.5465	0.256696	9228	99	784	-39441.5	30.7843f	22.174	4	1	1	0.039604	0.049505	0.0693069	9.90099e-09	0	0	0	0	0.836364	0.963124	0.237527	0.544872	0.924672	9.90099e-09	0.0891089	9.90099e-09	1	0.10262	0.174463	0.666667	0.666667	1.5	1	1	25251.2	1e+20	37876.8	69.7717	14.3818	43.6665	41.9879	30.7843	22.174	
252000	-162861	-1225.88	-116095	-22526	0.232161	1	0.118729	16.845	5.11555	0.00779981	19.6035	0.262041	9155	99	726	-39441.5	74.4398f	49.1112	4	1	1	0.039604	0.049505	0.0693069	9.90099e-09	0	0	0	0	0.854545	0.974973	0.216776	0.537931	0.904348	9.90099e-09	0.0891089	9.90099e-09	1	0.110262	0.16156	0.666667	0.666667	1.5	1	1	25251.2	1e+20	37876.8	69.7717	14.3818	43.6665	41.9879	74.4398	49.1112	
253000	-162815	-1225.88	-116049	-22512.9	0.232161	1	0.115037	17.3856	4.95649	0.00779981	19.6035	0.27913	9146	99	724	-39441.5	74.4398f	49.1112	4	1	1	0.0594059	0.049505	0.0693069	9.90099e-09	0	0	0	0	0.763636	0.964091	0.234973	0.524823	0.906011	9.90099e-09	0.0891089	9.90099e-09	1	0.0928962	0.162393	0.666667	0.666667	1.5	1	1	25251.2	1e+20	37876.8	69.7717	14.3818	43.6665	41.9879	74.4398	49.1112	
254000	-164604	-1225.88	-117838	-22767	0.236049	1	0.115037	17.3856	5.11833	0.00779981	19.6797	0.270304	9321	99	710	-39441.5	74.4398f	49.1112	4	1	1	0.0594059	0.049505	0.0693069	9.90099e-09	0	0	0	0	0.818182	0.966702	0.235358	0.546667	0.922742	9.90099e-09	0.0891089	9.90099e-09	1	0.0955483	0.148501	0.666667	0.666667	1.5	1	1	25251.2	1e+20	37876.8	75.0423	26.1519	43.6665	41.9879	74.4398	49.1112	