
# before rand glnL: -44945.142540 alnL: -1340.143153
# ninter: 99
# ncoal: 99
# nhits: 99
# true lbda: 0.002782
# true mu: 0.663114
# true rad: 22.293491
# true sigsq: 0.572684
# true neigh. size: 3.016075
# fst-based estimate of neighborhood size: -nan
# nucleotide diversity: 0.000000
# length of a generation: 3252.66 time units
# clock rate: 1 subst. per time unit
# after rand glnL: -44945.142540 alnL: -1340.143153
# ninter: 99
# ncoal: 99
# nhits: 99
# start lbda: 0.002782
# start mu: 0.663114
# start rad: 16.285245
sample	lnP	alnL	glnL	tlnL	lbda	clock	mu	neigh	sigsq	sigsqobs	rad	rhoe	nInt	nCoal	nHit	rootTime	rootLon	rootLat	tstv	alpha	MeanBr	accLbda	accMu	accRad	accInDelDisk	accInDelHit	accScaleTime	accSPR	accSPRlocal	accPath	accIndelDiskSerial	accIndelHitSerial	accLdskGivenDisk	accDiskGivenLdsk	accDiskAndLdsk	accLdskMulti	accDiskMulti	accMoveDiskUD	accAddRemoveJump	accLdskTipToRoot	tuneLbda	tuneRad	tuneMu	tuneIndelDisk	tuneIndelHit	tuneLdskGivenDisk	tuneIndelDiskSerial	tuneIndelHitSerial	c0	c1	rootc0	rootc1	rootldsk0	rootldsk1	
  1000	-52594.2	-1340.14	-5714.1	-1469.32	0.0077628	1	0.19058	10.4943	0.295331	0.0390926	19.9641	2.8277	245	99	120	-35941.4	70.8568f	6.3687	4	1	1	0	0	0	0	0	0	0	0	0.963636	0.789916	0.194915	0.422018	0.517544	0	0	0	1	0.133333	0.26087	1	1	1	1	1	2.25	11.3906	1.5	25.2304	42.878	19.2184	0.0111971	70.8568	6.3687	
  2000	-55290	-1340.14	-8409.89	-2303.1	0.0109716	1	0.194588	10.2781	0.426183	0.035458	19.9641	1.91915	423	99	143	-35941.4	5.32258f	31.028	4	1	1	0	0	0	0	0	0	0	0	0.945455	0.858268	0.284553	0.413462	0.672269	0	0	0	1	0.178862	0.293706	1	1	1	1	1	3.375	437.894	7.59375	25.2304	42.878	19.2184	0.0111971	5.32258	31.028	
  3000	-57249.3	-1340.14	-10369.1	-2883.87	0.0167476	1	0.166555	12.008	0.556829	0.0343068	19.9641	1.71609	558	99	157	-35941.4	11.0586f	22.7522	4	1	1	0	0	0	0	0	0	0	0	0.936364	0.899083	0.216216	0.495238	0.819048	0	0	0	1	0.125	0.218543	1	1	1	1	1	7.59375	85222.7	57.665	25.2304	42.878	19.2184	0.0111971	11.0586	22.7522	
  4000	-58057.4	-1340.14	-11177.3	-3153.78	0.0167476	1	0.145059	13.7875	0.484961	0.0195048	19.9641	2.2624	624	99	150	-35941.4	30.5761f	23.1301	4	1	1	0	0	0	0	0	0	0	0	0.918182	0.928571	0.283465	0.594828	0.859375	0	0	0	1	0.193548	0.273333	1	1	1	1	1	17.0859	3.73185e+07	3325.26	0.443822	24.0268	19.2184	0.0111971	30.5761	23.1301	
  5000	-59138	-1340.14	-12257.9	-3477.33	0.0204748	1	0.156348	12.792	0.639033	0.0130432	19.9641	1.59296	705	99	156	-35941.4	63.2076f	33.1107	4	1	1	0	0	0	0	0	0	0	0	0.890909	0.964286	0.251748	0.509804	0.772059	0	0	0	1	0.133803	0.188679	1	1	1	1	1	57.665	1.63415e+10	287627	0.443822	24.0268	19.2184	0.0111971	63.2076	33.1107	
  6000	-61506.1	-1340.14	-14626	-4120.18	0.0216741	1	0.156348	12.792	0.676464	0.0114498	19.9641	1.50482	872	99	173	-35941.4	28.542f	54.3249	4	1	1	0	0	0	0	0	0	0	0	0.954545	0.932203	0.227273	0.547826	0.824561	0	0	0.0594059	1	0.107955	0.105882	1	1	1	1	1	129.746	3.62265e+13	1.45611e+06	0.443822	24.0268	49.5643	34.59	28.542	54.3249	
  7000	-62054.9	-1340.14	-15174.7	-4209.3	0.0233912	1	0.170422	11.7355	0.795778	0.00804539	19.9641	1.17355	897	99	195	-35941.4	58.5558f	53.9693	4	1	1	0.19802	0.148515	0.009901	0	0	0	0	0	0.872727	0.923077	0.379121	0.474576	0.815029	0	0.168317	0.0594059	1	0.164835	0.161458	0.666667	0.666667	0.666667	1	1	437.894	3.56926e+16	5.59777e+07	0.443822	24.0268	49.5643	34.59	58.5558	53.9693	
  8000	-63223.3	-1340.14	-16343.1	-4523.53	0.0253789	1	0.17016	11.7536	0.792123	0.0205289	19.5462	1.18078	983	99	203	-35941.4	77.4584f	37.0367	4	1	1	0.19802	0.148515	0.009901	0	0	0	0	0	0.9	0.93299	0.188776	0.440678	0.808081	0	0.168317	0.0594059	1	0.131313	0.205263	0.666667	0.666667	0.666667	1	1	1477.89	4.63099e+18	1.43465e+09	12.4038	26.7015	81.0872	46.8448	77.4584	37.0367	
  9000	-63726	-1340.14	-16845.8	-4677.37	0.0265309	1	0.153689	13.0133	0.702203	0.00940364	19.2404	1.47474	1026	99	195	-35941.4	38.5925f	36.503	4	1	1	0.19802	0.148515	0.009901	0	0	0	0	0	0.954545	0.933962	0.273585	0.495727	0.754717	0	0.168317	0.0594059	1	0.122642	0.308824	0.666667	0.666667	0.666667	1	1	4987.89	1e+20	7.26291e+09	12.4038	26.7015	42.7733	38.1108	38.5925	36.503	
 10000	-63562.9	-1340.14	-16682.7	-4578.54	0.0271994	1	0.171182	11.6835	0.798077	0.00720311	19.2178	1.16498	999	99	213	-35941.4	43.1726f	41.1938	4	1	1	0.19802	0.148515	0.009901	0	0	0	0	0	0.918182	0.9	0.27	0.583333	0.745	0	0.168317	0.0594059	1	0.115	0.200935	0.666667	0.666667	0.666667	1	1	16834.1	1e+20	6.28224e+11	12.4038	26.7015	43.6835	52.6093	43.1726	41.1938	
 11000	-63964.8	-1340.14	-17084.7	-4763.57	0.0285707	1	0.186783	10.7076	0.914716	0.00703157	19.2178	0.931531	1051	99	189	-35941.4	51.1417f	56.7992	4	1	1	0.19802	0.148515	0.009901	0.039604	0	0	0	0	0.909091	0.953271	0.273585	0.519231	0.801887	0	0.168317	0.0594059	1	0.0943396	0.328283	0.666667	0.666667	0.666667	1	1	16834.1	1e+20	6.28224e+11	12.4038	26.7015	43.6835	52.6093	51.1417	56.7992	
 12000	-65094.7	-1340.14	-18214.5	-5043.08	0.0308846	1	0.171269	11.6776	0.864727	0.0136993	18.9916	1.07464	1131	99	198	-35941.4	44.6917f	25.9052	4	1	1	0.168317	0.148515	0.009901	0.039604	0	0	0	0	0.863636	0.913793	0.243478	0.475	0.826087	0	0.168317	0.0594059	1	0.192982	0.293839	0.666667	0.666667	0.666667	1	1	16834.1	1e+20	6.28224e+11	12.4038	26.7015	43.6835	52.6093	44.6917	25.9052	
 13000	-66294.6	-1340.14	-19414.4	-5316.85	0.0338897	1	0.168542	11.8665	1.05732	0.0217869	19.5909	0.89311	1211	99	216	-35941.4	17.226f	34.6608	4	1	1	0.168317	0.148515	0.049505	0.039604	0	0	0	0	0.9	0.934426	0.270492	0.517857	0.834711	9.90099e-09	0.118812	9.90099e-09	1	0.131148	0.333333	0.666667	0.666667	0.666667	1	1	16834.1	1e+20	6.28224e+11	12.4038	26.7015	43.6835	52.6093	17.226	34.6608	
 14000	-68792.6	-1340.14	-21912.5	-5895.09	0.0377803	1	0.166605	12.0044	1.16516	0.00745194	19.5909	0.819872	1385	99	243	-35941.4	38.5565f	53.6349	4	1	1	0.168317	0.267327	0.049505	0.039604	0	0	0	0	0.9	0.927536	0.313869	0.508475	0.820144	9.90099e-09	0.118812	9.90099e-09	1	0.138686	0.322034	0.666667	0.666667	0.666667	1	1	16834.1	1e+20	6.28224e+11	12.4038	26.7015	43.6835	52.6093	38.5565	53.6349	
 15000	-70413.7	-1340.14	-23533.6	-6369.39	0.0418267	1	0.160059	12.4954	1.23927	0.0111143	19.5909	0.802371	1533	99	223	-35941.4	52.8397f	67.5255	4	1	1	0.168317	0.267327	0.049505	0.039604	0	0	0	0	0.9	0.934211	0.261438	0.529412	0.865772	9.90099e-09	0.118812	9.90099e-09	1	0.144737	0.252212	0.666667	0.666667	0.666667	1	1	16834.1	1e+20	6.28224e+11	12.4038	26.7015	43.6835	52.6093	52.8397	67.5255	
 16000	-72571.9	-1340.14	-25691.8	-6771.34	0.0450419	1	0.148228	13.4927	1.21149	0.0205123	19.4935	0.886275	1662	99	271	-35941.4	43.5565f	17.1864	4	1	1	0.168317	0.267327	0.049505	0.039604	0	0	0	0	0.872727	0.921687	0.293413	0.558559	0.812121	9.90099e-09	0.118812	9.90099e-09	1	0.101796	0.294118	0.666667	0.666667	0.666667	1	1	16834.1	1e+20	6.28224e+11	12.4038	26.7015	43.6835	52.6093	43.5565	17.1864	
 17000	-75714.4	-1340.14	-28834.2	-7562.58	0.0544505	1	0.137092	14.5888	1.4555	0.0150524	19.8471	0.797621	1926	99	260	-35941.4	66.8831f	32.6223	4	1	1	0.168317	0.267327	0.049505	0.039604	0	0	0	0	0.890909	0.948187	0.259067	0.514286	0.864583	9.90099e-09	0.118812	9.90099e-09	1	0.11399	0.299213	0.666667	0.666667	0.666667	1	1	16834.1	1e+20	6.28224e+11	12.4038	26.7015	43.6835	52.6093	66.8831	32.6223	
 18000	-77615.2	-1340.14	-30735	-7927.92	0.0587948	1	0.144281	13.8618	1.63986	0.00792374	19.8044	0.672674	2052	99	294	-35941.4	46.2667f	37.6396	4	1	1	0.168317	0.267327	0.049505	0.039604	0	0	0	0	0.890909	0.912621	0.277228	0.543103	0.84466	9.90099e-09	0.118812	9.90099e-09	1	0.15534	0.29932	0.666667	0.666667	0.666667	1	1	16834.1	1e+20	6.28224e+11	12.4038	26.7015	43.6835	52.6093	46.2667	37.6396	
 19000	-79197.8	-1340.14	-32317.7	-8253.8	0.0587948	1	0.145034	13.7898	1.64842	0.0137925	19.8044	0.665704	2167	99	312	-35941.4	40.9196f	71.8231	4	1	1	0.168317	0.267327	0.029703	0.039604	0	0	0	0	0.863636	0.959091	0.183486	0.520661	0.863636	9.90099e-09	0.118812	9.90099e-09	1	0.109091	0.286624	0.666667	0.666667	0.666667	1	1	16834.1	1e+20	6.28224e+11	12.4038	26.7015	43.6835	52.6093	40.9196	71.8231	
 20000	-78758.3	-1340.14	-31878.2	-8191.46	0.0587948	1	0.148144	13.5003	1.68377	0.0180322	19.8044	0.638046	2145	99	294	-35941.4	49.733f	78.4545	4	1	1	0.168317	0.267327	0.029703	0.039604	0	0	0	0	0.9	0.917051	0.256881	0.557377	0.820276	9.90099e-09	0.0891089	9.90099e-09	1	0.119816	0.312925	0.666667	0.666667	0.666667	1	1	16834.1	1e+20	6.28224e+11	12.4038	26.7015	43.6835	52.6093	49.733	78.4545	
 21000	-79087.8	-1340.14	-32207.6	-8303.6	0.0606796	1	0.144553	13.8357	1.69562	0.0070341	19.8044	0.649326	2185	99	282	-35941.4	44.9415f	57.1876	4	1	1	0.168317	0.19802	0.029703	0.039604	0	0	0	0	0.854545	0.954128	0.243119	0.5	0.886364	9.90099e-09	0.0891089	9.90099e-09	1	0.127854	0.269896	0.666667	0.666667	0.666667	1	1	16834.1	1e+20	6.28224e+11	12.4038	26.7015	44.447	55.3164	44.9415	57.1876	
 22000	-80831.9	-1340.14	-33951.7	-8609.06	0.0646071	1	0.136026	14.703	1.69888	0.0134948	19.8044	0.688709	2295	99	314	-35941.4	30.7797f	33.2582	4	1	1	0.168317	0.19802	0.029703	0.039604	0	0	0	0	0.9	0.939655	0.228814	0.595041	0.866953	9.90099e-09	0.0891089	9.90099e-09	1	0.126087	0.262458	0.666667	0.666667	0.666667	1	1	16834.1	1e+20	6.28224e+11	12.4038	26.7015	48.4064	40.0306	30.7797	33.2582	
 23000	-79912.5	-1340.14	-33032.3	-8440.27	0.0620853	1	0.145567	13.7394	1.74707	0.00755153	19.8044	0.625818	2234	99	300	-35941.4	38.0364f	53.3466	4	1	1	0.168317	0.19802	0.029703	0.039604	0	0	0	0	0.836364	0.933921	0.192982	0.467742	0.888393	9.90099e-09	0.0891089	9.90099e-09	1	0.09375	0.256579	0.666667	0.666667	0.666667	1	1	16834.1	1e+20	6.28224e+11	12.4038	26.7015	48.4064	40.0306	38.0364	53.3466	
 24000	-80741.6	-1340.14	-33861.4	-8650.38	0.0633105	1	0.15032	13.305	1.83971	0.0216199	19.8044	0.575513	2310	99	293	-35941.4	14.8917f	41.9867	4	1	1	0.118812	0.19802	0.029703	0.009901	0	0	0	0	0.854545	0.935345	0.274678	0.579365	0.857759	9.90099e-09	0.0891089	9.90099e-09	1	0.146552	0.28481	0.666667	0.666667	0.666667	1	1	16834.1	1e+20	6.28224e+11	12.4038	26.7015	48.4064	40.0306	14.8917	41.9867	
 25000	-80724.4	-1340.14	-33844.2	-8578.7	0.0641036	1	0.13922	14.3657	1.72774	0.031653	19.8117	0.661666	2284	99	317	-35941.4	59.8472f	8.07461	4	1	1	0.118812	0.19802	0.009901	0.009901	0	0	0	0	0.854545	0.883117	0.241379	0.593496	0.803493	9.90099e-09	0.0891089	9.90099e-09	1	0.131004	0.290323	0.666667	0.666667	0.666667	1	1	16834.1	1e+20	6.28224e+11	12.4038	26.7015	48.4064	40.0306	59.8472	8.07461	
 26000	-80453.7	-1340.14	-33573.6	-8545.73	0.0641036	1	0.154844	12.9162	1.92163	0.0312175	19.8117	0.534879	2272	99	312	-35941.4	48.166f	6.65022	4	1	1	0.118812	0.19802	0.009901	0.009901	0	0	0	0	0.863636	0.921397	0.267544	0.519685	0.829694	9.90099e-09	0.0693069	9.90099e-09	1	0.139738	0.279503	0.666667	0.666667	0.666667	1	1	16834.1	1e+20	6.28224e+11	12.4038	26.7015	30.2795	36.598	48.166	6.65022	
 27000	-80497.6	-1340.14	-33617.4	-8612.19	0.0625162	1	0.140453	14.2396	1.74624	0.0312175	19.9454	0.648911	2296	99	288	-35941.4	48.166f	6.65022	4	1	1	0.118812	0.19802	0.009901	0.009901	0	0	0	0	0.872727	0.956897	0.298701	0.53125	0.900433	9.90099e-09	0.0693069	9.90099e-09	1	0.103896	0.324759	0.666667	0.666667	0.666667	1	1	16834.1	1e+20	6.28224e+11	12.4038	26.7015	23.9313	28.7514	48.166	6.65022	
 28000	-80975.7	-1340.14	-34095.6	-8684.27	0.0625162	1	0.145207	13.7734	1.82156	0.022181	19.99	0.601712	2322	99	302	-35941.4	32.3477f	18.7167	4	1	1	0.118812	0.227723	0.009901	0.009901	0	0	0	0	0.854545	0.947826	0.218884	0.593496	0.815789	9.90099e-09	0.0693069	9.90099e-09	1	0.141631	0.307947	0.666667	0.666667	0.666667	1	1	16834.1	1e+20	6.28224e+11	12.4038	26.7015	27.2568	34.9847	32.3477	18.7167	
 29000	-80045.3	-1340.14	-33165.1	-8461.35	0.0599908	1	0.15822	12.6406	1.90462	0.0241027	19.99	0.528143	2241	99	306	-35941.4	12.0078f	43.3971	4	1	1	0.0792079	0.227723	0.009901	0.009901	0	0	0	0	0.827273	0.954955	0.26009	0.485149	0.84	9.90099e-09	0.0693069	9.90099e-09	1	0.125561	0.289037	0.666667	0.666667	0.666667	1	1	16834.1	1e+20	6.28224e+11	0.792224	34.9978	27.2568	34.9847	12.0078	43.3971	
 30000	-78630.3	-1340.14	-31750.1	-8132.38	0.0603274	1	0.159839	12.5126	1.93491	0.0069143	19.99	0.514608	2124	99	309	-35941.4	53.294f	54.6198	4	1	1	0.0792079	0.227723	0.009901	0.009901	0	0	0	0	0.827273	0.948357	0.20283	0.53125	0.893519	9.90099e-09	0.0693069	9.90099e-09	1	0.126761	0.291262	0.666667	0.666667	0.666667	1	1	16834.1	1e+20	6.28224e+11	0.792224	34.9978	27.2568	34.9847	53.294	54.6198	
 31000	-79309	-1340.14	-32428.9	-8272.77	0.0603274	1	0.140999	14.1845	1.70684	0.0233745	19.99	0.66132	2174	99	314	-35941.4	18.2411f	29.5466	4	1	1	0.0792079	0.227723	0.039604	0.009901	0	0	0	0	0.845455	0.944954	0.258065	0.495238	0.856481	9.90099e-09	0.0693069	9.90099e-09	1	0.12963	0.294294	0.666667	0.666667	0.666667	1	1	16834.1	1e+20	6.28224e+11	0.792224	34.9978	27.2568	34.9847	18.2411	29.5466	
 32000	-79767.8	-1340.14	-32887.6	-8426.43	0.0624906	1	0.142079	14.0767	1.78159	0.0351394	19.99	0.628757	2229	99	295	-35941.4	34.9426f	5.22913	4	1	1	0.0792079	0.227723	0.039604	0.009901	0	0	0	0	0.845455	0.941964	0.241071	0.57377	0.879464	9.90099e-09	0.188119	9.90099e-09	1	0.143498	0.292683	0.666667	0.666667	0.666667	1	1	16834.1	1e+20	6.28224e+11	0.792224	34.9978	27.2568	34.9847	34.9426	5.22913	
 33000	-79417.1	-1340.14	-32537	-8370.73	0.061904	1	0.144288	13.8612	1.7923	0.00767187	19.99	0.615433	2209	99	285	-35941.4	39.1026f	55.9038	4	1	1	0.0792079	0.227723	0.039604	0.009901	0	0	0	0	0.836364	0.963801	0.325792	0.559322	0.864253	9.90099e-09	0.188119	9.90099e-09	1	0.144796	0.285714	0.666667	0.666667	0.666667	1	1	16834.1	1e+20	6.28224e+11	6.95465	67.5364	27.2568	34.9847	39.1026	55.9038	
 34000	-81301.6	-1340.14	-34421.4	-8734.56	0.0622647	1	0.158421	12.6246	1.84448	0.0291704	19.6405	0.544669	2340	99	314	-35941.4	6.81313f	50.333	4	1	1	0.0792079	0.227723	0.039604	0.009901	0	0	0	0	0.854545	0.939655	0.2103	0.519685	0.841202	9.90099e-09	0.188119	9.90099e-09	1	0.116379	0.33758	0.666667	0.666667	0.666667	1	1	16834.1	1e+20	6.28224e+11	6.95465	67.5364	27.2568	34.9847	6.81313	50.333	
 35000	-81497.5	-1340.14	-34617.3	-8754.9	0.063646	1	0.158421	12.6246	1.82865	0.0235259	19.491	0.549384	2348	99	324	-35941.4	16.2623f	65.81	4	1	1	0.118812	0.168317	0.039604	0.009901	0	0	0	0	0.818182	0.940426	0.266949	0.438462	0.880851	9.90099e-09	0.188119	9.90099e-09	1	0.093617	0.309816	0.666667	0.666667	0.666667	1	1	16834.1	1e+20	6.28224e+11	6.95465	67.5364	27.2568	34.9847	16.2623	65.81	
 36000	-82552.8	-1340.14	-35672.7	-8970.52	0.0633068	1	0.151711	13.1829	1.89527	0.0350424	19.9066	0.553519	2426	99	331	-35941.4	18.8448f	13.6952	4	1	1	0.118812	0.168317	0.039604	0.009901	0	0	0	0	0.809091	0.958333	0.252066	0.541985	0.832636	9.90099e-09	0.188119	9.90099e-09	1	0.127572	0.31746	0.666667	0.666667	0.666667	1	1	16834.1	1e+20	6.28224e+11	6.95465	67.5364	27.2568	34.9847	18.8448	13.6952	
 37000	-82311.4	-1340.14	-35431.3	-8857.49	0.0666102	1	0.151711	13.1829	1.99416	0.00862266	19.9066	0.526069	2386	99	351	-35941.4	35.2939f	55.0596	4	1	1	0.118812	0.168317	0.039604	0.009901	0	0	0	0	0.781818	0.919831	0.309623	0.448598	0.847458	9.90099e-09	0.188119	9.90099e-09	1	0.113924	0.258359	0.666667	0.666667	0.666667	1	1	16834.1	1e+20	6.28224e+11	6.95465	67.5364	17.7678	53.9197	35.2939	55.0596	
 38000	-81643	-1340.14	-34762.9	-8795	0.0659951	1	0.155668	12.8478	1.94641	0.00958125	19.7051	0.525273	2363	99	319	-35941.4	32.1064f	53.0615	4	1	1	0.118812	0.168317	0.029703	0.009901	0	0	0	0	0.836364	0.953586	0.283898	0.578125	0.877637	9.90099e-09	0.0792079	9.90099e-09	1	0.0970464	0.301242	0.666667	0.666667	0.666667	1	1	16834.1	1e+20	6.28224e+11	6.95465	67.5364	17.7678	53.9197	32.1064	53.0615	
 39000	-82485	-1340.14	-35604.8	-8887.29	0.0666065	1	0.179063	11.1692	2.33941	0.0590783	19.8766	0.379933	2397	99	355	-35941.4	8.71854f	97.1705	4	1	1	0.118812	0.168317	0.029703	0.009901	0	0	0	0	0.836364	0.9375	0.241667	0.522124	0.855372	9.90099e-09	0.0792079	9.90099e-09	1	0.145833	0.282913	0.666667	0.666667	0.666667	1	1	16834.1	1e+20	6.28224e+11	6.95465	67.5364	17.7678	53.9197	8.71854	97.1705	
 40000	-82742.1	-1340.14	-35862	-8965.64	0.0674013	1	0.159305	12.5545	2.12361	0.0119294	19.9178	0.470451	2426	99	354	-35941.4	42.9333f	69.2172	4	1	1	0.118812	0.168317	0.029703	0.009901	0	0	0	0	0.790909	0.930612	0.236735	0.423423	0.834008	9.90099e-09	0.0792079	9.90099e-09	1	0.118367	0.335092	0.666667	0.666667	0.666667	1	1	16834.1	1e+20	6.28224e+11	47.3895	15.7905	17.7678	53.9197	42.9333	69.2172	
 41000	-82645.3	-1340.14	-35765.2	-9024.97	0.0674013	1	0.165692	12.0706	2.20875	0.0347078	19.9178	0.434882	2448	99	317	-35941.4	5.00978f	64.9664	4	1	1	0.0891089	0.158416	0.029703	0.009901	0	0	0	0	0.809091	0.967347	0.236735	0.45098	0.828571	9.90099e-09	0.0792079	9.90099e-09	1	0.110204	0.27044	0.666667	0.666667	0.666667	1	1	16834.1	1e+20	6.28224e+11	47.3895	15.7905	17.7678	53.9197	5.00978	64.9664	
 42000	-83497.1	-1340.14	-36616.9	-9154.43	0.0674013	1	0.152635	13.1032	1.98325	0.00632854	19.7907	0.525761	2496	99	341	-35941.4	49.1357f	44.9636	4	1	1	0.0891089	0.158416	0.029703	0.009901	0	0	0	0	0.854545	0.927419	0.268	0.571429	0.824	9.90099e-09	0.0792079	9.90099e-09	1	0.176	0.246334	0.666667	0.666667	0.666667	1	1	16834.1	1e+20	6.28224e+11	47.3895	15.7905	17.7678	53.9197	49.1357	44.9636	
 43000	-82755.1	-1340.14	-35874.9	-8973.73	0.0674013	1	0.167315	11.9535	2.09701	0.0191574	19.6131	0.453611	2429	99	350	-35941.4	31.4778f	23.0371	4	1	1	0.0891089	0.158416	0.049505	0.009901	0	0	0	0	0.827273	0.943089	0.204082	0.540741	0.845528	9.90099e-09	0.0792079	9.90099e-09	1	0.119342	0.274286	0.666667	0.666667	0.666667	1	1	16834.1	1e+20	6.28224e+11	47.3895	15.7905	17.7678	53.9197	31.4778	23.0371	
 44000	-83775.8	-1340.14	-36895.6	-9218.04	0.0683477	1	0.164762	12.1387	2.09401	0.0151993	19.6131	0.461301	2520	99	338	-35941.4	49.1035f	23.5786	4	1	1	0.0891089	0.158416	0.049505	0.009901	0	0	0	0	0.809091	0.932271	0.231076	0.518182	0.822581	9.90099e-09	0.118812	9.90099e-09	1	0.130435	0.238235	0.666667	0.666667	0.666667	1	1	16834.1	1e+20	6.28224e+11	47.3895	15.7905	17.7678	53.9197	49.1035	23.5786	
 45000	-84182.1	-1340.14	-37302	-9335.09	0.0736402	1	0.156839	12.7519	2.15587	0.0255115	19.6318	0.470699	2564	99	330	-35941.4	41.0807f	86.0214	4	1	1	0.0891089	0.158416	0.049505	0.009901	0	0	0	0	0.827273	0.945525	0.278431	0.514851	0.878906	9.90099e-09	0.118812	9.90099e-09	1	0.14786	0.316716	0.666667	0.666667	0.666667	1	1	16834.1	1e+20	6.28224e+11	47.3895	15.7905	17.7678	53.9197	41.0807	86.0214	
 46000	-83839.6	-1340.14	-36959.4	-9230.32	0.0733764	1	0.164647	12.1472	2.32556	0.00636546	19.7835	0.415662	2524	99	340	-35941.4	51.1875f	52.3135	4	1	1	0.0891089	0.158416	0.049505	0.009901	0	0	0	0	0.8	0.940476	0.181818	0.519231	0.874016	9.90099e-09	0.118812	9.90099e-09	1	0.0948617	0.297619	0.666667	0.666667	0.666667	1	1	16834.1	1e+20	6.28224e+11	47.3895	15.7905	40.3794	73.074	51.1875	52.3135	
 47000	-84133.4	-1340.14	-37253.2	-9314.84	0.0682131	1	0.152501	13.1147	2.00243	0.013633	19.7835	0.521182	2556	99	334	-35941.4	24.6922f	44.4843	4	1	1	0.0792079	0.237624	0.049505	0.009901	0	0	0	0	0.872727	0.957198	0.261719	0.538462	0.840467	9.90099e-09	0.118812	9.90099e-09	1	0.113281	0.303725	0.666667	0.666667	0.666667	1	1	16834.1	1e+20	6.28224e+11	47.3895	15.7905	40.3794	73.074	24.6922	44.4843	
 48000	-82365.3	-1340.14	-35485.2	-8981.88	0.0682131	1	0.148429	13.4744	1.73711	0.0103036	19.2224	0.617268	2432	99	309	-35941.4	54.7881f	65.115	4	1	1	0.0792079	0.237624	0.049505	0.009901	0	0	0	0	0.781818	0.942623	0.217213	0.440945	0.877049	9.90099e-09	0.118812	9.90099e-09	1	0.0983607	0.277419	0.666667	0.666667	0.666667	1	1	16834.1	1e+20	6.28224e+11	47.3895	15.7905	40.3794	73.074	54.7881	65.115	
 49000	-84714.9	-1340.14	-37834.8	-9470.56	0.0726588	1	0.154552	12.9406	1.70103	0.0344075	18.6331	0.605387	2616	99	320	-35941.4	16.3038f	81.7596	4	1	1	0.0792079	0.237624	0.049505	0.009901	0	0	0	0	0.809091	0.934615	0.210728	0.519084	0.853846	9.90099e-09	0.118812	9.90099e-09	1	0.111538	0.315625	0.666667	0.666667	0.666667	1	1	16834.1	1e+20	6.28224e+11	47.3895	15.7905	5.34946	96.4319	16.3038	81.7596	
 50000	-85753.1	-1340.14	-38872.9	-9616.83	0.0736021	1	0.157754	12.678	1.75881	0.0388871	18.6331	0.573618	2672	99	362	-35941.4	0.247674f	60.2074	4	1	1	0.0792079	0.237624	0.049505	9.90099e-09	0	0	0	0	0.818182	0.940741	0.205224	0.522523	0.840149	9.90099e-09	0.0990099	9.90099e-09	1	0.115672	0.343575	0.666667	0.666667	0.666667	1	1	16834.1	1e+20	6.28224e+11	47.3895	15.7905	5.34946	96.4319	0.247674	60.2074	
 51000	-87287.5	-1340.14	-40407.3	-9931.45	0.0741844	1	0.142831	14.0025	1.58513	0.0493066	18.575	0.702962	2793	99	364	-35941.4	13.628f	93.4293	4	1	1	0.0792079	0.237624	0.049505	9.90099e-09	0	0	0	0	0.754545	0.949458	0.24	0.448598	0.860714	9.90099e-09	0.0990099	9.90099e-09	1	0.117857	0.308123	0.666667	0.666667	0.666667	1	1	16834.1	1e+20	6.28224e+11	47.3895	15.7905	5.34946	96.4319	13.628	93.4293	
 52000	-87495.4	-1340.14	-40615.3	-9982.89	0.0744882	1	0.156369	12.7902	1.74248	0.0494848	18.575	0.58412	2813	99	369	-35941.4	15.9374f	95.2478	4	1	1	0.0792079	0.237624	0.049505	9.90099e-09	0	0	0	0	0.772727	0.960854	0.234043	0.559633	0.879004	9.90099e-09	0.0990099	9.90099e-09	1	0.131673	0.333333	0.666667	0.666667	0.666667	1	1	16834.1	1e+20	6.28224e+11	47.3895	15.7905	14.1716	89.3013	15.9374	95.2478	
 53000	-87337	-1340.14	-40456.8	-9962.34	0.0763651	1	0.148236	13.492	2.03783	0.0446903	19.4548	0.526865	2806	99	358	-35941.4	4.02943f	78.8859	4	1	1	0.0792079	0.237624	0.049505	9.90099e-09	0	0	0	0	0.809091	0.946809	0.238596	0.53211	0.863636	9.90099e-09	0.0990099	9.90099e-09	1	0.166667	0.320334	0.666667	0.666667	0.666667	1	1	16834.1	1e+20	6.28224e+11	47.3895	15.7905	14.1716	89.3013	4.02943	78.8859	
 54000	-89592.7	-1340.14	-42712.6	-10333	0.0810996	1	0.172645	11.5845	2.35945	0.0403894	19.1363	0.39071	2953	99	411	-35941.4	21.6217f	91.5557	4	1	1	0.0792079	0.217822	0.0693069	9.90099e-09	0	0	0	0	0.881818	0.93266	0.217687	0.55	0.858108	9.90099e-09	0.0990099	9.90099e-09	1	0.138514	0.291878	0.666667	0.666667	0.666667	1	1	16834.1	1e+20	6.28224e+11	15.833	36.6131	14.1716	89.3013	21.6217	91.5557	
 55000	-87799	-1340.14	-40918.9	-10038	0.0789751	1	0.157399	12.7066	2.09474	0.0191875	19.1363	0.482712	2836	99	368	-35941.4	19.1615f	60.9182	4	1	1	0.0792079	0.217822	0.0693069	9.90099e-09	0	0	0	0	0.863636	0.944251	0.260563	0.476636	0.84507	9.90099e-09	0.0990099	9.90099e-09	1	0.133803	0.313559	0.666667	0.666667	0.666667	1	1	16834.1	1e+20	6.28224e+11	15.833	36.6131	14.1716	89.3013	19.1615	60.9182	
 56000	-88698.9	-1340.14	-41818.8	-10260.6	0.0827779	1	0.136965	14.6023	2.03895	0.0469626	19.4499	0.56991	2924	99	356	-35941.4	9.60481f	87.9125	4	1	1	0.0792079	0.217822	0.0693069	9.90099e-09	0	0	0	0	0.827273	0.96587	0.267123	0.586207	0.859589	9.90099e-09	0.0990099	9.90099e-09	1	0.122867	0.316716	0.666667	0.666667	0.666667	1	1	16834.1	1e+20	6.28224e+11	15.833	36.6131	14.1716	89.3013	9.60481	87.9125	
 57000	-87337.4	-1340.14	-40457.2	-10020.2	0.0788624	1	0.136719	14.6285	1.87839	0.0488162	19.2961	0.619734	2829	99	332	-35941.4	13.1881f	92.6851	4	1	1	0.0792079	0.217822	0.0693069	9.90099e-09	0	0	0	0	0.772727	0.961268	0.242105	0.553571	0.866197	9.90099e-09	0.0693069	9.90099e-09	1	0.112676	0.281977	0.666667	0.666667	0.666667	1	1	16834.1	1e+20	6.28224e+11	15.833	36.6131	14.1716	89.3013	13.1881	92.6851	
 58000	-87059.4	-1340.14	-40179.3	-9954.19	0.0788624	1	0.141137	14.1707	2.1971	0.0488162	19.9082	0.513253	2803	99	336	-35941.4	13.1881f	92.6851	4	1	1	0.0792079	0.217822	0.0693069	9.90099e-09	0	0	0	0	0.890909	0.942652	0.25	0.504854	0.877698	9.90099e-09	0.0693069	9.90099e-09	1	0.0824373	0.307453	0.666667	0.666667	0.666667	1	1	16834.1	1e+20	6.28224e+11	10.4876	54.243	14.1716	89.3013	13.1881	92.6851	
 59000	-87928.7	-1340.14	-41048.6	-10134.5	0.0788624	1	0.140378	14.2473	2.18529	0.0244747	19.9082	0.518816	2874	99	338	-35941.4	45.3105f	85.5082	4	1	1	0.0693069	0.217822	0.0693069	9.90099e-09	0	0	0	0	0.890909	0.944251	0.260417	0.54717	0.864583	9.90099e-09	0.0693069	9.90099e-09	1	0.0902778	0.283668	0.666667	0.666667	0.666667	1	1	16834.1	1e+20	6.28224e+11	10.4876	54.243	14.1716	89.3013	45.3105	85.5082	
 60000	-88939.9	-1340.14	-42059.8	-10358	0.0813545	1	0.130443	15.3324	1.82402	0.029516	19.2311	0.668911	2963	99	339	-35941.4	14.5062f	73.555	4	1	1	0.0693069	0.217822	0.0693069	9.90099e-09	0	0	0	0	0.854545	0.932203	0.257627	0.509804	0.898649	9.90099e-09	0.0693069	9.90099e-09	1	0.104377	0.294643	0.666667	0.666667	0.666667	1	1	16834.1	1e+20	6.28224e+11	10.4876	54.243	14.1716	89.3013	14.5062	73.555	
 61000	-89789.4	-1340.14	-42909.3	-10492.6	0.0856593	1	0.13834	14.4571	2.09174	0.0265695	19.3595	0.550002	3017	99	356	-35941.4	38.3598f	86.4713	4	1	1	0.0693069	0.188119	0.0693069	9.90099e-09	0	0	0	0	0.809091	0.930464	0.219269	0.568627	0.877483	9.90099e-09	0.0693069	9.90099e-09	1	0.112583	0.328652	0.666667	0.666667	0.666667	1	1	16834.1	1e+20	6.28224e+11	10.4876	54.243	14.1716	89.3013	38.3598	86.4713	
 62000	-90009.8	-1340.14	-43129.7	-10531.6	0.0839569	1	0.133542	14.9766	1.94127	0.0161148	19.2664	0.613927	3033	99	353	-35941.4	34.1717f	72.5125	4	1	1	0.0693069	0.188119	0.0891089	9.90099e-09	0	0	0	0	0.836364	0.956811	0.212625	0.546296	0.857143	9.90099e-09	0.0693069	9.90099e-09	1	0.10299	0.320442	0.666667	0.666667	0.666667	1	1	16834.1	1e+20	6.28224e+11	10.4876	54.243	14.1716	89.3013	34.1717	72.5125	
 63000	-91369.8	-1340.14	-44489.7	-10695.1	0.0839569	1	0.143884	13.9001	2.09161	0.0292712	19.2664	0.528844	3099	99	408	-35941.4	22.8639f	81.7278	4	1	1	0.0693069	0.188119	0.0891089	9.90099e-09	0	0	0	0	0.872727	0.954839	0.254019	0.5	0.835484	9.90099e-09	0.0693069	9.90099e-09	1	0.116129	0.296117	0.666667	0.666667	0.666667	1	1	16834.1	1e+20	6.28224e+11	13.4748	23.0283	14.1716	89.3013	22.8639	81.7278	
 64000	-91064.6	-1340.14	-44184.5	-10680.6	0.0836794	1	0.141916	14.0928	2.04434	0.041717	19.2386	0.548575	3093	99	384	-35941.4	3.50585f	74.1364	4	1	1	0.0693069	0.188119	0.0891089	9.90099e-09	0	0	0	0	0.863636	0.951768	0.228296	0.558559	0.870968	9.90099e-09	0.0594059	9.90099e-09	1	0.125402	0.285714	0.666667	0.666667	0.666667	1	1	16834.1	1e+20	6.28224e+11	13.4748	23.0283	4.30727	75.5991	3.50585	74.1364	
 65000	-92528.5	-1340.14	-45648.4	-10969	0.0892528	1	0.145662	13.7304	2.23806	0.00948052	19.2386	0.488204	3212	99	397	-35941.4	32.231f	45.77	4	1	1	0.0792079	0.188119	0.0891089	9.90099e-09	0	0	0	0	0.818182	0.968454	0.252336	0.452174	0.83125	9.90099e-09	0.0594059	9.90099e-09	1	0.133956	0.299742	0.666667	0.666667	0.666667	1	1	16834.1	1e+20	6.28224e+11	40.7351	21.3381	5.11648	53.519	32.231	45.77	
 66000	-92567.8	-1340.14	-45687.6	-10947.2	0.0890749	1	0.139211	14.3667	2.13467	0.0352773	19.2386	0.535568	3203	99	408	-35941.4	24.7791f	88.9554	4	1	1	0.0792079	0.188119	0.0891089	9.90099e-09	0	0	0	0	0.809091	0.96875	0.258567	0.586777	0.844237	9.90099e-09	0.0594059	9.90099e-09	1	0.130841	0.321078	0.666667	0.666667	0.666667	1	1	16834.1	1e+20	6.28224e+11	4.79297	38.4874	5.11648	53.519	24.7791	88.9554	
 67000	-89930.6	-1340.14	-43050.5	-10482.3	0.0847939	1	0.160203	12.4842	2.26982	0.0159348	19.0957	0.437681	3013	99	370	-35941.4	28.8571f	68.1753	4	1	1	0.0792079	0.237624	0.0891089	9.90099e-09	0	0	0	0	0.863636	0.933993	0.256579	0.552632	0.870861	9.90099e-09	0.0594059	9.90099e-09	1	0.0993378	0.298201	0.666667	0.666667	0.666667	1	1	16834.1	1e+20	6.28224e+11	4.79297	38.4874	5.11648	53.519	28.8571	68.1753	
 68000	-91103.5	-1340.14	-44223.4	-10697	0.0847939	1	0.164515	12.1569	1.8956	0.031486	18.1339	0.510349	3100	99	392	-35941.4	5.02688f	44.8236	4	1	1	0.0792079	0.237624	0.0990099	9.90099e-09	0	0	0	0	0.827273	0.931373	0.220065	0.577586	0.870861	0.009901	0.0594059	9.90099e-09	1	0.116505	0.342105	0.666667	0.666667	0.666667	1	1	16834.1	1e+20	6.28224e+11	4.79297	38.4874	5.11648	53.519	5.02688	44.8236	
 69000	-90607.6	-1340.14	-43727.5	-10691.7	0.0854807	1	0.17079	11.7103	1.98384	0.0310256	18.1339	0.469734	3098	99	348	-35941.4	9.31922f	30.9432	4	1	1	0.0792079	0.237624	0.0990099	9.90099e-09	0	0	0	0	0.845455	0.939103	0.217949	0.54955	0.849359	0.009901	0.0594059	9.90099e-09	1	0.0967742	0.343575	0.666667	0.666667	0.666667	1	1	16834.1	1e+20	6.28224e+11	14.86	35.3522	5.11648	53.519	9.31922	30.9432	
 70000	-91432.2	-1340.14	-44552.1	-10872.2	0.0889302	1	0.168826	11.8465	1.89993	0.013399	17.8139	0.496185	3172	99	347	-35941.4	30.5173f	64.6036	4	1	1	0.0693069	0.237624	0.0990099	9.90099e-09	0	0	0	0	0.827273	0.962025	0.204403	0.614035	0.874214	0.009901	0.0792079	9.90099e-09	1	0.0660377	0.305476	0.666667	0.666667	0.666667	1	1	16834.1	1e+20	6.28224e+11	36.7871	20.3717	5.11648	53.519	30.5173	64.6036	
 71000	-92605.8	-1340.14	-45725.7	-11065.6	0.0917221	1	0.16268	12.2941	2.18939	0.0190815	18.4853	0.44685	3252	99	364	-35941.4	21.0192f	64.4205	4	1	1	0.0693069	0.237624	0.0990099	9.90099e-09	0	0	0	0	0.8	0.972136	0.208589	0.557522	0.877301	0.009901	0.0792079	9.90099e-09	1	0.138037	0.3241	0.666667	0.666667	0.666667	1	1	16834.1	1e+20	6.28224e+11	14.86	35.3522	5.11648	53.519	21.0192	64.4205	
 72000	-92738.3	-1340.14	-45858.2	-11043.7	0.0902158	1	0.155333	12.8756	1.99737	0.0255514	18.3517	0.512978	3243	99	388	-35941.4	12.387f	36.3595	4	1	1	0.0693069	0.237624	0.0990099	0.009901	0	0	0	0	0.890909	0.932099	0.246914	0.520661	0.864615	0.009901	0.0792079	9.90099e-09	1	0.12	0.293671	0.666667	0.666667	0.666667	1	1	16834.1	1e+20	6.28224e+11	34.2701	24.2851	5.11648	53.519	12.387	36.3595	
 73000	-94036.2	-1340.14	-47156	-11275.6	0.0927891	1	0.154274	12.9639	1.74929	0.0061906	17.659	0.589745	3340	99	405	-35941.4	45.0335f	51.1637	4	1	1	0.0693069	0.237624	0.0990099	0.009901	0	0	0	0	0.763636	0.966867	0.216867	0.487603	0.859701	0.009901	0.0792079	9.90099e-09	1	0.0746269	0.319307	0.666667	0.666667	0.666667	1	1	16834.1	1e+20	6.28224e+11	13.5316	21.6287	5.11648	53.519	45.0335	51.1637	
 74000	-93445.2	-1340.14	-46565.1	-11287.5	0.0936059	1	0.144178	13.8717	1.64921	0.035216	17.659	0.669339	3345	99	339	-35941.4	13.4106f	79.6803	4	1	1	0.0693069	0.237624	0.0594059	0.009901	0	0	0	0	0.836364	0.928571	0.247761	0.442308	0.844776	0.009901	0.0792079	9.90099e-09	1	0.107143	0.322485	0.666667	0.666667	0.666667	1	1	16834.1	1e+20	6.28224e+11	96.8509	98.0689	5.11648	53.519	13.4106	79.6803	
 75000	-94816.8	-1340.14	-47936.6	-11522.8	0.0927957	1	0.146634	13.6394	1.66278	0.0180466	17.659	0.652755	3444	99	365	-35941.4	18.205f	48.5003	4	1	1	0.0693069	0.237624	0.0594059	0.009901	0	0	0	0	0.781818	0.967836	0.202346	0.537736	0.87574	0.009901	0.0792079	9.90099e-09	1	0.113043	0.318919	0.666667	0.666667	0.666667	1	1	16834.1	1e+20	6.28224e+11	24.8376	6.60161	5.11648	53.519	18.205	48.5003	
 76000	-94535.9	-1340.14	-47655.7	-11403.4	0.0946749	1	0.161887	12.3543	1.87292	0.0110832	17.659	0.524915	3394	99	391	-35941.4	28.5788f	47.9605	4	1	1	0.108911	0.237624	0.0594059	0.009901	0	0	0	0	0.718182	0.932749	0.244186	0.508333	0.891496	0.009901	0.118812	9.90099e-09	1	0.107558	0.337596	0.666667	0.666667	0.666667	1	1	16834.1	1e+20	6.28224e+11	24.8376	6.60161	5.11648	53.519	28.5788	47.9605	
 77000	-95138.4	-1340.14	-48258.2	-11518.8	0.0950044	1	0.173124	11.5524	1.93823	0.00934004	17.4994	0.474304	3443	99	400	-35941.4	33.2625f	43.5151	4	1	1	0.108911	0.237624	0.0594059	0.009901	0	0	0	0	0.772727	0.930029	0.187683	0.512195	0.857971	0.009901	0.118812	9.90099e-09	1	0.0985507	0.375	0.666667	0.666667	0.666667	1	1	16834.1	1e+20	6.28224e+11	24.8376	6.60161	5.11648	53.519	33.2625	43.5151	
 78000	-95165.8	-1340.14	-48285.7	-11515.1	0.0914943	1	0.160183	12.4857	1.78084	0.0320686	17.634	0.55793	3440	99	401	-35941.4	4.51672f	53.3307	4	1	1	0.108911	0.237624	0.0594059	0.009901	0	0	0	0	0.863636	0.956522	0.231884	0.541667	0.825073	0.009901	0.118812	9.90099e-09	1	0.110145	0.296296	0.666667	0.666667	0.666667	1	1	16834.1	1e+20	6.28224e+11	24.8376	6.60161	5.11648	53.519	4.51672	53.3307	
 79000	-96733.8	-1340.14	-49853.6	-11840.8	0.0971531	1	0.166288	12.0273	1.96305	0.0396884	17.634	0.48756	3581	99	395	-35941.4	6.82141f	76.7153	4	1	1	0.108911	0.237624	0.0594059	0.009901	0	0	0	0	0.736364	0.943978	0.193277	0.522124	0.868347	9.90099e-09	0.118812	9.90099e-09	1	0.10084	0.278481	0.666667	0.666667	0.666667	1	1	16834.1	1e+20	6.28224e+11	24.8376	6.60161	5.11648	53.519	6.82141	76.7153	
 80000	-97367.2	-1340.14	-50487.1	-12003.9	0.104211	1	0.161628	12.3741	1.73308	0.0364455	16.9159	0.568179	3652	99	384	-35941.4	10.4408f	77.5867	4	1	1	0.108911	0.267327	0.019802	9.90099e-09	0	0	0	0	0.836364	0.912088	0.193989	0.561404	0.884615	9.90099e-09	0.118812	9.90099e-09	1	0.101093	0.34492	0.666667	0.666667	0.666667	1	1	16834.1	1e+20	6.28224e+11	24.8376	6.60161	9.85046	50.4603	10.4408	77.5867	
 81000	-98202.7	-1340.14	-51322.5	-12191.6	0.104232	1	0.148238	13.4919	1.68862	0.0201453	17.1728	0.635815	3735	99	371	-35941.4	17.8316f	37.8133	4	1	1	0.108911	0.267327	0.019802	9.90099e-09	0	0	0	0	0.781818	0.955026	0.218085	0.545455	0.87766	9.90099e-09	0.118812	9.90099e-09	1	0.0582011	0.356962	0.666667	0.666667	0.666667	1	1	16834.1	1e+20	6.28224e+11	17.4385	47.3783	9.85046	50.4603	17.8316	37.8133	
 82000	-99943.9	-1340.14	-53063.7	-12398.9	0.105679	1	0.161313	12.3983	2.68442	0.040488	18.8146	0.367536	3827	99	424	-35941.4	0.41646f	33.2898	4	1	1	0.108911	0.267327	0.019802	9.90099e-09	0	0	0	0	0.818182	0.943005	0.22739	0.511811	0.894737	9.90099e-09	0.118812	9.90099e-09	1	0.128535	0.315166	0.666667	0.666667	0.666667	1	1	16834.1	1e+20	6.28224e+11	17.4385	47.3783	9.85046	50.4603	0.41646	33.2898	
 83000	-97512.7	-1340.14	-50632.5	-11980.2	0.102717	1	0.157202	12.7225	1.97958	0.0230446	17.6732	0.511434	3642	99	402	-35941.4	19.8225f	27.9196	4	1	1	0.0891089	0.267327	0.019802	9.90099e-09	0	0	0	0	0.790909	0.950954	0.2	0.537815	0.863388	9.90099e-09	0.0891089	9.90099e-09	1	0.0901639	0.309353	0.666667	0.666667	0.666667	1	1	16834.1	1e+20	6.28224e+11	17.4385	47.3783	9.85046	50.4603	19.8225	27.9196	
 84000	-98201.1	-1340.14	-51321	-12123.5	0.102717	1	0.162849	12.2813	2.02176	0.0286519	17.6106	0.483399	3705	99	403	-35941.4	13.6301f	27.4287	4	1	1	0.0891089	0.267327	0.019802	9.90099e-09	0	0	0	0	0.827273	0.948649	0.16442	0.55	0.86828	9.90099e-09	0.0891089	9.90099e-09	1	0.0913979	0.306569	0.666667	0.666667	0.666667	1	1	16834.1	1e+20	6.28224e+11	17.4385	47.3783	9.85046	50.4603	13.6301	27.4287	
 85000	-99232.9	-1340.14	-52352.8	-12339.7	0.102717	1	0.150678	13.2734	1.62771	0.0211964	17.0086	0.648924	3800	99	398	-35941.4	27.9415f	75.7124	4	1	1	0.0891089	0.267327	0.019802	9.90099e-09	0	0	0	0	0.818182	0.960526	0.167979	0.5	0.884514	9.90099e-09	0.0891089	9.90099e-09	1	0.0682415	0.38191	0.666667	0.666667	0.666667	1	1	16834.1	1e+20	6.28224e+11	17.4385	47.3783	9.85046	50.4603	27.9415	75.7124	
 86000	-99462.5	-1340.14	-52582.3	-12331.7	0.10449	1	0.168309	11.8829	1.84955	0.0266477	17.0086	0.511267	3797	99	423	-35941.4	10.7268f	38.0616	4	1	1	0.0891089	0.217822	0.118812	9.90099e-09	0	0	0	0	0.827273	0.939948	0.186842	0.523438	0.868895	9.90099e-09	0.0891089	9.90099e-09	1	0.107895	0.319048	0.666667	0.666667	0.666667	1	1	16834.1	1e+20	6.28224e+11	17.4385	47.3783	9.85046	50.4603	10.7268	38.0616	
 87000	-99528.7	-1340.14	-52648.6	-12236.8	0.10449	1	0.179736	11.1274	2.40449	0.0247789	17.8659	0.368267	3755	99	469	-35941.4	11.2747f	43.7601	4	1	1	0.0891089	0.217822	0.118812	9.90099e-09	0	0	0	0	0.8	0.941176	0.201058	0.6	0.860963	9.90099e-09	0.0891089	9.90099e-09	1	0.12234	0.306867	0.666667	0.666667	0.666667	1	1	16834.1	1e+20	6.28224e+11	17.4385	47.3783	9.85046	50.4603	11.2747	43.7601	
 88000	-99973.6	-1340.14	-53093.5	-12435.6	0.104479	1	0.159075	12.5727	2.04691	0.0314757	17.6935	0.488788	3843	99	416	-35941.4	12.0711f	73.0143	4	1	1	0.0891089	0.217822	0.118812	9.90099e-09	0	0	0	0	0.772727	0.945455	0.186528	0.570313	0.888312	9.90099e-09	0.0990099	9.90099e-09	1	0.121762	0.348341	0.666667	0.666667	0.666667	1	1	16834.1	1e+20	6.28224e+11	17.4385	47.3783	9.85046	50.4603	12.0711	73.0143	
 89000	-99950.9	-1340.14	-53070.8	-12532.7	0.104479	1	0.145851	13.7126	1.59733	0.0352873	16.9946	0.683148	3886	99	369	-35941.4	8.45288f	25.266	4	1	1	0.049505	0.217822	0.118812	9.90099e-09	0	0	0	0	0.781818	0.96134	0.162371	0.474576	0.865979	9.90099e-09	0.0990099	9.90099e-09	1	0.0719794	0.372283	0.666667	0.666667	0.666667	1	1	16834.1	1e+20	6.28224e+11	17.4385	47.3783	9.85046	50.4603	8.45288	25.266	
 90000	-98636.6	-1340.14	-51756.5	-12284.6	0.106718	1	0.129512	15.4426	1.73797	0.0315111	17.7857	0.70708	3776	99	361	-35941.4	5.42639f	56.5736	4	1	1	0.049505	0.217822	0.118812	9.90099e-09	0	0	0	0	0.8	0.920635	0.213158	0.470085	0.890052	9.90099e-09	0.0990099	9.90099e-09	1	0.0899471	0.34626	0.666667	0.666667	0.666667	1	1	16834.1	1e+20	6.28224e+11	17.4385	47.3783	9.85046	50.4603	5.42639	56.5736	
 91000	-101229	-1340.14	-54349.3	-12618.4	0.104558	1	0.161236	12.4042	2.11987	0.019692	17.7857	0.465639	3924	99	446	-35941.4	18.8617f	36.6574	4	1	1	0.049505	0.217822	0.118812	9.90099e-09	0	0	0	0	0.809091	0.949239	0.204082	0.57037	0.840102	9.90099e-09	0.0990099	9.90099e-09	1	0.102041	0.355505	0.666667	0.666667	0.666667	1	1	16834.1	1e+20	6.28224e+11	17.4385	47.3783	9.85046	50.4603	18.8617	36.6574	
 92000	-101318	-1340.14	-54437.9	-12647.8	0.104558	1	0.164586	12.1517	2.16392	0.037405	17.7857	0.446874	3937	99	437	-35941.4	1.23705f	59.5589	4	1	1	0.049505	0.217822	0.118812	9.90099e-09	0	0	0	0	0.8	0.962217	0.249364	0.530303	0.857868	9.90099e-09	0.0990099	9.90099e-09	1	0.129442	0.339408	0.666667	0.666667	0.666667	1	1	16834.1	1e+20	6.28224e+11	21.7059	78.4623	9.85046	50.4603	1.23705	59.5589	
 93000	-99476.6	-1340.14	-52596.4	-12413.6	0.111334	1	0.151022	13.2431	1.93816	0.034984	17.4031	0.543738	3832	99	381	-35941.4	4.72773f	33.5331	4	1	1	0.049505	0.207921	0.118812	9.90099e-09	0	0	0	0	0.836364	0.945313	0.276762	0.503937	0.885856	0.009901	0.0990099	9.90099e-09	1	0.0729167	0.338422	0.666667	0.666667	0.666667	1	1	16834.1	1e+20	6.28224e+11	21.7059	78.4623	9.85046	50.4603	4.72773	33.5331	
 94000	-102140	-1340.14	-55260.2	-12841.7	0.111334	1	0.134997	14.8152	2.1515	0.0113757	18.3715	0.54797	4027	99	411	-35941.4	30.7741f	39.1294	4	1	1	0.049505	0.207921	0.0891089	9.90099e-09	0	0	0	0	0.854545	0.962594	0.23	0.483607	0.885287	0.009901	0.0990099	9.90099e-09	1	0.103535	0.280098	0.666667	0.666667	0.666667	1	1	16834.1	1e+20	6.28224e+11	21.7059	78.4623	16.5327	38.6145	30.7741	39.1294	
 95000	-100686	-1340.14	-53805.8	-12554.1	0.111334	1	0.14761	13.5492	2.27438	0.0319647	18.217	0.47407	3896	99	425	-35941.4	25.345f	12.179	4	1	1	0.049505	0.207921	0.0891089	0.019802	0	0	0	0	0.809091	0.936548	0.204604	0.590551	0.857506	0.009901	0.0990099	9.90099e-09	1	0.0923077	0.357314	0.666667	0.666667	0.666667	1	1	16834.1	1e+20	6.28224e+11	21.7059	78.4623	16.5327	38.6145	25.345	12.179	
 96000	-100582	-1340.14	-53701.8	-12538.1	0.110681	1	0.156788	12.7561	2.40165	0.0307001	18.217	0.422667	3889	99	420	-35941.4	11.4203f	70.7596	4	1	1	0.039604	0.207921	0.0891089	0.019802	0	0	0	0	0.772727	0.953964	0.197943	0.538462	0.879795	0.009901	0.0792079	9.90099e-09	1	0.0923077	0.324519	0.666667	0.666667	0.666667	1	1	16834.1	1e+20	6.28224e+11	21.7059	78.4623	16.5327	38.6145	11.4203	70.7596	
 97000	-101761	-1340.14	-54880.8	-12683.4	0.110681	1	0.151256	13.2226	2.4343	0.0518525	18.4435	0.432249	3955	99	454	-35941.4	14.0136f	95.7315	4	1	1	0.039604	0.207921	0.0891089	0.019802	0	0	0	0	0.818182	0.949875	0.241206	0.51773	0.874055	0.009901	0.0792079	9.90099e-09	1	0.135678	0.291489	0.666667	0.666667	0.666667	1	1	16834.1	1e+20	6.28224e+11	21.7059	78.4623	19.8368	85.8527	14.0136	95.7315	
 98000	-101670	-1340.14	-54789.7	-12725.2	0.110681	1	0.1501	13.3245	2.41569	0.01555	18.4435	0.438934	3974	99	427	-35941.4	28.6865f	67.256	4	1	1	0.039604	0.207921	0.0891089	0.019802	0	0	0	0	0.772727	0.929648	0.206549	0.503817	0.874055	0.009901	0.0792079	9.90099e-09	1	0.100756	0.299754	0.666667	0.666667	0.666667	1	1	16834.1	1e+20	6.28224e+11	21.7059	78.4623	19.8368	85.8527	28.6865	67.256	
 99000	-102152	-1340.14	-55271.8	-12683.4	0.110681	1	0.175969	11.3656	2.6363	0.0106223	18.1163	0.343075	3955	99	496	-35941.4	50.6731f	67.0502	4	1	1	0.039604	0.207921	0.0891089	0.019802	0	0	0	0	0.772727	0.954887	0.199495	0.551471	0.861111	0.009901	0.0792079	9.90099e-09	1	0.107769	0.324649	0.666667	0.666667	0.666667	1	1	16834.1	1e+20	6.28224e+11	21.7059	78.4623	23.3863	84.7999	50.6731	67.0502	
100000	-103422	-1340.14	-56542.2	-13003.3	0.112547	1	0.146117	13.6877	2.13947	0.0106223	17.9377	0.509112	4101	99	457	-35941.4	50.6731f	67.0502	4	1	1	0.039604	0.207921	0.0891089	0.019802	0	0	0	0	0.772727	0.94431	0.210654	0.453846	0.861314	0.009901	0.0792079	9.90099e-09	1	0.116788	0.297593	0.666667	0.666667	0.666667	1	1	16834.1	1e+20	6.28224e+11	21.7059	78.4623	23.3863	84.7999	50.6731	67.0502	
101000	-102742	-1340.14	-55862.3	-12826.6	0.113425	1	0.179049	11.1701	2.64213	0.0165395	17.9377	0.33643	4020	99	481	-35941.4	49.3114f	76.5906	4	1	1	0.039604	0.207921	0.0594059	0.019802	0	0	0	0	0.736364	0.95297	0.192118	0.535211	0.866667	0.009901	0.0792079	9.90099e-09	1	0.111663	0.3147	0.666667	0.666667	0.666667	1	1	16834.1	1e+20	6.28224e+11	21.7059	78.4623	23.3863	84.7999	49.3114	76.5906	
102000	-101073	-1340.14	-54192.5	-12526.1	0.107104	1	0.17165	11.6516	2.3918	0.0457104	17.9377	0.38766	3884	99	477	-35941.4	10.2106f	87.3353	4	1	1	0.039604	0.207921	0.0594059	0.019802	0	0	0	0	0.745455	0.920513	0.241026	0.547297	0.861183	0.009901	0.0792079	9.90099e-09	1	0.130769	0.355319	0.666667	0.666667	0.666667	1	1	16834.1	1e+20	6.28224e+11	21.7059	78.4623	23.3863	84.7999	10.2106	87.3353	
103000	-100505	-1340.14	-53624.9	-12492.6	0.10825	1	0.167647	11.9298	2.36102	0.0374185	17.9377	0.40209	3869	99	442	-35941.4	58.9957f	95.2744	4	1	1	0.039604	0.207921	0.0594059	0.019802	0	0	0	0	0.809091	0.924675	0.235142	0.474074	0.856021	0.009901	0.0792079	9.90099e-09	1	0.0516796	0.358696	0.666667	0.666667	0.666667	1	1	16834.1	1e+20	6.28224e+11	1.876	81.5099	23.3863	84.7999	58.9957	95.2744	
104000	-100952	-1340.14	-54072	-12528.3	0.107556	1	0.160625	12.4513	2.24762	0.0238927	17.9377	0.440842	3885	99	459	-35941.4	24.0707f	76.2148	4	1	1	0.039604	0.227723	0.0594059	9.90099e-09	0	0	0	0	0.727273	0.94898	0.219388	0.6	0.879795	0.009901	0.0792079	9.90099e-09	1	0.100257	0.345733	0.666667	0.666667	0.666667	1	1	16834.1	1e+20	6.28224e+11	1.876	81.5099	23.3863	84.7999	24.0707	76.2148	
105000	-102847	-1340.14	-55966.8	-12850.7	0.110586	1	0.172316	11.6066	2.47914	0.0315264	17.9377	0.372558	4031	99	477	-35941.4	34.6097f	89.9704	4	1	1	0.039604	0.227723	0.0594059	9.90099e-09	0	0	0	0	0.781818	0.928218	0.24505	0.496241	0.876543	9.90099e-09	0.0792079	9.90099e-09	1	0.0940594	0.313402	0.666667	0.666667	0.666667	1	1	16834.1	1e+20	6.28224e+11	4.99831	63.2318	23.3863	84.7999	34.6097	89.9704	
106000	-101932	-1340.14	-55052.2	-12833.1	0.110608	1	0.137475	14.5481	1.96998	0.00716541	17.9189	0.587674	4023	99	402	-35941.4	49.1978f	58.0003	4	1	1	0.039604	0.227723	0.0594059	9.90099e-09	0	0	0	0	0.709091	0.958025	0.180693	0.491803	0.910224	9.90099e-09	0.0792079	9.90099e-09	1	0.0864198	0.336658	0.666667	0.666667	0.666667	1	1	16834.1	1e+20	6.28224e+11	4.99831	63.2318	19.3215	72.2591	49.1978	58.0003	
107000	-102745	-1340.14	-55865.4	-12913.7	0.113066	1	0.139898	14.2961	2.58746	0.0254297	18.9946	0.439677	4060	99	434	-35941.4	37.1062f	85.0136	4	1	1	0.128713	0.227723	0.0594059	9.90099e-09	0	0	0	0	0.836364	0.948148	0.218673	0.572519	0.881481	9.90099e-09	0.0990099	9.90099e-09	1	0.100737	0.334873	0.666667	0.666667	0.666667	1	1	16834.1	1e+20	6.28224e+11	74.9456	38.9028	19.3215	72.2591	37.1062	85.0136	
108000	-103307	-1340.14	-56427.2	-12998.7	0.113066	1	0.139898	14.2961	2.22125	0.0257111	18.2836	0.512166	4099	99	447	-35941.4	15.5332f	68.8641	4	1	1	0.128713	0.227723	0.049505	9.90099e-09	0	0	0	0	0.781818	0.948905	0.212195	0.595588	0.839024	9.90099e-09	0.0990099	9.90099e-09	1	0.0898058	0.304348	0.666667	0.666667	0.666667	1	1	16834.1	1e+20	6.28224e+11	12.3151	66.7565	19.3215	72.2591	15.5332	68.8641	
109000	-101943	-1340.14	-55063.2	-12767.6	0.113066	1	0.145798	13.7176	2.31493	0.0281093	18.2836	0.471552	3993	99	431	-35941.4	26.4199f	82.9274	4	1	1	0.128713	0.227723	0.049505	9.90099e-09	0	0	0	0	0.763636	0.919799	0.213568	0.534351	0.904523	9.90099e-09	0.0990099	9.90099e-09	1	0.1175	0.295612	0.666667	0.666667	0.666667	1	1	16834.1	1e+20	6.28224e+11	12.3151	66.7565	19.3215	72.2591	26.4199	82.9274	
110000	-102905	-1340.14	-56025.3	-12952.9	0.113066	1	0.13718	14.5794	2.1781	0.0240353	18.2836	0.532663	4078	99	430	-35941.4	23.0508f	75.4888	4	1	1	0.128713	0.227723	0.049505	9.90099e-09	0	0	0	0	0.790909	0.948148	0.260546	0.471545	0.895522	9.90099e-09	0.0990099	9.90099e-09	1	0.105392	0.317191	0.666667	0.666667	0.666667	1	1	16834.1	1e+20	6.28224e+11	12.3151	66.7565	19.3215	72.2591	23.0508	75.4888	
111000	-104890	-1340.14	-58009.6	-13246.7	0.118167	1	0.153819	13.0023	2.68918	0.00608892	18.5236	0.384761	4214	99	469	-35941.4	49.2161f	49.7434	4	1	1	0.128713	0.118812	0.049505	9.90099e-09	0	0	0	0	0.890909	0.945498	0.207637	0.407407	0.873508	9.90099e-09	0.0990099	9.90099e-09	1	0.109005	0.328638	0.666667	0.666667	0.666667	1	1	16834.1	1e+20	6.28224e+11	12.3151	66.7565	19.3215	72.2591	49.2161	49.7434	
112000	-104480	-1340.14	-57599.4	-13254.2	0.114544	1	0.145651	13.7315	2.16474	0.0246649	17.9258	0.50478	4217	99	434	-35941.4	15.5013f	66.7927	4	1	1	0.128713	0.118812	0.049505	9.90099e-09	0	0	0	0	0.809091	0.952941	0.2019	0.411348	0.888626	9.90099e-09	0.0990099	9.90099e-09	1	0.128266	0.310263	0.666667	0.666667	0.666667	1	1	16834.1	1e+20	6.28224e+11	12.3151	66.7565	19.3215	72.2591	15.5013	66.7927	
113000	-103473	-1340.14	-56593.1	-13067.9	0.114879	1	0.154634	12.9338	2.16229	0.00702352	17.6417	0.475995	4131	99	429	-35941.4	39.2605f	48.0781	4	1	1	0.128713	0.118812	0.049505	9.90099e-09	0	0	0	0	0.827273	0.942446	0.226506	0.496403	0.859524	9.90099e-09	0.0990099	9.90099e-09	1	0.108434	0.346241	0.666667	0.666667	0.666667	1	1	16834.1	1e+20	6.28224e+11	12.3151	66.7565	19.3215	72.2591	39.2605	48.0781	
114000	-105699	-1340.14	-58818.6	-13383.8	0.120853	1	0.154634	12.9338	2.27474	0.0114454	17.6417	0.452465	4278	99	482	-35941.4	44.2836f	68.6064	4	1	1	0.0594059	0.118812	0.049505	9.90099e-09	0	0	0	0	0.836364	0.91784	0.224299	0.471429	0.870892	9.90099e-09	0.0990099	9.90099e-09	1	0.11215	0.301887	0.666667	0.666667	0.666667	1	1	16834.1	1e+20	6.28224e+11	12.3151	66.7565	19.3215	72.2591	44.2836	68.6064	
115000	-105888	-1340.14	-59008.3	-13432.4	0.120853	1	0.15659	12.7722	2.39122	0.0287811	17.8073	0.425048	4301	99	468	-35941.4	85.7723f	62.3943	4	1	1	0.0594059	0.118812	0.0594059	9.90099e-09	0	0	0	0	0.854545	0.930394	0.235566	0.458904	0.87703	9.90099e-09	0.0891089	9.90099e-09	1	0.125	0.288462	0.666667	0.666667	0.666667	1	1	16834.1	1e+20	6.28224e+11	27.3169	23.4615	19.3215	72.2591	85.7723	62.3943	
116000	-105565	-1340.14	-58685.1	-13408.9	0.118914	1	0.14307	13.9792	2.28806	0.00816787	18.0871	0.486189	4290	99	452	-35941.4	55.5315f	39.7463	4	1	1	0.0594059	0.118812	0.0594059	9.90099e-09	0	0	0	0	0.790909	0.94213	0.2194	0.482517	0.863741	9.90099e-09	0.0891089	9.90099e-09	1	0.0765661	0.360619	0.666667	0.666667	0.666667	1	1	16834.1	1e+20	6.28224e+11	77.3981	80.2505	19.3215	72.2591	55.5315	39.7463	
117000	-106726	-1340.14	-59846.1	-13683.1	0.119337	1	0.140104	14.2751	2.24862	0.0186867	18.0871	0.505189	4419	99	423	-35941.4	44.1924f	79.1358	4	1	1	0.0594059	0.118812	0.0594059	9.90099e-09	0	0	0	0	0.754545	0.954233	0.211494	0.484848	0.868778	0.009901	0.0891089	9.90099e-09	1	0.0972851	0.32783	0.666667	0.666667	0.666667	1	1	16834.1	1e+20	6.28224e+11	77.3981	80.2505	19.3215	72.2591	44.1924	79.1358	
118000	-105371	-1340.14	-58491.2	-13336.5	0.119306	1	0.146723	13.6312	2.41349	0.0407271	18.1999	0.449446	4256	99	469	-35941.4	26.4298f	94.4167	4	1	1	0.0594059	0.19802	0.0594059	9.90099e-09	0	0	0	0	0.763636	0.95082	0.222482	0.489362	0.862791	0.009901	0.0891089	9.90099e-09	1	0.140515	0.329787	0.666667	0.666667	0.666667	1	1	16834.1	1e+20	6.28224e+11	27.3169	23.4615	19.3215	72.2591	26.4298	94.4167	
119000	-106228	-1340.14	-59347.8	-13498.2	0.121922	1	0.151508	13.2006	2.54686	0.0317432	18.1999	0.412458	4332	99	466	-35941.4	10.3284f	70.64	4	1	1	0.0594059	0.19802	0.0594059	9.90099e-09	0	0	0	0	0.827273	0.939815	0.183908	0.460993	0.860789	0.009901	0.0891089	9.90099e-09	1	0.0972222	0.346237	0.666667	0.666667	0.666667	1	1	16834.1	1e+20	6.28224e+11	27.3169	23.4615	19.3215	72.2591	10.3284	70.64	
120000	-105629	-1340.14	-58748.8	-13355.6	0.118896	1	0.148061	13.5079	2.56175	0.0145447	18.4472	0.419607	4265	99	484	-35941.4	59.2334f	70.9712	4	1	1	0.0990099	0.19802	0.0594059	9.90099e-09	0	0	0	0	0.781818	0.929907	0.219626	0.496644	0.848131	0.009901	0.0891089	9.90099e-09	1	0.107477	0.307377	0.666667	0.666667	0.666667	1	1	16834.1	1e+20	6.28224e+11	27.3169	23.4615	19.3215	72.2591	59.2334	70.9712	
121000	-104695	-1340.14	-57815	-13302.4	0.116888	1	0.146521	13.6499	2.4923	0.00944139	18.4472	0.435833	4240	99	424	-35941.4	33.5229f	56.0224	4	1	1	0.0990099	0.19802	0.0594059	9.90099e-09	0	0	0	0	0.827273	0.938967	0.263529	0.526718	0.868545	0.009901	0.0891089	9.90099e-09	1	0.0894118	0.3125	0.666667	0.666667	0.666667	1	1	16834.1	1e+20	6.28224e+11	27.3169	23.4615	19.3215	72.2591	33.5229	56.0224	
122000	-108198	-1340.14	-61318.1	-13820	0.118798	1	0.146521	13.6499	2.53302	0.0156113	18.4472	0.428827	4483	99	493	-35941.4	29.1226f	67.8195	4	1	1	0.0990099	0.19802	0.0594059	9.90099e-09	0	0	0	0	0.790909	0.93736	0.164811	0.567568	0.884187	0.009901	0.0891089	9.90099e-09	1	0.124722	0.307036	0.666667	0.666667	0.666667	1	1	16834.1	1e+20	6.28224e+11	21.8557	40.0268	19.3215	72.2591	29.1226	67.8195	
123000	-106767	-1340.14	-59886.4	-13609.3	0.127072	1	0.154032	12.9843	2.37903	0.0114345	17.6353	0.434319	4383	99	468	-35941.4	39.2831f	67.0336	4	1	1	0.0990099	0.19802	0.0594059	9.90099e-09	0	0	0	0	0.781818	0.930023	0.209567	0.489362	0.872437	0.009901	0.128713	9.90099e-09	1	0.109339	0.286325	0.666667	0.666667	0.666667	1	1	16834.1	1e+20	6.28224e+11	21.8557	40.0268	30.719	31.3723	39.2831	67.0336	
124000	-106118	-1340.14	-59237.5	-13599.7	0.120007	1	0.149393	13.3875	2.00426	0.0110151	17.2704	0.531538	4380	99	409	-35941.4	41.0282f	31.4514	4	1	1	0.0990099	0.138614	0.0594059	9.90099e-09	0	0	0	0	0.745455	0.963554	0.1959	0.525547	0.904328	0.009901	0.128713	9.90099e-09	1	0.109339	0.305085	0.666667	0.666667	0.666667	1	1	16834.1	1e+20	6.28224e+11	41.6567	3.19658	30.719	31.3723	41.0282	31.4514	
125000	-106452	-1340.14	-59572.1	-13643.8	0.124295	1	0.135885	14.7184	2.42983	0.012334	18.3944	0.482029	4401	99	414	-35941.4	31.4611f	35.3061	4	1	1	0.0990099	0.138614	0.0594059	9.90099e-09	0	0	0	0	0.8	0.958904	0.208617	0.552	0.895692	0.009901	0.128713	9.90099e-09	1	0.114155	0.320574	0.666667	0.666667	0.666667	1	1	16834.1	1e+20	6.28224e+11	47.8951	1.87293	30.719	31.3723	31.4611	35.3061	
126000	-107834	-1340.14	-60954.1	-13764.8	0.124295	1	0.167369	11.9497	2.40282	0.0112334	17.4119	0.395754	4459	99	488	-35941.4	49.7851f	30.0013	4	1	1	0.0891089	0.138614	0.0594059	9.90099e-09	0	0	0	0	0.790909	0.946309	0.226457	0.536913	0.880899	0.009901	0.128713	9.90099e-09	1	0.123318	0.340471	0.666667	0.666667	0.666667	1	1	16834.1	1e+20	6.28224e+11	23.805	41.1355	30.719	31.3723	49.7851	30.0013	
127000	-106143	-1340.14	-59263.2	-13584.5	0.121586	1	0.143629	13.9247	1.76117	0.0140726	16.8312	0.62918	4373	99	422	-35941.4	43.8049f	25.4595	4	1	1	0.0891089	0.138614	0.0594059	9.90099e-09	0	0	0	0	0.754545	0.949541	0.194064	0.472868	0.869863	0.009901	0.128713	9.90099e-09	1	0.0958904	0.343529	0.666667	0.666667	0.666667	1	1	16834.1	1e+20	6.28224e+11	23.805	41.1355	30.719	31.3723	43.8049	25.4595	
128000	-105909	-1340.14	-59028.9	-13588.7	0.121586	1	0.150732	13.2686	1.84826	0.018954	16.8312	0.571285	4375	99	399	-35941.4	22.3756f	32.059	4	1	1	0.0891089	0.138614	0.0594059	9.90099e-09	0	0	0	0	0.827273	0.949541	0.174713	0.544715	0.901149	0.009901	0.128713	9.90099e-09	1	0.0800915	0.328502	0.666667	0.666667	0.666667	1	1	16834.1	1e+20	6.28224e+11	23.805	41.1355	30.719	31.3723	22.3756	32.059	
129000	-106886	-1340.14	-60006.4	-13710.5	0.123936	1	0.153525	13.0272	1.96944	0.0208083	16.941	0.526377	4433	99	430	-35941.4	18.876f	33.7573	4	1	1	0.0891089	0.207921	0.0594059	9.90099e-09	0	0	0	0	0.754545	0.962054	0.218962	0.52518	0.899554	9.90099e-09	0.108911	9.90099e-09	1	0.102679	0.363208	0.666667	0.666667	0.666667	1	1	16834.1	1e+20	6.28224e+11	23.805	41.1355	35.4206	32.6955	18.876	33.7573	
130000	-107695	-1340.14	-60814.6	-13848.1	0.125887	1	0.14365	13.9227	2.06106	0.00693979	17.354	0.537554	4499	99	437	-35941.4	53.3242f	43.61	4	1	1	0.0891089	0.207921	0.0594059	9.90099e-09	0	0	0	0	0.918182	0.949227	0.201774	0.604651	0.888889	9.90099e-09	0.108911	9.90099e-09	1	0.113586	0.317352	0.666667	0.666667	0.666667	1	1	16834.1	1e+20	6.28224e+11	23.805	41.1355	33.2899	48.4589	53.3242	43.61	
131000	-110537	-1340.14	-63657.1	-14286.3	0.133118	1	0.137096	14.5883	2.39239	0.0106861	17.9718	0.485249	4712	99	467	-35941.4	32.055f	39.5451	4	1	1	0.0891089	0.207921	0.0594059	9.90099e-09	0	0	0	0	0.790909	0.946921	0.246285	0.572519	0.872611	9.90099e-09	0.108911	9.90099e-09	1	0.106157	0.337662	0.666667	0.666667	0.666667	1	1	16834.1	1e+20	6.28224e+11	23.805	41.1355	33.2899	48.4589	32.055	39.5451	
132000	-112206	-1340.14	-65325.6	-14508.1	0.133118	1	0.13955	14.3318	2.37078	0.0141472	17.8517	0.48106	4822	99	509	-35941.4	23.8759f	44.5972	4	1	1	0.0891089	0.207921	0.0693069	9.90099e-09	0	0	0	0	0.818182	0.937888	0.233471	0.534247	0.89648	9.90099e-09	0.108911	9.90099e-09	1	0.111801	0.318637	0.666667	0.666667	0.666667	1	1	16834.1	1e+20	6.28224e+11	23.805	41.1355	29.1155	25.3569	23.8759	44.5972	
133000	-114135	-1340.14	-67255.1	-14881.2	0.136281	1	0.144879	13.8046	2.51982	0.0572038	17.8517	0.435958	5009	99	492	-35941.4	2.57897f	8.52037	4	1	1	0.0990099	0.207921	0.0693069	9.90099e-09	0	0	0	0	0.818182	0.96627	0.250996	0.490566	0.896208	9.90099e-09	0.108911	9.90099e-09	1	0.111776	0.369919	0.666667	0.666667	0.666667	1	1	16834.1	1e+20	6.28224e+11	23.805	41.1355	29.1155	25.3569	2.57897	8.52037	
134000	-116547	-1340.14	-69666.5	-15227.7	0.144874	1	0.133844	14.9428	2.47466	0.0151444	17.8517	0.480514	5187	99	525	-35941.4	23.7465f	39.8788	4	1	1	0.0990099	0.207921	0.0693069	9.90099e-09	0	0	0	0	0.8	0.942308	0.224371	0.548077	0.880539	9.90099e-09	0.108911	9.90099e-09	1	0.106178	0.367619	0.666667	0.666667	0.666667	1	1	16834.1	1e+20	6.28224e+11	2.31891	57.8426	29.1155	25.3569	23.7465	39.8788	
135000	-115775	-1340.14	-68894.7	-15167.8	0.144874	1	0.13115	15.2497	2.42485	0.0126277	17.8517	0.500455	5156	99	491	-35941.4	26.5513f	54.7862	4	1	1	0.0990099	0.237624	0.0693069	9.90099e-09	0	0	0	0	0.745455	0.934489	0.221154	0.542857	0.885214	9.90099e-09	0.0693069	9.90099e-09	1	0.0794574	0.319688	0.666667	0.666667	0.666667	1	1	16834.1	1e+20	6.28224e+11	2.31891	57.8426	29.1155	25.3569	26.5513	54.7862	
136000	-116626	-1340.14	-69745.7	-15288.1	0.143175	1	0.131352	15.2262	2.3971	0.024242	17.8461	0.505471	5218	99	503	-35941.4	67.515f	19.0161	4	1	1	0.0990099	0.237624	0.0693069	9.90099e-09	0	0	0	0	0.772727	0.95229	0.200765	0.5	0.891221	9.90099e-09	0.0693069	9.90099e-09	1	0.110687	0.318275	0.666667	0.666667	0.666667	1	1	16834.1	1e+20	6.28224e+11	2.31891	57.8426	29.1155	25.3569	67.515	19.0161	
137000	-115040	-1340.14	-68159.5	-15074.5	0.143794	1	0.132833	15.0565	2.46404	0.00732568	17.8998	0.486258	5108	99	473	-35941.4	57.0222f	50.7741	4	1	1	0.0990099	0.237624	0.0693069	9.90099e-09	0	0	0	0	0.772727	0.955166	0.231068	0.517007	0.892368	9.90099e-09	0.0693069	9.90099e-09	1	0.0763209	0.320346	0.666667	0.666667	0.666667	1	1	16834.1	1e+20	6.28224e+11	5.65435	49.6896	29.1155	25.3569	57.0222	50.7741	
138000	-116049	-1340.14	-69169.3	-15170	0.145452	1	0.132013	15.1501	2.47708	0.0288073	17.8998	0.486704	5157	99	511	-35941.4	50.9098f	8.87209	4	1	1	0.0891089	0.237624	0.039604	9.90099e-09	0	0	0	0	0.690909	0.957447	0.203095	0.472973	0.891473	9.90099e-09	0.0693069	9.90099e-09	1	0.104651	0.336066	0.666667	0.666667	0.666667	1	1	16834.1	1e+20	6.28224e+11	5.65435	49.6896	29.1155	25.3569	50.9098	8.87209	
139000	-116068	-1340.14	-69187.4	-15283.8	0.145743	1	0.121772	16.4241	2.41043	0.0261557	18.1317	0.542221	5216	99	452	-35941.4	55.4665f	11.9925	4	1	1	0.0891089	0.237624	0.039604	9.90099e-09	0	0	0	0	0.8	0.958095	0.239464	0.583942	0.900952	9.90099e-09	0.0693069	9.90099e-09	1	0.116858	0.314856	0.666667	0.666667	0.666667	1	1	16834.1	1e+20	6.28224e+11	5.65435	49.6896	29.1155	25.3569	55.4665	11.9925	
140000	-113733	-1340.14	-66853.4	-14844.5	0.139424	1	0.12798	15.6275	2.62907	0.0173034	18.5046	0.473017	4991	99	468	-35941.4	67.3179f	28.7114	4	1	1	0.0891089	0.237624	0.039604	9.90099e-09	0	0	0	0	0.790909	0.964072	0.228	0.510067	0.876984	9.90099e-09	0.0693069	9.90099e-09	1	0.107784	0.331301	0.666667	0.666667	0.666667	1	1	16834.1	1e+20	6.28224e+11	5.65435	49.6896	29.1155	25.3569	67.3179	28.7114	
141000	-113104	-1340.14	-66224.3	-14727.8	0.136284	1	0.124336	16.0854	2.60885	0.0173034	18.7089	0.490651	4932	99	470	-35941.4	67.3179f	28.7114	4	1	1	0.0891089	0.237624	0.039604	9.90099e-09	0	0	0	0	0.827273	0.957576	0.210634	0.537313	0.892713	9.90099e-09	0.108911	9.90099e-09	1	0.0808081	0.33617	0.666667	0.666667	0.666667	1	1	16834.1	1e+20	6.28224e+11	5.65435	49.6896	29.1155	25.3569	67.3179	28.7114	
142000	-113536	-1340.14	-66655.6	-14819.5	0.136284	1	0.128648	15.5463	2.68535	0.0190669	18.6847	0.460698	4978	99	460	-35941.4	36.0714f	20.8314	4	1	1	0.0891089	0.237624	0.039604	9.90099e-09	0	0	0	0	0.854545	0.961771	0.238956	0.582734	0.909639	9.90099e-09	0.108911	9.90099e-09	1	0.128514	0.313596	0.666667	0.666667	0.666667	1	1	16834.1	1e+20	6.28224e+11	5.65435	49.6896	29.1155	25.3569	36.0714	20.8314	
143000	-112744	-1340.14	-65863.8	-14634.1	0.136284	1	0.128648	15.5463	2.34842	0.0256491	18.0688	0.526794	4885	99	486	-35941.4	19.6795f	24.0553	4	1	1	0.0891089	0.237624	0.039604	9.90099e-09	0	0	0	0	0.809091	0.948875	0.211066	0.521127	0.881391	9.90099e-09	0.108911	9.90099e-09	1	0.110429	0.305195	0.666667	0.666667	0.666667	1	1	16834.1	1e+20	6.28224e+11	5.65435	49.6896	29.1155	25.3569	19.6795	24.0553	
144000	-114536	-1340.14	-67656.4	-14919.4	0.139651	1	0.134649	14.8534	2.42347	0.00804276	17.8956	0.487728	5029	99	512	-35941.4	37.3976f	42.8524	4	1	1	0.0891089	0.237624	0.0990099	9.90099e-09	0	0	0	0	0.854545	0.944223	0.222222	0.51049	0.866534	9.90099e-09	0.108911	9.90099e-09	1	0.127237	0.332	0.666667	0.666667	0.666667	1	1	16834.1	1e+20	6.28224e+11	97.5252	16.2052	29.1155	25.3569	37.3976	42.8524	
145000	-113833	-1340.14	-66952.8	-14811.1	0.139651	1	0.135361	14.7753	2.40079	0.0143516	17.83	0.489748	4974	99	497	-35941.4	31.4412f	30.8265	4	1	1	0.0693069	0.237624	0.0990099	9.90099e-09	0	0	0	0	0.772727	0.941414	0.218437	0.513514	0.887097	9.90099e-09	0.108911	9.90099e-09	1	0.114458	0.340385	0.666667	0.666667	0.666667	1	1	16834.1	1e+20	6.28224e+11	5.65435	49.6896	29.1155	25.3569	31.4412	30.8265	
146000	-116061	-1340.14	-69181.2	-15214.1	0.144059	1	0.142713	14.0142	2.53536	0.0448445	17.6993	0.439862	5180	99	489	-35941.4	21.8532f	3.05538	4	1	1	0.0693069	0.237624	0.0990099	9.90099e-09	0	0	0	0	0.827273	0.961315	0.214844	0.564626	0.88588	9.90099e-09	0.108911	9.90099e-09	1	0.10058	0.3125	0.666667	0.666667	0.666667	1	1	16834.1	1e+20	6.28224e+11	5.65435	49.6896	29.1155	25.3569	21.8532	3.05538	
147000	-117058	-1340.14	-70177.8	-15373.5	0.143328	1	0.136348	14.6683	2.12457	0.00648451	17.1502	0.549412	5262	99	506	-35941.4	43.8128f	53.351	4	1	1	0.0693069	0.178218	0.0990099	9.90099e-09	0	0	0	0	0.790909	0.959693	0.224762	0.493333	0.889313	9.90099e-09	0.128713	9.90099e-09	1	0.0967742	0.373695	0.666667	0.666667	0.666667	1	1	16834.1	1e+20	6.28224e+11	5.65435	49.6896	45.4785	32.4001	43.8128	53.351	
148000	-115779	-1340.14	-68899	-15202.5	0.143328	1	0.137887	14.5046	2.40707	0.0275671	17.6444	0.479522	5174	99	477	-35941.4	38.606f	10.8855	4	1	1	0.0693069	0.178218	0.0990099	9.90099e-09	0	0	0	0	0.772727	0.957115	0.195736	0.546763	0.916179	9.90099e-09	0.128713	9.90099e-09	1	0.0717054	0.309524	0.666667	0.666667	0.666667	1	1	16834.1	1e+20	6.28224e+11	5.65435	49.6896	51.1213	7.67876	38.606	10.8855	
149000	-115614	-1340.14	-68734.1	-15173.5	0.14266	1	0.148461	13.4715	2.53078	0.0421241	17.5603	0.423596	5159	99	474	-35941.4	14.2464f	10.6714	4	1	1	0.0693069	0.178218	0.049505	9.90099e-09	0	0	0	0	0.781818	0.951644	0.224371	0.514851	0.889749	9.90099e-09	0.128713	9.90099e-09	1	0.102713	0.343882	0.666667	0.666667	0.666667	1	1	16834.1	1e+20	6.28224e+11	5.65435	49.6896	44.2653	0.818616	14.2464	10.6714	
150000	-114948	-1340.14	-68067.4	-15029.3	0.14053	1	0.14299	13.987	2.47674	0.0199766	17.697	0.449401	5085	99	490	-35941.4	28.3361f	24.0528	4	1	1	0.0693069	0.178218	0.049505	9.90099e-09	0	0	0	0	0.763636	0.962672	0.225933	0.519608	0.891945	9.90099e-09	0.128713	9.90099e-09	1	0.1	0.307847	0.666667	0.666667	0.666667	1	1	16834.1	1e+20	6.28224e+11	5.65435	49.6896	44.2653	0.818616	28.3361	24.0528	
151000	-114646	-1340.14	-67765.6	-14970.4	0.14053	1	0.135319	14.7799	2.34387	0.0279172	17.697	0.501797	5055	99	489	-35941.4	20.8439f	19.8909	4	1	1	0.0693069	0.178218	0.049505	9.90099e-09	0	0	0	0	0.754545	0.950593	0.184524	0.462069	0.916501	9.90099e-09	0.128713	9.90099e-09	1	0.10495	0.317554	0.666667	0.666667	0.666667	1	1	16834.1	1e+20	6.28224e+11	5.65435	49.6896	44.2653	0.818616	20.8439	19.8909	
152000	-114829	-1340.14	-67949.3	-15004.3	0.139069	1	0.140255	14.2597	2.13956	0.041728	17.1887	0.530367	5072	99	492	-35941.4	19.2495f	7.19428	4	1	1	0.0792079	0.178218	0.049505	9.90099e-09	0	0	0	0	0.745455	0.960861	0.232283	0.510345	0.88932	9.90099e-09	0.128713	9.90099e-09	1	0.112205	0.343496	0.666667	0.666667	0.666667	1	1	16834.1	1e+20	6.28224e+11	5.65435	49.6896	37.294	12.6415	19.2495	7.19428	
153000	-114804	-1340.14	-67923.9	-14925.3	0.139755	1	0.1503	13.3067	2.2808	0.0114681	17.145	0.464275	5032	99	532	-35941.4	46.592f	29.4656	4	1	1	0.0792079	0.188119	0.049505	9.90099e-09	0	0	0	0	0.772727	0.944444	0.260437	0.447619	0.886905	9.90099e-09	0.0693069	9.90099e-09	1	0.10119	0.315789	0.666667	0.666667	0.666667	1	1	16834.1	1e+20	6.28224e+11	5.65435	49.6896	37.294	12.6415	46.592	29.4656	
154000	-114238	-1340.14	-67358.3	-14913.5	0.139755	1	0.131953	15.1569	1.98247	0.0341178	17.1022	0.608409	5026	99	483	-35941.4	72.7368f	11.9761	4	1	1	0.0792079	0.188119	0.049505	9.90099e-09	0	0	0	0	0.736364	0.946	0.202783	0.521429	0.870259	9.90099e-09	0.0693069	9.90099e-09	1	0.0816733	0.357298	0.666667	0.666667	0.666667	1	1	16834.1	1e+20	6.28224e+11	94.4349	65.034	37.294	12.6415	72.7368	11.9761	
155000	-113220	-1340.14	-66339.6	-14845.4	0.141484	1	0.127312	15.7094	1.93641	0.0242275	17.1022	0.645582	4991	99	432	-35941.4	52.0632f	13.3122	4	1	1	0.0792079	0.188119	0.049505	9.90099e-09	0	0	0	0	0.790909	0.954	0.186	0.477612	0.884	0.009901	0.0693069	9.90099e-09	1	0.102	0.356481	0.666667	0.666667	0.666667	1	1	16834.1	1e+20	6.28224e+11	95.4505	47.9848	37.294	12.6415	52.0632	13.3122	
156000	-114764	-1340.14	-67883.5	-15100	0.14449	1	0.135732	14.7349	2.26793	0.0200433	17.4171	0.517021	5121	99	441	-35941.4	33.7872f	20.6126	4	1	1	0.0792079	0.188119	0.049505	9.90099e-09	0	0	0	0	0.845455	0.949219	0.206693	0.488889	0.915521	0.009901	0.0693069	9.90099e-09	1	0.06917	0.349206	0.666667	0.666667	0.666667	1	1	16834.1	1e+20	6.28224e+11	18.4989	55.4367	37.294	12.6415	33.7872	20.6126	
157000	-116921	-1340.14	-70041	-15322.4	0.14449	1	0.135732	14.7349	2.3281	0.0311233	17.5314	0.503657	5236	99	512	-35941.4	35.1142f	8.59294	4	1	1	0.0891089	0.188119	0.0891089	9.90099e-09	0	0	0	0	0.836364	0.948077	0.210425	0.514851	0.894027	0.009901	0.0693069	9.90099e-09	1	0.0847784	0.333333	0.666667	0.666667	0.666667	1	1	16834.1	1e+20	6.28224e+11	18.4989	55.4367	37.294	12.6415	35.1142	8.59294	
158000	-116581	-1340.14	-69700.8	-15337.9	0.14449	1	0.141773	14.1071	2.11017	0.0414616	16.9207	0.531997	5244	99	476	-35941.4	59.423f	0.139987	4	1	1	0.0891089	0.188119	0.0891089	9.90099e-09	0	0	0	0	0.8	0.969349	0.220532	0.549296	0.902672	0.009901	0.0693069	9.90099e-09	1	0.0952381	0.354167	0.666667	0.666667	0.666667	1	1	16834.1	1e+20	6.28224e+11	17.5834	41.1303	37.294	12.6415	59.423	0.139987	
159000	-116601	-1340.14	-69720.8	-15307.3	0.147439	1	0.138118	14.4803	2.26051	0.0311913	17.2398	0.509757	5228	99	496	-35941.4	62.6868f	9.44756	4	1	1	0.0891089	0.168317	0.0891089	9.90099e-09	0	0	0	0	0.781818	0.948375	0.202677	0.582524	0.875717	0.009901	0.0693069	9.90099e-09	1	0.10325	0.34879	0.666667	0.666667	0.666667	1	1	16834.1	1e+20	6.28224e+11	17.5834	41.1303	37.294	12.6415	62.6868	9.44756	
160000	-118262	-1340.14	-71381.5	-15535	0.149467	1	0.140205	14.2649	2.53133	0.0136642	17.6079	0.448445	5347	99	526	-35941.4	37.7472f	27.9422	4	1	1	0.0891089	0.168317	0.0891089	9.90099e-09	0	0	0	0	0.718182	0.967985	0.201117	0.423423	0.882463	0.009901	0.0693069	9.90099e-09	1	0.0772128	0.359259	0.666667	0.666667	0.666667	1	1	16834.1	1e+20	6.28224e+11	17.5834	41.1303	37.294	12.6415	37.7472	27.9422	
161000	-117725	-1340.14	-70845	-15498.9	0.149467	1	0.131708	15.1851	2.30222	0.04675	17.466	0.524879	5328	99	496	-35941.4	0.0555338f	23.3263	4	1	1	0.0891089	0.168317	0.0891089	9.90099e-09	0	0	0	0	0.781818	0.940299	0.206767	0.527027	0.892857	0.009901	0.0693069	9.90099e-09	1	0.110902	0.340862	0.666667	0.666667	0.666667	1	1	16834.1	1e+20	6.28224e+11	17.5834	41.1303	11.6391	10.5494	0.0555338	23.3263	
162000	-117633	-1340.14	-70752.7	-15529.3	0.147857	1	0.138219	14.4698	2.08306	0.0185727	16.876	0.552778	5344	99	477	-35941.4	30.0961f	24.7861	4	1	1	0.0891089	0.168317	0.0891089	9.90099e-09	0	0	0	0	0.709091	0.947761	0.156716	0.422819	0.900749	0.009901	0.0693069	9.90099e-09	1	0.0876866	0.360887	0.666667	0.666667	0.666667	1	1	16834.1	1e+20	6.28224e+11	17.5834	41.1303	11.6391	10.5494	30.0961	24.7861	
163000	-118963	-1340.14	-72083.1	-15630	0.149752	1	0.148302	13.486	2.26366	0.0378107	16.876	0.47409	5397	99	543	-35941.4	3.5975f	30.4747	4	1	1	0.0891089	0.168317	0.0891089	9.90099e-09	0	0	0	0	0.836364	0.95	0.195933	0.596154	0.886406	0.009901	0.0693069	9.90099e-09	1	0.0962963	0.344507	0.666667	0.666667	0.666667	1	1	16834.1	1e+20	6.28224e+11	17.5834	41.1303	11.6391	10.5494	3.5975	30.4747	
164000	-119006	-1340.14	-72125.6	-15685	0.149752	1	0.15289	13.0813	2.33369	0.0649826	16.876	0.446066	5426	99	512	-35941.4	4.14299f	0.696924	4	1	1	0.049505	0.168317	0.0891089	9.90099e-09	0	0	0	0	0.818182	0.953532	0.182994	0.495146	0.89464	0.009901	0.0693069	9.90099e-09	1	0.0887246	0.308765	0.666667	0.666667	0.666667	1	1	16834.1	1e+20	6.28224e+11	17.5834	41.1303	11.6391	10.5494	4.14299	0.696924	
165000	-121243	-1340.14	-74362.7	-16049.4	0.151237	1	0.159382	12.5485	2.45689	0.0418633	16.876	0.406439	5619	99	521	-35941.4	21.293f	5.7741	4	1	1	0.049505	0.178218	0.0693069	9.90099e-09	0	0	0	0	0.736364	0.969697	0.210054	0.657407	0.885099	0.009901	0.118812	9.90099e-09	1	0.0871886	0.327586	0.666667	0.666667	0.666667	1	1	16834.1	1e+20	6.28224e+11	17.5834	41.1303	22.0307	6.56845	21.293	5.7741	
166000	-118785	-1340.14	-71904.5	-15614.9	0.150876	1	0.148158	13.4991	2.27843	0.0433703	16.876	0.471478	5389	99	534	-35941.4	16.9752f	7.38439	4	1	1	0.049505	0.178218	0.0693069	9.90099e-09	0	0	0	0	0.790909	0.95	0.214286	0.518519	0.895795	0.009901	0.118812	9.90099e-09	1	0.0822669	0.375479	0.666667	0.666667	0.666667	1	1	16834.1	1e+20	6.28224e+11	17.5834	41.1303	22.0307	6.56845	16.9752	7.38439	
167000	-119291	-1340.14	-72410.6	-15730.7	0.149589	1	0.126652	15.7913	2.13853	0.0191976	17.3121	0.587616	5450	99	513	-35941.4	22.1732f	31.848	4	1	1	0.049505	0.178218	0.0693069	9.90099e-09	0	0	0	0	0.690909	0.961326	0.205882	0.530201	0.907919	0.009901	0.118812	9.90099e-09	1	0.09375	0.351626	0.666667	0.666667	0.666667	1	1	16834.1	1e+20	6.28224e+11	21.1071	25.2943	28.9478	22.3903	22.1732	31.848	
168000	-118410	-1340.14	-71530.2	-15620.5	0.149589	1	0.135837	14.7235	2.29362	0.0469928	17.3121	0.510836	5392	99	495	-35941.4	4.24355f	16.5265	4	1	1	0.049505	0.178218	0.0693069	9.90099e-09	0	0	0	0	0.872727	0.961039	0.185874	0.524752	0.904059	0.009901	0.118812	9.90099e-09	1	0.099631	0.341513	0.666667	0.666667	0.666667	1	1	16834.1	1e+20	6.28224e+11	4.72966	65.8204	28.9478	22.3903	4.24355	16.5265	
169000	-118518	-1340.14	-71637.4	-15601.8	0.14821	1	0.143461	13.9411	2.13758	0.0424503	16.8181	0.518996	5382	99	511	-35941.4	5.46199f	20.1313	4	1	1	0.049505	0.178218	0.0693069	9.90099e-09	0	0	0	0	0.8	0.962963	0.233766	0.622517	0.912801	0.009901	0.118812	9.90099e-09	1	0.103896	0.346693	0.666667	0.666667	0.666667	1	1	16834.1	1e+20	6.28224e+11	18.3509	41.8068	28.9478	22.3903	5.46199	20.1313	
170000	-119881	-1340.14	-73001.2	-15866.7	0.150533	1	0.140416	14.2434	2.14717	0.00854105	16.8617	0.527882	5522	99	491	-35941.4	34.1766f	49.1962	4	1	1	0.049505	0.178218	0.0693069	9.90099e-09	0	0	0	0	0.727273	0.972973	0.179348	0.534247	0.855335	0.009901	0.118812	9.90099e-09	1	0.117117	0.308943	0.666667	0.666667	0.666667	1	1	16834.1	1e+20	6.28224e+11	18.3509	41.8068	28.9478	22.3903	34.1766	49.1962	
171000	-119355	-1340.14	-72475	-15719	0.150533	1	0.149549	13.3736	2.28682	0.028138	16.8617	0.465376	5444	99	522	-35941.4	30.8627f	13.0029	4	1	1	0.0792079	0.178218	0.0594059	9.90099e-09	0	0	0	0	0.8	0.961679	0.210623	0.457143	0.90293	0.009901	0.118812	9.90099e-09	1	0.0990826	0.335953	0.666667	0.666667	0.666667	1	1	16834.1	1e+20	6.28224e+11	18.3509	41.8068	30.014	19.7952	30.8627	13.0029	
172000	-118294	-1340.14	-71414.1	-15614.9	0.150944	1	0.146333	13.6675	2.21676	0.0297101	16.8108	0.490636	5389	99	486	-35941.4	52.0654f	8.18536	4	1	1	0.0792079	0.178218	0.0594059	9.90099e-09	0	0	0	0	0.790909	0.959108	0.185874	0.460784	0.894052	0.009901	0.0693069	9.90099e-09	1	0.100372	0.339844	0.666667	0.666667	0.666667	1	1	16834.1	1e+20	6.28224e+11	18.3509	41.8068	30.014	19.7952	52.0654	8.18536	
173000	-118726	-1340.14	-71845.4	-15681.1	0.150944	1	0.146333	13.6675	2.21676	0.0419621	16.8108	0.490636	5424	99	490	-35941.4	34.3214f	0.128788	4	1	1	0.0792079	0.247525	0.0594059	9.90099e-09	0	0	0	0	0.845455	0.9631	0.204044	0.514851	0.892791	0.009901	0.0693069	9.90099e-09	1	0.0774908	0.377953	0.666667	0.666667	0.666667	1	1	16834.1	1e+20	6.28224e+11	18.3509	41.8068	48.9093	1.79548	34.3214	0.128788	
174000	-119345	-1340.14	-72464.5	-15752.9	0.150944	1	0.138069	14.4855	2.34735	0.0119724	17.3027	0.491074	5462	99	507	-35941.4	67.5653f	54.283	4	1	1	0.0792079	0.247525	0.0594059	9.90099e-09	0	0	0	0	0.818182	0.969147	0.198182	0.480769	0.890311	0.009901	0.0693069	9.90099e-09	1	0.0987203	0.348454	0.666667	0.666667	0.666667	1	1	16834.1	1e+20	6.28224e+11	18.3509	41.8068	69.8478	47.7398	67.5653	54.283	
175000	-119314	-1340.14	-72433.4	-15732.1	0.15094	1	0.146291	13.6714	2.48707	0.0144059	17.3027	0.437437	5451	99	514	-35941.4	70.4954f	57.8522	4	1	1	0.0792079	0.247525	0.0594059	9.90099e-09	0	0	0	0	0.772727	0.959781	0.242202	0.490385	0.880295	0.009901	0.0693069	9.90099e-09	1	0.102752	0.33463	0.666667	0.666667	0.666667	1	1	16834.1	1e+20	6.28224e+11	18.3509	41.8068	69.8478	47.7398	70.4954	57.8522	
176000	-119794	-1340.14	-72913.4	-15794.5	0.15094	1	0.126828	15.7694	2.35147	0.028462	17.6819	0.533661	5484	99	519	-35941.4	81.1985f	27.2692	4	1	1	0.0792079	0.247525	0.0594059	9.90099e-09	0	0	0	0	0.818182	0.956443	0.210909	0.533981	0.894737	0.009901	0.0693069	9.90099e-09	1	0.0980036	0.34714	0.666667	0.666667	0.666667	1	1	16834.1	1e+20	6.28224e+11	77.103	49.0297	69.8478	47.7398	81.1985	27.2692	
177000	-121629	-1340.14	-74748.7	-16033.5	0.157068	1	0.13181	15.1734	2.86097	0.0262562	18.2103	0.422046	5612	99	555	-35941.4	81.7435f	32.3102	4	1	1	0.029703	0.247525	0.039604	9.90099e-09	0	0	0	0	0.836364	0.964539	0.220641	0.491071	0.886121	0.009901	0.0693069	9.90099e-09	1	0.104982	0.36036	0.666667	0.666667	0.666667	1	1	16834.1	1e+20	6.28224e+11	18.3509	41.8068	69.8478	47.7398	81.7435	32.3102	